Vertices: 7100
Edges: 49700
Time: 2,379 ms
Iterations: 49636
Vertex Distance
0 0
1 124
2 111
3 134
4 142
5 99
6 74
7 79
8 173
9 147
10 108
11 84
12 102
13 119
14 122
15 111
16 123
17 179
18 121
19 108
20 121
21 107
22 131
23 108
24 129
25 20
26 132
27 126
28 131
29 104
30 99
31 88
32 145
33 107
34 139
35 136
36 109
37 120
38 133
39 144
40 104
41 109
42 91
43 140
44 107
45 106
46 133
47 139
48 140
49 128
50 126
51 118
52 118
53 121
54 153
55 138
56 123
57 71
58 98
59 128
60 168
61 123
62 90
63 98
64 127
65 114
66 112
67 86
68 92
69 138
70 83
71 108
72 130
73 114
74 129
75 56
76 76
77 135
78 132
79 168
80 108
81 116
82 116
83 106
84 107
85 89
86 90
87 137
88 118
89 130
90 137
91 113
92 124
93 117
94 127
95 127
96 136
97 127
98 133
99 115
100 154
101 99
102 104
103 108
104 108
105 74
106 109
107 75
108 82
109 118
110 119
111 91
112 126
113 111
114 109
115 111
116 111
117 110
118 110
119 127
120 117
121 78
122 101
123 88
124 129
125 134
126 107
127 54
128 141
129 76
130 100
131 93
132 114
133 131
134 108
135 106
136 129
137 111
138 0
139 125
140 102
141 103
142 116
143 94
144 137
145 99
146 126
147 144
148 106
149 167
150 146
151 135
152 122
153 191
154 166
155 119
156 183
157 89
158 103
159 103
160 109
161 109
162 133
163 115
164 102
165 108
166 90
167 131
168 139
169 134
170 110
171 102
172 107
173 111
174 110
175 113
176 150
177 109
178 101
179 121
180 145
181 109
182 109
183 113
184 159
185 142
186 164
187 129
188 122
189 104
190 96
191 137
192 103
193 124
194 92
195 141
196 118
197 123
198 181
199 67
200 81
201 144
202 144
203 130
204 114
205 151
206 92
207 122
208 89
209 124
210 133
211 126
212 136
213 140
214 126
215 118
216 96
217 127
218 126
219 55
220 100
221 120
222 168
223 111
224 116
225 85
226 86
227 84
228 134
229 135
230 124
231 86
232 101
233 68
234 93
235 170
236 112
237 123
238 101
239 111
240 133
241 127
242 103
243 114
244 116
245 89
246 112
247 104
248 103
249 92
250 122
251 131
252 74
253 92
254 86
255 133
256 23
257 128
258 84
259 112
260 13
261 143
262 122
263 127
264 156
265 111
266 157
267 127
268 139
269 108
270 139
271 115
272 114
273 87
274 101
275 39
276 78
277 150
278 60
279 124
280 92
281 84
282 99
283 117
284 123
285 113
286 59
287 125
288 126
289 151
290 132
291 97
292 164
293 130
294 87
295 138
296 151
297 124
298 104
299 95
300 112
301 119
302 123
303 133
304 93
305 95
306 96
307 146
308 123
309 104
310 147
311 131
312 117
313 104
314 132
315 118
316 118
317 64
318 119
319 147
320 163
321 152
322 120
323 122
324 124
325 137
326 122
327 108
328 112
329 70
330 208
331 146
332 128
333 95
334 87
335 134
336 73
337 103
338 99
339 93
340 59
341 110
342 86
343 80
344 143
345 83
346 71
347 124
348 132
349 148
350 104
351 122
352 128
353 95
354 147
355 109
356 162
357 137
358 132
359 99
360 120
361 170
362 108
363 45
364 77
365 105
366 164
367 99
368 116
369 140
370 104
371 138
372 132
373 116
374 126
375 179
376 117
377 96
378 118
379 168
380 142
381 142
382 156
383 98
384 76
385 118
386 116
387 98
388 109
389 134
390 124
391 87
392 115
393 78
394 71
395 106
396 111
397 24
398 106
399 105
400 51
401 89
402 142
403 112
404 87
405 74
406 100
407 110
408 128
409 101
410 103
411 119
412 108
413 103
414 117
415 117
416 98
417 104
418 142
419 120
420 190
421 130
422 143
423 142
424 104
425 107
426 116
427 112
428 86
429 89
430 135
431 166
432 86
433 94
434 102
435 128
436 109
437 99
438 98
439 88
440 138
441 116
442 121
443 119
444 152
445 100
446 169
447 112
448 112
449 99
450 97
451 118
452 112
453 118
454 141
455 146
456 134
457 103
458 65
459 134
460 153
461 115
462 109
463 86
464 118
465 146
466 134
467 86
468 96
469 142
470 68
471 118
472 120
473 119
474 109
475 138
476 75
477 104
478 138
479 129
480 124
481 77
482 139
483 102
484 139
485 87
486 120
487 113
488 114
489 96
490 106
491 131
492 91
493 52
494 143
495 92
496 156
497 111
498 129
499 118
500 103
501 107
502 110
503 89
504 109
505 151
506 103
507 117
508 130
509 60
510 56
511 154
512 80
513 204
514 121
515 102
516 82
517 112
518 96
519 89
520 127
521 144
522 100
523 158
524 123
525 135
526 134
527 129
528 113
529 133
530 95
531 130
532 116
533 55
534 118
535 93
536 111
537 103
538 104
539 137
540 140
541 161
542 91
543 153
544 87
545 120
546 148
547 105
548 111
549 136
550 90
551 90
552 89
553 156
554 79
555 111
556 129
557 96
558 84
559 105
560 67
561 89
562 117
563 92
564 141
565 123
566 154
567 122
568 123
569 174
570 102
571 207
572 109
573 124
574 63
575 101
576 126
577 113
578 155
579 90
580 99
581 102
582 138
583 59
584 79
585 101
586 82
587 154
588 107
589 104
590 117
591 122
592 104
593 131
594 85
595 110
596 97
597 118
598 99
599 99
600 151
601 90
602 125
603 55
604 158
605 138
606 80
607 128
608 113
609 114
610 135
611 114
612 129
613 141
614 114
615 131
616 105
617 147
618 140
619 118
620 73
621 80
622 97
623 121
624 83
625 142
626 157
627 105
628 146
629 83
630 95
631 81
632 138
633 104
634 93
635 103
636 145
637 115
638 128
639 110
640 132
641 33
642 48
643 114
644 88
645 181
646 114
647 127
648 99
649 109
650 101
651 97
652 159
653 110
654 130
655 117
656 129
657 109
658 107
659 121
660 129
661 133
662 150
663 131
664 162
665 169
666 151
667 136
668 146
669 147
670 49
671 110
672 116
673 60
674 143
675 116
676 125
677 89
678 121
679 124
680 114
681 83
682 110
683 139
684 111
685 199
686 125
687 106
688 135
689 88
690 129
691 100
692 86
693 129
694 87
695 117
696 90
697 111
698 114
699 104
700 68
701 92
702 118
703 138
704 81
705 106
706 115
707 89
708 142
709 136
710 133
711 117
712 106
713 108
714 114
715 129
716 163
717 128
718 138
719 136
720 134
721 131
722 112
723 115
724 115
725 104
726 102
727 108
728 167
729 125
730 114
731 114
732 88
733 86
734 118
735 102
736 12
737 113
738 88
739 121
740 74
741 100
742 61
743 133
744 156
745 103
746 124
747 144
748 79
749 150
750 79
751 98
752 130
753 140
754 160
755 148
756 113
757 98
758 156
759 150
760 126
761 130
762 126
763 100
764 116
765 102
766 116
767 86
768 136
769 129
770 132
771 58
772 138
773 64
774 95
775 219
776 51
777 110
778 109
779 100
780 158
781 141
782 91
783 126
784 116
785 118
786 114
787 94
788 140
789 159
790 96
791 119
792 110
793 102
794 108
795 100
796 124
797 37
798 123
799 146
800 118
801 108
802 101
803 127
804 150
805 99
806 105
807 132
808 155
809 176
810 117
811 136
812 136
813 107
814 95
815 129
816 113
817 184
818 92
819 98
820 90
821 138
822 117
823 126
824 123
825 55
826 91
827 114
828 102
829 95
830 102
831 85
832 157
833 141
834 133
835 106
836 119
837 67
838 130
839 110
840 143
841 125
842 57
843 130
844 105
845 114
846 121
847 113
848 129
849 128
850 103
851 111
852 60
853 88
854 77
855 107
856 110
857 97
858 151
859 129
860 171
861 86
862 139
863 116
864 135
865 84
866 158
867 117
868 83
869 82
870 154
871 73
872 137
873 64
874 115
875 120
876 115
877 93
878 112
879 93
880 124
881 119
882 112
883 156
884 114
885 97
886 95
887 139
888 132
889 115
890 95
891 130
892 117
893 145
894 115
895 122
896 70
897 99
898 98
899 94
900 46
901 144
902 100
903 102
904 110
905 154
906 158
907 133
908 126
909 79
910 104
911 74
912 84
913 139
914 123
915 131
916 137
917 136
918 122
919 92
920 109
921 141
922 123
923 133
924 167
925 138
926 132
927 96
928 107
929 106
930 126
931 193
932 105
933 179
934 123
935 115
936 159
937 140
938 117
939 98
940 113
941 128
942 99
943 126
944 155
945 124
946 40
947 125
948 151
949 126
950 127
951 136
952 100
953 95
954 85
955 91
956 143
957 122
958 127
959 136
960 61
961 112
962 141
963 142
964 76
965 117
966 108
967 128
968 121
969 73
970 100
971 111
972 109
973 120
974 131
975 112
976 114
977 127
978 92
979 85
980 130
981 99
982 155
983 127
984 144
985 98
986 107
987 68
988 109
989 104
990 113
991 167
992 114
993 140
994 143
995 69
996 60
997 102
998 71
999 99
1000 114
1001 120
1002 95
1003 122
1004 106
1005 87
1006 89
1007 134
1008 112
1009 86
1010 150
1011 115
1012 157
1013 62
1014 72
1015 117
1016 112
1017 121
1018 94
1019 112
1020 154
1021 110
1022 163
1023 127
1024 118
1025 118
1026 76
1027 94
1028 141
1029 95
1030 92
1031 94
1032 98
1033 100
1034 127
1035 112
1036 141
1037 151
1038 99
1039 112
1040 131
1041 60
1042 111
1043 103
1044 153
1045 139
1046 179
1047 138
1048 78
1049 80
1050 130
1051 113
1052 118
1053 99
1054 154
1055 0
1056 122
1057 107
1058 68
1059 122
1060 97
1061 133
1062 92
1063 93
1064 144
1065 129
1066 133
1067 191
1068 157
1069 169
1070 98
1071 107
1072 79
1073 111
1074 129
1075 89
1076 125
1077 20
1078 97
1079 104
1080 98
1081 84
1082 102
1083 95
1084 121
1085 135
1086 172
1087 201
1088 103
1089 94
1090 112
1091 95
1092 75
1093 156
1094 131
1095 112
1096 45
1097 155
1098 78
1099 124
1100 89
1101 132
1102 116
1103 54
1104 118
1105 65
1106 134
1107 145
1108 88
1109 123
1110 95
1111 88
1112 130
1113 157
1114 117
1115 124
1116 145
1117 128
1118 71
1119 71
1120 125
1121 127
1122 128
1123 129
1124 70
1125 124
1126 105
1127 138
1128 120
1129 82
1130 164
1131 106
1132 70
1133 140
1134 147
1135 120
1136 150
1137 141
1138 116
1139 132
1140 133
1141 122
1142 140
1143 124
1144 120
1145 77
1146 149
1147 89
1148 101
1149 74
1150 139
1151 137
1152 142
1153 138
1154 104
1155 106
1156 22
1157 108
1158 128
1159 76
1160 124
1161 79
1162 100
1163 107
1164 112
1165 71
1166 175
1167 123
1168 138
1169 110
1170 101
1171 94
1172 128
1173 100
1174 109
1175 145
1176 128
1177 138
1178 111
1179 139
1180 115
1181 118
1182 94
1183 134
1184 167
1185 116
1186 128
1187 55
1188 123
1189 135
1190 127
1191 60
1192 128
1193 102
1194 105
1195 118
1196 128
1197 126
1198 118
1199 46
1200 137
1201 132
1202 56
1203 140
1204 137
1205 86
1206 61
1207 168
1208 105
1209 114
1210 113
1211 121
1212 130
1213 148
1214 112
1215 140
1216 122
1217 138
1218 133
1219 120
1220 122
1221 107
1222 75
1223 107
1224 102
1225 91
1226 127
1227 143
1228 170
1229 118
1230 131
1231 121
1232 140
1233 103
1234 113
1235 175
1236 128
1237 98
1238 120
1239 120
1240 130
1241 129
1242 112
1243 87
1244 119
1245 131
1246 101
1247 134
1248 91
1249 133
1250 99
1251 88
1252 83
1253 123
1254 128
1255 147
1256 99
1257 134
1258 141
1259 93
1260 121
1261 103
1262 121
1263 115
1264 101
1265 129
1266 137
1267 116
1268 91
1269 140
1270 133
1271 135
1272 139
1273 121
1274 119
1275 118
1276 108
1277 98
1278 104
1279 135
1280 71
1281 105
1282 149
1283 112
1284 121
1285 83
1286 96
1287 116
1288 126
1289 107
1290 122
1291 91
1292 156
1293 60
1294 135
1295 80
1296 147
1297 140
1298 111
1299 102
1300 100
1301 72
1302 84
1303 129
1304 144
1305 130
1306 83
1307 132
1308 207
1309 41
1310 134
1311 122
1312 95
1313 144
1314 115
1315 119
1316 144
1317 116
1318 85
1319 85
1320 108
1321 106
1322 121
1323 109
1324 145
1325 174
1326 140
1327 130
1328 123
1329 93
1330 164
1331 124
1332 84
1333 126
1334 159
1335 112
1336 148
1337 126
1338 51
1339 110
1340 126
1341 117
1342 103
1343 139
1344 106
1345 124
1346 89
1347 179
1348 112
1349 119
1350 160
1351 134
1352 122
1353 117
1354 78
1355 94
1356 143
1357 67
1358 122
1359 94
1360 111
1361 115
1362 84
1363 125
1364 114
1365 116
1366 53
1367 91
1368 109
1369 152
1370 116
1371 107
1372 96
1373 138
1374 77
1375 144
1376 138
1377 32
1378 133
1379 176
1380 56
1381 133
1382 121
1383 159
1384 58
1385 159
1386 124
1387 133
1388 127
1389 104
1390 177
1391 133
1392 127
1393 117
1394 124
1395 81
1396 118
1397 74
1398 132
1399 104
1400 140
1401 145
1402 125
1403 133
1404 109
1405 138
1406 111
1407 127
1408 111
1409 123
1410 126
1411 117
1412 157
1413 135
1414 136
1415 124
1416 173
1417 159
1418 101
1419 103
1420 123
1421 146
1422 114
1423 113
1424 105
1425 130
1426 130
1427 128
1428 95
1429 104
1430 90
1431 116
1432 80
1433 93
1434 130
1435 137
1436 91
1437 130
1438 154
1439 118
1440 131
1441 103
1442 116
1443 86
1444 148
1445 156
1446 151
1447 84
1448 107
1449 191
1450 122
1451 52
1452 137
1453 101
1454 91
1455 18
1456 96
1457 105
1458 154
1459 135
1460 127
1461 111
1462 143
1463 102
1464 127
1465 70
1466 105
1467 109
1468 172
1469 142
1470 100
1471 133
1472 119
1473 130
1474 100
1475 109
1476 90
1477 112
1478 67
1479 96
1480 100
1481 96
1482 147
1483 134
1484 112
1485 152
1486 127
1487 132
1488 136
1489 91
1490 121
1491 105
1492 104
1493 115
1494 140
1495 131
1496 128
1497 99
1498 98
1499 140
1500 132
1501 76
1502 96
1503 149
1504 77
1505 128
1506 96
1507 108
1508 87
1509 117
1510 114
1511 111
1512 102
1513 154
1514 125
1515 105
1516 135
1517 114
1518 136
1519 119
1520 92
1521 130
1522 152
1523 119
1524 93
1525 99
1526 91
1527 133
1528 85
1529 104
1530 131
1531 97
1532 128
1533 42
1534 86
1535 125
1536 106
1537 120
1538 123
1539 133
1540 160
1541 109
1542 71
1543 129
1544 131
1545 81
1546 124
1547 124
1548 111
1549 159
1550 95
1551 110
1552 111
1553 96
1554 103
1555 99
1556 100
1557 101
1558 93
1559 98
1560 127
1561 127
1562 86
1563 121
1564 97
1565 84
1566 88
1567 119
1568 157
1569 95
1570 126
1571 130
1572 79
1573 136
1574 106
1575 122
1576 114
1577 107
1578 84
1579 125
1580 147
1581 121
1582 120
1583 107
1584 167
1585 108
1586 127
1587 106
1588 117
1589 140
1590 129
1591 99
1592 98
1593 116
1594 100
1595 91
1596 126
1597 127
1598 95
1599 127
1600 115
1601 112
1602 119
1603 123
1604 67
1605 108
1606 75
1607 133
1608 82
1609 136
1610 146
1611 111
1612 94
1613 110
1614 124
1615 97
1616 114
1617 114
1618 59
1619 101
1620 152
1621 142
1622 78
1623 133
1624 137
1625 113
1626 101
1627 155
1628 117
1629 84
1630 136
1631 164
1632 92
1633 57
1634 118
1635 141
1636 111
1637 89
1638 107
1639 160
1640 139
1641 132
1642 95
1643 100
1644 163
1645 115
1646 133
1647 63
1648 61
1649 122
1650 108
1651 137
1652 95
1653 104
1654 141
1655 148
1656 121
1657 134
1658 112
1659 162
1660 163
1661 131
1662 99
1663 173
1664 131
1665 115
1666 110
1667 126
1668 139
1669 98
1670 97
1671 180
1672 43
1673 120
1674 102
1675 144
1676 127
1677 109
1678 130
1679 126
1680 117
1681 84
1682 100
1683 100
1684 125
1685 110
1686 130
1687 106
1688 138
1689 114
1690 89
1691 87
1692 62
1693 112
1694 80
1695 75
1696 111
1697 105
1698 176
1699 154
1700 121
1701 125
1702 179
1703 129
1704 116
1705 105
1706 135
1707 118
1708 151
1709 114
1710 103
1711 126
1712 105
1713 116
1714 98
1715 135
1716 98
1717 144
1718 136
1719 111
1720 83
1721 128
1722 137
1723 94
1724 97
1725 116
1726 86
1727 108
1728 90
1729 125
1730 75
1731 120
1732 47
1733 131
1734 130
1735 100
1736 137
1737 105
1738 118
1739 111
1740 101
1741 122
1742 169
1743 127
1744 103
1745 108
1746 127
1747 100
1748 141
1749 64
1750 106
1751 83
1752 87
1753 92
1754 129
1755 97
1756 112
1757 124
1758 146
1759 119
1760 94
1761 117
1762 121
1763 169
1764 128
1765 146
1766 176
1767 185
1768 98
1769 121
1770 104
1771 103
1772 150
1773 116
1774 130
1775 101
1776 119
1777 132
1778 116
1779 117
1780 91
1781 145
1782 93
1783 150
1784 104
1785 71
1786 135
1787 108
1788 119
1789 141
1790 105
1791 178
1792 93
1793 95
1794 93
1795 104
1796 113
1797 73
1798 84
1799 89
1800 97
1801 112
1802 121
1803 133
1804 120
1805 133
1806 93
1807 121
1808 92
1809 130
1810 156
1811 120
1812 84
1813 151
1814 117
1815 87
1816 131
1817 111
1818 86
1819 138
1820 100
1821 65
1822 121
1823 100
1824 102
1825 115
1826 126
1827 120
1828 134
1829 100
1830 122
1831 120
1832 124
1833 136
1834 114
1835 112
1836 146
1837 114
1838 156
1839 89
1840 113
1841 127
1842 126
1843 155
1844 171
1845 130
1846 102
1847 74
1848 61
1849 137
1850 106
1851 142
1852 114
1853 98
1854 59
1855 93
1856 106
1857 155
1858 112
1859 102
1860 141
1861 80
1862 167
1863 120
1864 102
1865 147
1866 153
1867 79
1868 104
1869 140
1870 136
1871 146
1872 98
1873 84
1874 106
1875 64
1876 100
1877 142
1878 82
1879 127
1880 67
1881 130
1882 145
1883 115
1884 99
1885 145
1886 208
1887 125
1888 101
1889 142
1890 125
1891 168
1892 134
1893 119
1894 100
1895 138
1896 103
1897 123
1898 122
1899 94
1900 116
1901 99
1902 0
1903 123
1904 92
1905 148
1906 175
1907 79
1908 101
1909 99
1910 94
1911 135
1912 139
1913 130
1914 110
1915 112
1916 83
1917 100
1918 109
1919 56
1920 107
1921 130
1922 39
1923 109
1924 95
1925 133
1926 104
1927 104
1928 121
1929 133
1930 105
1931 88
1932 119
1933 118
1934 143
1935 138
1936 152
1937 91
1938 119
1939 104
1940 108
1941 113
1942 65
1943 100
1944 87
1945 81
1946 76
1947 125
1948 97
1949 112
1950 151
1951 121
1952 116
1953 54
1954 105
1955 126
1956 82
1957 129
1958 91
1959 137
1960 124
1961 74
1962 64
1963 98
1964 108
1965 77
1966 110
1967 196
1968 101
1969 132
1970 129
1971 154
1972 151
1973 95
1974 147
1975 86
1976 117
1977 100
1978 159
1979 113
1980 80
1981 135
1982 154
1983 107
1984 111
1985 150
1986 155
1987 79
1988 97
1989 105
1990 122
1991 89
1992 117
1993 87
1994 110
1995 100
1996 82
1997 118
1998 116
1999 118
2000 110
2001 113
2002 110
2003 116
2004 109
2005 139
2006 113
2007 105
2008 132
2009 94
2010 109
2011 134
2012 115
2013 107
2014 111
2015 166
2016 127
2017 122
2018 174
2019 121
2020 112
2021 167
2022 99
2023 122
2024 111
2025 74
2026 155
2027 101
2028 128
2029 154
2030 115
2031 108
2032 114
2033 111
2034 73
2035 134
2036 90
2037 114
2038 66
2039 68
2040 153
2041 113
2042 121
2043 86
2044 154
2045 124
2046 139
2047 102
2048 159
2049 116
2050 118
2051 103
2052 100
2053 109
2054 97
2055 166
2056 162
2057 98
2058 108
2059 75
2060 73
2061 69
2062 64
2063 40
2064 146
2065 140
2066 90
2067 84
2068 117
2069 95
2070 125
2071 111
2072 81
2073 66
2074 166
2075 101
2076 136
2077 146
2078 126
2079 139
2080 118
2081 110
2082 95
2083 125
2084 106
2085 101
2086 107
2087 128
2088 83
2089 106
2090 90
2091 95
2092 104
2093 74
2094 118
2095 119
2096 113
2097 76
2098 85
2099 146
2100 144
2101 149
2102 85
2103 82
2104 112
2105 133
2106 78
2107 88
2108 162
2109 129
2110 101
2111 106
2112 122
2113 86
2114 95
2115 141
2116 164
2117 74
2118 78
2119 116
2120 93
2121 83
2122 103
2123 89
2124 72
2125 122
2126 147
2127 65
2128 131
2129 137
2130 181
2131 73
2132 136
2133 120
2134 115
2135 131
2136 134
2137 106
2138 117
2139 122
2140 131
2141 86
2142 108
2143 94
2144 145
2145 128
2146 141
2147 84
2148 110
2149 121
2150 144
2151 98
2152 125
2153 170
2154 108
2155 128
2156 133
2157 154
2158 134
2159 142
2160 113
2161 95
2162 123
2163 107
2164 141
2165 103
2166 123
2167 104
2168 113
2169 96
2170 113
2171 105
2172 107
2173 103
2174 98
2175 101
2176 131
2177 132
2178 87
2179 130
2180 124
2181 131
2182 121
2183 113
2184 134
2185 154
2186 65
2187 117
2188 118
2189 77
2190 158
2191 119
2192 145
2193 72
2194 81
2195 88
2196 123
2197 134
2198 111
2199 84
2200 87
2201 152
2202 116
2203 87
2204 44
2205 98
2206 88
2207 108
2208 127
2209 99
2210 111
2211 125
2212 117
2213 129
2214 119
2215 91
2216 146
2217 96
2218 154
2219 111
2220 103
2221 127
2222 98
2223 116
2224 80
2225 103
2226 115
2227 149
2228 135
2229 137
2230 94
2231 78
2232 83
2233 82
2234 134
2235 145
2236 150
2237 120
2238 130
2239 104
2240 75
2241 128
2242 124
2243 132
2244 100
2245 147
2246 71
2247 130
2248 126
2249 182
2250 92
2251 159
2252 140
2253 122
2254 127
2255 119
2256 96
2257 106
2258 109
2259 111
2260 89
2261 99
2262 94
2263 129
2264 114
2265 73
2266 87
2267 114
2268 144
2269 124
2270 92
2271 127
2272 140
2273 55
2274 134
2275 154
2276 84
2277 84
2278 120
2279 110
2280 136
2281 106
2282 119
2283 114
2284 106
2285 106
2286 88
2287 116
2288 106
2289 137
2290 138
2291 87
2292 97
2293 108
2294 79
2295 110
2296 130
2297 90
2298 98
2299 120
2300 143
2301 145
2302 135
2303 134
2304 143
2305 105
2306 115
2307 104
2308 137
2309 74
2310 93
2311 103
2312 147
2313 101
2314 97
2315 104
2316 84
2317 111
2318 104
2319 101
2320 97
2321 118
2322 105
2323 86
2324 75
2325 119
2326 126
2327 162
2328 94
2329 101
2330 99
2331 125
2332 105
2333 99
2334 110
2335 216
2336 118
2337 134
2338 156
2339 113
2340 121
2341 104
2342 97
2343 123
2344 121
2345 88
2346 106
2347 98
2348 137
2349 128
2350 84
2351 102
2352 87
2353 136
2354 87
2355 133
2356 128
2357 123
2358 85
2359 72
2360 78
2361 107
2362 85
2363 163
2364 115
2365 102
2366 94
2367 109
2368 91
2369 121
2370 127
2371 131
2372 102
2373 120
2374 55
2375 107
2376 113
2377 98
2378 98
2379 130
2380 126
2381 108
2382 122
2383 66
2384 97
2385 70
2386 150
2387 121
2388 109
2389 150
2390 89
2391 146
2392 106
2393 81
2394 107
2395 103
2396 88
2397 82
2398 169
2399 104
2400 129
2401 100
2402 120
2403 106
2404 126
2405 140
2406 126
2407 121
2408 135
2409 45
2410 90
2411 79
2412 148
2413 114
2414 159
2415 119
2416 158
2417 144
2418 133
2419 117
2420 115
2421 119
2422 131
2423 98
2424 124
2425 93
2426 147
2427 99
2428 110
2429 139
2430 115
2431 138
2432 83
2433 122
2434 116
2435 139
2436 109
2437 141
2438 97
2439 107
2440 121
2441 114
2442 105
2443 133
2444 57
2445 104
2446 79
2447 115
2448 99
2449 92
2450 97
2451 106
2452 136
2453 112
2454 151
2455 121
2456 112
2457 131
2458 140
2459 159
2460 157
2461 113
2462 89
2463 128
2464 71
2465 82
2466 137
2467 93
2468 123
2469 90
2470 129
2471 101
2472 120
2473 85
2474 31
2475 107
2476 106
2477 110
2478 81
2479 99
2480 98
2481 167
2482 134
2483 150
2484 121
2485 152
2486 116
2487 129
2488 104
2489 137
2490 114
2491 123
2492 131
2493 96
2494 118
2495 53
2496 109
2497 142
2498 128
2499 137
2500 78
2501 125
2502 108
2503 112
2504 122
2505 65
2506 172
2507 115
2508 117
2509 70
2510 132
2511 103
2512 141
2513 111
2514 124
2515 92
2516 145
2517 109
2518 108
2519 99
2520 126
2521 104
2522 92
2523 183
2524 132
2525 97
2526 83
2527 55
2528 120
2529 172
2530 99
2531 108
2532 159
2533 117
2534 127
2535 161
2536 87
2537 84
2538 92
2539 119
2540 34
2541 128
2542 109
2543 112
2544 128
2545 91
2546 109
2547 105
2548 117
2549 106
2550 108
2551 143
2552 88
2553 114
2554 104
2555 141
2556 90
2557 114
2558 123
2559 88
2560 88
2561 116
2562 136
2563 71
2564 102
2565 128
2566 121
2567 101
2568 108
2569 136
2570 114
2571 112
2572 88
2573 106
2574 131
2575 110
2576 153
2577 133
2578 121
2579 125
2580 177
2581 98
2582 0
2583 122
2584 139
2585 153
2586 188
2587 108
2588 69
2589 101
2590 106
2591 102
2592 129
2593 120
2594 110
2595 124
2596 120
2597 102
2598 146
2599 90
2600 104
2601 173
2602 88
2603 71
2604 102
2605 113
2606 120
2607 120
2608 83
2609 83
2610 192
2611 132
2612 117
2613 151
2614 120
2615 162
2616 136
2617 112
2618 124
2619 83
2620 123
2621 147
2622 75
2623 136
2624 98
2625 124
2626 127
2627 122
2628 85
2629 145
2630 132
2631 73
2632 137
2633 93
2634 147
2635 115
2636 113
2637 116
2638 145
2639 104
2640 123
2641 118
2642 107
2643 95
2644 112
2645 140
2646 98
2647 129
2648 124
2649 77
2650 120
2651 95
2652 120
2653 92
2654 142
2655 126
2656 110
2657 118
2658 127
2659 121
2660 128
2661 141
2662 160
2663 124
2664 109
2665 105
2666 99
2667 105
2668 69
2669 51
2670 145
2671 133
2672 125
2673 22
2674 137
2675 96
2676 175
2677 83
2678 162
2679 149
2680 137
2681 127
2682 110
2683 106
2684 78
2685 115
2686 102
2687 117
2688 149
2689 147
2690 89
2691 88
2692 110
2693 84
2694 129
2695 142
2696 105
2697 127
2698 126
2699 118
2700 101
2701 113
2702 147
2703 105
2704 120
2705 0
2706 109
2707 161
2708 140
2709 160
2710 125
2711 93
2712 142
2713 69
2714 128
2715 107
2716 158
2717 125
2718 145
2719 146
2720 128
2721 136
2722 97
2723 112
2724 107
2725 177
2726 142
2727 86
2728 86
2729 123
2730 98
2731 112
2732 99
2733 147
2734 101
2735 168
2736 102
2737 69
2738 76
2739 115
2740 136
2741 111
2742 84
2743 115
2744 92
2745 61
2746 85
2747 60
2748 145
2749 143
2750 126
2751 95
2752 136
2753 105
2754 111
2755 132
2756 128
2757 114
2758 70
2759 0
2760 129
2761 112
2762 99
2763 113
2764 178
2765 130
2766 150
2767 125
2768 97
2769 73
2770 157
2771 138
2772 104
2773 111
2774 112
2775 82
2776 105
2777 126
2778 81
2779 123
2780 113
2781 146
2782 92
2783 120
2784 103
2785 90
2786 87
2787 113
2788 123
2789 121
2790 118
2791 116
2792 132
2793 101
2794 128
2795 86
2796 142
2797 122
2798 97
2799 108
2800 49
2801 92
2802 121
2803 168
2804 147
2805 104
2806 72
2807 70
2808 99
2809 98
2810 105
2811 120
2812 146
2813 109
2814 107
2815 95
2816 148
2817 50
2818 92
2819 100
2820 94
2821 77
2822 125
2823 121
2824 112
2825 132
2826 104
2827 110
2828 105
2829 113
2830 62
2831 127
2832 128
2833 129
2834 147
2835 111
2836 95
2837 118
2838 133
2839 109
2840 122
2841 116
2842 128
2843 135
2844 83
2845 121
2846 96
2847 117
2848 114
2849 109
2850 137
2851 111
2852 58
2853 85
2854 122
2855 100
2856 115
2857 114
2858 137
2859 138
2860 108
2861 129
2862 72
2863 121
2864 124
2865 98
2866 122
2867 88
2868 101
2869 80
2870 81
2871 117
2872 102
2873 121
2874 136
2875 107
2876 83
2877 99
2878 94
2879 109
2880 127
2881 128
2882 156
2883 107
2884 85
2885 57
2886 142
2887 106
2888 95
2889 171
2890 132
2891 147
2892 91
2893 108
2894 97
2895 128
2896 62
2897 129
2898 91
2899 76
2900 103
2901 141
2902 126
2903 169
2904 128
2905 96
2906 105
2907 99
2908 148
2909 194
2910 115
2911 104
2912 135
2913 163
2914 79
2915 175
2916 120
2917 123
2918 95
2919 109
2920 147
2921 144
2922 104
2923 135
2924 72
2925 103
2926 110
2927 121
2928 110
2929 150
2930 78
2931 111
2932 118
2933 68
2934 142
2935 106
2936 91
2937 131
2938 66
2939 129
2940 116
2941 114
2942 86
2943 136
2944 121
2945 148
2946 98
2947 103
2948 135
2949 180
2950 129
2951 80
2952 156
2953 124
2954 126
2955 137
2956 132
2957 118
2958 116
2959 133
2960 133
2961 125
2962 193
2963 129
2964 147
2965 122
2966 75
2967 120
2968 91
2969 110
2970 107
2971 132
2972 167
2973 148
2974 126
2975 131
2976 132
2977 137
2978 110
2979 97
2980 92
2981 115
2982 127
2983 118
2984 102
2985 145
2986 112
2987 114
2988 104
2989 116
2990 108
2991 102
2992 112
2993 98
2994 144
2995 89
2996 146
2997 87
2998 111
2999 115
3000 116
3001 125
3002 94
3003 121
3004 98
3005 76
3006 128
3007 127
3008 137
3009 87
3010 93
3011 103
3012 113
3013 116
3014 120
3015 118
3016 77
3017 99
3018 156
3019 129
3020 129
3021 135
3022 91
3023 145
3024 78
3025 116
3026 99
3027 107
3028 109
3029 72
3030 85
3031 136
3032 133
3033 105
3034 134
3035 121
3036 109
3037 138
3038 136
3039 108
3040 99
3041 131
3042 118
3043 110
3044 116
3045 99
3046 100
3047 107
3048 149
3049 131
3050 172
3051 147
3052 105
3053 138
3054 142
3055 140
3056 104
3057 120
3058 115
3059 93
3060 110
3061 94
3062 103
3063 119
3064 111
3065 112
3066 119
3067 93
3068 105
3069 142
3070 115
3071 146
3072 67
3073 135
3074 132
3075 128
3076 69
3077 132
3078 98
3079 105
3080 79
3081 126
3082 100
3083 125
3084 47
3085 107
3086 79
3087 86
3088 67
3089 119
3090 108
3091 119
3092 144
3093 73
3094 117
3095 90
3096 110
3097 113
3098 83
3099 21
3100 124
3101 120
3102 124
3103 116
3104 71
3105 118
3106 86
3107 126
3108 95
3109 83
3110 120
3111 95
3112 82
3113 155
3114 125
3115 112
3116 133
3117 69
3118 107
3119 69
3120 127
3121 110
3122 76
3123 163
3124 111
3125 89
3126 110
3127 47
3128 72
3129 96
3130 120
3131 107
3132 122
3133 99
3134 111
3135 153
3136 126
3137 123
3138 99
3139 118
3140 159
3141 72
3142 133
3143 131
3144 95
3145 123
3146 82
3147 128
3148 130
3149 129
3150 92
3151 83
3152 110
3153 132
3154 99
3155 133
3156 109
3157 144
3158 98
3159 46
3160 125
3161 130
3162 139
3163 119
3164 0
3165 116
3166 90
3167 115
3168 136
3169 131
3170 151
3171 140
3172 77
3173 116
3174 115
3175 99
3176 111
3177 161
3178 123
3179 139
3180 82
3181 26
3182 110
3183 108
3184 88
3185 112
3186 96
3187 170
3188 118
3189 136
3190 142
3191 128
3192 157
3193 92
3194 100
3195 106
3196 105
3197 177
3198 159
3199 107
3200 138
3201 94
3202 81
3203 101
3204 163
3205 99
3206 98
3207 99
3208 145
3209 79
3210 82
3211 80
3212 109
3213 96
3214 0
3215 100
3216 98
3217 95
3218 153
3219 123
3220 131
3221 124
3222 128
3223 123
3224 110
3225 109
3226 65
3227 148
3228 98
3229 119
3230 113
3231 105
3232 136
3233 136
3234 124
3235 78
3236 146
3237 123
3238 98
3239 131
3240 85
3241 119
3242 115
3243 131
3244 96
3245 63
3246 118
3247 80
3248 101
3249 130
3250 127
3251 143
3252 103
3253 151
3254 107
3255 115
3256 102
3257 83
3258 147
3259 154
3260 61
3261 163
3262 125
3263 101
3264 136
3265 173
3266 121
3267 115
3268 100
3269 117
3270 127
3271 92
3272 89
3273 96
3274 104
3275 49
3276 132
3277 118
3278 120
3279 134
3280 152
3281 136
3282 135
3283 104
3284 125
3285 139
3286 121
3287 65
3288 118
3289 103
3290 114
3291 112
3292 101
3293 106
3294 130
3295 148
3296 127
3297 118
3298 125
3299 92
3300 125
3301 119
3302 130
3303 139
3304 135
3305 92
3306 106
3307 141
3308 65
3309 93
3310 125
3311 154
3312 151
3313 139
3314 139
3315 104
3316 73
3317 81
3318 140
3319 102
3320 96
3321 111
3322 154
3323 117
3324 104
3325 119
3326 113
3327 92
3328 121
3329 88
3330 94
3331 168
3332 150
3333 121
3334 125
3335 26
3336 115
3337 114
3338 109
3339 104
3340 75
3341 152
3342 130
3343 165
3344 119
3345 86
3346 120
3347 119
3348 136
3349 117
3350 119
3351 111
3352 130
3353 174
3354 72
3355 130
3356 122
3357 83
3358 98
3359 107
3360 148
3361 129
3362 112
3363 127
3364 157
3365 156
3366 70
3367 143
3368 45
3369 99
3370 82
3371 90
3372 139
3373 107
3374 101
3375 140
3376 150
3377 107
3378 108
3379 92
3380 123
3381 34
3382 80
3383 86
3384 119
3385 83
3386 95
3387 97
3388 107
3389 102
3390 91
3391 93
3392 97
3393 137
3394 64
3395 106
3396 98
3397 116
3398 128
3399 87
3400 107
3401 61
3402 83
3403 128
3404 100
3405 123
3406 135
3407 119
3408 123
3409 100
3410 85
3411 123
3412 114
3413 118
3414 172
3415 58
3416 103
3417 185
3418 112
3419 120
3420 82
3421 111
3422 68
3423 106
3424 128
3425 142
3426 120
3427 136
3428 109
3429 118
3430 108
3431 98
3432 148
3433 121
3434 127
3435 132
3436 130
3437 140
3438 159
3439 128
3440 118
3441 110
3442 101
3443 133
3444 111
3445 126
3446 122
3447 138
3448 216
3449 110
3450 113
3451 95
3452 131
3453 94
3454 108
3455 70
3456 64
3457 109
3458 123
3459 60
3460 114
3461 121
3462 46
3463 110
3464 133
3465 140
3466 137
3467 139
3468 92
3469 101
3470 94
3471 56
3472 68
3473 139
3474 141
3475 133
3476 125
3477 127
3478 63
3479 151
3480 122
3481 130
3482 120
3483 126
3484 122
3485 108
3486 102
3487 92
3488 89
3489 118
3490 85
3491 112
3492 99
3493 145
3494 106
3495 82
3496 71
3497 128
3498 103
3499 153
3500 119
3501 116
3502 172
3503 93
3504 157
3505 111
3506 137
3507 124
3508 150
3509 115
3510 109
3511 124
3512 117
3513 92
3514 83
3515 69
3516 104
3517 117
3518 137
3519 126
3520 170
3521 151
3522 67
3523 128
3524 136
3525 112
3526 85
3527 109
3528 77
3529 104
3530 50
3531 87
3532 98
3533 83
3534 103
3535 95
3536 132
3537 60
3538 94
3539 52
3540 140
3541 89
3542 97
3543 112
3544 91
3545 72
3546 145
3547 105
3548 92
3549 127
3550 125
3551 161
3552 107
3553 114
3554 147
3555 135
3556 147
3557 124
3558 111
3559 121
3560 129
3561 125
3562 122
3563 100
3564 111
3565 144
3566 81
3567 148
3568 132
3569 151
3570 103
3571 122
3572 119
3573 69
3574 115
3575 181
3576 100
3577 132
3578 93
3579 106
3580 80
3581 80
3582 120
3583 109
3584 164
3585 145
3586 124
3587 101
3588 124
3589 104
3590 120
3591 92
3592 130
3593 104
3594 96
3595 109
3596 66
3597 88
3598 96
3599 127
3600 104
3601 98
3602 107
3603 96
3604 120
3605 134
3606 137
3607 108
3608 134
3609 88
3610 79
3611 145
3612 65
3613 130
3614 114
3615 152
3616 140
3617 103
3618 88
3619 68
3620 105
3621 108
3622 135
3623 95
3624 122
3625 132
3626 124
3627 113
3628 118
3629 140
3630 91
3631 115
3632 137
3633 128
3634 111
3635 148
3636 105
3637 98
3638 123
3639 138
3640 96
3641 119
3642 125
3643 128
3644 116
3645 112
3646 116
3647 128
3648 86
3649 99
3650 133
3651 163
3652 117
3653 42
3654 74
3655 153
3656 95
3657 129
3658 56
3659 95
3660 137
3661 144
3662 119
3663 145
3664 131
3665 95
3666 108
3667 96
3668 107
3669 155
3670 147
3671 115
3672 81
3673 114
3674 78
3675 128
3676 126
3677 95
3678 141
3679 155
3680 94
3681 59
3682 110
3683 120
3684 102
3685 90
3686 91
3687 149
3688 145
3689 126
3690 83
3691 82
3692 100
3693 121
3694 61
3695 125
3696 122
3697 147
3698 92
3699 159
3700 83
3701 125
3702 96
3703 81
3704 112
3705 131
3706 63
3707 116
3708 64
3709 111
3710 115
3711 144
3712 141
3713 73
3714 139
3715 66
3716 120
3717 147
3718 94
3719 107
3720 180
3721 120
3722 123
3723 149
3724 80
3725 100
3726 93
3727 116
3728 82
3729 99
3730 99
3731 105
3732 134
3733 119
3734 81
3735 102
3736 85
3737 71
3738 84
3739 115
3740 133
3741 75
3742 92
3743 109
3744 92
3745 71
3746 103
3747 129
3748 115
3749 76
3750 149
3751 143
3752 127
3753 82
3754 100
3755 71
3756 83
3757 99
3758 121
3759 106
3760 107
3761 98
3762 115
3763 85
3764 111
3765 133
3766 106
3767 119
3768 142
3769 113
3770 126
3771 79
3772 132
3773 75
3774 91
3775 151
3776 83
3777 119
3778 76
3779 103
3780 147
3781 116
3782 109
3783 126
3784 119
3785 63
3786 115
3787 120
3788 101
3789 112
3790 114
3791 155
3792 158
3793 110
3794 108
3795 128
3796 111
3797 133
3798 139
3799 109
3800 117
3801 127
3802 96
3803 139
3804 75
3805 48
3806 40
3807 133
3808 76
3809 94
3810 88
3811 123
3812 103
3813 102
3814 84
3815 81
3816 120
3817 97
3818 97
3819 103
3820 111
3821 122
3822 94
3823 131
3824 109
3825 132
3826 170
3827 83
3828 89
3829 170
3830 81
3831 145
3832 94
3833 147
3834 93
3835 109
3836 118
3837 134
3838 125
3839 143
3840 156
3841 97
3842 173
3843 133
3844 135
3845 74
3846 140
3847 94
3848 93
3849 105
3850 126
3851 117
3852 143
3853 123
3854 104
3855 121
3856 103
3857 139
3858 121
3859 119
3860 91
3861 126
3862 153
3863 94
3864 84
3865 90
3866 122
3867 99
3868 120
3869 109
3870 99
3871 93
3872 95
3873 122
3874 94
3875 158
3876 157
3877 132
3878 112
3879 108
3880 183
3881 112
3882 68
3883 101
3884 88
3885 100
3886 133
3887 105
3888 90
3889 110
3890 127
3891 122
3892 100
3893 69
3894 106
3895 108
3896 130
3897 93
3898 128
3899 112
3900 104
3901 103
3902 158
3903 137
3904 147
3905 132
3906 74
3907 84
3908 105
3909 94
3910 85
3911 140
3912 175
3913 140
3914 117
3915 91
3916 115
3917 97
3918 102
3919 113
3920 111
3921 109
3922 120
3923 146
3924 133
3925 88
3926 114
3927 111
3928 100
3929 80
3930 94
3931 93
3932 70
3933 134
3934 145
3935 93
3936 150
3937 104
3938 107
3939 153
3940 138
3941 120
3942 87
3943 174
3944 107
3945 118
3946 165
3947 104
3948 137
3949 122
3950 114
3951 84
3952 161
3953 111
3954 147
3955 107
3956 115
3957 19
3958 96
3959 109
3960 100
3961 78
3962 123
3963 144
3964 66
3965 100
3966 121
3967 112
3968 90
3969 167
3970 89
3971 117
3972 132
3973 108
3974 64
3975 107
3976 112
3977 114
3978 85
3979 163
3980 150
3981 116
3982 111
3983 149
3984 102
3985 117
3986 146
3987 105
3988 124
3989 110
3990 119
3991 109
3992 71
3993 95
3994 142
3995 128
3996 114
3997 120
3998 123
3999 108
4000 166
4001 112
4002 139
4003 124
4004 96
4005 105
4006 103
4007 101
4008 96
4009 110
4010 102
4011 113
4012 94
4013 151
4014 137
4015 133
4016 124
4017 124
4018 72
4019 104
4020 162
4021 121
4022 106
4023 135
4024 100
4025 129
4026 104
4027 105
4028 84
4029 117
4030 125
4031 174
4032 89
4033 120
4034 133
4035 130
4036 81
4037 115
4038 96
4039 128
4040 125
4041 102
4042 111
4043 81
4044 85
4045 102
4046 126
4047 84
4048 114
4049 190
4050 147
4051 100
4052 129
4053 137
4054 101
4055 113
4056 85
4057 109
4058 127
4059 78
4060 119
4061 114
4062 106
4063 65
4064 160
4065 121
4066 147
4067 116
4068 139
4069 157
4070 192
4071 93
4072 134
4073 146
4074 102
4075 142
4076 137
4077 96
4078 130
4079 134
4080 106
4081 139
4082 93
4083 135
4084 97
4085 93
4086 109
4087 127
4088 91
4089 103
4090 125
4091 132
4092 106
4093 151
4094 108
4095 61
4096 132
4097 118
4098 116
4099 86
4100 111
4101 114
4102 96
4103 116
4104 104
4105 130
4106 135
4107 108
4108 73
4109 115
4110 126
4111 82
4112 113
4113 130
4114 93
4115 121
4116 65
4117 101
4118 100
4119 109
4120 134
4121 125
4122 103
4123 142
4124 98
4125 96
4126 94
4127 141
4128 131
4129 124
4130 132
4131 100
4132 101
4133 119
4134 120
4135 109
4136 128
4137 126
4138 121
4139 115
4140 159
4141 66
4142 120
4143 45
4144 103
4145 152
4146 123
4147 117
4148 140
4149 131
4150 126
4151 100
4152 95
4153 108
4154 112
4155 65
4156 118
4157 85
4158 119
4159 103
4160 95
4161 97
4162 99
4163 129
4164 137
4165 99
4166 99
4167 111
4168 90
4169 100
4170 123
4171 107
4172 209
4173 128
4174 100
4175 140
4176 141
4177 101
4178 113
4179 126
4180 103
4181 117
4182 60
4183 106
4184 117
4185 109
4186 104
4187 81
4188 148
4189 65
4190 116
4191 82
4192 97
4193 84
4194 110
4195 67
4196 133
4197 135
4198 123
4199 112
4200 76
4201 167
4202 107
4203 168
4204 135
4205 107
4206 126
4207 123
4208 76
4209 137
4210 94
4211 115
4212 109
4213 139
4214 138
4215 98
4216 118
4217 140
4218 101
4219 127
4220 120
4221 110
4222 102
4223 148
4224 132
4225 105
4226 132
4227 84
4228 109
4229 101
4230 199
4231 160
4232 113
4233 137
4234 120
4235 111
4236 106
4237 99
4238 114
4239 133
4240 120
4241 105
4242 100
4243 119
4244 120
4245 100
4246 122
4247 101
4248 118
4249 141
4250 120
4251 90
4252 133
4253 115
4254 105
4255 109
4256 150
4257 97
4258 83
4259 131
4260 140
4261 107
4262 35
4263 126
4264 129
4265 89
4266 99
4267 90
4268 101
4269 103
4270 107
4271 123
4272 113
4273 122
4274 90
4275 107
4276 109
4277 133
4278 65
4279 140
4280 118
4281 72
4282 109
4283 146
4284 90
4285 115
4286 129
4287 40
4288 124
4289 140
4290 121
4291 100
4292 159
4293 62
4294 131
4295 107
4296 122
4297 125
4298 113
4299 144
4300 93
4301 133
4302 126
4303 130
4304 139
4305 120
4306 104
4307 73
4308 121
4309 89
4310 128
4311 106
4312 74
4313 98
4314 138
4315 179
4316 181
4317 79
4318 79
4319 138
4320 72
4321 131
4322 123
4323 130
4324 149
4325 195
4326 105
4327 119
4328 70
4329 131
4330 171
4331 152
4332 74
4333 144
4334 115
4335 205
4336 102
4337 109
4338 123
4339 129
4340 104
4341 116
4342 197
4343 126
4344 93
4345 128
4346 151
4347 139
4348 96
4349 97
4350 159
4351 117
4352 85
4353 135
4354 111
4355 129
4356 67
4357 122
4358 102
4359 94
4360 129
4361 114
4362 100
4363 94
4364 61
4365 142
4366 99
4367 138
4368 101
4369 138
4370 98
4371 115
4372 106
4373 116
4374 106
4375 129
4376 146
4377 136
4378 166
4379 125
4380 89
4381 111
4382 61
4383 67
4384 62
4385 113
4386 146
4387 91
4388 148
4389 98
4390 90
4391 100
4392 80
4393 124
4394 112
4395 117
4396 134
4397 135
4398 101
4399 81
4400 119
4401 124
4402 74
4403 88
4404 107
4405 91
4406 98
4407 92
4408 94
4409 131
4410 102
4411 80
4412 132
4413 100
4414 134
4415 76
4416 120
4417 103
4418 86
4419 118
4420 116
4421 117
4422 116
4423 133
4424 136
4425 63
4426 123
4427 115
4428 118
4429 105
4430 96
4431 119
4432 125
4433 86
4434 114
4435 111
4436 129
4437 148
4438 82
4439 104
4440 120
4441 135
4442 114
4443 119
4444 117
4445 146
4446 87
4447 105
4448 191
4449 138
4450 113
4451 118
4452 85
4453 121
4454 102
4455 63
4456 108
4457 163
4458 81
4459 133
4460 89
4461 134
4462 143
4463 133
4464 185
4465 106
4466 137
4467 141
4468 107
4469 153
4470 130
4471 100
4472 141
4473 96
4474 139
4475 114
4476 123
4477 126
4478 124
4479 66
4480 97
4481 133
4482 105
4483 44
4484 110
4485 111
4486 123
4487 126
4488 130
4489 101
4490 88
4491 86
4492 109
4493 105
4494 80
4495 151
4496 73
4497 130
4498 135
4499 115
4500 110
4501 98
4502 70
4503 104
4504 112
4505 127
4506 102
4507 120
4508 117
4509 72
4510 146
4511 115
4512 97
4513 116
4514 133
4515 113
4516 122
4517 107
4518 171
4519 110
4520 60
4521 140
4522 107
4523 113
4524 112
4525 137
4526 104
4527 119
4528 119
4529 116
4530 102
4531 104
4532 94
4533 135
4534 140
4535 127
4536 127
4537 14
4538 151
4539 121
4540 113
4541 126
4542 131
4543 103
4544 114
4545 87
4546 107
4547 92
4548 80
4549 137
4550 78
4551 82
4552 85
4553 63
4554 110
4555 112
4556 127
4557 60
4558 147
4559 107
4560 115
4561 185
4562 155
4563 100
4564 131
4565 136
4566 73
4567 111
4568 118
4569 98
4570 110
4571 93
4572 130
4573 79
4574 111
4575 101
4576 142
4577 108
4578 88
4579 152
4580 137
4581 143
4582 72
4583 143
4584 109
4585 134
4586 142
4587 96
4588 135
4589 97
4590 92
4591 183
4592 99
4593 117
4594 51
4595 99
4596 134
4597 79
4598 102
4599 102
4600 148
4601 130
4602 204
4603 103
4604 120
4605 136
4606 106
4607 79
4608 135
4609 128
4610 138
4611 126
4612 76
4613 135
4614 137
4615 77
4616 137
4617 118
4618 118
4619 97
4620 109
4621 118
4622 71
4623 113
4624 121
4625 112
4626 139
4627 139
4628 103
4629 83
4630 137
4631 140
4632 187
4633 122
4634 101
4635 139
4636 109
4637 138
4638 138
4639 128
4640 115
4641 127
4642 149
4643 44
4644 122
4645 59
4646 101
4647 120
4648 129
4649 90
4650 154
4651 97
4652 105
4653 123
4654 177
4655 135
4656 133
4657 127
4658 115
4659 79
4660 103
4661 102
4662 110
4663 116
4664 127
4665 70
4666 118
4667 101
4668 138
4669 100
4670 117
4671 114
4672 98
4673 116
4674 97
4675 111
4676 113
4677 117
4678 125
4679 123
4680 112
4681 125
4682 121
4683 229
4684 138
4685 123
4686 96
4687 115
4688 98
4689 92
4690 146
4691 84
4692 109
4693 117
4694 60
4695 125
4696 130
4697 109
4698 91
4699 56
4700 71
4701 71
4702 144
4703 94
4704 138
4705 84
4706 115
4707 144
4708 77
4709 121
4710 116
4711 109
4712 79
4713 83
4714 116
4715 125
4716 163
4717 149
4718 105
4719 145
4720 144
4721 129
4722 120
4723 90
4724 119
4725 87
4726 129
4727 115
4728 66
4729 152
4730 185
4731 113
4732 76
4733 116
4734 72
4735 108
4736 115
4737 90
4738 87
4739 111
4740 104
4741 145
4742 107
4743 123
4744 64
4745 120
4746 81
4747 123
4748 110
4749 117
4750 118
4751 107
4752 81
4753 100
4754 101
4755 114
4756 172
4757 147
4758 100
4759 96
4760 126
4761 131
4762 127
4763 115
4764 137
4765 84
4766 174
4767 121
4768 100
4769 126
4770 89
4771 193
4772 97
4773 137
4774 91
4775 74
4776 82
4777 119
4778 81
4779 161
4780 148
4781 98
4782 94
4783 136
4784 126
4785 102
4786 78
4787 86
4788 144
4789 119
4790 173
4791 106
4792 100
4793 79
4794 168
4795 110
4796 104
4797 147
4798 112
4799 143
4800 71
4801 114
4802 114
4803 138
4804 89
4805 135
4806 114
4807 138
4808 110
4809 70
4810 98
4811 95
4812 114
4813 120
4814 134
4815 108
4816 152
4817 194
4818 99
4819 105
4820 98
4821 127
4822 75
4823 113
4824 108
4825 118
4826 126
4827 91
4828 88
4829 135
4830 125
4831 118
4832 93
4833 92
4834 67
4835 116
4836 161
4837 131
4838 114
4839 98
4840 136
4841 95
4842 94
4843 129
4844 98
4845 126
4846 88
4847 118
4848 126
4849 154
4850 109
4851 110
4852 130
4853 125
4854 115
4855 119
4856 125
4857 80
4858 133
4859 105
4860 140
4861 97
4862 86
4863 211
4864 99
4865 131
4866 122
4867 97
4868 62
4869 130
4870 116
4871 94
4872 90
4873 115
4874 180
4875 111
4876 105
4877 108
4878 101
4879 126
4880 126
4881 96
4882 81
4883 148
4884 96
4885 117
4886 140
4887 89
4888 131
4889 143
4890 136
4891 149
4892 99
4893 77
4894 114
4895 121
4896 166
4897 99
4898 125
4899 144
4900 105
4901 131
4902 98
4903 139
4904 125
4905 105
4906 138
4907 136
4908 124
4909 96
4910 110
4911 144
4912 114
4913 87
4914 103
4915 103
4916 103
4917 285
4918 95
4919 130
4920 115
4921 147
4922 101
4923 100
4924 173
4925 137
4926 91
4927 44
4928 87
4929 79
4930 94
4931 97
4932 108
4933 101
4934 82
4935 119
4936 106
4937 134
4938 179
4939 131
4940 112
4941 93
4942 119
4943 110
4944 132
4945 117
4946 115
4947 124
4948 143
4949 104
4950 99
4951 91
4952 180
4953 110
4954 94
4955 75
4956 126
4957 155
4958 95
4959 90
4960 110
4961 119
4962 119
4963 84
4964 87
4965 130
4966 124
4967 146
4968 153
4969 106
4970 135
4971 140
4972 110
4973 62
4974 82
4975 86
4976 99
4977 98
4978 129
4979 151
4980 155
4981 88
4982 190
4983 103
4984 88
4985 129
4986 114
4987 174
4988 113
4989 122
4990 103
4991 125
4992 102
4993 84
4994 119
4995 118
4996 139
4997 103
4998 114
4999 166
5000 114
5001 113
5002 129
5003 110
5004 120
5005 116
5006 147
5007 90
5008 59
5009 149
5010 75
5011 124
5012 80
5013 140
5014 109
5015 136
5016 82
5017 123
5018 173
5019 127
5020 116
5021 108
5022 154
5023 166
5024 93
5025 132
5026 115
5027 127
5028 134
5029 99
5030 101
5031 89
5032 145
5033 92
5034 73
5035 143
5036 117
5037 98
5038 102
5039 126
5040 134
5041 146
5042 68
5043 103
5044 119
5045 106
5046 161
5047 100
5048 112
5049 104
5050 118
5051 44
5052 146
5053 123
5054 131
5055 116
5056 157
5057 93
5058 79
5059 98
5060 101
5061 90
5062 107
5063 83
5064 161
5065 127
5066 114
5067 153
5068 114
5069 177
5070 82
5071 108
5072 108
5073 95
5074 99
5075 92
5076 142
5077 104
5078 72
5079 144
5080 95
5081 143
5082 103
5083 118
5084 89
5085 63
5086 106
5087 88
5088 106
5089 119
5090 100
5091 143
5092 93
5093 111
5094 20
5095 142
5096 110
5097 190
5098 123
5099 124
5100 96
5101 108
5102 87
5103 91
5104 92
5105 92
5106 132
5107 123
5108 81
5109 125
5110 115
5111 81
5112 169
5113 123
5114 112
5115 138
5116 88
5117 92
5118 100
5119 131
5120 108
5121 129
5122 105
5123 185
5124 126
5125 145
5126 120
5127 113
5128 86
5129 170
5130 129
5131 80
5132 147
5133 122
5134 108
5135 51
5136 143
5137 139
5138 103
5139 104
5140 153
5141 72
5142 69
5143 154
5144 147
5145 155
5146 124
5147 133
5148 49
5149 118
5150 129
5151 92
5152 110
5153 107
5154 122
5155 106
5156 80
5157 152
5158 47
5159 113
5160 92
5161 92
5162 91
5163 124
5164 100
5165 123
5166 87
5167 113
5168 79
5169 59
5170 117
5171 98
5172 197
5173 151
5174 112
5175 113
5176 112
5177 136
5178 103
5179 101
5180 109
5181 151
5182 108
5183 97
5184 99
5185 116
5186 144
5187 159
5188 122
5189 109
5190 149
5191 95
5192 95
5193 85
5194 139
5195 147
5196 83
5197 93
5198 51
5199 104
5200 114
5201 115
5202 72
5203 132
5204 115
5205 149
5206 106
5207 99
5208 126
5209 113
5210 148
5211 93
5212 90
5213 132
5214 126
5215 119
5216 130
5217 124
5218 114
5219 86
5220 57
5221 77
5222 126
5223 171
5224 84
5225 111
5226 121
5227 147
5228 81
5229 140
5230 98
5231 103
5232 117
5233 103
5234 125
5235 103
5236 81
5237 105
5238 111
5239 102
5240 107
5241 127
5242 103
5243 112
5244 102
5245 118
5246 91
5247 134
5248 117
5249 107
5250 109
5251 103
5252 95
5253 114
5254 245
5255 156
5256 114
5257 154
5258 103
5259 136
5260 114
5261 110
5262 126
5263 121
5264 129
5265 132
5266 113
5267 142
5268 119
5269 96
5270 19
5271 139
5272 130
5273 130
5274 82
5275 135
5276 116
5277 83
5278 152
5279 57
5280 107
5281 114
5282 121
5283 113
5284 137
5285 96
5286 105
5287 120
5288 125
5289 111
5290 107
5291 125
5292 118
5293 72
5294 149
5295 110
5296 93
5297 137
5298 87
5299 101
5300 145
5301 114
5302 88
5303 154
5304 139
5305 118
5306 90
5307 114
5308 121
5309 103
5310 116
5311 109
5312 131
5313 106
5314 103
5315 118
5316 113
5317 91
5318 83
5319 114
5320 71
5321 145
5322 38
5323 111
5324 91
5325 140
5326 119
5327 123
5328 115
5329 60
5330 100
5331 103
5332 143
5333 188
5334 109
5335 134
5336 124
5337 111
5338 126
5339 154
5340 135
5341 114
5342 104
5343 124
5344 82
5345 130
5346 108
5347 118
5348 88
5349 102
5350 101
5351 71
5352 117
5353 142
5354 77
5355 157
5356 150
5357 163
5358 121
5359 77
5360 69
5361 84
5362 74
5363 108
5364 138
5365 118
5366 123
5367 140
5368 115
5369 133
5370 101
5371 126
5372 112
5373 118
5374 78
5375 183
5376 102
5377 90
5378 110
5379 129
5380 70
5381 121
5382 99
5383 111
5384 114
5385 82
5386 117
5387 104
5388 111
5389 107
5390 116
5391 91
5392 139
5393 129
5394 102
5395 116
5396 84
5397 118
5398 130
5399 191
5400 94
5401 150
5402 114
5403 100
5404 103
5405 91
5406 115
5407 129
5408 111
5409 76
5410 108
5411 108
5412 93
5413 113
5414 109
5415 55
5416 136
5417 142
5418 157
5419 88
5420 116
5421 115
5422 100
5423 123
5424 161
5425 180
5426 113
5427 90
5428 157
5429 58
5430 122
5431 140
5432 109
5433 131
5434 159
5435 120
5436 185
5437 70
5438 105
5439 122
5440 90
5441 133
5442 91
5443 149
5444 118
5445 127
5446 125
5447 92
5448 146
5449 107
5450 94
5451 104
5452 131
5453 39
5454 145
5455 86
5456 134
5457 114
5458 112
5459 110
5460 160
5461 139
5462 112
5463 149
5464 113
5465 100
5466 134
5467 100
5468 107
5469 122
5470 106
5471 106
5472 69
5473 110
5474 86
5475 126
5476 100
5477 129
5478 91
5479 81
5480 133
5481 123
5482 116
5483 116
5484 115
5485 120
5486 168
5487 132
5488 130
5489 149
5490 127
5491 111
5492 82
5493 118
5494 141
5495 151
5496 121
5497 152
5498 109
5499 129
5500 128
5501 138
5502 111
5503 158
5504 98
5505 135
5506 122
5507 134
5508 132
5509 139
5510 118
5511 104
5512 116
5513 127
5514 148
5515 119
5516 121
5517 113
5518 121
5519 90
5520 131
5521 122
5522 82
5523 75
5524 102
5525 115
5526 143
5527 105
5528 165
5529 148
5530 117
5531 127
5532 116
5533 129
5534 118
5535 124
5536 97
5537 130
5538 139
5539 112
5540 128
5541 118
5542 92
5543 124
5544 111
5545 123
5546 73
5547 144
5548 123
5549 107
5550 92
5551 130
5552 116
5553 95
5554 94
5555 120
5556 93
5557 152
5558 100
5559 117
5560 126
5561 38
5562 71
5563 145
5564 94
5565 79
5566 112
5567 101
5568 108
5569 115
5570 123
5571 183
5572 135
5573 111
5574 151
5575 130
5576 72
5577 152
5578 128
5579 98
5580 96
5581 143
5582 96
5583 137
5584 91
5585 126
5586 113
5587 145
5588 104
5589 142
5590 99
5591 185
5592 84
5593 139
5594 153
5595 81
5596 52
5597 116
5598 119
5599 121
5600 140
5601 145
5602 164
5603 137
5604 95
5605 116
5606 136
5607 103
5608 143
5609 143
5610 130
5611 124
5612 101
5613 139
5614 99
5615 115
5616 130
5617 147
5618 109
5619 132
5620 110
5621 155
5622 83
5623 98
5624 114
5625 96
5626 96
5627 211
5628 94
5629 99
5630 82
5631 128
5632 82
5633 149
5634 51
5635 111
5636 94
5637 113
5638 91
5639 90
5640 117
5641 117
5642 98
5643 88
5644 88
5645 98
5646 78
5647 86
5648 145
5649 117
5650 105
5651 123
5652 110
5653 132
5654 130
5655 100
5656 78
5657 130
5658 118
5659 125
5660 81
5661 203
5662 104
5663 106
5664 123
5665 107
5666 139
5667 35
5668 126
5669 102
5670 114
5671 137
5672 115
5673 118
5674 101
5675 117
5676 84
5677 132
5678 124
5679 115
5680 161
5681 91
5682 74
5683 161
5684 8
5685 107
5686 88
5687 94
5688 135
5689 132
5690 125
5691 76
5692 112
5693 109
5694 82
5695 157
5696 119
5697 136
5698 120
5699 151
5700 108
5701 141
5702 71
5703 169
5704 119
5705 107
5706 77
5707 85
5708 134
5709 122
5710 134
5711 131
5712 112
5713 127
5714 125
5715 61
5716 98
5717 122
5718 127
5719 94
5720 114
5721 124
5722 90
5723 114
5724 111
5725 114
5726 114
5727 125
5728 105
5729 160
5730 160
5731 110
5732 73
5733 83
5734 103
5735 125
5736 68
5737 125
5738 112
5739 75
5740 125
5741 124
5742 134
5743 119
5744 77
5745 64
5746 78
5747 129
5748 121
5749 107
5750 107
5751 97
5752 77
5753 170
5754 116
5755 138
5756 107
5757 94
5758 129
5759 96
5760 132
5761 110
5762 98
5763 113
5764 131
5765 152
5766 89
5767 126
5768 114
5769 101
5770 136
5771 52
5772 122
5773 118
5774 123
5775 142
5776 49
5777 123
5778 138
5779 82
5780 125
5781 136
5782 87
5783 130
5784 94
5785 109
5786 123
5787 124
5788 129
5789 97
5790 128
5791 143
5792 116
5793 152
5794 91
5795 106
5796 123
5797 115
5798 111
5799 117
5800 105
5801 109
5802 105
5803 96
5804 115
5805 151
5806 124
5807 61
5808 138
5809 157
5810 179
5811 127
5812 112
5813 129
5814 99
5815 116
5816 111
5817 69
5818 143
5819 87
5820 152
5821 87
5822 136
5823 96
5824 139
5825 163
5826 110
5827 115
5828 104
5829 108
5830 107
5831 79
5832 137
5833 98
5834 120
5835 154
5836 118
5837 116
5838 86
5839 147
5840 95
5841 123
5842 113
5843 145
5844 119
5845 132
5846 87
5847 130
5848 115
5849 117
5850 126
5851 141
5852 142
5853 98
5854 132
5855 128
5856 104
5857 102
5858 132
5859 97
5860 33
5861 140
5862 121
5863 146
5864 120
5865 169
5866 92
5867 115
5868 144
5869 148
5870 119
5871 123
5872 89
5873 108
5874 134
5875 117
5876 125
5877 121
5878 75
5879 118
5880 131
5881 0
5882 78
5883 142
5884 78
5885 135
5886 137
5887 117
5888 158
5889 108
5890 111
5891 129
5892 125
5893 91
5894 118
5895 127
5896 117
5897 110
5898 124
5899 81
5900 103
5901 65
5902 120
5903 81
5904 116
5905 115
5906 96
5907 83
5908 93
5909 100
5910 158
5911 107
5912 111
5913 117
5914 109
5915 124
5916 93
5917 95
5918 101
5919 97
5920 110
5921 93
5922 127
5923 91
5924 225
5925 99
5926 124
5927 122
5928 143
5929 89
5930 84
5931 131
5932 127
5933 115
5934 118
5935 61
5936 158
5937 137
5938 131
5939 108
5940 142
5941 128
5942 95
5943 102
5944 101
5945 108
5946 97
5947 50
5948 93
5949 91
5950 83
5951 80
5952 136
5953 112
5954 165
5955 74
5956 107
5957 116
5958 114
5959 151
5960 122
5961 143
5962 91
5963 127
5964 125
5965 111
5966 134
5967 94
5968 126
5969 149
5970 82
5971 127
5972 96
5973 85
5974 127
5975 126
5976 120
5977 110
5978 139
5979 101
5980 83
5981 147
5982 162
5983 59
5984 85
5985 161
5986 90
5987 81
5988 114
5989 113
5990 86
5991 98
5992 84
5993 126
5994 71
5995 146
5996 136
5997 133
5998 110
5999 141
6000 133
6001 121
6002 118
6003 129
6004 95
6005 30
6006 104
6007 94
6008 83
6009 88
6010 117
6011 132
6012 121
6013 171
6014 107
6015 135
6016 122
6017 104
6018 72
6019 83
6020 109
6021 62
6022 139
6023 116
6024 143
6025 126
6026 124
6027 51
6028 126
6029 124
6030 131
6031 139
6032 119
6033 142
6034 118
6035 142
6036 116
6037 126
6038 148
6039 96
6040 83
6041 52
6042 93
6043 137
6044 101
6045 103
6046 138
6047 76
6048 164
6049 137
6050 123
6051 108
6052 109
6053 105
6054 103
6055 130
6056 134
6057 144
6058 87
6059 112
6060 101
6061 125
6062 169
6063 77
6064 114
6065 104
6066 105
6067 116
6068 87
6069 137
6070 121
6071 167
6072 100
6073 72
6074 116
6075 81
6076 84
6077 94
6078 128
6079 123
6080 132
6081 75
6082 145
6083 112
6084 93
6085 117
6086 110
6087 111
6088 135
6089 2
6090 98
6091 118
6092 115
6093 83
6094 122
6095 114
6096 49
6097 128
6098 103
6099 148
6100 100
6101 115
6102 92
6103 80
6104 152
6105 106
6106 95
6107 104
6108 111
6109 114
6110 134
6111 112
6112 115
6113 50
6114 123
6115 177
6116 119
6117 109
6118 90
6119 90
6120 49
6121 137
6122 106
6123 179
6124 53
6125 124
6126 109
6127 136
6128 134
6129 73
6130 81
6131 155
6132 97
6133 74
6134 122
6135 87
6136 137
6137 124
6138 107
6139 124
6140 52
6141 92
6142 92
6143 99
6144 125
6145 146
6146 125
6147 101
6148 114
6149 100
6150 127
6151 118
6152 126
6153 183
6154 127
6155 105
6156 119
6157 160
6158 94
6159 95
6160 143
6161 130
6162 92
6163 151
6164 70
6165 81
6166 106
6167 129
6168 137
6169 118
6170 103
6171 108
6172 76
6173 123
6174 125
6175 104
6176 131
6177 85
6178 107
6179 118
6180 100
6181 127
6182 202
6183 93
6184 83
6185 116
6186 132
6187 134
6188 108
6189 107
6190 154
6191 116
6192 143
6193 132
6194 133
6195 135
6196 123
6197 141
6198 158
6199 87
6200 102
6201 115
6202 117
6203 104
6204 127
6205 116
6206 143
6207 109
6208 96
6209 133
6210 104
6211 97
6212 117
6213 130
6214 125
6215 99
6216 127
6217 95
6218 133
6219 119
6220 121
6221 92
6222 113
6223 136
6224 116
6225 126
6226 127
6227 175
6228 95
6229 160
6230 123
6231 112
6232 152
6233 127
6234 177
6235 93
6236 118
6237 130
6238 109
6239 109
6240 121
6241 27
6242 107
6243 116
6244 102
6245 163
6246 103
6247 101
6248 121
6249 223
6250 132
6251 149
6252 98
6253 91
6254 120
6255 115
6256 68
6257 126
6258 105
6259 151
6260 169
6261 126
6262 105
6263 103
6264 98
6265 68
6266 106
6267 113
6268 104
6269 97
6270 97
6271 121
6272 91
6273 110
6274 145
6275 61
6276 115
6277 97
6278 86
6279 111
6280 122
6281 47
6282 133
6283 176
6284 130
6285 120
6286 141
6287 122
6288 110
6289 108
6290 113
6291 136
6292 86
6293 114
6294 165
6295 122
6296 120
6297 156
6298 98
6299 127
6300 111
6301 115
6302 113
6303 137
6304 137
6305 125
6306 126
6307 77
6308 154
6309 47
6310 125
6311 118
6312 179
6313 125
6314 84
6315 79
6316 69
6317 122
6318 134
6319 123
6320 150
6321 198
6322 116
6323 118
6324 113
6325 132
6326 144
6327 97
6328 130
6329 91
6330 75
6331 94
6332 139
6333 145
6334 146
6335 117
6336 108
6337 110
6338 110
6339 95
6340 126
6341 111
6342 99
6343 94
6344 122
6345 116
6346 91
6347 116
6348 165
6349 115
6350 106
6351 112
6352 132
6353 102
6354 123
6355 120
6356 113
6357 122
6358 108
6359 114
6360 139
6361 106
6362 119
6363 105
6364 117
6365 118
6366 69
6367 141
6368 116
6369 97
6370 84
6371 105
6372 128
6373 117
6374 118
6375 130
6376 102
6377 122
6378 116
6379 106
6380 68
6381 168
6382 121
6383 119
6384 98
6385 96
6386 112
6387 119
6388 117
6389 116
6390 116
6391 105
6392 131
6393 154
6394 116
6395 129
6396 145
6397 99
6398 122
6399 183
6400 144
6401 110
6402 130
6403 127
6404 150
6405 71
6406 88
6407 158
6408 135
6409 111
6410 107
6411 134
6412 87
6413 106
6414 119
6415 103
6416 195
6417 121
6418 114
6419 94
6420 90
6421 99
6422 86
6423 111
6424 159
6425 121
6426 46
6427 117
6428 173
6429 125
6430 106
6431 156
6432 138
6433 136
6434 121
6435 137
6436 134
6437 163
6438 104
6439 149
6440 72
6441 103
6442 128
6443 104
6444 97
6445 111
6446 125
6447 123
6448 34
6449 27
6450 99
6451 141
6452 131
6453 126
6454 144
6455 45
6456 93
6457 126
6458 133
6459 151
6460 108
6461 68
6462 118
6463 112
6464 148
6465 89
6466 87
6467 126
6468 139
6469 132
6470 134
6471 130
6472 136
6473 142
6474 110
6475 91
6476 152
6477 122
6478 86
6479 112
6480 112
6481 141
6482 127
6483 108
6484 137
6485 143
6486 94
6487 48
6488 132
6489 122
6490 118
6491 91
6492 206
6493 154
6494 104
6495 109
6496 111
6497 109
6498 97
6499 118
6500 169
6501 134
6502 122
6503 81
6504 157
6505 163
6506 104
6507 130
6508 142
6509 92
6510 86
6511 109
6512 121
6513 83
6514 136
6515 120
6516 114
6517 137
6518 92
6519 94
6520 114
6521 130
6522 149
6523 124
6524 106
6525 90
6526 162
6527 95
6528 120
6529 112
6530 174
6531 124
6532 102
6533 115
6534 97
6535 122
6536 159
6537 127
6538 96
6539 169
6540 110
6541 78
6542 115
6543 45
6544 104
6545 135
6546 87
6547 123
6548 108
6549 125
6550 128
6551 133
6552 79
6553 114
6554 104
6555 97
6556 141
6557 84
6558 95
6559 128
6560 106
6561 112
6562 115
6563 133
6564 85
6565 113
6566 99
6567 97
6568 109
6569 144
6570 112
6571 109
6572 68
6573 134
6574 178
6575 111
6576 118
6577 107
6578 81
6579 41
6580 107
6581 115
6582 120
6583 132
6584 98
6585 86
6586 156
6587 130
6588 114
6589 100
6590 95
6591 46
6592 175
6593 98
6594 127
6595 106
6596 157
6597 125
6598 134
6599 147
6600 123
6601 118
6602 86
6603 45
6604 118
6605 111
6606 125
6607 106
6608 105
6609 118
6610 120
6611 58
6612 179
6613 138
6614 93
6615 167
6616 70
6617 170
6618 132
6619 162
6620 117
6621 145
6622 96
6623 106
6624 158
6625 113
6626 128
6627 133
6628 104
6629 133
6630 129
6631 105
6632 93
6633 160
6634 126
6635 122
6636 137
6637 86
6638 120
6639 107
6640 111
6641 143
6642 99
6643 91
6644 139
6645 136
6646 124
6647 106
6648 166
6649 94
6650 122
6651 89
6652 117
6653 128
6654 117
6655 84
6656 156
6657 121
6658 120
6659 118
6660 122
6661 118
6662 119
6663 181
6664 140
6665 106
6666 82
6667 109
6668 140
6669 127
6670 126
6671 124
6672 160
6673 110
6674 99
6675 106
6676 89
6677 150
6678 99
6679 129
6680 131
6681 121
6682 92
6683 148
6684 181
6685 109
6686 151
6687 120
6688 116
6689 79
6690 139
6691 120
6692 116
6693 109
6694 160
6695 113
6696 131
6697 139
6698 143
6699 157
6700 169
6701 132
6702 131
6703 143
6704 106
6705 145
6706 147
6707 115
6708 84
6709 131
6710 131
6711 123
6712 93
6713 53
6714 156
6715 160
6716 118
6717 116
6718 123
6719 82
6720 139
6721 144
6722 86
6723 106
6724 133
6725 123
6726 154
6727 104
6728 126
6729 118
6730 109
6731 76
6732 124
6733 129
6734 93
6735 136
6736 92
6737 134
6738 51
6739 142
6740 80
6741 76
6742 107
6743 117
6744 125
6745 138
6746 117
6747 88
6748 56
6749 153
6750 140
6751 152
6752 136
6753 120
6754 67
6755 137
6756 89
6757 146
6758 109
6759 156
6760 112
6761 92
6762 115
6763 91
6764 154
6765 131
6766 136
6767 86
6768 85
6769 106
6770 133
6771 106
6772 111
6773 89
6774 71
6775 133
6776 114
6777 145
6778 91
6779 147
6780 104
6781 132
6782 106
6783 172
6784 142
6785 159
6786 131
6787 160
6788 51
6789 131
6790 134
6791 169
6792 75
6793 127
6794 95
6795 145
6796 107
6797 148
6798 105
6799 103
6800 111
6801 141
6802 104
6803 156
6804 118
6805 107
6806 105
6807 127
6808 108
6809 127
6810 129
6811 104
6812 85
6813 128
6814 143
6815 76
6816 110
6817 140
6818 127
6819 107
6820 116
6821 150
6822 156
6823 128
6824 97
6825 168
6826 145
6827 121
6828 100
6829 117
6830 147
6831 115
6832 152
6833 138
6834 110
6835 178
6836 122
6837 78
6838 104
6839 90
6840 115
6841 118
6842 130
6843 136
6844 139
6845 144
6846 156
6847 117
6848 135
6849 125
6850 110
6851 94
6852 107
6853 114
6854 102
6855 60
6856 154
6857 156
6858 94
6859 108
6860 95
6861 124
6862 101
6863 151
6864 102
6865 167
6866 66
6867 82
6868 115
6869 87
6870 71
6871 111
6872 116
6873 134
6874 130
6875 157
6876 123
6877 111
6878 111
6879 130
6880 89
6881 94
6882 42
6883 140
6884 130
6885 115
6886 131
6887 65
6888 139
6889 117
6890 48
6891 171
6892 129
6893 120
6894 62
6895 94
6896 130
6897 88
6898 97
6899 88
6900 130
6901 163
6902 67
6903 110
6904 147
6905 98
6906 105
6907 110
6908 112
6909 115
6910 104
6911 160
6912 123
6913 89
6914 138
6915 113
6916 92
6917 140
6918 104
6919 143
6920 124
6921 115
6922 117
6923 146
6924 89
6925 131
6926 130
6927 103
6928 185
6929 110
6930 115
6931 114
6932 113
6933 125
6934 97
6935 143
6936 105
6937 134
6938 116
6939 102
6940 123
6941 110
6942 108
6943 116
6944 85
6945 112
6946 105
6947 117
6948 94
6949 32
6950 71
6951 100
6952 127
6953 70
6954 92
6955 103
6956 77
6957 72
6958 60
6959 133
6960 105
6961 125
6962 122
6963 77
6964 121
6965 117
6966 83
6967 120
6968 94
6969 53
6970 145
6971 150
6972 113
6973 115
6974 116
6975 130
6976 92
6977 146
6978 125
6979 96
6980 93
6981 105
6982 98
6983 129
6984 89
6985 153
6986 122
6987 79
6988 90
6989 94
6990 137
6991 103
6992 72
6993 133
6994 82
6995 107
6996 149
6997 125
6998 44
6999 93
7000 140
7001 72
7002 128
7003 144
7004 114
7005 147
7006 123
7007 125
7008 192
7009 128
7010 153
7011 109
7012 121
7013 156
7014 149
7015 92
7016 101
7017 128
7018 117
7019 145
7020 87
7021 80
7022 96
7023 132
7024 118
7025 116
7026 113
7027 87
7028 153
7029 91
7030 146
7031 108
7032 98
7033 81
7034 114
7035 77
7036 82
7037 126
7038 169
7039 104
7040 118
7041 112
7042 119
7043 91
7044 75
7045 121
7046 66
7047 115
7048 65
7049 113
7050 92
7051 140
7052 85
7053 87
7054 129
7055 96
7056 96
7057 141
7058 141
7059 103
7060 129
7061 115
7062 85
7063 116
7064 53
7065 144
7066 135
7067 127
7068 121
7069 112
7070 164
7071 114
7072 167
7073 106
7074 93
7075 74
7076 98
7077 68
7078 118
7079 94
7080 166
7081 115
7082 69
7083 115
7084 70
7085 112
7086 116
7087 96
7088 121
7089 118
7090 92
7091 118
7092 86
7093 100
7094 131
7095 109
7096 108
7097 141
7098 75
7099 95
