Vertices: 1700
Edges: 11900
Time: 0,542 ms
Iterations: 11885
Vertex Distance
0 0
1 105
2 116
3 95
4 95
5 96
6 88
7 98
8 119
9 89
10 90
11 92
12 95
13 82
14 129
15 88
16 114
17 107
18 77
19 104
20 124
21 79
22 83
23 84
24 107
25 54
26 98
27 68
28 111
29 58
30 117
31 105
32 87
33 67
34 78
35 100
36 109
37 70
38 108
39 111
40 110
41 83
42 92
43 86
44 103
45 135
46 86
47 138
48 107
49 103
50 88
51 102
52 81
53 104
54 119
55 121
56 119
57 86
58 38
59 61
60 99
61 125
62 124
63 97
64 105
65 54
66 126
67 89
68 73
69 106
70 88
71 80
72 84
73 105
74 93
75 167
76 87
77 109
78 96
79 117
80 96
81 111
82 134
83 110
84 104
85 75
86 104
87 151
88 141
89 108
90 71
91 113
92 131
93 122
94 102
95 90
96 49
97 93
98 79
99 105
100 75
101 124
102 95
103 127
104 86
105 99
106 130
107 54
108 117
109 126
110 94
111 92
112 116
113 63
114 111
115 105
116 105
117 131
118 16
119 34
120 109
121 93
122 166
123 68
124 134
125 94
126 147
127 127
128 72
129 112
130 70
131 127
132 47
133 73
134 149
135 89
136 100
137 164
138 45
139 70
140 55
141 99
142 131
143 76
144 157
145 101
146 126
147 119
148 109
149 99
150 38
151 87
152 129
153 99
154 73
155 97
156 85
157 114
158 120
159 114
160 18
161 46
162 106
163 34
164 72
165 37
166 122
167 102
168 118
169 84
170 109
171 124
172 87
173 134
174 124
175 106
176 108
177 89
178 129
179 141
180 114
181 87
182 89
183 123
184 114
185 125
186 86
187 94
188 65
189 119
190 111
191 79
192 93
193 60
194 124
195 124
196 139
197 42
198 81
199 88
200 93
201 91
202 64
203 103
204 77
205 142
206 145
207 136
208 92
209 89
210 80
211 70
212 79
213 130
214 73
215 127
216 139
217 90
218 116
219 127
220 128
221 61
222 86
223 127
224 54
225 124
226 142
227 84
228 105
229 108
230 117
231 114
232 167
233 89
234 141
235 111
236 124
237 110
238 74
239 104
240 100
241 112
242 131
243 78
244 90
245 65
246 101
247 73
248 86
249 116
250 99
251 91
252 137
253 87
254 127
255 154
256 107
257 96
258 115
259 119
260 100
261 114
262 122
263 137
264 105
265 80
266 69
267 91
268 79
269 87
270 60
271 92
272 64
273 104
274 133
275 113
276 84
277 143
278 60
279 82
280 94
281 65
282 86
283 103
284 62
285 61
286 96
287 44
288 86
289 93
290 74
291 83
292 108
293 172
294 60
295 105
296 152
297 76
298 104
299 130
300 85
301 99
302 81
303 91
304 86
305 80
306 109
307 52
308 40
309 40
310 70
311 82
312 104
313 124
314 67
315 86
316 79
317 82
318 75
319 75
320 88
321 24
322 133
323 20
324 96
325 14
326 82
327 95
328 118
329 137
330 87
331 94
332 136
333 139
334 102
335 106
336 91
337 90
338 130
339 124
340 91
341 108
342 134
343 104
344 55
345 102
346 106
347 119
348 103
349 80
350 88
351 117
352 79
353 99
354 111
355 73
356 133
357 119
358 123
359 140
360 116
361 89
362 112
363 63
364 82
365 107
366 109
367 131
368 118
369 62
370 80
371 50
372 101
373 77
374 70
375 116
376 127
377 79
378 114
379 97
380 118
381 158
382 27
383 87
384 97
385 134
386 102
387 73
388 192
389 93
390 67
391 103
392 133
393 105
394 96
395 109
396 97
397 116
398 87
399 46
400 98
401 127
402 106
403 81
404 120
405 84
406 124
407 76
408 109
409 105
410 97
411 139
412 81
413 109
414 78
415 117
416 101
417 125
418 113
419 115
420 115
421 109
422 102
423 111
424 128
425 110
426 104
427 151
428 84
429 103
430 93
431 130
432 111
433 97
434 104
435 95
436 129
437 120
438 107
439 95
440 142
441 89
442 6
443 95
444 60
445 97
446 93
447 103
448 92
449 143
450 128
451 54
452 116
453 82
454 125
455 100
456 30
457 111
458 76
459 68
460 123
461 66
462 80
463 136
464 89
465 101
466 103
467 77
468 101
469 119
470 81
471 82
472 95
473 91
474 90
475 91
476 116
477 162
478 129
479 87
480 121
481 67
482 81
483 128
484 59
485 114
486 125
487 109
488 109
489 104
490 174
491 53
492 117
493 131
494 121
495 118
496 117
497 95
498 129
499 108
500 109
501 111
502 140
503 71
504 98
505 89
506 131
507 68
508 131
509 97
510 85
511 84
512 99
513 78
514 105
515 69
516 137
517 133
518 98
519 67
520 103
521 105
522 70
523 115
524 123
525 102
526 165
527 82
528 74
529 44
530 50
531 118
532 16
533 98
534 94
535 68
536 127
537 94
538 134
539 74
540 118
541 50
542 58
543 106
544 96
545 111
546 51
547 149
548 44
549 59
550 183
551 102
552 121
553 96
554 120
555 90
556 65
557 124
558 115
559 124
560 128
561 87
562 109
563 102
564 135
565 92
566 112
567 107
568 123
569 74
570 113
571 62
572 79
573 65
574 101
575 90
576 139
577 116
578 51
579 103
580 76
581 135
582 107
583 109
584 135
585 96
586 88
587 105
588 102
589 124
590 88
591 126
592 108
593 105
594 82
595 97
596 111
597 130
598 92
599 70
600 142
601 122
602 101
603 95
604 101
605 114
606 78
607 109
608 87
609 108
610 83
611 140
612 136
613 40
614 146
615 104
616 92
617 129
618 133
619 110
620 95
621 94
622 98
623 120
624 78
625 93
626 67
627 119
628 123
629 89
630 107
631 75
632 126
633 99
634 82
635 93
636 96
637 104
638 132
639 105
640 75
641 117
642 112
643 106
644 74
645 105
646 131
647 69
648 107
649 124
650 71
651 75
652 111
653 81
654 88
655 100
656 110
657 120
658 66
659 93
660 110
661 132
662 137
663 89
664 75
665 129
666 22
667 74
668 64
669 58
670 109
671 104
672 132
673 99
674 117
675 69
676 73
677 79
678 79
679 111
680 78
681 116
682 70
683 137
684 73
685 64
686 124
687 65
688 95
689 101
690 86
691 90
692 123
693 86
694 90
695 77
696 90
697 104
698 98
699 114
700 141
701 82
702 106
703 90
704 77
705 80
706 68
707 97
708 94
709 76
710 100
711 113
712 107
713 109
714 82
715 70
716 128
717 99
718 59
719 94
720 122
721 152
722 81
723 110
724 85
725 104
726 72
727 114
728 129
729 110
730 103
731 120
732 75
733 109
734 79
735 79
736 75
737 108
738 134
739 139
740 119
741 89
742 96
743 112
744 95
745 128
746 97
747 127
748 126
749 97
750 164
751 78
752 82
753 99
754 74
755 120
756 54
757 84
758 104
759 103
760 77
761 132
762 106
763 80
764 111
765 110
766 71
767 94
768 100
769 136
770 161
771 120
772 100
773 91
774 110
775 114
776 104
777 120
778 103
779 101
780 98
781 106
782 117
783 89
784 100
785 60
786 132
787 85
788 108
789 130
790 72
791 112
792 118
793 93
794 116
795 131
796 0
797 99
798 85
799 110
800 141
801 74
802 83
803 95
804 87
805 69
806 64
807 124
808 77
809 78
810 100
811 95
812 118
813 83
814 104
815 91
816 76
817 114
818 81
819 52
820 91
821 77
822 70
823 114
824 51
825 47
826 93
827 119
828 93
829 88
830 91
831 85
832 95
833 74
834 99
835 25
836 106
837 68
838 112
839 83
840 92
841 111
842 94
843 138
844 85
845 67
846 113
847 103
848 74
849 75
850 88
851 101
852 66
853 100
854 167
855 132
856 131
857 82
858 80
859 102
860 106
861 97
862 55
863 93
864 71
865 90
866 109
867 74
868 130
869 128
870 87
871 58
872 132
873 63
874 121
875 93
876 111
877 69
878 94
879 128
880 93
881 113
882 98
883 88
884 76
885 85
886 111
887 91
888 96
889 105
890 94
891 54
892 123
893 127
894 84
895 99
896 97
897 104
898 102
899 108
900 93
901 87
902 117
903 95
904 36
905 140
906 66
907 98
908 158
909 24
910 99
911 94
912 146
913 80
914 115
915 73
916 78
917 98
918 33
919 75
920 100
921 72
922 98
923 89
924 96
925 139
926 100
927 114
928 89
929 111
930 92
931 114
932 62
933 138
934 115
935 108
936 66
937 75
938 54
939 95
940 115
941 33
942 109
943 84
944 107
945 111
946 117
947 95
948 130
949 110
950 113
951 114
952 89
953 90
954 84
955 94
956 79
957 101
958 97
959 128
960 115
961 64
962 99
963 84
964 90
965 78
966 90
967 114
968 111
969 91
970 113
971 83
972 97
973 107
974 100
975 167
976 80
977 131
978 108
979 72
980 154
981 60
982 105
983 136
984 112
985 92
986 64
987 121
988 107
989 77
990 74
991 121
992 85
993 95
994 72
995 137
996 128
997 102
998 102
999 125
1000 91
1001 87
1002 112
1003 103
1004 52
1005 103
1006 104
1007 117
1008 91
1009 87
1010 35
1011 128
1012 116
1013 95
1014 90
1015 102
1016 102
1017 118
1018 81
1019 126
1020 78
1021 84
1022 109
1023 107
1024 99
1025 91
1026 133
1027 109
1028 123
1029 73
1030 124
1031 127
1032 90
1033 92
1034 105
1035 59
1036 110
1037 115
1038 119
1039 117
1040 90
1041 114
1042 76
1043 95
1044 120
1045 91
1046 116
1047 66
1048 104
1049 97
1050 127
1051 83
1052 41
1053 149
1054 60
1055 98
1056 130
1057 113
1058 79
1059 157
1060 86
1061 99
1062 92
1063 100
1064 91
1065 98
1066 126
1067 107
1068 100
1069 131
1070 135
1071 115
1072 104
1073 91
1074 113
1075 106
1076 110
1077 106
1078 86
1079 131
1080 112
1081 93
1082 85
1083 79
1084 96
1085 124
1086 77
1087 95
1088 103
1089 83
1090 103
1091 69
1092 125
1093 132
1094 116
1095 114
1096 95
1097 102
1098 94
1099 108
1100 112
1101 98
1102 90
1103 49
1104 72
1105 105
1106 90
1107 111
1108 97
1109 117
1110 84
1111 92
1112 60
1113 123
1114 121
1115 159
1116 98
1117 96
1118 87
1119 95
1120 79
1121 78
1122 73
1123 98
1124 129
1125 72
1126 84
1127 92
1128 105
1129 85
1130 80
1131 51
1132 70
1133 111
1134 111
1135 76
1136 95
1137 99
1138 64
1139 84
1140 87
1141 119
1142 117
1143 87
1144 72
1145 95
1146 75
1147 78
1148 95
1149 103
1150 88
1151 112
1152 135
1153 87
1154 83
1155 92
1156 164
1157 77
1158 105
1159 80
1160 64
1161 123
1162 104
1163 107
1164 114
1165 91
1166 92
1167 107
1168 140
1169 76
1170 105
1171 101
1172 104
1173 115
1174 108
1175 70
1176 88
1177 101
1178 98
1179 65
1180 84
1181 93
1182 99
1183 101
1184 171
1185 99
1186 64
1187 130
1188 152
1189 94
1190 84
1191 74
1192 120
1193 116
1194 107
1195 135
1196 151
1197 120
1198 151
1199 116
1200 86
1201 71
1202 106
1203 96
1204 132
1205 90
1206 122
1207 191
1208 18
1209 90
1210 60
1211 78
1212 106
1213 100
1214 100
1215 128
1216 94
1217 133
1218 68
1219 76
1220 97
1221 60
1222 91
1223 96
1224 136
1225 87
1226 115
1227 90
1228 103
1229 138
1230 72
1231 92
1232 58
1233 109
1234 96
1235 120
1236 97
1237 59
1238 86
1239 122
1240 73
1241 140
1242 100
1243 146
1244 60
1245 135
1246 69
1247 106
1248 86
1249 138
1250 95
1251 90
1252 103
1253 174
1254 92
1255 102
1256 91
1257 63
1258 121
1259 120
1260 90
1261 132
1262 60
1263 158
1264 96
1265 79
1266 43
1267 89
1268 107
1269 132
1270 94
1271 92
1272 74
1273 113
1274 113
1275 110
1276 83
1277 96
1278 94
1279 87
1280 105
1281 103
1282 135
1283 123
1284 59
1285 83
1286 108
1287 83
1288 124
1289 71
1290 99
1291 129
1292 118
1293 54
1294 79
1295 91
1296 51
1297 125
1298 89
1299 98
1300 123
1301 75
1302 56
1303 127
1304 142
1305 88
1306 103
1307 101
1308 77
1309 102
1310 53
1311 117
1312 100
1313 119
1314 109
1315 54
1316 83
1317 108
1318 119
1319 88
1320 109
1321 109
1322 95
1323 110
1324 108
1325 110
1326 76
1327 112
1328 89
1329 119
1330 128
1331 106
1332 117
1333 175
1334 76
1335 101
1336 102
1337 111
1338 123
1339 70
1340 105
1341 77
1342 92
1343 107
1344 105
1345 90
1346 85
1347 62
1348 110
1349 81
1350 116
1351 117
1352 107
1353 92
1354 87
1355 104
1356 99
1357 87
1358 8
1359 86
1360 81
1361 26
1362 94
1363 82
1364 57
1365 94
1366 83
1367 110
1368 102
1369 56
1370 87
1371 93
1372 70
1373 97
1374 108
1375 94
1376 116
1377 104
1378 110
1379 85
1380 116
1381 149
1382 69
1383 72
1384 110
1385 85
1386 84
1387 112
1388 93
1389 71
1390 97
1391 92
1392 64
1393 94
1394 80
1395 104
1396 115
1397 66
1398 92
1399 105
1400 103
1401 104
1402 78
1403 114
1404 78
1405 101
1406 116
1407 118
1408 71
1409 117
1410 128
1411 79
1412 52
1413 98
1414 25
1415 104
1416 122
1417 86
1418 81
1419 128
1420 48
1421 98
1422 144
1423 93
1424 103
1425 107
1426 103
1427 149
1428 83
1429 117
1430 91
1431 0
1432 84
1433 91
1434 139
1435 99
1436 115
1437 108
1438 97
1439 92
1440 107
1441 102
1442 102
1443 105
1444 91
1445 45
1446 94
1447 102
1448 133
1449 139
1450 47
1451 142
1452 68
1453 116
1454 126
1455 127
1456 106
1457 97
1458 115
1459 107
1460 85
1461 96
1462 67
1463 105
1464 53
1465 94
1466 40
1467 105
1468 115
1469 95
1470 68
1471 99
1472 84
1473 85
1474 119
1475 45
1476 128
1477 100
1478 113
1479 49
1480 75
1481 99
1482 118
1483 72
1484 89
1485 90
1486 102
1487 101
1488 79
1489 64
1490 101
1491 74
1492 98
1493 127
1494 144
1495 96
1496 113
1497 102
1498 94
1499 111
1500 83
1501 107
1502 111
1503 73
1504 86
1505 82
1506 81
1507 127
1508 102
1509 84
1510 54
1511 123
1512 48
1513 108
1514 108
1515 125
1516 127
1517 83
1518 95
1519 133
1520 90
1521 81
1522 56
1523 144
1524 84
1525 66
1526 70
1527 73
1528 119
1529 41
1530 110
1531 59
1532 130
1533 123
1534 72
1535 94
1536 114
1537 104
1538 112
1539 61
1540 35
1541 114
1542 99
1543 103
1544 87
1545 92
1546 106
1547 103
1548 120
1549 72
1550 102
1551 50
1552 86
1553 18
1554 80
1555 87
1556 117
1557 44
1558 29
1559 99
1560 100
1561 129
1562 58
1563 115
1564 85
1565 69
1566 145
1567 46
1568 68
1569 92
1570 100
1571 82
1572 71
1573 133
1574 82
1575 94
1576 125
1577 97
1578 75
1579 102
1580 90
1581 53
1582 84
1583 130
1584 57
1585 98
1586 113
1587 80
1588 54
1589 84
1590 112
1591 68
1592 90
1593 101
1594 141
1595 79
1596 129
1597 113
1598 111
1599 84
1600 54
1601 136
1602 86
1603 24
1604 49
1605 104
1606 138
1607 43
1608 73
1609 132
1610 122
1611 105
1612 111
1613 104
1614 96
1615 95
1616 76
1617 71
1618 112
1619 83
1620 127
1621 64
1622 58
1623 111
1624 118
1625 77
1626 49
1627 87
1628 107
1629 70
1630 123
1631 130
1632 103
1633 86
1634 67
1635 83
1636 67
1637 137
1638 70
1639 114
1640 122
1641 105
1642 91
1643 119
1644 111
1645 157
1646 65
1647 198
1648 110
1649 49
1650 98
1651 143
1652 107
1653 75
1654 57
1655 105
1656 84
1657 107
1658 102
1659 122
1660 91
1661 112
1662 102
1663 109
1664 110
1665 86
1666 116
1667 39
1668 125
1669 114
1670 71
1671 78
1672 101
1673 87
1674 94
1675 149
1676 100
1677 33
1678 99
1679 67
1680 68
1681 93
1682 109
1683 65
1684 110
1685 140
1686 123
1687 129
1688 117
1689 57
1690 27
1691 132
1692 75
1693 96
1694 178
1695 87
1696 103
1697 88
1698 69
1699 75
