Vertices: 5700
Edges: 39900
Time: 2,497 ms
Iterations: 39867
Vertex Distance
0 0
1 87
2 107
3 113
4 88
5 115
6 59
7 114
8 111
9 112
10 95
11 87
12 52
13 125
14 120
15 83
16 126
17 78
18 132
19 109
20 101
21 110
22 113
23 110
24 100
25 116
26 106
27 85
28 72
29 128
30 47
31 142
32 84
33 77
34 92
35 80
36 107
37 106
38 92
39 81
40 92
41 123
42 89
43 113
44 146
45 113
46 106
47 105
48 104
49 90
50 59
51 118
52 104
53 143
54 148
55 110
56 82
57 78
58 105
59 97
60 85
61 74
62 131
63 93
64 22
65 116
66 110
67 115
68 110
69 105
70 127
71 61
72 72
73 116
74 89
75 77
76 118
77 70
78 69
79 102
80 87
81 150
82 143
83 108
84 114
85 110
86 112
87 132
88 144
89 101
90 84
91 88
92 65
93 106
94 72
95 96
96 125
97 88
98 109
99 130
100 132
101 123
102 92
103 112
104 105
105 105
106 115
107 97
108 138
109 142
110 141
111 119
112 142
113 122
114 143
115 89
116 98
117 105
118 136
119 87
120 79
121 124
122 97
123 101
124 79
125 102
126 51
127 119
128 113
129 128
130 112
131 119
132 114
133 93
134 82
135 166
136 117
137 101
138 128
139 171
140 105
141 112
142 114
143 144
144 95
145 105
146 141
147 111
148 114
149 113
150 108
151 71
152 94
153 92
154 76
155 103
156 127
157 118
158 122
159 116
160 50
161 91
162 95
163 85
164 159
165 120
166 125
167 64
168 168
169 111
170 81
171 77
172 119
173 115
174 129
175 70
176 93
177 113
178 97
179 128
180 71
181 123
182 107
183 113
184 97
185 43
186 162
187 98
188 104
189 128
190 86
191 109
192 86
193 105
194 70
195 122
196 130
197 114
198 144
199 108
200 104
201 52
202 125
203 110
204 128
205 105
206 119
207 105
208 126
209 92
210 71
211 54
212 130
213 119
214 142
215 122
216 74
217 107
218 125
219 89
220 171
221 146
222 118
223 134
224 168
225 81
226 99
227 37
228 127
229 115
230 98
231 157
232 36
233 133
234 89
235 116
236 116
237 93
238 110
239 117
240 96
241 73
242 89
243 91
244 102
245 92
246 137
247 86
248 124
249 88
250 57
251 84
252 92
253 109
254 113
255 111
256 113
257 78
258 156
259 111
260 97
261 106
262 124
263 148
264 110
265 68
266 93
267 96
268 85
269 100
270 131
271 93
272 78
273 75
274 112
275 98
276 146
277 114
278 131
279 98
280 129
281 105
282 133
283 76
284 138
285 63
286 92
287 130
288 121
289 100
290 66
291 132
292 96
293 119
294 86
295 103
296 152
297 117
298 190
299 143
300 96
301 85
302 141
303 92
304 111
305 162
306 84
307 109
308 122
309 79
310 131
311 102
312 124
313 119
314 118
315 144
316 113
317 78
318 112
319 82
320 96
321 105
322 85
323 114
324 125
325 92
326 135
327 100
328 101
329 96
330 93
331 109
332 64
333 85
334 145
335 35
336 136
337 84
338 109
339 97
340 100
341 148
342 157
343 104
344 112
345 88
346 89
347 100
348 155
349 96
350 111
351 95
352 96
353 113
354 65
355 93
356 96
357 131
358 131
359 111
360 106
361 86
362 70
363 104
364 86
365 117
366 78
367 72
368 97
369 124
370 44
371 134
372 96
373 141
374 116
375 111
376 70
377 99
378 128
379 139
380 111
381 134
382 109
383 151
384 118
385 109
386 124
387 140
388 118
389 90
390 122
391 108
392 107
393 89
394 118
395 121
396 177
397 134
398 172
399 73
400 102
401 147
402 158
403 103
404 105
405 88
406 137
407 78
408 182
409 92
410 92
411 92
412 115
413 103
414 127
415 99
416 95
417 141
418 98
419 114
420 59
421 134
422 90
423 85
424 129
425 105
426 129
427 79
428 137
429 64
430 145
431 66
432 116
433 106
434 80
435 77
436 87
437 141
438 97
439 155
440 108
441 146
442 94
443 86
444 127
445 89
446 115
447 118
448 105
449 151
450 95
451 203
452 134
453 146
454 98
455 136
456 90
457 114
458 119
459 116
460 79
461 46
462 109
463 128
464 107
465 40
466 99
467 64
468 134
469 151
470 99
471 85
472 80
473 112
474 104
475 51
476 117
477 107
478 105
479 50
480 106
481 96
482 84
483 119
484 108
485 112
486 122
487 90
488 117
489 99
490 94
491 158
492 64
493 126
494 93
495 64
496 98
497 99
498 83
499 79
500 122
501 87
502 85
503 93
504 104
505 116
506 126
507 116
508 54
509 158
510 106
511 64
512 126
513 88
514 62
515 71
516 84
517 94
518 65
519 73
520 119
521 105
522 72
523 98
524 100
525 46
526 87
527 119
528 86
529 101
530 53
531 125
532 130
533 156
534 129
535 108
536 131
537 127
538 128
539 113
540 68
541 110
542 129
543 78
544 111
545 83
546 119
547 168
548 36
549 88
550 103
551 129
552 104
553 54
554 101
555 89
556 110
557 118
558 127
559 100
560 102
561 112
562 141
563 0
564 106
565 38
566 95
567 116
568 82
569 124
570 83
571 130
572 116
573 84
574 133
575 100
576 114
577 88
578 92
579 113
580 106
581 60
582 169
583 86
584 175
585 148
586 137
587 104
588 105
589 83
590 86
591 66
592 142
593 0
594 100
595 78
596 108
597 116
598 114
599 100
600 138
601 130
602 64
603 89
604 108
605 129
606 122
607 81
608 98
609 97
610 90
611 81
612 80
613 86
614 153
615 77
616 68
617 123
618 141
619 111
620 127
621 90
622 71
623 122
624 110
625 147
626 177
627 104
628 121
629 166
630 109
631 91
632 123
633 97
634 134
635 131
636 75
637 104
638 97
639 85
640 110
641 107
642 148
643 86
644 99
645 93
646 102
647 133
648 93
649 91
650 105
651 116
652 63
653 181
654 86
655 52
656 138
657 111
658 82
659 104
660 84
661 124
662 106
663 111
664 156
665 161
666 91
667 113
668 101
669 124
670 93
671 149
672 65
673 121
674 106
675 92
676 115
677 119
678 88
679 66
680 111
681 103
682 95
683 83
684 103
685 111
686 126
687 76
688 112
689 137
690 82
691 109
692 144
693 115
694 124
695 90
696 79
697 138
698 112
699 57
700 132
701 91
702 83
703 98
704 74
705 104
706 99
707 114
708 79
709 101
710 135
711 111
712 89
713 56
714 128
715 130
716 123
717 115
718 112
719 111
720 119
721 109
722 84
723 105
724 104
725 106
726 99
727 158
728 111
729 123
730 141
731 89
732 120
733 104
734 123
735 45
736 112
737 103
738 76
739 106
740 95
741 138
742 143
743 123
744 116
745 114
746 114
747 127
748 149
749 95
750 72
751 119
752 140
753 109
754 117
755 109
756 116
757 164
758 49
759 126
760 112
761 132
762 91
763 94
764 76
765 112
766 99
767 96
768 130
769 172
770 109
771 123
772 96
773 89
774 104
775 105
776 140
777 91
778 89
779 90
780 94
781 52
782 95
783 153
784 124
785 84
786 98
787 121
788 102
789 97
790 90
791 119
792 89
793 174
794 121
795 123
796 123
797 132
798 174
799 122
800 131
801 131
802 100
803 91
804 168
805 104
806 162
807 168
808 109
809 51
810 151
811 138
812 125
813 148
814 101
815 120
816 114
817 88
818 96
819 137
820 71
821 136
822 124
823 141
824 187
825 98
826 71
827 155
828 137
829 123
830 94
831 119
832 165
833 113
834 112
835 108
836 115
837 96
838 79
839 138
840 65
841 106
842 107
843 100
844 65
845 113
846 79
847 130
848 105
849 113
850 85
851 118
852 82
853 140
854 77
855 117
856 83
857 92
858 102
859 67
860 70
861 86
862 118
863 100
864 105
865 106
866 94
867 64
868 159
869 110
870 119
871 80
872 123
873 129
874 127
875 100
876 97
877 133
878 117
879 114
880 130
881 88
882 110
883 102
884 152
885 107
886 45
887 138
888 39
889 109
890 98
891 127
892 86
893 97
894 154
895 179
896 116
897 116
898 64
899 105
900 114
901 121
902 94
903 120
904 129
905 134
906 105
907 86
908 73
909 120
910 54
911 120
912 94
913 52
914 92
915 111
916 100
917 121
918 124
919 104
920 114
921 107
922 128
923 107
924 85
925 122
926 99
927 63
928 124
929 119
930 117
931 120
932 64
933 126
934 90
935 109
936 148
937 111
938 161
939 124
940 117
941 130
942 63
943 104
944 88
945 144
946 71
947 113
948 76
949 95
950 81
951 112
952 84
953 70
954 108
955 121
956 108
957 102
958 110
959 110
960 114
961 124
962 119
963 133
964 130
965 53
966 94
967 121
968 99
969 121
970 48
971 85
972 145
973 98
974 111
975 105
976 106
977 99
978 110
979 118
980 87
981 86
982 108
983 110
984 108
985 111
986 100
987 91
988 163
989 131
990 140
991 89
992 103
993 88
994 107
995 81
996 138
997 94
998 92
999 158
1000 94
1001 86
1002 95
1003 58
1004 70
1005 127
1006 90
1007 76
1008 68
1009 106
1010 107
1011 128
1012 108
1013 102
1014 106
1015 71
1016 120
1017 107
1018 88
1019 112
1020 115
1021 111
1022 109
1023 53
1024 133
1025 124
1026 107
1027 98
1028 110
1029 121
1030 149
1031 97
1032 95
1033 115
1034 110
1035 88
1036 90
1037 114
1038 113
1039 120
1040 89
1041 119
1042 153
1043 127
1044 107
1045 110
1046 152
1047 109
1048 130
1049 109
1050 78
1051 114
1052 123
1053 92
1054 41
1055 108
1056 124
1057 112
1058 148
1059 58
1060 83
1061 95
1062 90
1063 124
1064 148
1065 148
1066 105
1067 132
1068 97
1069 51
1070 116
1071 118
1072 90
1073 28
1074 142
1075 75
1076 107
1077 105
1078 143
1079 110
1080 195
1081 93
1082 120
1083 150
1084 70
1085 105
1086 107
1087 133
1088 104
1089 121
1090 118
1091 79
1092 96
1093 112
1094 90
1095 62
1096 142
1097 19
1098 101
1099 102
1100 53
1101 123
1102 111
1103 112
1104 142
1105 137
1106 118
1107 107
1108 102
1109 85
1110 171
1111 107
1112 79
1113 72
1114 123
1115 154
1116 81
1117 83
1118 132
1119 124
1120 108
1121 153
1122 135
1123 74
1124 80
1125 119
1126 91
1127 139
1128 142
1129 115
1130 107
1131 129
1132 176
1133 90
1134 104
1135 107
1136 126
1137 120
1138 127
1139 108
1140 112
1141 95
1142 44
1143 111
1144 88
1145 127
1146 127
1147 96
1148 124
1149 117
1150 86
1151 110
1152 141
1153 100
1154 86
1155 77
1156 120
1157 123
1158 154
1159 98
1160 111
1161 90
1162 100
1163 54
1164 121
1165 136
1166 90
1167 124
1168 105
1169 81
1170 155
1171 110
1172 91
1173 124
1174 40
1175 75
1176 16
1177 105
1178 115
1179 164
1180 89
1181 104
1182 131
1183 100
1184 80
1185 108
1186 87
1187 123
1188 168
1189 81
1190 110
1191 145
1192 111
1193 81
1194 144
1195 30
1196 120
1197 115
1198 132
1199 82
1200 116
1201 160
1202 59
1203 123
1204 110
1205 96
1206 150
1207 132
1208 107
1209 122
1210 129
1211 129
1212 83
1213 98
1214 124
1215 132
1216 93
1217 152
1218 46
1219 133
1220 144
1221 91
1222 121
1223 54
1224 103
1225 107
1226 108
1227 95
1228 125
1229 96
1230 129
1231 30
1232 130
1233 69
1234 129
1235 96
1236 103
1237 87
1238 97
1239 105
1240 107
1241 119
1242 142
1243 109
1244 97
1245 134
1246 120
1247 107
1248 116
1249 92
1250 123
1251 59
1252 106
1253 121
1254 76
1255 118
1256 101
1257 121
1258 113
1259 92
1260 95
1261 147
1262 121
1263 83
1264 94
1265 122
1266 130
1267 75
1268 143
1269 97
1270 109
1271 118
1272 104
1273 99
1274 93
1275 78
1276 129
1277 81
1278 104
1279 113
1280 134
1281 131
1282 107
1283 127
1284 133
1285 109
1286 87
1287 78
1288 147
1289 123
1290 103
1291 142
1292 126
1293 92
1294 92
1295 79
1296 82
1297 107
1298 139
1299 156
1300 87
1301 143
1302 96
1303 95
1304 71
1305 73
1306 74
1307 132
1308 116
1309 111
1310 145
1311 120
1312 185
1313 108
1314 123
1315 112
1316 145
1317 75
1318 96
1319 110
1320 116
1321 99
1322 111
1323 83
1324 75
1325 116
1326 92
1327 117
1328 86
1329 93
1330 92
1331 109
1332 145
1333 75
1334 123
1335 135
1336 127
1337 98
1338 123
1339 131
1340 120
1341 113
1342 101
1343 132
1344 70
1345 72
1346 139
1347 111
1348 57
1349 119
1350 133
1351 74
1352 126
1353 146
1354 113
1355 98
1356 96
1357 110
1358 57
1359 90
1360 100
1361 126
1362 68
1363 109
1364 85
1365 130
1366 96
1367 90
1368 141
1369 117
1370 92
1371 139
1372 79
1373 104
1374 109
1375 87
1376 112
1377 69
1378 121
1379 103
1380 102
1381 125
1382 145
1383 159
1384 134
1385 135
1386 87
1387 78
1388 127
1389 99
1390 155
1391 73
1392 77
1393 101
1394 115
1395 79
1396 106
1397 113
1398 82
1399 98
1400 128
1401 112
1402 115
1403 130
1404 81
1405 121
1406 87
1407 123
1408 84
1409 121
1410 131
1411 139
1412 116
1413 111
1414 166
1415 144
1416 110
1417 120
1418 110
1419 129
1420 93
1421 97
1422 137
1423 108
1424 89
1425 130
1426 136
1427 113
1428 112
1429 89
1430 58
1431 92
1432 109
1433 75
1434 122
1435 76
1436 116
1437 126
1438 100
1439 115
1440 156
1441 87
1442 87
1443 112
1444 131
1445 122
1446 94
1447 88
1448 105
1449 109
1450 129
1451 91
1452 87
1453 123
1454 77
1455 170
1456 87
1457 103
1458 110
1459 98
1460 104
1461 121
1462 76
1463 77
1464 120
1465 110
1466 92
1467 116
1468 134
1469 142
1470 101
1471 82
1472 92
1473 133
1474 98
1475 85
1476 124
1477 83
1478 62
1479 139
1480 85
1481 105
1482 113
1483 117
1484 132
1485 134
1486 154
1487 97
1488 109
1489 77
1490 143
1491 92
1492 115
1493 94
1494 138
1495 125
1496 98
1497 106
1498 68
1499 45
1500 149
1501 84
1502 101
1503 118
1504 127
1505 117
1506 96
1507 140
1508 118
1509 100
1510 116
1511 112
1512 91
1513 94
1514 110
1515 113
1516 151
1517 86
1518 170
1519 154
1520 121
1521 85
1522 112
1523 121
1524 91
1525 109
1526 89
1527 108
1528 55
1529 117
1530 123
1531 88
1532 98
1533 97
1534 122
1535 86
1536 101
1537 67
1538 104
1539 139
1540 61
1541 82
1542 93
1543 104
1544 95
1545 84
1546 110
1547 76
1548 112
1549 85
1550 88
1551 120
1552 142
1553 91
1554 122
1555 73
1556 117
1557 66
1558 136
1559 83
1560 134
1561 96
1562 107
1563 101
1564 97
1565 121
1566 95
1567 115
1568 85
1569 108
1570 100
1571 113
1572 79
1573 148
1574 138
1575 106
1576 161
1577 139
1578 110
1579 89
1580 123
1581 127
1582 75
1583 127
1584 129
1585 92
1586 132
1587 118
1588 124
1589 98
1590 144
1591 159
1592 83
1593 106
1594 103
1595 153
1596 138
1597 72
1598 82
1599 117
1600 82
1601 117
1602 66
1603 118
1604 124
1605 141
1606 135
1607 98
1608 147
1609 159
1610 122
1611 156
1612 123
1613 74
1614 97
1615 106
1616 96
1617 81
1618 164
1619 103
1620 129
1621 97
1622 128
1623 105
1624 141
1625 110
1626 116
1627 110
1628 86
1629 78
1630 116
1631 104
1632 144
1633 126
1634 112
1635 118
1636 96
1637 143
1638 108
1639 98
1640 91
1641 98
1642 103
1643 60
1644 124
1645 138
1646 122
1647 85
1648 62
1649 64
1650 101
1651 100
1652 124
1653 129
1654 147
1655 92
1656 100
1657 107
1658 147
1659 101
1660 153
1661 122
1662 112
1663 134
1664 96
1665 88
1666 99
1667 99
1668 110
1669 91
1670 154
1671 117
1672 94
1673 139
1674 139
1675 88
1676 69
1677 108
1678 119
1679 122
1680 91
1681 111
1682 106
1683 121
1684 132
1685 114
1686 84
1687 127
1688 89
1689 101
1690 81
1691 54
1692 122
1693 142
1694 76
1695 0
1696 98
1697 118
1698 91
1699 107
1700 74
1701 107
1702 166
1703 142
1704 125
1705 60
1706 104
1707 105
1708 102
1709 126
1710 119
1711 166
1712 108
1713 63
1714 179
1715 119
1716 119
1717 95
1718 112
1719 100
1720 130
1721 147
1722 107
1723 124
1724 115
1725 97
1726 134
1727 96
1728 95
1729 85
1730 160
1731 134
1732 142
1733 96
1734 116
1735 125
1736 118
1737 115
1738 91
1739 113
1740 115
1741 114
1742 111
1743 76
1744 83
1745 105
1746 125
1747 102
1748 35
1749 90
1750 130
1751 97
1752 90
1753 74
1754 100
1755 171
1756 96
1757 55
1758 101
1759 88
1760 90
1761 111
1762 96
1763 124
1764 121
1765 107
1766 134
1767 127
1768 121
1769 84
1770 125
1771 113
1772 140
1773 107
1774 37
1775 100
1776 81
1777 117
1778 62
1779 104
1780 54
1781 69
1782 160
1783 85
1784 125
1785 92
1786 62
1787 95
1788 99
1789 86
1790 112
1791 80
1792 84
1793 78
1794 128
1795 167
1796 175
1797 72
1798 92
1799 77
1800 80
1801 56
1802 121
1803 108
1804 95
1805 100
1806 146
1807 60
1808 154
1809 124
1810 92
1811 134
1812 110
1813 111
1814 90
1815 125
1816 143
1817 117
1818 149
1819 114
1820 122
1821 116
1822 106
1823 122
1824 103
1825 82
1826 107
1827 108
1828 89
1829 117
1830 126
1831 109
1832 98
1833 96
1834 117
1835 120
1836 117
1837 153
1838 123
1839 127
1840 44
1841 90
1842 70
1843 110
1844 134
1845 168
1846 109
1847 91
1848 129
1849 79
1850 92
1851 91
1852 135
1853 66
1854 122
1855 89
1856 110
1857 154
1858 118
1859 138
1860 96
1861 136
1862 118
1863 84
1864 55
1865 126
1866 98
1867 109
1868 105
1869 82
1870 39
1871 136
1872 92
1873 101
1874 61
1875 78
1876 109
1877 107
1878 51
1879 93
1880 104
1881 84
1882 117
1883 114
1884 119
1885 117
1886 88
1887 125
1888 110
1889 80
1890 110
1891 92
1892 69
1893 88
1894 122
1895 89
1896 117
1897 111
1898 66
1899 111
1900 195
1901 89
1902 81
1903 125
1904 154
1905 60
1906 103
1907 89
1908 103
1909 94
1910 89
1911 106
1912 130
1913 123
1914 159
1915 97
1916 81
1917 113
1918 133
1919 123
1920 115
1921 86
1922 120
1923 75
1924 96
1925 110
1926 145
1927 74
1928 79
1929 118
1930 153
1931 77
1932 124
1933 112
1934 104
1935 103
1936 126
1937 101
1938 111
1939 99
1940 93
1941 92
1942 86
1943 112
1944 107
1945 99
1946 92
1947 128
1948 98
1949 114
1950 114
1951 121
1952 95
1953 142
1954 131
1955 109
1956 102
1957 87
1958 107
1959 88
1960 34
1961 121
1962 115
1963 46
1964 100
1965 84
1966 122
1967 103
1968 133
1969 111
1970 129
1971 88
1972 101
1973 82
1974 75
1975 127
1976 134
1977 129
1978 123
1979 107
1980 92
1981 20
1982 77
1983 138
1984 116
1985 84
1986 116
1987 83
1988 94
1989 60
1990 116
1991 105
1992 85
1993 107
1994 83
1995 126
1996 127
1997 90
1998 108
1999 117
2000 142
2001 99
2002 99
2003 149
2004 84
2005 74
2006 144
2007 118
2008 119
2009 100
2010 100
2011 150
2012 95
2013 116
2014 129
2015 106
2016 97
2017 126
2018 109
2019 129
2020 116
2021 107
2022 121
2023 71
2024 128
2025 115
2026 103
2027 52
2028 118
2029 65
2030 119
2031 77
2032 73
2033 124
2034 123
2035 91
2036 50
2037 112
2038 127
2039 101
2040 103
2041 87
2042 143
2043 103
2044 80
2045 76
2046 83
2047 105
2048 131
2049 147
2050 139
2051 111
2052 140
2053 89
2054 181
2055 41
2056 106
2057 91
2058 96
2059 118
2060 94
2061 120
2062 128
2063 131
2064 118
2065 164
2066 121
2067 99
2068 116
2069 99
2070 69
2071 112
2072 109
2073 116
2074 48
2075 89
2076 180
2077 76
2078 88
2079 32
2080 144
2081 102
2082 144
2083 112
2084 120
2085 143
2086 79
2087 104
2088 103
2089 80
2090 85
2091 78
2092 137
2093 104
2094 111
2095 160
2096 114
2097 223
2098 150
2099 108
2100 79
2101 95
2102 75
2103 54
2104 62
2105 88
2106 119
2107 106
2108 91
2109 111
2110 99
2111 107
2112 129
2113 155
2114 102
2115 114
2116 85
2117 114
2118 66
2119 116
2120 94
2121 98
2122 141
2123 115
2124 82
2125 107
2126 84
2127 127
2128 112
2129 120
2130 85
2131 96
2132 73
2133 94
2134 89
2135 90
2136 111
2137 80
2138 120
2139 108
2140 79
2141 80
2142 118
2143 98
2144 131
2145 120
2146 114
2147 77
2148 74
2149 123
2150 99
2151 149
2152 96
2153 69
2154 130
2155 91
2156 109
2157 102
2158 111
2159 78
2160 103
2161 110
2162 96
2163 88
2164 78
2165 127
2166 64
2167 107
2168 114
2169 111
2170 94
2171 152
2172 106
2173 105
2174 135
2175 105
2176 106
2177 79
2178 212
2179 40
2180 77
2181 82
2182 98
2183 106
2184 147
2185 81
2186 130
2187 118
2188 124
2189 99
2190 114
2191 106
2192 66
2193 80
2194 82
2195 102
2196 97
2197 78
2198 164
2199 102
2200 117
2201 114
2202 93
2203 88
2204 107
2205 98
2206 76
2207 136
2208 110
2209 104
2210 130
2211 88
2212 90
2213 158
2214 101
2215 137
2216 112
2217 75
2218 114
2219 138
2220 105
2221 103
2222 104
2223 104
2224 105
2225 142
2226 128
2227 136
2228 106
2229 106
2230 132
2231 96
2232 117
2233 107
2234 109
2235 92
2236 87
2237 87
2238 115
2239 73
2240 110
2241 138
2242 87
2243 117
2244 119
2245 95
2246 112
2247 117
2248 65
2249 118
2250 62
2251 104
2252 102
2253 120
2254 119
2255 93
2256 119
2257 124
2258 115
2259 83
2260 113
2261 144
2262 148
2263 104
2264 109
2265 121
2266 160
2267 65
2268 110
2269 106
2270 87
2271 110
2272 148
2273 74
2274 116
2275 79
2276 131
2277 117
2278 92
2279 119
2280 82
2281 132
2282 145
2283 79
2284 118
2285 98
2286 125
2287 107
2288 120
2289 119
2290 137
2291 192
2292 74
2293 108
2294 98
2295 106
2296 119
2297 116
2298 135
2299 112
2300 95
2301 109
2302 120
2303 103
2304 115
2305 57
2306 75
2307 93
2308 115
2309 109
2310 98
2311 107
2312 82
2313 155
2314 64
2315 66
2316 118
2317 87
2318 107
2319 113
2320 90
2321 55
2322 91
2323 115
2324 65
2325 139
2326 125
2327 149
2328 90
2329 149
2330 86
2331 126
2332 87
2333 100
2334 94
2335 81
2336 124
2337 102
2338 99
2339 136
2340 157
2341 101
2342 113
2343 121
2344 120
2345 95
2346 90
2347 70
2348 104
2349 178
2350 98
2351 83
2352 91
2353 74
2354 127
2355 145
2356 54
2357 167
2358 129
2359 78
2360 161
2361 69
2362 89
2363 100
2364 134
2365 67
2366 86
2367 138
2368 147
2369 182
2370 115
2371 134
2372 98
2373 104
2374 107
2375 135
2376 143
2377 139
2378 48
2379 111
2380 108
2381 102
2382 74
2383 111
2384 76
2385 96
2386 97
2387 104
2388 110
2389 111
2390 100
2391 114
2392 91
2393 120
2394 119
2395 106
2396 114
2397 95
2398 112
2399 107
2400 91
2401 103
2402 142
2403 114
2404 81
2405 134
2406 96
2407 87
2408 82
2409 84
2410 101
2411 87
2412 97
2413 112
2414 115
2415 103
2416 114
2417 105
2418 134
2419 65
2420 140
2421 68
2422 95
2423 107
2424 131
2425 101
2426 127
2427 103
2428 77
2429 119
2430 126
2431 93
2432 107
2433 89
2434 144
2435 93
2436 124
2437 103
2438 86
2439 88
2440 93
2441 97
2442 46
2443 106
2444 74
2445 96
2446 142
2447 103
2448 97
2449 97
2450 125
2451 98
2452 96
2453 110
2454 124
2455 117
2456 108
2457 105
2458 103
2459 100
2460 109
2461 80
2462 88
2463 68
2464 108
2465 124
2466 85
2467 103
2468 90
2469 136
2470 94
2471 102
2472 54
2473 96
2474 126
2475 111
2476 114
2477 113
2478 137
2479 83
2480 109
2481 96
2482 89
2483 69
2484 125
2485 112
2486 103
2487 100
2488 93
2489 138
2490 177
2491 123
2492 83
2493 80
2494 107
2495 110
2496 102
2497 121
2498 140
2499 124
2500 136
2501 102
2502 43
2503 86
2504 98
2505 141
2506 121
2507 118
2508 114
2509 89
2510 96
2511 146
2512 79
2513 109
2514 137
2515 91
2516 88
2517 127
2518 114
2519 99
2520 123
2521 95
2522 97
2523 93
2524 139
2525 112
2526 112
2527 144
2528 91
2529 86
2530 109
2531 119
2532 104
2533 71
2534 65
2535 130
2536 157
2537 106
2538 84
2539 97
2540 138
2541 107
2542 116
2543 107
2544 78
2545 94
2546 121
2547 95
2548 155
2549 79
2550 129
2551 96
2552 106
2553 135
2554 104
2555 75
2556 131
2557 58
2558 122
2559 121
2560 60
2561 70
2562 126
2563 105
2564 100
2565 85
2566 84
2567 133
2568 119
2569 107
2570 83
2571 106
2572 84
2573 92
2574 114
2575 112
2576 75
2577 111
2578 130
2579 71
2580 93
2581 118
2582 63
2583 118
2584 90
2585 106
2586 140
2587 72
2588 138
2589 86
2590 96
2591 99
2592 129
2593 90
2594 141
2595 88
2596 125
2597 112
2598 79
2599 107
2600 89
2601 121
2602 112
2603 112
2604 100
2605 110
2606 94
2607 168
2608 36
2609 143
2610 98
2611 121
2612 104
2613 167
2614 105
2615 143
2616 115
2617 154
2618 68
2619 129
2620 121
2621 103
2622 118
2623 131
2624 94
2625 122
2626 94
2627 120
2628 93
2629 89
2630 180
2631 108
2632 117
2633 149
2634 69
2635 84
2636 125
2637 92
2638 112
2639 98
2640 135
2641 95
2642 114
2643 75
2644 117
2645 73
2646 130
2647 113
2648 73
2649 72
2650 59
2651 128
2652 46
2653 179
2654 165
2655 151
2656 120
2657 133
2658 102
2659 122
2660 106
2661 78
2662 107
2663 128
2664 116
2665 0
2666 108
2667 103
2668 100
2669 103
2670 113
2671 94
2672 71
2673 107
2674 100
2675 83
2676 78
2677 107
2678 125
2679 99
2680 127
2681 140
2682 39
2683 115
2684 85
2685 111
2686 84
2687 107
2688 101
2689 110
2690 92
2691 80
2692 69
2693 127
2694 99
2695 151
2696 111
2697 78
2698 104
2699 90
2700 113
2701 151
2702 42
2703 72
2704 129
2705 116
2706 96
2707 51
2708 106
2709 110
2710 82
2711 88
2712 130
2713 106
2714 142
2715 112
2716 71
2717 183
2718 134
2719 128
2720 111
2721 36
2722 138
2723 117
2724 174
2725 105
2726 128
2727 129
2728 86
2729 107
2730 67
2731 151
2732 85
2733 98
2734 94
2735 136
2736 96
2737 109
2738 89
2739 111
2740 160
2741 75
2742 107
2743 129
2744 117
2745 139
2746 59
2747 117
2748 144
2749 119
2750 139
2751 80
2752 119
2753 89
2754 103
2755 165
2756 154
2757 129
2758 111
2759 108
2760 132
2761 82
2762 53
2763 70
2764 124
2765 124
2766 131
2767 112
2768 103
2769 96
2770 64
2771 125
2772 158
2773 108
2774 70
2775 91
2776 122
2777 131
2778 142
2779 93
2780 92
2781 64
2782 115
2783 111
2784 101
2785 107
2786 95
2787 91
2788 142
2789 119
2790 107
2791 153
2792 97
2793 142
2794 89
2795 123
2796 100
2797 92
2798 106
2799 149
2800 121
2801 150
2802 102
2803 113
2804 88
2805 113
2806 102
2807 120
2808 80
2809 77
2810 108
2811 121
2812 118
2813 109
2814 57
2815 142
2816 93
2817 128
2818 148
2819 83
2820 103
2821 131
2822 96
2823 91
2824 123
2825 115
2826 130
2827 121
2828 77
2829 111
2830 112
2831 90
2832 88
2833 107
2834 64
2835 85
2836 97
2837 110
2838 132
2839 109
2840 118
2841 145
2842 93
2843 139
2844 69
2845 109
2846 153
2847 111
2848 97
2849 82
2850 60
2851 76
2852 125
2853 151
2854 158
2855 159
2856 118
2857 89
2858 134
2859 94
2860 80
2861 85
2862 114
2863 57
2864 146
2865 151
2866 114
2867 114
2868 97
2869 144
2870 105
2871 117
2872 119
2873 115
2874 103
2875 105
2876 73
2877 118
2878 113
2879 93
2880 112
2881 146
2882 109
2883 141
2884 104
2885 102
2886 97
2887 98
2888 115
2889 62
2890 84
2891 102
2892 100
2893 76
2894 100
2895 73
2896 95
2897 83
2898 101
2899 74
2900 125
2901 123
2902 111
2903 120
2904 87
2905 146
2906 90
2907 100
2908 98
2909 96
2910 90
2911 120
2912 136
2913 103
2914 69
2915 77
2916 122
2917 124
2918 112
2919 67
2920 117
2921 79
2922 42
2923 123
2924 114
2925 91
2926 110
2927 88
2928 99
2929 101
2930 91
2931 121
2932 110
2933 86
2934 129
2935 126
2936 77
2937 152
2938 85
2939 103
2940 126
2941 103
2942 137
2943 102
2944 82
2945 83
2946 134
2947 112
2948 78
2949 109
2950 122
2951 52
2952 107
2953 105
2954 133
2955 122
2956 89
2957 111
2958 147
2959 95
2960 81
2961 111
2962 124
2963 102
2964 138
2965 89
2966 76
2967 120
2968 119
2969 103
2970 87
2971 121
2972 59
2973 124
2974 127
2975 71
2976 105
2977 104
2978 96
2979 128
2980 80
2981 97
2982 100
2983 110
2984 109
2985 108
2986 102
2987 125
2988 95
2989 118
2990 109
2991 96
2992 76
2993 92
2994 86
2995 77
2996 118
2997 106
2998 135
2999 123
3000 85
3001 100
3002 78
3003 46
3004 104
3005 143
3006 71
3007 86
3008 102
3009 174
3010 123
3011 81
3012 104
3013 125
3014 110
3015 97
3016 116
3017 146
3018 118
3019 103
3020 118
3021 107
3022 115
3023 139
3024 138
3025 81
3026 108
3027 149
3028 75
3029 62
3030 116
3031 54
3032 143
3033 128
3034 121
3035 135
3036 100
3037 114
3038 120
3039 115
3040 123
3041 162
3042 101
3043 96
3044 120
3045 68
3046 99
3047 110
3048 136
3049 108
3050 119
3051 67
3052 106
3053 84
3054 97
3055 156
3056 109
3057 121
3058 134
3059 91
3060 135
3061 88
3062 47
3063 125
3064 95
3065 61
3066 71
3067 177
3068 111
3069 103
3070 103
3071 93
3072 119
3073 88
3074 109
3075 116
3076 109
3077 99
3078 85
3079 119
3080 105
3081 112
3082 94
3083 102
3084 155
3085 105
3086 103
3087 177
3088 100
3089 108
3090 111
3091 116
3092 67
3093 66
3094 120
3095 126
3096 114
3097 86
3098 62
3099 112
3100 109
3101 124
3102 83
3103 135
3104 90
3105 109
3106 96
3107 129
3108 112
3109 62
3110 104
3111 124
3112 139
3113 103
3114 155
3115 95
3116 75
3117 100
3118 132
3119 123
3120 83
3121 118
3122 121
3123 118
3124 103
3125 81
3126 84
3127 115
3128 162
3129 101
3130 83
3131 44
3132 120
3133 72
3134 91
3135 75
3136 97
3137 109
3138 100
3139 131
3140 94
3141 136
3142 93
3143 130
3144 87
3145 91
3146 93
3147 108
3148 101
3149 101
3150 104
3151 87
3152 96
3153 117
3154 78
3155 121
3156 103
3157 97
3158 100
3159 75
3160 116
3161 122
3162 113
3163 132
3164 85
3165 85
3166 95
3167 105
3168 122
3169 100
3170 100
3171 124
3172 132
3173 140
3174 67
3175 105
3176 82
3177 208
3178 54
3179 69
3180 98
3181 117
3182 97
3183 137
3184 125
3185 160
3186 119
3187 144
3188 148
3189 100
3190 92
3191 95
3192 117
3193 122
3194 103
3195 89
3196 117
3197 126
3198 52
3199 128
3200 104
3201 154
3202 117
3203 106
3204 78
3205 106
3206 102
3207 119
3208 80
3209 100
3210 163
3211 108
3212 75
3213 129
3214 155
3215 118
3216 90
3217 133
3218 92
3219 4
3220 111
3221 111
3222 121
3223 95
3224 72
3225 85
3226 161
3227 78
3228 123
3229 119
3230 131
3231 108
3232 53
3233 124
3234 111
3235 124
3236 75
3237 118
3238 79
3239 91
3240 91
3241 70
3242 71
3243 103
3244 113
3245 110
3246 125
3247 128
3248 114
3249 87
3250 90
3251 69
3252 129
3253 95
3254 102
3255 137
3256 133
3257 97
3258 124
3259 72
3260 90
3261 103
3262 108
3263 77
3264 138
3265 97
3266 127
3267 121
3268 96
3269 132
3270 101
3271 111
3272 106
3273 31
3274 94
3275 137
3276 110
3277 84
3278 94
3279 121
3280 83
3281 98
3282 98
3283 98
3284 103
3285 126
3286 128
3287 148
3288 124
3289 102
3290 81
3291 141
3292 142
3293 97
3294 142
3295 120
3296 136
3297 139
3298 99
3299 108
3300 88
3301 114
3302 86
3303 128
3304 72
3305 92
3306 118
3307 108
3308 90
3309 77
3310 118
3311 122
3312 114
3313 123
3314 123
3315 109
3316 114
3317 86
3318 61
3319 64
3320 164
3321 36
3322 120
3323 148
3324 93
3325 95
3326 155
3327 93
3328 102
3329 134
3330 114
3331 91
3332 102
3333 73
3334 94
3335 85
3336 117
3337 158
3338 67
3339 92
3340 68
3341 105
3342 151
3343 80
3344 95
3345 111
3346 116
3347 116
3348 119
3349 121
3350 101
3351 131
3352 177
3353 143
3354 108
3355 131
3356 109
3357 102
3358 92
3359 69
3360 131
3361 94
3362 86
3363 120
3364 112
3365 135
3366 120
3367 101
3368 108
3369 81
3370 115
3371 127
3372 102
3373 85
3374 77
3375 132
3376 108
3377 127
3378 109
3379 117
3380 80
3381 106
3382 109
3383 76
3384 106
3385 93
3386 100
3387 137
3388 84
3389 92
3390 99
3391 138
3392 112
3393 103
3394 103
3395 97
3396 88
3397 103
3398 85
3399 71
3400 89
3401 135
3402 109
3403 51
3404 107
3405 124
3406 90
3407 153
3408 120
3409 96
3410 74
3411 93
3412 85
3413 138
3414 141
3415 81
3416 106
3417 108
3418 150
3419 75
3420 109
3421 139
3422 63
3423 100
3424 141
3425 121
3426 102
3427 98
3428 152
3429 66
3430 63
3431 115
3432 122
3433 126
3434 100
3435 88
3436 153
3437 123
3438 119
3439 88
3440 107
3441 104
3442 115
3443 87
3444 103
3445 110
3446 148
3447 106
3448 132
3449 132
3450 145
3451 96
3452 87
3453 101
3454 142
3455 93
3456 114
3457 138
3458 83
3459 126
3460 79
3461 132
3462 113
3463 123
3464 95
3465 144
3466 66
3467 134
3468 65
3469 80
3470 120
3471 107
3472 105
3473 127
3474 75
3475 155
3476 141
3477 82
3478 93
3479 90
3480 92
3481 156
3482 136
3483 83
3484 151
3485 87
3486 83
3487 157
3488 99
3489 140
3490 120
3491 132
3492 82
3493 115
3494 89
3495 134
3496 102
3497 135
3498 144
3499 93
3500 116
3501 99
3502 94
3503 48
3504 138
3505 107
3506 111
3507 91
3508 92
3509 117
3510 125
3511 114
3512 120
3513 127
3514 71
3515 109
3516 79
3517 86
3518 113
3519 114
3520 57
3521 117
3522 109
3523 105
3524 92
3525 147
3526 103
3527 83
3528 134
3529 43
3530 133
3531 103
3532 104
3533 107
3534 91
3535 118
3536 115
3537 103
3538 95
3539 94
3540 118
3541 125
3542 113
3543 93
3544 67
3545 106
3546 111
3547 60
3548 128
3549 122
3550 129
3551 55
3552 155
3553 124
3554 134
3555 137
3556 95
3557 126
3558 118
3559 102
3560 62
3561 122
3562 123
3563 88
3564 90
3565 147
3566 111
3567 156
3568 118
3569 100
3570 107
3571 87
3572 136
3573 114
3574 54
3575 73
3576 88
3577 133
3578 89
3579 93
3580 150
3581 66
3582 114
3583 119
3584 61
3585 90
3586 80
3587 182
3588 90
3589 108
3590 87
3591 135
3592 127
3593 121
3594 96
3595 91
3596 184
3597 115
3598 113
3599 157
3600 131
3601 106
3602 105
3603 98
3604 157
3605 90
3606 97
3607 87
3608 153
3609 112
3610 209
3611 115
3612 147
3613 119
3614 117
3615 83
3616 133
3617 126
3618 119
3619 108
3620 161
3621 109
3622 86
3623 133
3624 181
3625 73
3626 85
3627 173
3628 90
3629 119
3630 77
3631 129
3632 101
3633 84
3634 130
3635 107
3636 99
3637 113
3638 129
3639 71
3640 56
3641 104
3642 36
3643 140
3644 142
3645 83
3646 150
3647 13
3648 101
3649 90
3650 92
3651 136
3652 71
3653 93
3654 90
3655 133
3656 145
3657 78
3658 123
3659 107
3660 77
3661 70
3662 119
3663 99
3664 110
3665 78
3666 95
3667 125
3668 94
3669 111
3670 127
3671 101
3672 86
3673 111
3674 91
3675 120
3676 95
3677 87
3678 116
3679 46
3680 90
3681 128
3682 83
3683 76
3684 101
3685 128
3686 108
3687 165
3688 95
3689 90
3690 92
3691 105
3692 87
3693 165
3694 131
3695 130
3696 131
3697 73
3698 129
3699 119
3700 103
3701 131
3702 106
3703 81
3704 108
3705 81
3706 106
3707 83
3708 116
3709 115
3710 83
3711 91
3712 121
3713 118
3714 141
3715 116
3716 108
3717 128
3718 139
3719 109
3720 88
3721 101
3722 114
3723 108
3724 57
3725 119
3726 110
3727 101
3728 106
3729 96
3730 95
3731 123
3732 115
3733 121
3734 133
3735 97
3736 125
3737 112
3738 117
3739 127
3740 90
3741 94
3742 99
3743 124
3744 69
3745 112
3746 78
3747 113
3748 157
3749 99
3750 137
3751 80
3752 122
3753 186
3754 114
3755 59
3756 101
3757 130
3758 78
3759 105
3760 140
3761 104
3762 94
3763 147
3764 105
3765 82
3766 171
3767 108
3768 72
3769 144
3770 106
3771 140
3772 89
3773 99
3774 85
3775 0
3776 120
3777 125
3778 126
3779 68
3780 110
3781 75
3782 52
3783 118
3784 110
3785 91
3786 101
3787 94
3788 137
3789 98
3790 76
3791 132
3792 88
3793 111
3794 68
3795 99
3796 132
3797 130
3798 109
3799 199
3800 86
3801 139
3802 80
3803 111
3804 100
3805 85
3806 108
3807 80
3808 105
3809 123
3810 119
3811 104
3812 144
3813 124
3814 99
3815 97
3816 70
3817 101
3818 153
3819 93
3820 71
3821 100
3822 151
3823 84
3824 134
3825 84
3826 95
3827 133
3828 132
3829 111
3830 116
3831 149
3832 119
3833 79
3834 102
3835 88
3836 89
3837 124
3838 114
3839 105
3840 94
3841 78
3842 95
3843 128
3844 91
3845 88
3846 97
3847 104
3848 168
3849 116
3850 111
3851 80
3852 119
3853 111
3854 69
3855 117
3856 107
3857 108
3858 95
3859 89
3860 128
3861 58
3862 51
3863 86
3864 91
3865 139
3866 94
3867 125
3868 41
3869 142
3870 74
3871 125
3872 109
3873 114
3874 160
3875 115
3876 111
3877 105
3878 99
3879 110
3880 145
3881 90
3882 110
3883 72
3884 105
3885 127
3886 72
3887 100
3888 78
3889 132
3890 94
3891 104
3892 108
3893 94
3894 65
3895 113
3896 46
3897 124
3898 105
3899 114
3900 107
3901 113
3902 82
3903 126
3904 164
3905 107
3906 69
3907 103
3908 122
3909 104
3910 133
3911 120
3912 147
3913 104
3914 77
3915 118
3916 120
3917 98
3918 128
3919 103
3920 84
3921 86
3922 80
3923 115
3924 117
3925 100
3926 122
3927 94
3928 128
3929 137
3930 100
3931 153
3932 79
3933 100
3934 88
3935 178
3936 122
3937 120
3938 119
3939 129
3940 125
3941 113
3942 88
3943 84
3944 66
3945 118
3946 128
3947 104
3948 90
3949 121
3950 136
3951 56
3952 151
3953 87
3954 81
3955 100
3956 116
3957 90
3958 107
3959 60
3960 113
3961 93
3962 164
3963 104
3964 43
3965 147
3966 113
3967 144
3968 38
3969 106
3970 102
3971 80
3972 109
3973 101
3974 102
3975 92
3976 160
3977 97
3978 82
3979 118
3980 87
3981 76
3982 94
3983 124
3984 117
3985 88
3986 66
3987 63
3988 124
3989 119
3990 65
3991 128
3992 143
3993 107
3994 129
3995 105
3996 110
3997 137
3998 107
3999 121
4000 79
4001 118
4002 75
4003 139
4004 136
4005 113
4006 106
4007 86
4008 115
4009 134
4010 100
4011 98
4012 107
4013 121
4014 111
4015 100
4016 90
4017 136
4018 133
4019 72
4020 82
4021 76
4022 79
4023 132
4024 114
4025 159
4026 119
4027 85
4028 106
4029 113
4030 190
4031 126
4032 120
4033 58
4034 101
4035 113
4036 80
4037 89
4038 113
4039 105
4040 118
4041 108
4042 132
4043 103
4044 151
4045 147
4046 109
4047 135
4048 122
4049 84
4050 93
4051 124
4052 61
4053 96
4054 131
4055 169
4056 89
4057 141
4058 126
4059 139
4060 118
4061 106
4062 101
4063 122
4064 214
4065 125
4066 80
4067 79
4068 127
4069 119
4070 110
4071 133
4072 78
4073 105
4074 99
4075 82
4076 109
4077 123
4078 46
4079 115
4080 79
4081 145
4082 105
4083 90
4084 98
4085 124
4086 127
4087 101
4088 130
4089 105
4090 117
4091 105
4092 129
4093 172
4094 109
4095 98
4096 111
4097 89
4098 133
4099 96
4100 127
4101 109
4102 132
4103 179
4104 82
4105 103
4106 103
4107 66
4108 100
4109 104
4110 113
4111 135
4112 115
4113 131
4114 179
4115 123
4116 96
4117 109
4118 47
4119 95
4120 156
4121 106
4122 109
4123 108
4124 93
4125 198
4126 110
4127 142
4128 117
4129 115
4130 94
4131 78
4132 111
4133 110
4134 93
4135 81
4136 123
4137 93
4138 93
4139 104
4140 118
4141 122
4142 114
4143 123
4144 135
4145 15
4146 66
4147 133
4148 101
4149 111
4150 113
4151 105
4152 64
4153 81
4154 94
4155 100
4156 90
4157 106
4158 194
4159 122
4160 95
4161 105
4162 116
4163 62
4164 165
4165 193
4166 138
4167 86
4168 141
4169 93
4170 145
4171 117
4172 133
4173 94
4174 100
4175 90
4176 110
4177 97
4178 128
4179 98
4180 43
4181 100
4182 126
4183 131
4184 85
4185 97
4186 114
4187 137
4188 113
4189 129
4190 111
4191 117
4192 98
4193 97
4194 95
4195 72
4196 59
4197 68
4198 94
4199 167
4200 118
4201 111
4202 109
4203 144
4204 118
4205 87
4206 110
4207 144
4208 124
4209 102
4210 90
4211 114
4212 135
4213 134
4214 96
4215 108
4216 82
4217 71
4218 108
4219 111
4220 129
4221 113
4222 87
4223 50
4224 165
4225 104
4226 105
4227 56
4228 110
4229 149
4230 88
4231 86
4232 101
4233 100
4234 110
4235 61
4236 120
4237 86
4238 84
4239 98
4240 113
4241 87
4242 98
4243 88
4244 78
4245 98
4246 110
4247 106
4248 119
4249 136
4250 77
4251 132
4252 63
4253 103
4254 76
4255 127
4256 84
4257 98
4258 140
4259 140
4260 131
4261 151
4262 133
4263 122
4264 90
4265 157
4266 108
4267 129
4268 93
4269 69
4270 107
4271 99
4272 110
4273 140
4274 120
4275 110
4276 59
4277 113
4278 109
4279 138
4280 105
4281 94
4282 130
4283 132
4284 133
4285 122
4286 116
4287 108
4288 103
4289 113
4290 45
4291 78
4292 107
4293 78
4294 101
4295 104
4296 109
4297 120
4298 50
4299 123
4300 98
4301 156
4302 121
4303 129
4304 75
4305 94
4306 106
4307 94
4308 98
4309 111
4310 121
4311 124
4312 85
4313 132
4314 128
4315 31
4316 97
4317 129
4318 138
4319 94
4320 101
4321 101
4322 119
4323 100
4324 87
4325 132
4326 119
4327 89
4328 133
4329 90
4330 99
4331 116
4332 138
4333 82
4334 106
4335 111
4336 107
4337 111
4338 170
4339 50
4340 104
4341 142
4342 78
4343 99
4344 95
4345 96
4346 67
4347 125
4348 90
4349 129
4350 92
4351 79
4352 104
4353 151
4354 92
4355 123
4356 135
4357 89
4358 98
4359 96
4360 131
4361 116
4362 104
4363 113
4364 100
4365 109
4366 70
4367 87
4368 87
4369 166
4370 102
4371 103
4372 53
4373 115
4374 95
4375 84
4376 87
4377 95
4378 55
4379 80
4380 67
4381 181
4382 127
4383 114
4384 142
4385 121
4386 120
4387 115
4388 122
4389 131
4390 166
4391 96
4392 85
4393 129
4394 101
4395 71
4396 117
4397 113
4398 135
4399 100
4400 145
4401 94
4402 151
4403 142
4404 122
4405 88
4406 60
4407 84
4408 103
4409 108
4410 125
4411 115
4412 129
4413 82
4414 91
4415 209
4416 84
4417 116
4418 121
4419 125
4420 69
4421 93
4422 108
4423 114
4424 109
4425 100
4426 104
4427 95
4428 76
4429 94
4430 132
4431 192
4432 149
4433 154
4434 102
4435 180
4436 126
4437 76
4438 81
4439 121
4440 88
4441 34
4442 94
4443 35
4444 122
4445 115
4446 75
4447 92
4448 134
4449 80
4450 74
4451 104
4452 76
4453 134
4454 107
4455 88
4456 40
4457 64
4458 99
4459 139
4460 136
4461 116
4462 115
4463 96
4464 121
4465 82
4466 71
4467 115
4468 104
4469 107
4470 89
4471 137
4472 119
4473 104
4474 94
4475 77
4476 157
4477 105
4478 97
4479 72
4480 114
4481 112
4482 92
4483 93
4484 129
4485 109
4486 103
4487 109
4488 135
4489 126
4490 72
4491 114
4492 87
4493 126
4494 109
4495 90
4496 122
4497 119
4498 42
4499 113
4500 176
4501 76
4502 82
4503 101
4504 110
4505 105
4506 129
4507 94
4508 138
4509 80
4510 108
4511 105
4512 109
4513 84
4514 126
4515 107
4516 126
4517 96
4518 120
4519 126
4520 127
4521 137
4522 116
4523 157
4524 100
4525 59
4526 154
4527 101
4528 77
4529 87
4530 137
4531 101
4532 69
4533 93
4534 129
4535 138
4536 112
4537 98
4538 115
4539 82
4540 139
4541 113
4542 98
4543 92
4544 77
4545 127
4546 58
4547 99
4548 104
4549 116
4550 81
4551 134
4552 88
4553 100
4554 167
4555 108
4556 92
4557 53
4558 62
4559 117
4560 99
4561 153
4562 90
4563 87
4564 103
4565 131
4566 105
4567 145
4568 126
4569 105
4570 101
4571 51
4572 107
4573 158
4574 66
4575 126
4576 87
4577 115
4578 90
4579 93
4580 114
4581 126
4582 89
4583 104
4584 91
4585 138
4586 139
4587 67
4588 110
4589 114
4590 131
4591 73
4592 109
4593 187
4594 158
4595 135
4596 127
4597 126
4598 86
4599 145
4600 101
4601 97
4602 99
4603 67
4604 145
4605 119
4606 89
4607 74
4608 121
4609 92
4610 112
4611 132
4612 146
4613 156
4614 104
4615 103
4616 122
4617 122
4618 119
4619 70
4620 172
4621 63
4622 93
4623 37
4624 152
4625 137
4626 68
4627 130
4628 119
4629 104
4630 116
4631 102
4632 119
4633 93
4634 125
4635 101
4636 140
4637 104
4638 89
4639 90
4640 117
4641 73
4642 88
4643 148
4644 70
4645 102
4646 101
4647 132
4648 95
4649 126
4650 105
4651 154
4652 85
4653 105
4654 90
4655 114
4656 129
4657 117
4658 44
4659 98
4660 168
4661 108
4662 114
4663 72
4664 105
4665 113
4666 98
4667 110
4668 52
4669 131
4670 132
4671 140
4672 146
4673 138
4674 157
4675 127
4676 86
4677 86
4678 102
4679 94
4680 81
4681 70
4682 81
4683 119
4684 87
4685 51
4686 121
4687 115
4688 107
4689 92
4690 105
4691 85
4692 67
4693 92
4694 72
4695 97
4696 100
4697 116
4698 108
4699 75
4700 74
4701 101
4702 97
4703 105
4704 102
4705 142
4706 128
4707 123
4708 118
4709 145
4710 143
4711 147
4712 78
4713 124
4714 101
4715 112
4716 106
4717 102
4718 88
4719 196
4720 134
4721 100
4722 107
4723 142
4724 97
4725 152
4726 116
4727 115
4728 118
4729 106
4730 127
4731 118
4732 145
4733 113
4734 123
4735 93
4736 155
4737 89
4738 128
4739 136
4740 94
4741 107
4742 129
4743 104
4744 66
4745 107
4746 113
4747 55
4748 112
4749 112
4750 76
4751 102
4752 118
4753 177
4754 132
4755 92
4756 121
4757 115
4758 112
4759 133
4760 109
4761 113
4762 88
4763 105
4764 116
4765 90
4766 91
4767 104
4768 157
4769 157
4770 134
4771 98
4772 133
4773 117
4774 123
4775 102
4776 79
4777 129
4778 72
4779 157
4780 136
4781 91
4782 137
4783 109
4784 108
4785 137
4786 90
4787 93
4788 102
4789 134
4790 89
4791 125
4792 76
4793 84
4794 107
4795 123
4796 128
4797 107
4798 131
4799 84
4800 126
4801 126
4802 108
4803 162
4804 75
4805 117
4806 133
4807 104
4808 113
4809 74
4810 119
4811 138
4812 111
4813 59
4814 123
4815 97
4816 115
4817 94
4818 119
4819 136
4820 85
4821 109
4822 114
4823 159
4824 65
4825 139
4826 83
4827 120
4828 108
4829 86
4830 159
4831 97
4832 135
4833 98
4834 110
4835 86
4836 140
4837 94
4838 146
4839 106
4840 138
4841 56
4842 77
4843 98
4844 130
4845 90
4846 75
4847 93
4848 93
4849 138
4850 174
4851 101
4852 131
4853 93
4854 108
4855 110
4856 111
4857 96
4858 125
4859 78
4860 127
4861 88
4862 95
4863 47
4864 102
4865 142
4866 110
4867 50
4868 112
4869 107
4870 72
4871 51
4872 142
4873 97
4874 117
4875 116
4876 126
4877 69
4878 137
4879 97
4880 91
4881 131
4882 97
4883 118
4884 113
4885 156
4886 113
4887 18
4888 128
4889 141
4890 96
4891 112
4892 134
4893 106
4894 91
4895 64
4896 78
4897 162
4898 112
4899 93
4900 116
4901 111
4902 68
4903 64
4904 131
4905 104
4906 127
4907 86
4908 123
4909 106
4910 91
4911 77
4912 122
4913 86
4914 117
4915 87
4916 94
4917 76
4918 92
4919 144
4920 114
4921 130
4922 136
4923 139
4924 133
4925 128
4926 136
4927 102
4928 82
4929 91
4930 121
4931 102
4932 136
4933 123
4934 115
4935 109
4936 135
4937 51
4938 113
4939 90
4940 75
4941 120
4942 44
4943 137
4944 162
4945 133
4946 117
4947 113
4948 80
4949 108
4950 117
4951 116
4952 85
4953 111
4954 112
4955 94
4956 93
4957 67
4958 126
4959 99
4960 5
4961 145
4962 94
4963 103
4964 126
4965 117
4966 58
4967 119
4968 136
4969 88
4970 137
4971 120
4972 74
4973 145
4974 109
4975 114
4976 91
4977 140
4978 150
4979 79
4980 116
4981 137
4982 102
4983 103
4984 123
4985 122
4986 112
4987 111
4988 88
4989 98
4990 110
4991 106
4992 149
4993 105
4994 135
4995 90
4996 119
4997 127
4998 146
4999 76
5000 87
5001 106
5002 34
5003 41
5004 61
5005 124
5006 107
5007 112
5008 99
5009 104
5010 87
5011 133
5012 131
5013 84
5014 123
5015 92
5016 105
5017 93
5018 125
5019 110
5020 112
5021 154
5022 65
5023 139
5024 127
5025 98
5026 134
5027 71
5028 134
5029 116
5030 113
5031 115
5032 69
5033 84
5034 62
5035 64
5036 101
5037 112
5038 105
5039 116
5040 132
5041 94
5042 121
5043 106
5044 155
5045 107
5046 113
5047 95
5048 77
5049 125
5050 73
5051 104
5052 84
5053 118
5054 141
5055 147
5056 130
5057 119
5058 71
5059 85
5060 116
5061 130
5062 138
5063 106
5064 107
5065 148
5066 138
5067 94
5068 39
5069 110
5070 84
5071 83
5072 98
5073 125
5074 105
5075 135
5076 89
5077 90
5078 109
5079 113
5080 110
5081 108
5082 119
5083 139
5084 134
5085 69
5086 120
5087 113
5088 93
5089 114
5090 83
5091 150
5092 80
5093 50
5094 119
5095 66
5096 100
5097 122
5098 91
5099 90
5100 93
5101 104
5102 111
5103 109
5104 133
5105 108
5106 80
5107 127
5108 64
5109 107
5110 119
5111 107
5112 120
5113 126
5114 93
5115 105
5116 73
5117 112
5118 101
5119 133
5120 87
5121 128
5122 104
5123 193
5124 94
5125 88
5126 132
5127 135
5128 100
5129 106
5130 103
5131 133
5132 121
5133 95
5134 91
5135 119
5136 128
5137 110
5138 127
5139 70
5140 71
5141 148
5142 128
5143 116
5144 71
5145 97
5146 122
5147 120
5148 126
5149 112
5150 103
5151 94
5152 103
5153 96
5154 75
5155 118
5156 68
5157 71
5158 103
5159 139
5160 135
5161 102
5162 104
5163 116
5164 123
5165 108
5166 123
5167 97
5168 67
5169 100
5170 85
5171 65
5172 110
5173 95
5174 178
5175 126
5176 129
5177 109
5178 96
5179 106
5180 108
5181 143
5182 110
5183 88
5184 91
5185 140
5186 114
5187 140
5188 122
5189 118
5190 107
5191 113
5192 114
5193 130
5194 117
5195 134
5196 67
5197 104
5198 93
5199 121
5200 97
5201 59
5202 84
5203 89
5204 120
5205 87
5206 117
5207 118
5208 94
5209 101
5210 71
5211 134
5212 118
5213 71
5214 116
5215 139
5216 104
5217 49
5218 119
5219 80
5220 37
5221 123
5222 125
5223 93
5224 127
5225 90
5226 132
5227 62
5228 112
5229 146
5230 127
5231 55
5232 105
5233 102
5234 98
5235 120
5236 119
5237 119
5238 37
5239 102
5240 42
5241 107
5242 90
5243 32
5244 154
5245 107
5246 108
5247 157
5248 103
5249 91
5250 147
5251 102
5252 166
5253 86
5254 91
5255 151
5256 128
5257 117
5258 83
5259 107
5260 114
5261 129
5262 121
5263 125
5264 129
5265 87
5266 114
5267 122
5268 118
5269 48
5270 71
5271 124
5272 81
5273 104
5274 88
5275 91
5276 112
5277 90
5278 87
5279 107
5280 75
5281 139
5282 76
5283 129
5284 126
5285 143
5286 79
5287 131
5288 76
5289 97
5290 116
5291 111
5292 97
5293 98
5294 154
5295 107
5296 127
5297 84
5298 109
5299 87
5300 95
5301 125
5302 101
5303 106
5304 100
5305 95
5306 91
5307 110
5308 102
5309 92
5310 146
5311 142
5312 98
5313 149
5314 102
5315 144
5316 104
5317 139
5318 94
5319 83
5320 121
5321 108
5322 73
5323 136
5324 119
5325 73
5326 88
5327 104
5328 95
5329 96
5330 104
5331 128
5332 93
5333 114
5334 96
5335 108
5336 97
5337 105
5338 100
5339 118
5340 99
5341 108
5342 102
5343 136
5344 116
5345 119
5346 110
5347 142
5348 141
5349 133
5350 86
5351 115
5352 124
5353 121
5354 113
5355 119
5356 113
5357 60
5358 123
5359 97
5360 80
5361 111
5362 104
5363 97
5364 137
5365 88
5366 118
5367 137
5368 136
5369 92
5370 110
5371 115
5372 107
5373 56
5374 83
5375 158
5376 129
5377 131
5378 100
5379 114
5380 151
5381 131
5382 126
5383 70
5384 84
5385 83
5386 56
5387 144
5388 83
5389 120
5390 109
5391 108
5392 118
5393 103
5394 112
5395 101
5396 104
5397 127
5398 120
5399 74
5400 116
5401 117
5402 169
5403 106
5404 57
5405 118
5406 89
5407 125
5408 132
5409 101
5410 114
5411 101
5412 106
5413 141
5414 119
5415 107
5416 169
5417 131
5418 90
5419 95
5420 131
5421 93
5422 123
5423 120
5424 108
5425 115
5426 136
5427 150
5428 89
5429 89
5430 90
5431 108
5432 118
5433 136
5434 149
5435 107
5436 87
5437 140
5438 97
5439 120
5440 129
5441 101
5442 126
5443 88
5444 113
5445 115
5446 176
5447 107
5448 79
5449 50
5450 134
5451 112
5452 122
5453 145
5454 100
5455 78
5456 141
5457 72
5458 64
5459 98
5460 38
5461 112
5462 134
5463 128
5464 77
5465 100
5466 112
5467 111
5468 139
5469 116
5470 103
5471 86
5472 99
5473 152
5474 62
5475 147
5476 152
5477 77
5478 100
5479 129
5480 150
5481 122
5482 148
5483 35
5484 160
5485 117
5486 99
5487 81
5488 146
5489 120
5490 96
5491 105
5492 91
5493 104
5494 95
5495 3
5496 128
5497 77
5498 78
5499 33
5500 141
5501 134
5502 161
5503 101
5504 131
5505 95
5506 79
5507 98
5508 17
5509 73
5510 101
5511 113
5512 53
5513 103
5514 114
5515 82
5516 132
5517 129
5518 49
5519 51
5520 59
5521 60
5522 127
5523 90
5524 101
5525 89
5526 98
5527 66
5528 101
5529 150
5530 152
5531 167
5532 53
5533 106
5534 127
5535 107
5536 94
5537 82
5538 156
5539 118
5540 90
5541 85
5542 154
5543 134
5544 58
5545 77
5546 77
5547 91
5548 69
5549 172
5550 121
5551 132
5552 99
5553 108
5554 118
5555 73
5556 81
5557 83
5558 92
5559 140
5560 121
5561 100
5562 135
5563 130
5564 91
5565 118
5566 122
5567 46
5568 112
5569 67
5570 114
5571 71
5572 108
5573 86
5574 92
5575 79
5576 98
5577 132
5578 106
5579 117
5580 93
5581 144
5582 121
5583 99
5584 56
5585 133
5586 122
5587 98
5588 138
5589 89
5590 96
5591 106
5592 117
5593 86
5594 131
5595 129
5596 127
5597 85
5598 100
5599 146
5600 104
5601 126
5602 12
5603 76
5604 74
5605 96
5606 94
5607 145
5608 123
5609 96
5610 134
5611 94
5612 85
5613 123
5614 72
5615 88
5616 157
5617 113
5618 105
5619 104
5620 95
5621 74
5622 97
5623 94
5624 121
5625 90
5626 117
5627 89
5628 85
5629 35
5630 99
5631 109
5632 108
5633 143
5634 107
5635 120
5636 97
5637 122
5638 129
5639 124
5640 136
5641 96
5642 141
5643 126
5644 102
5645 113
5646 94
5647 88
5648 86
5649 67
5650 176
5651 90
5652 100
5653 87
5654 106
5655 136
5656 142
5657 152
5658 98
5659 100
5660 148
5661 103
5662 106
5663 146
5664 164
5665 112
5666 105
5667 98
5668 61
5669 136
5670 109
5671 92
5672 150
5673 81
5674 145
5675 86
5676 148
5677 96
5678 105
5679 104
5680 109
5681 79
5682 144
5683 101
5684 105
5685 161
5686 112
5687 130
5688 100
5689 146
5690 116
5691 92
5692 106
5693 117
5694 156
5695 104
5696 121
5697 109
5698 119
5699 140
