Vertices: 4600
Edges: 32200
Time: 3,879 ms
Iterations: 32174
Vertex Distance
0 0
1 205
2 168
3 139
4 195
5 164
6 143
7 157
8 179
9 157
10 145
11 174
12 151
13 105
14 170
15 156
16 115
17 175
18 161
19 169
20 179
21 192
22 152
23 179
24 157
25 166
26 179
27 154
28 126
29 122
30 127
31 172
32 133
33 147
34 190
35 141
36 163
37 170
38 170
39 148
40 126
41 149
42 140
43 162
44 96
45 150
46 119
47 174
48 197
49 176
50 158
51 239
52 217
53 168
54 156
55 118
56 143
57 154
58 185
59 177
60 194
61 161
62 151
63 130
64 144
65 170
66 164
67 145
68 132
69 176
70 169
71 153
72 152
73 141
74 105
75 147
76 133
77 169
78 160
79 143
80 155
81 132
82 168
83 186
84 108
85 163
86 157
87 122
88 190
89 163
90 155
91 176
92 105
93 166
94 160
95 148
96 158
97 184
98 133
99 185
100 144
101 140
102 141
103 142
104 153
105 129
106 164
107 159
108 146
109 171
110 144
111 122
112 166
113 134
114 139
115 112
116 153
117 102
118 170
119 170
120 159
121 193
122 152
123 172
124 207
125 153
126 144
127 220
128 167
129 145
130 174
131 207
132 155
133 162
134 176
135 128
136 131
137 170
138 155
139 145
140 173
141 151
142 136
143 127
144 186
145 112
146 166
147 177
148 138
149 169
150 133
151 157
152 152
153 109
154 143
155 145
156 176
157 161
158 213
159 172
160 171
161 169
162 118
163 191
164 221
165 165
166 102
167 181
168 159
169 157
170 143
171 202
172 154
173 152
174 160
175 141
176 138
177 148
178 141
179 145
180 203
181 192
182 173
183 192
184 171
185 177
186 131
187 186
188 157
189 132
190 140
191 128
192 153
193 195
194 170
195 190
196 135
197 132
198 171
199 156
200 92
201 175
202 145
203 139
204 143
205 142
206 160
207 147
208 144
209 146
210 164
211 178
212 138
213 163
214 146
215 137
216 162
217 149
218 172
219 163
220 194
221 169
222 175
223 147
224 176
225 105
226 178
227 127
228 252
229 133
230 153
231 158
232 165
233 168
234 148
235 148
236 156
237 212
238 160
239 130
240 125
241 148
242 189
243 168
244 117
245 161
246 134
247 164
248 152
249 94
250 152
251 125
252 199
253 182
254 144
255 154
256 198
257 132
258 183
259 154
260 137
261 165
262 151
263 114
264 120
265 123
266 153
267 149
268 98
269 211
270 148
271 128
272 164
273 173
274 140
275 158
276 181
277 93
278 158
279 161
280 160
281 174
282 128
283 229
284 151
285 151
286 201
287 119
288 105
289 192
290 194
291 191
292 142
293 151
294 150
295 157
296 172
297 171
298 194
299 145
300 141
301 205
302 170
303 182
304 123
305 159
306 192
307 166
308 126
309 137
310 170
311 147
312 156
313 243
314 125
315 136
316 175
317 279
318 170
319 186
320 139
321 148
322 176
323 174
324 211
325 179
326 153
327 159
328 129
329 202
330 117
331 153
332 118
333 171
334 185
335 158
336 167
337 152
338 152
339 174
340 181
341 124
342 175
343 138
344 179
345 162
346 146
347 133
348 158
349 187
350 207
351 169
352 157
353 137
354 154
355 187
356 172
357 47
358 176
359 153
360 138
361 148
362 161
363 134
364 162
365 142
366 157
367 106
368 146
369 165
370 161
371 171
372 151
373 153
374 150
375 180
376 107
377 135
378 181
379 179
380 120
381 168
382 180
383 169
384 114
385 124
386 156
387 139
388 141
389 118
390 164
391 169
392 167
393 150
394 200
395 168
396 185
397 137
398 151
399 150
400 155
401 141
402 167
403 123
404 168
405 175
406 148
407 141
408 157
409 136
410 157
411 167
412 194
413 157
414 150
415 199
416 125
417 197
418 164
419 145
420 126
421 54
422 159
423 157
424 151
425 181
426 214
427 182
428 147
429 151
430 166
431 158
432 154
433 185
434 136
435 173
436 127
437 136
438 140
439 149
440 116
441 177
442 174
443 158
444 185
445 137
446 143
447 175
448 121
449 138
450 207
451 164
452 176
453 153
454 174
455 149
456 201
457 177
458 145
459 147
460 166
461 156
462 163
463 163
464 144
465 195
466 174
467 151
468 173
469 121
470 173
471 133
472 169
473 160
474 68
475 148
476 176
477 150
478 152
479 181
480 181
481 146
482 164
483 146
484 180
485 150
486 166
487 131
488 179
489 130
490 224
491 171
492 213
493 106
494 155
495 152
496 163
497 142
498 200
499 171
500 113
501 107
502 144
503 136
504 218
505 135
506 138
507 130
508 166
509 197
510 163
511 146
512 151
513 164
514 147
515 197
516 177
517 130
518 146
519 154
520 128
521 160
522 116
523 149
524 165
525 179
526 101
527 177
528 166
529 158
530 164
531 163
532 170
533 112
534 151
535 139
536 116
537 173
538 165
539 166
540 173
541 183
542 138
543 127
544 144
545 140
546 175
547 159
548 169
549 130
550 178
551 154
552 162
553 222
554 153
555 172
556 148
557 170
558 124
559 156
560 146
561 104
562 120
563 162
564 171
565 149
566 203
567 187
568 100
569 65
570 183
571 178
572 121
573 183
574 104
575 167
576 160
577 165
578 174
579 190
580 158
581 149
582 191
583 158
584 161
585 190
586 142
587 179
588 189
589 95
590 151
591 196
592 45
593 155
594 112
595 153
596 137
597 117
598 146
599 167
600 117
601 137
602 165
603 159
604 165
605 165
606 124
607 149
608 127
609 167
610 119
611 142
612 136
613 190
614 153
615 173
616 194
617 144
618 144
619 184
620 185
621 181
622 110
623 171
624 169
625 159
626 167
627 121
628 143
629 160
630 128
631 140
632 168
633 89
634 164
635 189
636 172
637 155
638 159
639 139
640 166
641 97
642 160
643 161
644 153
645 162
646 168
647 183
648 135
649 134
650 147
651 160
652 123
653 209
654 143
655 200
656 176
657 188
658 182
659 157
660 181
661 147
662 140
663 152
664 151
665 171
666 251
667 175
668 142
669 154
670 138
671 143
672 168
673 170
674 131
675 137
676 131
677 123
678 110
679 180
680 141
681 154
682 134
683 132
684 136
685 179
686 144
687 156
688 120
689 141
690 112
691 180
692 98
693 147
694 159
695 155
696 162
697 133
698 162
699 116
700 172
701 158
702 144
703 149
704 166
705 144
706 144
707 176
708 169
709 175
710 114
711 153
712 135
713 133
714 129
715 148
716 164
717 161
718 141
719 151
720 170
721 179
722 164
723 184
724 114
725 151
726 165
727 135
728 177
729 165
730 190
731 150
732 147
733 149
734 161
735 170
736 160
737 161
738 159
739 128
740 129
741 136
742 164
743 162
744 115
745 178
746 145
747 128
748 146
749 179
750 141
751 170
752 136
753 178
754 103
755 140
756 133
757 184
758 147
759 178
760 139
761 136
762 197
763 242
764 154
765 224
766 115
767 175
768 118
769 159
770 164
771 190
772 143
773 171
774 171
775 188
776 177
777 89
778 160
779 154
780 132
781 160
782 243
783 195
784 147
785 145
786 148
787 124
788 177
789 131
790 166
791 123
792 146
793 146
794 157
795 158
796 165
797 165
798 147
799 184
800 163
801 139
802 221
803 159
804 164
805 131
806 179
807 104
808 165
809 170
810 119
811 135
812 200
813 159
814 158
815 162
816 181
817 156
818 125
819 162
820 150
821 181
822 149
823 119
824 162
825 159
826 152
827 158
828 173
829 154
830 151
831 141
832 178
833 127
834 147
835 140
836 129
837 185
838 147
839 152
840 115
841 165
842 176
843 172
844 78
845 159
846 156
847 165
848 128
849 160
850 192
851 139
852 143
853 164
854 162
855 103
856 182
857 154
858 115
859 143
860 175
861 164
862 134
863 194
864 136
865 158
866 171
867 145
868 139
869 163
870 152
871 154
872 155
873 191
874 211
875 120
876 154
877 128
878 145
879 139
880 168
881 173
882 118
883 154
884 151
885 137
886 197
887 87
888 0
889 167
890 174
891 140
892 99
893 228
894 178
895 155
896 161
897 116
898 107
899 156
900 139
901 138
902 164
903 167
904 101
905 141
906 133
907 137
908 148
909 180
910 187
911 158
912 148
913 169
914 190
915 160
916 145
917 157
918 124
919 151
920 126
921 130
922 153
923 162
924 154
925 190
926 167
927 146
928 165
929 122
930 177
931 163
932 126
933 158
934 137
935 158
936 166
937 154
938 155
939 164
940 140
941 157
942 121
943 145
944 136
945 155
946 159
947 192
948 167
949 146
950 145
951 157
952 179
953 139
954 180
955 189
956 164
957 183
958 190
959 149
960 145
961 90
962 135
963 132
964 120
965 192
966 196
967 163
968 166
969 224
970 154
971 162
972 93
973 147
974 127
975 148
976 156
977 177
978 143
979 169
980 145
981 168
982 117
983 163
984 76
985 150
986 156
987 193
988 153
989 193
990 171
991 138
992 136
993 136
994 195
995 137
996 86
997 168
998 168
999 206
1000 175
1001 110
1002 148
1003 165
1004 151
1005 132
1006 208
1007 111
1008 163
1009 170
1010 135
1011 149
1012 175
1013 181
1014 150
1015 151
1016 177
1017 171
1018 166
1019 142
1020 145
1021 136
1022 105
1023 150
1024 172
1025 158
1026 147
1027 158
1028 125
1029 165
1030 149
1031 168
1032 195
1033 144
1034 165
1035 119
1036 90
1037 244
1038 151
1039 124
1040 149
1041 146
1042 134
1043 160
1044 190
1045 145
1046 166
1047 181
1048 154
1049 184
1050 167
1051 142
1052 176
1053 164
1054 165
1055 185
1056 170
1057 165
1058 200
1059 165
1060 140
1061 120
1062 174
1063 212
1064 148
1065 148
1066 179
1067 149
1068 173
1069 175
1070 172
1071 134
1072 163
1073 163
1074 134
1075 164
1076 188
1077 122
1078 168
1079 153
1080 142
1081 169
1082 178
1083 163
1084 136
1085 138
1086 124
1087 122
1088 185
1089 179
1090 169
1091 151
1092 154
1093 141
1094 172
1095 135
1096 149
1097 144
1098 182
1099 167
1100 154
1101 140
1102 182
1103 167
1104 138
1105 162
1106 169
1107 151
1108 162
1109 156
1110 177
1111 141
1112 160
1113 152
1114 164
1115 167
1116 172
1117 185
1118 122
1119 160
1120 169
1121 165
1122 153
1123 159
1124 148
1125 163
1126 145
1127 150
1128 115
1129 139
1130 140
1131 174
1132 158
1133 199
1134 181
1135 136
1136 167
1137 150
1138 160
1139 166
1140 91
1141 138
1142 153
1143 162
1144 125
1145 173
1146 124
1147 164
1148 106
1149 162
1150 135
1151 175
1152 134
1153 125
1154 89
1155 165
1156 147
1157 165
1158 122
1159 158
1160 185
1161 159
1162 140
1163 177
1164 175
1165 192
1166 156
1167 159
1168 215
1169 180
1170 130
1171 157
1172 152
1173 178
1174 152
1175 150
1176 158
1177 151
1178 165
1179 176
1180 136
1181 111
1182 173
1183 146
1184 177
1185 147
1186 147
1187 155
1188 183
1189 173
1190 114
1191 162
1192 205
1193 107
1194 185
1195 177
1196 172
1197 149
1198 130
1199 146
1200 178
1201 147
1202 137
1203 192
1204 141
1205 149
1206 166
1207 112
1208 169
1209 146
1210 154
1211 114
1212 125
1213 158
1214 208
1215 162
1216 144
1217 141
1218 185
1219 149
1220 145
1221 188
1222 127
1223 140
1224 128
1225 143
1226 173
1227 156
1228 219
1229 152
1230 165
1231 152
1232 151
1233 145
1234 162
1235 150
1236 166
1237 143
1238 189
1239 127
1240 121
1241 190
1242 156
1243 186
1244 189
1245 158
1246 133
1247 102
1248 122
1249 180
1250 176
1251 165
1252 179
1253 178
1254 87
1255 99
1256 139
1257 157
1258 163
1259 167
1260 144
1261 124
1262 136
1263 159
1264 159
1265 163
1266 182
1267 137
1268 113
1269 117
1270 171
1271 170
1272 150
1273 137
1274 181
1275 192
1276 192
1277 158
1278 167
1279 173
1280 166
1281 160
1282 162
1283 163
1284 133
1285 171
1286 146
1287 192
1288 124
1289 201
1290 169
1291 197
1292 81
1293 104
1294 169
1295 164
1296 183
1297 147
1298 156
1299 212
1300 146
1301 165
1302 151
1303 177
1304 208
1305 160
1306 168
1307 159
1308 155
1309 208
1310 208
1311 182
1312 142
1313 166
1314 155
1315 166
1316 185
1317 151
1318 163
1319 163
1320 161
1321 155
1322 84
1323 150
1324 134
1325 129
1326 182
1327 148
1328 154
1329 176
1330 163
1331 162
1332 116
1333 200
1334 172
1335 152
1336 150
1337 166
1338 155
1339 187
1340 188
1341 84
1342 157
1343 131
1344 162
1345 146
1346 188
1347 158
1348 156
1349 102
1350 147
1351 181
1352 202
1353 72
1354 165
1355 158
1356 152
1357 147
1358 145
1359 145
1360 175
1361 169
1362 188
1363 144
1364 192
1365 157
1366 179
1367 137
1368 136
1369 217
1370 137
1371 167
1372 156
1373 158
1374 127
1375 156
1376 177
1377 202
1378 169
1379 137
1380 167
1381 138
1382 122
1383 152
1384 154
1385 136
1386 164
1387 186
1388 143
1389 166
1390 134
1391 159
1392 126
1393 148
1394 147
1395 147
1396 152
1397 182
1398 189
1399 175
1400 165
1401 158
1402 166
1403 142
1404 152
1405 166
1406 143
1407 217
1408 159
1409 126
1410 179
1411 111
1412 165
1413 139
1414 179
1415 150
1416 151
1417 195
1418 165
1419 151
1420 179
1421 148
1422 146
1423 170
1424 174
1425 159
1426 164
1427 156
1428 178
1429 140
1430 166
1431 136
1432 173
1433 118
1434 142
1435 151
1436 150
1437 208
1438 152
1439 213
1440 181
1441 159
1442 175
1443 134
1444 159
1445 190
1446 155
1447 144
1448 157
1449 141
1450 166
1451 183
1452 189
1453 144
1454 164
1455 178
1456 171
1457 151
1458 155
1459 186
1460 159
1461 157
1462 138
1463 143
1464 138
1465 88
1466 111
1467 199
1468 169
1469 159
1470 178
1471 144
1472 160
1473 228
1474 90
1475 170
1476 141
1477 163
1478 116
1479 205
1480 144
1481 152
1482 105
1483 110
1484 197
1485 136
1486 199
1487 171
1488 160
1489 165
1490 156
1491 174
1492 0
1493 149
1494 150
1495 158
1496 164
1497 141
1498 176
1499 148
1500 154
1501 160
1502 152
1503 168
1504 143
1505 165
1506 167
1507 123
1508 132
1509 130
1510 183
1511 148
1512 136
1513 150
1514 180
1515 157
1516 159
1517 175
1518 137
1519 177
1520 172
1521 113
1522 140
1523 139
1524 197
1525 156
1526 151
1527 140
1528 173
1529 146
1530 176
1531 132
1532 175
1533 160
1534 210
1535 145
1536 139
1537 163
1538 175
1539 152
1540 144
1541 162
1542 146
1543 169
1544 162
1545 138
1546 77
1547 136
1548 174
1549 184
1550 173
1551 159
1552 85
1553 159
1554 176
1555 58
1556 157
1557 184
1558 138
1559 181
1560 127
1561 139
1562 153
1563 154
1564 168
1565 151
1566 121
1567 146
1568 129
1569 169
1570 96
1571 170
1572 150
1573 207
1574 115
1575 167
1576 156
1577 174
1578 119
1579 145
1580 147
1581 171
1582 138
1583 160
1584 150
1585 135
1586 113
1587 126
1588 161
1589 193
1590 167
1591 193
1592 185
1593 160
1594 171
1595 148
1596 126
1597 196
1598 170
1599 133
1600 139
1601 186
1602 166
1603 157
1604 127
1605 121
1606 148
1607 147
1608 148
1609 203
1610 146
1611 132
1612 139
1613 203
1614 150
1615 128
1616 171
1617 126
1618 147
1619 150
1620 184
1621 156
1622 155
1623 169
1624 153
1625 148
1626 146
1627 123
1628 146
1629 129
1630 204
1631 154
1632 53
1633 167
1634 187
1635 173
1636 174
1637 168
1638 126
1639 101
1640 147
1641 151
1642 108
1643 118
1644 163
1645 167
1646 144
1647 144
1648 145
1649 195
1650 152
1651 154
1652 202
1653 168
1654 166
1655 153
1656 186
1657 187
1658 107
1659 171
1660 169
1661 121
1662 194
1663 239
1664 192
1665 130
1666 136
1667 155
1668 161
1669 142
1670 207
1671 95
1672 163
1673 194
1674 146
1675 169
1676 162
1677 128
1678 150
1679 128
1680 144
1681 141
1682 165
1683 172
1684 186
1685 134
1686 152
1687 155
1688 181
1689 145
1690 143
1691 135
1692 169
1693 164
1694 176
1695 152
1696 145
1697 173
1698 218
1699 171
1700 149
1701 154
1702 153
1703 148
1704 148
1705 132
1706 133
1707 133
1708 146
1709 183
1710 152
1711 157
1712 174
1713 174
1714 156
1715 183
1716 154
1717 148
1718 170
1719 152
1720 168
1721 137
1722 150
1723 144
1724 139
1725 159
1726 163
1727 133
1728 146
1729 134
1730 145
1731 153
1732 154
1733 161
1734 194
1735 139
1736 204
1737 178
1738 162
1739 139
1740 184
1741 189
1742 155
1743 146
1744 186
1745 165
1746 61
1747 167
1748 222
1749 279
1750 159
1751 174
1752 161
1753 166
1754 132
1755 185
1756 152
1757 159
1758 156
1759 154
1760 134
1761 135
1762 180
1763 111
1764 210
1765 120
1766 169
1767 102
1768 140
1769 150
1770 147
1771 149
1772 162
1773 152
1774 131
1775 151
1776 146
1777 163
1778 141
1779 159
1780 154
1781 174
1782 158
1783 158
1784 149
1785 126
1786 172
1787 164
1788 180
1789 191
1790 164
1791 125
1792 158
1793 169
1794 190
1795 171
1796 149
1797 180
1798 182
1799 174
1800 143
1801 122
1802 182
1803 151
1804 131
1805 157
1806 149
1807 148
1808 148
1809 148
1810 148
1811 168
1812 162
1813 153
1814 149
1815 145
1816 149
1817 177
1818 168
1819 136
1820 105
1821 158
1822 221
1823 185
1824 174
1825 122
1826 170
1827 178
1828 178
1829 154
1830 197
1831 168
1832 113
1833 168
1834 172
1835 164
1836 176
1837 135
1838 168
1839 147
1840 148
1841 171
1842 154
1843 180
1844 170
1845 133
1846 156
1847 117
1848 151
1849 145
1850 175
1851 149
1852 157
1853 149
1854 143
1855 140
1856 155
1857 148
1858 150
1859 175
1860 181
1861 137
1862 132
1863 164
1864 135
1865 158
1866 135
1867 195
1868 168
1869 167
1870 169
1871 165
1872 157
1873 173
1874 131
1875 154
1876 166
1877 163
1878 167
1879 147
1880 164
1881 143
1882 115
1883 188
1884 133
1885 130
1886 153
1887 181
1888 173
1889 154
1890 169
1891 156
1892 162
1893 91
1894 183
1895 164
1896 124
1897 180
1898 135
1899 129
1900 157
1901 200
1902 194
1903 151
1904 154
1905 152
1906 177
1907 174
1908 177
1909 136
1910 185
1911 162
1912 145
1913 137
1914 166
1915 141
1916 170
1917 177
1918 149
1919 178
1920 191
1921 154
1922 156
1923 158
1924 138
1925 145
1926 151
1927 152
1928 123
1929 145
1930 143
1931 119
1932 175
1933 150
1934 149
1935 162
1936 212
1937 184
1938 174
1939 163
1940 208
1941 139
1942 126
1943 171
1944 142
1945 180
1946 143
1947 159
1948 163
1949 143
1950 186
1951 224
1952 167
1953 149
1954 137
1955 134
1956 191
1957 160
1958 75
1959 211
1960 139
1961 167
1962 176
1963 175
1964 132
1965 120
1966 138
1967 168
1968 137
1969 181
1970 130
1971 140
1972 144
1973 196
1974 152
1975 126
1976 145
1977 143
1978 167
1979 187
1980 123
1981 127
1982 164
1983 144
1984 142
1985 135
1986 146
1987 156
1988 178
1989 173
1990 151
1991 123
1992 164
1993 128
1994 212
1995 166
1996 163
1997 181
1998 149
1999 117
2000 147
2001 146
2002 145
2003 135
2004 153
2005 133
2006 155
2007 128
2008 181
2009 175
2010 88
2011 182
2012 181
2013 125
2014 182
2015 187
2016 178
2017 161
2018 152
2019 147
2020 160
2021 160
2022 155
2023 194
2024 148
2025 160
2026 179
2027 204
2028 202
2029 217
2030 144
2031 166
2032 168
2033 110
2034 174
2035 134
2036 186
2037 138
2038 182
2039 141
2040 169
2041 118
2042 156
2043 114
2044 158
2045 153
2046 146
2047 121
2048 160
2049 139
2050 195
2051 198
2052 143
2053 147
2054 176
2055 182
2056 145
2057 142
2058 96
2059 142
2060 185
2061 170
2062 176
2063 161
2064 172
2065 192
2066 161
2067 171
2068 142
2069 145
2070 156
2071 182
2072 137
2073 183
2074 144
2075 163
2076 152
2077 159
2078 208
2079 148
2080 134
2081 187
2082 150
2083 158
2084 156
2085 155
2086 177
2087 152
2088 166
2089 167
2090 168
2091 164
2092 136
2093 137
2094 192
2095 135
2096 181
2097 127
2098 156
2099 165
2100 159
2101 137
2102 169
2103 138
2104 180
2105 176
2106 154
2107 172
2108 176
2109 147
2110 156
2111 166
2112 108
2113 174
2114 182
2115 75
2116 151
2117 167
2118 116
2119 178
2120 160
2121 181
2122 152
2123 129
2124 149
2125 196
2126 190
2127 161
2128 140
2129 154
2130 120
2131 137
2132 200
2133 126
2134 134
2135 151
2136 235
2137 193
2138 135
2139 175
2140 153
2141 140
2142 285
2143 148
2144 166
2145 94
2146 209
2147 160
2148 133
2149 128
2150 137
2151 138
2152 170
2153 189
2154 170
2155 118
2156 161
2157 146
2158 169
2159 153
2160 139
2161 156
2162 117
2163 173
2164 158
2165 165
2166 163
2167 150
2168 158
2169 157
2170 195
2171 128
2172 179
2173 134
2174 186
2175 159
2176 161
2177 150
2178 147
2179 136
2180 140
2181 141
2182 168
2183 135
2184 141
2185 138
2186 151
2187 135
2188 139
2189 165
2190 179
2191 161
2192 184
2193 188
2194 135
2195 194
2196 139
2197 158
2198 166
2199 191
2200 113
2201 167
2202 66
2203 170
2204 162
2205 165
2206 207
2207 188
2208 134
2209 183
2210 131
2211 171
2212 117
2213 155
2214 126
2215 193
2216 143
2217 172
2218 145
2219 104
2220 199
2221 158
2222 165
2223 140
2224 176
2225 101
2226 166
2227 169
2228 141
2229 142
2230 149
2231 148
2232 153
2233 132
2234 175
2235 158
2236 199
2237 170
2238 158
2239 146
2240 148
2241 178
2242 115
2243 160
2244 154
2245 145
2246 178
2247 93
2248 149
2249 167
2250 172
2251 147
2252 187
2253 174
2254 133
2255 167
2256 183
2257 167
2258 148
2259 190
2260 132
2261 159
2262 172
2263 142
2264 112
2265 147
2266 143
2267 171
2268 109
2269 136
2270 152
2271 169
2272 139
2273 136
2274 159
2275 111
2276 155
2277 146
2278 186
2279 147
2280 172
2281 144
2282 153
2283 167
2284 126
2285 189
2286 182
2287 149
2288 129
2289 137
2290 161
2291 165
2292 191
2293 162
2294 148
2295 155
2296 143
2297 120
2298 144
2299 165
2300 140
2301 201
2302 216
2303 179
2304 153
2305 157
2306 230
2307 138
2308 177
2309 161
2310 220
2311 130
2312 151
2313 168
2314 164
2315 131
2316 162
2317 154
2318 120
2319 130
2320 167
2321 165
2322 160
2323 107
2324 151
2325 190
2326 159
2327 156
2328 144
2329 167
2330 174
2331 170
2332 135
2333 148
2334 166
2335 161
2336 166
2337 173
2338 190
2339 143
2340 101
2341 134
2342 177
2343 164
2344 190
2345 181
2346 132
2347 163
2348 190
2349 135
2350 122
2351 138
2352 155
2353 138
2354 187
2355 174
2356 147
2357 145
2358 129
2359 138
2360 146
2361 151
2362 158
2363 153
2364 148
2365 132
2366 126
2367 150
2368 115
2369 144
2370 210
2371 193
2372 129
2373 99
2374 184
2375 156
2376 147
2377 144
2378 165
2379 134
2380 174
2381 172
2382 154
2383 171
2384 149
2385 194
2386 116
2387 84
2388 169
2389 157
2390 148
2391 184
2392 149
2393 170
2394 122
2395 152
2396 149
2397 123
2398 136
2399 143
2400 127
2401 135
2402 159
2403 191
2404 151
2405 194
2406 147
2407 157
2408 142
2409 127
2410 103
2411 150
2412 160
2413 164
2414 151
2415 108
2416 166
2417 175
2418 164
2419 133
2420 173
2421 150
2422 172
2423 112
2424 106
2425 178
2426 167
2427 177
2428 158
2429 163
2430 169
2431 221
2432 188
2433 157
2434 153
2435 144
2436 197
2437 149
2438 164
2439 183
2440 120
2441 166
2442 149
2443 151
2444 155
2445 186
2446 143
2447 147
2448 170
2449 154
2450 136
2451 143
2452 158
2453 156
2454 125
2455 186
2456 186
2457 163
2458 135
2459 146
2460 159
2461 162
2462 198
2463 189
2464 138
2465 148
2466 152
2467 161
2468 165
2469 184
2470 87
2471 158
2472 188
2473 130
2474 176
2475 159
2476 176
2477 189
2478 185
2479 161
2480 156
2481 155
2482 158
2483 164
2484 145
2485 120
2486 162
2487 160
2488 160
2489 165
2490 120
2491 135
2492 144
2493 144
2494 137
2495 143
2496 147
2497 176
2498 153
2499 126
2500 141
2501 93
2502 135
2503 145
2504 147
2505 129
2506 185
2507 174
2508 163
2509 174
2510 148
2511 171
2512 165
2513 186
2514 172
2515 159
2516 140
2517 167
2518 141
2519 183
2520 150
2521 204
2522 108
2523 167
2524 172
2525 148
2526 165
2527 138
2528 109
2529 211
2530 177
2531 139
2532 191
2533 171
2534 165
2535 154
2536 161
2537 124
2538 175
2539 170
2540 158
2541 121
2542 120
2543 210
2544 132
2545 170
2546 188
2547 171
2548 141
2549 196
2550 169
2551 158
2552 129
2553 182
2554 137
2555 157
2556 183
2557 190
2558 159
2559 147
2560 157
2561 170
2562 141
2563 154
2564 133
2565 155
2566 198
2567 161
2568 186
2569 116
2570 133
2571 132
2572 161
2573 213
2574 123
2575 193
2576 128
2577 191
2578 141
2579 172
2580 173
2581 178
2582 182
2583 160
2584 167
2585 146
2586 144
2587 172
2588 171
2589 152
2590 138
2591 139
2592 176
2593 121
2594 159
2595 139
2596 224
2597 149
2598 182
2599 139
2600 171
2601 160
2602 159
2603 143
2604 179
2605 170
2606 152
2607 157
2608 155
2609 136
2610 148
2611 157
2612 149
2613 139
2614 182
2615 189
2616 204
2617 175
2618 212
2619 148
2620 198
2621 153
2622 171
2623 156
2624 142
2625 112
2626 139
2627 179
2628 137
2629 199
2630 158
2631 197
2632 142
2633 148
2634 106
2635 80
2636 131
2637 185
2638 157
2639 164
2640 144
2641 116
2642 173
2643 167
2644 147
2645 172
2646 153
2647 165
2648 132
2649 131
2650 177
2651 123
2652 122
2653 165
2654 170
2655 123
2656 157
2657 128
2658 169
2659 158
2660 160
2661 158
2662 153
2663 151
2664 106
2665 161
2666 156
2667 165
2668 138
2669 152
2670 175
2671 154
2672 132
2673 124
2674 174
2675 162
2676 194
2677 168
2678 213
2679 154
2680 185
2681 167
2682 69
2683 136
2684 165
2685 149
2686 143
2687 134
2688 144
2689 159
2690 100
2691 173
2692 163
2693 198
2694 115
2695 149
2696 150
2697 164
2698 184
2699 167
2700 165
2701 174
2702 174
2703 157
2704 148
2705 148
2706 100
2707 172
2708 193
2709 181
2710 138
2711 222
2712 178
2713 167
2714 155
2715 156
2716 129
2717 143
2718 143
2719 166
2720 158
2721 169
2722 219
2723 143
2724 196
2725 143
2726 136
2727 147
2728 170
2729 127
2730 192
2731 157
2732 192
2733 133
2734 159
2735 162
2736 159
2737 145
2738 162
2739 172
2740 103
2741 170
2742 133
2743 152
2744 168
2745 173
2746 161
2747 141
2748 159
2749 157
2750 157
2751 131
2752 154
2753 114
2754 141
2755 129
2756 171
2757 70
2758 179
2759 202
2760 168
2761 172
2762 165
2763 150
2764 107
2765 162
2766 105
2767 151
2768 152
2769 169
2770 124
2771 174
2772 146
2773 127
2774 157
2775 109
2776 163
2777 101
2778 160
2779 145
2780 151
2781 131
2782 128
2783 146
2784 164
2785 206
2786 129
2787 142
2788 197
2789 162
2790 133
2791 190
2792 201
2793 176
2794 151
2795 128
2796 124
2797 104
2798 173
2799 132
2800 162
2801 172
2802 141
2803 178
2804 154
2805 137
2806 186
2807 115
2808 165
2809 129
2810 152
2811 159
2812 101
2813 94
2814 130
2815 128
2816 129
2817 168
2818 166
2819 166
2820 159
2821 149
2822 150
2823 184
2824 173
2825 122
2826 169
2827 170
2828 173
2829 160
2830 194
2831 146
2832 149
2833 136
2834 149
2835 168
2836 188
2837 150
2838 137
2839 153
2840 158
2841 170
2842 114
2843 172
2844 148
2845 194
2846 144
2847 186
2848 146
2849 168
2850 146
2851 109
2852 143
2853 138
2854 174
2855 168
2856 193
2857 111
2858 170
2859 150
2860 170
2861 170
2862 114
2863 136
2864 179
2865 74
2866 171
2867 187
2868 115
2869 207
2870 190
2871 127
2872 148
2873 136
2874 140
2875 155
2876 111
2877 173
2878 173
2879 136
2880 153
2881 142
2882 213
2883 186
2884 189
2885 167
2886 160
2887 159
2888 137
2889 196
2890 157
2891 153
2892 116
2893 144
2894 141
2895 126
2896 171
2897 167
2898 145
2899 185
2900 168
2901 204
2902 136
2903 171
2904 166
2905 173
2906 155
2907 143
2908 111
2909 145
2910 176
2911 144
2912 148
2913 139
2914 189
2915 161
2916 155
2917 179
2918 177
2919 180
2920 226
2921 136
2922 118
2923 180
2924 191
2925 162
2926 190
2927 145
2928 200
2929 145
2930 153
2931 145
2932 158
2933 158
2934 157
2935 137
2936 140
2937 152
2938 166
2939 152
2940 112
2941 152
2942 120
2943 187
2944 151
2945 152
2946 171
2947 148
2948 140
2949 169
2950 179
2951 194
2952 96
2953 139
2954 182
2955 136
2956 136
2957 197
2958 196
2959 174
2960 145
2961 141
2962 161
2963 207
2964 131
2965 178
2966 187
2967 176
2968 126
2969 157
2970 180
2971 154
2972 166
2973 168
2974 150
2975 171
2976 159
2977 130
2978 133
2979 181
2980 170
2981 130
2982 174
2983 179
2984 140
2985 178
2986 187
2987 115
2988 181
2989 160
2990 217
2991 131
2992 202
2993 159
2994 151
2995 140
2996 185
2997 141
2998 99
2999 184
3000 188
3001 138
3002 142
3003 138
3004 148
3005 205
3006 135
3007 154
3008 144
3009 147
3010 131
3011 158
3012 127
3013 206
3014 150
3015 177
3016 168
3017 231
3018 213
3019 159
3020 161
3021 147
3022 176
3023 144
3024 138
3025 163
3026 164
3027 208
3028 197
3029 133
3030 160
3031 134
3032 114
3033 220
3034 146
3035 123
3036 176
3037 166
3038 80
3039 150
3040 152
3041 156
3042 154
3043 153
3044 161
3045 175
3046 179
3047 168
3048 185
3049 143
3050 145
3051 115
3052 116
3053 133
3054 157
3055 186
3056 173
3057 157
3058 156
3059 166
3060 134
3061 181
3062 119
3063 119
3064 203
3065 141
3066 129
3067 154
3068 146
3069 176
3070 165
3071 204
3072 160
3073 202
3074 154
3075 133
3076 187
3077 191
3078 147
3079 145
3080 139
3081 134
3082 191
3083 174
3084 141
3085 124
3086 150
3087 125
3088 145
3089 143
3090 141
3091 142
3092 163
3093 158
3094 154
3095 152
3096 165
3097 148
3098 168
3099 156
3100 141
3101 166
3102 164
3103 137
3104 172
3105 159
3106 201
3107 171
3108 173
3109 125
3110 123
3111 253
3112 118
3113 123
3114 126
3115 134
3116 123
3117 154
3118 172
3119 153
3120 130
3121 142
3122 138
3123 151
3124 198
3125 184
3126 145
3127 117
3128 145
3129 121
3130 169
3131 157
3132 173
3133 164
3134 100
3135 108
3136 145
3137 156
3138 153
3139 168
3140 189
3141 141
3142 135
3143 135
3144 193
3145 174
3146 127
3147 188
3148 149
3149 124
3150 183
3151 145
3152 216
3153 152
3154 135
3155 141
3156 142
3157 209
3158 132
3159 147
3160 226
3161 163
3162 213
3163 134
3164 169
3165 176
3166 111
3167 0
3168 143
3169 118
3170 195
3171 161
3172 150
3173 155
3174 130
3175 107
3176 144
3177 156
3178 141
3179 136
3180 170
3181 169
3182 172
3183 149
3184 153
3185 129
3186 172
3187 169
3188 145
3189 113
3190 107
3191 171
3192 153
3193 147
3194 207
3195 209
3196 168
3197 124
3198 142
3199 180
3200 148
3201 126
3202 177
3203 181
3204 142
3205 153
3206 154
3207 132
3208 128
3209 173
3210 176
3211 142
3212 170
3213 115
3214 136
3215 191
3216 141
3217 160
3218 151
3219 132
3220 117
3221 152
3222 139
3223 147
3224 152
3225 110
3226 204
3227 149
3228 173
3229 172
3230 163
3231 148
3232 139
3233 180
3234 148
3235 173
3236 154
3237 173
3238 60
3239 130
3240 153
3241 143
3242 142
3243 151
3244 137
3245 195
3246 155
3247 147
3248 123
3249 182
3250 142
3251 160
3252 125
3253 141
3254 211
3255 150
3256 117
3257 177
3258 186
3259 156
3260 175
3261 130
3262 140
3263 138
3264 161
3265 144
3266 109
3267 152
3268 175
3269 117
3270 124
3271 155
3272 167
3273 182
3274 150
3275 182
3276 170
3277 134
3278 181
3279 85
3280 167
3281 159
3282 128
3283 161
3284 98
3285 175
3286 136
3287 151
3288 136
3289 131
3290 164
3291 166
3292 162
3293 203
3294 141
3295 161
3296 138
3297 142
3298 181
3299 151
3300 177
3301 172
3302 180
3303 153
3304 191
3305 191
3306 162
3307 230
3308 164
3309 232
3310 162
3311 171
3312 161
3313 155
3314 171
3315 108
3316 179
3317 190
3318 168
3319 186
3320 161
3321 155
3322 184
3323 165
3324 137
3325 158
3326 145
3327 163
3328 111
3329 154
3330 143
3331 159
3332 174
3333 195
3334 130
3335 143
3336 147
3337 156
3338 157
3339 166
3340 157
3341 117
3342 135
3343 161
3344 169
3345 124
3346 92
3347 110
3348 178
3349 166
3350 155
3351 147
3352 92
3353 126
3354 131
3355 147
3356 130
3357 173
3358 123
3359 140
3360 175
3361 135
3362 182
3363 97
3364 170
3365 140
3366 211
3367 138
3368 151
3369 175
3370 156
3371 184
3372 214
3373 110
3374 170
3375 138
3376 118
3377 131
3378 172
3379 150
3380 184
3381 91
3382 193
3383 152
3384 127
3385 145
3386 138
3387 197
3388 112
3389 160
3390 181
3391 155
3392 152
3393 128
3394 119
3395 200
3396 174
3397 130
3398 159
3399 200
3400 142
3401 195
3402 162
3403 122
3404 199
3405 189
3406 144
3407 209
3408 175
3409 133
3410 169
3411 138
3412 85
3413 174
3414 132
3415 129
3416 200
3417 146
3418 187
3419 160
3420 165
3421 100
3422 168
3423 145
3424 162
3425 133
3426 182
3427 126
3428 139
3429 126
3430 168
3431 143
3432 145
3433 153
3434 169
3435 148
3436 144
3437 143
3438 148
3439 134
3440 150
3441 176
3442 126
3443 128
3444 146
3445 154
3446 143
3447 150
3448 135
3449 197
3450 182
3451 198
3452 164
3453 171
3454 157
3455 126
3456 166
3457 193
3458 136
3459 149
3460 154
3461 185
3462 169
3463 187
3464 133
3465 176
3466 158
3467 168
3468 187
3469 174
3470 153
3471 131
3472 147
3473 164
3474 144
3475 117
3476 135
3477 175
3478 110
3479 157
3480 142
3481 135
3482 159
3483 146
3484 146
3485 173
3486 144
3487 130
3488 106
3489 200
3490 172
3491 142
3492 118
3493 155
3494 175
3495 166
3496 132
3497 201
3498 145
3499 163
3500 147
3501 161
3502 174
3503 170
3504 155
3505 183
3506 150
3507 205
3508 158
3509 160
3510 172
3511 117
3512 180
3513 132
3514 172
3515 172
3516 169
3517 132
3518 155
3519 170
3520 130
3521 130
3522 187
3523 153
3524 151
3525 109
3526 162
3527 171
3528 178
3529 168
3530 195
3531 172
3532 158
3533 137
3534 161
3535 163
3536 121
3537 182
3538 154
3539 173
3540 159
3541 167
3542 128
3543 193
3544 148
3545 158
3546 183
3547 172
3548 147
3549 149
3550 146
3551 165
3552 202
3553 127
3554 168
3555 142
3556 180
3557 137
3558 164
3559 116
3560 128
3561 182
3562 178
3563 153
3564 189
3565 197
3566 160
3567 145
3568 114
3569 139
3570 109
3571 150
3572 129
3573 152
3574 183
3575 173
3576 105
3577 143
3578 155
3579 137
3580 158
3581 170
3582 146
3583 157
3584 125
3585 140
3586 137
3587 179
3588 158
3589 176
3590 157
3591 154
3592 151
3593 177
3594 137
3595 129
3596 140
3597 156
3598 133
3599 142
3600 189
3601 186
3602 162
3603 164
3604 154
3605 138
3606 123
3607 167
3608 150
3609 152
3610 228
3611 163
3612 143
3613 109
3614 155
3615 136
3616 164
3617 121
3618 175
3619 163
3620 163
3621 162
3622 164
3623 168
3624 142
3625 188
3626 164
3627 145
3628 152
3629 170
3630 132
3631 144
3632 159
3633 201
3634 181
3635 199
3636 90
3637 154
3638 150
3639 149
3640 169
3641 184
3642 153
3643 201
3644 136
3645 153
3646 163
3647 152
3648 115
3649 161
3650 186
3651 158
3652 181
3653 158
3654 186
3655 144
3656 127
3657 142
3658 166
3659 105
3660 169
3661 172
3662 146
3663 182
3664 167
3665 175
3666 128
3667 177
3668 134
3669 170
3670 155
3671 144
3672 166
3673 168
3674 146
3675 144
3676 106
3677 194
3678 159
3679 172
3680 159
3681 155
3682 210
3683 142
3684 146
3685 170
3686 147
3687 169
3688 122
3689 116
3690 185
3691 121
3692 153
3693 101
3694 180
3695 152
3696 145
3697 198
3698 173
3699 185
3700 159
3701 230
3702 103
3703 182
3704 200
3705 160
3706 96
3707 153
3708 140
3709 160
3710 143
3711 168
3712 184
3713 167
3714 156
3715 180
3716 138
3717 131
3718 88
3719 147
3720 201
3721 121
3722 150
3723 189
3724 158
3725 167
3726 154
3727 117
3728 157
3729 181
3730 156
3731 157
3732 138
3733 161
3734 172
3735 63
3736 189
3737 152
3738 171
3739 162
3740 134
3741 160
3742 129
3743 170
3744 147
3745 166
3746 146
3747 115
3748 136
3749 147
3750 144
3751 121
3752 173
3753 148
3754 132
3755 95
3756 184
3757 132
3758 185
3759 186
3760 175
3761 154
3762 114
3763 97
3764 186
3765 186
3766 185
3767 143
3768 106
3769 167
3770 182
3771 128
3772 151
3773 206
3774 139
3775 173
3776 130
3777 142
3778 142
3779 147
3780 126
3781 147
3782 155
3783 145
3784 171
3785 184
3786 172
3787 175
3788 139
3789 178
3790 149
3791 106
3792 181
3793 144
3794 197
3795 172
3796 188
3797 117
3798 163
3799 142
3800 161
3801 150
3802 125
3803 130
3804 143
3805 105
3806 150
3807 152
3808 170
3809 110
3810 201
3811 146
3812 171
3813 159
3814 166
3815 114
3816 171
3817 133
3818 183
3819 149
3820 151
3821 160
3822 189
3823 110
3824 167
3825 146
3826 140
3827 59
3828 171
3829 188
3830 162
3831 148
3832 152
3833 192
3834 132
3835 132
3836 172
3837 179
3838 133
3839 135
3840 176
3841 147
3842 114
3843 198
3844 164
3845 148
3846 167
3847 155
3848 140
3849 176
3850 94
3851 134
3852 154
3853 160
3854 140
3855 152
3856 167
3857 142
3858 145
3859 108
3860 134
3861 144
3862 151
3863 200
3864 191
3865 120
3866 163
3867 133
3868 177
3869 144
3870 191
3871 141
3872 128
3873 152
3874 171
3875 141
3876 144
3877 132
3878 129
3879 130
3880 199
3881 137
3882 173
3883 168
3884 162
3885 148
3886 120
3887 130
3888 183
3889 160
3890 145
3891 172
3892 119
3893 178
3894 154
3895 199
3896 172
3897 160
3898 170
3899 195
3900 180
3901 141
3902 112
3903 135
3904 138
3905 137
3906 192
3907 64
3908 112
3909 192
3910 114
3911 174
3912 169
3913 169
3914 232
3915 161
3916 137
3917 175
3918 145
3919 147
3920 167
3921 171
3922 108
3923 132
3924 109
3925 109
3926 164
3927 159
3928 140
3929 164
3930 124
3931 147
3932 142
3933 104
3934 130
3935 186
3936 155
3937 135
3938 170
3939 203
3940 146
3941 142
3942 156
3943 165
3944 123
3945 135
3946 196
3947 154
3948 158
3949 158
3950 134
3951 158
3952 145
3953 166
3954 163
3955 202
3956 176
3957 167
3958 165
3959 147
3960 129
3961 138
3962 133
3963 193
3964 136
3965 147
3966 150
3967 199
3968 120
3969 185
3970 116
3971 160
3972 150
3973 165
3974 178
3975 152
3976 157
3977 131
3978 162
3979 169
3980 177
3981 142
3982 136
3983 132
3984 148
3985 177
3986 161
3987 100
3988 164
3989 132
3990 109
3991 188
3992 136
3993 160
3994 111
3995 168
3996 177
3997 132
3998 161
3999 175
4000 143
4001 144
4002 173
4003 159
4004 148
4005 150
4006 201
4007 155
4008 169
4009 201
4010 110
4011 156
4012 166
4013 130
4014 131
4015 189
4016 160
4017 159
4018 155
4019 162
4020 148
4021 179
4022 153
4023 167
4024 151
4025 154
4026 183
4027 166
4028 160
4029 176
4030 153
4031 187
4032 155
4033 171
4034 155
4035 187
4036 163
4037 154
4038 220
4039 151
4040 171
4041 163
4042 144
4043 140
4044 154
4045 144
4046 177
4047 132
4048 95
4049 173
4050 194
4051 144
4052 156
4053 188
4054 161
4055 158
4056 198
4057 169
4058 132
4059 127
4060 182
4061 159
4062 146
4063 204
4064 140
4065 150
4066 125
4067 153
4068 124
4069 149
4070 169
4071 142
4072 203
4073 139
4074 121
4075 206
4076 180
4077 172
4078 162
4079 174
4080 168
4081 189
4082 155
4083 166
4084 156
4085 176
4086 148
4087 172
4088 164
4089 149
4090 176
4091 145
4092 174
4093 134
4094 279
4095 168
4096 125
4097 169
4098 176
4099 128
4100 132
4101 155
4102 187
4103 175
4104 189
4105 194
4106 168
4107 148
4108 229
4109 176
4110 146
4111 136
4112 135
4113 125
4114 182
4115 174
4116 120
4117 119
4118 166
4119 128
4120 140
4121 161
4122 161
4123 107
4124 116
4125 113
4126 149
4127 130
4128 303
4129 155
4130 156
4131 164
4132 175
4133 151
4134 190
4135 173
4136 207
4137 171
4138 124
4139 189
4140 186
4141 104
4142 151
4143 185
4144 143
4145 183
4146 174
4147 119
4148 146
4149 172
4150 176
4151 135
4152 162
4153 155
4154 142
4155 94
4156 166
4157 158
4158 142
4159 164
4160 187
4161 167
4162 153
4163 148
4164 164
4165 160
4166 183
4167 186
4168 178
4169 149
4170 161
4171 231
4172 162
4173 159
4174 137
4175 159
4176 188
4177 177
4178 141
4179 142
4180 150
4181 153
4182 112
4183 176
4184 243
4185 147
4186 166
4187 185
4188 164
4189 124
4190 166
4191 186
4192 156
4193 151
4194 102
4195 170
4196 119
4197 114
4198 94
4199 124
4200 126
4201 123
4202 140
4203 169
4204 160
4205 155
4206 146
4207 139
4208 169
4209 191
4210 137
4211 161
4212 171
4213 191
4214 143
4215 170
4216 190
4217 145
4218 157
4219 143
4220 138
4221 169
4222 150
4223 185
4224 169
4225 143
4226 148
4227 214
4228 178
4229 164
4230 123
4231 166
4232 126
4233 133
4234 117
4235 156
4236 125
4237 168
4238 116
4239 101
4240 157
4241 137
4242 127
4243 148
4244 210
4245 78
4246 154
4247 182
4248 150
4249 196
4250 166
4251 170
4252 158
4253 160
4254 208
4255 170
4256 138
4257 156
4258 193
4259 142
4260 137
4261 159
4262 145
4263 148
4264 173
4265 139
4266 199
4267 133
4268 203
4269 154
4270 176
4271 189
4272 157
4273 145
4274 163
4275 201
4276 186
4277 169
4278 134
4279 153
4280 132
4281 117
4282 169
4283 145
4284 147
4285 144
4286 176
4287 167
4288 158
4289 154
4290 150
4291 145
4292 195
4293 134
4294 140
4295 158
4296 138
4297 160
4298 163
4299 174
4300 67
4301 166
4302 202
4303 128
4304 187
4305 196
4306 110
4307 162
4308 214
4309 152
4310 143
4311 147
4312 147
4313 149
4314 150
4315 159
4316 149
4317 157
4318 167
4319 144
4320 119
4321 154
4322 147
4323 162
4324 150
4325 217
4326 169
4327 132
4328 131
4329 101
4330 128
4331 178
4332 198
4333 164
4334 125
4335 173
4336 136
4337 157
4338 201
4339 152
4340 168
4341 80
4342 130
4343 196
4344 159
4345 127
4346 156
4347 155
4348 184
4349 157
4350 185
4351 140
4352 144
4353 157
4354 163
4355 131
4356 144
4357 164
4358 169
4359 164
4360 222
4361 161
4362 213
4363 143
4364 156
4365 137
4366 164
4367 188
4368 143
4369 136
4370 149
4371 165
4372 164
4373 183
4374 147
4375 130
4376 128
4377 133
4378 129
4379 169
4380 118
4381 188
4382 148
4383 128
4384 147
4385 160
4386 162
4387 127
4388 146
4389 123
4390 177
4391 122
4392 137
4393 160
4394 174
4395 130
4396 207
4397 157
4398 239
4399 176
4400 178
4401 121
4402 167
4403 179
4404 165
4405 110
4406 105
4407 164
4408 187
4409 168
4410 150
4411 169
4412 161
4413 186
4414 140
4415 197
4416 129
4417 177
4418 153
4419 188
4420 151
4421 171
4422 144
4423 117
4424 139
4425 192
4426 180
4427 182
4428 179
4429 107
4430 195
4431 142
4432 137
4433 131
4434 174
4435 172
4436 155
4437 127
4438 160
4439 108
4440 187
4441 172
4442 161
4443 167
4444 142
4445 163
4446 146
4447 149
4448 156
4449 166
4450 126
4451 150
4452 166
4453 137
4454 174
4455 151
4456 210
4457 114
4458 156
4459 159
4460 164
4461 190
4462 115
4463 182
4464 187
4465 167
4466 176
4467 151
4468 206
4469 154
4470 144
4471 155
4472 149
4473 165
4474 132
4475 165
4476 164
4477 125
4478 167
4479 153
4480 196
4481 153
4482 135
4483 160
4484 129
4485 120
4486 132
4487 205
4488 152
4489 127
4490 171
4491 153
4492 143
4493 129
4494 203
4495 163
4496 184
4497 148
4498 144
4499 126
4500 125
4501 167
4502 236
4503 118
4504 188
4505 138
4506 180
4507 94
4508 148
4509 188
4510 130
4511 122
4512 150
4513 181
4514 157
4515 130
4516 164
4517 176
4518 168
4519 156
4520 150
4521 220
4522 166
4523 153
4524 174
4525 168
4526 149
4527 167
4528 138
4529 210
4530 173
4531 126
4532 218
4533 163
4534 152
4535 178
4536 150
4537 185
4538 134
4539 139
4540 123
4541 176
4542 180
4543 167
4544 174
4545 163
4546 151
4547 155
4548 143
4549 139
4550 191
4551 144
4552 151
4553 143
4554 222
4555 150
4556 152
4557 162
4558 136
4559 150
4560 134
4561 133
4562 128
4563 120
4564 116
4565 156
4566 157
4567 222
4568 139
4569 149
4570 140
4571 195
4572 100
4573 72
4574 126
4575 162
4576 161
4577 146
4578 163
4579 162
4580 156
4581 130
4582 158
4583 200
4584 171
4585 159
4586 125
4587 171
4588 170
4589 223
4590 128
4591 170
4592 134
4593 156
4594 148
4595 141
4596 175
4597 151
4598 239
4599 151
