Vertices: 8200
Edges: 57400
Time: 2,381 ms
Iterations: 57357
Vertex Distance
0 0
1 171
2 156
3 108
4 202
5 153
6 129
7 148
8 169
9 151
10 155
11 46
12 122
13 149
14 117
15 125
16 110
17 132
18 143
19 153
20 173
21 127
22 157
23 134
24 129
25 200
26 124
27 143
28 159
29 162
30 120
31 174
32 119
33 119
34 183
35 120
36 134
37 79
38 112
39 149
40 155
41 126
42 126
43 147
44 97
45 156
46 128
47 119
48 110
49 156
50 111
51 168
52 183
53 107
54 168
55 99
56 161
57 153
58 146
59 86
60 135
61 137
62 79
63 120
64 113
65 147
66 122
67 119
68 127
69 108
70 119
71 142
72 151
73 120
74 129
75 124
76 132
77 149
78 179
79 134
80 141
81 148
82 165
83 144
84 167
85 142
86 138
87 174
88 167
89 129
90 104
91 94
92 156
93 110
94 168
95 125
96 131
97 160
98 128
99 129
100 175
101 181
102 164
103 122
104 142
105 144
106 140
107 157
108 142
109 175
110 144
111 146
112 134
113 118
114 167
115 113
116 136
117 153
118 136
119 146
120 113
121 129
122 131
123 154
124 141
125 142
126 133
127 158
128 120
129 132
130 114
131 151
132 189
133 122
134 135
135 127
136 136
137 133
138 145
139 121
140 147
141 119
142 39
143 152
144 126
145 145
146 122
147 141
148 155
149 127
150 150
151 175
152 133
153 142
154 143
155 137
156 126
157 123
158 108
159 181
160 167
161 119
162 135
163 77
164 147
165 143
166 137
167 122
168 126
169 141
170 141
171 131
172 121
173 102
174 160
175 125
176 111
177 187
178 150
179 136
180 189
181 143
182 122
183 141
184 138
185 143
186 131
187 74
188 108
189 144
190 129
191 163
192 151
193 134
194 127
195 134
196 88
197 133
198 168
199 135
200 147
201 135
202 119
203 130
204 154
205 178
206 174
207 167
208 144
209 156
210 125
211 116
212 165
213 158
214 70
215 135
216 109
217 141
218 86
219 133
220 112
221 138
222 131
223 129
224 138
225 131
226 164
227 189
228 106
229 142
230 151
231 177
232 165
233 115
234 131
235 134
236 172
237 173
238 127
239 176
240 173
241 137
242 145
243 145
244 123
245 157
246 124
247 143
248 129
249 169
250 145
251 127
252 153
253 149
254 133
255 124
256 50
257 127
258 146
259 174
260 151
261 118
262 123
263 133
264 150
265 133
266 134
267 104
268 122
269 92
270 181
271 167
272 137
273 99
274 121
275 159
276 151
277 130
278 168
279 141
280 125
281 107
282 137
283 160
284 157
285 121
286 147
287 131
288 155
289 136
290 142
291 113
292 152
293 101
294 111
295 162
296 125
297 135
298 134
299 165
300 105
301 130
302 207
303 189
304 136
305 142
306 164
307 121
308 133
309 137
310 127
311 142
312 126
313 163
314 119
315 152
316 146
317 126
318 126
319 151
320 98
321 130
322 142
323 126
324 167
325 85
326 152
327 161
328 151
329 105
330 116
331 118
332 145
333 177
334 138
335 90
336 82
337 102
338 126
339 193
340 148
341 114
342 164
343 114
344 125
345 117
346 144
347 134
348 155
349 140
350 104
351 131
352 144
353 130
354 170
355 79
356 133
357 176
358 144
359 66
360 131
361 131
362 133
363 122
364 122
365 126
366 127
367 104
368 169
369 119
370 127
371 188
372 114
373 124
374 179
375 153
376 87
377 120
378 193
379 128
380 0
381 136
382 113
383 121
384 143
385 148
386 161
387 134
388 118
389 127
390 130
391 152
392 141
393 126
394 152
395 123
396 101
397 142
398 109
399 108
400 91
401 165
402 198
403 152
404 140
405 102
406 135
407 159
408 170
409 117
410 93
411 106
412 132
413 130
414 127
415 125
416 115
417 147
418 130
419 131
420 151
421 111
422 144
423 142
424 119
425 149
426 157
427 116
428 131
429 113
430 126
431 142
432 125
433 146
434 135
435 112
436 203
437 161
438 95
439 121
440 119
441 99
442 137
443 146
444 139
445 123
446 109
447 125
448 119
449 129
450 121
451 110
452 154
453 139
454 137
455 138
456 129
457 158
458 122
459 161
460 126
461 109
462 113
463 153
464 129
465 127
466 135
467 126
468 146
469 169
470 150
471 116
472 132
473 124
474 165
475 138
476 137
477 140
478 126
479 119
480 192
481 141
482 134
483 141
484 147
485 101
486 207
487 132
488 161
489 112
490 137
491 125
492 72
493 125
494 127
495 94
496 156
497 125
498 145
499 103
500 56
501 158
502 179
503 147
504 139
505 131
506 152
507 149
508 122
509 137
510 116
511 113
512 137
513 173
514 127
515 128
516 109
517 186
518 117
519 146
520 135
521 132
522 100
523 90
524 150
525 117
526 147
527 117
528 178
529 122
530 108
531 220
532 155
533 123
534 72
535 142
536 145
537 134
538 159
539 162
540 118
541 180
542 150
543 146
544 139
545 168
546 122
547 101
548 129
549 150
550 109
551 152
552 132
553 117
554 136
555 128
556 130
557 127
558 124
559 162
560 125
561 102
562 100
563 137
564 115
565 147
566 132
567 122
568 199
569 139
570 135
571 144
572 123
573 127
574 170
575 144
576 144
577 133
578 123
579 170
580 169
581 142
582 110
583 167
584 141
585 188
586 122
587 137
588 147
589 125
590 138
591 161
592 162
593 178
594 103
595 122
596 133
597 123
598 125
599 103
600 153
601 137
602 146
603 136
604 137
605 177
606 146
607 129
608 131
609 137
610 145
611 148
612 135
613 132
614 178
615 133
616 167
617 158
618 146
619 161
620 130
621 138
622 155
623 141
624 122
625 163
626 120
627 126
628 152
629 157
630 130
631 133
632 124
633 109
634 136
635 134
636 194
637 142
638 113
639 139
640 129
641 113
642 84
643 89
644 157
645 154
646 121
647 139
648 120
649 130
650 102
651 153
652 150
653 125
654 139
655 133
656 136
657 165
658 117
659 136
660 145
661 166
662 126
663 161
664 202
665 143
666 126
667 146
668 154
669 130
670 116
671 120
672 121
673 111
674 217
675 156
676 183
677 110
678 125
679 143
680 142
681 140
682 139
683 130
684 91
685 121
686 114
687 53
688 143
689 190
690 122
691 152
692 183
693 166
694 139
695 109
696 128
697 152
698 134
699 137
700 162
701 97
702 140
703 139
704 127
705 139
706 121
707 82
708 150
709 139
710 203
711 119
712 142
713 131
714 137
715 115
716 123
717 43
718 130
719 141
720 157
721 135
722 109
723 149
724 115
725 109
726 148
727 145
728 174
729 131
730 123
731 137
732 115
733 157
734 99
735 129
736 133
737 160
738 152
739 119
740 117
741 122
742 138
743 155
744 148
745 123
746 128
747 127
748 151
749 165
750 73
751 97
752 134
753 79
754 128
755 117
756 167
757 127
758 137
759 117
760 133
761 101
762 106
763 126
764 159
765 179
766 143
767 162
768 150
769 111
770 153
771 133
772 137
773 170
774 147
775 131
776 120
777 150
778 102
779 126
780 129
781 130
782 114
783 149
784 98
785 137
786 116
787 128
788 111
789 154
790 93
791 100
792 148
793 57
794 159
795 130
796 150
797 142
798 132
799 123
800 155
801 149
802 135
803 141
804 117
805 139
806 136
807 153
808 126
809 146
810 146
811 74
812 42
813 155
814 92
815 119
816 167
817 121
818 118
819 132
820 134
821 177
822 116
823 155
824 172
825 177
826 92
827 131
828 126
829 149
830 118
831 145
832 136
833 153
834 147
835 142
836 85
837 111
838 104
839 127
840 83
841 183
842 135
843 163
844 144
845 159
846 139
847 183
848 115
849 133
850 113
851 93
852 101
853 165
854 53
855 177
856 120
857 144
858 103
859 139
860 150
861 146
862 155
863 140
864 156
865 102
866 145
867 135
868 150
869 124
870 134
871 143
872 103
873 147
874 129
875 159
876 161
877 99
878 141
879 169
880 114
881 167
882 159
883 149
884 131
885 120
886 139
887 113
888 145
889 138
890 178
891 157
892 91
893 116
894 139
895 146
896 146
897 143
898 119
899 148
900 119
901 129
902 117
903 148
904 119
905 142
906 135
907 170
908 145
909 134
910 152
911 108
912 136
913 146
914 163
915 114
916 125
917 131
918 132
919 117
920 96
921 144
922 220
923 86
924 146
925 106
926 129
927 209
928 147
929 150
930 102
931 118
932 132
933 142
934 126
935 138
936 143
937 159
938 145
939 120
940 134
941 156
942 178
943 153
944 157
945 173
946 122
947 176
948 152
949 133
950 142
951 120
952 146
953 116
954 140
955 143
956 132
957 103
958 131
959 105
960 113
961 115
962 138
963 207
964 127
965 71
966 119
967 166
968 142
969 148
970 147
971 122
972 202
973 143
974 188
975 123
976 171
977 108
978 142
979 204
980 97
981 131
982 138
983 150
984 129
985 166
986 113
987 137
988 142
989 162
990 138
991 115
992 148
993 156
994 189
995 106
996 138
997 154
998 130
999 39
1000 95
1001 145
1002 115
1003 115
1004 181
1005 177
1006 174
1007 142
1008 142
1009 117
1010 136
1011 145
1012 126
1013 123
1014 145
1015 147
1016 160
1017 137
1018 113
1019 138
1020 78
1021 168
1022 115
1023 102
1024 164
1025 137
1026 149
1027 126
1028 128
1029 132
1030 96
1031 110
1032 134
1033 168
1034 101
1035 169
1036 151
1037 124
1038 126
1039 152
1040 141
1041 113
1042 127
1043 145
1044 140
1045 81
1046 198
1047 133
1048 133
1049 122
1050 112
1051 115
1052 208
1053 151
1054 106
1055 130
1056 147
1057 129
1058 114
1059 173
1060 138
1061 119
1062 169
1063 171
1064 147
1065 146
1066 119
1067 112
1068 94
1069 156
1070 80
1071 157
1072 137
1073 162
1074 144
1075 171
1076 118
1077 153
1078 166
1079 129
1080 87
1081 131
1082 140
1083 179
1084 180
1085 138
1086 106
1087 91
1088 117
1089 123
1090 120
1091 136
1092 106
1093 163
1094 145
1095 122
1096 125
1097 123
1098 80
1099 184
1100 140
1101 126
1102 150
1103 99
1104 165
1105 146
1106 154
1107 125
1108 136
1109 115
1110 95
1111 136
1112 130
1113 43
1114 174
1115 109
1116 156
1117 133
1118 150
1119 102
1120 119
1121 170
1122 133
1123 212
1124 159
1125 180
1126 122
1127 134
1128 120
1129 112
1130 149
1131 125
1132 110
1133 114
1134 111
1135 120
1136 131
1137 154
1138 153
1139 158
1140 147
1141 138
1142 148
1143 172
1144 159
1145 103
1146 108
1147 131
1148 118
1149 189
1150 109
1151 125
1152 121
1153 106
1154 124
1155 196
1156 144
1157 150
1158 82
1159 126
1160 199
1161 167
1162 128
1163 130
1164 121
1165 154
1166 125
1167 136
1168 141
1169 134
1170 135
1171 165
1172 161
1173 154
1174 151
1175 181
1176 160
1177 139
1178 133
1179 178
1180 151
1181 134
1182 136
1183 135
1184 152
1185 185
1186 175
1187 162
1188 197
1189 94
1190 188
1191 91
1192 160
1193 147
1194 171
1195 120
1196 197
1197 146
1198 153
1199 132
1200 182
1201 120
1202 137
1203 171
1204 112
1205 0
1206 126
1207 133
1208 108
1209 164
1210 137
1211 181
1212 170
1213 104
1214 131
1215 138
1216 98
1217 122
1218 99
1219 132
1220 157
1221 147
1222 138
1223 130
1224 166
1225 154
1226 92
1227 103
1228 136
1229 150
1230 142
1231 140
1232 156
1233 94
1234 158
1235 143
1236 97
1237 142
1238 114
1239 106
1240 156
1241 143
1242 153
1243 155
1244 147
1245 125
1246 143
1247 138
1248 165
1249 115
1250 133
1251 139
1252 130
1253 161
1254 205
1255 135
1256 117
1257 147
1258 113
1259 149
1260 118
1261 117
1262 111
1263 144
1264 138
1265 178
1266 119
1267 132
1268 76
1269 135
1270 157
1271 123
1272 150
1273 135
1274 125
1275 158
1276 157
1277 75
1278 167
1279 161
1280 142
1281 161
1282 152
1283 104
1284 32
1285 188
1286 128
1287 235
1288 148
1289 141
1290 145
1291 131
1292 134
1293 85
1294 162
1295 98
1296 152
1297 108
1298 129
1299 160
1300 175
1301 115
1302 98
1303 147
1304 144
1305 115
1306 180
1307 164
1308 146
1309 172
1310 154
1311 101
1312 122
1313 92
1314 64
1315 159
1316 147
1317 114
1318 138
1319 142
1320 135
1321 135
1322 105
1323 112
1324 156
1325 124
1326 159
1327 111
1328 131
1329 151
1330 135
1331 128
1332 130
1333 123
1334 131
1335 108
1336 153
1337 111
1338 132
1339 155
1340 141
1341 79
1342 133
1343 169
1344 170
1345 0
1346 120
1347 129
1348 115
1349 162
1350 129
1351 162
1352 170
1353 153
1354 116
1355 106
1356 198
1357 173
1358 115
1359 159
1360 133
1361 93
1362 128
1363 120
1364 158
1365 154
1366 150
1367 154
1368 72
1369 120
1370 154
1371 126
1372 137
1373 135
1374 92
1375 138
1376 164
1377 101
1378 162
1379 153
1380 154
1381 91
1382 222
1383 147
1384 108
1385 195
1386 165
1387 141
1388 169
1389 145
1390 154
1391 148
1392 150
1393 133
1394 172
1395 102
1396 110
1397 93
1398 136
1399 139
1400 136
1401 71
1402 154
1403 167
1404 144
1405 202
1406 108
1407 148
1408 87
1409 136
1410 137
1411 139
1412 69
1413 159
1414 129
1415 157
1416 146
1417 133
1418 138
1419 153
1420 122
1421 111
1422 128
1423 69
1424 149
1425 178
1426 89
1427 136
1428 210
1429 154
1430 150
1431 124
1432 114
1433 111
1434 118
1435 113
1436 141
1437 98
1438 151
1439 157
1440 155
1441 125
1442 205
1443 112
1444 140
1445 157
1446 108
1447 133
1448 94
1449 163
1450 179
1451 135
1452 158
1453 118
1454 133
1455 148
1456 161
1457 169
1458 96
1459 104
1460 157
1461 137
1462 99
1463 95
1464 138
1465 128
1466 155
1467 148
1468 157
1469 117
1470 137
1471 136
1472 102
1473 163
1474 148
1475 132
1476 105
1477 162
1478 163
1479 98
1480 136
1481 150
1482 129
1483 204
1484 165
1485 156
1486 116
1487 175
1488 131
1489 158
1490 107
1491 147
1492 86
1493 120
1494 170
1495 156
1496 79
1497 166
1498 128
1499 154
1500 131
1501 170
1502 127
1503 142
1504 116
1505 127
1506 136
1507 130
1508 157
1509 135
1510 127
1511 122
1512 128
1513 127
1514 118
1515 177
1516 151
1517 126
1518 119
1519 140
1520 129
1521 85
1522 159
1523 176
1524 95
1525 176
1526 135
1527 140
1528 99
1529 170
1530 125
1531 136
1532 144
1533 137
1534 127
1535 126
1536 137
1537 152
1538 170
1539 184
1540 165
1541 118
1542 91
1543 130
1544 143
1545 165
1546 87
1547 131
1548 83
1549 134
1550 105
1551 181
1552 182
1553 114
1554 150
1555 91
1556 122
1557 189
1558 127
1559 125
1560 123
1561 113
1562 151
1563 116
1564 174
1565 118
1566 100
1567 116
1568 146
1569 153
1570 116
1571 99
1572 129
1573 104
1574 86
1575 141
1576 121
1577 115
1578 121
1579 151
1580 138
1581 160
1582 151
1583 140
1584 152
1585 159
1586 204
1587 87
1588 138
1589 147
1590 151
1591 125
1592 110
1593 131
1594 137
1595 123
1596 137
1597 58
1598 101
1599 140
1600 145
1601 124
1602 135
1603 132
1604 115
1605 104
1606 89
1607 154
1608 140
1609 144
1610 148
1611 67
1612 199
1613 110
1614 155
1615 117
1616 99
1617 160
1618 142
1619 186
1620 135
1621 114
1622 155
1623 112
1624 133
1625 116
1626 144
1627 115
1628 150
1629 204
1630 90
1631 126
1632 152
1633 148
1634 200
1635 154
1636 133
1637 122
1638 142
1639 89
1640 164
1641 136
1642 179
1643 132
1644 122
1645 122
1646 128
1647 140
1648 187
1649 151
1650 104
1651 161
1652 138
1653 105
1654 148
1655 143
1656 136
1657 145
1658 162
1659 128
1660 152
1661 153
1662 162
1663 150
1664 136
1665 166
1666 110
1667 84
1668 132
1669 73
1670 139
1671 138
1672 100
1673 141
1674 133
1675 154
1676 117
1677 191
1678 198
1679 153
1680 133
1681 148
1682 149
1683 106
1684 119
1685 165
1686 149
1687 120
1688 178
1689 151
1690 109
1691 153
1692 148
1693 147
1694 152
1695 114
1696 123
1697 163
1698 139
1699 138
1700 135
1701 163
1702 135
1703 155
1704 157
1705 117
1706 197
1707 123
1708 117
1709 133
1710 178
1711 168
1712 118
1713 139
1714 142
1715 125
1716 104
1717 86
1718 153
1719 136
1720 147
1721 77
1722 145
1723 137
1724 78
1725 149
1726 94
1727 60
1728 139
1729 151
1730 137
1731 127
1732 148
1733 161
1734 130
1735 145
1736 127
1737 123
1738 129
1739 142
1740 121
1741 143
1742 142
1743 135
1744 93
1745 158
1746 117
1747 99
1748 118
1749 164
1750 186
1751 132
1752 141
1753 127
1754 204
1755 101
1756 97
1757 110
1758 132
1759 116
1760 177
1761 136
1762 118
1763 138
1764 132
1765 120
1766 123
1767 163
1768 159
1769 131
1770 232
1771 154
1772 23
1773 144
1774 151
1775 163
1776 136
1777 145
1778 159
1779 119
1780 165
1781 104
1782 101
1783 199
1784 138
1785 140
1786 133
1787 125
1788 154
1789 137
1790 133
1791 228
1792 198
1793 115
1794 160
1795 151
1796 145
1797 144
1798 181
1799 147
1800 125
1801 182
1802 129
1803 103
1804 137
1805 172
1806 111
1807 135
1808 64
1809 155
1810 120
1811 139
1812 141
1813 141
1814 134
1815 121
1816 136
1817 124
1818 141
1819 162
1820 160
1821 107
1822 84
1823 124
1824 146
1825 154
1826 123
1827 105
1828 107
1829 144
1830 110
1831 137
1832 159
1833 142
1834 133
1835 178
1836 140
1837 121
1838 114
1839 170
1840 102
1841 152
1842 147
1843 104
1844 101
1845 108
1846 150
1847 113
1848 173
1849 152
1850 119
1851 99
1852 108
1853 157
1854 149
1855 89
1856 121
1857 182
1858 121
1859 129
1860 193
1861 92
1862 158
1863 134
1864 154
1865 144
1866 164
1867 104
1868 134
1869 139
1870 121
1871 153
1872 111
1873 129
1874 147
1875 80
1876 128
1877 99
1878 155
1879 150
1880 142
1881 179
1882 191
1883 116
1884 127
1885 168
1886 169
1887 145
1888 134
1889 145
1890 105
1891 163
1892 118
1893 151
1894 145
1895 145
1896 119
1897 145
1898 139
1899 147
1900 68
1901 106
1902 85
1903 159
1904 168
1905 99
1906 126
1907 156
1908 150
1909 150
1910 139
1911 107
1912 107
1913 118
1914 137
1915 143
1916 118
1917 89
1918 150
1919 126
1920 161
1921 165
1922 157
1923 138
1924 132
1925 158
1926 143
1927 128
1928 136
1929 145
1930 179
1931 143
1932 152
1933 134
1934 151
1935 125
1936 87
1937 117
1938 149
1939 135
1940 180
1941 143
1942 119
1943 130
1944 120
1945 117
1946 96
1947 154
1948 103
1949 122
1950 166
1951 163
1952 119
1953 159
1954 173
1955 147
1956 143
1957 140
1958 152
1959 176
1960 143
1961 77
1962 170
1963 128
1964 121
1965 142
1966 108
1967 139
1968 139
1969 94
1970 106
1971 126
1972 104
1973 151
1974 124
1975 141
1976 143
1977 148
1978 129
1979 165
1980 187
1981 127
1982 96
1983 161
1984 115
1985 151
1986 131
1987 118
1988 136
1989 149
1990 134
1991 113
1992 162
1993 162
1994 214
1995 104
1996 154
1997 171
1998 140
1999 122
2000 135
2001 89
2002 109
2003 150
2004 154
2005 152
2006 92
2007 56
2008 155
2009 152
2010 122
2011 149
2012 135
2013 79
2014 105
2015 127
2016 114
2017 115
2018 125
2019 150
2020 77
2021 122
2022 145
2023 125
2024 132
2025 140
2026 121
2027 153
2028 100
2029 150
2030 120
2031 180
2032 28
2033 143
2034 71
2035 130
2036 151
2037 93
2038 160
2039 122
2040 136
2041 91
2042 137
2043 138
2044 164
2045 150
2046 144
2047 133
2048 107
2049 117
2050 162
2051 103
2052 131
2053 161
2054 154
2055 128
2056 157
2057 113
2058 165
2059 133
2060 58
2061 148
2062 147
2063 115
2064 177
2065 139
2066 134
2067 140
2068 157
2069 119
2070 138
2071 110
2072 94
2073 129
2074 92
2075 141
2076 127
2077 76
2078 124
2079 182
2080 144
2081 141
2082 119
2083 138
2084 194
2085 116
2086 183
2087 145
2088 135
2089 133
2090 120
2091 148
2092 153
2093 122
2094 89
2095 96
2096 118
2097 130
2098 140
2099 138
2100 156
2101 116
2102 110
2103 138
2104 182
2105 123
2106 157
2107 140
2108 158
2109 95
2110 112
2111 161
2112 143
2113 93
2114 89
2115 129
2116 97
2117 143
2118 77
2119 128
2120 160
2121 143
2122 143
2123 140
2124 125
2125 116
2126 90
2127 117
2128 173
2129 117
2130 143
2131 169
2132 93
2133 109
2134 136
2135 102
2136 160
2137 152
2138 131
2139 143
2140 147
2141 126
2142 111
2143 141
2144 120
2145 181
2146 166
2147 111
2148 126
2149 94
2150 101
2151 159
2152 55
2153 98
2154 98
2155 168
2156 107
2157 126
2158 157
2159 49
2160 180
2161 103
2162 136
2163 98
2164 174
2165 144
2166 120
2167 160
2168 156
2169 109
2170 115
2171 155
2172 133
2173 194
2174 128
2175 142
2176 142
2177 123
2178 134
2179 59
2180 111
2181 117
2182 133
2183 32
2184 165
2185 127
2186 94
2187 132
2188 169
2189 130
2190 123
2191 148
2192 71
2193 114
2194 187
2195 126
2196 134
2197 133
2198 174
2199 165
2200 142
2201 137
2202 86
2203 128
2204 140
2205 75
2206 149
2207 136
2208 108
2209 125
2210 159
2211 99
2212 154
2213 220
2214 141
2215 164
2216 142
2217 174
2218 146
2219 87
2220 164
2221 135
2222 64
2223 135
2224 166
2225 71
2226 152
2227 117
2228 167
2229 169
2230 118
2231 140
2232 97
2233 142
2234 78
2235 123
2236 167
2237 71
2238 86
2239 159
2240 156
2241 190
2242 139
2243 129
2244 81
2245 155
2246 123
2247 134
2248 159
2249 111
2250 115
2251 98
2252 134
2253 101
2254 138
2255 117
2256 154
2257 124
2258 155
2259 134
2260 141
2261 152
2262 126
2263 161
2264 138
2265 107
2266 142
2267 109
2268 167
2269 117
2270 191
2271 124
2272 106
2273 176
2274 131
2275 139
2276 142
2277 128
2278 179
2279 158
2280 135
2281 144
2282 163
2283 172
2284 128
2285 111
2286 118
2287 147
2288 148
2289 111
2290 152
2291 124
2292 140
2293 116
2294 158
2295 150
2296 133
2297 130
2298 161
2299 145
2300 103
2301 152
2302 127
2303 86
2304 124
2305 201
2306 186
2307 101
2308 147
2309 118
2310 113
2311 123
2312 184
2313 168
2314 132
2315 123
2316 233
2317 119
2318 144
2319 136
2320 132
2321 146
2322 175
2323 117
2324 123
2325 160
2326 127
2327 160
2328 122
2329 115
2330 126
2331 155
2332 95
2333 141
2334 157
2335 162
2336 171
2337 158
2338 95
2339 150
2340 128
2341 110
2342 185
2343 138
2344 127
2345 149
2346 169
2347 149
2348 144
2349 103
2350 163
2351 118
2352 148
2353 176
2354 132
2355 125
2356 130
2357 172
2358 159
2359 113
2360 104
2361 128
2362 170
2363 192
2364 159
2365 131
2366 124
2367 162
2368 133
2369 164
2370 164
2371 199
2372 194
2373 164
2374 110
2375 123
2376 97
2377 127
2378 129
2379 73
2380 115
2381 111
2382 210
2383 124
2384 98
2385 137
2386 148
2387 167
2388 107
2389 111
2390 135
2391 127
2392 135
2393 146
2394 134
2395 145
2396 166
2397 107
2398 129
2399 152
2400 155
2401 111
2402 121
2403 123
2404 115
2405 143
2406 146
2407 154
2408 95
2409 181
2410 172
2411 133
2412 137
2413 155
2414 140
2415 165
2416 170
2417 124
2418 152
2419 165
2420 98
2421 120
2422 122
2423 120
2424 130
2425 134
2426 158
2427 155
2428 121
2429 155
2430 121
2431 160
2432 136
2433 142
2434 139
2435 133
2436 124
2437 144
2438 175
2439 147
2440 185
2441 75
2442 131
2443 156
2444 110
2445 113
2446 152
2447 64
2448 116
2449 130
2450 83
2451 137
2452 141
2453 122
2454 140
2455 109
2456 133
2457 103
2458 154
2459 167
2460 235
2461 127
2462 119
2463 144
2464 149
2465 119
2466 127
2467 129
2468 127
2469 121
2470 157
2471 112
2472 160
2473 132
2474 133
2475 121
2476 154
2477 120
2478 138
2479 165
2480 109
2481 141
2482 162
2483 133
2484 145
2485 128
2486 159
2487 104
2488 131
2489 110
2490 197
2491 166
2492 127
2493 108
2494 138
2495 145
2496 125
2497 82
2498 151
2499 149
2500 126
2501 156
2502 160
2503 155
2504 135
2505 163
2506 153
2507 79
2508 154
2509 99
2510 115
2511 110
2512 135
2513 131
2514 146
2515 133
2516 135
2517 143
2518 86
2519 157
2520 162
2521 161
2522 103
2523 104
2524 113
2525 129
2526 104
2527 153
2528 148
2529 116
2530 115
2531 139
2532 152
2533 163
2534 70
2535 119
2536 138
2537 126
2538 130
2539 150
2540 156
2541 113
2542 132
2543 141
2544 157
2545 157
2546 131
2547 143
2548 151
2549 128
2550 211
2551 148
2552 92
2553 84
2554 105
2555 151
2556 107
2557 136
2558 65
2559 103
2560 176
2561 139
2562 168
2563 114
2564 119
2565 70
2566 149
2567 151
2568 133
2569 141
2570 161
2571 167
2572 151
2573 129
2574 198
2575 145
2576 95
2577 201
2578 141
2579 131
2580 94
2581 170
2582 120
2583 120
2584 145
2585 129
2586 147
2587 178
2588 149
2589 136
2590 174
2591 147
2592 163
2593 139
2594 176
2595 136
2596 171
2597 168
2598 121
2599 159
2600 122
2601 144
2602 121
2603 107
2604 144
2605 141
2606 203
2607 159
2608 129
2609 153
2610 125
2611 129
2612 151
2613 135
2614 160
2615 160
2616 162
2617 173
2618 131
2619 130
2620 154
2621 109
2622 85
2623 144
2624 94
2625 184
2626 173
2627 164
2628 105
2629 135
2630 146
2631 140
2632 197
2633 158
2634 148
2635 151
2636 155
2637 144
2638 149
2639 153
2640 148
2641 138
2642 142
2643 171
2644 141
2645 180
2646 145
2647 128
2648 54
2649 113
2650 157
2651 119
2652 165
2653 115
2654 148
2655 159
2656 149
2657 88
2658 141
2659 158
2660 156
2661 184
2662 120
2663 141
2664 108
2665 167
2666 139
2667 107
2668 160
2669 155
2670 131
2671 145
2672 135
2673 139
2674 68
2675 81
2676 151
2677 149
2678 134
2679 129
2680 150
2681 152
2682 123
2683 165
2684 147
2685 128
2686 197
2687 218
2688 127
2689 144
2690 135
2691 150
2692 124
2693 72
2694 167
2695 120
2696 123
2697 172
2698 162
2699 76
2700 108
2701 105
2702 152
2703 155
2704 154
2705 164
2706 124
2707 146
2708 139
2709 132
2710 174
2711 126
2712 159
2713 134
2714 178
2715 148
2716 131
2717 157
2718 119
2719 155
2720 90
2721 134
2722 153
2723 97
2724 100
2725 104
2726 144
2727 139
2728 143
2729 119
2730 171
2731 164
2732 99
2733 144
2734 117
2735 170
2736 142
2737 118
2738 131
2739 153
2740 147
2741 144
2742 136
2743 161
2744 140
2745 112
2746 109
2747 145
2748 104
2749 191
2750 113
2751 153
2752 97
2753 133
2754 165
2755 140
2756 134
2757 110
2758 139
2759 169
2760 126
2761 97
2762 133
2763 139
2764 120
2765 112
2766 180
2767 80
2768 170
2769 138
2770 160
2771 143
2772 144
2773 167
2774 122
2775 135
2776 138
2777 106
2778 149
2779 132
2780 116
2781 148
2782 142
2783 123
2784 142
2785 120
2786 61
2787 85
2788 124
2789 141
2790 175
2791 140
2792 127
2793 173
2794 152
2795 168
2796 121
2797 125
2798 119
2799 147
2800 127
2801 194
2802 134
2803 123
2804 178
2805 112
2806 161
2807 131
2808 140
2809 170
2810 170
2811 74
2812 99
2813 110
2814 127
2815 148
2816 130
2817 174
2818 164
2819 160
2820 132
2821 153
2822 129
2823 151
2824 175
2825 155
2826 132
2827 96
2828 127
2829 133
2830 130
2831 125
2832 137
2833 172
2834 163
2835 116
2836 137
2837 139
2838 126
2839 150
2840 90
2841 171
2842 133
2843 128
2844 141
2845 72
2846 150
2847 168
2848 154
2849 147
2850 137
2851 117
2852 142
2853 129
2854 132
2855 92
2856 124
2857 134
2858 146
2859 129
2860 164
2861 125
2862 176
2863 100
2864 167
2865 116
2866 188
2867 112
2868 149
2869 142
2870 127
2871 94
2872 96
2873 123
2874 138
2875 129
2876 138
2877 105
2878 59
2879 99
2880 99
2881 127
2882 98
2883 129
2884 162
2885 117
2886 101
2887 162
2888 110
2889 122
2890 108
2891 180
2892 159
2893 90
2894 126
2895 112
2896 132
2897 97
2898 158
2899 140
2900 160
2901 81
2902 153
2903 137
2904 112
2905 162
2906 178
2907 136
2908 155
2909 164
2910 147
2911 153
2912 157
2913 145
2914 212
2915 135
2916 143
2917 137
2918 155
2919 156
2920 147
2921 98
2922 161
2923 174
2924 178
2925 142
2926 158
2927 163
2928 169
2929 134
2930 131
2931 119
2932 134
2933 93
2934 143
2935 126
2936 135
2937 182
2938 103
2939 199
2940 112
2941 126
2942 177
2943 138
2944 131
2945 153
2946 146
2947 126
2948 124
2949 142
2950 151
2951 186
2952 139
2953 141
2954 166
2955 140
2956 115
2957 136
2958 129
2959 159
2960 85
2961 158
2962 123
2963 176
2964 198
2965 128
2966 124
2967 151
2968 157
2969 54
2970 143
2971 134
2972 150
2973 146
2974 151
2975 116
2976 142
2977 147
2978 173
2979 104
2980 122
2981 139
2982 132
2983 138
2984 126
2985 152
2986 110
2987 132
2988 124
2989 158
2990 180
2991 116
2992 183
2993 158
2994 164
2995 204
2996 133
2997 171
2998 123
2999 145
3000 137
3001 35
3002 143
3003 135
3004 115
3005 195
3006 128
3007 147
3008 142
3009 42
3010 147
3011 93
3012 160
3013 88
3014 141
3015 137
3016 154
3017 141
3018 140
3019 121
3020 135
3021 143
3022 103
3023 145
3024 147
3025 119
3026 154
3027 151
3028 83
3029 142
3030 127
3031 104
3032 142
3033 129
3034 156
3035 158
3036 140
3037 111
3038 55
3039 111
3040 122
3041 134
3042 149
3043 159
3044 164
3045 162
3046 139
3047 130
3048 151
3049 137
3050 93
3051 150
3052 127
3053 163
3054 127
3055 126
3056 161
3057 146
3058 145
3059 143
3060 148
3061 180
3062 140
3063 115
3064 130
3065 150
3066 133
3067 145
3068 186
3069 150
3070 150
3071 199
3072 74
3073 107
3074 115
3075 99
3076 151
3077 176
3078 140
3079 105
3080 126
3081 105
3082 113
3083 135
3084 111
3085 149
3086 157
3087 140
3088 169
3089 120
3090 126
3091 172
3092 111
3093 167
3094 139
3095 151
3096 119
3097 97
3098 120
3099 102
3100 143
3101 149
3102 152
3103 126
3104 116
3105 104
3106 139
3107 141
3108 117
3109 152
3110 143
3111 106
3112 143
3113 126
3114 130
3115 145
3116 27
3117 132
3118 154
3119 175
3120 134
3121 83
3122 98
3123 141
3124 131
3125 137
3126 109
3127 133
3128 141
3129 111
3130 134
3131 146
3132 130
3133 150
3134 134
3135 172
3136 130
3137 104
3138 169
3139 127
3140 123
3141 121
3142 139
3143 130
3144 148
3145 105
3146 114
3147 137
3148 174
3149 114
3150 146
3151 143
3152 149
3153 111
3154 157
3155 176
3156 83
3157 122
3158 95
3159 149
3160 114
3161 144
3162 108
3163 120
3164 142
3165 127
3166 130
3167 125
3168 143
3169 156
3170 140
3171 108
3172 122
3173 99
3174 112
3175 124
3176 137
3177 132
3178 128
3179 153
3180 108
3181 130
3182 66
3183 148
3184 125
3185 133
3186 150
3187 70
3188 134
3189 168
3190 80
3191 184
3192 138
3193 205
3194 55
3195 121
3196 115
3197 107
3198 114
3199 164
3200 115
3201 84
3202 146
3203 133
3204 190
3205 109
3206 158
3207 162
3208 132
3209 131
3210 166
3211 127
3212 155
3213 193
3214 134
3215 125
3216 164
3217 126
3218 134
3219 138
3220 154
3221 149
3222 150
3223 144
3224 113
3225 141
3226 119
3227 179
3228 162
3229 135
3230 159
3231 166
3232 184
3233 132
3234 146
3235 111
3236 172
3237 199
3238 148
3239 171
3240 103
3241 157
3242 105
3243 153
3244 80
3245 144
3246 161
3247 128
3248 148
3249 131
3250 148
3251 150
3252 165
3253 147
3254 141
3255 128
3256 100
3257 122
3258 162
3259 171
3260 82
3261 115
3262 99
3263 106
3264 121
3265 133
3266 154
3267 128
3268 137
3269 118
3270 166
3271 171
3272 124
3273 136
3274 131
3275 147
3276 100
3277 137
3278 133
3279 93
3280 163
3281 114
3282 141
3283 171
3284 160
3285 162
3286 181
3287 159
3288 130
3289 121
3290 173
3291 76
3292 99
3293 136
3294 158
3295 135
3296 115
3297 173
3298 133
3299 118
3300 177
3301 117
3302 122
3303 150
3304 140
3305 134
3306 129
3307 127
3308 135
3309 160
3310 87
3311 161
3312 127
3313 135
3314 85
3315 143
3316 83
3317 98
3318 104
3319 131
3320 121
3321 168
3322 145
3323 125
3324 135
3325 156
3326 120
3327 165
3328 139
3329 179
3330 161
3331 110
3332 149
3333 65
3334 92
3335 126
3336 86
3337 57
3338 86
3339 133
3340 142
3341 117
3342 114
3343 127
3344 144
3345 152
3346 145
3347 121
3348 166
3349 153
3350 126
3351 137
3352 118
3353 119
3354 154
3355 138
3356 156
3357 127
3358 135
3359 136
3360 152
3361 163
3362 135
3363 173
3364 166
3365 140
3366 83
3367 162
3368 129
3369 52
3370 151
3371 177
3372 131
3373 151
3374 105
3375 110
3376 158
3377 157
3378 104
3379 86
3380 109
3381 155
3382 138
3383 146
3384 136
3385 198
3386 107
3387 75
3388 122
3389 139
3390 146
3391 163
3392 169
3393 126
3394 160
3395 159
3396 108
3397 140
3398 141
3399 120
3400 144
3401 184
3402 163
3403 142
3404 160
3405 79
3406 129
3407 55
3408 106
3409 115
3410 121
3411 140
3412 139
3413 171
3414 128
3415 120
3416 136
3417 108
3418 100
3419 146
3420 163
3421 126
3422 128
3423 127
3424 175
3425 107
3426 183
3427 127
3428 120
3429 106
3430 197
3431 136
3432 141
3433 96
3434 128
3435 130
3436 146
3437 138
3438 144
3439 115
3440 101
3441 137
3442 137
3443 180
3444 146
3445 132
3446 134
3447 160
3448 120
3449 138
3450 154
3451 61
3452 118
3453 145
3454 160
3455 153
3456 137
3457 119
3458 151
3459 164
3460 152
3461 91
3462 115
3463 110
3464 132
3465 133
3466 125
3467 126
3468 119
3469 141
3470 121
3471 145
3472 176
3473 155
3474 105
3475 77
3476 162
3477 137
3478 90
3479 128
3480 109
3481 122
3482 120
3483 154
3484 135
3485 140
3486 96
3487 142
3488 120
3489 172
3490 135
3491 129
3492 133
3493 124
3494 155
3495 100
3496 160
3497 147
3498 39
3499 140
3500 105
3501 106
3502 109
3503 159
3504 156
3505 151
3506 143
3507 135
3508 128
3509 128
3510 147
3511 197
3512 139
3513 161
3514 119
3515 137
3516 124
3517 111
3518 119
3519 139
3520 174
3521 146
3522 88
3523 126
3524 117
3525 243
3526 132
3527 151
3528 145
3529 169
3530 127
3531 141
3532 108
3533 145
3534 133
3535 148
3536 173
3537 115
3538 138
3539 150
3540 149
3541 136
3542 117
3543 91
3544 133
3545 171
3546 150
3547 68
3548 148
3549 125
3550 127
3551 104
3552 107
3553 194
3554 128
3555 161
3556 130
3557 143
3558 136
3559 157
3560 110
3561 116
3562 181
3563 173
3564 153
3565 165
3566 148
3567 141
3568 173
3569 150
3570 138
3571 129
3572 118
3573 143
3574 85
3575 72
3576 175
3577 98
3578 136
3579 127
3580 126
3581 123
3582 99
3583 99
3584 150
3585 100
3586 123
3587 178
3588 125
3589 119
3590 152
3591 140
3592 122
3593 112
3594 115
3595 52
3596 130
3597 120
3598 115
3599 127
3600 134
3601 148
3602 148
3603 72
3604 132
3605 115
3606 128
3607 106
3608 125
3609 143
3610 103
3611 152
3612 89
3613 114
3614 176
3615 142
3616 138
3617 147
3618 93
3619 97
3620 82
3621 122
3622 164
3623 137
3624 125
3625 150
3626 161
3627 161
3628 135
3629 122
3630 168
3631 141
3632 119
3633 193
3634 126
3635 118
3636 131
3637 139
3638 115
3639 98
3640 177
3641 158
3642 133
3643 136
3644 187
3645 170
3646 133
3647 111
3648 126
3649 138
3650 149
3651 113
3652 172
3653 144
3654 103
3655 143
3656 149
3657 148
3658 122
3659 171
3660 88
3661 147
3662 156
3663 152
3664 112
3665 169
3666 129
3667 126
3668 113
3669 124
3670 137
3671 115
3672 169
3673 117
3674 157
3675 131
3676 142
3677 187
3678 137
3679 120
3680 131
3681 124
3682 192
3683 147
3684 166
3685 158
3686 138
3687 144
3688 170
3689 149
3690 129
3691 96
3692 121
3693 138
3694 177
3695 138
3696 131
3697 148
3698 106
3699 139
3700 151
3701 141
3702 139
3703 115
3704 172
3705 156
3706 119
3707 122
3708 156
3709 136
3710 137
3711 108
3712 103
3713 152
3714 106
3715 130
3716 135
3717 123
3718 125
3719 146
3720 99
3721 108
3722 143
3723 146
3724 113
3725 115
3726 162
3727 161
3728 173
3729 93
3730 132
3731 173
3732 126
3733 127
3734 95
3735 130
3736 143
3737 106
3738 109
3739 134
3740 151
3741 177
3742 169
3743 130
3744 125
3745 70
3746 161
3747 86
3748 148
3749 128
3750 140
3751 87
3752 145
3753 190
3754 151
3755 143
3756 138
3757 141
3758 129
3759 163
3760 125
3761 106
3762 211
3763 149
3764 137
3765 148
3766 146
3767 116
3768 140
3769 117
3770 117
3771 149
3772 141
3773 205
3774 130
3775 129
3776 184
3777 120
3778 143
3779 104
3780 147
3781 124
3782 116
3783 149
3784 145
3785 128
3786 119
3787 111
3788 152
3789 112
3790 123
3791 125
3792 145
3793 105
3794 138
3795 160
3796 186
3797 121
3798 135
3799 152
3800 121
3801 108
3802 131
3803 89
3804 185
3805 121
3806 125
3807 121
3808 151
3809 85
3810 163
3811 110
3812 150
3813 123
3814 183
3815 91
3816 109
3817 146
3818 132
3819 137
3820 117
3821 156
3822 179
3823 150
3824 149
3825 209
3826 240
3827 118
3828 115
3829 219
3830 133
3831 157
3832 137
3833 155
3834 138
3835 145
3836 104
3837 128
3838 103
3839 80
3840 124
3841 112
3842 131
3843 127
3844 151
3845 134
3846 121
3847 143
3848 145
3849 159
3850 133
3851 127
3852 164
3853 111
3854 159
3855 165
3856 134
3857 141
3858 153
3859 151
3860 118
3861 196
3862 176
3863 159
3864 160
3865 109
3866 103
3867 141
3868 156
3869 149
3870 189
3871 119
3872 191
3873 150
3874 114
3875 116
3876 111
3877 138
3878 153
3879 215
3880 161
3881 150
3882 86
3883 169
3884 164
3885 135
3886 163
3887 123
3888 138
3889 168
3890 149
3891 140
3892 147
3893 142
3894 192
3895 129
3896 152
3897 137
3898 142
3899 166
3900 134
3901 144
3902 109
3903 117
3904 119
3905 125
3906 122
3907 138
3908 100
3909 121
3910 143
3911 121
3912 88
3913 151
3914 135
3915 147
3916 139
3917 154
3918 113
3919 67
3920 111
3921 158
3922 138
3923 160
3924 119
3925 97
3926 65
3927 108
3928 105
3929 138
3930 67
3931 99
3932 132
3933 94
3934 113
3935 163
3936 144
3937 111
3938 145
3939 159
3940 120
3941 125
3942 143
3943 117
3944 151
3945 122
3946 169
3947 129
3948 134
3949 187
3950 185
3951 163
3952 162
3953 187
3954 111
3955 97
3956 106
3957 138
3958 167
3959 110
3960 97
3961 190
3962 116
3963 135
3964 101
3965 145
3966 114
3967 137
3968 125
3969 150
3970 139
3971 133
3972 163
3973 160
3974 161
3975 126
3976 170
3977 133
3978 169
3979 134
3980 130
3981 122
3982 108
3983 128
3984 155
3985 150
3986 129
3987 160
3988 136
3989 136
3990 79
3991 110
3992 142
3993 155
3994 163
3995 112
3996 114
3997 149
3998 83
3999 160
4000 83
4001 138
4002 116
4003 119
4004 143
4005 110
4006 143
4007 179
4008 147
4009 127
4010 174
4011 177
4012 95
4013 142
4014 149
4015 130
4016 117
4017 51
4018 144
4019 104
4020 150
4021 151
4022 167
4023 130
4024 155
4025 136
4026 108
4027 146
4028 202
4029 227
4030 145
4031 177
4032 147
4033 136
4034 167
4035 160
4036 122
4037 111
4038 156
4039 163
4040 114
4041 90
4042 140
4043 97
4044 170
4045 137
4046 94
4047 148
4048 170
4049 132
4050 135
4051 122
4052 105
4053 113
4054 143
4055 143
4056 124
4057 124
4058 131
4059 108
4060 143
4061 143
4062 115
4063 96
4064 96
4065 131
4066 150
4067 102
4068 135
4069 124
4070 125
4071 147
4072 159
4073 165
4074 117
4075 147
4076 125
4077 85
4078 149
4079 141
4080 153
4081 127
4082 164
4083 98
4084 81
4085 158
4086 75
4087 205
4088 106
4089 152
4090 104
4091 107
4092 159
4093 106
4094 159
4095 97
4096 139
4097 144
4098 156
4099 116
4100 105
4101 186
4102 183
4103 103
4104 156
4105 212
4106 127
4107 129
4108 91
4109 117
4110 161
4111 146
4112 142
4113 150
4114 151
4115 137
4116 125
4117 149
4118 144
4119 150
4120 137
4121 139
4122 187
4123 118
4124 170
4125 141
4126 165
4127 90
4128 125
4129 89
4130 120
4131 117
4132 152
4133 124
4134 167
4135 117
4136 132
4137 159
4138 122
4139 119
4140 136
4141 136
4142 140
4143 163
4144 180
4145 162
4146 165
4147 123
4148 168
4149 154
4150 130
4151 134
4152 160
4153 110
4154 123
4155 140
4156 136
4157 136
4158 130
4159 181
4160 153
4161 163
4162 150
4163 165
4164 155
4165 189
4166 130
4167 138
4168 152
4169 142
4170 143
4171 143
4172 114
4173 204
4174 141
4175 148
4176 145
4177 140
4178 174
4179 44
4180 131
4181 129
4182 157
4183 114
4184 144
4185 167
4186 142
4187 193
4188 137
4189 90
4190 147
4191 138
4192 176
4193 137
4194 133
4195 132
4196 145
4197 173
4198 128
4199 166
4200 133
4201 148
4202 168
4203 154
4204 135
4205 117
4206 158
4207 149
4208 142
4209 163
4210 128
4211 139
4212 128
4213 116
4214 143
4215 117
4216 134
4217 151
4218 157
4219 148
4220 140
4221 135
4222 133
4223 133
4224 158
4225 153
4226 157
4227 105
4228 139
4229 178
4230 156
4231 130
4232 144
4233 164
4234 145
4235 203
4236 119
4237 135
4238 144
4239 125
4240 121
4241 148
4242 147
4243 119
4244 99
4245 122
4246 106
4247 121
4248 101
4249 137
4250 191
4251 147
4252 151
4253 148
4254 160
4255 133
4256 139
4257 144
4258 113
4259 138
4260 137
4261 159
4262 154
4263 89
4264 155
4265 109
4266 121
4267 134
4268 96
4269 107
4270 154
4271 125
4272 156
4273 145
4274 121
4275 102
4276 141
4277 162
4278 116
4279 109
4280 199
4281 76
4282 152
4283 95
4284 150
4285 133
4286 122
4287 167
4288 108
4289 126
4290 159
4291 153
4292 125
4293 97
4294 104
4295 107
4296 145
4297 175
4298 141
4299 196
4300 120
4301 203
4302 143
4303 132
4304 122
4305 94
4306 122
4307 112
4308 152
4309 173
4310 109
4311 142
4312 116
4313 130
4314 173
4315 129
4316 116
4317 146
4318 61
4319 112
4320 97
4321 172
4322 135
4323 142
4324 150
4325 132
4326 149
4327 94
4328 156
4329 129
4330 150
4331 70
4332 146
4333 155
4334 120
4335 120
4336 107
4337 139
4338 160
4339 150
4340 146
4341 108
4342 156
4343 165
4344 140
4345 143
4346 116
4347 112
4348 146
4349 127
4350 125
4351 125
4352 140
4353 137
4354 158
4355 115
4356 155
4357 118
4358 130
4359 135
4360 133
4361 137
4362 121
4363 188
4364 200
4365 135
4366 152
4367 126
4368 96
4369 189
4370 110
4371 115
4372 141
4373 141
4374 155
4375 161
4376 153
4377 111
4378 119
4379 86
4380 187
4381 155
4382 125
4383 141
4384 101
4385 132
4386 141
4387 146
4388 184
4389 121
4390 171
4391 132
4392 184
4393 152
4394 178
4395 119
4396 122
4397 140
4398 133
4399 127
4400 137
4401 137
4402 124
4403 138
4404 166
4405 128
4406 95
4407 150
4408 134
4409 175
4410 132
4411 127
4412 176
4413 166
4414 138
4415 165
4416 113
4417 126
4418 135
4419 88
4420 82
4421 146
4422 141
4423 173
4424 123
4425 117
4426 44
4427 148
4428 133
4429 137
4430 137
4431 130
4432 136
4433 154
4434 118
4435 139
4436 80
4437 92
4438 145
4439 149
4440 141
4441 131
4442 143
4443 186
4444 151
4445 135
4446 126
4447 137
4448 146
4449 189
4450 109
4451 161
4452 146
4453 116
4454 170
4455 153
4456 61
4457 148
4458 127
4459 187
4460 137
4461 156
4462 167
4463 166
4464 130
4465 131
4466 156
4467 155
4468 154
4469 139
4470 111
4471 97
4472 162
4473 193
4474 136
4475 138
4476 126
4477 136
4478 147
4479 156
4480 183
4481 145
4482 147
4483 138
4484 151
4485 162
4486 102
4487 156
4488 128
4489 156
4490 134
4491 106
4492 134
4493 129
4494 150
4495 82
4496 133
4497 130
4498 130
4499 126
4500 116
4501 152
4502 129
4503 224
4504 106
4505 159
4506 124
4507 183
4508 140
4509 78
4510 120
4511 129
4512 86
4513 179
4514 154
4515 118
4516 136
4517 148
4518 163
4519 130
4520 83
4521 163
4522 110
4523 166
4524 125
4525 122
4526 135
4527 186
4528 138
4529 151
4530 132
4531 177
4532 176
4533 152
4534 124
4535 110
4536 90
4537 131
4538 103
4539 153
4540 126
4541 145
4542 109
4543 124
4544 91
4545 148
4546 116
4547 138
4548 145
4549 134
4550 136
4551 139
4552 105
4553 147
4554 107
4555 107
4556 135
4557 148
4558 109
4559 184
4560 135
4561 133
4562 121
4563 202
4564 157
4565 124
4566 170
4567 138
4568 217
4569 128
4570 163
4571 164
4572 149
4573 146
4574 141
4575 147
4576 163
4577 98
4578 131
4579 148
4580 187
4581 101
4582 119
4583 98
4584 159
4585 144
4586 150
4587 100
4588 127
4589 136
4590 148
4591 128
4592 139
4593 155
4594 209
4595 134
4596 96
4597 117
4598 166
4599 121
4600 188
4601 179
4602 130
4603 124
4604 105
4605 102
4606 171
4607 178
4608 117
4609 125
4610 150
4611 134
4612 168
4613 136
4614 177
4615 150
4616 161
4617 127
4618 101
4619 149
4620 140
4621 147
4622 169
4623 136
4624 147
4625 141
4626 162
4627 115
4628 173
4629 120
4630 80
4631 151
4632 137
4633 145
4634 174
4635 200
4636 116
4637 123
4638 139
4639 139
4640 144
4641 160
4642 152
4643 174
4644 127
4645 137
4646 136
4647 145
4648 132
4649 172
4650 173
4651 138
4652 148
4653 98
4654 107
4655 93
4656 138
4657 168
4658 134
4659 143
4660 168
4661 213
4662 145
4663 127
4664 135
4665 144
4666 146
4667 165
4668 153
4669 140
4670 139
4671 116
4672 130
4673 81
4674 161
4675 199
4676 124
4677 156
4678 145
4679 143
4680 188
4681 122
4682 96
4683 162
4684 159
4685 164
4686 165
4687 141
4688 127
4689 90
4690 132
4691 122
4692 128
4693 129
4694 243
4695 96
4696 91
4697 136
4698 136
4699 108
4700 147
4701 163
4702 159
4703 183
4704 95
4705 167
4706 138
4707 143
4708 197
4709 113
4710 137
4711 104
4712 138
4713 132
4714 162
4715 119
4716 166
4717 52
4718 114
4719 137
4720 106
4721 105
4722 168
4723 157
4724 147
4725 186
4726 129
4727 122
4728 91
4729 163
4730 108
4731 117
4732 173
4733 132
4734 116
4735 139
4736 186
4737 100
4738 140
4739 108
4740 134
4741 114
4742 146
4743 118
4744 114
4745 108
4746 111
4747 142
4748 132
4749 107
4750 126
4751 138
4752 136
4753 157
4754 67
4755 131
4756 130
4757 120
4758 169
4759 128
4760 121
4761 150
4762 145
4763 152
4764 130
4765 127
4766 144
4767 175
4768 143
4769 101
4770 149
4771 124
4772 115
4773 131
4774 111
4775 132
4776 147
4777 101
4778 106
4779 114
4780 159
4781 78
4782 160
4783 145
4784 126
4785 147
4786 146
4787 112
4788 145
4789 111
4790 159
4791 123
4792 154
4793 109
4794 138
4795 146
4796 87
4797 140
4798 152
4799 144
4800 149
4801 92
4802 128
4803 152
4804 137
4805 147
4806 160
4807 164
4808 136
4809 95
4810 146
4811 133
4812 138
4813 162
4814 141
4815 117
4816 123
4817 124
4818 98
4819 89
4820 174
4821 140
4822 165
4823 146
4824 110
4825 198
4826 148
4827 148
4828 135
4829 115
4830 165
4831 192
4832 178
4833 112
4834 100
4835 129
4836 150
4837 143
4838 129
4839 146
4840 150
4841 137
4842 149
4843 120
4844 164
4845 141
4846 152
4847 154
4848 165
4849 129
4850 153
4851 99
4852 155
4853 89
4854 125
4855 124
4856 143
4857 151
4858 152
4859 72
4860 148
4861 143
4862 103
4863 140
4864 160
4865 121
4866 121
4867 66
4868 144
4869 124
4870 133
4871 120
4872 232
4873 141
4874 107
4875 132
4876 149
4877 112
4878 135
4879 200
4880 118
4881 136
4882 130
4883 141
4884 148
4885 187
4886 146
4887 138
4888 89
4889 133
4890 116
4891 146
4892 127
4893 174
4894 96
4895 178
4896 143
4897 97
4898 187
4899 143
4900 118
4901 160
4902 122
4903 140
4904 158
4905 108
4906 170
4907 180
4908 106
4909 128
4910 149
4911 177
4912 120
4913 136
4914 112
4915 154
4916 127
4917 122
4918 116
4919 120
4920 151
4921 158
4922 123
4923 124
4924 111
4925 155
4926 126
4927 158
4928 143
4929 175
4930 102
4931 171
4932 150
4933 128
4934 139
4935 131
4936 109
4937 61
4938 120
4939 136
4940 119
4941 166
4942 41
4943 154
4944 164
4945 138
4946 143
4947 102
4948 153
4949 185
4950 153
4951 156
4952 77
4953 122
4954 117
4955 136
4956 143
4957 162
4958 116
4959 144
4960 148
4961 125
4962 146
4963 145
4964 114
4965 157
4966 173
4967 126
4968 138
4969 141
4970 147
4971 142
4972 74
4973 131
4974 161
4975 147
4976 153
4977 100
4978 139
4979 159
4980 164
4981 128
4982 48
4983 94
4984 150
4985 131
4986 139
4987 149
4988 148
4989 134
4990 125
4991 126
4992 100
4993 142
4994 160
4995 167
4996 153
4997 137
4998 171
4999 101
5000 154
5001 118
5002 109
5003 171
5004 156
5005 134
5006 144
5007 128
5008 143
5009 133
5010 145
5011 167
5012 133
5013 128
5014 83
5015 143
5016 111
5017 40
5018 131
5019 132
5020 103
5021 136
5022 147
5023 134
5024 156
5025 100
5026 87
5027 141
5028 114
5029 160
5030 143
5031 96
5032 131
5033 142
5034 196
5035 139
5036 157
5037 132
5038 109
5039 133
5040 82
5041 116
5042 123
5043 122
5044 157
5045 171
5046 82
5047 174
5048 145
5049 155
5050 149
5051 147
5052 107
5053 144
5054 96
5055 171
5056 182
5057 148
5058 132
5059 124
5060 129
5061 89
5062 112
5063 122
5064 128
5065 126
5066 137
5067 136
5068 158
5069 135
5070 159
5071 163
5072 139
5073 130
5074 162
5075 138
5076 143
5077 126
5078 160
5079 170
5080 166
5081 104
5082 155
5083 117
5084 98
5085 190
5086 121
5087 98
5088 113
5089 159
5090 173
5091 96
5092 172
5093 133
5094 121
5095 199
5096 158
5097 187
5098 154
5099 143
5100 93
5101 138
5102 137
5103 154
5104 140
5105 169
5106 115
5107 127
5108 123
5109 115
5110 176
5111 172
5112 117
5113 145
5114 122
5115 174
5116 169
5117 112
5118 127
5119 147
5120 145
5121 184
5122 145
5123 166
5124 117
5125 157
5126 202
5127 156
5128 137
5129 128
5130 139
5131 113
5132 128
5133 165
5134 168
5135 158
5136 148
5137 120
5138 140
5139 149
5140 121
5141 134
5142 154
5143 141
5144 117
5145 113
5146 114
5147 122
5148 130
5149 116
5150 183
5151 136
5152 108
5153 143
5154 175
5155 119
5156 161
5157 131
5158 175
5159 157
5160 160
5161 137
5162 146
5163 120
5164 152
5165 143
5166 159
5167 105
5168 163
5169 111
5170 156
5171 122
5172 167
5173 147
5174 126
5175 144
5176 131
5177 86
5178 153
5179 81
5180 122
5181 120
5182 60
5183 122
5184 125
5185 132
5186 139
5187 177
5188 144
5189 78
5190 158
5191 160
5192 148
5193 168
5194 133
5195 149
5196 34
5197 104
5198 152
5199 117
5200 75
5201 161
5202 149
5203 125
5204 141
5205 138
5206 122
5207 143
5208 145
5209 97
5210 100
5211 165
5212 76
5213 154
5214 177
5215 106
5216 169
5217 180
5218 160
5219 112
5220 122
5221 115
5222 119
5223 128
5224 151
5225 176
5226 151
5227 114
5228 176
5229 125
5230 128
5231 196
5232 138
5233 139
5234 146
5235 147
5236 149
5237 146
5238 130
5239 121
5240 131
5241 144
5242 158
5243 213
5244 168
5245 149
5246 134
5247 144
5248 118
5249 103
5250 109
5251 163
5252 91
5253 135
5254 165
5255 139
5256 133
5257 190
5258 112
5259 140
5260 155
5261 156
5262 165
5263 144
5264 150
5265 173
5266 115
5267 138
5268 143
5269 153
5270 132
5271 123
5272 127
5273 140
5274 75
5275 140
5276 128
5277 123
5278 126
5279 135
5280 148
5281 131
5282 142
5283 149
5284 177
5285 136
5286 170
5287 148
5288 148
5289 133
5290 117
5291 135
5292 135
5293 127
5294 134
5295 145
5296 119
5297 132
5298 153
5299 160
5300 137
5301 147
5302 124
5303 189
5304 134
5305 100
5306 145
5307 137
5308 131
5309 103
5310 147
5311 137
5312 164
5313 134
5314 151
5315 129
5316 128
5317 143
5318 112
5319 92
5320 123
5321 129
5322 110
5323 114
5324 106
5325 118
5326 158
5327 171
5328 134
5329 182
5330 128
5331 149
5332 134
5333 151
5334 90
5335 152
5336 98
5337 147
5338 105
5339 103
5340 101
5341 104
5342 137
5343 100
5344 150
5345 150
5346 181
5347 127
5348 107
5349 126
5350 109
5351 123
5352 143
5353 162
5354 147
5355 86
5356 126
5357 126
5358 85
5359 142
5360 175
5361 124
5362 137
5363 95
5364 119
5365 155
5366 112
5367 150
5368 170
5369 121
5370 124
5371 186
5372 139
5373 129
5374 176
5375 69
5376 132
5377 137
5378 124
5379 139
5380 161
5381 145
5382 138
5383 102
5384 170
5385 89
5386 130
5387 156
5388 148
5389 136
5390 86
5391 130
5392 213
5393 114
5394 123
5395 113
5396 147
5397 116
5398 130
5399 116
5400 128
5401 160
5402 152
5403 144
5404 132
5405 114
5406 142
5407 110
5408 148
5409 145
5410 146
5411 173
5412 128
5413 139
5414 121
5415 148
5416 168
5417 160
5418 154
5419 122
5420 154
5421 146
5422 140
5423 105
5424 133
5425 76
5426 139
5427 148
5428 116
5429 145
5430 136
5431 146
5432 134
5433 160
5434 144
5435 129
5436 172
5437 124
5438 160
5439 151
5440 159
5441 156
5442 132
5443 147
5444 150
5445 159
5446 101
5447 167
5448 122
5449 174
5450 126
5451 145
5452 144
5453 159
5454 172
5455 153
5456 124
5457 100
5458 142
5459 176
5460 196
5461 159
5462 106
5463 117
5464 113
5465 147
5466 125
5467 109
5468 80
5469 139
5470 138
5471 196
5472 172
5473 183
5474 124
5475 151
5476 148
5477 177
5478 143
5479 139
5480 146
5481 151
5482 166
5483 118
5484 179
5485 124
5486 153
5487 133
5488 134
5489 108
5490 100
5491 148
5492 181
5493 148
5494 135
5495 142
5496 110
5497 82
5498 159
5499 122
5500 213
5501 128
5502 95
5503 125
5504 97
5505 134
5506 147
5507 157
5508 139
5509 157
5510 144
5511 138
5512 148
5513 109
5514 143
5515 153
5516 174
5517 157
5518 163
5519 140
5520 114
5521 180
5522 129
5523 156
5524 112
5525 95
5526 170
5527 135
5528 65
5529 121
5530 178
5531 121
5532 158
5533 91
5534 123
5535 122
5536 189
5537 146
5538 160
5539 133
5540 142
5541 159
5542 151
5543 106
5544 170
5545 102
5546 149
5547 114
5548 65
5549 162
5550 153
5551 128
5552 158
5553 160
5554 141
5555 151
5556 129
5557 115
5558 130
5559 156
5560 167
5561 125
5562 94
5563 134
5564 145
5565 167
5566 151
5567 147
5568 184
5569 123
5570 124
5571 151
5572 154
5573 129
5574 119
5575 145
5576 117
5577 150
5578 111
5579 111
5580 121
5581 133
5582 140
5583 150
5584 163
5585 184
5586 143
5587 176
5588 164
5589 99
5590 160
5591 145
5592 138
5593 132
5594 161
5595 152
5596 130
5597 140
5598 126
5599 120
5600 193
5601 138
5602 102
5603 165
5604 133
5605 167
5606 121
5607 110
5608 116
5609 148
5610 104
5611 137
5612 157
5613 135
5614 96
5615 132
5616 143
5617 113
5618 134
5619 142
5620 130
5621 111
5622 176
5623 153
5624 131
5625 155
5626 144
5627 122
5628 150
5629 150
5630 148
5631 134
5632 116
5633 143
5634 148
5635 155
5636 151
5637 134
5638 85
5639 124
5640 177
5641 152
5642 111
5643 59
5644 72
5645 109
5646 101
5647 183
5648 142
5649 148
5650 125
5651 123
5652 163
5653 130
5654 146
5655 104
5656 147
5657 161
5658 133
5659 132
5660 118
5661 143
5662 143
5663 122
5664 154
5665 69
5666 128
5667 84
5668 161
5669 151
5670 187
5671 149
5672 170
5673 175
5674 137
5675 72
5676 148
5677 143
5678 152
5679 146
5680 151
5681 117
5682 120
5683 161
5684 124
5685 187
5686 145
5687 115
5688 112
5689 184
5690 149
5691 130
5692 130
5693 96
5694 120
5695 120
5696 159
5697 162
5698 151
5699 116
5700 135
5701 85
5702 121
5703 145
5704 134
5705 183
5706 90
5707 105
5708 107
5709 131
5710 163
5711 165
5712 143
5713 148
5714 121
5715 139
5716 129
5717 173
5718 160
5719 122
5720 154
5721 157
5722 114
5723 169
5724 179
5725 133
5726 150
5727 140
5728 125
5729 132
5730 119
5731 152
5732 152
5733 197
5734 136
5735 133
5736 129
5737 170
5738 127
5739 117
5740 62
5741 142
5742 155
5743 142
5744 144
5745 139
5746 109
5747 161
5748 107
5749 77
5750 101
5751 117
5752 86
5753 126
5754 136
5755 170
5756 128
5757 199
5758 151
5759 127
5760 140
5761 145
5762 145
5763 126
5764 150
5765 199
5766 154
5767 120
5768 116
5769 137
5770 128
5771 159
5772 102
5773 127
5774 160
5775 144
5776 133
5777 157
5778 153
5779 180
5780 127
5781 114
5782 173
5783 163
5784 145
5785 156
5786 140
5787 115
5788 110
5789 120
5790 132
5791 144
5792 185
5793 103
5794 137
5795 79
5796 177
5797 152
5798 144
5799 152
5800 130
5801 159
5802 132
5803 158
5804 193
5805 146
5806 130
5807 168
5808 168
5809 110
5810 147
5811 99
5812 167
5813 114
5814 130
5815 138
5816 129
5817 166
5818 143
5819 120
5820 166
5821 160
5822 127
5823 161
5824 142
5825 137
5826 155
5827 239
5828 172
5829 129
5830 127
5831 145
5832 134
5833 115
5834 132
5835 142
5836 141
5837 154
5838 129
5839 120
5840 140
5841 93
5842 119
5843 117
5844 85
5845 153
5846 158
5847 119
5848 58
5849 150
5850 133
5851 158
5852 146
5853 120
5854 97
5855 187
5856 130
5857 160
5858 161
5859 148
5860 141
5861 132
5862 116
5863 134
5864 132
5865 144
5866 194
5867 141
5868 128
5869 131
5870 117
5871 167
5872 153
5873 71
5874 111
5875 96
5876 150
5877 194
5878 92
5879 176
5880 111
5881 74
5882 129
5883 128
5884 177
5885 144
5886 129
5887 151
5888 157
5889 103
5890 133
5891 152
5892 157
5893 146
5894 162
5895 119
5896 122
5897 141
5898 112
5899 125
5900 122
5901 148
5902 147
5903 146
5904 139
5905 115
5906 171
5907 170
5908 123
5909 171
5910 143
5911 133
5912 148
5913 100
5914 175
5915 152
5916 159
5917 142
5918 159
5919 143
5920 139
5921 128
5922 154
5923 77
5924 134
5925 67
5926 164
5927 130
5928 151
5929 141
5930 79
5931 86
5932 162
5933 159
5934 117
5935 108
5936 132
5937 157
5938 181
5939 112
5940 100
5941 118
5942 119
5943 147
5944 132
5945 165
5946 139
5947 124
5948 144
5949 172
5950 151
5951 177
5952 86
5953 129
5954 146
5955 107
5956 151
5957 102
5958 99
5959 144
5960 121
5961 95
5962 185
5963 133
5964 87
5965 142
5966 130
5967 159
5968 137
5969 139
5970 155
5971 98
5972 157
5973 147
5974 137
5975 177
5976 124
5977 127
5978 141
5979 140
5980 130
5981 209
5982 131
5983 163
5984 143
5985 143
5986 140
5987 151
5988 134
5989 131
5990 108
5991 166
5992 171
5993 169
5994 178
5995 144
5996 102
5997 144
5998 89
5999 117
6000 160
6001 131
6002 85
6003 117
6004 92
6005 123
6006 156
6007 138
6008 87
6009 172
6010 101
6011 126
6012 155
6013 118
6014 132
6015 138
6016 111
6017 140
6018 149
6019 113
6020 77
6021 134
6022 164
6023 162
6024 142
6025 159
6026 144
6027 170
6028 129
6029 112
6030 118
6031 124
6032 128
6033 139
6034 122
6035 160
6036 96
6037 134
6038 198
6039 127
6040 181
6041 95
6042 175
6043 147
6044 163
6045 134
6046 142
6047 165
6048 124
6049 92
6050 159
6051 114
6052 118
6053 109
6054 216
6055 121
6056 118
6057 200
6058 148
6059 132
6060 153
6061 138
6062 92
6063 194
6064 109
6065 128
6066 173
6067 136
6068 152
6069 131
6070 124
6071 152
6072 137
6073 96
6074 122
6075 144
6076 130
6077 118
6078 94
6079 120
6080 172
6081 113
6082 140
6083 157
6084 119
6085 115
6086 155
6087 118
6088 142
6089 133
6090 166
6091 149
6092 141
6093 130
6094 135
6095 126
6096 120
6097 186
6098 156
6099 100
6100 164
6101 123
6102 141
6103 131
6104 126
6105 200
6106 190
6107 187
6108 154
6109 141
6110 125
6111 137
6112 128
6113 120
6114 139
6115 180
6116 152
6117 159
6118 102
6119 142
6120 143
6121 133
6122 110
6123 201
6124 155
6125 98
6126 104
6127 152
6128 120
6129 120
6130 120
6131 106
6132 121
6133 117
6134 163
6135 133
6136 136
6137 133
6138 111
6139 138
6140 141
6141 151
6142 162
6143 156
6144 157
6145 142
6146 159
6147 154
6148 106
6149 119
6150 71
6151 125
6152 162
6153 140
6154 166
6155 143
6156 147
6157 93
6158 116
6159 137
6160 187
6161 149
6162 125
6163 120
6164 119
6165 149
6166 125
6167 175
6168 164
6169 171
6170 126
6171 138
6172 160
6173 125
6174 114
6175 162
6176 141
6177 145
6178 156
6179 135
6180 141
6181 109
6182 146
6183 119
6184 120
6185 80
6186 88
6187 118
6188 101
6189 110
6190 166
6191 174
6192 148
6193 102
6194 136
6195 137
6196 129
6197 165
6198 127
6199 126
6200 145
6201 117
6202 134
6203 129
6204 140
6205 127
6206 117
6207 169
6208 110
6209 138
6210 190
6211 163
6212 116
6213 114
6214 156
6215 138
6216 125
6217 64
6218 115
6219 138
6220 179
6221 100
6222 101
6223 134
6224 89
6225 152
6226 0
6227 107
6228 114
6229 143
6230 139
6231 153
6232 132
6233 121
6234 171
6235 152
6236 121
6237 95
6238 150
6239 163
6240 119
6241 161
6242 122
6243 142
6244 113
6245 148
6246 114
6247 137
6248 86
6249 143
6250 111
6251 161
6252 159
6253 154
6254 153
6255 137
6256 100
6257 141
6258 131
6259 108
6260 166
6261 164
6262 106
6263 176
6264 122
6265 165
6266 125
6267 181
6268 115
6269 160
6270 155
6271 134
6272 118
6273 152
6274 67
6275 121
6276 116
6277 124
6278 76
6279 128
6280 164
6281 139
6282 122
6283 129
6284 159
6285 148
6286 114
6287 164
6288 118
6289 162
6290 133
6291 149
6292 142
6293 129
6294 153
6295 126
6296 137
6297 137
6298 149
6299 128
6300 163
6301 132
6302 127
6303 156
6304 153
6305 227
6306 146
6307 114
6308 131
6309 128
6310 111
6311 130
6312 131
6313 102
6314 143
6315 149
6316 115
6317 164
6318 144
6319 139
6320 194
6321 136
6322 117
6323 106
6324 145
6325 128
6326 112
6327 172
6328 146
6329 199
6330 129
6331 126
6332 101
6333 132
6334 157
6335 136
6336 156
6337 165
6338 149
6339 135
6340 135
6341 144
6342 146
6343 166
6344 171
6345 125
6346 167
6347 111
6348 145
6349 119
6350 159
6351 165
6352 110
6353 107
6354 82
6355 127
6356 34
6357 116
6358 160
6359 111
6360 103
6361 124
6362 129
6363 126
6364 119
6365 141
6366 94
6367 138
6368 178
6369 112
6370 118
6371 88
6372 156
6373 135
6374 121
6375 108
6376 140
6377 111
6378 132
6379 76
6380 155
6381 116
6382 136
6383 147
6384 136
6385 94
6386 163
6387 118
6388 181
6389 119
6390 138
6391 173
6392 129
6393 121
6394 122
6395 131
6396 145
6397 130
6398 150
6399 176
6400 97
6401 128
6402 91
6403 174
6404 160
6405 128
6406 171
6407 136
6408 134
6409 162
6410 139
6411 125
6412 152
6413 145
6414 146
6415 160
6416 164
6417 133
6418 131
6419 130
6420 143
6421 112
6422 139
6423 138
6424 192
6425 158
6426 164
6427 177
6428 151
6429 120
6430 90
6431 126
6432 145
6433 129
6434 136
6435 114
6436 177
6437 97
6438 106
6439 145
6440 139
6441 123
6442 143
6443 134
6444 141
6445 117
6446 95
6447 145
6448 119
6449 110
6450 139
6451 178
6452 119
6453 129
6454 118
6455 144
6456 133
6457 165
6458 160
6459 182
6460 149
6461 156
6462 144
6463 131
6464 98
6465 130
6466 90
6467 91
6468 123
6469 152
6470 191
6471 117
6472 192
6473 135
6474 145
6475 155
6476 138
6477 159
6478 151
6479 138
6480 138
6481 97
6482 176
6483 183
6484 130
6485 137
6486 134
6487 162
6488 169
6489 158
6490 114
6491 148
6492 120
6493 141
6494 128
6495 156
6496 88
6497 110
6498 148
6499 122
6500 131
6501 169
6502 157
6503 97
6504 114
6505 107
6506 88
6507 154
6508 157
6509 141
6510 138
6511 100
6512 78
6513 163
6514 140
6515 108
6516 143
6517 104
6518 118
6519 102
6520 142
6521 174
6522 109
6523 132
6524 118
6525 197
6526 129
6527 116
6528 231
6529 116
6530 133
6531 156
6532 135
6533 76
6534 170
6535 132
6536 87
6537 149
6538 90
6539 170
6540 137
6541 76
6542 118
6543 92
6544 94
6545 149
6546 125
6547 130
6548 152
6549 82
6550 111
6551 135
6552 151
6553 122
6554 146
6555 138
6556 101
6557 128
6558 118
6559 122
6560 177
6561 125
6562 102
6563 97
6564 155
6565 192
6566 90
6567 93
6568 157
6569 132
6570 73
6571 130
6572 143
6573 153
6574 150
6575 114
6576 171
6577 158
6578 125
6579 94
6580 132
6581 135
6582 145
6583 128
6584 153
6585 144
6586 148
6587 157
6588 145
6589 140
6590 148
6591 134
6592 152
6593 167
6594 131
6595 101
6596 99
6597 143
6598 137
6599 116
6600 139
6601 138
6602 160
6603 167
6604 132
6605 148
6606 150
6607 142
6608 106
6609 117
6610 146
6611 101
6612 128
6613 161
6614 181
6615 98
6616 147
6617 104
6618 162
6619 153
6620 130
6621 110
6622 106
6623 149
6624 124
6625 150
6626 176
6627 111
6628 146
6629 142
6630 119
6631 112
6632 171
6633 163
6634 181
6635 138
6636 171
6637 149
6638 143
6639 138
6640 149
6641 131
6642 137
6643 140
6644 137
6645 168
6646 138
6647 151
6648 85
6649 153
6650 99
6651 131
6652 94
6653 168
6654 143
6655 115
6656 158
6657 115
6658 124
6659 166
6660 122
6661 192
6662 120
6663 136
6664 125
6665 77
6666 123
6667 146
6668 136
6669 131
6670 150
6671 140
6672 167
6673 153
6674 134
6675 105
6676 142
6677 111
6678 114
6679 108
6680 249
6681 138
6682 119
6683 126
6684 123
6685 141
6686 99
6687 162
6688 137
6689 103
6690 199
6691 172
6692 129
6693 219
6694 117
6695 157
6696 79
6697 115
6698 130
6699 140
6700 164
6701 105
6702 140
6703 153
6704 132
6705 119
6706 76
6707 119
6708 134
6709 197
6710 138
6711 120
6712 162
6713 138
6714 104
6715 118
6716 118
6717 134
6718 152
6719 101
6720 124
6721 139
6722 158
6723 149
6724 142
6725 142
6726 95
6727 131
6728 133
6729 153
6730 159
6731 122
6732 145
6733 125
6734 140
6735 177
6736 154
6737 116
6738 173
6739 77
6740 141
6741 157
6742 102
6743 135
6744 99
6745 81
6746 135
6747 132
6748 121
6749 169
6750 137
6751 144
6752 162
6753 143
6754 126
6755 151
6756 163
6757 150
6758 152
6759 125
6760 110
6761 123
6762 117
6763 131
6764 123
6765 134
6766 144
6767 129
6768 120
6769 142
6770 108
6771 169
6772 171
6773 139
6774 162
6775 175
6776 150
6777 128
6778 101
6779 108
6780 151
6781 158
6782 171
6783 151
6784 152
6785 96
6786 116
6787 135
6788 152
6789 141
6790 197
6791 144
6792 164
6793 163
6794 75
6795 119
6796 116
6797 148
6798 187
6799 106
6800 103
6801 116
6802 141
6803 135
6804 123
6805 159
6806 109
6807 103
6808 126
6809 165
6810 153
6811 163
6812 146
6813 123
6814 183
6815 116
6816 130
6817 137
6818 187
6819 161
6820 126
6821 151
6822 170
6823 129
6824 165
6825 189
6826 141
6827 126
6828 160
6829 154
6830 144
6831 207
6832 140
6833 102
6834 127
6835 154
6836 164
6837 149
6838 132
6839 159
6840 102
6841 147
6842 103
6843 143
6844 130
6845 132
6846 135
6847 103
6848 84
6849 131
6850 142
6851 144
6852 160
6853 164
6854 127
6855 161
6856 98
6857 154
6858 187
6859 154
6860 117
6861 174
6862 107
6863 114
6864 128
6865 132
6866 138
6867 157
6868 142
6869 126
6870 164
6871 151
6872 114
6873 174
6874 148
6875 148
6876 120
6877 122
6878 134
6879 127
6880 153
6881 141
6882 107
6883 122
6884 167
6885 136
6886 192
6887 109
6888 71
6889 158
6890 162
6891 138
6892 139
6893 117
6894 148
6895 175
6896 165
6897 128
6898 144
6899 156
6900 129
6901 137
6902 139
6903 158
6904 131
6905 123
6906 0
6907 126
6908 127
6909 145
6910 124
6911 147
6912 168
6913 139
6914 149
6915 138
6916 183
6917 113
6918 140
6919 194
6920 167
6921 101
6922 147
6923 138
6924 147
6925 132
6926 144
6927 79
6928 129
6929 105
6930 139
6931 186
6932 101
6933 135
6934 171
6935 101
6936 135
6937 127
6938 183
6939 167
6940 117
6941 89
6942 163
6943 127
6944 122
6945 166
6946 137
6947 161
6948 146
6949 134
6950 128
6951 174
6952 140
6953 146
6954 124
6955 129
6956 141
6957 133
6958 130
6959 150
6960 155
6961 120
6962 143
6963 122
6964 151
6965 141
6966 90
6967 138
6968 135
6969 180
6970 168
6971 151
6972 133
6973 119
6974 145
6975 95
6976 136
6977 178
6978 100
6979 155
6980 153
6981 165
6982 139
6983 160
6984 100
6985 142
6986 135
6987 166
6988 109
6989 117
6990 88
6991 102
6992 111
6993 129
6994 174
6995 129
6996 145
6997 119
6998 149
6999 127
7000 135
7001 153
7002 129
7003 134
7004 110
7005 140
7006 147
7007 151
7008 137
7009 111
7010 149
7011 141
7012 166
7013 97
7014 167
7015 138
7016 172
7017 120
7018 113
7019 139
7020 80
7021 139
7022 103
7023 138
7024 147
7025 153
7026 148
7027 145
7028 186
7029 101
7030 113
7031 142
7032 165
7033 132
7034 175
7035 138
7036 142
7037 126
7038 139
7039 178
7040 162
7041 98
7042 129
7043 139
7044 159
7045 176
7046 155
7047 140
7048 196
7049 171
7050 137
7051 111
7052 108
7053 139
7054 162
7055 152
7056 123
7057 149
7058 159
7059 134
7060 118
7061 142
7062 145
7063 154
7064 129
7065 156
7066 160
7067 157
7068 119
7069 132
7070 147
7071 134
7072 106
7073 212
7074 166
7075 130
7076 128
7077 158
7078 144
7079 96
7080 138
7081 140
7082 122
7083 135
7084 127
7085 140
7086 188
7087 149
7088 167
7089 102
7090 113
7091 199
7092 143
7093 98
7094 149
7095 134
7096 98
7097 52
7098 110
7099 129
7100 129
7101 86
7102 135
7103 132
7104 119
7105 113
7106 170
7107 138
7108 123
7109 159
7110 152
7111 121
7112 142
7113 147
7114 141
7115 154
7116 124
7117 131
7118 159
7119 133
7120 171
7121 131
7122 164
7123 137
7124 142
7125 120
7126 140
7127 185
7128 109
7129 232
7130 143
7131 150
7132 148
7133 126
7134 90
7135 130
7136 125
7137 142
7138 148
7139 98
7140 149
7141 134
7142 141
7143 112
7144 145
7145 106
7146 134
7147 134
7148 129
7149 142
7150 101
7151 140
7152 126
7153 147
7154 156
7155 170
7156 105
7157 203
7158 144
7159 118
7160 157
7161 115
7162 143
7163 142
7164 197
7165 144
7166 135
7167 172
7168 159
7169 114
7170 130
7171 57
7172 121
7173 168
7174 139
7175 132
7176 131
7177 159
7178 167
7179 169
7180 124
7181 178
7182 140
7183 124
7184 135
7185 136
7186 141
7187 128
7188 133
7189 142
7190 196
7191 185
7192 149
7193 170
7194 122
7195 142
7196 126
7197 134
7198 143
7199 127
7200 152
7201 172
7202 181
7203 135
7204 185
7205 136
7206 117
7207 97
7208 117
7209 150
7210 136
7211 145
7212 214
7213 190
7214 110
7215 64
7216 137
7217 113
7218 138
7219 112
7220 138
7221 128
7222 168
7223 171
7224 84
7225 106
7226 116
7227 85
7228 135
7229 137
7230 126
7231 118
7232 118
7233 94
7234 192
7235 182
7236 172
7237 175
7238 40
7239 131
7240 73
7241 132
7242 176
7243 150
7244 142
7245 106
7246 92
7247 156
7248 113
7249 159
7250 104
7251 68
7252 82
7253 129
7254 144
7255 129
7256 156
7257 162
7258 124
7259 174
7260 153
7261 132
7262 177
7263 145
7264 153
7265 138
7266 136
7267 136
7268 153
7269 166
7270 169
7271 143
7272 124
7273 88
7274 102
7275 107
7276 126
7277 107
7278 122
7279 166
7280 140
7281 149
7282 168
7283 114
7284 163
7285 153
7286 134
7287 105
7288 131
7289 129
7290 136
7291 118
7292 144
7293 163
7294 134
7295 164
7296 131
7297 113
7298 122
7299 137
7300 123
7301 138
7302 132
7303 106
7304 167
7305 117
7306 153
7307 170
7308 120
7309 113
7310 127
7311 201
7312 152
7313 174
7314 204
7315 168
7316 109
7317 103
7318 142
7319 103
7320 133
7321 130
7322 139
7323 145
7324 116
7325 151
7326 141
7327 162
7328 105
7329 194
7330 114
7331 154
7332 178
7333 119
7334 142
7335 77
7336 145
7337 156
7338 132
7339 117
7340 135
7341 185
7342 143
7343 147
7344 145
7345 133
7346 145
7347 137
7348 168
7349 149
7350 148
7351 135
7352 130
7353 152
7354 175
7355 135
7356 124
7357 90
7358 88
7359 146
7360 177
7361 199
7362 138
7363 86
7364 157
7365 147
7366 122
7367 144
7368 149
7369 176
7370 174
7371 154
7372 98
7373 101
7374 131
7375 174
7376 115
7377 161
7378 132
7379 192
7380 129
7381 146
7382 153
7383 57
7384 162
7385 101
7386 150
7387 164
7388 169
7389 98
7390 133
7391 163
7392 143
7393 161
7394 176
7395 113
7396 151
7397 152
7398 199
7399 149
7400 105
7401 179
7402 131
7403 153
7404 117
7405 163
7406 152
7407 103
7408 93
7409 149
7410 145
7411 115
7412 130
7413 122
7414 137
7415 165
7416 107
7417 155
7418 134
7419 110
7420 116
7421 159
7422 108
7423 170
7424 160
7425 120
7426 136
7427 127
7428 122
7429 92
7430 80
7431 77
7432 100
7433 176
7434 136
7435 92
7436 132
7437 180
7438 142
7439 135
7440 100
7441 89
7442 170
7443 164
7444 166
7445 119
7446 127
7447 123
7448 111
7449 165
7450 146
7451 142
7452 98
7453 77
7454 119
7455 161
7456 158
7457 118
7458 142
7459 137
7460 125
7461 166
7462 165
7463 152
7464 130
7465 139
7466 119
7467 143
7468 136
7469 133
7470 118
7471 154
7472 133
7473 140
7474 110
7475 146
7476 111
7477 165
7478 145
7479 272
7480 133
7481 149
7482 104
7483 122
7484 146
7485 120
7486 113
7487 110
7488 85
7489 166
7490 148
7491 141
7492 118
7493 136
7494 179
7495 141
7496 149
7497 131
7498 151
7499 122
7500 153
7501 135
7502 134
7503 167
7504 121
7505 160
7506 139
7507 139
7508 138
7509 202
7510 72
7511 135
7512 147
7513 177
7514 159
7515 179
7516 134
7517 95
7518 159
7519 159
7520 149
7521 155
7522 145
7523 155
7524 138
7525 135
7526 125
7527 127
7528 62
7529 118
7530 145
7531 122
7532 171
7533 94
7534 153
7535 135
7536 168
7537 147
7538 144
7539 145
7540 155
7541 131
7542 162
7543 137
7544 124
7545 111
7546 127
7547 129
7548 86
7549 132
7550 132
7551 96
7552 166
7553 163
7554 140
7555 152
7556 110
7557 131
7558 146
7559 154
7560 134
7561 103
7562 130
7563 109
7564 164
7565 138
7566 145
7567 103
7568 150
7569 121
7570 115
7571 151
7572 183
7573 119
7574 148
7575 222
7576 102
7577 135
7578 116
7579 138
7580 107
7581 125
7582 116
7583 140
7584 117
7585 107
7586 115
7587 101
7588 162
7589 150
7590 171
7591 159
7592 119
7593 97
7594 101
7595 114
7596 113
7597 132
7598 149
7599 119
7600 125
7601 154
7602 163
7603 136
7604 84
7605 137
7606 104
7607 106
7608 135
7609 133
7610 133
7611 121
7612 149
7613 181
7614 141
7615 180
7616 140
7617 135
7618 122
7619 172
7620 124
7621 185
7622 124
7623 138
7624 140
7625 131
7626 151
7627 146
7628 131
7629 69
7630 146
7631 107
7632 132
7633 121
7634 171
7635 96
7636 138
7637 102
7638 127
7639 118
7640 133
7641 128
7642 139
7643 121
7644 146
7645 133
7646 102
7647 183
7648 103
7649 171
7650 203
7651 170
7652 182
7653 154
7654 193
7655 142
7656 110
7657 123
7658 137
7659 154
7660 136
7661 154
7662 122
7663 127
7664 111
7665 140
7666 82
7667 126
7668 132
7669 130
7670 119
7671 140
7672 183
7673 90
7674 157
7675 99
7676 117
7677 129
7678 91
7679 169
7680 136
7681 132
7682 114
7683 144
7684 143
7685 133
7686 120
7687 123
7688 148
7689 133
7690 162
7691 147
7692 120
7693 131
7694 128
7695 157
7696 129
7697 111
7698 110
7699 161
7700 112
7701 138
7702 111
7703 157
7704 124
7705 168
7706 173
7707 159
7708 188
7709 149
7710 143
7711 190
7712 133
7713 123
7714 148
7715 106
7716 150
7717 146
7718 173
7719 130
7720 159
7721 129
7722 139
7723 139
7724 83
7725 92
7726 148
7727 171
7728 150
7729 131
7730 123
7731 138
7732 119
7733 113
7734 120
7735 150
7736 113
7737 147
7738 151
7739 131
7740 101
7741 174
7742 82
7743 124
7744 105
7745 166
7746 154
7747 136
7748 132
7749 136
7750 175
7751 141
7752 128
7753 160
7754 140
7755 126
7756 202
7757 149
7758 132
7759 151
7760 106
7761 201
7762 137
7763 95
7764 108
7765 157
7766 142
7767 226
7768 193
7769 133
7770 193
7771 155
7772 131
7773 146
7774 134
7775 144
7776 135
7777 139
7778 129
7779 142
7780 106
7781 115
7782 130
7783 148
7784 145
7785 136
7786 217
7787 170
7788 134
7789 114
7790 105
7791 114
7792 119
7793 179
7794 106
7795 200
7796 0
7797 149
7798 180
7799 134
7800 128
7801 141
7802 123
7803 143
7804 152
7805 92
7806 140
7807 181
7808 125
7809 109
7810 91
7811 162
7812 139
7813 130
7814 101
7815 180
7816 176
7817 144
7818 118
7819 111
7820 145
7821 143
7822 108
7823 186
7824 145
7825 122
7826 106
7827 121
7828 154
7829 110
7830 129
7831 152
7832 108
7833 128
7834 114
7835 186
7836 124
7837 147
7838 85
7839 95
7840 119
7841 171
7842 192
7843 155
7844 109
7845 135
7846 138
7847 139
7848 155
7849 112
7850 19
7851 144
7852 145
7853 117
7854 137
7855 109
7856 148
7857 127
7858 155
7859 120
7860 118
7861 125
7862 159
7863 113
7864 125
7865 112
7866 137
7867 149
7868 127
7869 124
7870 107
7871 57
7872 93
7873 121
7874 119
7875 153
7876 125
7877 265
7878 158
7879 136
7880 158
7881 156
7882 135
7883 103
7884 81
7885 140
7886 116
7887 125
7888 140
7889 119
7890 118
7891 124
7892 122
7893 153
7894 110
7895 141
7896 182
7897 110
7898 157
7899 128
7900 132
7901 111
7902 125
7903 129
7904 137
7905 168
7906 189
7907 226
7908 94
7909 144
7910 140
7911 151
7912 110
7913 83
7914 105
7915 125
7916 156
7917 95
7918 127
7919 98
7920 106
7921 152
7922 168
7923 145
7924 109
7925 123
7926 184
7927 109
7928 180
7929 168
7930 158
7931 135
7932 109
7933 199
7934 98
7935 98
7936 121
7937 116
7938 111
7939 111
7940 125
7941 170
7942 132
7943 155
7944 184
7945 133
7946 140
7947 147
7948 186
7949 111
7950 151
7951 165
7952 137
7953 133
7954 104
7955 131
7956 160
7957 113
7958 128
7959 110
7960 139
7961 102
7962 166
7963 141
7964 157
7965 112
7966 97
7967 174
7968 140
7969 128
7970 90
7971 161
7972 150
7973 169
7974 131
7975 173
7976 178
7977 144
7978 126
7979 161
7980 155
7981 79
7982 126
7983 123
7984 129
7985 146
7986 149
7987 133
7988 141
7989 137
7990 106
7991 152
7992 125
7993 165
7994 121
7995 157
7996 160
7997 144
7998 117
7999 169
8000 105
8001 93
8002 159
8003 121
8004 147
8005 138
8006 120
8007 140
8008 105
8009 149
8010 94
8011 151
8012 155
8013 146
8014 138
8015 247
8016 159
8017 126
8018 107
8019 134
8020 76
8021 156
8022 79
8023 138
8024 172
8025 122
8026 151
8027 166
8028 140
8029 163
8030 110
8031 137
8032 125
8033 119
8034 177
8035 106
8036 118
8037 147
8038 157
8039 123
8040 137
8041 145
8042 105
8043 142
8044 99
8045 103
8046 139
8047 139
8048 107
8049 107
8050 131
8051 129
8052 148
8053 128
8054 145
8055 131
8056 164
8057 171
8058 124
8059 158
8060 133
8061 121
8062 110
8063 158
8064 187
8065 153
8066 150
8067 107
8068 114
8069 140
8070 116
8071 120
8072 149
8073 153
8074 165
8075 112
8076 173
8077 179
8078 133
8079 140
8080 126
8081 140
8082 120
8083 122
8084 162
8085 166
8086 119
8087 159
8088 102
8089 149
8090 154
8091 138
8092 153
8093 134
8094 181
8095 141
8096 115
8097 165
8098 131
8099 123
8100 154
8101 155
8102 121
8103 141
8104 162
8105 134
8106 133
8107 121
8108 178
8109 111
8110 141
8111 170
8112 170
8113 129
8114 128
8115 116
8116 151
8117 137
8118 123
8119 88
8120 123
8121 148
8122 124
8123 143
8124 170
8125 172
8126 163
8127 143
8128 108
8129 144
8130 115
8131 131
8132 135
8133 154
8134 124
8135 149
8136 153
8137 115
8138 125
8139 159
8140 108
8141 110
8142 135
8143 143
8144 135
8145 169
8146 159
8147 159
8148 131
8149 102
8150 122
8151 115
8152 101
8153 147
8154 145
8155 126
8156 151
8157 126
8158 134
8159 126
8160 148
8161 136
8162 141
8163 123
8164 146
8165 116
8166 142
8167 160
8168 159
8169 153
8170 170
8171 122
8172 153
8173 169
8174 139
8175 162
8176 150
8177 133
8178 132
8179 153
8180 108
8181 141
8182 141
8183 118
8184 66
8185 169
8186 95
8187 138
8188 157
8189 157
8190 122
8191 111
8192 141
8193 143
8194 134
8195 151
8196 144
8197 118
8198 121
8199 192
