Vertices: 100
Edges: 700
Time: 0,462 ms
Iterations: 700
Vertex Distance
0 0
1 98
2 112
3 64
4 50
5 53
6 75
7 87
8 74
9 89
10 39
11 69
12 70
13 51
14 71
15 58
16 45
17 37
18 47
19 35
20 6
21 54
22 99
23 104
24 70
25 17
26 80
27 84
28 91
29 87
30 113
31 66
32 96
33 26
34 96
35 39
36 54
37 61
38 76
39 66
40 63
41 96
42 64
43 65
44 48
45 115
46 100
47 74
48 27
49 77
50 102
51 39
52 78
53 28
54 70
55 66
56 97
57 42
58 85
59 131
60 64
61 92
62 66
63 82
64 50
65 32
66 63
67 61
68 88
69 42
70 85
71 73
72 57
73 59
74 47
75 60
76 59
77 95
78 77
79 109
80 78
81 105
82 51
83 37
84 45
85 78
86 44
87 8
88 35
89 57
90 60
91 93
92 70
93 36
94 98
95 48
96 98
97 52
98 38
99 62
