Vertices: 3500
Edges: 24500
Time: 1,592 ms
Iterations: 24500
Vertex Distance
0 0
1 164
2 143
3 139
4 156
5 150
6 126
7 129
8 128
9 131
10 138
11 143
12 176
13 151
14 134
15 169
16 106
17 144
18 156
19 137
20 129
21 117
22 97
23 120
24 151
25 157
26 146
27 136
28 135
29 76
30 138
31 143
32 141
33 134
34 123
35 216
36 213
37 143
38 130
39 126
40 143
41 149
42 130
43 165
44 171
45 84
46 157
47 151
48 139
49 156
50 126
51 132
52 126
53 143
54 160
55 118
56 131
57 143
58 166
59 85
60 156
61 192
62 130
63 166
64 124
65 111
66 135
67 118
68 118
69 128
70 152
71 122
72 108
73 178
74 114
75 143
76 152
77 144
78 148
79 149
80 144
81 127
82 136
83 138
84 185
85 161
86 156
87 127
88 185
89 135
90 144
91 76
92 189
93 125
94 146
95 168
96 173
97 118
98 113
99 134
100 141
101 145
102 173
103 160
104 162
105 122
106 141
107 120
108 134
109 177
110 132
111 125
112 157
113 145
114 164
115 151
116 76
117 129
118 140
119 130
120 103
121 123
122 144
123 158
124 168
125 134
126 143
127 152
128 142
129 109
130 155
131 133
132 80
133 160
134 106
135 200
136 99
137 179
138 175
139 153
140 136
141 152
142 143
143 139
144 159
145 137
146 128
147 145
148 104
149 154
150 157
151 142
152 129
153 109
154 123
155 150
156 172
157 119
158 121
159 144
160 142
161 122
162 151
163 116
164 103
165 128
166 106
167 189
168 98
169 176
170 122
171 128
172 136
173 158
174 147
175 152
176 141
177 170
178 146
179 116
180 160
181 153
182 130
183 146
184 150
185 135
186 154
187 154
188 121
189 148
190 115
191 171
192 69
193 113
194 135
195 117
196 151
197 113
198 123
199 115
200 157
201 144
202 143
203 148
204 119
205 126
206 73
207 134
208 74
209 152
210 141
211 64
212 146
213 155
214 157
215 146
216 112
217 122
218 182
219 122
220 163
221 187
222 129
223 163
224 126
225 112
226 171
227 148
228 136
229 134
230 111
231 181
232 129
233 136
234 170
235 161
236 136
237 116
238 132
239 162
240 102
241 127
242 119
243 95
244 120
245 178
246 147
247 160
248 138
249 131
250 134
251 94
252 124
253 131
254 111
255 144
256 153
257 130
258 164
259 55
260 127
261 180
262 111
263 139
264 70
265 148
266 149
267 172
268 113
269 140
270 135
271 134
272 167
273 136
274 154
275 118
276 119
277 132
278 134
279 137
280 142
281 118
282 134
283 125
284 132
285 107
286 122
287 125
288 113
289 111
290 140
291 168
292 137
293 156
294 115
295 102
296 66
297 129
298 109
299 140
300 112
301 116
302 195
303 147
304 146
305 148
306 95
307 124
308 143
309 163
310 114
311 128
312 151
313 129
314 115
315 134
316 141
317 108
318 168
319 139
320 137
321 139
322 132
323 171
324 142
325 84
326 176
327 122
328 133
329 149
330 137
331 112
332 154
333 125
334 158
335 114
336 126
337 139
338 158
339 118
340 170
341 146
342 125
343 191
344 120
345 102
346 131
347 164
348 135
349 158
350 150
351 128
352 141
353 144
354 150
355 148
356 135
357 111
358 135
359 127
360 128
361 127
362 129
363 114
364 148
365 178
366 133
367 174
368 159
369 152
370 126
371 146
372 107
373 177
374 155
375 204
376 169
377 165
378 140
379 113
380 144
381 107
382 175
383 143
384 143
385 143
386 177
387 166
388 123
389 161
390 133
391 141
392 140
393 117
394 125
395 61
396 62
397 163
398 102
399 142
400 166
401 136
402 134
403 93
404 161
405 130
406 96
407 152
408 159
409 120
410 153
411 130
412 142
413 203
414 158
415 134
416 123
417 111
418 119
419 125
420 119
421 151
422 148
423 135
424 141
425 161
426 126
427 111
428 140
429 193
430 134
431 109
432 139
433 142
434 192
435 124
436 135
437 134
438 157
439 167
440 139
441 61
442 137
443 151
444 172
445 121
446 130
447 165
448 138
449 115
450 148
451 212
452 137
453 147
454 164
455 128
456 162
457 109
458 101
459 140
460 135
461 157
462 176
463 126
464 152
465 121
466 188
467 126
468 160
469 138
470 157
471 119
472 160
473 159
474 107
475 168
476 109
477 150
478 162
479 177
480 108
481 149
482 151
483 103
484 145
485 157
486 125
487 141
488 138
489 143
490 163
491 116
492 150
493 124
494 142
495 127
496 180
497 154
498 137
499 147
500 163
501 125
502 123
503 151
504 137
505 148
506 136
507 137
508 144
509 138
510 159
511 187
512 106
513 162
514 131
515 141
516 190
517 153
518 165
519 118
520 122
521 130
522 143
523 130
524 154
525 145
526 89
527 171
528 141
529 170
530 93
531 128
532 108
533 76
534 81
535 130
536 128
537 91
538 132
539 152
540 115
541 172
542 191
543 159
544 147
545 118
546 119
547 119
548 107
549 150
550 149
551 161
552 125
553 133
554 179
555 172
556 98
557 139
558 141
559 121
560 129
561 137
562 163
563 168
564 145
565 115
566 165
567 139
568 136
569 117
570 175
571 95
572 139
573 124
574 104
575 161
576 173
577 119
578 108
579 182
580 122
581 211
582 76
583 141
584 138
585 117
586 125
587 141
588 137
589 123
590 152
591 137
592 69
593 136
594 127
595 150
596 222
597 142
598 133
599 112
600 97
601 126
602 148
603 137
604 149
605 143
606 127
607 160
608 124
609 119
610 146
611 151
612 149
613 118
614 132
615 173
616 135
617 102
618 159
619 126
620 172
621 127
622 165
623 238
624 146
625 148
626 115
627 105
628 182
629 143
630 120
631 159
632 163
633 151
634 169
635 140
636 170
637 138
638 90
639 160
640 126
641 150
642 173
643 119
644 133
645 194
646 132
647 147
648 175
649 181
650 115
651 127
652 143
653 104
654 103
655 196
656 131
657 100
658 133
659 151
660 133
661 119
662 173
663 151
664 159
665 171
666 174
667 168
668 141
669 103
670 129
671 134
672 133
673 118
674 133
675 123
676 142
677 124
678 136
679 178
680 133
681 97
682 143
683 172
684 124
685 126
686 123
687 131
688 180
689 146
690 153
691 155
692 154
693 186
694 155
695 176
696 155
697 134
698 157
699 132
700 186
701 157
702 109
703 133
704 179
705 84
706 120
707 151
708 142
709 137
710 122
711 114
712 125
713 208
714 124
715 166
716 149
717 150
718 129
719 148
720 163
721 141
722 135
723 170
724 167
725 146
726 117
727 127
728 122
729 162
730 136
731 142
732 113
733 144
734 183
735 159
736 140
737 156
738 129
739 139
740 142
741 164
742 94
743 114
744 132
745 135
746 147
747 142
748 99
749 88
750 159
751 121
752 141
753 145
754 147
755 130
756 151
757 163
758 131
759 153
760 162
761 90
762 120
763 109
764 104
765 145
766 113
767 128
768 107
769 172
770 122
771 128
772 162
773 133
774 211
775 141
776 98
777 142
778 99
779 142
780 127
781 154
782 153
783 174
784 137
785 150
786 187
787 156
788 138
789 82
790 148
791 195
792 144
793 122
794 187
795 204
796 94
797 168
798 161
799 142
800 125
801 136
802 137
803 128
804 177
805 135
806 162
807 129
808 143
809 194
810 110
811 137
812 153
813 139
814 168
815 144
816 172
817 150
818 131
819 160
820 146
821 122
822 122
823 134
824 133
825 75
826 150
827 138
828 177
829 110
830 126
831 203
832 129
833 114
834 129
835 167
836 162
837 130
838 126
839 154
840 160
841 150
842 133
843 211
844 113
845 125
846 124
847 121
848 154
849 135
850 173
851 128
852 170
853 123
854 126
855 157
856 147
857 121
858 146
859 94
860 141
861 149
862 112
863 128
864 109
865 145
866 104
867 161
868 136
869 162
870 135
871 135
872 131
873 154
874 121
875 132
876 133
877 137
878 145
879 164
880 110
881 114
882 153
883 129
884 142
885 118
886 75
887 147
888 146
889 175
890 181
891 164
892 96
893 114
894 164
895 152
896 117
897 95
898 197
899 133
900 146
901 159
902 124
903 133
904 142
905 140
906 89
907 191
908 112
909 108
910 167
911 106
912 145
913 141
914 148
915 126
916 118
917 162
918 150
919 160
920 108
921 141
922 209
923 157
924 162
925 124
926 162
927 141
928 145
929 139
930 155
931 170
932 142
933 157
934 142
935 134
936 141
937 122
938 133
939 139
940 143
941 85
942 172
943 100
944 165
945 165
946 162
947 99
948 187
949 155
950 138
951 103
952 98
953 169
954 140
955 165
956 137
957 96
958 158
959 179
960 142
961 132
962 128
963 170
964 157
965 120
966 162
967 117
968 135
969 165
970 118
971 136
972 156
973 164
974 124
975 117
976 152
977 124
978 160
979 105
980 120
981 103
982 80
983 149
984 167
985 133
986 132
987 69
988 133
989 126
990 93
991 149
992 154
993 100
994 123
995 142
996 117
997 166
998 121
999 155
1000 140
1001 140
1002 126
1003 150
1004 155
1005 129
1006 149
1007 142
1008 138
1009 138
1010 128
1011 163
1012 169
1013 189
1014 147
1015 198
1016 142
1017 175
1018 116
1019 186
1020 191
1021 167
1022 119
1023 166
1024 183
1025 170
1026 107
1027 119
1028 138
1029 146
1030 117
1031 125
1032 106
1033 153
1034 141
1035 155
1036 141
1037 157
1038 94
1039 132
1040 147
1041 122
1042 128
1043 136
1044 131
1045 150
1046 209
1047 163
1048 205
1049 189
1050 144
1051 121
1052 148
1053 201
1054 126
1055 143
1056 182
1057 206
1058 84
1059 141
1060 66
1061 108
1062 158
1063 116
1064 158
1065 162
1066 125
1067 154
1068 127
1069 166
1070 105
1071 165
1072 130
1073 144
1074 124
1075 146
1076 191
1077 131
1078 150
1079 125
1080 121
1081 114
1082 94
1083 135
1084 152
1085 91
1086 105
1087 125
1088 129
1089 183
1090 166
1091 75
1092 121
1093 104
1094 174
1095 166
1096 153
1097 148
1098 156
1099 149
1100 90
1101 145
1102 163
1103 111
1104 150
1105 100
1106 153
1107 150
1108 129
1109 130
1110 120
1111 124
1112 172
1113 149
1114 166
1115 143
1116 130
1117 119
1118 115
1119 119
1120 140
1121 172
1122 134
1123 102
1124 148
1125 159
1126 197
1127 140
1128 111
1129 103
1130 161
1131 134
1132 121
1133 131
1134 134
1135 129
1136 126
1137 120
1138 118
1139 154
1140 128
1141 119
1142 167
1143 146
1144 148
1145 184
1146 176
1147 141
1148 154
1149 101
1150 154
1151 127
1152 136
1153 130
1154 137
1155 93
1156 149
1157 114
1158 127
1159 143
1160 132
1161 114
1162 118
1163 126
1164 163
1165 123
1166 110
1167 123
1168 94
1169 154
1170 123
1171 110
1172 112
1173 156
1174 176
1175 145
1176 147
1177 146
1178 143
1179 138
1180 105
1181 136
1182 128
1183 134
1184 161
1185 186
1186 143
1187 111
1188 127
1189 144
1190 135
1191 127
1192 94
1193 139
1194 91
1195 161
1196 153
1197 123
1198 137
1199 112
1200 155
1201 127
1202 89
1203 144
1204 120
1205 131
1206 161
1207 148
1208 144
1209 124
1210 147
1211 180
1212 137
1213 159
1214 158
1215 122
1216 121
1217 153
1218 145
1219 180
1220 104
1221 138
1222 138
1223 156
1224 129
1225 135
1226 141
1227 129
1228 165
1229 101
1230 230
1231 120
1232 151
1233 151
1234 112
1235 153
1236 161
1237 158
1238 149
1239 131
1240 168
1241 124
1242 164
1243 103
1244 116
1245 118
1246 127
1247 120
1248 138
1249 168
1250 133
1251 172
1252 184
1253 121
1254 152
1255 156
1256 149
1257 123
1258 121
1259 180
1260 123
1261 88
1262 149
1263 120
1264 130
1265 162
1266 118
1267 174
1268 114
1269 121
1270 95
1271 115
1272 88
1273 147
1274 95
1275 139
1276 153
1277 182
1278 126
1279 134
1280 170
1281 119
1282 173
1283 127
1284 164
1285 68
1286 137
1287 61
1288 141
1289 156
1290 112
1291 218
1292 162
1293 124
1294 162
1295 81
1296 141
1297 195
1298 153
1299 148
1300 167
1301 111
1302 117
1303 191
1304 166
1305 119
1306 199
1307 163
1308 151
1309 143
1310 112
1311 124
1312 99
1313 171
1314 142
1315 155
1316 188
1317 191
1318 82
1319 119
1320 169
1321 157
1322 111
1323 158
1324 188
1325 145
1326 149
1327 158
1328 149
1329 142
1330 133
1331 156
1332 178
1333 150
1334 118
1335 144
1336 112
1337 143
1338 154
1339 156
1340 150
1341 107
1342 174
1343 156
1344 136
1345 121
1346 122
1347 133
1348 178
1349 136
1350 105
1351 156
1352 174
1353 174
1354 134
1355 116
1356 138
1357 102
1358 173
1359 139
1360 138
1361 163
1362 160
1363 135
1364 158
1365 177
1366 122
1367 85
1368 133
1369 154
1370 147
1371 140
1372 185
1373 173
1374 133
1375 144
1376 119
1377 141
1378 170
1379 108
1380 146
1381 141
1382 100
1383 156
1384 119
1385 176
1386 168
1387 154
1388 132
1389 182
1390 127
1391 165
1392 152
1393 140
1394 164
1395 91
1396 138
1397 153
1398 123
1399 116
1400 108
1401 131
1402 110
1403 128
1404 148
1405 159
1406 143
1407 135
1408 95
1409 145
1410 187
1411 122
1412 138
1413 134
1414 148
1415 150
1416 100
1417 122
1418 114
1419 131
1420 162
1421 150
1422 135
1423 142
1424 127
1425 134
1426 124
1427 114
1428 112
1429 101
1430 137
1431 120
1432 155
1433 150
1434 164
1435 132
1436 141
1437 150
1438 134
1439 137
1440 135
1441 162
1442 144
1443 145
1444 145
1445 130
1446 114
1447 144
1448 116
1449 169
1450 98
1451 123
1452 135
1453 187
1454 165
1455 130
1456 158
1457 153
1458 194
1459 176
1460 170
1461 136
1462 99
1463 110
1464 109
1465 114
1466 133
1467 144
1468 153
1469 153
1470 140
1471 134
1472 129
1473 130
1474 129
1475 98
1476 100
1477 111
1478 116
1479 158
1480 110
1481 166
1482 133
1483 131
1484 170
1485 92
1486 182
1487 150
1488 108
1489 151
1490 114
1491 147
1492 146
1493 62
1494 100
1495 144
1496 149
1497 132
1498 141
1499 117
1500 132
1501 63
1502 148
1503 187
1504 149
1505 123
1506 167
1507 142
1508 161
1509 135
1510 139
1511 110
1512 118
1513 132
1514 125
1515 89
1516 167
1517 122
1518 151
1519 167
1520 155
1521 144
1522 129
1523 161
1524 138
1525 135
1526 145
1527 193
1528 170
1529 115
1530 131
1531 137
1532 150
1533 186
1534 112
1535 124
1536 163
1537 115
1538 219
1539 126
1540 154
1541 140
1542 108
1543 130
1544 125
1545 136
1546 147
1547 118
1548 152
1549 132
1550 149
1551 156
1552 122
1553 168
1554 152
1555 160
1556 93
1557 139
1558 97
1559 143
1560 154
1561 124
1562 101
1563 186
1564 142
1565 152
1566 134
1567 161
1568 148
1569 131
1570 127
1571 123
1572 134
1573 95
1574 120
1575 141
1576 193
1577 162
1578 166
1579 172
1580 141
1581 156
1582 107
1583 116
1584 170
1585 124
1586 142
1587 164
1588 92
1589 122
1590 157
1591 140
1592 156
1593 142
1594 151
1595 124
1596 135
1597 120
1598 145
1599 175
1600 155
1601 122
1602 139
1603 146
1604 131
1605 176
1606 138
1607 150
1608 135
1609 117
1610 175
1611 174
1612 105
1613 168
1614 143
1615 83
1616 147
1617 158
1618 140
1619 162
1620 140
1621 160
1622 131
1623 152
1624 125
1625 169
1626 128
1627 137
1628 116
1629 207
1630 132
1631 133
1632 86
1633 143
1634 155
1635 123
1636 145
1637 126
1638 139
1639 152
1640 166
1641 192
1642 135
1643 116
1644 134
1645 135
1646 114
1647 142
1648 142
1649 84
1650 80
1651 173
1652 139
1653 103
1654 174
1655 135
1656 132
1657 153
1658 189
1659 120
1660 106
1661 146
1662 149
1663 102
1664 144
1665 151
1666 136
1667 127
1668 145
1669 119
1670 153
1671 140
1672 151
1673 148
1674 153
1675 175
1676 83
1677 154
1678 182
1679 168
1680 197
1681 119
1682 146
1683 148
1684 141
1685 102
1686 153
1687 146
1688 112
1689 157
1690 108
1691 202
1692 125
1693 111
1694 120
1695 95
1696 171
1697 142
1698 31
1699 164
1700 135
1701 149
1702 130
1703 80
1704 150
1705 110
1706 175
1707 133
1708 139
1709 138
1710 161
1711 133
1712 139
1713 171
1714 164
1715 157
1716 153
1717 132
1718 198
1719 128
1720 123
1721 138
1722 137
1723 162
1724 152
1725 133
1726 135
1727 166
1728 134
1729 157
1730 129
1731 103
1732 137
1733 123
1734 121
1735 132
1736 154
1737 152
1738 176
1739 144
1740 128
1741 118
1742 139
1743 147
1744 139
1745 147
1746 111
1747 139
1748 113
1749 99
1750 140
1751 124
1752 116
1753 130
1754 134
1755 106
1756 148
1757 127
1758 138
1759 102
1760 146
1761 147
1762 153
1763 144
1764 139
1765 122
1766 114
1767 149
1768 113
1769 130
1770 152
1771 130
1772 95
1773 149
1774 139
1775 135
1776 130
1777 155
1778 217
1779 115
1780 107
1781 137
1782 138
1783 157
1784 130
1785 133
1786 96
1787 107
1788 137
1789 114
1790 114
1791 155
1792 103
1793 159
1794 83
1795 83
1796 142
1797 118
1798 98
1799 136
1800 136
1801 159
1802 146
1803 130
1804 182
1805 160
1806 129
1807 127
1808 143
1809 124
1810 138
1811 156
1812 72
1813 156
1814 131
1815 142
1816 138
1817 109
1818 181
1819 131
1820 197
1821 145
1822 135
1823 99
1824 138
1825 127
1826 110
1827 111
1828 144
1829 145
1830 101
1831 139
1832 172
1833 195
1834 134
1835 148
1836 104
1837 124
1838 114
1839 104
1840 145
1841 140
1842 141
1843 93
1844 130
1845 128
1846 94
1847 95
1848 134
1849 139
1850 107
1851 150
1852 155
1853 135
1854 136
1855 164
1856 148
1857 163
1858 167
1859 155
1860 124
1861 130
1862 117
1863 185
1864 143
1865 120
1866 158
1867 127
1868 133
1869 141
1870 126
1871 154
1872 172
1873 158
1874 102
1875 144
1876 184
1877 162
1878 104
1879 137
1880 153
1881 144
1882 151
1883 131
1884 147
1885 134
1886 137
1887 72
1888 191
1889 168
1890 166
1891 146
1892 141
1893 154
1894 126
1895 139
1896 140
1897 145
1898 144
1899 142
1900 131
1901 119
1902 147
1903 137
1904 124
1905 149
1906 163
1907 162
1908 105
1909 134
1910 144
1911 151
1912 173
1913 64
1914 124
1915 137
1916 142
1917 126
1918 108
1919 158
1920 87
1921 121
1922 134
1923 135
1924 147
1925 137
1926 179
1927 139
1928 156
1929 111
1930 183
1931 145
1932 92
1933 141
1934 132
1935 125
1936 160
1937 159
1938 166
1939 175
1940 148
1941 174
1942 140
1943 184
1944 131
1945 144
1946 141
1947 118
1948 118
1949 178
1950 136
1951 149
1952 142
1953 106
1954 133
1955 160
1956 168
1957 104
1958 149
1959 229
1960 147
1961 133
1962 131
1963 130
1964 133
1965 145
1966 134
1967 167
1968 157
1969 119
1970 115
1971 153
1972 165
1973 148
1974 146
1975 106
1976 162
1977 136
1978 127
1979 107
1980 182
1981 138
1982 152
1983 135
1984 136
1985 172
1986 163
1987 124
1988 136
1989 124
1990 110
1991 148
1992 134
1993 134
1994 138
1995 136
1996 157
1997 169
1998 131
1999 146
2000 120
2001 148
2002 140
2003 131
2004 91
2005 121
2006 128
2007 151
2008 121
2009 119
2010 144
2011 196
2012 142
2013 141
2014 221
2015 139
2016 174
2017 107
2018 186
2019 89
2020 139
2021 134
2022 152
2023 99
2024 129
2025 128
2026 134
2027 139
2028 155
2029 138
2030 132
2031 63
2032 121
2033 144
2034 153
2035 102
2036 193
2037 137
2038 139
2039 157
2040 147
2041 143
2042 106
2043 148
2044 143
2045 148
2046 111
2047 160
2048 145
2049 163
2050 119
2051 129
2052 124
2053 110
2054 113
2055 126
2056 166
2057 165
2058 128
2059 148
2060 112
2061 127
2062 141
2063 82
2064 144
2065 132
2066 130
2067 129
2068 121
2069 128
2070 161
2071 68
2072 129
2073 149
2074 101
2075 164
2076 156
2077 134
2078 172
2079 134
2080 117
2081 147
2082 115
2083 137
2084 136
2085 118
2086 136
2087 140
2088 105
2089 136
2090 122
2091 135
2092 176
2093 113
2094 119
2095 116
2096 138
2097 136
2098 182
2099 145
2100 154
2101 84
2102 134
2103 94
2104 116
2105 129
2106 124
2107 136
2108 159
2109 119
2110 122
2111 137
2112 165
2113 155
2114 98
2115 185
2116 139
2117 161
2118 167
2119 151
2120 169
2121 116
2122 159
2123 136
2124 135
2125 146
2126 172
2127 97
2128 122
2129 134
2130 106
2131 137
2132 159
2133 164
2134 139
2135 140
2136 142
2137 138
2138 122
2139 129
2140 161
2141 162
2142 122
2143 154
2144 109
2145 168
2146 106
2147 140
2148 211
2149 142
2150 93
2151 119
2152 152
2153 146
2154 121
2155 89
2156 139
2157 147
2158 133
2159 149
2160 124
2161 168
2162 129
2163 129
2164 140
2165 166
2166 115
2167 144
2168 152
2169 128
2170 133
2171 133
2172 128
2173 160
2174 159
2175 149
2176 105
2177 125
2178 95
2179 119
2180 137
2181 151
2182 128
2183 136
2184 138
2185 124
2186 134
2187 159
2188 130
2189 95
2190 138
2191 211
2192 132
2193 164
2194 159
2195 139
2196 123
2197 133
2198 133
2199 142
2200 132
2201 152
2202 137
2203 146
2204 140
2205 120
2206 154
2207 167
2208 186
2209 150
2210 130
2211 99
2212 223
2213 137
2214 140
2215 161
2216 140
2217 75
2218 140
2219 142
2220 131
2221 130
2222 166
2223 140
2224 102
2225 95
2226 143
2227 152
2228 132
2229 141
2230 110
2231 128
2232 131
2233 166
2234 158
2235 106
2236 73
2237 127
2238 189
2239 105
2240 51
2241 129
2242 107
2243 125
2244 118
2245 152
2246 140
2247 154
2248 79
2249 143
2250 133
2251 156
2252 169
2253 170
2254 148
2255 150
2256 109
2257 159
2258 143
2259 127
2260 132
2261 140
2262 130
2263 128
2264 143
2265 130
2266 129
2267 110
2268 120
2269 134
2270 135
2271 163
2272 129
2273 172
2274 150
2275 169
2276 126
2277 135
2278 133
2279 140
2280 106
2281 136
2282 126
2283 175
2284 179
2285 137
2286 167
2287 144
2288 127
2289 132
2290 128
2291 123
2292 147
2293 147
2294 133
2295 147
2296 100
2297 130
2298 141
2299 183
2300 124
2301 169
2302 143
2303 163
2304 126
2305 136
2306 118
2307 128
2308 121
2309 190
2310 156
2311 150
2312 151
2313 137
2314 179
2315 105
2316 116
2317 94
2318 133
2319 174
2320 142
2321 131
2322 147
2323 153
2324 137
2325 148
2326 94
2327 148
2328 149
2329 171
2330 107
2331 136
2332 201
2333 185
2334 90
2335 116
2336 125
2337 144
2338 122
2339 146
2340 123
2341 197
2342 105
2343 108
2344 107
2345 169
2346 151
2347 133
2348 132
2349 158
2350 125
2351 114
2352 130
2353 119
2354 137
2355 143
2356 143
2357 107
2358 130
2359 124
2360 137
2361 160
2362 137
2363 144
2364 156
2365 172
2366 152
2367 110
2368 154
2369 156
2370 140
2371 61
2372 128
2373 171
2374 167
2375 134
2376 123
2377 132
2378 126
2379 147
2380 53
2381 153
2382 138
2383 135
2384 117
2385 136
2386 129
2387 162
2388 174
2389 196
2390 152
2391 114
2392 155
2393 134
2394 139
2395 128
2396 123
2397 149
2398 142
2399 128
2400 147
2401 173
2402 75
2403 189
2404 147
2405 100
2406 163
2407 118
2408 153
2409 125
2410 158
2411 130
2412 111
2413 176
2414 173
2415 139
2416 143
2417 105
2418 143
2419 186
2420 165
2421 138
2422 148
2423 154
2424 159
2425 160
2426 145
2427 186
2428 117
2429 167
2430 151
2431 133
2432 138
2433 154
2434 159
2435 144
2436 105
2437 158
2438 137
2439 108
2440 250
2441 130
2442 140
2443 146
2444 131
2445 140
2446 142
2447 120
2448 138
2449 99
2450 113
2451 178
2452 174
2453 136
2454 92
2455 107
2456 189
2457 156
2458 170
2459 141
2460 134
2461 151
2462 82
2463 126
2464 223
2465 141
2466 98
2467 215
2468 137
2469 129
2470 127
2471 58
2472 132
2473 182
2474 115
2475 117
2476 145
2477 210
2478 117
2479 177
2480 96
2481 132
2482 163
2483 157
2484 152
2485 165
2486 144
2487 134
2488 157
2489 121
2490 196
2491 123
2492 189
2493 114
2494 165
2495 103
2496 165
2497 138
2498 177
2499 146
2500 144
2501 141
2502 100
2503 174
2504 170
2505 139
2506 100
2507 133
2508 151
2509 128
2510 167
2511 121
2512 45
2513 164
2514 156
2515 145
2516 187
2517 149
2518 145
2519 138
2520 144
2521 124
2522 142
2523 139
2524 149
2525 145
2526 109
2527 139
2528 119
2529 133
2530 129
2531 83
2532 144
2533 137
2534 126
2535 138
2536 169
2537 105
2538 149
2539 133
2540 138
2541 147
2542 153
2543 117
2544 142
2545 165
2546 128
2547 138
2548 116
2549 148
2550 127
2551 163
2552 143
2553 154
2554 176
2555 135
2556 172
2557 113
2558 131
2559 169
2560 114
2561 133
2562 124
2563 81
2564 145
2565 170
2566 150
2567 129
2568 144
2569 164
2570 152
2571 161
2572 130
2573 137
2574 81
2575 95
2576 128
2577 114
2578 149
2579 140
2580 122
2581 139
2582 128
2583 165
2584 119
2585 117
2586 176
2587 132
2588 154
2589 154
2590 160
2591 125
2592 139
2593 119
2594 156
2595 142
2596 143
2597 139
2598 141
2599 85
2600 164
2601 113
2602 121
2603 123
2604 137
2605 201
2606 156
2607 115
2608 136
2609 148
2610 138
2611 174
2612 168
2613 159
2614 195
2615 146
2616 209
2617 146
2618 126
2619 124
2620 111
2621 121
2622 160
2623 165
2624 150
2625 167
2626 134
2627 144
2628 143
2629 118
2630 113
2631 167
2632 101
2633 157
2634 120
2635 86
2636 76
2637 165
2638 152
2639 86
2640 154
2641 145
2642 117
2643 123
2644 177
2645 89
2646 140
2647 147
2648 168
2649 168
2650 188
2651 166
2652 134
2653 89
2654 209
2655 88
2656 171
2657 98
2658 152
2659 171
2660 144
2661 138
2662 134
2663 153
2664 103
2665 96
2666 128
2667 100
2668 147
2669 161
2670 170
2671 120
2672 163
2673 145
2674 152
2675 137
2676 120
2677 205
2678 146
2679 97
2680 113
2681 148
2682 146
2683 165
2684 116
2685 141
2686 109
2687 175
2688 147
2689 156
2690 98
2691 122
2692 121
2693 91
2694 121
2695 240
2696 145
2697 125
2698 115
2699 218
2700 120
2701 167
2702 150
2703 142
2704 119
2705 155
2706 144
2707 125
2708 165
2709 148
2710 137
2711 162
2712 151
2713 136
2714 119
2715 201
2716 132
2717 90
2718 124
2719 141
2720 143
2721 132
2722 140
2723 116
2724 83
2725 125
2726 160
2727 95
2728 122
2729 148
2730 142
2731 145
2732 154
2733 140
2734 138
2735 148
2736 91
2737 120
2738 126
2739 128
2740 134
2741 153
2742 154
2743 146
2744 129
2745 134
2746 155
2747 117
2748 140
2749 112
2750 143
2751 113
2752 160
2753 130
2754 116
2755 132
2756 179
2757 188
2758 157
2759 134
2760 153
2761 136
2762 135
2763 169
2764 155
2765 115
2766 119
2767 137
2768 111
2769 114
2770 188
2771 61
2772 146
2773 134
2774 187
2775 161
2776 193
2777 151
2778 162
2779 124
2780 130
2781 114
2782 128
2783 15
2784 151
2785 145
2786 167
2787 148
2788 141
2789 157
2790 119
2791 137
2792 135
2793 124
2794 123
2795 103
2796 149
2797 128
2798 136
2799 114
2800 138
2801 124
2802 135
2803 142
2804 195
2805 106
2806 215
2807 94
2808 131
2809 165
2810 187
2811 123
2812 94
2813 161
2814 158
2815 107
2816 143
2817 131
2818 137
2819 158
2820 147
2821 100
2822 155
2823 125
2824 112
2825 145
2826 100
2827 144
2828 139
2829 166
2830 190
2831 159
2832 136
2833 152
2834 147
2835 81
2836 128
2837 146
2838 130
2839 138
2840 156
2841 140
2842 104
2843 191
2844 188
2845 155
2846 107
2847 130
2848 132
2849 153
2850 133
2851 142
2852 163
2853 139
2854 155
2855 123
2856 165
2857 130
2858 147
2859 161
2860 155
2861 97
2862 118
2863 130
2864 127
2865 115
2866 103
2867 125
2868 95
2869 135
2870 133
2871 159
2872 123
2873 118
2874 164
2875 119
2876 149
2877 131
2878 101
2879 142
2880 115
2881 150
2882 129
2883 127
2884 157
2885 112
2886 146
2887 180
2888 150
2889 136
2890 131
2891 151
2892 150
2893 138
2894 179
2895 111
2896 122
2897 114
2898 189
2899 124
2900 148
2901 121
2902 150
2903 129
2904 138
2905 139
2906 146
2907 142
2908 83
2909 142
2910 129
2911 131
2912 153
2913 125
2914 136
2915 162
2916 113
2917 142
2918 174
2919 134
2920 147
2921 184
2922 84
2923 137
2924 146
2925 133
2926 156
2927 134
2928 166
2929 113
2930 139
2931 97
2932 159
2933 158
2934 169
2935 169
2936 151
2937 117
2938 166
2939 175
2940 116
2941 73
2942 128
2943 125
2944 116
2945 126
2946 137
2947 181
2948 147
2949 128
2950 93
2951 218
2952 158
2953 106
2954 143
2955 143
2956 158
2957 127
2958 127
2959 142
2960 153
2961 88
2962 162
2963 153
2964 144
2965 189
2966 110
2967 163
2968 112
2969 164
2970 160
2971 151
2972 141
2973 123
2974 131
2975 220
2976 92
2977 120
2978 160
2979 168
2980 141
2981 167
2982 150
2983 142
2984 177
2985 116
2986 130
2987 148
2988 151
2989 183
2990 132
2991 167
2992 122
2993 144
2994 124
2995 137
2996 149
2997 161
2998 164
2999 186
3000 112
3001 130
3002 115
3003 130
3004 153
3005 146
3006 144
3007 145
3008 170
3009 143
3010 136
3011 127
3012 153
3013 99
3014 138
3015 113
3016 145
3017 82
3018 175
3019 126
3020 131
3021 143
3022 128
3023 172
3024 146
3025 182
3026 128
3027 133
3028 134
3029 148
3030 126
3031 145
3032 180
3033 139
3034 176
3035 132
3036 77
3037 141
3038 134
3039 156
3040 90
3041 120
3042 137
3043 175
3044 145
3045 180
3046 195
3047 201
3048 124
3049 124
3050 139
3051 180
3052 146
3053 130
3054 132
3055 190
3056 116
3057 154
3058 147
3059 140
3060 112
3061 133
3062 141
3063 80
3064 147
3065 179
3066 151
3067 136
3068 168
3069 132
3070 145
3071 163
3072 166
3073 150
3074 125
3075 158
3076 155
3077 130
3078 137
3079 100
3080 136
3081 131
3082 168
3083 189
3084 136
3085 160
3086 161
3087 142
3088 148
3089 151
3090 157
3091 153
3092 115
3093 156
3094 105
3095 178
3096 184
3097 127
3098 176
3099 143
3100 136
3101 168
3102 130
3103 144
3104 118
3105 143
3106 237
3107 169
3108 162
3109 149
3110 78
3111 146
3112 128
3113 137
3114 210
3115 153
3116 204
3117 218
3118 147
3119 166
3120 144
3121 151
3122 116
3123 118
3124 197
3125 118
3126 142
3127 157
3128 136
3129 172
3130 113
3131 100
3132 137
3133 147
3134 143
3135 98
3136 146
3137 158
3138 147
3139 171
3140 144
3141 183
3142 127
3143 160
3144 132
3145 113
3146 113
3147 148
3148 148
3149 153
3150 117
3151 175
3152 96
3153 117
3154 147
3155 126
3156 188
3157 125
3158 137
3159 155
3160 128
3161 157
3162 168
3163 138
3164 143
3165 115
3166 160
3167 108
3168 167
3169 130
3170 161
3171 150
3172 155
3173 146
3174 179
3175 135
3176 133
3177 119
3178 209
3179 129
3180 157
3181 122
3182 168
3183 112
3184 120
3185 119
3186 114
3187 170
3188 150
3189 152
3190 132
3191 156
3192 140
3193 140
3194 136
3195 176
3196 173
3197 100
3198 132
3199 108
3200 129
3201 155
3202 111
3203 139
3204 116
3205 97
3206 140
3207 112
3208 144
3209 169
3210 167
3211 108
3212 100
3213 94
3214 142
3215 185
3216 159
3217 168
3218 133
3219 142
3220 147
3221 136
3222 129
3223 153
3224 110
3225 191
3226 100
3227 145
3228 133
3229 174
3230 159
3231 96
3232 138
3233 183
3234 126
3235 164
3236 144
3237 163
3238 114
3239 136
3240 143
3241 171
3242 153
3243 104
3244 223
3245 120
3246 147
3247 135
3248 131
3249 158
3250 150
3251 163
3252 111
3253 145
3254 138
3255 171
3256 121
3257 175
3258 124
3259 115
3260 134
3261 123
3262 124
3263 163
3264 129
3265 144
3266 142
3267 154
3268 110
3269 167
3270 168
3271 147
3272 146
3273 148
3274 159
3275 148
3276 152
3277 136
3278 172
3279 125
3280 145
3281 178
3282 177
3283 119
3284 115
3285 127
3286 156
3287 136
3288 120
3289 151
3290 129
3291 163
3292 122
3293 140
3294 146
3295 107
3296 65
3297 145
3298 159
3299 172
3300 122
3301 126
3302 139
3303 147
3304 157
3305 197
3306 118
3307 226
3308 232
3309 142
3310 167
3311 162
3312 158
3313 121
3314 157
3315 97
3316 129
3317 131
3318 130
3319 162
3320 190
3321 119
3322 169
3323 135
3324 117
3325 124
3326 151
3327 161
3328 104
3329 144
3330 87
3331 183
3332 134
3333 132
3334 155
3335 139
3336 136
3337 135
3338 182
3339 126
3340 135
3341 126
3342 120
3343 164
3344 155
3345 130
3346 133
3347 155
3348 134
3349 131
3350 143
3351 128
3352 123
3353 148
3354 45
3355 134
3356 185
3357 128
3358 158
3359 214
3360 147
3361 177
3362 173
3363 198
3364 145
3365 138
3366 119
3367 189
3368 114
3369 166
3370 113
3371 99
3372 147
3373 155
3374 175
3375 142
3376 136
3377 142
3378 151
3379 118
3380 128
3381 149
3382 121
3383 183
3384 172
3385 172
3386 184
3387 116
3388 129
3389 159
3390 117
3391 140
3392 159
3393 182
3394 120
3395 146
3396 128
3397 154
3398 166
3399 125
3400 118
3401 144
3402 107
3403 145
3404 87
3405 145
3406 167
3407 165
3408 154
3409 149
3410 151
3411 126
3412 89
3413 133
3414 140
3415 150
3416 190
3417 144
3418 140
3419 178
3420 123
3421 185
3422 131
3423 140
3424 130
3425 134
3426 150
3427 155
3428 175
3429 154
3430 130
3431 114
3432 152
3433 155
3434 162
3435 136
3436 154
3437 101
3438 118
3439 156
3440 112
3441 137
3442 139
3443 109
3444 142
3445 114
3446 119
3447 175
3448 92
3449 131
3450 156
3451 161
3452 116
3453 116
3454 126
3455 162
3456 140
3457 147
3458 141
3459 106
3460 88
3461 154
3462 120
3463 139
3464 158
3465 107
3466 161
3467 103
3468 167
3469 129
3470 144
3471 181
3472 152
3473 167
3474 114
3475 119
3476 148
3477 169
3478 152
3479 155
3480 96
3481 114
3482 95
3483 140
3484 142
3485 132
3486 110
3487 105
3488 147
3489 148
3490 114
3491 125
3492 115
3493 110
3494 136
3495 172
3496 141
3497 137
3498 129
3499 84
