Vertices: 5200
Edges: 36400
Time: 2,193 ms
Iterations: 36349
Vertex Distance
0 0
1 105
2 116
3 101
4 115
5 94
6 108
7 104
8 118
9 125
10 139
11 126
12 122
13 123
14 109
15 117
16 85
17 112
18 57
19 131
20 153
21 131
22 97
23 131
24 107
25 126
26 111
27 95
28 149
29 114
30 119
31 87
32 121
33 102
34 83
35 101
36 105
37 64
38 127
39 120
40 102
41 68
42 91
43 118
44 119
45 114
46 97
47 159
48 81
49 137
50 62
51 143
52 125
53 105
54 106
55 132
56 109
57 123
58 108
59 127
60 99
61 130
62 115
63 152
64 106
65 142
66 117
67 124
68 113
69 123
70 63
71 160
72 138
73 114
74 103
75 81
76 175
77 96
78 129
79 106
80 138
81 112
82 107
83 86
84 150
85 104
86 148
87 110
88 94
89 61
90 66
91 133
92 64
93 120
94 113
95 123
96 103
97 80
98 84
99 31
100 107
101 149
102 141
103 96
104 128
105 88
106 109
107 91
108 107
109 96
110 85
111 119
112 131
113 113
114 102
115 121
116 104
117 145
118 165
119 141
120 36
121 125
122 139
123 109
124 79
125 154
126 100
127 119
128 108
129 133
130 136
131 66
132 153
133 139
134 125
135 86
136 132
137 79
138 121
139 93
140 76
141 120
142 111
143 72
144 139
145 110
146 157
147 132
148 121
149 145
150 90
151 108
152 52
153 73
154 115
155 179
156 122
157 140
158 111
159 106
160 98
161 82
162 87
163 82
164 95
165 101
166 111
167 123
168 111
169 116
170 116
171 122
172 113
173 87
174 76
175 91
176 133
177 118
178 130
179 139
180 103
181 134
182 91
183 130
184 45
185 140
186 45
187 130
188 128
189 128
190 119
191 76
192 115
193 60
194 101
195 130
196 77
197 151
198 86
199 71
200 101
201 84
202 139
203 114
204 91
205 44
206 38
207 108
208 117
209 94
210 146
211 104
212 133
213 118
214 122
215 84
216 98
217 113
218 108
219 131
220 107
221 134
222 115
223 74
224 109
225 117
226 115
227 78
228 73
229 136
230 91
231 153
232 92
233 149
234 105
235 127
236 76
237 128
238 140
239 119
240 82
241 128
242 108
243 137
244 131
245 88
246 128
247 110
248 113
249 126
250 135
251 124
252 82
253 92
254 110
255 68
256 121
257 94
258 108
259 107
260 112
261 128
262 99
263 131
264 83
265 133
266 155
267 83
268 111
269 87
270 120
271 88
272 137
273 104
274 154
275 126
276 118
277 125
278 132
279 95
280 127
281 131
282 72
283 168
284 118
285 92
286 104
287 162
288 146
289 99
290 119
291 115
292 97
293 70
294 87
295 135
296 135
297 133
298 158
299 101
300 107
301 154
302 143
303 17
304 103
305 58
306 73
307 137
308 125
309 71
310 70
311 186
312 110
313 92
314 138
315 129
316 119
317 127
318 150
319 111
320 107
321 42
322 123
323 104
324 114
325 139
326 111
327 100
328 156
329 93
330 93
331 81
332 138
333 130
334 123
335 64
336 113
337 114
338 107
339 157
340 106
341 140
342 104
343 121
344 109
345 143
346 102
347 97
348 135
349 108
350 113
351 87
352 104
353 69
354 81
355 95
356 86
357 132
358 130
359 110
360 84
361 91
362 106
363 106
364 74
365 105
366 108
367 133
368 102
369 103
370 91
371 122
372 143
373 127
374 177
375 100
376 118
377 100
378 84
379 98
380 87
381 113
382 115
383 117
384 73
385 152
386 111
387 92
388 127
389 110
390 85
391 196
392 100
393 80
394 86
395 138
396 70
397 113
398 116
399 80
400 93
401 124
402 97
403 100
404 103
405 103
406 31
407 139
408 89
409 128
410 134
411 114
412 93
413 106
414 104
415 124
416 133
417 110
418 125
419 99
420 82
421 107
422 92
423 64
424 68
425 123
426 155
427 140
428 107
429 111
430 129
431 127
432 106
433 97
434 99
435 123
436 130
437 102
438 158
439 101
440 148
441 130
442 125
443 74
444 138
445 143
446 119
447 105
448 153
449 130
450 136
451 100
452 115
453 98
454 84
455 85
456 125
457 99
458 132
459 101
460 80
461 88
462 116
463 133
464 119
465 10
466 136
467 120
468 84
469 118
470 103
471 77
472 115
473 112
474 77
475 125
476 97
477 108
478 99
479 125
480 120
481 115
482 96
483 149
484 122
485 124
486 113
487 120
488 94
489 50
490 121
491 104
492 120
493 111
494 103
495 119
496 117
497 97
498 111
499 84
500 162
501 110
502 112
503 124
504 109
505 95
506 142
507 72
508 122
509 106
510 57
511 124
512 137
513 173
514 144
515 103
516 127
517 113
518 109
519 93
520 98
521 123
522 122
523 110
524 77
525 108
526 92
527 92
528 110
529 80
530 105
531 114
532 96
533 89
534 86
535 134
536 88
537 120
538 38
539 147
540 95
541 98
542 120
543 100
544 120
545 97
546 100
547 101
548 116
549 95
550 104
551 80
552 101
553 121
554 150
555 109
556 137
557 137
558 154
559 93
560 151
561 111
562 127
563 115
564 72
565 94
566 115
567 120
568 108
569 107
570 83
571 125
572 191
573 118
574 83
575 87
576 92
577 98
578 105
579 134
580 124
581 164
582 103
583 123
584 128
585 105
586 117
587 112
588 134
589 127
590 75
591 111
592 165
593 156
594 104
595 117
596 148
597 129
598 87
599 122
600 111
601 110
602 111
603 85
604 97
605 108
606 107
607 91
608 104
609 99
610 68
611 105
612 106
613 141
614 114
615 128
616 139
617 127
618 120
619 120
620 63
621 95
622 125
623 70
624 101
625 117
626 135
627 93
628 200
629 158
630 125
631 104
632 139
633 124
634 120
635 123
636 93
637 117
638 75
639 138
640 110
641 88
642 125
643 104
644 161
645 93
646 134
647 84
648 89
649 145
650 122
651 114
652 123
653 143
654 113
655 138
656 92
657 89
658 145
659 119
660 83
661 99
662 102
663 97
664 119
665 84
666 116
667 129
668 105
669 136
670 138
671 109
672 134
673 109
674 113
675 95
676 151
677 115
678 85
679 84
680 110
681 112
682 111
683 163
684 111
685 112
686 199
687 97
688 120
689 104
690 132
691 97
692 100
693 114
694 131
695 108
696 97
697 84
698 101
699 104
700 78
701 129
702 119
703 103
704 125
705 114
706 100
707 105
708 37
709 97
710 109
711 122
712 109
713 125
714 145
715 166
716 82
717 170
718 116
719 100
720 79
721 150
722 107
723 117
724 120
725 135
726 145
727 119
728 68
729 128
730 97
731 61
732 137
733 120
734 90
735 130
736 128
737 122
738 99
739 52
740 122
741 132
742 73
743 166
744 122
745 114
746 143
747 99
748 139
749 94
750 207
751 86
752 106
753 166
754 109
755 128
756 83
757 123
758 82
759 167
760 104
761 121
762 89
763 133
764 52
765 104
766 109
767 97
768 110
769 116
770 99
771 110
772 126
773 94
774 117
775 63
776 96
777 106
778 115
779 141
780 86
781 143
782 105
783 90
784 81
785 128
786 114
787 119
788 93
789 116
790 108
791 121
792 102
793 152
794 105
795 90
796 116
797 102
798 139
799 111
800 105
801 142
802 146
803 100
804 120
805 101
806 90
807 108
808 122
809 121
810 203
811 99
812 88
813 72
814 86
815 95
816 120
817 127
818 144
819 85
820 118
821 122
822 153
823 104
824 100
825 75
826 117
827 50
828 86
829 115
830 98
831 93
832 43
833 73
834 82
835 87
836 77
837 118
838 112
839 123
840 128
841 85
842 99
843 103
844 80
845 107
846 94
847 133
848 114
849 120
850 116
851 101
852 123
853 139
854 49
855 129
856 56
857 85
858 112
859 124
860 122
861 82
862 86
863 125
864 102
865 119
866 125
867 109
868 94
869 112
870 118
871 126
872 101
873 109
874 111
875 87
876 157
877 118
878 114
879 70
880 86
881 121
882 117
883 137
884 108
885 159
886 160
887 96
888 128
889 113
890 99
891 96
892 164
893 85
894 160
895 114
896 105
897 124
898 94
899 146
900 107
901 133
902 98
903 109
904 121
905 123
906 125
907 106
908 91
909 153
910 94
911 94
912 93
913 126
914 109
915 78
916 118
917 105
918 129
919 109
920 93
921 168
922 143
923 47
924 84
925 101
926 108
927 89
928 109
929 133
930 72
931 93
932 77
933 91
934 102
935 139
936 112
937 107
938 81
939 90
940 89
941 102
942 114
943 104
944 120
945 130
946 89
947 96
948 64
949 55
950 153
951 127
952 131
953 51
954 144
955 131
956 121
957 115
958 119
959 112
960 110
961 79
962 104
963 112
964 138
965 114
966 231
967 131
968 60
969 148
970 139
971 41
972 107
973 107
974 116
975 124
976 91
977 123
978 103
979 144
980 117
981 116
982 102
983 73
984 89
985 142
986 117
987 110
988 103
989 113
990 67
991 77
992 100
993 135
994 126
995 162
996 87
997 102
998 107
999 127
1000 120
1001 63
1002 106
1003 107
1004 94
1005 98
1006 111
1007 141
1008 156
1009 130
1010 109
1011 140
1012 130
1013 110
1014 85
1015 111
1016 124
1017 94
1018 155
1019 114
1020 122
1021 107
1022 136
1023 117
1024 92
1025 149
1026 82
1027 170
1028 145
1029 106
1030 141
1031 133
1032 86
1033 108
1034 95
1035 106
1036 127
1037 114
1038 182
1039 123
1040 210
1041 75
1042 159
1043 94
1044 109
1045 83
1046 129
1047 144
1048 115
1049 172
1050 71
1051 95
1052 116
1053 116
1054 127
1055 87
1056 107
1057 48
1058 116
1059 95
1060 133
1061 105
1062 111
1063 93
1064 113
1065 119
1066 98
1067 155
1068 94
1069 93
1070 111
1071 101
1072 98
1073 126
1074 115
1075 90
1076 139
1077 117
1078 129
1079 44
1080 141
1081 68
1082 88
1083 118
1084 52
1085 128
1086 112
1087 136
1088 84
1089 111
1090 107
1091 136
1092 127
1093 73
1094 145
1095 129
1096 129
1097 102
1098 211
1099 144
1100 102
1101 119
1102 58
1103 81
1104 136
1105 140
1106 97
1107 144
1108 97
1109 114
1110 67
1111 108
1112 137
1113 119
1114 113
1115 83
1116 121
1117 93
1118 177
1119 112
1120 101
1121 96
1122 131
1123 104
1124 93
1125 136
1126 82
1127 112
1128 77
1129 128
1130 107
1131 132
1132 117
1133 63
1134 160
1135 52
1136 60
1137 141
1138 118
1139 128
1140 102
1141 134
1142 100
1143 105
1144 73
1145 73
1146 132
1147 88
1148 86
1149 131
1150 118
1151 101
1152 29
1153 90
1154 89
1155 50
1156 92
1157 137
1158 142
1159 64
1160 132
1161 115
1162 89
1163 117
1164 116
1165 99
1166 110
1167 98
1168 132
1169 102
1170 167
1171 35
1172 101
1173 54
1174 103
1175 106
1176 111
1177 121
1178 75
1179 129
1180 128
1181 136
1182 110
1183 130
1184 123
1185 95
1186 128
1187 99
1188 87
1189 104
1190 5
1191 137
1192 106
1193 113
1194 123
1195 94
1196 92
1197 116
1198 104
1199 129
1200 75
1201 137
1202 94
1203 144
1204 190
1205 140
1206 115
1207 108
1208 90
1209 106
1210 176
1211 92
1212 71
1213 117
1214 93
1215 103
1216 117
1217 88
1218 14
1219 122
1220 141
1221 115
1222 71
1223 112
1224 134
1225 106
1226 129
1227 143
1228 131
1229 123
1230 129
1231 108
1232 66
1233 91
1234 111
1235 117
1236 57
1237 75
1238 106
1239 108
1240 138
1241 106
1242 113
1243 165
1244 113
1245 122
1246 97
1247 57
1248 135
1249 126
1250 112
1251 99
1252 88
1253 133
1254 103
1255 130
1256 143
1257 109
1258 191
1259 80
1260 100
1261 169
1262 106
1263 99
1264 113
1265 116
1266 128
1267 85
1268 107
1269 130
1270 123
1271 77
1272 129
1273 111
1274 117
1275 123
1276 137
1277 151
1278 71
1279 128
1280 100
1281 116
1282 78
1283 105
1284 58
1285 112
1286 101
1287 87
1288 113
1289 94
1290 95
1291 134
1292 116
1293 116
1294 118
1295 130
1296 127
1297 133
1298 74
1299 93
1300 126
1301 80
1302 139
1303 128
1304 80
1305 24
1306 39
1307 115
1308 141
1309 143
1310 107
1311 114
1312 102
1313 78
1314 120
1315 131
1316 71
1317 102
1318 98
1319 80
1320 120
1321 106
1322 139
1323 59
1324 138
1325 101
1326 100
1327 121
1328 100
1329 139
1330 95
1331 116
1332 118
1333 136
1334 109
1335 193
1336 117
1337 130
1338 165
1339 141
1340 69
1341 111
1342 104
1343 127
1344 116
1345 137
1346 128
1347 78
1348 100
1349 116
1350 115
1351 146
1352 70
1353 110
1354 100
1355 98
1356 97
1357 134
1358 87
1359 114
1360 108
1361 105
1362 103
1363 54
1364 139
1365 114
1366 99
1367 146
1368 71
1369 127
1370 73
1371 126
1372 116
1373 107
1374 152
1375 221
1376 101
1377 97
1378 95
1379 109
1380 148
1381 127
1382 121
1383 113
1384 105
1385 108
1386 121
1387 99
1388 92
1389 107
1390 134
1391 104
1392 117
1393 108
1394 117
1395 107
1396 138
1397 119
1398 122
1399 124
1400 58
1401 141
1402 127
1403 134
1404 115
1405 105
1406 130
1407 124
1408 106
1409 130
1410 107
1411 130
1412 144
1413 119
1414 93
1415 91
1416 109
1417 72
1418 123
1419 135
1420 82
1421 121
1422 136
1423 127
1424 110
1425 117
1426 99
1427 109
1428 100
1429 92
1430 103
1431 95
1432 117
1433 116
1434 124
1435 83
1436 123
1437 159
1438 112
1439 139
1440 105
1441 57
1442 110
1443 142
1444 120
1445 118
1446 102
1447 135
1448 122
1449 117
1450 166
1451 60
1452 104
1453 82
1454 133
1455 127
1456 146
1457 135
1458 167
1459 138
1460 85
1461 122
1462 122
1463 102
1464 54
1465 103
1466 125
1467 80
1468 97
1469 95
1470 123
1471 112
1472 106
1473 99
1474 136
1475 60
1476 93
1477 106
1478 92
1479 131
1480 126
1481 100
1482 123
1483 144
1484 105
1485 114
1486 90
1487 86
1488 108
1489 123
1490 78
1491 191
1492 89
1493 80
1494 94
1495 102
1496 103
1497 125
1498 96
1499 133
1500 94
1501 127
1502 93
1503 124
1504 101
1505 79
1506 114
1507 124
1508 84
1509 76
1510 74
1511 119
1512 174
1513 144
1514 128
1515 123
1516 151
1517 91
1518 79
1519 99
1520 112
1521 135
1522 131
1523 109
1524 83
1525 102
1526 75
1527 90
1528 157
1529 109
1530 131
1531 136
1532 152
1533 116
1534 143
1535 141
1536 109
1537 135
1538 76
1539 109
1540 55
1541 103
1542 103
1543 80
1544 101
1545 134
1546 79
1547 70
1548 119
1549 115
1550 136
1551 102
1552 59
1553 101
1554 161
1555 103
1556 123
1557 138
1558 118
1559 85
1560 89
1561 100
1562 95
1563 35
1564 113
1565 96
1566 138
1567 83
1568 92
1569 128
1570 124
1571 153
1572 117
1573 116
1574 195
1575 110
1576 121
1577 119
1578 134
1579 118
1580 123
1581 93
1582 105
1583 99
1584 155
1585 78
1586 126
1587 122
1588 110
1589 122
1590 102
1591 121
1592 111
1593 114
1594 122
1595 153
1596 121
1597 56
1598 14
1599 109
1600 117
1601 92
1602 99
1603 116
1604 104
1605 107
1606 116
1607 84
1608 92
1609 113
1610 110
1611 110
1612 101
1613 95
1614 103
1615 66
1616 124
1617 99
1618 120
1619 141
1620 107
1621 134
1622 124
1623 144
1624 132
1625 126
1626 115
1627 97
1628 109
1629 133
1630 96
1631 94
1632 111
1633 131
1634 17
1635 77
1636 97
1637 131
1638 29
1639 101
1640 137
1641 101
1642 104
1643 100
1644 105
1645 107
1646 130
1647 113
1648 138
1649 77
1650 57
1651 80
1652 94
1653 125
1654 133
1655 98
1656 127
1657 122
1658 153
1659 89
1660 106
1661 126
1662 115
1663 116
1664 172
1665 107
1666 128
1667 108
1668 80
1669 99
1670 80
1671 104
1672 103
1673 78
1674 98
1675 121
1676 145
1677 107
1678 127
1679 137
1680 105
1681 114
1682 97
1683 109
1684 108
1685 88
1686 185
1687 133
1688 144
1689 93
1690 100
1691 113
1692 135
1693 81
1694 72
1695 86
1696 116
1697 94
1698 136
1699 125
1700 126
1701 135
1702 164
1703 132
1704 0
1705 110
1706 109
1707 99
1708 35
1709 97
1710 97
1711 122
1712 98
1713 96
1714 127
1715 143
1716 136
1717 92
1718 110
1719 103
1720 124
1721 110
1722 125
1723 107
1724 125
1725 157
1726 106
1727 149
1728 91
1729 81
1730 80
1731 114
1732 131
1733 138
1734 145
1735 130
1736 94
1737 144
1738 93
1739 110
1740 56
1741 107
1742 111
1743 127
1744 110
1745 116
1746 112
1747 110
1748 98
1749 100
1750 133
1751 103
1752 110
1753 136
1754 110
1755 92
1756 117
1757 121
1758 103
1759 149
1760 86
1761 132
1762 94
1763 24
1764 138
1765 109
1766 129
1767 109
1768 108
1769 120
1770 121
1771 107
1772 133
1773 89
1774 97
1775 70
1776 121
1777 129
1778 121
1779 100
1780 92
1781 117
1782 79
1783 96
1784 88
1785 103
1786 104
1787 161
1788 131
1789 101
1790 67
1791 111
1792 106
1793 52
1794 133
1795 114
1796 70
1797 99
1798 120
1799 81
1800 133
1801 116
1802 120
1803 108
1804 78
1805 133
1806 143
1807 133
1808 122
1809 142
1810 101
1811 101
1812 98
1813 109
1814 97
1815 126
1816 101
1817 71
1818 124
1819 91
1820 97
1821 119
1822 83
1823 94
1824 78
1825 132
1826 115
1827 97
1828 110
1829 156
1830 121
1831 82
1832 111
1833 137
1834 153
1835 76
1836 103
1837 165
1838 160
1839 66
1840 128
1841 81
1842 94
1843 98
1844 79
1845 106
1846 121
1847 106
1848 143
1849 170
1850 112
1851 123
1852 113
1853 134
1854 84
1855 174
1856 69
1857 134
1858 69
1859 75
1860 128
1861 140
1862 112
1863 167
1864 84
1865 98
1866 32
1867 102
1868 73
1869 138
1870 114
1871 102
1872 135
1873 144
1874 102
1875 138
1876 126
1877 91
1878 45
1879 118
1880 122
1881 77
1882 132
1883 106
1884 63
1885 165
1886 107
1887 105
1888 83
1889 106
1890 114
1891 69
1892 117
1893 115
1894 98
1895 148
1896 127
1897 64
1898 104
1899 96
1900 118
1901 80
1902 109
1903 129
1904 92
1905 100
1906 106
1907 107
1908 81
1909 113
1910 102
1911 101
1912 147
1913 144
1914 69
1915 97
1916 87
1917 117
1918 31
1919 140
1920 105
1921 129
1922 87
1923 136
1924 37
1925 90
1926 121
1927 108
1928 93
1929 116
1930 140
1931 99
1932 103
1933 134
1934 105
1935 70
1936 83
1937 111
1938 104
1939 123
1940 151
1941 143
1942 151
1943 124
1944 139
1945 144
1946 103
1947 94
1948 136
1949 134
1950 116
1951 126
1952 107
1953 99
1954 92
1955 68
1956 123
1957 98
1958 96
1959 112
1960 163
1961 102
1962 165
1963 118
1964 87
1965 103
1966 92
1967 89
1968 139
1969 86
1970 153
1971 129
1972 123
1973 57
1974 97
1975 152
1976 122
1977 104
1978 113
1979 97
1980 139
1981 103
1982 122
1983 87
1984 106
1985 92
1986 83
1987 135
1988 132
1989 114
1990 134
1991 94
1992 128
1993 116
1994 115
1995 87
1996 131
1997 107
1998 134
1999 107
2000 130
2001 102
2002 82
2003 92
2004 120
2005 99
2006 85
2007 123
2008 112
2009 140
2010 100
2011 109
2012 128
2013 88
2014 92
2015 97
2016 149
2017 102
2018 133
2019 108
2020 47
2021 166
2022 101
2023 121
2024 85
2025 101
2026 82
2027 98
2028 114
2029 91
2030 107
2031 136
2032 89
2033 128
2034 127
2035 155
2036 45
2037 56
2038 116
2039 117
2040 98
2041 112
2042 152
2043 89
2044 107
2045 74
2046 89
2047 152
2048 138
2049 110
2050 118
2051 134
2052 137
2053 111
2054 88
2055 122
2056 67
2057 83
2058 105
2059 105
2060 118
2061 74
2062 148
2063 103
2064 91
2065 133
2066 117
2067 115
2068 111
2069 111
2070 123
2071 98
2072 125
2073 74
2074 129
2075 88
2076 146
2077 122
2078 150
2079 117
2080 156
2081 121
2082 138
2083 131
2084 119
2085 138
2086 130
2087 89
2088 103
2089 140
2090 102
2091 94
2092 100
2093 119
2094 88
2095 148
2096 128
2097 112
2098 105
2099 105
2100 91
2101 139
2102 120
2103 117
2104 115
2105 116
2106 124
2107 95
2108 119
2109 71
2110 106
2111 184
2112 111
2113 110
2114 94
2115 107
2116 140
2117 110
2118 117
2119 136
2120 74
2121 66
2122 174
2123 94
2124 182
2125 106
2126 145
2127 117
2128 148
2129 116
2130 87
2131 147
2132 125
2133 109
2134 105
2135 95
2136 126
2137 76
2138 111
2139 135
2140 110
2141 121
2142 98
2143 96
2144 93
2145 118
2146 125
2147 86
2148 97
2149 92
2150 44
2151 103
2152 119
2153 150
2154 112
2155 106
2156 135
2157 132
2158 43
2159 108
2160 117
2161 113
2162 103
2163 107
2164 99
2165 111
2166 127
2167 87
2168 93
2169 68
2170 80
2171 85
2172 133
2173 120
2174 148
2175 59
2176 146
2177 106
2178 85
2179 54
2180 99
2181 139
2182 126
2183 126
2184 85
2185 132
2186 81
2187 129
2188 148
2189 84
2190 110
2191 104
2192 102
2193 137
2194 119
2195 104
2196 133
2197 153
2198 133
2199 153
2200 133
2201 171
2202 118
2203 183
2204 113
2205 60
2206 185
2207 120
2208 117
2209 98
2210 140
2211 81
2212 101
2213 119
2214 140
2215 106
2216 105
2217 81
2218 154
2219 86
2220 86
2221 137
2222 120
2223 108
2224 129
2225 100
2226 96
2227 87
2228 158
2229 98
2230 174
2231 92
2232 83
2233 104
2234 121
2235 90
2236 133
2237 138
2238 108
2239 116
2240 83
2241 92
2242 99
2243 92
2244 86
2245 117
2246 106
2247 86
2248 107
2249 171
2250 93
2251 105
2252 103
2253 105
2254 92
2255 79
2256 113
2257 112
2258 98
2259 138
2260 127
2261 94
2262 132
2263 134
2264 137
2265 118
2266 96
2267 88
2268 102
2269 120
2270 120
2271 87
2272 80
2273 73
2274 144
2275 83
2276 101
2277 124
2278 143
2279 82
2280 87
2281 79
2282 97
2283 109
2284 107
2285 62
2286 108
2287 111
2288 147
2289 92
2290 120
2291 98
2292 109
2293 121
2294 135
2295 101
2296 140
2297 98
2298 113
2299 127
2300 110
2301 88
2302 125
2303 124
2304 138
2305 102
2306 101
2307 127
2308 103
2309 79
2310 107
2311 137
2312 128
2313 70
2314 84
2315 117
2316 129
2317 132
2318 19
2319 104
2320 61
2321 85
2322 119
2323 170
2324 119
2325 107
2326 92
2327 91
2328 55
2329 87
2330 81
2331 109
2332 103
2333 140
2334 73
2335 118
2336 156
2337 96
2338 104
2339 97
2340 132
2341 106
2342 133
2343 89
2344 71
2345 139
2346 110
2347 132
2348 109
2349 117
2350 136
2351 96
2352 109
2353 113
2354 162
2355 95
2356 124
2357 188
2358 10
2359 108
2360 127
2361 101
2362 147
2363 48
2364 137
2365 119
2366 113
2367 148
2368 98
2369 120
2370 156
2371 185
2372 116
2373 108
2374 141
2375 123
2376 101
2377 170
2378 53
2379 23
2380 139
2381 105
2382 124
2383 105
2384 134
2385 104
2386 138
2387 117
2388 119
2389 103
2390 133
2391 126
2392 42
2393 107
2394 141
2395 99
2396 118
2397 103
2398 89
2399 139
2400 125
2401 92
2402 124
2403 178
2404 134
2405 138
2406 111
2407 97
2408 101
2409 122
2410 59
2411 100
2412 121
2413 117
2414 116
2415 110
2416 85
2417 57
2418 139
2419 105
2420 63
2421 103
2422 138
2423 142
2424 81
2425 116
2426 82
2427 71
2428 97
2429 107
2430 35
2431 110
2432 116
2433 124
2434 149
2435 107
2436 100
2437 117
2438 91
2439 144
2440 98
2441 151
2442 110
2443 128
2444 111
2445 103
2446 119
2447 131
2448 153
2449 152
2450 149
2451 133
2452 80
2453 107
2454 106
2455 121
2456 94
2457 133
2458 123
2459 100
2460 113
2461 133
2462 112
2463 140
2464 113
2465 168
2466 71
2467 116
2468 100
2469 91
2470 70
2471 115
2472 79
2473 134
2474 109
2475 104
2476 158
2477 116
2478 141
2479 121
2480 105
2481 70
2482 69
2483 102
2484 119
2485 88
2486 101
2487 119
2488 75
2489 109
2490 124
2491 144
2492 111
2493 52
2494 151
2495 106
2496 107
2497 64
2498 117
2499 104
2500 149
2501 126
2502 99
2503 72
2504 109
2505 108
2506 67
2507 156
2508 119
2509 112
2510 115
2511 85
2512 119
2513 76
2514 127
2515 95
2516 116
2517 101
2518 111
2519 122
2520 78
2521 157
2522 130
2523 119
2524 85
2525 101
2526 151
2527 120
2528 105
2529 114
2530 93
2531 90
2532 96
2533 108
2534 94
2535 150
2536 115
2537 113
2538 133
2539 104
2540 142
2541 83
2542 113
2543 122
2544 106
2545 128
2546 118
2547 113
2548 128
2549 104
2550 122
2551 106
2552 99
2553 117
2554 55
2555 113
2556 167
2557 90
2558 92
2559 124
2560 66
2561 144
2562 127
2563 95
2564 103
2565 113
2566 109
2567 143
2568 118
2569 136
2570 113
2571 103
2572 86
2573 117
2574 91
2575 96
2576 93
2577 47
2578 98
2579 95
2580 125
2581 115
2582 124
2583 162
2584 136
2585 119
2586 76
2587 116
2588 89
2589 126
2590 88
2591 128
2592 122
2593 155
2594 53
2595 131
2596 92
2597 133
2598 141
2599 118
2600 121
2601 128
2602 118
2603 118
2604 106
2605 123
2606 98
2607 89
2608 158
2609 78
2610 142
2611 120
2612 132
2613 117
2614 94
2615 198
2616 112
2617 121
2618 85
2619 87
2620 104
2621 113
2622 83
2623 115
2624 78
2625 120
2626 79
2627 83
2628 104
2629 76
2630 146
2631 68
2632 137
2633 117
2634 156
2635 105
2636 151
2637 131
2638 173
2639 146
2640 83
2641 98
2642 142
2643 108
2644 147
2645 106
2646 72
2647 125
2648 83
2649 61
2650 92
2651 127
2652 84
2653 89
2654 119
2655 125
2656 140
2657 133
2658 114
2659 72
2660 105
2661 126
2662 93
2663 73
2664 114
2665 121
2666 80
2667 95
2668 94
2669 129
2670 110
2671 84
2672 124
2673 133
2674 100
2675 111
2676 109
2677 142
2678 128
2679 85
2680 88
2681 110
2682 63
2683 131
2684 120
2685 114
2686 109
2687 132
2688 100
2689 115
2690 89
2691 189
2692 73
2693 68
2694 108
2695 170
2696 147
2697 78
2698 86
2699 126
2700 114
2701 142
2702 111
2703 102
2704 126
2705 123
2706 60
2707 94
2708 124
2709 151
2710 105
2711 114
2712 112
2713 76
2714 143
2715 136
2716 158
2717 117
2718 91
2719 136
2720 95
2721 141
2722 158
2723 128
2724 125
2725 100
2726 96
2727 103
2728 102
2729 113
2730 111
2731 118
2732 92
2733 93
2734 120
2735 116
2736 128
2737 79
2738 173
2739 138
2740 57
2741 90
2742 142
2743 111
2744 97
2745 87
2746 123
2747 115
2748 125
2749 102
2750 140
2751 123
2752 127
2753 140
2754 34
2755 110
2756 108
2757 150
2758 141
2759 64
2760 234
2761 103
2762 61
2763 167
2764 87
2765 98
2766 117
2767 92
2768 81
2769 114
2770 109
2771 113
2772 92
2773 97
2774 92
2775 95
2776 85
2777 115
2778 131
2779 161
2780 146
2781 122
2782 76
2783 133
2784 110
2785 133
2786 150
2787 115
2788 136
2789 150
2790 84
2791 38
2792 141
2793 71
2794 137
2795 106
2796 41
2797 126
2798 161
2799 162
2800 129
2801 143
2802 140
2803 102
2804 129
2805 0
2806 60
2807 148
2808 135
2809 151
2810 113
2811 140
2812 127
2813 86
2814 47
2815 121
2816 109
2817 108
2818 115
2819 106
2820 90
2821 114
2822 108
2823 165
2824 107
2825 143
2826 111
2827 118
2828 116
2829 125
2830 159
2831 90
2832 78
2833 134
2834 115
2835 138
2836 84
2837 95
2838 133
2839 110
2840 86
2841 121
2842 133
2843 93
2844 129
2845 122
2846 74
2847 101
2848 156
2849 121
2850 90
2851 78
2852 36
2853 131
2854 93
2855 110
2856 178
2857 107
2858 95
2859 91
2860 120
2861 95
2862 116
2863 132
2864 99
2865 182
2866 102
2867 124
2868 101
2869 159
2870 128
2871 79
2872 75
2873 57
2874 46
2875 56
2876 108
2877 142
2878 131
2879 76
2880 122
2881 85
2882 171
2883 90
2884 111
2885 102
2886 93
2887 121
2888 128
2889 171
2890 128
2891 87
2892 119
2893 105
2894 72
2895 87
2896 141
2897 113
2898 150
2899 113
2900 115
2901 140
2902 101
2903 96
2904 84
2905 96
2906 89
2907 126
2908 100
2909 149
2910 135
2911 132
2912 104
2913 53
2914 96
2915 120
2916 134
2917 114
2918 78
2919 100
2920 79
2921 133
2922 95
2923 128
2924 124
2925 105
2926 114
2927 103
2928 102
2929 94
2930 165
2931 174
2932 116
2933 135
2934 131
2935 117
2936 137
2937 102
2938 104
2939 99
2940 105
2941 107
2942 117
2943 149
2944 127
2945 131
2946 115
2947 59
2948 65
2949 123
2950 87
2951 108
2952 112
2953 90
2954 117
2955 105
2956 122
2957 155
2958 62
2959 128
2960 121
2961 138
2962 87
2963 91
2964 113
2965 88
2966 98
2967 93
2968 115
2969 130
2970 66
2971 117
2972 98
2973 107
2974 114
2975 132
2976 98
2977 46
2978 111
2979 125
2980 165
2981 121
2982 81
2983 123
2984 160
2985 130
2986 133
2987 140
2988 75
2989 140
2990 98
2991 105
2992 85
2993 108
2994 185
2995 124
2996 65
2997 93
2998 113
2999 142
3000 55
3001 114
3002 111
3003 116
3004 94
3005 115
3006 95
3007 86
3008 60
3009 134
3010 141
3011 156
3012 63
3013 56
3014 115
3015 129
3016 222
3017 106
3018 83
3019 136
3020 143
3021 128
3022 149
3023 152
3024 115
3025 120
3026 108
3027 111
3028 130
3029 54
3030 114
3031 109
3032 76
3033 115
3034 63
3035 22
3036 106
3037 86
3038 118
3039 90
3040 60
3041 121
3042 109
3043 72
3044 107
3045 142
3046 99
3047 151
3048 93
3049 122
3050 189
3051 125
3052 98
3053 122
3054 97
3055 69
3056 108
3057 115
3058 69
3059 140
3060 97
3061 82
3062 126
3063 97
3064 128
3065 127
3066 135
3067 129
3068 119
3069 117
3070 121
3071 102
3072 97
3073 111
3074 112
3075 122
3076 47
3077 100
3078 130
3079 147
3080 131
3081 122
3082 109
3083 130
3084 114
3085 104
3086 106
3087 118
3088 95
3089 115
3090 77
3091 99
3092 106
3093 103
3094 113
3095 104
3096 67
3097 124
3098 126
3099 97
3100 124
3101 126
3102 232
3103 91
3104 97
3105 118
3106 119
3107 73
3108 65
3109 94
3110 105
3111 109
3112 130
3113 107
3114 117
3115 114
3116 121
3117 65
3118 102
3119 114
3120 116
3121 111
3122 106
3123 146
3124 119
3125 109
3126 81
3127 121
3128 135
3129 136
3130 97
3131 101
3132 66
3133 106
3134 105
3135 134
3136 100
3137 110
3138 158
3139 90
3140 113
3141 146
3142 168
3143 107
3144 117
3145 106
3146 100
3147 76
3148 153
3149 91
3150 107
3151 166
3152 70
3153 95
3154 115
3155 127
3156 108
3157 123
3158 116
3159 130
3160 79
3161 116
3162 88
3163 112
3164 61
3165 122
3166 63
3167 115
3168 91
3169 118
3170 163
3171 87
3172 134
3173 95
3174 118
3175 125
3176 7
3177 80
3178 106
3179 100
3180 132
3181 91
3182 130
3183 64
3184 110
3185 103
3186 128
3187 122
3188 118
3189 92
3190 149
3191 131
3192 97
3193 113
3194 104
3195 105
3196 111
3197 126
3198 94
3199 99
3200 116
3201 103
3202 111
3203 116
3204 102
3205 100
3206 135
3207 134
3208 59
3209 91
3210 72
3211 115
3212 81
3213 100
3214 114
3215 151
3216 86
3217 122
3218 62
3219 105
3220 127
3221 137
3222 115
3223 97
3224 146
3225 149
3226 107
3227 127
3228 158
3229 102
3230 116
3231 139
3232 123
3233 103
3234 96
3235 119
3236 84
3237 143
3238 107
3239 108
3240 118
3241 80
3242 193
3243 68
3244 114
3245 81
3246 126
3247 89
3248 110
3249 113
3250 134
3251 95
3252 86
3253 188
3254 110
3255 121
3256 54
3257 86
3258 116
3259 141
3260 143
3261 152
3262 126
3263 133
3264 104
3265 105
3266 110
3267 113
3268 133
3269 114
3270 96
3271 54
3272 114
3273 123
3274 98
3275 107
3276 84
3277 130
3278 102
3279 139
3280 121
3281 120
3282 92
3283 112
3284 123
3285 113
3286 131
3287 105
3288 115
3289 85
3290 149
3291 108
3292 118
3293 112
3294 99
3295 119
3296 100
3297 105
3298 121
3299 144
3300 108
3301 58
3302 102
3303 167
3304 71
3305 69
3306 100
3307 117
3308 85
3309 125
3310 112
3311 136
3312 105
3313 139
3314 130
3315 83
3316 111
3317 152
3318 77
3319 134
3320 98
3321 109
3322 126
3323 109
3324 101
3325 132
3326 121
3327 125
3328 49
3329 99
3330 143
3331 122
3332 141
3333 122
3334 116
3335 109
3336 64
3337 138
3338 124
3339 131
3340 58
3341 134
3342 131
3343 66
3344 152
3345 128
3346 36
3347 107
3348 37
3349 117
3350 141
3351 72
3352 105
3353 118
3354 109
3355 107
3356 134
3357 133
3358 145
3359 84
3360 102
3361 110
3362 123
3363 127
3364 68
3365 57
3366 86
3367 136
3368 117
3369 100
3370 93
3371 76
3372 104
3373 84
3374 120
3375 118
3376 101
3377 90
3378 89
3379 95
3380 106
3381 122
3382 96
3383 129
3384 155
3385 113
3386 104
3387 36
3388 0
3389 137
3390 149
3391 49
3392 104
3393 86
3394 136
3395 114
3396 121
3397 75
3398 129
3399 86
3400 135
3401 133
3402 124
3403 98
3404 87
3405 78
3406 62
3407 108
3408 120
3409 122
3410 116
3411 141
3412 103
3413 108
3414 178
3415 83
3416 79
3417 76
3418 112
3419 111
3420 68
3421 117
3422 127
3423 120
3424 87
3425 116
3426 92
3427 164
3428 60
3429 110
3430 103
3431 101
3432 109
3433 124
3434 120
3435 64
3436 128
3437 172
3438 143
3439 103
3440 113
3441 95
3442 176
3443 95
3444 94
3445 127
3446 79
3447 125
3448 110
3449 150
3450 124
3451 122
3452 122
3453 130
3454 134
3455 107
3456 87
3457 87
3458 175
3459 100
3460 112
3461 112
3462 64
3463 140
3464 97
3465 95
3466 76
3467 133
3468 81
3469 116
3470 143
3471 114
3472 159
3473 82
3474 108
3475 97
3476 97
3477 141
3478 69
3479 93
3480 97
3481 84
3482 102
3483 122
3484 95
3485 95
3486 118
3487 88
3488 134
3489 122
3490 103
3491 133
3492 128
3493 105
3494 101
3495 105
3496 104
3497 98
3498 118
3499 137
3500 114
3501 101
3502 63
3503 114
3504 105
3505 80
3506 91
3507 143
3508 121
3509 83
3510 151
3511 107
3512 98
3513 89
3514 121
3515 128
3516 92
3517 174
3518 92
3519 132
3520 92
3521 102
3522 106
3523 117
3524 85
3525 125
3526 82
3527 114
3528 125
3529 94
3530 126
3531 101
3532 100
3533 91
3534 82
3535 121
3536 126
3537 117
3538 155
3539 102
3540 114
3541 73
3542 127
3543 123
3544 93
3545 114
3546 150
3547 86
3548 94
3549 96
3550 112
3551 309
3552 160
3553 96
3554 88
3555 115
3556 84
3557 107
3558 114
3559 143
3560 63
3561 146
3562 62
3563 44
3564 89
3565 83
3566 88
3567 119
3568 113
3569 124
3570 124
3571 106
3572 151
3573 90
3574 112
3575 80
3576 106
3577 121
3578 140
3579 82
3580 92
3581 132
3582 123
3583 93
3584 87
3585 108
3586 137
3587 147
3588 95
3589 111
3590 102
3591 98
3592 137
3593 119
3594 95
3595 127
3596 130
3597 139
3598 147
3599 113
3600 81
3601 128
3602 145
3603 117
3604 106
3605 139
3606 98
3607 143
3608 76
3609 69
3610 138
3611 100
3612 125
3613 116
3614 62
3615 90
3616 107
3617 90
3618 123
3619 128
3620 124
3621 93
3622 63
3623 28
3624 106
3625 136
3626 114
3627 155
3628 109
3629 102
3630 131
3631 91
3632 94
3633 116
3634 127
3635 128
3636 116
3637 77
3638 84
3639 104
3640 124
3641 96
3642 121
3643 79
3644 104
3645 142
3646 62
3647 137
3648 98
3649 116
3650 93
3651 120
3652 116
3653 144
3654 85
3655 130
3656 148
3657 135
3658 83
3659 114
3660 109
3661 128
3662 124
3663 126
3664 142
3665 118
3666 115
3667 54
3668 91
3669 111
3670 104
3671 120
3672 67
3673 54
3674 128
3675 151
3676 73
3677 126
3678 123
3679 140
3680 109
3681 121
3682 105
3683 102
3684 86
3685 116
3686 90
3687 106
3688 136
3689 113
3690 127
3691 122
3692 175
3693 132
3694 121
3695 108
3696 117
3697 111
3698 144
3699 91
3700 158
3701 130
3702 120
3703 119
3704 123
3705 82
3706 129
3707 122
3708 147
3709 78
3710 118
3711 93
3712 55
3713 92
3714 129
3715 116
3716 83
3717 72
3718 115
3719 137
3720 79
3721 96
3722 114
3723 56
3724 104
3725 119
3726 124
3727 89
3728 116
3729 123
3730 114
3731 94
3732 91
3733 134
3734 137
3735 70
3736 105
3737 104
3738 86
3739 134
3740 138
3741 156
3742 102
3743 125
3744 180
3745 61
3746 97
3747 100
3748 97
3749 101
3750 113
3751 113
3752 149
3753 179
3754 128
3755 113
3756 122
3757 119
3758 91
3759 156
3760 98
3761 128
3762 133
3763 55
3764 82
3765 97
3766 131
3767 101
3768 114
3769 135
3770 77
3771 102
3772 119
3773 113
3774 90
3775 100
3776 104
3777 109
3778 120
3779 109
3780 88
3781 146
3782 113
3783 119
3784 30
3785 107
3786 131
3787 121
3788 113
3789 141
3790 122
3791 141
3792 88
3793 94
3794 135
3795 104
3796 109
3797 130
3798 92
3799 119
3800 119
3801 93
3802 190
3803 101
3804 87
3805 88
3806 109
3807 69
3808 163
3809 127
3810 110
3811 139
3812 145
3813 91
3814 119
3815 77
3816 126
3817 91
3818 99
3819 106
3820 150
3821 91
3822 106
3823 102
3824 141
3825 113
3826 125
3827 163
3828 120
3829 68
3830 65
3831 101
3832 153
3833 114
3834 150
3835 121
3836 126
3837 104
3838 118
3839 57
3840 95
3841 101
3842 141
3843 118
3844 86
3845 74
3846 166
3847 73
3848 104
3849 114
3850 152
3851 111
3852 91
3853 136
3854 162
3855 113
3856 102
3857 121
3858 158
3859 98
3860 103
3861 96
3862 104
3863 137
3864 43
3865 70
3866 118
3867 107
3868 133
3869 106
3870 97
3871 158
3872 123
3873 124
3874 150
3875 92
3876 143
3877 128
3878 95
3879 123
3880 118
3881 90
3882 33
3883 121
3884 110
3885 116
3886 123
3887 93
3888 43
3889 98
3890 112
3891 127
3892 87
3893 94
3894 104
3895 73
3896 108
3897 114
3898 105
3899 86
3900 128
3901 61
3902 127
3903 81
3904 117
3905 144
3906 66
3907 107
3908 136
3909 117
3910 76
3911 104
3912 143
3913 103
3914 144
3915 73
3916 90
3917 127
3918 107
3919 91
3920 107
3921 124
3922 130
3923 103
3924 113
3925 126
3926 103
3927 99
3928 139
3929 134
3930 116
3931 107
3932 101
3933 97
3934 118
3935 83
3936 149
3937 110
3938 141
3939 104
3940 101
3941 162
3942 127
3943 134
3944 80
3945 55
3946 102
3947 159
3948 123
3949 133
3950 121
3951 143
3952 123
3953 84
3954 104
3955 123
3956 126
3957 61
3958 97
3959 129
3960 48
3961 104
3962 136
3963 137
3964 180
3965 89
3966 116
3967 92
3968 131
3969 123
3970 128
3971 126
3972 121
3973 122
3974 112
3975 125
3976 110
3977 131
3978 91
3979 98
3980 84
3981 99
3982 147
3983 48
3984 86
3985 120
3986 110
3987 107
3988 110
3989 115
3990 112
3991 172
3992 128
3993 90
3994 115
3995 168
3996 104
3997 100
3998 111
3999 103
4000 86
4001 59
4002 84
4003 65
4004 85
4005 103
4006 122
4007 87
4008 135
4009 123
4010 110
4011 97
4012 113
4013 104
4014 85
4015 123
4016 113
4017 72
4018 157
4019 108
4020 91
4021 95
4022 117
4023 141
4024 135
4025 109
4026 105
4027 167
4028 133
4029 138
4030 82
4031 83
4032 114
4033 77
4034 142
4035 58
4036 124
4037 196
4038 110
4039 111
4040 98
4041 135
4042 94
4043 60
4044 106
4045 0
4046 112
4047 94
4048 120
4049 124
4050 103
4051 131
4052 184
4053 71
4054 102
4055 113
4056 111
4057 162
4058 110
4059 121
4060 94
4061 109
4062 72
4063 124
4064 120
4065 154
4066 175
4067 77
4068 82
4069 112
4070 101
4071 115
4072 104
4073 141
4074 96
4075 105
4076 106
4077 98
4078 78
4079 125
4080 115
4081 60
4082 102
4083 101
4084 115
4085 139
4086 118
4087 91
4088 98
4089 108
4090 143
4091 113
4092 96
4093 92
4094 115
4095 98
4096 104
4097 108
4098 134
4099 103
4100 119
4101 123
4102 92
4103 111
4104 114
4105 103
4106 132
4107 140
4108 131
4109 106
4110 128
4111 69
4112 87
4113 133
4114 108
4115 134
4116 108
4117 126
4118 80
4119 124
4120 42
4121 110
4122 134
4123 147
4124 96
4125 138
4126 143
4127 58
4128 115
4129 108
4130 113
4131 131
4132 91
4133 65
4134 116
4135 131
4136 83
4137 183
4138 151
4139 131
4140 127
4141 113
4142 204
4143 48
4144 117
4145 77
4146 124
4147 114
4148 118
4149 106
4150 130
4151 170
4152 78
4153 129
4154 116
4155 90
4156 105
4157 100
4158 100
4159 114
4160 64
4161 124
4162 114
4163 45
4164 129
4165 101
4166 126
4167 105
4168 145
4169 167
4170 179
4171 97
4172 102
4173 124
4174 119
4175 92
4176 163
4177 103
4178 136
4179 84
4180 144
4181 122
4182 129
4183 85
4184 99
4185 103
4186 150
4187 77
4188 135
4189 121
4190 156
4191 100
4192 114
4193 70
4194 82
4195 73
4196 108
4197 54
4198 96
4199 112
4200 78
4201 88
4202 127
4203 143
4204 119
4205 163
4206 154
4207 135
4208 68
4209 159
4210 96
4211 145
4212 86
4213 117
4214 125
4215 142
4216 136
4217 102
4218 126
4219 126
4220 129
4221 90
4222 147
4223 113
4224 85
4225 133
4226 86
4227 115
4228 112
4229 122
4230 118
4231 88
4232 109
4233 95
4234 112
4235 96
4236 112
4237 106
4238 126
4239 125
4240 106
4241 122
4242 119
4243 122
4244 133
4245 52
4246 109
4247 132
4248 130
4249 101
4250 116
4251 93
4252 97
4253 86
4254 134
4255 167
4256 109
4257 110
4258 119
4259 120
4260 100
4261 129
4262 87
4263 115
4264 92
4265 117
4266 90
4267 88
4268 106
4269 124
4270 127
4271 174
4272 102
4273 99
4274 110
4275 114
4276 145
4277 105
4278 109
4279 60
4280 101
4281 112
4282 129
4283 84
4284 80
4285 99
4286 85
4287 133
4288 104
4289 148
4290 126
4291 99
4292 118
4293 126
4294 121
4295 126
4296 144
4297 135
4298 71
4299 75
4300 67
4301 88
4302 134
4303 63
4304 113
4305 109
4306 119
4307 91
4308 151
4309 72
4310 133
4311 86
4312 98
4313 107
4314 109
4315 136
4316 114
4317 115
4318 105
4319 90
4320 124
4321 103
4322 142
4323 89
4324 105
4325 120
4326 0
4327 98
4328 171
4329 108
4330 106
4331 126
4332 118
4333 127
4334 61
4335 111
4336 94
4337 93
4338 149
4339 125
4340 100
4341 97
4342 140
4343 119
4344 90
4345 132
4346 125
4347 88
4348 107
4349 88
4350 103
4351 110
4352 75
4353 73
4354 121
4355 104
4356 108
4357 105
4358 109
4359 159
4360 95
4361 102
4362 127
4363 128
4364 77
4365 104
4366 160
4367 91
4368 118
4369 100
4370 129
4371 139
4372 148
4373 206
4374 67
4375 107
4376 107
4377 93
4378 107
4379 110
4380 165
4381 125
4382 132
4383 98
4384 115
4385 89
4386 171
4387 121
4388 156
4389 135
4390 124
4391 84
4392 126
4393 135
4394 131
4395 80
4396 100
4397 162
4398 83
4399 77
4400 162
4401 104
4402 14
4403 135
4404 105
4405 148
4406 100
4407 108
4408 95
4409 102
4410 122
4411 133
4412 94
4413 101
4414 117
4415 126
4416 64
4417 78
4418 109
4419 151
4420 84
4421 115
4422 100
4423 90
4424 157
4425 100
4426 118
4427 145
4428 41
4429 94
4430 136
4431 99
4432 109
4433 73
4434 95
4435 120
4436 124
4437 129
4438 147
4439 89
4440 88
4441 169
4442 143
4443 110
4444 82
4445 92
4446 95
4447 124
4448 136
4449 159
4450 118
4451 119
4452 148
4453 188
4454 106
4455 145
4456 122
4457 105
4458 90
4459 98
4460 133
4461 151
4462 98
4463 107
4464 50
4465 81
4466 88
4467 110
4468 85
4469 106
4470 122
4471 99
4472 139
4473 118
4474 167
4475 116
4476 81
4477 114
4478 96
4479 140
4480 84
4481 80
4482 123
4483 160
4484 117
4485 69
4486 123
4487 133
4488 78
4489 113
4490 115
4491 148
4492 114
4493 129
4494 121
4495 118
4496 106
4497 62
4498 115
4499 106
4500 113
4501 83
4502 125
4503 90
4504 115
4505 87
4506 101
4507 114
4508 79
4509 128
4510 101
4511 98
4512 133
4513 165
4514 121
4515 107
4516 132
4517 117
4518 110
4519 127
4520 100
4521 37
4522 117
4523 130
4524 83
4525 96
4526 121
4527 94
4528 137
4529 114
4530 145
4531 90
4532 106
4533 110
4534 113
4535 126
4536 68
4537 111
4538 128
4539 85
4540 81
4541 94
4542 84
4543 56
4544 144
4545 93
4546 101
4547 110
4548 93
4549 94
4550 112
4551 64
4552 118
4553 86
4554 67
4555 126
4556 79
4557 119
4558 97
4559 32
4560 123
4561 112
4562 123
4563 116
4564 134
4565 170
4566 64
4567 103
4568 146
4569 108
4570 124
4571 197
4572 150
4573 114
4574 75
4575 85
4576 128
4577 121
4578 113
4579 137
4580 139
4581 115
4582 109
4583 128
4584 86
4585 123
4586 93
4587 110
4588 124
4589 114
4590 80
4591 122
4592 103
4593 157
4594 74
4595 98
4596 136
4597 122
4598 92
4599 92
4600 79
4601 57
4602 74
4603 135
4604 135
4605 107
4606 96
4607 115
4608 114
4609 107
4610 116
4611 137
4612 107
4613 100
4614 128
4615 125
4616 130
4617 128
4618 135
4619 67
4620 104
4621 63
4622 74
4623 105
4624 82
4625 102
4626 116
4627 109
4628 145
4629 171
4630 113
4631 121
4632 159
4633 69
4634 89
4635 173
4636 45
4637 130
4638 123
4639 76
4640 130
4641 145
4642 128
4643 114
4644 76
4645 128
4646 197
4647 135
4648 89
4649 157
4650 119
4651 81
4652 101
4653 129
4654 79
4655 112
4656 56
4657 64
4658 106
4659 103
4660 131
4661 131
4662 120
4663 106
4664 105
4665 120
4666 134
4667 116
4668 108
4669 127
4670 70
4671 147
4672 128
4673 113
4674 139
4675 127
4676 128
4677 157
4678 0
4679 107
4680 132
4681 154
4682 111
4683 80
4684 131
4685 81
4686 94
4687 94
4688 108
4689 149
4690 122
4691 122
4692 136
4693 118
4694 146
4695 167
4696 110
4697 121
4698 108
4699 147
4700 168
4701 140
4702 120
4703 114
4704 110
4705 66
4706 95
4707 116
4708 143
4709 115
4710 96
4711 93
4712 99
4713 59
4714 98
4715 91
4716 70
4717 124
4718 118
4719 89
4720 118
4721 121
4722 96
4723 136
4724 127
4725 124
4726 117
4727 119
4728 102
4729 73
4730 130
4731 116
4732 126
4733 124
4734 106
4735 81
4736 117
4737 170
4738 117
4739 92
4740 113
4741 99
4742 91
4743 149
4744 125
4745 97
4746 131
4747 135
4748 58
4749 89
4750 113
4751 74
4752 132
4753 110
4754 125
4755 147
4756 88
4757 91
4758 78
4759 100
4760 140
4761 139
4762 128
4763 64
4764 85
4765 53
4766 114
4767 113
4768 133
4769 121
4770 155
4771 136
4772 111
4773 99
4774 125
4775 123
4776 153
4777 134
4778 95
4779 129
4780 98
4781 113
4782 146
4783 101
4784 77
4785 126
4786 104
4787 79
4788 46
4789 129
4790 110
4791 97
4792 106
4793 111
4794 116
4795 116
4796 121
4797 118
4798 94
4799 93
4800 113
4801 149
4802 78
4803 111
4804 87
4805 115
4806 116
4807 136
4808 86
4809 73
4810 90
4811 87
4812 131
4813 114
4814 131
4815 92
4816 121
4817 121
4818 98
4819 178
4820 120
4821 153
4822 83
4823 131
4824 95
4825 88
4826 84
4827 92
4828 105
4829 93
4830 123
4831 88
4832 131
4833 160
4834 129
4835 129
4836 104
4837 108
4838 129
4839 119
4840 100
4841 123
4842 105
4843 98
4844 171
4845 172
4846 151
4847 132
4848 154
4849 133
4850 109
4851 104
4852 114
4853 95
4854 56
4855 109
4856 118
4857 112
4858 87
4859 87
4860 80
4861 112
4862 104
4863 128
4864 120
4865 151
4866 93
4867 157
4868 104
4869 108
4870 116
4871 134
4872 81
4873 110
4874 97
4875 127
4876 79
4877 94
4878 118
4879 90
4880 103
4881 115
4882 135
4883 125
4884 74
4885 102
4886 101
4887 215
4888 155
4889 103
4890 104
4891 91
4892 124
4893 146
4894 136
4895 110
4896 83
4897 156
4898 114
4899 150
4900 83
4901 99
4902 141
4903 113
4904 127
4905 125
4906 111
4907 154
4908 102
4909 94
4910 119
4911 112
4912 123
4913 115
4914 132
4915 101
4916 106
4917 119
4918 159
4919 91
4920 134
4921 118
4922 128
4923 139
4924 141
4925 101
4926 103
4927 103
4928 123
4929 79
4930 197
4931 67
4932 114
4933 110
4934 83
4935 125
4936 105
4937 139
4938 126
4939 108
4940 64
4941 110
4942 169
4943 118
4944 140
4945 81
4946 87
4947 91
4948 105
4949 109
4950 56
4951 119
4952 78
4953 127
4954 108
4955 78
4956 108
4957 155
4958 110
4959 133
4960 112
4961 109
4962 117
4963 136
4964 93
4965 106
4966 105
4967 106
4968 108
4969 120
4970 84
4971 79
4972 87
4973 106
4974 121
4975 87
4976 117
4977 146
4978 111
4979 117
4980 115
4981 151
4982 98
4983 145
4984 81
4985 119
4986 116
4987 103
4988 87
4989 121
4990 90
4991 61
4992 106
4993 121
4994 97
4995 113
4996 159
4997 73
4998 133
4999 129
5000 99
5001 106
5002 134
5003 98
5004 89
5005 120
5006 127
5007 69
5008 115
5009 99
5010 117
5011 134
5012 94
5013 97
5014 148
5015 89
5016 99
5017 119
5018 121
5019 107
5020 117
5021 65
5022 101
5023 128
5024 98
5025 108
5026 133
5027 154
5028 79
5029 83
5030 111
5031 116
5032 126
5033 99
5034 124
5035 140
5036 106
5037 93
5038 95
5039 107
5040 100
5041 77
5042 108
5043 125
5044 100
5045 89
5046 88
5047 96
5048 159
5049 133
5050 61
5051 83
5052 158
5053 123
5054 122
5055 129
5056 87
5057 96
5058 114
5059 115
5060 20
5061 113
5062 100
5063 102
5064 93
5065 101
5066 132
5067 97
5068 131
5069 105
5070 84
5071 148
5072 78
5073 97
5074 63
5075 103
5076 76
5077 188
5078 66
5079 138
5080 73
5081 193
5082 128
5083 79
5084 124
5085 99
5086 99
5087 126
5088 99
5089 93
5090 161
5091 67
5092 106
5093 140
5094 180
5095 91
5096 87
5097 149
5098 107
5099 114
5100 117
5101 114
5102 111
5103 55
5104 104
5105 62
5106 99
5107 104
5108 114
5109 149
5110 111
5111 66
5112 89
5113 89
5114 138
5115 122
5116 67
5117 137
5118 75
5119 160
5120 142
5121 71
5122 178
5123 111
5124 148
5125 127
5126 113
5127 86
5128 88
5129 88
5130 137
5131 114
5132 130
5133 84
5134 149
5135 108
5136 128
5137 139
5138 86
5139 98
5140 156
5141 111
5142 108
5143 141
5144 130
5145 148
5146 111
5147 54
5148 74
5149 84
5150 136
5151 146
5152 134
5153 79
5154 130
5155 132
5156 116
5157 97
5158 103
5159 117
5160 105
5161 116
5162 102
5163 113
5164 102
5165 99
5166 70
5167 121
5168 99
5169 101
5170 143
5171 142
5172 127
5173 123
5174 123
5175 131
5176 106
5177 67
5178 129
5179 60
5180 128
5181 131
5182 124
5183 97
5184 76
5185 96
5186 118
5187 72
5188 112
5189 153
5190 130
5191 92
5192 92
5193 99
5194 103
5195 132
5196 140
5197 106
5198 97
5199 142
