Vertices: 1500
Edges: 10500
Time: 0,549 ms
Iterations: 10493
Vertex Distance
0 0
1 115
2 88
3 79
4 92
5 120
6 121
7 89
8 61
9 77
10 88
11 162
12 135
13 109
14 90
15 111
16 84
17 113
18 61
19 101
20 65
21 88
22 109
23 70
24 93
25 107
26 114
27 98
28 82
29 128
30 64
31 128
32 108
33 100
34 94
35 96
36 91
37 138
38 93
39 70
40 103
41 133
42 63
43 96
44 53
45 106
46 86
47 92
48 117
49 46
50 119
51 116
52 85
53 62
54 81
55 123
56 92
57 101
58 93
59 58
60 105
61 116
62 63
63 137
64 105
65 90
66 96
67 116
68 92
69 70
70 104
71 89
72 77
73 134
74 92
75 227
76 44
77 73
78 92
79 79
80 116
81 93
82 94
83 80
84 76
85 102
86 104
87 180
88 93
89 59
90 39
91 44
92 97
93 150
94 91
95 69
96 122
97 129
98 68
99 151
100 51
101 90
102 72
103 103
104 95
105 91
106 97
107 108
108 70
109 74
110 133
111 95
112 101
113 82
114 83
115 96
116 112
117 100
118 106
119 117
120 116
121 112
122 96
123 105
124 101
125 113
126 129
127 70
128 158
129 67
130 136
131 69
132 63
133 76
134 91
135 97
136 105
137 73
138 95
139 135
140 116
141 103
142 102
143 118
144 130
145 114
146 90
147 93
148 107
149 125
150 65
151 110
152 123
153 85
154 88
155 76
156 112
157 114
158 98
159 111
160 84
161 95
162 145
163 104
164 113
165 74
166 78
167 126
168 76
169 75
170 127
171 57
172 129
173 68
174 113
175 72
176 135
177 107
178 74
179 87
180 101
181 87
182 85
183 78
184 48
185 118
186 82
187 94
188 88
189 82
190 122
191 87
192 133
193 98
194 93
195 70
196 25
197 79
198 67
199 80
200 107
201 95
202 89
203 99
204 123
205 127
206 114
207 87
208 100
209 117
210 111
211 79
212 85
213 113
214 68
215 143
216 65
217 119
218 125
219 62
220 71
221 66
222 83
223 110
224 84
225 93
226 130
227 83
228 74
229 140
230 78
231 87
232 48
233 107
234 91
235 85
236 121
237 128
238 95
239 103
240 87
241 94
242 93
243 76
244 60
245 122
246 95
247 126
248 98
249 105
250 79
251 85
252 103
253 108
254 119
255 46
256 85
257 97
258 128
259 65
260 164
261 110
262 38
263 103
264 110
265 98
266 71
267 105
268 98
269 75
270 111
271 124
272 113
273 132
274 133
275 88
276 100
277 87
278 117
279 38
280 120
281 105
282 95
283 96
284 1
285 84
286 121
287 155
288 66
289 103
290 67
291 74
292 91
293 68
294 166
295 90
296 101
297 100
298 138
299 73
300 117
301 70
302 95
303 111
304 66
305 91
306 127
307 106
308 127
309 109
310 119
311 101
312 93
313 99
314 141
315 117
316 91
317 114
318 94
319 121
320 129
321 86
322 146
323 123
324 65
325 115
326 86
327 92
328 61
329 134
330 91
331 119
332 91
333 77
334 27
335 93
336 52
337 106
338 99
339 84
340 99
341 64
342 113
343 93
344 115
345 133
346 150
347 82
348 117
349 107
350 83
351 56
352 64
353 77
354 78
355 117
356 100
357 99
358 85
359 68
360 121
361 100
362 108
363 87
364 97
365 94
366 85
367 102
368 82
369 117
370 77
371 104
372 179
373 87
374 114
375 108
376 147
377 101
378 118
379 91
380 119
381 130
382 91
383 75
384 70
385 129
386 94
387 117
388 101
389 95
390 140
391 86
392 81
393 126
394 106
395 142
396 112
397 183
398 82
399 100
400 50
401 79
402 97
403 111
404 119
405 65
406 59
407 80
408 56
409 82
410 109
411 162
412 130
413 103
414 98
415 90
416 104
417 84
418 72
419 75
420 99
421 90
422 115
423 102
424 62
425 112
426 98
427 50
428 145
429 74
430 95
431 103
432 64
433 93
434 104
435 123
436 94
437 107
438 80
439 123
440 107
441 87
442 93
443 100
444 153
445 70
446 132
447 91
448 116
449 70
450 81
451 101
452 60
453 135
454 65
455 80
456 91
457 59
458 94
459 76
460 85
461 66
462 118
463 91
464 80
465 156
466 104
467 90
468 55
469 64
470 150
471 59
472 118
473 83
474 79
475 109
476 111
477 136
478 86
479 111
480 95
481 44
482 88
483 118
484 132
485 91
486 55
487 86
488 62
489 81
490 77
491 48
492 110
493 120
494 106
495 105
496 30
497 74
498 132
499 113
500 112
501 73
502 102
503 125
504 73
505 108
506 45
507 77
508 116
509 54
510 129
511 108
512 82
513 79
514 105
515 107
516 115
517 90
518 105
519 112
520 147
521 111
522 91
523 141
524 137
525 127
526 47
527 100
528 66
529 125
530 48
531 104
532 106
533 116
534 92
535 84
536 130
537 106
538 105
539 76
540 77
541 148
542 43
543 121
544 93
545 119
546 130
547 130
548 119
549 121
550 82
551 108
552 136
553 134
554 114
555 127
556 113
557 45
558 63
559 127
560 110
561 118
562 116
563 116
564 105
565 134
566 155
567 88
568 81
569 80
570 97
571 91
572 108
573 92
574 122
575 93
576 67
577 131
578 72
579 127
580 85
581 70
582 114
583 72
584 89
585 106
586 53
587 127
588 98
589 89
590 76
591 119
592 130
593 106
594 105
595 111
596 64
597 33
598 138
599 70
600 94
601 91
602 73
603 103
604 102
605 93
606 112
607 86
608 116
609 103
610 72
611 111
612 111
613 103
614 112
615 65
616 78
617 97
618 116
619 136
620 102
621 105
622 83
623 120
624 96
625 86
626 122
627 104
628 104
629 58
630 105
631 100
632 94
633 100
634 105
635 66
636 87
637 104
638 124
639 75
640 81
641 97
642 112
643 80
644 113
645 82
646 76
647 78
648 103
649 83
650 78
651 102
652 97
653 103
654 99
655 97
656 146
657 120
658 125
659 102
660 79
661 65
662 47
663 98
664 91
665 78
666 141
667 140
668 95
669 95
670 85
671 135
672 82
673 111
674 87
675 67
676 87
677 107
678 102
679 57
680 73
681 110
682 97
683 102
684 78
685 105
686 107
687 92
688 101
689 112
690 66
691 78
692 84
693 108
694 92
695 80
696 140
697 86
698 159
699 49
700 77
701 152
702 114
703 64
704 109
705 102
706 84
707 112
708 54
709 79
710 62
711 124
712 65
713 33
714 61
715 123
716 153
717 86
718 122
719 83
720 32
721 103
722 100
723 133
724 95
725 78
726 94
727 53
728 122
729 107
730 89
731 99
732 123
733 51
734 100
735 90
736 71
737 44
738 104
739 95
740 94
741 68
742 70
743 129
744 94
745 102
746 68
747 120
748 85
749 51
750 110
751 84
752 68
753 110
754 79
755 97
756 107
757 93
758 112
759 77
760 105
761 91
762 78
763 108
764 51
765 119
766 72
767 109
768 106
769 91
770 143
771 58
772 71
773 86
774 93
775 83
776 119
777 65
778 102
779 98
780 74
781 85
782 96
783 101
784 55
785 51
786 38
787 90
788 82
789 115
790 93
791 141
792 115
793 131
794 115
795 105
796 111
797 92
798 132
799 80
800 99
801 88
802 107
803 87
804 143
805 81
806 57
807 116
808 59
809 101
810 70
811 129
812 120
813 90
814 75
815 86
816 83
817 103
818 117
819 108
820 92
821 140
822 63
823 98
824 97
825 117
826 128
827 91
828 81
829 125
830 33
831 74
832 184
833 120
834 75
835 119
836 89
837 115
838 86
839 127
840 151
841 107
842 42
843 88
844 127
845 85
846 113
847 27
848 128
849 122
850 87
851 70
852 97
853 88
854 89
855 80
856 22
857 114
858 94
859 107
860 120
861 106
862 168
863 123
864 155
865 106
866 101
867 90
868 107
869 80
870 115
871 67
872 106
873 108
874 111
875 60
876 70
877 58
878 109
879 118
880 135
881 97
882 122
883 57
884 109
885 109
886 120
887 95
888 121
889 123
890 49
891 94
892 82
893 103
894 113
895 127
896 115
897 75
898 61
899 125
900 90
901 109
902 114
903 64
904 73
905 82
906 99
907 106
908 51
909 93
910 144
911 138
912 103
913 133
914 101
915 110
916 112
917 97
918 91
919 93
920 71
921 64
922 96
923 64
924 64
925 82
926 199
927 100
928 120
929 20
930 28
931 142
932 75
933 60
934 108
935 95
936 101
937 55
938 95
939 103
940 83
941 100
942 61
943 135
944 131
945 67
946 99
947 76
948 122
949 94
950 73
951 82
952 88
953 76
954 122
955 89
956 132
957 106
958 82
959 55
960 40
961 133
962 78
963 99
964 66
965 101
966 80
967 87
968 84
969 68
970 97
971 131
972 104
973 94
974 61
975 88
976 84
977 81
978 123
979 80
980 70
981 78
982 107
983 105
984 91
985 136
986 73
987 93
988 126
989 75
990 112
991 80
992 79
993 117
994 109
995 125
996 121
997 132
998 149
999 91
1000 103
1001 85
1002 112
1003 65
1004 87
1005 83
1006 91
1007 82
1008 87
1009 122
1010 86
1011 101
1012 78
1013 100
1014 126
1015 116
1016 126
1017 90
1018 90
1019 100
1020 122
1021 113
1022 139
1023 135
1024 110
1025 98
1026 100
1027 126
1028 98
1029 114
1030 95
1031 116
1032 78
1033 75
1034 102
1035 105
1036 124
1037 140
1038 93
1039 103
1040 76
1041 104
1042 108
1043 97
1044 62
1045 93
1046 85
1047 78
1048 114
1049 81
1050 105
1051 129
1052 75
1053 81
1054 117
1055 85
1056 117
1057 93
1058 94
1059 98
1060 93
1061 122
1062 105
1063 87
1064 88
1065 116
1066 107
1067 123
1068 101
1069 137
1070 34
1071 107
1072 86
1073 67
1074 124
1075 122
1076 102
1077 122
1078 107
1079 73
1080 89
1081 99
1082 97
1083 64
1084 92
1085 121
1086 65
1087 76
1088 76
1089 41
1090 113
1091 66
1092 99
1093 108
1094 53
1095 48
1096 42
1097 59
1098 74
1099 77
1100 86
1101 134
1102 112
1103 119
1104 118
1105 92
1106 88
1107 150
1108 76
1109 146
1110 144
1111 83
1112 79
1113 117
1114 120
1115 59
1116 99
1117 61
1118 138
1119 76
1120 93
1121 92
1122 82
1123 108
1124 95
1125 123
1126 99
1127 103
1128 52
1129 121
1130 106
1131 64
1132 58
1133 115
1134 84
1135 110
1136 115
1137 91
1138 90
1139 61
1140 101
1141 132
1142 70
1143 94
1144 92
1145 49
1146 87
1147 94
1148 58
1149 107
1150 66
1151 96
1152 116
1153 132
1154 78
1155 99
1156 138
1157 58
1158 108
1159 96
1160 113
1161 82
1162 60
1163 90
1164 94
1165 112
1166 74
1167 122
1168 89
1169 36
1170 101
1171 135
1172 95
1173 86
1174 116
1175 72
1176 100
1177 96
1178 110
1179 134
1180 136
1181 114
1182 112
1183 103
1184 73
1185 100
1186 92
1187 46
1188 120
1189 100
1190 93
1191 79
1192 58
1193 121
1194 46
1195 103
1196 107
1197 83
1198 126
1199 109
1200 80
1201 56
1202 75
1203 100
1204 99
1205 141
1206 75
1207 124
1208 98
1209 101
1210 70
1211 125
1212 117
1213 117
1214 59
1215 131
1216 117
1217 61
1218 78
1219 115
1220 43
1221 99
1222 106
1223 100
1224 130
1225 150
1226 126
1227 90
1228 106
1229 95
1230 83
1231 83
1232 93
1233 122
1234 102
1235 129
1236 61
1237 71
1238 107
1239 99
1240 98
1241 72
1242 112
1243 23
1244 117
1245 90
1246 104
1247 96
1248 97
1249 86
1250 173
1251 170
1252 94
1253 93
1254 57
1255 65
1256 70
1257 108
1258 109
1259 121
1260 98
1261 83
1262 104
1263 132
1264 43
1265 174
1266 105
1267 145
1268 97
1269 69
1270 44
1271 148
1272 87
1273 77
1274 92
1275 89
1276 104
1277 44
1278 145
1279 43
1280 81
1281 94
1282 108
1283 118
1284 131
1285 96
1286 64
1287 102
1288 104
1289 122
1290 87
1291 90
1292 110
1293 75
1294 70
1295 135
1296 62
1297 39
1298 87
1299 111
1300 122
1301 111
1302 113
1303 115
1304 86
1305 100
1306 89
1307 100
1308 67
1309 70
1310 81
1311 128
1312 119
1313 82
1314 87
1315 115
1316 59
1317 98
1318 85
1319 41
1320 85
1321 23
1322 105
1323 87
1324 114
1325 78
1326 55
1327 112
1328 81
1329 159
1330 106
1331 53
1332 113
1333 95
1334 84
1335 131
1336 61
1337 89
1338 114
1339 124
1340 107
1341 70
1342 132
1343 80
1344 116
1345 138
1346 76
1347 39
1348 73
1349 120
1350 15
1351 115
1352 103
1353 63
1354 154
1355 89
1356 27
1357 106
1358 89
1359 115
1360 111
1361 51
1362 84
1363 110
1364 107
1365 95
1366 104
1367 92
1368 86
1369 105
1370 118
1371 141
1372 95
1373 105
1374 105
1375 72
1376 84
1377 114
1378 67
1379 102
1380 126
1381 104
1382 94
1383 72
1384 79
1385 81
1386 47
1387 50
1388 116
1389 79
1390 97
1391 144
1392 113
1393 98
1394 85
1395 93
1396 102
1397 123
1398 93
1399 76
1400 53
1401 117
1402 128
1403 74
1404 117
1405 85
1406 135
1407 101
1408 126
1409 107
1410 88
1411 125
1412 95
1413 72
1414 106
1415 131
1416 110
1417 121
1418 95
1419 79
1420 86
1421 0
1422 66
1423 93
1424 84
1425 37
1426 92
1427 140
1428 116
1429 99
1430 91
1431 89
1432 81
1433 82
1434 98
1435 92
1436 92
1437 129
1438 63
1439 88
1440 88
1441 99
1442 82
1443 143
1444 86
1445 100
1446 92
1447 142
1448 130
1449 108
1450 83
1451 34
1452 71
1453 54
1454 95
1455 95
1456 93
1457 102
1458 80
1459 96
1460 73
1461 134
1462 102
1463 113
1464 129
1465 67
1466 151
1467 113
1468 107
1469 78
1470 104
1471 109
1472 96
1473 76
1474 123
1475 144
1476 98
1477 102
1478 158
1479 124
1480 96
1481 33
1482 99
1483 148
1484 86
1485 87
1486 192
1487 99
1488 74
1489 93
1490 60
1491 66
1492 113
1493 110
1494 84
1495 128
1496 122
1497 16
1498 108
1499 90
