Vertices: 300
Edges: 2100
Time: 0,466 ms
Iterations: 2095
Vertex Distance
0 0
1 66
2 97
3 87
4 68
5 100
6 187
7 65
8 94
9 82
10 58
11 69
12 123
13 57
14 45
15 112
16 57
17 105
18 75
19 100
20 58
21 95
22 65
23 55
24 108
25 53
26 84
27 96
28 68
29 102
30 82
31 92
32 66
33 73
34 105
35 97
36 112
37 82
38 90
39 66
40 127
41 91
42 39
43 103
44 72
45 63
46 80
47 88
48 88
49 73
50 65
51 56
52 51
53 45
54 98
55 90
56 42
57 81
58 69
59 109
60 34
61 93
62 92
63 75
64 63
65 53
66 92
67 70
68 70
69 91
70 97
71 86
72 81
73 119
74 94
75 114
76 78
77 101
78 71
79 71
80 84
81 79
82 114
83 124
84 115
85 95
86 118
87 63
88 81
89 150
90 57
91 79
92 0
93 78
94 79
95 79
96 86
97 99
98 60
99 74
100 98
101 138
102 67
103 56
104 144
105 71
106 94
107 86
108 86
109 112
110 28
111 118
112 83
113 62
114 82
115 46
116 121
117 82
118 68
119 77
120 121
121 73
122 131
123 39
124 109
125 71
126 41
127 71
128 61
129 73
130 33
131 102
132 80
133 59
134 52
135 68
136 82
137 104
138 91
139 62
140 40
141 119
142 63
143 84
144 66
145 84
146 92
147 95
148 105
149 72
150 120
151 108
152 31
153 85
154 103
155 114
156 110
157 44
158 139
159 67
160 97
161 103
162 77
163 63
164 53
165 107
166 56
167 131
168 102
169 100
170 76
171 94
172 94
173 53
174 124
175 85
176 64
177 68
178 108
179 82
180 124
181 71
182 125
183 54
184 36
185 73
186 87
187 88
188 96
189 90
190 71
191 78
192 87
193 77
194 67
195 91
196 109
197 85
198 104
199 107
200 105
201 93
202 99
203 6
204 117
205 103
206 74
207 121
208 104
209 90
210 57
211 58
212 116
213 102
214 86
215 105
216 81
217 89
218 79
219 97
220 79
221 70
222 145
223 105
224 61
225 79
226 105
227 111
228 100
229 107
230 84
231 68
232 73
233 63
234 72
235 99
236 69
237 61
238 86
239 102
240 104
241 56
242 96
243 71
244 50
245 28
246 110
247 76
248 102
249 94
250 75
251 65
252 95
253 102
254 110
255 148
256 84
257 74
258 114
259 45
260 83
261 100
262 93
263 100
264 61
265 82
266 84
267 81
268 116
269 155
270 63
271 107
272 69
273 92
274 60
275 160
276 102
277 56
278 88
279 86
280 94
281 78
282 85
283 96
284 104
285 59
286 93
287 63
288 30
289 77
290 79
291 87
292 66
293 122
294 83
295 80
296 52
297 60
298 81
299 40
