Vertices: 4100
Edges: 28700
Time: 1,362 ms
Iterations: 28678
Vertex Distance
0 0
1 182
2 167
3 170
4 181
5 158
6 179
7 187
8 131
9 198
10 128
11 221
12 203
13 160
14 139
15 180
16 192
17 139
18 155
19 164
20 189
21 171
22 154
23 138
24 226
25 202
26 157
27 177
28 146
29 142
30 169
31 205
32 158
33 152
34 158
35 180
36 193
37 190
38 191
39 149
40 181
41 193
42 195
43 194
44 210
45 147
46 146
47 180
48 171
49 168
50 173
51 154
52 180
53 168
54 151
55 180
56 136
57 175
58 201
59 162
60 195
61 156
62 165
63 195
64 139
65 175
66 170
67 139
68 112
69 173
70 216
71 148
72 186
73 158
74 158
75 126
76 190
77 145
78 187
79 164
80 164
81 145
82 150
83 147
84 191
85 178
86 190
87 195
88 170
89 174
90 131
91 153
92 176
93 174
94 147
95 179
96 190
97 159
98 158
99 186
100 155
101 188
102 166
103 190
104 210
105 141
106 166
107 211
108 165
109 146
110 158
111 158
112 188
113 183
114 190
115 182
116 146
117 206
118 219
119 195
120 147
121 171
122 153
123 166
124 179
125 188
126 207
127 170
128 168
129 165
130 99
131 116
132 182
133 177
134 168
135 163
136 186
137 193
138 195
139 206
140 150
141 137
142 171
143 213
144 119
145 239
146 147
147 172
148 179
149 109
150 165
151 211
152 176
153 209
154 194
155 168
156 142
157 146
158 191
159 271
160 184
161 167
162 169
163 162
164 159
165 159
166 209
167 172
168 186
169 181
170 157
171 161
172 256
173 163
174 174
175 141
176 201
177 132
178 138
179 179
180 173
181 161
182 173
183 181
184 122
185 177
186 159
187 151
188 217
189 176
190 178
191 163
192 209
193 195
194 129
195 135
196 161
197 133
198 151
199 210
200 155
201 141
202 153
203 205
204 169
205 161
206 145
207 177
208 175
209 167
210 124
211 96
212 212
213 175
214 211
215 219
216 170
217 181
218 187
219 138
220 156
221 156
222 202
223 162
224 205
225 149
226 141
227 180
228 199
229 136
230 179
231 181
232 152
233 177
234 190
235 167
236 177
237 165
238 166
239 111
240 168
241 115
242 153
243 174
244 150
245 136
246 231
247 157
248 148
249 147
250 194
251 195
252 142
253 251
254 181
255 154
256 155
257 211
258 174
259 177
260 149
261 166
262 138
263 141
264 120
265 213
266 156
267 147
268 163
269 178
270 281
271 179
272 173
273 146
274 228
275 172
276 141
277 167
278 131
279 176
280 194
281 167
282 164
283 161
284 166
285 151
286 170
287 148
288 187
289 171
290 187
291 171
292 168
293 145
294 180
295 149
296 173
297 159
298 172
299 189
300 173
301 161
302 112
303 158
304 168
305 155
306 175
307 164
308 203
309 176
310 103
311 166
312 157
313 169
314 167
315 150
316 199
317 166
318 162
319 175
320 167
321 183
322 170
323 165
324 173
325 207
326 172
327 168
328 174
329 165
330 149
331 170
332 178
333 103
334 207
335 165
336 131
337 176
338 225
339 170
340 167
341 179
342 198
343 166
344 213
345 185
346 159
347 146
348 153
349 186
350 209
351 164
352 146
353 159
354 211
355 157
356 180
357 198
358 125
359 134
360 170
361 185
362 175
363 242
364 183
365 226
366 49
367 158
368 144
369 187
370 153
371 160
372 193
373 190
374 196
375 171
376 151
377 201
378 150
379 218
380 162
381 156
382 201
383 153
384 164
385 146
386 191
387 206
388 143
389 146
390 184
391 147
392 159
393 196
394 155
395 199
396 153
397 157
398 160
399 180
400 209
401 168
402 177
403 162
404 179
405 165
406 201
407 145
408 171
409 144
410 174
411 163
412 168
413 163
414 160
415 120
416 125
417 128
418 198
419 173
420 184
421 165
422 166
423 208
424 185
425 156
426 153
427 157
428 147
429 197
430 186
431 172
432 164
433 198
434 162
435 189
436 130
437 163
438 152
439 180
440 155
441 165
442 151
443 190
444 136
445 162
446 231
447 176
448 165
449 164
450 173
451 145
452 167
453 165
454 178
455 177
456 181
457 198
458 148
459 65
460 143
461 212
462 169
463 171
464 171
465 119
466 154
467 156
468 136
469 138
470 190
471 174
472 193
473 177
474 162
475 182
476 216
477 152
478 159
479 170
480 137
481 186
482 123
483 195
484 220
485 197
486 157
487 192
488 146
489 166
490 150
491 202
492 178
493 203
494 178
495 179
496 185
497 175
498 166
499 195
500 121
501 172
502 133
503 157
504 167
505 229
506 155
507 58
508 175
509 166
510 146
511 190
512 116
513 183
514 166
515 137
516 141
517 201
518 164
519 170
520 141
521 168
522 162
523 122
524 196
525 174
526 153
527 190
528 172
529 164
530 137
531 143
532 144
533 155
534 186
535 188
536 166
537 148
538 145
539 157
540 176
541 171
542 157
543 128
544 197
545 161
546 180
547 102
548 151
549 146
550 147
551 194
552 173
553 168
554 167
555 177
556 155
557 132
558 162
559 174
560 182
561 157
562 196
563 116
564 219
565 176
566 175
567 175
568 207
569 149
570 163
571 169
572 112
573 150
574 178
575 198
576 133
577 164
578 190
579 207
580 191
581 173
582 160
583 149
584 169
585 178
586 160
587 156
588 171
589 163
590 263
591 145
592 149
593 179
594 171
595 163
596 191
597 161
598 148
599 193
600 174
601 169
602 203
603 166
604 183
605 158
606 185
607 200
608 149
609 144
610 165
611 170
612 141
613 163
614 203
615 135
616 160
617 174
618 145
619 202
620 159
621 196
622 178
623 221
624 170
625 123
626 150
627 155
628 161
629 180
630 220
631 160
632 161
633 151
634 132
635 153
636 184
637 191
638 128
639 169
640 142
641 144
642 194
643 166
644 180
645 130
646 182
647 200
648 174
649 191
650 212
651 197
652 185
653 209
654 190
655 157
656 173
657 164
658 237
659 195
660 141
661 176
662 161
663 181
664 216
665 169
666 132
667 160
668 194
669 164
670 0
671 176
672 160
673 163
674 160
675 177
676 178
677 178
678 200
679 142
680 181
681 170
682 185
683 178
684 153
685 157
686 198
687 182
688 185
689 179
690 145
691 171
692 169
693 179
694 153
695 168
696 135
697 235
698 168
699 154
700 177
701 188
702 143
703 192
704 186
705 131
706 145
707 156
708 160
709 214
710 159
711 172
712 153
713 180
714 153
715 147
716 155
717 155
718 146
719 178
720 178
721 201
722 159
723 180
724 166
725 170
726 135
727 198
728 202
729 137
730 155
731 185
732 164
733 192
734 143
735 172
736 129
737 158
738 163
739 178
740 170
741 206
742 189
743 174
744 205
745 144
746 135
747 176
748 173
749 167
750 216
751 200
752 150
753 166
754 160
755 159
756 170
757 173
758 172
759 124
760 172
761 222
762 169
763 181
764 218
765 163
766 166
767 163
768 190
769 188
770 118
771 149
772 162
773 185
774 192
775 192
776 153
777 178
778 128
779 207
780 201
781 103
782 184
783 164
784 198
785 183
786 165
787 175
788 180
789 183
790 168
791 170
792 155
793 237
794 198
795 171
796 152
797 110
798 191
799 159
800 157
801 155
802 167
803 137
804 217
805 185
806 162
807 175
808 176
809 155
810 159
811 204
812 196
813 175
814 204
815 171
816 193
817 206
818 203
819 167
820 197
821 211
822 154
823 116
824 176
825 124
826 189
827 190
828 159
829 111
830 232
831 153
832 184
833 122
834 177
835 113
836 183
837 176
838 257
839 147
840 152
841 203
842 169
843 172
844 168
845 162
846 199
847 170
848 144
849 102
850 200
851 188
852 164
853 137
854 181
855 160
856 173
857 177
858 135
859 169
860 176
861 198
862 191
863 133
864 183
865 166
866 173
867 142
868 146
869 175
870 182
871 142
872 166
873 137
874 104
875 174
876 130
877 170
878 181
879 194
880 168
881 193
882 150
883 172
884 170
885 153
886 170
887 179
888 169
889 174
890 165
891 193
892 159
893 178
894 234
895 189
896 155
897 155
898 153
899 210
900 163
901 228
902 164
903 220
904 104
905 152
906 130
907 178
908 149
909 177
910 128
911 127
912 197
913 154
914 266
915 183
916 148
917 172
918 221
919 150
920 265
921 166
922 183
923 166
924 212
925 121
926 193
927 141
928 149
929 195
930 160
931 181
932 184
933 112
934 188
935 192
936 149
937 195
938 136
939 136
940 202
941 188
942 130
943 183
944 152
945 138
946 132
947 168
948 180
949 157
950 193
951 186
952 184
953 189
954 118
955 203
956 162
957 147
958 151
959 162
960 161
961 157
962 214
963 153
964 146
965 194
966 163
967 206
968 163
969 89
970 165
971 163
972 178
973 168
974 178
975 180
976 211
977 153
978 164
979 163
980 180
981 177
982 121
983 145
984 145
985 178
986 197
987 156
988 155
989 190
990 167
991 148
992 170
993 210
994 160
995 176
996 193
997 155
998 131
999 114
1000 170
1001 183
1002 175
1003 175
1004 165
1005 170
1006 218
1007 176
1008 178
1009 243
1010 172
1011 166
1012 174
1013 156
1014 140
1015 128
1016 163
1017 218
1018 179
1019 161
1020 174
1021 156
1022 200
1023 169
1024 175
1025 167
1026 196
1027 143
1028 199
1029 186
1030 195
1031 173
1032 179
1033 183
1034 156
1035 210
1036 176
1037 111
1038 184
1039 184
1040 197
1041 222
1042 138
1043 161
1044 187
1045 166
1046 181
1047 166
1048 134
1049 171
1050 200
1051 202
1052 165
1053 160
1054 171
1055 158
1056 185
1057 111
1058 187
1059 121
1060 195
1061 166
1062 165
1063 183
1064 195
1065 150
1066 169
1067 189
1068 183
1069 172
1070 180
1071 140
1072 208
1073 85
1074 167
1075 143
1076 214
1077 186
1078 107
1079 176
1080 173
1081 154
1082 215
1083 188
1084 176
1085 175
1086 165
1087 171
1088 145
1089 137
1090 191
1091 181
1092 159
1093 156
1094 195
1095 165
1096 223
1097 118
1098 164
1099 143
1100 152
1101 180
1102 134
1103 176
1104 195
1105 176
1106 164
1107 156
1108 166
1109 87
1110 174
1111 188
1112 171
1113 233
1114 149
1115 202
1116 171
1117 172
1118 171
1119 172
1120 175
1121 178
1122 133
1123 101
1124 176
1125 151
1126 171
1127 181
1128 179
1129 202
1130 140
1131 173
1132 153
1133 186
1134 114
1135 145
1136 158
1137 158
1138 145
1139 178
1140 142
1141 212
1142 200
1143 111
1144 140
1145 156
1146 196
1147 174
1148 180
1149 157
1150 174
1151 171
1152 116
1153 147
1154 195
1155 154
1156 124
1157 166
1158 135
1159 142
1160 135
1161 181
1162 170
1163 171
1164 200
1165 141
1166 145
1167 164
1168 128
1169 182
1170 162
1171 170
1172 139
1173 166
1174 168
1175 226
1176 209
1177 189
1178 130
1179 192
1180 204
1181 167
1182 170
1183 194
1184 185
1185 181
1186 137
1187 183
1188 187
1189 179
1190 177
1191 202
1192 150
1193 208
1194 164
1195 204
1196 174
1197 179
1198 173
1199 189
1200 187
1201 147
1202 177
1203 174
1204 175
1205 164
1206 184
1207 163
1208 129
1209 118
1210 184
1211 117
1212 176
1213 151
1214 187
1215 135
1216 183
1217 160
1218 152
1219 177
1220 170
1221 193
1222 146
1223 162
1224 199
1225 189
1226 169
1227 98
1228 121
1229 162
1230 142
1231 217
1232 189
1233 139
1234 162
1235 138
1236 178
1237 154
1238 160
1239 205
1240 206
1241 173
1242 151
1243 186
1244 118
1245 174
1246 189
1247 168
1248 152
1249 183
1250 210
1251 148
1252 184
1253 151
1254 142
1255 138
1256 236
1257 200
1258 160
1259 123
1260 142
1261 165
1262 133
1263 192
1264 175
1265 147
1266 124
1267 174
1268 189
1269 144
1270 144
1271 164
1272 171
1273 174
1274 156
1275 193
1276 159
1277 150
1278 178
1279 101
1280 179
1281 122
1282 166
1283 137
1284 151
1285 184
1286 175
1287 217
1288 119
1289 109
1290 143
1291 171
1292 162
1293 86
1294 174
1295 174
1296 192
1297 115
1298 184
1299 183
1300 161
1301 209
1302 147
1303 182
1304 171
1305 172
1306 185
1307 173
1308 180
1309 218
1310 175
1311 161
1312 174
1313 172
1314 167
1315 158
1316 175
1317 131
1318 133
1319 214
1320 166
1321 137
1322 196
1323 147
1324 165
1325 150
1326 174
1327 184
1328 189
1329 167
1330 212
1331 180
1332 129
1333 148
1334 141
1335 207
1336 157
1337 199
1338 171
1339 176
1340 140
1341 188
1342 172
1343 171
1344 143
1345 150
1346 192
1347 141
1348 178
1349 178
1350 146
1351 174
1352 175
1353 158
1354 159
1355 177
1356 180
1357 147
1358 144
1359 157
1360 102
1361 170
1362 174
1363 159
1364 179
1365 156
1366 192
1367 207
1368 176
1369 183
1370 200
1371 161
1372 140
1373 165
1374 226
1375 159
1376 167
1377 199
1378 209
1379 177
1380 205
1381 177
1382 155
1383 159
1384 200
1385 173
1386 217
1387 161
1388 159
1389 174
1390 177
1391 172
1392 168
1393 185
1394 179
1395 159
1396 150
1397 156
1398 137
1399 152
1400 142
1401 146
1402 170
1403 184
1404 164
1405 218
1406 202
1407 152
1408 171
1409 154
1410 149
1411 185
1412 159
1413 255
1414 118
1415 191
1416 169
1417 175
1418 179
1419 170
1420 147
1421 156
1422 117
1423 153
1424 165
1425 171
1426 177
1427 187
1428 201
1429 176
1430 159
1431 163
1432 151
1433 132
1434 178
1435 185
1436 255
1437 118
1438 197
1439 175
1440 169
1441 124
1442 138
1443 176
1444 162
1445 167
1446 154
1447 166
1448 148
1449 172
1450 151
1451 129
1452 174
1453 209
1454 197
1455 0
1456 175
1457 133
1458 180
1459 196
1460 180
1461 146
1462 175
1463 87
1464 180
1465 163
1466 162
1467 139
1468 165
1469 174
1470 146
1471 175
1472 136
1473 186
1474 211
1475 117
1476 180
1477 219
1478 125
1479 166
1480 158
1481 100
1482 163
1483 177
1484 170
1485 128
1486 175
1487 184
1488 148
1489 180
1490 182
1491 156
1492 187
1493 181
1494 154
1495 169
1496 157
1497 109
1498 170
1499 97
1500 177
1501 186
1502 157
1503 149
1504 129
1505 166
1506 192
1507 182
1508 141
1509 173
1510 184
1511 151
1512 174
1513 137
1514 155
1515 193
1516 155
1517 183
1518 189
1519 204
1520 144
1521 200
1522 167
1523 164
1524 211
1525 159
1526 174
1527 198
1528 144
1529 139
1530 178
1531 179
1532 140
1533 153
1534 169
1535 186
1536 191
1537 154
1538 160
1539 146
1540 151
1541 158
1542 195
1543 156
1544 174
1545 121
1546 186
1547 147
1548 165
1549 169
1550 173
1551 174
1552 115
1553 189
1554 178
1555 145
1556 0
1557 175
1558 180
1559 176
1560 156
1561 187
1562 204
1563 119
1564 150
1565 169
1566 162
1567 180
1568 110
1569 200
1570 145
1571 156
1572 146
1573 151
1574 125
1575 179
1576 171
1577 152
1578 176
1579 194
1580 158
1581 179
1582 181
1583 194
1584 152
1585 186
1586 120
1587 204
1588 190
1589 220
1590 157
1591 172
1592 121
1593 154
1594 200
1595 121
1596 125
1597 146
1598 172
1599 125
1600 131
1601 211
1602 183
1603 167
1604 171
1605 160
1606 186
1607 213
1608 209
1609 185
1610 145
1611 174
1612 153
1613 154
1614 185
1615 155
1616 241
1617 186
1618 180
1619 217
1620 141
1621 201
1622 184
1623 147
1624 125
1625 188
1626 177
1627 151
1628 183
1629 172
1630 189
1631 178
1632 242
1633 201
1634 145
1635 171
1636 165
1637 170
1638 197
1639 165
1640 147
1641 157
1642 146
1643 173
1644 105
1645 154
1646 166
1647 191
1648 194
1649 169
1650 177
1651 175
1652 174
1653 132
1654 172
1655 164
1656 222
1657 192
1658 131
1659 164
1660 151
1661 164
1662 163
1663 131
1664 167
1665 177
1666 188
1667 123
1668 180
1669 186
1670 173
1671 158
1672 203
1673 175
1674 150
1675 145
1676 187
1677 136
1678 176
1679 162
1680 192
1681 156
1682 151
1683 148
1684 210
1685 165
1686 157
1687 215
1688 113
1689 165
1690 173
1691 172
1692 205
1693 173
1694 151
1695 206
1696 170
1697 169
1698 202
1699 159
1700 146
1701 210
1702 250
1703 179
1704 140
1705 169
1706 165
1707 194
1708 148
1709 178
1710 139
1711 152
1712 123
1713 175
1714 163
1715 140
1716 193
1717 133
1718 177
1719 170
1720 151
1721 150
1722 164
1723 151
1724 161
1725 182
1726 194
1727 135
1728 170
1729 179
1730 185
1731 65
1732 147
1733 151
1734 166
1735 186
1736 132
1737 180
1738 195
1739 182
1740 213
1741 150
1742 184
1743 135
1744 159
1745 193
1746 161
1747 146
1748 197
1749 157
1750 108
1751 173
1752 194
1753 178
1754 168
1755 186
1756 203
1757 133
1758 141
1759 182
1760 177
1761 220
1762 147
1763 188
1764 149
1765 128
1766 170
1767 182
1768 174
1769 169
1770 176
1771 160
1772 173
1773 197
1774 221
1775 115
1776 190
1777 248
1778 148
1779 196
1780 164
1781 182
1782 212
1783 170
1784 162
1785 175
1786 182
1787 156
1788 159
1789 146
1790 191
1791 172
1792 188
1793 195
1794 161
1795 193
1796 142
1797 178
1798 205
1799 163
1800 256
1801 161
1802 159
1803 162
1804 124
1805 205
1806 150
1807 153
1808 203
1809 161
1810 120
1811 125
1812 162
1813 164
1814 151
1815 174
1816 127
1817 180
1818 116
1819 135
1820 166
1821 211
1822 144
1823 181
1824 115
1825 166
1826 168
1827 207
1828 144
1829 151
1830 144
1831 174
1832 186
1833 150
1834 161
1835 167
1836 178
1837 142
1838 168
1839 165
1840 163
1841 214
1842 210
1843 169
1844 176
1845 164
1846 140
1847 109
1848 156
1849 147
1850 173
1851 161
1852 192
1853 138
1854 176
1855 182
1856 189
1857 134
1858 164
1859 131
1860 154
1861 189
1862 167
1863 177
1864 240
1865 172
1866 169
1867 210
1868 195
1869 171
1870 165
1871 166
1872 155
1873 175
1874 137
1875 163
1876 195
1877 197
1878 163
1879 106
1880 157
1881 164
1882 181
1883 210
1884 152
1885 155
1886 156
1887 165
1888 182
1889 214
1890 134
1891 180
1892 178
1893 175
1894 156
1895 176
1896 179
1897 210
1898 191
1899 187
1900 164
1901 166
1902 187
1903 138
1904 179
1905 216
1906 154
1907 147
1908 147
1909 178
1910 160
1911 162
1912 178
1913 161
1914 178
1915 130
1916 171
1917 181
1918 181
1919 202
1920 172
1921 169
1922 166
1923 182
1924 147
1925 208
1926 106
1927 153
1928 163
1929 195
1930 157
1931 142
1932 134
1933 152
1934 174
1935 191
1936 174
1937 123
1938 161
1939 181
1940 144
1941 164
1942 151
1943 181
1944 173
1945 186
1946 176
1947 156
1948 195
1949 188
1950 130
1951 163
1952 157
1953 160
1954 187
1955 153
1956 161
1957 187
1958 145
1959 209
1960 142
1961 155
1962 186
1963 174
1964 162
1965 177
1966 157
1967 237
1968 187
1969 181
1970 130
1971 171
1972 110
1973 109
1974 185
1975 173
1976 151
1977 158
1978 179
1979 141
1980 202
1981 93
1982 160
1983 174
1984 149
1985 158
1986 136
1987 172
1988 180
1989 151
1990 144
1991 151
1992 158
1993 146
1994 147
1995 205
1996 197
1997 215
1998 202
1999 177
2000 177
2001 74
2002 154
2003 164
2004 161
2005 159
2006 179
2007 184
2008 215
2009 64
2010 173
2011 170
2012 191
2013 179
2014 189
2015 176
2016 190
2017 193
2018 162
2019 216
2020 173
2021 143
2022 180
2023 150
2024 144
2025 137
2026 235
2027 192
2028 173
2029 155
2030 189
2031 167
2032 195
2033 164
2034 193
2035 183
2036 153
2037 178
2038 179
2039 195
2040 171
2041 155
2042 149
2043 169
2044 157
2045 166
2046 148
2047 0
2048 177
2049 186
2050 144
2051 155
2052 156
2053 191
2054 172
2055 178
2056 192
2057 121
2058 46
2059 179
2060 207
2061 149
2062 162
2063 174
2064 162
2065 208
2066 163
2067 181
2068 166
2069 166
2070 156
2071 181
2072 159
2073 135
2074 219
2075 141
2076 126
2077 215
2078 151
2079 149
2080 171
2081 174
2082 174
2083 157
2084 160
2085 163
2086 188
2087 149
2088 160
2089 196
2090 150
2091 147
2092 185
2093 179
2094 158
2095 177
2096 136
2097 195
2098 174
2099 157
2100 116
2101 166
2102 154
2103 171
2104 156
2105 162
2106 176
2107 183
2108 154
2109 158
2110 181
2111 192
2112 162
2113 118
2114 256
2115 234
2116 170
2117 141
2118 181
2119 194
2120 205
2121 195
2122 182
2123 159
2124 169
2125 178
2126 187
2127 156
2128 175
2129 184
2130 184
2131 160
2132 144
2133 134
2134 138
2135 163
2136 179
2137 144
2138 178
2139 201
2140 168
2141 157
2142 194
2143 208
2144 173
2145 153
2146 207
2147 210
2148 192
2149 163
2150 130
2151 105
2152 175
2153 219
2154 167
2155 183
2156 207
2157 183
2158 165
2159 122
2160 179
2161 117
2162 153
2163 149
2164 199
2165 168
2166 172
2167 168
2168 183
2169 172
2170 149
2171 183
2172 214
2173 185
2174 176
2175 178
2176 164
2177 137
2178 115
2179 155
2180 175
2181 168
2182 160
2183 186
2184 201
2185 160
2186 129
2187 178
2188 168
2189 188
2190 146
2191 171
2192 153
2193 154
2194 194
2195 144
2196 183
2197 141
2198 176
2199 186
2200 137
2201 201
2202 133
2203 147
2204 170
2205 95
2206 182
2207 192
2208 179
2209 181
2210 223
2211 77
2212 154
2213 149
2214 169
2215 144
2216 191
2217 150
2218 154
2219 172
2220 169
2221 192
2222 197
2223 195
2224 156
2225 136
2226 184
2227 150
2228 172
2229 187
2230 177
2231 186
2232 169
2233 163
2234 199
2235 119
2236 170
2237 170
2238 168
2239 244
2240 191
2241 149
2242 152
2243 199
2244 170
2245 152
2246 167
2247 147
2248 151
2249 153
2250 163
2251 161
2252 214
2253 149
2254 173
2255 146
2256 135
2257 141
2258 160
2259 170
2260 144
2261 151
2262 203
2263 201
2264 163
2265 166
2266 126
2267 168
2268 115
2269 159
2270 220
2271 144
2272 202
2273 94
2274 116
2275 169
2276 215
2277 180
2278 174
2279 177
2280 143
2281 155
2282 156
2283 169
2284 193
2285 131
2286 149
2287 215
2288 134
2289 111
2290 167
2291 173
2292 174
2293 189
2294 194
2295 169
2296 154
2297 113
2298 117
2299 165
2300 124
2301 164
2302 188
2303 185
2304 183
2305 156
2306 176
2307 210
2308 179
2309 190
2310 161
2311 179
2312 132
2313 165
2314 153
2315 168
2316 109
2317 126
2318 131
2319 195
2320 159
2321 120
2322 155
2323 185
2324 162
2325 155
2326 163
2327 213
2328 166
2329 139
2330 162
2331 184
2332 168
2333 132
2334 226
2335 122
2336 85
2337 174
2338 189
2339 181
2340 180
2341 193
2342 169
2343 193
2344 202
2345 168
2346 180
2347 201
2348 165
2349 182
2350 134
2351 174
2352 115
2353 139
2354 168
2355 165
2356 194
2357 188
2358 183
2359 199
2360 150
2361 178
2362 198
2363 216
2364 167
2365 169
2366 178
2367 187
2368 155
2369 154
2370 149
2371 134
2372 153
2373 204
2374 164
2375 191
2376 133
2377 170
2378 196
2379 177
2380 163
2381 178
2382 170
2383 205
2384 81
2385 129
2386 180
2387 153
2388 167
2389 150
2390 147
2391 162
2392 168
2393 160
2394 138
2395 175
2396 160
2397 163
2398 164
2399 160
2400 144
2401 183
2402 171
2403 131
2404 196
2405 149
2406 185
2407 163
2408 160
2409 205
2410 187
2411 280
2412 157
2413 196
2414 138
2415 168
2416 163
2417 176
2418 197
2419 173
2420 153
2421 99
2422 194
2423 119
2424 154
2425 166
2426 144
2427 169
2428 206
2429 205
2430 126
2431 201
2432 170
2433 180
2434 149
2435 206
2436 151
2437 143
2438 131
2439 150
2440 132
2441 180
2442 155
2443 160
2444 154
2445 184
2446 149
2447 165
2448 153
2449 150
2450 210
2451 148
2452 169
2453 82
2454 195
2455 191
2456 175
2457 195
2458 130
2459 161
2460 132
2461 160
2462 117
2463 185
2464 188
2465 191
2466 167
2467 174
2468 175
2469 117
2470 202
2471 132
2472 150
2473 151
2474 131
2475 160
2476 163
2477 179
2478 168
2479 174
2480 170
2481 183
2482 157
2483 112
2484 176
2485 156
2486 191
2487 172
2488 175
2489 155
2490 155
2491 192
2492 179
2493 186
2494 188
2495 150
2496 209
2497 169
2498 204
2499 196
2500 163
2501 209
2502 201
2503 207
2504 147
2505 171
2506 175
2507 179
2508 197
2509 179
2510 158
2511 131
2512 171
2513 167
2514 179
2515 157
2516 155
2517 163
2518 145
2519 196
2520 139
2521 161
2522 170
2523 165
2524 172
2525 176
2526 152
2527 135
2528 188
2529 198
2530 162
2531 170
2532 169
2533 179
2534 207
2535 179
2536 121
2537 181
2538 169
2539 148
2540 134
2541 130
2542 195
2543 208
2544 180
2545 173
2546 160
2547 181
2548 214
2549 212
2550 201
2551 98
2552 151
2553 160
2554 173
2555 176
2556 186
2557 176
2558 131
2559 147
2560 171
2561 156
2562 217
2563 135
2564 202
2565 195
2566 181
2567 173
2568 174
2569 224
2570 141
2571 148
2572 145
2573 150
2574 155
2575 187
2576 166
2577 219
2578 166
2579 121
2580 137
2581 165
2582 179
2583 132
2584 131
2585 180
2586 177
2587 166
2588 136
2589 188
2590 127
2591 195
2592 185
2593 103
2594 168
2595 161
2596 206
2597 126
2598 176
2599 157
2600 180
2601 180
2602 217
2603 179
2604 202
2605 229
2606 151
2607 200
2608 179
2609 193
2610 176
2611 122
2612 184
2613 169
2614 195
2615 168
2616 169
2617 199
2618 171
2619 138
2620 178
2621 177
2622 154
2623 163
2624 173
2625 177
2626 164
2627 113
2628 179
2629 140
2630 185
2631 170
2632 233
2633 204
2634 136
2635 174
2636 187
2637 190
2638 179
2639 182
2640 154
2641 138
2642 187
2643 133
2644 166
2645 173
2646 166
2647 143
2648 219
2649 217
2650 173
2651 116
2652 182
2653 148
2654 173
2655 168
2656 170
2657 140
2658 174
2659 142
2660 166
2661 142
2662 186
2663 178
2664 169
2665 160
2666 192
2667 186
2668 185
2669 184
2670 186
2671 144
2672 143
2673 167
2674 150
2675 158
2676 174
2677 154
2678 182
2679 175
2680 141
2681 173
2682 178
2683 151
2684 138
2685 197
2686 139
2687 228
2688 172
2689 100
2690 160
2691 174
2692 178
2693 193
2694 170
2695 149
2696 181
2697 167
2698 178
2699 154
2700 136
2701 192
2702 203
2703 181
2704 172
2705 145
2706 175
2707 174
2708 175
2709 197
2710 187
2711 222
2712 148
2713 179
2714 186
2715 135
2716 180
2717 155
2718 156
2719 216
2720 186
2721 154
2722 204
2723 207
2724 181
2725 175
2726 175
2727 156
2728 166
2729 154
2730 183
2731 183
2732 183
2733 171
2734 148
2735 167
2736 152
2737 189
2738 141
2739 168
2740 132
2741 133
2742 185
2743 180
2744 172
2745 137
2746 162
2747 190
2748 192
2749 191
2750 191
2751 197
2752 188
2753 147
2754 189
2755 187
2756 91
2757 196
2758 176
2759 208
2760 135
2761 163
2762 228
2763 178
2764 171
2765 138
2766 184
2767 150
2768 167
2769 157
2770 173
2771 119
2772 174
2773 161
2774 212
2775 200
2776 172
2777 143
2778 159
2779 205
2780 195
2781 180
2782 119
2783 171
2784 162
2785 138
2786 220
2787 173
2788 182
2789 166
2790 185
2791 158
2792 135
2793 173
2794 136
2795 175
2796 127
2797 203
2798 201
2799 150
2800 213
2801 158
2802 177
2803 141
2804 147
2805 198
2806 77
2807 222
2808 177
2809 160
2810 188
2811 152
2812 182
2813 189
2814 180
2815 209
2816 104
2817 226
2818 175
2819 127
2820 167
2821 157
2822 177
2823 166
2824 157
2825 130
2826 124
2827 181
2828 156
2829 152
2830 162
2831 117
2832 157
2833 174
2834 144
2835 156
2836 176
2837 218
2838 193
2839 123
2840 156
2841 196
2842 151
2843 172
2844 144
2845 211
2846 160
2847 155
2848 182
2849 181
2850 147
2851 164
2852 158
2853 146
2854 170
2855 179
2856 154
2857 182
2858 137
2859 183
2860 172
2861 197
2862 170
2863 190
2864 162
2865 167
2866 167
2867 143
2868 193
2869 165
2870 97
2871 180
2872 188
2873 182
2874 184
2875 162
2876 177
2877 149
2878 168
2879 194
2880 200
2881 185
2882 146
2883 173
2884 207
2885 121
2886 182
2887 197
2888 173
2889 159
2890 181
2891 168
2892 158
2893 127
2894 196
2895 167
2896 212
2897 195
2898 205
2899 203
2900 208
2901 181
2902 189
2903 198
2904 169
2905 153
2906 178
2907 163
2908 150
2909 161
2910 172
2911 136
2912 212
2913 151
2914 213
2915 183
2916 167
2917 166
2918 178
2919 179
2920 123
2921 138
2922 197
2923 181
2924 181
2925 162
2926 159
2927 231
2928 174
2929 166
2930 176
2931 187
2932 159
2933 171
2934 160
2935 173
2936 165
2937 157
2938 147
2939 205
2940 166
2941 192
2942 138
2943 181
2944 200
2945 187
2946 176
2947 161
2948 149
2949 157
2950 221
2951 168
2952 152
2953 178
2954 173
2955 230
2956 164
2957 125
2958 212
2959 181
2960 157
2961 168
2962 149
2963 189
2964 145
2965 159
2966 154
2967 201
2968 199
2969 167
2970 180
2971 199
2972 131
2973 157
2974 174
2975 129
2976 184
2977 192
2978 184
2979 180
2980 163
2981 166
2982 174
2983 154
2984 197
2985 218
2986 152
2987 116
2988 158
2989 201
2990 174
2991 150
2992 121
2993 206
2994 142
2995 167
2996 150
2997 140
2998 106
2999 144
3000 188
3001 181
3002 177
3003 213
3004 182
3005 168
3006 140
3007 148
3008 94
3009 156
3010 170
3011 163
3012 171
3013 140
3014 164
3015 163
3016 163
3017 146
3018 142
3019 238
3020 181
3021 222
3022 152
3023 206
3024 202
3025 143
3026 107
3027 170
3028 160
3029 162
3030 162
3031 147
3032 177
3033 167
3034 173
3035 183
3036 170
3037 166
3038 165
3039 129
3040 187
3041 161
3042 157
3043 168
3044 185
3045 180
3046 184
3047 152
3048 208
3049 190
3050 126
3051 163
3052 171
3053 164
3054 197
3055 187
3056 190
3057 109
3058 146
3059 194
3060 164
3061 146
3062 139
3063 147
3064 151
3065 213
3066 129
3067 147
3068 176
3069 156
3070 159
3071 186
3072 87
3073 194
3074 184
3075 156
3076 180
3077 149
3078 172
3079 154
3080 177
3081 180
3082 166
3083 195
3084 242
3085 188
3086 172
3087 176
3088 219
3089 183
3090 221
3091 167
3092 206
3093 185
3094 203
3095 162
3096 146
3097 173
3098 163
3099 154
3100 180
3101 96
3102 160
3103 114
3104 175
3105 159
3106 159
3107 157
3108 187
3109 170
3110 184
3111 156
3112 205
3113 169
3114 103
3115 178
3116 226
3117 193
3118 170
3119 199
3120 164
3121 186
3122 177
3123 148
3124 192
3125 146
3126 188
3127 179
3128 197
3129 191
3130 165
3131 241
3132 141
3133 199
3134 178
3135 231
3136 180
3137 200
3138 175
3139 220
3140 172
3141 146
3142 155
3143 168
3144 179
3145 208
3146 153
3147 162
3148 148
3149 198
3150 215
3151 214
3152 193
3153 166
3154 157
3155 168
3156 176
3157 172
3158 125
3159 117
3160 189
3161 164
3162 225
3163 212
3164 165
3165 167
3166 160
3167 177
3168 117
3169 172
3170 165
3171 162
3172 166
3173 148
3174 142
3175 177
3176 188
3177 167
3178 137
3179 171
3180 168
3181 162
3182 174
3183 218
3184 152
3185 156
3186 173
3187 197
3188 194
3189 144
3190 192
3191 209
3192 149
3193 195
3194 196
3195 142
3196 193
3197 158
3198 184
3199 73
3200 238
3201 181
3202 179
3203 172
3204 172
3205 130
3206 154
3207 165
3208 187
3209 159
3210 94
3211 140
3212 176
3213 152
3214 163
3215 178
3216 168
3217 183
3218 151
3219 176
3220 162
3221 165
3222 179
3223 150
3224 94
3225 151
3226 154
3227 186
3228 210
3229 181
3230 142
3231 132
3232 160
3233 157
3234 161
3235 195
3236 173
3237 169
3238 180
3239 155
3240 176
3241 146
3242 159
3243 170
3244 201
3245 154
3246 146
3247 167
3248 191
3249 157
3250 188
3251 158
3252 176
3253 273
3254 211
3255 192
3256 172
3257 272
3258 150
3259 165
3260 203
3261 188
3262 159
3263 139
3264 178
3265 199
3266 145
3267 173
3268 198
3269 211
3270 141
3271 184
3272 170
3273 157
3274 150
3275 189
3276 159
3277 166
3278 218
3279 126
3280 153
3281 216
3282 162
3283 153
3284 178
3285 191
3286 160
3287 171
3288 58
3289 183
3290 160
3291 160
3292 162
3293 159
3294 156
3295 171
3296 195
3297 156
3298 177
3299 178
3300 132
3301 178
3302 190
3303 173
3304 189
3305 187
3306 165
3307 179
3308 142
3309 157
3310 142
3311 120
3312 93
3313 155
3314 136
3315 194
3316 91
3317 133
3318 109
3319 153
3320 161
3321 193
3322 187
3323 173
3324 187
3325 176
3326 166
3327 127
3328 170
3329 217
3330 185
3331 146
3332 152
3333 178
3334 173
3335 188
3336 209
3337 172
3338 179
3339 214
3340 169
3341 132
3342 154
3343 210
3344 153
3345 172
3346 174
3347 149
3348 172
3349 177
3350 153
3351 159
3352 160
3353 160
3354 171
3355 162
3356 188
3357 183
3358 173
3359 125
3360 93
3361 164
3362 181
3363 165
3364 162
3365 157
3366 117
3367 129
3368 176
3369 152
3370 145
3371 187
3372 166
3373 173
3374 205
3375 167
3376 173
3377 191
3378 156
3379 137
3380 154
3381 154
3382 176
3383 180
3384 266
3385 168
3386 205
3387 209
3388 198
3389 173
3390 195
3391 162
3392 163
3393 177
3394 193
3395 185
3396 150
3397 187
3398 189
3399 155
3400 115
3401 171
3402 150
3403 149
3404 179
3405 204
3406 157
3407 154
3408 157
3409 170
3410 155
3411 199
3412 180
3413 175
3414 131
3415 149
3416 157
3417 173
3418 126
3419 120
3420 187
3421 180
3422 184
3423 157
3424 138
3425 171
3426 133
3427 123
3428 158
3429 165
3430 139
3431 193
3432 209
3433 180
3434 176
3435 170
3436 154
3437 182
3438 136
3439 178
3440 169
3441 180
3442 185
3443 147
3444 185
3445 150
3446 188
3447 186
3448 141
3449 209
3450 157
3451 207
3452 200
3453 209
3454 162
3455 206
3456 205
3457 130
3458 174
3459 187
3460 177
3461 172
3462 144
3463 214
3464 200
3465 165
3466 158
3467 162
3468 148
3469 152
3470 181
3471 187
3472 152
3473 190
3474 141
3475 167
3476 165
3477 187
3478 183
3479 145
3480 182
3481 160
3482 175
3483 253
3484 197
3485 140
3486 177
3487 148
3488 177
3489 174
3490 176
3491 162
3492 158
3493 168
3494 204
3495 153
3496 153
3497 172
3498 160
3499 178
3500 179
3501 171
3502 169
3503 161
3504 177
3505 182
3506 159
3507 144
3508 183
3509 182
3510 182
3511 192
3512 151
3513 161
3514 207
3515 176
3516 139
3517 208
3518 177
3519 178
3520 153
3521 164
3522 199
3523 163
3524 171
3525 149
3526 226
3527 143
3528 199
3529 169
3530 217
3531 113
3532 164
3533 172
3534 181
3535 151
3536 198
3537 190
3538 158
3539 159
3540 160
3541 156
3542 153
3543 143
3544 192
3545 208
3546 151
3547 207
3548 142
3549 173
3550 188
3551 191
3552 156
3553 166
3554 176
3555 162
3556 142
3557 184
3558 193
3559 181
3560 212
3561 188
3562 120
3563 175
3564 122
3565 146
3566 188
3567 201
3568 150
3569 181
3570 146
3571 146
3572 149
3573 163
3574 155
3575 157
3576 136
3577 148
3578 153
3579 151
3580 188
3581 145
3582 189
3583 203
3584 172
3585 153
3586 160
3587 153
3588 171
3589 136
3590 114
3591 163
3592 220
3593 165
3594 150
3595 200
3596 172
3597 183
3598 174
3599 152
3600 140
3601 181
3602 177
3603 204
3604 192
3605 152
3606 180
3607 199
3608 169
3609 146
3610 121
3611 179
3612 177
3613 135
3614 140
3615 149
3616 172
3617 173
3618 149
3619 181
3620 157
3621 170
3622 191
3623 207
3624 170
3625 166
3626 242
3627 154
3628 172
3629 157
3630 101
3631 143
3632 175
3633 129
3634 164
3635 177
3636 165
3637 179
3638 160
3639 169
3640 166
3641 172
3642 161
3643 173
3644 202
3645 185
3646 182
3647 167
3648 165
3649 164
3650 153
3651 203
3652 163
3653 155
3654 184
3655 188
3656 151
3657 169
3658 136
3659 127
3660 159
3661 184
3662 180
3663 114
3664 177
3665 161
3666 144
3667 164
3668 158
3669 123
3670 146
3671 148
3672 166
3673 180
3674 176
3675 186
3676 197
3677 146
3678 188
3679 171
3680 172
3681 268
3682 176
3683 169
3684 159
3685 180
3686 204
3687 162
3688 165
3689 180
3690 145
3691 169
3692 185
3693 157
3694 127
3695 190
3696 151
3697 179
3698 164
3699 144
3700 160
3701 151
3702 160
3703 148
3704 180
3705 141
3706 156
3707 181
3708 214
3709 173
3710 163
3711 165
3712 172
3713 170
3714 138
3715 192
3716 179
3717 179
3718 196
3719 134
3720 177
3721 177
3722 129
3723 142
3724 170
3725 144
3726 205
3727 181
3728 158
3729 176
3730 160
3731 191
3732 132
3733 191
3734 193
3735 138
3736 155
3737 197
3738 170
3739 211
3740 135
3741 106
3742 155
3743 164
3744 181
3745 69
3746 196
3747 168
3748 183
3749 174
3750 187
3751 193
3752 217
3753 153
3754 165
3755 174
3756 175
3757 135
3758 182
3759 143
3760 223
3761 215
3762 135
3763 151
3764 196
3765 134
3766 165
3767 163
3768 121
3769 161
3770 167
3771 148
3772 157
3773 187
3774 171
3775 171
3776 154
3777 172
3778 194
3779 180
3780 186
3781 202
3782 217
3783 186
3784 187
3785 128
3786 161
3787 157
3788 191
3789 157
3790 157
3791 189
3792 172
3793 163
3794 167
3795 179
3796 183
3797 164
3798 176
3799 157
3800 180
3801 174
3802 190
3803 190
3804 164
3805 174
3806 160
3807 186
3808 167
3809 197
3810 167
3811 255
3812 157
3813 175
3814 235
3815 209
3816 164
3817 167
3818 181
3819 222
3820 109
3821 151
3822 204
3823 201
3824 194
3825 176
3826 149
3827 131
3828 210
3829 164
3830 233
3831 156
3832 187
3833 148
3834 161
3835 0
3836 96
3837 149
3838 173
3839 155
3840 155
3841 176
3842 186
3843 183
3844 156
3845 155
3846 166
3847 117
3848 190
3849 146
3850 174
3851 137
3852 170
3853 211
3854 160
3855 175
3856 173
3857 180
3858 164
3859 221
3860 175
3861 166
3862 212
3863 184
3864 172
3865 192
3866 95
3867 133
3868 182
3869 179
3870 206
3871 165
3872 165
3873 102
3874 152
3875 179
3876 202
3877 174
3878 145
3879 150
3880 201
3881 163
3882 103
3883 217
3884 147
3885 169
3886 176
3887 139
3888 179
3889 130
3890 199
3891 165
3892 154
3893 168
3894 138
3895 225
3896 211
3897 170
3898 171
3899 167
3900 171
3901 197
3902 189
3903 150
3904 198
3905 254
3906 152
3907 165
3908 168
3909 221
3910 159
3911 134
3912 172
3913 180
3914 154
3915 157
3916 168
3917 168
3918 154
3919 177
3920 188
3921 164
3922 199
3923 142
3924 162
3925 95
3926 148
3927 137
3928 163
3929 132
3930 227
3931 128
3932 161
3933 181
3934 119
3935 175
3936 150
3937 181
3938 111
3939 194
3940 144
3941 178
3942 189
3943 172
3944 175
3945 170
3946 214
3947 165
3948 210
3949 179
3950 216
3951 196
3952 190
3953 200
3954 199
3955 142
3956 149
3957 166
3958 115
3959 137
3960 185
3961 154
3962 221
3963 184
3964 130
3965 199
3966 162
3967 187
3968 172
3969 172
3970 203
3971 144
3972 126
3973 178
3974 147
3975 131
3976 183
3977 170
3978 141
3979 131
3980 166
3981 190
3982 169
3983 153
3984 150
3985 152
3986 156
3987 136
3988 71
3989 102
3990 178
3991 162
3992 177
3993 167
3994 183
3995 212
3996 240
3997 182
3998 177
3999 156
4000 175
4001 159
4002 182
4003 190
4004 159
4005 138
4006 116
4007 127
4008 185
4009 170
4010 158
4011 147
4012 139
4013 184
4014 185
4015 165
4016 180
4017 168
4018 186
4019 167
4020 160
4021 185
4022 183
4023 119
4024 179
4025 168
4026 151
4027 207
4028 191
4029 137
4030 134
4031 154
4032 112
4033 180
4034 193
4035 128
4036 222
4037 148
4038 175
4039 173
4040 182
4041 152
4042 148
4043 172
4044 181
4045 137
4046 139
4047 192
4048 125
4049 210
4050 177
4051 172
4052 196
4053 159
4054 123
4055 173
4056 154
4057 180
4058 190
4059 201
4060 222
4061 156
4062 176
4063 210
4064 160
4065 207
4066 97
4067 193
4068 205
4069 148
4070 159
4071 161
4072 188
4073 155
4074 173
4075 172
4076 183
4077 132
4078 169
4079 123
4080 168
4081 194
4082 159
4083 179
4084 176
4085 196
4086 176
4087 142
4088 138
4089 150
4090 149
4091 138
4092 183
4093 153
4094 170
4095 166
4096 166
4097 148
4098 141
4099 206
