Vertices: 4200
Edges: 29400
Time: 3,974 ms
Iterations: 29376
Vertex Distance
0 0
1 188
2 154
3 177
4 195
5 206
6 151
7 195
8 177
9 153
10 182
11 185
12 165
13 187
14 202
15 195
16 145
17 156
18 139
19 171
20 141
21 157
22 188
23 193
24 152
25 151
26 145
27 160
28 156
29 140
30 163
31 161
32 150
33 156
34 160
35 200
36 166
37 180
38 170
39 193
40 165
41 202
42 200
43 238
44 260
45 186
46 246
47 155
48 183
49 139
50 169
51 162
52 172
53 162
54 175
55 141
56 169
57 179
58 180
59 185
60 183
61 181
62 149
63 179
64 163
65 196
66 148
67 182
68 170
69 191
70 156
71 142
72 164
73 176
74 158
75 163
76 207
77 183
78 163
79 180
80 173
81 184
82 142
83 158
84 148
85 169
86 206
87 167
88 134
89 185
90 174
91 129
92 181
93 195
94 146
95 165
96 166
97 158
98 203
99 205
100 175
101 141
102 163
103 166
104 188
105 86
106 149
107 183
108 156
109 156
110 135
111 150
112 156
113 183
114 208
115 178
116 160
117 190
118 140
119 167
120 184
121 192
122 130
123 132
124 148
125 202
126 154
127 155
128 196
129 185
130 200
131 182
132 165
133 138
134 167
135 168
136 132
137 187
138 182
139 178
140 135
141 156
142 178
143 195
144 150
145 187
146 183
147 93
148 126
149 205
150 184
151 176
152 149
153 162
154 162
155 169
156 212
157 129
158 157
159 202
160 169
161 173
162 170
163 161
164 166
165 169
166 141
167 153
168 155
169 212
170 102
171 171
172 174
173 181
174 189
175 199
176 173
177 207
178 162
179 215
180 206
181 185
182 169
183 170
184 197
185 185
186 203
187 138
188 178
189 166
190 183
191 135
192 172
193 190
194 134
195 136
196 141
197 182
198 208
199 186
200 175
201 139
202 207
203 158
204 167
205 158
206 186
207 182
208 154
209 190
210 182
211 173
212 189
213 165
214 143
215 180
216 149
217 150
218 163
219 150
220 181
221 192
222 207
223 191
224 156
225 155
226 205
227 182
228 170
229 165
230 197
231 181
232 141
233 219
234 139
235 187
236 190
237 204
238 176
239 176
240 196
241 191
242 162
243 97
244 157
245 162
246 184
247 202
248 258
249 148
250 186
251 183
252 79
253 187
254 173
255 155
256 221
257 214
258 219
259 166
260 193
261 152
262 172
263 182
264 141
265 179
266 214
267 153
268 194
269 126
270 185
271 186
272 137
273 205
274 194
275 168
276 194
277 175
278 179
279 164
280 173
281 158
282 157
283 187
284 244
285 148
286 159
287 180
288 208
289 193
290 189
291 154
292 181
293 185
294 105
295 167
296 172
297 188
298 184
299 202
300 183
301 178
302 190
303 203
304 164
305 190
306 132
307 146
308 224
309 166
310 147
311 134
312 191
313 154
314 149
315 207
316 166
317 203
318 167
319 134
320 194
321 147
322 190
323 174
324 103
325 159
326 184
327 181
328 155
329 157
330 170
331 204
332 184
333 197
334 208
335 185
336 170
337 140
338 189
339 162
340 147
341 210
342 198
343 186
344 200
345 109
346 190
347 151
348 230
349 139
350 226
351 184
352 144
353 179
354 181
355 177
356 144
357 186
358 123
359 114
360 182
361 176
362 153
363 189
364 190
365 157
366 202
367 166
368 163
369 161
370 148
371 161
372 186
373 191
374 156
375 170
376 165
377 137
378 174
379 165
380 146
381 160
382 118
383 126
384 155
385 167
386 149
387 174
388 134
389 138
390 187
391 161
392 178
393 130
394 207
395 163
396 175
397 181
398 172
399 141
400 181
401 147
402 170
403 192
404 178
405 208
406 202
407 193
408 181
409 187
410 134
411 204
412 197
413 157
414 180
415 132
416 181
417 164
418 195
419 145
420 170
421 132
422 127
423 195
424 153
425 189
426 186
427 171
428 205
429 165
430 156
431 135
432 146
433 206
434 208
435 182
436 196
437 150
438 147
439 146
440 156
441 156
442 189
443 200
444 224
445 172
446 153
447 171
448 163
449 172
450 113
451 171
452 151
453 149
454 141
455 201
456 175
457 159
458 156
459 154
460 180
461 160
462 133
463 184
464 179
465 178
466 189
467 127
468 164
469 144
470 162
471 188
472 208
473 156
474 197
475 154
476 205
477 179
478 166
479 154
480 137
481 159
482 159
483 149
484 140
485 214
486 158
487 164
488 162
489 147
490 166
491 200
492 147
493 201
494 186
495 182
496 170
497 184
498 205
499 146
500 188
501 159
502 164
503 202
504 188
505 169
506 120
507 141
508 176
509 159
510 191
511 192
512 184
513 151
514 168
515 181
516 273
517 176
518 206
519 184
520 206
521 167
522 241
523 169
524 170
525 221
526 213
527 124
528 166
529 135
530 115
531 184
532 140
533 188
534 172
535 122
536 164
537 194
538 203
539 185
540 175
541 170
542 161
543 173
544 152
545 137
546 175
547 163
548 171
549 183
550 175
551 190
552 181
553 196
554 182
555 177
556 163
557 154
558 172
559 190
560 191
561 183
562 164
563 187
564 124
565 159
566 179
567 116
568 182
569 144
570 163
571 165
572 130
573 178
574 140
575 154
576 173
577 190
578 178
579 184
580 194
581 182
582 208
583 177
584 160
585 219
586 143
587 132
588 199
589 185
590 175
591 212
592 187
593 178
594 224
595 176
596 151
597 115
598 174
599 134
600 168
601 266
602 185
603 185
604 184
605 189
606 142
607 181
608 180
609 162
610 162
611 162
612 133
613 179
614 218
615 144
616 156
617 176
618 199
619 222
620 124
621 220
622 186
623 143
624 180
625 171
626 187
627 152
628 161
629 158
630 172
631 191
632 152
633 230
634 165
635 165
636 178
637 178
638 178
639 177
640 181
641 193
642 177
643 165
644 180
645 141
646 184
647 154
648 216
649 198
650 151
651 178
652 200
653 212
654 159
655 216
656 182
657 179
658 155
659 176
660 168
661 160
662 171
663 128
664 179
665 206
666 185
667 191
668 165
669 203
670 172
671 189
672 135
673 176
674 172
675 123
676 147
677 171
678 185
679 183
680 185
681 152
682 225
683 205
684 156
685 135
686 213
687 130
688 150
689 230
690 195
691 164
692 110
693 164
694 132
695 216
696 192
697 173
698 189
699 145
700 158
701 176
702 156
703 180
704 216
705 151
706 146
707 160
708 125
709 206
710 148
711 158
712 171
713 145
714 171
715 160
716 127
717 177
718 179
719 168
720 207
721 156
722 178
723 180
724 176
725 160
726 180
727 178
728 214
729 190
730 226
731 212
732 176
733 222
734 130
735 144
736 178
737 176
738 159
739 204
740 157
741 197
742 184
743 141
744 188
745 156
746 138
747 168
748 185
749 160
750 206
751 147
752 170
753 165
754 179
755 164
756 168
757 163
758 143
759 174
760 172
761 103
762 142
763 165
764 176
765 181
766 146
767 144
768 166
769 121
770 166
771 154
772 160
773 174
774 158
775 164
776 160
777 180
778 170
779 183
780 246
781 156
782 154
783 183
784 165
785 180
786 188
787 153
788 179
789 184
790 107
791 197
792 185
793 80
794 149
795 178
796 140
797 172
798 154
799 171
800 200
801 132
802 151
803 151
804 183
805 170
806 173
807 175
808 171
809 175
810 198
811 200
812 132
813 159
814 209
815 103
816 171
817 198
818 154
819 175
820 178
821 191
822 165
823 170
824 150
825 188
826 190
827 159
828 162
829 109
830 159
831 179
832 211
833 188
834 178
835 153
836 121
837 189
838 154
839 162
840 172
841 158
842 168
843 180
844 131
845 231
846 157
847 185
848 177
849 140
850 161
851 186
852 186
853 117
854 184
855 127
856 170
857 187
858 168
859 172
860 201
861 163
862 219
863 125
864 157
865 189
866 163
867 141
868 137
869 194
870 143
871 139
872 193
873 196
874 179
875 188
876 161
877 160
878 159
879 157
880 161
881 185
882 168
883 180
884 195
885 182
886 180
887 168
888 176
889 213
890 162
891 213
892 165
893 173
894 142
895 162
896 182
897 144
898 136
899 178
900 108
901 143
902 186
903 156
904 177
905 151
906 200
907 178
908 190
909 156
910 163
911 187
912 218
913 193
914 159
915 198
916 158
917 163
918 201
919 175
920 149
921 217
922 149
923 147
924 177
925 159
926 213
927 153
928 160
929 169
930 164
931 183
932 142
933 177
934 182
935 214
936 204
937 147
938 157
939 178
940 166
941 149
942 176
943 159
944 194
945 169
946 156
947 189
948 224
949 143
950 166
951 216
952 163
953 142
954 160
955 163
956 165
957 163
958 192
959 148
960 164
961 138
962 174
963 183
964 156
965 176
966 184
967 184
968 161
969 176
970 165
971 135
972 164
973 167
974 181
975 125
976 180
977 184
978 188
979 177
980 162
981 137
982 183
983 170
984 180
985 181
986 186
987 189
988 138
989 183
990 166
991 201
992 128
993 186
994 158
995 198
996 176
997 159
998 204
999 158
1000 132
1001 170
1002 149
1003 196
1004 188
1005 180
1006 157
1007 175
1008 189
1009 110
1010 94
1011 227
1012 165
1013 161
1014 158
1015 156
1016 148
1017 158
1018 216
1019 169
1020 177
1021 190
1022 190
1023 197
1024 166
1025 175
1026 171
1027 177
1028 200
1029 166
1030 136
1031 145
1032 170
1033 207
1034 151
1035 182
1036 167
1037 147
1038 130
1039 190
1040 187
1041 194
1042 157
1043 196
1044 174
1045 175
1046 211
1047 197
1048 159
1049 198
1050 154
1051 182
1052 189
1053 124
1054 140
1055 167
1056 173
1057 183
1058 252
1059 185
1060 186
1061 161
1062 201
1063 165
1064 164
1065 182
1066 170
1067 161
1068 117
1069 159
1070 184
1071 178
1072 142
1073 161
1074 171
1075 176
1076 207
1077 227
1078 179
1079 162
1080 183
1081 174
1082 155
1083 187
1084 151
1085 192
1086 168
1087 167
1088 203
1089 178
1090 174
1091 189
1092 136
1093 139
1094 163
1095 204
1096 173
1097 170
1098 202
1099 143
1100 168
1101 122
1102 189
1103 206
1104 208
1105 154
1106 189
1107 222
1108 135
1109 173
1110 144
1111 174
1112 203
1113 179
1114 165
1115 199
1116 189
1117 189
1118 149
1119 189
1120 102
1121 161
1122 170
1123 165
1124 195
1125 203
1126 186
1127 207
1128 245
1129 210
1130 187
1131 205
1132 94
1133 199
1134 170
1135 189
1136 152
1137 163
1138 217
1139 152
1140 180
1141 186
1142 198
1143 187
1144 195
1145 139
1146 194
1147 176
1148 172
1149 160
1150 184
1151 160
1152 152
1153 151
1154 158
1155 179
1156 173
1157 196
1158 203
1159 123
1160 193
1161 185
1162 168
1163 189
1164 159
1165 189
1166 196
1167 140
1168 208
1169 160
1170 219
1171 111
1172 190
1173 155
1174 144
1175 169
1176 183
1177 167
1178 174
1179 155
1180 185
1181 173
1182 221
1183 229
1184 118
1185 221
1186 152
1187 176
1188 150
1189 99
1190 156
1191 169
1192 205
1193 152
1194 185
1195 118
1196 121
1197 193
1198 118
1199 127
1200 161
1201 188
1202 157
1203 195
1204 176
1205 164
1206 180
1207 177
1208 130
1209 123
1210 171
1211 159
1212 221
1213 139
1214 162
1215 155
1216 165
1217 120
1218 187
1219 196
1220 172
1221 223
1222 163
1223 190
1224 166
1225 183
1226 177
1227 197
1228 194
1229 154
1230 186
1231 178
1232 151
1233 149
1234 171
1235 199
1236 212
1237 182
1238 105
1239 185
1240 174
1241 130
1242 176
1243 186
1244 193
1245 179
1246 172
1247 137
1248 209
1249 153
1250 208
1251 161
1252 192
1253 135
1254 198
1255 184
1256 196
1257 154
1258 208
1259 190
1260 174
1261 176
1262 172
1263 147
1264 181
1265 168
1266 147
1267 172
1268 179
1269 174
1270 170
1271 164
1272 164
1273 158
1274 170
1275 141
1276 171
1277 176
1278 175
1279 164
1280 148
1281 177
1282 209
1283 147
1284 157
1285 172
1286 184
1287 161
1288 153
1289 169
1290 122
1291 186
1292 164
1293 156
1294 147
1295 187
1296 160
1297 149
1298 197
1299 152
1300 161
1301 152
1302 190
1303 173
1304 178
1305 133
1306 90
1307 198
1308 139
1309 160
1310 174
1311 151
1312 178
1313 207
1314 182
1315 191
1316 183
1317 217
1318 229
1319 171
1320 174
1321 211
1322 178
1323 167
1324 168
1325 175
1326 200
1327 141
1328 173
1329 177
1330 175
1331 143
1332 153
1333 157
1334 179
1335 260
1336 119
1337 186
1338 178
1339 163
1340 179
1341 167
1342 177
1343 160
1344 194
1345 160
1346 176
1347 186
1348 210
1349 169
1350 148
1351 145
1352 154
1353 155
1354 156
1355 165
1356 178
1357 199
1358 207
1359 211
1360 154
1361 169
1362 181
1363 182
1364 144
1365 143
1366 169
1367 173
1368 199
1369 158
1370 198
1371 176
1372 108
1373 182
1374 170
1375 168
1376 206
1377 172
1378 143
1379 144
1380 145
1381 177
1382 175
1383 151
1384 157
1385 178
1386 125
1387 177
1388 291
1389 142
1390 172
1391 204
1392 159
1393 184
1394 196
1395 133
1396 159
1397 215
1398 173
1399 201
1400 120
1401 165
1402 223
1403 166
1404 193
1405 211
1406 172
1407 156
1408 159
1409 159
1410 142
1411 175
1412 168
1413 140
1414 166
1415 150
1416 177
1417 184
1418 164
1419 183
1420 178
1421 155
1422 156
1423 181
1424 168
1425 206
1426 162
1427 166
1428 170
1429 157
1430 146
1431 164
1432 167
1433 185
1434 174
1435 183
1436 187
1437 168
1438 176
1439 157
1440 184
1441 208
1442 190
1443 133
1444 173
1445 168
1446 210
1447 150
1448 184
1449 171
1450 178
1451 175
1452 152
1453 172
1454 126
1455 151
1456 120
1457 197
1458 221
1459 204
1460 175
1461 184
1462 167
1463 146
1464 175
1465 207
1466 172
1467 162
1468 177
1469 208
1470 202
1471 133
1472 134
1473 171
1474 150
1475 161
1476 181
1477 166
1478 202
1479 160
1480 168
1481 173
1482 202
1483 178
1484 145
1485 195
1486 154
1487 128
1488 158
1489 205
1490 150
1491 172
1492 161
1493 190
1494 152
1495 175
1496 176
1497 98
1498 165
1499 193
1500 168
1501 147
1502 193
1503 177
1504 168
1505 166
1506 141
1507 165
1508 185
1509 180
1510 166
1511 170
1512 158
1513 169
1514 163
1515 147
1516 167
1517 163
1518 215
1519 182
1520 179
1521 238
1522 188
1523 148
1524 180
1525 162
1526 162
1527 168
1528 177
1529 170
1530 147
1531 182
1532 174
1533 170
1534 158
1535 158
1536 142
1537 160
1538 163
1539 160
1540 137
1541 139
1542 152
1543 178
1544 170
1545 211
1546 161
1547 231
1548 178
1549 148
1550 189
1551 178
1552 183
1553 183
1554 222
1555 159
1556 168
1557 164
1558 183
1559 190
1560 183
1561 174
1562 164
1563 171
1564 177
1565 161
1566 180
1567 180
1568 182
1569 193
1570 165
1571 169
1572 167
1573 156
1574 164
1575 175
1576 154
1577 99
1578 142
1579 154
1580 130
1581 207
1582 201
1583 175
1584 167
1585 173
1586 170
1587 211
1588 150
1589 175
1590 160
1591 158
1592 138
1593 183
1594 225
1595 120
1596 188
1597 131
1598 176
1599 176
1600 145
1601 160
1602 139
1603 147
1604 155
1605 173
1606 165
1607 141
1608 158
1609 187
1610 197
1611 174
1612 167
1613 152
1614 162
1615 148
1616 196
1617 205
1618 179
1619 186
1620 149
1621 191
1622 204
1623 185
1624 195
1625 218
1626 223
1627 191
1628 167
1629 132
1630 171
1631 186
1632 175
1633 125
1634 97
1635 151
1636 184
1637 181
1638 149
1639 165
1640 131
1641 219
1642 162
1643 199
1644 196
1645 207
1646 191
1647 206
1648 169
1649 176
1650 190
1651 179
1652 155
1653 201
1654 192
1655 128
1656 155
1657 198
1658 192
1659 140
1660 162
1661 175
1662 184
1663 178
1664 186
1665 183
1666 168
1667 197
1668 151
1669 127
1670 119
1671 186
1672 133
1673 176
1674 158
1675 141
1676 148
1677 172
1678 146
1679 172
1680 207
1681 161
1682 137
1683 213
1684 200
1685 184
1686 197
1687 153
1688 169
1689 153
1690 180
1691 213
1692 185
1693 197
1694 165
1695 195
1696 132
1697 133
1698 154
1699 210
1700 174
1701 159
1702 129
1703 169
1704 219
1705 164
1706 191
1707 126
1708 174
1709 204
1710 181
1711 192
1712 137
1713 220
1714 186
1715 150
1716 176
1717 181
1718 181
1719 200
1720 168
1721 191
1722 193
1723 142
1724 157
1725 210
1726 203
1727 156
1728 183
1729 170
1730 176
1731 220
1732 155
1733 227
1734 205
1735 152
1736 188
1737 188
1738 221
1739 175
1740 196
1741 172
1742 183
1743 165
1744 200
1745 134
1746 143
1747 164
1748 186
1749 204
1750 168
1751 197
1752 155
1753 154
1754 154
1755 145
1756 112
1757 0
1758 146
1759 153
1760 140
1761 154
1762 159
1763 178
1764 183
1765 173
1766 146
1767 158
1768 173
1769 152
1770 144
1771 195
1772 145
1773 161
1774 194
1775 144
1776 186
1777 168
1778 144
1779 181
1780 164
1781 213
1782 144
1783 181
1784 144
1785 180
1786 222
1787 194
1788 183
1789 164
1790 198
1791 174
1792 191
1793 199
1794 159
1795 178
1796 217
1797 175
1798 138
1799 126
1800 182
1801 200
1802 184
1803 186
1804 144
1805 197
1806 219
1807 218
1808 161
1809 169
1810 182
1811 138
1812 184
1813 171
1814 162
1815 204
1816 151
1817 144
1818 147
1819 190
1820 183
1821 190
1822 174
1823 185
1824 209
1825 194
1826 178
1827 176
1828 178
1829 156
1830 174
1831 169
1832 171
1833 146
1834 188
1835 181
1836 141
1837 169
1838 174
1839 213
1840 157
1841 199
1842 160
1843 173
1844 164
1845 164
1846 162
1847 204
1848 189
1849 189
1850 187
1851 151
1852 195
1853 154
1854 195
1855 149
1856 176
1857 172
1858 179
1859 211
1860 182
1861 174
1862 158
1863 166
1864 153
1865 165
1866 232
1867 138
1868 133
1869 143
1870 192
1871 177
1872 202
1873 176
1874 130
1875 212
1876 171
1877 154
1878 92
1879 217
1880 197
1881 113
1882 165
1883 168
1884 184
1885 183
1886 158
1887 164
1888 159
1889 64
1890 168
1891 219
1892 167
1893 213
1894 165
1895 185
1896 181
1897 183
1898 177
1899 166
1900 141
1901 151
1902 178
1903 163
1904 173
1905 196
1906 171
1907 190
1908 189
1909 176
1910 115
1911 195
1912 201
1913 202
1914 104
1915 147
1916 188
1917 171
1918 173
1919 109
1920 163
1921 181
1922 176
1923 172
1924 211
1925 127
1926 161
1927 121
1928 159
1929 217
1930 160
1931 165
1932 158
1933 221
1934 193
1935 212
1936 178
1937 162
1938 176
1939 173
1940 208
1941 167
1942 126
1943 137
1944 164
1945 195
1946 157
1947 173
1948 158
1949 191
1950 170
1951 154
1952 178
1953 184
1954 139
1955 191
1956 111
1957 188
1958 214
1959 163
1960 172
1961 187
1962 159
1963 182
1964 168
1965 168
1966 186
1967 152
1968 184
1969 187
1970 155
1971 169
1972 177
1973 165
1974 226
1975 156
1976 163
1977 177
1978 212
1979 137
1980 176
1981 167
1982 175
1983 186
1984 155
1985 158
1986 162
1987 155
1988 193
1989 166
1990 184
1991 179
1992 175
1993 142
1994 198
1995 153
1996 194
1997 235
1998 187
1999 183
2000 145
2001 183
2002 204
2003 124
2004 210
2005 152
2006 170
2007 173
2008 124
2009 202
2010 196
2011 158
2012 182
2013 187
2014 167
2015 220
2016 253
2017 151
2018 231
2019 177
2020 186
2021 168
2022 155
2023 156
2024 197
2025 174
2026 205
2027 186
2028 199
2029 177
2030 143
2031 148
2032 163
2033 189
2034 175
2035 169
2036 194
2037 142
2038 155
2039 206
2040 166
2041 210
2042 148
2043 191
2044 195
2045 208
2046 170
2047 150
2048 185
2049 154
2050 131
2051 153
2052 178
2053 155
2054 192
2055 184
2056 145
2057 184
2058 127
2059 162
2060 223
2061 162
2062 169
2063 180
2064 153
2065 175
2066 152
2067 193
2068 188
2069 148
2070 181
2071 159
2072 187
2073 176
2074 147
2075 204
2076 180
2077 183
2078 169
2079 166
2080 140
2081 152
2082 185
2083 184
2084 183
2085 167
2086 166
2087 149
2088 186
2089 152
2090 148
2091 171
2092 185
2093 176
2094 186
2095 170
2096 191
2097 187
2098 166
2099 196
2100 162
2101 103
2102 180
2103 175
2104 174
2105 164
2106 162
2107 154
2108 185
2109 135
2110 168
2111 192
2112 201
2113 181
2114 183
2115 123
2116 150
2117 170
2118 136
2119 161
2120 164
2121 147
2122 177
2123 211
2124 178
2125 91
2126 168
2127 148
2128 214
2129 168
2130 116
2131 196
2132 162
2133 166
2134 140
2135 158
2136 213
2137 174
2138 161
2139 136
2140 160
2141 147
2142 181
2143 135
2144 184
2145 175
2146 166
2147 187
2148 175
2149 177
2150 172
2151 210
2152 194
2153 177
2154 156
2155 148
2156 177
2157 164
2158 195
2159 145
2160 143
2161 168
2162 186
2163 197
2164 189
2165 157
2166 167
2167 165
2168 138
2169 172
2170 182
2171 119
2172 150
2173 165
2174 177
2175 202
2176 185
2177 189
2178 171
2179 159
2180 184
2181 156
2182 143
2183 196
2184 177
2185 170
2186 178
2187 163
2188 158
2189 169
2190 188
2191 154
2192 144
2193 186
2194 175
2195 178
2196 136
2197 203
2198 154
2199 171
2200 196
2201 175
2202 177
2203 172
2204 198
2205 158
2206 155
2207 165
2208 161
2209 176
2210 171
2211 183
2212 190
2213 181
2214 155
2215 215
2216 143
2217 141
2218 133
2219 188
2220 174
2221 150
2222 150
2223 169
2224 165
2225 209
2226 135
2227 156
2228 274
2229 213
2230 158
2231 153
2232 178
2233 183
2234 187
2235 148
2236 171
2237 175
2238 174
2239 102
2240 181
2241 190
2242 173
2243 166
2244 173
2245 139
2246 206
2247 181
2248 204
2249 168
2250 158
2251 166
2252 170
2253 170
2254 214
2255 171
2256 180
2257 170
2258 216
2259 175
2260 174
2261 124
2262 181
2263 162
2264 150
2265 177
2266 173
2267 201
2268 176
2269 199
2270 161
2271 189
2272 200
2273 176
2274 184
2275 147
2276 160
2277 158
2278 136
2279 224
2280 174
2281 172
2282 139
2283 197
2284 157
2285 172
2286 179
2287 167
2288 165
2289 172
2290 168
2291 163
2292 176
2293 212
2294 195
2295 189
2296 181
2297 163
2298 181
2299 216
2300 191
2301 162
2302 208
2303 138
2304 172
2305 176
2306 178
2307 162
2308 151
2309 162
2310 182
2311 159
2312 165
2313 151
2314 150
2315 133
2316 160
2317 175
2318 188
2319 158
2320 167
2321 184
2322 159
2323 196
2324 198
2325 195
2326 156
2327 172
2328 175
2329 197
2330 169
2331 129
2332 163
2333 189
2334 116
2335 159
2336 184
2337 206
2338 189
2339 135
2340 132
2341 200
2342 196
2343 208
2344 140
2345 168
2346 186
2347 173
2348 178
2349 216
2350 135
2351 160
2352 181
2353 155
2354 140
2355 172
2356 178
2357 195
2358 134
2359 211
2360 170
2361 200
2362 165
2363 170
2364 157
2365 158
2366 150
2367 176
2368 170
2369 165
2370 217
2371 228
2372 149
2373 171
2374 150
2375 150
2376 192
2377 165
2378 195
2379 177
2380 183
2381 175
2382 140
2383 171
2384 173
2385 193
2386 153
2387 204
2388 185
2389 212
2390 199
2391 156
2392 154
2393 188
2394 162
2395 219
2396 200
2397 177
2398 175
2399 158
2400 168
2401 159
2402 143
2403 166
2404 170
2405 162
2406 188
2407 196
2408 186
2409 163
2410 192
2411 185
2412 149
2413 204
2414 198
2415 144
2416 186
2417 186
2418 149
2419 156
2420 175
2421 176
2422 155
2423 207
2424 193
2425 170
2426 232
2427 226
2428 156
2429 179
2430 191
2431 83
2432 154
2433 163
2434 152
2435 179
2436 191
2437 180
2438 144
2439 166
2440 167
2441 154
2442 154
2443 149
2444 179
2445 179
2446 173
2447 201
2448 138
2449 154
2450 161
2451 156
2452 207
2453 175
2454 209
2455 130
2456 183
2457 149
2458 108
2459 209
2460 198
2461 172
2462 176
2463 197
2464 178
2465 117
2466 131
2467 154
2468 165
2469 151
2470 145
2471 151
2472 179
2473 143
2474 209
2475 173
2476 188
2477 154
2478 138
2479 176
2480 137
2481 185
2482 132
2483 162
2484 165
2485 163
2486 153
2487 206
2488 150
2489 182
2490 142
2491 190
2492 162
2493 185
2494 185
2495 169
2496 140
2497 191
2498 150
2499 179
2500 194
2501 173
2502 206
2503 159
2504 182
2505 158
2506 134
2507 157
2508 144
2509 197
2510 188
2511 189
2512 148
2513 112
2514 150
2515 150
2516 192
2517 195
2518 165
2519 133
2520 183
2521 167
2522 171
2523 180
2524 147
2525 168
2526 173
2527 164
2528 173
2529 166
2530 184
2531 175
2532 190
2533 143
2534 195
2535 143
2536 136
2537 150
2538 119
2539 147
2540 182
2541 177
2542 168
2543 148
2544 185
2545 187
2546 145
2547 210
2548 187
2549 178
2550 165
2551 162
2552 211
2553 125
2554 178
2555 97
2556 156
2557 154
2558 156
2559 174
2560 172
2561 184
2562 187
2563 145
2564 166
2565 161
2566 174
2567 145
2568 202
2569 189
2570 175
2571 191
2572 147
2573 153
2574 153
2575 183
2576 199
2577 144
2578 172
2579 174
2580 207
2581 178
2582 175
2583 145
2584 209
2585 148
2586 180
2587 167
2588 179
2589 176
2590 207
2591 131
2592 157
2593 156
2594 145
2595 122
2596 180
2597 169
2598 149
2599 167
2600 155
2601 174
2602 172
2603 228
2604 155
2605 120
2606 222
2607 167
2608 184
2609 178
2610 140
2611 185
2612 176
2613 196
2614 195
2615 166
2616 172
2617 212
2618 200
2619 185
2620 178
2621 138
2622 150
2623 201
2624 216
2625 175
2626 133
2627 187
2628 233
2629 155
2630 201
2631 155
2632 193
2633 183
2634 185
2635 228
2636 167
2637 184
2638 204
2639 181
2640 186
2641 187
2642 172
2643 204
2644 202
2645 145
2646 181
2647 133
2648 137
2649 173
2650 184
2651 185
2652 186
2653 163
2654 171
2655 142
2656 151
2657 233
2658 262
2659 210
2660 166
2661 162
2662 230
2663 169
2664 185
2665 203
2666 149
2667 185
2668 155
2669 194
2670 185
2671 186
2672 145
2673 174
2674 201
2675 143
2676 156
2677 166
2678 155
2679 192
2680 165
2681 161
2682 183
2683 179
2684 172
2685 160
2686 164
2687 209
2688 195
2689 166
2690 210
2691 101
2692 154
2693 203
2694 153
2695 172
2696 213
2697 161
2698 171
2699 236
2700 149
2701 176
2702 146
2703 196
2704 175
2705 140
2706 180
2707 154
2708 233
2709 148
2710 132
2711 186
2712 178
2713 112
2714 171
2715 128
2716 209
2717 141
2718 209
2719 242
2720 238
2721 170
2722 155
2723 191
2724 199
2725 190
2726 197
2727 220
2728 202
2729 131
2730 191
2731 116
2732 163
2733 182
2734 161
2735 189
2736 184
2737 214
2738 184
2739 140
2740 188
2741 174
2742 133
2743 179
2744 138
2745 147
2746 179
2747 200
2748 161
2749 194
2750 133
2751 174
2752 149
2753 165
2754 170
2755 142
2756 179
2757 169
2758 149
2759 178
2760 193
2761 179
2762 174
2763 157
2764 166
2765 179
2766 178
2767 142
2768 154
2769 150
2770 148
2771 160
2772 183
2773 150
2774 147
2775 143
2776 158
2777 171
2778 148
2779 194
2780 126
2781 135
2782 185
2783 172
2784 190
2785 172
2786 227
2787 155
2788 124
2789 176
2790 157
2791 164
2792 132
2793 176
2794 157
2795 174
2796 172
2797 170
2798 142
2799 186
2800 150
2801 177
2802 154
2803 108
2804 197
2805 164
2806 190
2807 202
2808 162
2809 160
2810 146
2811 92
2812 169
2813 114
2814 139
2815 160
2816 166
2817 186
2818 174
2819 189
2820 201
2821 191
2822 187
2823 168
2824 163
2825 162
2826 150
2827 195
2828 184
2829 169
2830 179
2831 165
2832 179
2833 208
2834 151
2835 126
2836 191
2837 208
2838 197
2839 126
2840 192
2841 149
2842 142
2843 173
2844 177
2845 207
2846 172
2847 116
2848 181
2849 156
2850 139
2851 186
2852 151
2853 161
2854 165
2855 136
2856 169
2857 168
2858 166
2859 134
2860 146
2861 158
2862 187
2863 247
2864 167
2865 127
2866 176
2867 204
2868 210
2869 192
2870 173
2871 181
2872 142
2873 164
2874 155
2875 220
2876 147
2877 232
2878 171
2879 205
2880 182
2881 191
2882 165
2883 162
2884 62
2885 118
2886 165
2887 145
2888 157
2889 149
2890 150
2891 156
2892 133
2893 144
2894 167
2895 151
2896 91
2897 149
2898 178
2899 140
2900 211
2901 171
2902 180
2903 146
2904 179
2905 177
2906 164
2907 184
2908 141
2909 178
2910 170
2911 145
2912 220
2913 201
2914 182
2915 188
2916 193
2917 193
2918 169
2919 164
2920 177
2921 168
2922 145
2923 119
2924 203
2925 176
2926 158
2927 187
2928 187
2929 154
2930 151
2931 176
2932 252
2933 148
2934 211
2935 166
2936 152
2937 181
2938 158
2939 231
2940 179
2941 174
2942 168
2943 174
2944 177
2945 177
2946 175
2947 208
2948 192
2949 187
2950 121
2951 141
2952 192
2953 179
2954 116
2955 178
2956 128
2957 142
2958 198
2959 173
2960 192
2961 181
2962 162
2963 160
2964 193
2965 187
2966 155
2967 133
2968 167
2969 161
2970 179
2971 166
2972 161
2973 186
2974 188
2975 128
2976 175
2977 189
2978 139
2979 176
2980 204
2981 105
2982 157
2983 162
2984 190
2985 183
2986 151
2987 139
2988 164
2989 179
2990 183
2991 177
2992 186
2993 195
2994 161
2995 159
2996 168
2997 179
2998 157
2999 151
3000 126
3001 132
3002 171
3003 177
3004 155
3005 191
3006 196
3007 199
3008 142
3009 175
3010 162
3011 127
3012 169
3013 174
3014 126
3015 154
3016 141
3017 103
3018 173
3019 172
3020 200
3021 162
3022 130
3023 158
3024 154
3025 142
3026 204
3027 187
3028 206
3029 149
3030 199
3031 191
3032 153
3033 217
3034 162
3035 151
3036 124
3037 188
3038 162
3039 165
3040 171
3041 175
3042 140
3043 139
3044 65
3045 197
3046 202
3047 174
3048 178
3049 205
3050 166
3051 173
3052 159
3053 252
3054 192
3055 179
3056 171
3057 167
3058 169
3059 169
3060 187
3061 102
3062 175
3063 213
3064 187
3065 159
3066 177
3067 223
3068 172
3069 179
3070 157
3071 182
3072 154
3073 149
3074 174
3075 167
3076 168
3077 174
3078 166
3079 148
3080 138
3081 117
3082 151
3083 169
3084 189
3085 179
3086 118
3087 124
3088 134
3089 130
3090 201
3091 153
3092 202
3093 175
3094 227
3095 0
3096 148
3097 151
3098 229
3099 132
3100 159
3101 169
3102 184
3103 230
3104 301
3105 174
3106 125
3107 159
3108 161
3109 177
3110 165
3111 171
3112 206
3113 194
3114 206
3115 190
3116 195
3117 182
3118 131
3119 161
3120 190
3121 169
3122 221
3123 161
3124 181
3125 167
3126 196
3127 143
3128 140
3129 171
3130 147
3131 165
3132 175
3133 165
3134 178
3135 194
3136 195
3137 110
3138 187
3139 165
3140 254
3141 175
3142 180
3143 158
3144 215
3145 204
3146 161
3147 145
3148 158
3149 105
3150 176
3151 177
3152 170
3153 180
3154 207
3155 184
3156 164
3157 194
3158 189
3159 217
3160 131
3161 150
3162 169
3163 150
3164 232
3165 170
3166 198
3167 168
3168 140
3169 152
3170 201
3171 161
3172 171
3173 193
3174 164
3175 212
3176 172
3177 147
3178 184
3179 122
3180 132
3181 143
3182 145
3183 174
3184 155
3185 148
3186 159
3187 158
3188 158
3189 99
3190 161
3191 72
3192 152
3193 174
3194 171
3195 180
3196 170
3197 164
3198 114
3199 155
3200 160
3201 216
3202 212
3203 144
3204 182
3205 156
3206 134
3207 172
3208 182
3209 186
3210 202
3211 192
3212 140
3213 144
3214 134
3215 153
3216 165
3217 180
3218 200
3219 196
3220 162
3221 172
3222 98
3223 186
3224 131
3225 172
3226 187
3227 193
3228 188
3229 172
3230 152
3231 133
3232 158
3233 153
3234 147
3235 174
3236 160
3237 194
3238 159
3239 180
3240 146
3241 175
3242 149
3243 179
3244 152
3245 199
3246 179
3247 143
3248 170
3249 194
3250 178
3251 193
3252 186
3253 150
3254 168
3255 168
3256 140
3257 239
3258 165
3259 148
3260 145
3261 167
3262 170
3263 178
3264 182
3265 147
3266 272
3267 173
3268 203
3269 153
3270 172
3271 154
3272 177
3273 190
3274 172
3275 187
3276 159
3277 118
3278 143
3279 186
3280 147
3281 178
3282 182
3283 163
3284 148
3285 169
3286 150
3287 153
3288 151
3289 146
3290 138
3291 213
3292 178
3293 148
3294 234
3295 162
3296 193
3297 188
3298 180
3299 169
3300 161
3301 173
3302 129
3303 157
3304 168
3305 115
3306 172
3307 163
3308 192
3309 195
3310 204
3311 175
3312 169
3313 179
3314 149
3315 138
3316 175
3317 164
3318 175
3319 0
3320 142
3321 175
3322 139
3323 135
3324 153
3325 199
3326 177
3327 160
3328 177
3329 184
3330 157
3331 158
3332 183
3333 200
3334 182
3335 208
3336 178
3337 139
3338 152
3339 194
3340 138
3341 188
3342 115
3343 146
3344 175
3345 157
3346 198
3347 153
3348 168
3349 193
3350 183
3351 170
3352 179
3353 97
3354 167
3355 133
3356 177
3357 191
3358 166
3359 172
3360 202
3361 148
3362 158
3363 175
3364 159
3365 215
3366 219
3367 160
3368 196
3369 153
3370 201
3371 174
3372 197
3373 151
3374 142
3375 179
3376 180
3377 171
3378 129
3379 153
3380 160
3381 240
3382 201
3383 155
3384 156
3385 168
3386 186
3387 182
3388 211
3389 161
3390 178
3391 169
3392 204
3393 188
3394 134
3395 129
3396 158
3397 162
3398 147
3399 171
3400 198
3401 139
3402 235
3403 160
3404 183
3405 172
3406 177
3407 188
3408 150
3409 113
3410 196
3411 208
3412 193
3413 154
3414 175
3415 183
3416 150
3417 151
3418 189
3419 222
3420 182
3421 175
3422 189
3423 179
3424 151
3425 162
3426 222
3427 143
3428 170
3429 170
3430 176
3431 162
3432 204
3433 166
3434 154
3435 147
3436 178
3437 204
3438 157
3439 142
3440 180
3441 195
3442 155
3443 221
3444 149
3445 148
3446 166
3447 201
3448 156
3449 183
3450 126
3451 164
3452 150
3453 159
3454 205
3455 120
3456 69
3457 179
3458 161
3459 119
3460 164
3461 180
3462 148
3463 191
3464 154
3465 159
3466 134
3467 192
3468 164
3469 159
3470 102
3471 145
3472 186
3473 185
3474 198
3475 199
3476 162
3477 182
3478 168
3479 158
3480 182
3481 152
3482 194
3483 155
3484 171
3485 193
3486 157
3487 204
3488 176
3489 196
3490 158
3491 158
3492 210
3493 176
3494 179
3495 176
3496 231
3497 197
3498 203
3499 150
3500 170
3501 114
3502 196
3503 156
3504 160
3505 146
3506 196
3507 189
3508 171
3509 165
3510 189
3511 141
3512 171
3513 174
3514 90
3515 152
3516 204
3517 175
3518 157
3519 194
3520 151
3521 182
3522 169
3523 147
3524 142
3525 193
3526 147
3527 174
3528 164
3529 180
3530 205
3531 173
3532 198
3533 154
3534 142
3535 164
3536 182
3537 199
3538 193
3539 158
3540 143
3541 263
3542 152
3543 180
3544 121
3545 188
3546 169
3547 179
3548 154
3549 151
3550 194
3551 162
3552 160
3553 213
3554 162
3555 137
3556 170
3557 170
3558 218
3559 154
3560 175
3561 193
3562 158
3563 208
3564 168
3565 185
3566 122
3567 189
3568 152
3569 139
3570 183
3571 155
3572 134
3573 166
3574 188
3575 147
3576 172
3577 203
3578 192
3579 152
3580 211
3581 177
3582 214
3583 184
3584 179
3585 157
3586 171
3587 160
3588 165
3589 162
3590 187
3591 207
3592 183
3593 193
3594 175
3595 175
3596 150
3597 136
3598 163
3599 192
3600 161
3601 175
3602 246
3603 160
3604 197
3605 164
3606 171
3607 186
3608 230
3609 201
3610 193
3611 186
3612 196
3613 188
3614 149
3615 149
3616 218
3617 167
3618 160
3619 175
3620 167
3621 169
3622 191
3623 199
3624 126
3625 183
3626 160
3627 181
3628 173
3629 153
3630 157
3631 138
3632 174
3633 187
3634 155
3635 98
3636 194
3637 145
3638 171
3639 181
3640 193
3641 186
3642 156
3643 169
3644 166
3645 197
3646 175
3647 172
3648 186
3649 169
3650 231
3651 142
3652 176
3653 170
3654 136
3655 171
3656 147
3657 145
3658 129
3659 163
3660 149
3661 175
3662 195
3663 270
3664 183
3665 174
3666 171
3667 195
3668 170
3669 178
3670 111
3671 202
3672 117
3673 141
3674 130
3675 190
3676 160
3677 152
3678 168
3679 166
3680 203
3681 200
3682 137
3683 202
3684 178
3685 193
3686 162
3687 137
3688 124
3689 149
3690 210
3691 192
3692 163
3693 180
3694 142
3695 95
3696 197
3697 170
3698 173
3699 178
3700 190
3701 212
3702 180
3703 193
3704 167
3705 164
3706 161
3707 170
3708 174
3709 256
3710 220
3711 175
3712 154
3713 172
3714 166
3715 156
3716 121
3717 209
3718 155
3719 161
3720 210
3721 178
3722 182
3723 188
3724 197
3725 124
3726 180
3727 193
3728 183
3729 161
3730 189
3731 172
3732 146
3733 198
3734 196
3735 245
3736 187
3737 224
3738 168
3739 182
3740 153
3741 129
3742 199
3743 149
3744 180
3745 178
3746 160
3747 174
3748 157
3749 122
3750 143
3751 168
3752 196
3753 139
3754 205
3755 158
3756 133
3757 139
3758 194
3759 153
3760 164
3761 166
3762 151
3763 193
3764 146
3765 154
3766 152
3767 187
3768 151
3769 165
3770 121
3771 154
3772 167
3773 152
3774 175
3775 140
3776 158
3777 117
3778 173
3779 127
3780 206
3781 180
3782 176
3783 169
3784 179
3785 194
3786 158
3787 172
3788 168
3789 157
3790 160
3791 156
3792 205
3793 201
3794 177
3795 251
3796 173
3797 143
3798 204
3799 168
3800 179
3801 148
3802 213
3803 195
3804 188
3805 139
3806 156
3807 159
3808 142
3809 184
3810 151
3811 179
3812 197
3813 192
3814 189
3815 187
3816 176
3817 163
3818 166
3819 209
3820 183
3821 181
3822 182
3823 168
3824 178
3825 200
3826 172
3827 178
3828 186
3829 139
3830 158
3831 145
3832 110
3833 122
3834 153
3835 170
3836 166
3837 157
3838 215
3839 184
3840 152
3841 164
3842 195
3843 176
3844 197
3845 192
3846 190
3847 178
3848 161
3849 153
3850 163
3851 155
3852 165
3853 237
3854 254
3855 135
3856 171
3857 178
3858 175
3859 153
3860 156
3861 190
3862 152
3863 165
3864 179
3865 174
3866 206
3867 201
3868 146
3869 234
3870 151
3871 165
3872 178
3873 149
3874 171
3875 164
3876 185
3877 155
3878 193
3879 214
3880 165
3881 174
3882 193
3883 211
3884 101
3885 246
3886 175
3887 159
3888 164
3889 201
3890 156
3891 160
3892 162
3893 179
3894 224
3895 193
3896 157
3897 186
3898 153
3899 146
3900 200
3901 175
3902 159
3903 183
3904 161
3905 202
3906 179
3907 194
3908 202
3909 160
3910 202
3911 183
3912 169
3913 194
3914 141
3915 137
3916 178
3917 180
3918 160
3919 197
3920 172
3921 199
3922 156
3923 186
3924 197
3925 179
3926 168
3927 162
3928 171
3929 171
3930 215
3931 189
3932 199
3933 194
3934 149
3935 169
3936 188
3937 187
3938 181
3939 186
3940 146
3941 133
3942 173
3943 162
3944 131
3945 151
3946 196
3947 169
3948 119
3949 192
3950 210
3951 159
3952 206
3953 189
3954 161
3955 184
3956 152
3957 148
3958 142
3959 189
3960 187
3961 161
3962 141
3963 156
3964 204
3965 124
3966 160
3967 177
3968 173
3969 191
3970 179
3971 167
3972 169
3973 159
3974 139
3975 100
3976 179
3977 177
3978 179
3979 167
3980 141
3981 221
3982 170
3983 146
3984 164
3985 143
3986 78
3987 207
3988 152
3989 220
3990 159
3991 142
3992 128
3993 177
3994 139
3995 184
3996 133
3997 188
3998 178
3999 201
4000 195
4001 178
4002 143
4003 182
4004 166
4005 199
4006 144
4007 166
4008 104
4009 173
4010 197
4011 172
4012 156
4013 161
4014 166
4015 157
4016 116
4017 169
4018 221
4019 150
4020 165
4021 129
4022 157
4023 199
4024 157
4025 129
4026 173
4027 193
4028 212
4029 179
4030 182
4031 144
4032 155
4033 176
4034 183
4035 122
4036 199
4037 170
4038 168
4039 149
4040 252
4041 161
4042 166
4043 234
4044 197
4045 206
4046 142
4047 190
4048 170
4049 144
4050 202
4051 180
4052 150
4053 202
4054 162
4055 153
4056 189
4057 160
4058 199
4059 161
4060 146
4061 221
4062 176
4063 206
4064 167
4065 0
4066 158
4067 212
4068 185
4069 129
4070 162
4071 134
4072 208
4073 184
4074 151
4075 147
4076 162
4077 179
4078 174
4079 187
4080 178
4081 161
4082 152
4083 169
4084 156
4085 174
4086 165
4087 158
4088 116
4089 154
4090 173
4091 146
4092 182
4093 158
4094 111
4095 182
4096 213
4097 192
4098 189
4099 185
4100 170
4101 132
4102 194
4103 207
4104 169
4105 154
4106 129
4107 196
4108 157
4109 114
4110 184
4111 182
4112 137
4113 174
4114 148
4115 172
4116 168
4117 166
4118 181
4119 199
4120 187
4121 176
4122 172
4123 165
4124 140
4125 188
4126 173
4127 109
4128 274
4129 166
4130 133
4131 147
4132 148
4133 149
4134 200
4135 158
4136 144
4137 149
4138 138
4139 201
4140 212
4141 180
4142 149
4143 274
4144 178
4145 161
4146 179
4147 121
4148 168
4149 146
4150 183
4151 168
4152 170
4153 158
4154 192
4155 182
4156 193
4157 160
4158 207
4159 172
4160 179
4161 154
4162 164
4163 235
4164 157
4165 165
4166 143
4167 157
4168 199
4169 167
4170 171
4171 169
4172 176
4173 152
4174 167
4175 171
4176 220
4177 171
4178 176
4179 199
4180 162
4181 210
4182 222
4183 192
4184 163
4185 180
4186 182
4187 116
4188 131
4189 162
4190 197
4191 156
4192 177
4193 183
4194 150
4195 141
4196 197
4197 177
4198 216
4199 166
