Vertices: 3200
Edges: 22400
Time: 0,949 ms
Iterations: 22360
Vertex Distance
0 0
1 141
2 184
3 148
4 150
5 114
6 147
7 110
8 89
9 139
10 147
11 108
12 114
13 103
14 136
15 145
16 151
17 149
18 119
19 83
20 146
21 116
22 121
23 152
24 128
25 143
26 125
27 127
28 97
29 132
30 98
31 145
32 154
33 105
34 98
35 125
36 83
37 98
38 150
39 131
40 152
41 86
42 122
43 118
44 147
45 103
46 130
47 159
48 107
49 145
50 115
51 133
52 128
53 116
54 116
55 137
56 168
57 130
58 131
59 139
60 147
61 174
62 138
63 153
64 216
65 167
66 88
67 112
68 163
69 117
70 124
71 174
72 134
73 106
74 175
75 108
76 144
77 159
78 111
79 163
80 140
81 107
82 137
83 128
84 138
85 91
86 129
87 153
88 129
89 117
90 137
91 93
92 165
93 77
94 123
95 128
96 110
97 104
98 131
99 140
100 123
101 116
102 103
103 145
104 66
105 132
106 156
107 125
108 94
109 112
110 136
111 110
112 160
113 100
114 120
115 112
116 139
117 155
118 141
119 115
120 159
121 155
122 136
123 116
124 139
125 182
126 109
127 203
128 164
129 145
130 128
131 158
132 164
133 116
134 119
135 186
136 173
137 126
138 147
139 166
140 125
141 149
142 134
143 141
144 113
145 138
146 130
147 122
148 147
149 102
150 137
151 130
152 114
153 101
154 150
155 150
156 96
157 120
158 94
159 163
160 125
161 138
162 113
163 138
164 132
165 125
166 128
167 114
168 140
169 134
170 115
171 143
172 136
173 171
174 111
175 111
176 128
177 126
178 141
179 114
180 135
181 153
182 139
183 119
184 121
185 132
186 121
187 118
188 107
189 107
190 151
191 113
192 136
193 101
194 149
195 100
196 73
197 149
198 134
199 182
200 143
201 110
202 158
203 147
204 122
205 151
206 120
207 85
208 120
209 124
210 145
211 118
212 121
213 82
214 152
215 99
216 123
217 136
218 66
219 135
220 116
221 158
222 112
223 130
224 131
225 117
226 135
227 95
228 99
229 135
230 175
231 121
232 123
233 152
234 144
235 125
236 151
237 117
238 138
239 143
240 154
241 130
242 103
243 105
244 164
245 139
246 73
247 143
248 124
249 156
250 102
251 131
252 120
253 170
254 143
255 133
256 89
257 105
258 156
259 120
260 117
261 123
262 118
263 129
264 153
265 111
266 86
267 99
268 169
269 101
270 120
271 101
272 118
273 95
274 154
275 141
276 200
277 115
278 103
279 188
280 151
281 99
282 105
283 151
284 149
285 121
286 160
287 148
288 82
289 176
290 124
291 124
292 125
293 84
294 103
295 127
296 141
297 146
298 89
299 132
300 156
301 129
302 154
303 144
304 134
305 173
306 124
307 152
308 89
309 105
310 70
311 108
312 90
313 124
314 161
315 139
316 125
317 138
318 128
319 141
320 106
321 143
322 129
323 137
324 124
325 145
326 128
327 159
328 109
329 110
330 133
331 124
332 141
333 123
334 142
335 149
336 157
337 81
338 92
339 144
340 145
341 110
342 131
343 136
344 112
345 141
346 114
347 89
348 138
349 145
350 132
351 161
352 75
353 162
354 101
355 185
356 128
357 114
358 133
359 113
360 63
361 125
362 133
363 130
364 62
365 104
366 101
367 92
368 131
369 89
370 144
371 127
372 115
373 121
374 141
375 112
376 134
377 123
378 123
379 125
380 68
381 122
382 118
383 99
384 130
385 124
386 130
387 139
388 129
389 163
390 150
391 89
392 132
393 119
394 114
395 122
396 103
397 92
398 165
399 84
400 123
401 131
402 126
403 132
404 129
405 97
406 125
407 149
408 117
409 120
410 121
411 152
412 90
413 138
414 116
415 127
416 164
417 128
418 113
419 144
420 96
421 98
422 0
423 114
424 111
425 118
426 65
427 140
428 135
429 138
430 111
431 133
432 108
433 114
434 122
435 118
436 50
437 107
438 122
439 118
440 133
441 132
442 72
443 114
444 174
445 144
446 68
447 123
448 126
449 154
450 117
451 164
452 115
453 110
454 139
455 137
456 160
457 106
458 79
459 135
460 77
461 106
462 165
463 127
464 120
465 138
466 87
467 88
468 158
469 137
470 120
471 147
472 96
473 127
474 126
475 139
476 115
477 147
478 121
479 119
480 139
481 158
482 103
483 136
484 123
485 121
486 127
487 145
488 124
489 137
490 131
491 136
492 165
493 126
494 156
495 164
496 123
497 105
498 117
499 107
500 120
501 108
502 169
503 126
504 145
505 139
506 192
507 126
508 162
509 118
510 109
511 109
512 142
513 130
514 137
515 133
516 115
517 133
518 107
519 179
520 132
521 95
522 149
523 122
524 152
525 109
526 98
527 123
528 139
529 116
530 85
531 131
532 125
533 135
534 129
535 94
536 102
537 160
538 71
539 130
540 95
541 160
542 160
543 159
544 131
545 184
546 215
547 136
548 133
549 88
550 126
551 154
552 134
553 189
554 142
555 139
556 124
557 135
558 130
559 207
560 131
561 105
562 124
563 116
564 129
565 128
566 154
567 105
568 122
569 135
570 153
571 130
572 181
573 137
574 149
575 127
576 142
577 92
578 163
579 168
580 141
581 120
582 139
583 122
584 130
585 101
586 121
587 150
588 135
589 183
590 133
591 130
592 141
593 132
594 160
595 132
596 177
597 124
598 117
599 111
600 134
601 117
602 119
603 142
604 93
605 116
606 159
607 117
608 126
609 43
610 123
611 178
612 147
613 106
614 189
615 124
616 94
617 169
618 68
619 112
620 154
621 158
622 158
623 111
624 143
625 138
626 131
627 124
628 119
629 138
630 124
631 138
632 113
633 159
634 172
635 106
636 154
637 128
638 163
639 122
640 167
641 144
642 171
643 125
644 144
645 138
646 103
647 131
648 119
649 109
650 125
651 117
652 134
653 120
654 152
655 152
656 127
657 135
658 125
659 104
660 122
661 111
662 187
663 159
664 115
665 187
666 98
667 148
668 73
669 131
670 144
671 77
672 170
673 173
674 156
675 121
676 124
677 121
678 130
679 98
680 150
681 4
682 119
683 117
684 129
685 56
686 138
687 104
688 131
689 129
690 143
691 136
692 147
693 126
694 122
695 95
696 115
697 78
698 148
699 119
700 118
701 134
702 87
703 126
704 125
705 108
706 179
707 129
708 100
709 154
710 124
711 130
712 138
713 56
714 79
715 137
716 98
717 127
718 134
719 143
720 135
721 93
722 136
723 105
724 154
725 74
726 130
727 125
728 163
729 123
730 113
731 94
732 135
733 139
734 165
735 129
736 114
737 151
738 147
739 60
740 105
741 111
742 83
743 136
744 170
745 156
746 130
747 114
748 119
749 87
750 111
751 109
752 97
753 140
754 109
755 89
756 124
757 142
758 122
759 110
760 143
761 66
762 122
763 106
764 150
765 125
766 71
767 119
768 86
769 79
770 116
771 115
772 120
773 147
774 117
775 129
776 104
777 106
778 186
779 155
780 142
781 109
782 166
783 156
784 139
785 82
786 164
787 124
788 104
789 106
790 134
791 127
792 161
793 108
794 183
795 112
796 106
797 154
798 123
799 110
800 120
801 121
802 222
803 185
804 139
805 138
806 153
807 102
808 92
809 125
810 149
811 174
812 91
813 166
814 156
815 138
816 163
817 157
818 139
819 96
820 159
821 143
822 127
823 119
824 120
825 113
826 134
827 62
828 155
829 150
830 129
831 176
832 139
833 190
834 115
835 119
836 84
837 123
838 109
839 206
840 174
841 135
842 123
843 130
844 132
845 186
846 154
847 138
848 148
849 122
850 123
851 138
852 111
853 72
854 111
855 120
856 132
857 124
858 104
859 153
860 117
861 146
862 152
863 117
864 136
865 129
866 158
867 43
868 167
869 189
870 115
871 148
872 114
873 173
874 130
875 131
876 128
877 104
878 128
879 128
880 121
881 134
882 148
883 123
884 142
885 136
886 139
887 64
888 164
889 150
890 138
891 126
892 139
893 137
894 128
895 159
896 90
897 84
898 147
899 102
900 143
901 140
902 64
903 156
904 139
905 163
906 123
907 142
908 72
909 130
910 191
911 115
912 133
913 107
914 124
915 135
916 135
917 118
918 148
919 120
920 169
921 147
922 136
923 126
924 95
925 99
926 113
927 139
928 151
929 128
930 82
931 161
932 104
933 130
934 98
935 120
936 148
937 158
938 157
939 108
940 137
941 132
942 147
943 128
944 118
945 79
946 131
947 115
948 137
949 81
950 138
951 64
952 110
953 110
954 129
955 111
956 119
957 157
958 111
959 189
960 144
961 135
962 147
963 155
964 129
965 116
966 149
967 132
968 107
969 119
970 126
971 157
972 181
973 131
974 179
975 115
976 132
977 124
978 108
979 133
980 97
981 121
982 144
983 182
984 127
985 91
986 138
987 132
988 127
989 152
990 161
991 112
992 136
993 95
994 125
995 140
996 107
997 0
998 170
999 117
1000 106
1001 105
1002 145
1003 56
1004 164
1005 137
1006 175
1007 140
1008 112
1009 130
1010 127
1011 107
1012 165
1013 119
1014 135
1015 154
1016 137
1017 173
1018 117
1019 91
1020 72
1021 181
1022 131
1023 130
1024 103
1025 97
1026 120
1027 77
1028 143
1029 129
1030 117
1031 156
1032 110
1033 115
1034 125
1035 117
1036 142
1037 109
1038 115
1039 87
1040 67
1041 118
1042 111
1043 145
1044 139
1045 123
1046 104
1047 116
1048 153
1049 142
1050 141
1051 116
1052 122
1053 139
1054 76
1055 127
1056 160
1057 129
1058 156
1059 156
1060 133
1061 149
1062 130
1063 114
1064 115
1065 95
1066 81
1067 154
1068 144
1069 124
1070 121
1071 117
1072 78
1073 158
1074 143
1075 174
1076 139
1077 130
1078 131
1079 117
1080 104
1081 72
1082 163
1083 111
1084 150
1085 117
1086 111
1087 148
1088 105
1089 149
1090 129
1091 132
1092 113
1093 163
1094 117
1095 141
1096 128
1097 144
1098 202
1099 69
1100 116
1101 129
1102 123
1103 149
1104 105
1105 122
1106 119
1107 151
1108 218
1109 160
1110 117
1111 197
1112 124
1113 109
1114 87
1115 116
1116 110
1117 144
1118 107
1119 128
1120 220
1121 111
1122 228
1123 136
1124 96
1125 85
1126 122
1127 111
1128 101
1129 110
1130 115
1131 124
1132 119
1133 154
1134 99
1135 104
1136 123
1137 114
1138 113
1139 169
1140 183
1141 116
1142 137
1143 86
1144 112
1145 102
1146 129
1147 81
1148 121
1149 112
1150 137
1151 102
1152 120
1153 117
1154 152
1155 108
1156 129
1157 91
1158 140
1159 197
1160 149
1161 134
1162 128
1163 116
1164 119
1165 88
1166 116
1167 104
1168 130
1169 113
1170 116
1171 168
1172 164
1173 96
1174 128
1175 121
1176 126
1177 148
1178 123
1179 218
1180 123
1181 127
1182 90
1183 138
1184 159
1185 71
1186 99
1187 130
1188 99
1189 122
1190 146
1191 117
1192 136
1193 108
1194 20
1195 104
1196 109
1197 134
1198 138
1199 99
1200 129
1201 132
1202 137
1203 135
1204 85
1205 148
1206 130
1207 119
1208 129
1209 102
1210 132
1211 172
1212 152
1213 143
1214 148
1215 132
1216 127
1217 130
1218 89
1219 137
1220 131
1221 126
1222 134
1223 95
1224 125
1225 122
1226 121
1227 142
1228 90
1229 151
1230 164
1231 132
1232 151
1233 189
1234 133
1235 119
1236 170
1237 120
1238 114
1239 116
1240 165
1241 118
1242 120
1243 118
1244 115
1245 116
1246 0
1247 121
1248 132
1249 160
1250 172
1251 140
1252 114
1253 143
1254 112
1255 117
1256 102
1257 133
1258 126
1259 139
1260 212
1261 114
1262 124
1263 118
1264 161
1265 145
1266 149
1267 133
1268 121
1269 90
1270 109
1271 119
1272 104
1273 116
1274 144
1275 81
1276 104
1277 150
1278 164
1279 142
1280 141
1281 137
1282 123
1283 127
1284 86
1285 169
1286 132
1287 116
1288 130
1289 126
1290 141
1291 70
1292 147
1293 107
1294 128
1295 123
1296 131
1297 141
1298 129
1299 141
1300 129
1301 81
1302 124
1303 150
1304 111
1305 106
1306 115
1307 115
1308 154
1309 109
1310 146
1311 128
1312 59
1313 116
1314 125
1315 146
1316 99
1317 121
1318 116
1319 169
1320 157
1321 177
1322 146
1323 121
1324 150
1325 145
1326 137
1327 154
1328 184
1329 167
1330 120
1331 169
1332 120
1333 165
1334 185
1335 123
1336 106
1337 121
1338 112
1339 155
1340 121
1341 113
1342 156
1343 137
1344 123
1345 129
1346 119
1347 124
1348 121
1349 121
1350 60
1351 97
1352 154
1353 167
1354 130
1355 108
1356 133
1357 74
1358 75
1359 101
1360 100
1361 138
1362 113
1363 131
1364 106
1365 119
1366 69
1367 128
1368 121
1369 125
1370 115
1371 120
1372 153
1373 130
1374 149
1375 108
1376 146
1377 107
1378 122
1379 112
1380 136
1381 112
1382 120
1383 115
1384 153
1385 131
1386 118
1387 150
1388 119
1389 169
1390 133
1391 112
1392 148
1393 134
1394 132
1395 100
1396 139
1397 132
1398 112
1399 116
1400 126
1401 195
1402 107
1403 154
1404 156
1405 143
1406 82
1407 135
1408 131
1409 125
1410 76
1411 164
1412 85
1413 90
1414 136
1415 171
1416 157
1417 92
1418 202
1419 89
1420 110
1421 172
1422 134
1423 168
1424 153
1425 87
1426 179
1427 131
1428 136
1429 150
1430 125
1431 113
1432 132
1433 146
1434 181
1435 126
1436 114
1437 130
1438 133
1439 107
1440 119
1441 180
1442 123
1443 136
1444 180
1445 153
1446 100
1447 118
1448 126
1449 148
1450 123
1451 103
1452 119
1453 142
1454 107
1455 104
1456 128
1457 127
1458 117
1459 147
1460 124
1461 144
1462 93
1463 155
1464 109
1465 159
1466 121
1467 136
1468 113
1469 133
1470 141
1471 121
1472 135
1473 131
1474 172
1475 102
1476 147
1477 176
1478 151
1479 92
1480 39
1481 161
1482 138
1483 150
1484 114
1485 113
1486 122
1487 138
1488 122
1489 116
1490 133
1491 116
1492 154
1493 90
1494 155
1495 143
1496 187
1497 126
1498 141
1499 169
1500 159
1501 145
1502 170
1503 118
1504 170
1505 61
1506 84
1507 142
1508 177
1509 110
1510 75
1511 148
1512 123
1513 156
1514 104
1515 75
1516 116
1517 124
1518 133
1519 147
1520 162
1521 144
1522 148
1523 97
1524 126
1525 96
1526 156
1527 98
1528 157
1529 138
1530 112
1531 145
1532 128
1533 196
1534 159
1535 124
1536 138
1537 117
1538 167
1539 136
1540 124
1541 133
1542 86
1543 87
1544 170
1545 189
1546 119
1547 144
1548 128
1549 108
1550 146
1551 112
1552 117
1553 160
1554 102
1555 123
1556 93
1557 132
1558 87
1559 167
1560 83
1561 107
1562 127
1563 140
1564 134
1565 154
1566 125
1567 133
1568 132
1569 137
1570 85
1571 117
1572 166
1573 111
1574 60
1575 110
1576 153
1577 140
1578 153
1579 186
1580 145
1581 114
1582 121
1583 125
1584 112
1585 157
1586 149
1587 131
1588 214
1589 159
1590 161
1591 144
1592 149
1593 183
1594 143
1595 142
1596 104
1597 152
1598 150
1599 75
1600 75
1601 105
1602 138
1603 139
1604 122
1605 156
1606 139
1607 141
1608 99
1609 134
1610 53
1611 182
1612 116
1613 143
1614 63
1615 107
1616 105
1617 129
1618 139
1619 81
1620 123
1621 110
1622 85
1623 116
1624 140
1625 124
1626 101
1627 140
1628 97
1629 111
1630 165
1631 144
1632 137
1633 150
1634 138
1635 147
1636 105
1637 165
1638 121
1639 110
1640 70
1641 129
1642 119
1643 113
1644 172
1645 156
1646 105
1647 126
1648 135
1649 148
1650 168
1651 162
1652 125
1653 107
1654 122
1655 137
1656 108
1657 126
1658 123
1659 133
1660 121
1661 147
1662 99
1663 92
1664 140
1665 139
1666 95
1667 127
1668 159
1669 107
1670 136
1671 129
1672 105
1673 99
1674 112
1675 171
1676 172
1677 140
1678 97
1679 143
1680 130
1681 142
1682 123
1683 148
1684 121
1685 111
1686 134
1687 134
1688 207
1689 140
1690 88
1691 119
1692 105
1693 104
1694 116
1695 152
1696 111
1697 139
1698 145
1699 125
1700 132
1701 168
1702 133
1703 135
1704 125
1705 119
1706 90
1707 94
1708 126
1709 124
1710 117
1711 130
1712 158
1713 113
1714 147
1715 70
1716 145
1717 180
1718 126
1719 97
1720 131
1721 127
1722 161
1723 110
1724 107
1725 150
1726 124
1727 142
1728 142
1729 119
1730 120
1731 144
1732 118
1733 144
1734 106
1735 178
1736 107
1737 135
1738 148
1739 89
1740 93
1741 164
1742 167
1743 115
1744 131
1745 134
1746 126
1747 80
1748 146
1749 104
1750 136
1751 121
1752 114
1753 114
1754 159
1755 120
1756 130
1757 134
1758 155
1759 74
1760 160
1761 126
1762 140
1763 160
1764 138
1765 115
1766 121
1767 140
1768 114
1769 137
1770 133
1771 146
1772 137
1773 106
1774 127
1775 87
1776 102
1777 116
1778 155
1779 129
1780 142
1781 159
1782 191
1783 149
1784 138
1785 149
1786 30
1787 132
1788 152
1789 150
1790 136
1791 125
1792 131
1793 130
1794 70
1795 119
1796 130
1797 161
1798 135
1799 158
1800 117
1801 143
1802 139
1803 120
1804 103
1805 137
1806 131
1807 104
1808 174
1809 148
1810 149
1811 144
1812 110
1813 135
1814 135
1815 168
1816 109
1817 113
1818 132
1819 183
1820 124
1821 168
1822 117
1823 137
1824 85
1825 110
1826 169
1827 121
1828 137
1829 85
1830 130
1831 152
1832 165
1833 157
1834 114
1835 105
1836 132
1837 143
1838 125
1839 111
1840 125
1841 109
1842 143
1843 103
1844 127
1845 104
1846 126
1847 90
1848 117
1849 167
1850 101
1851 137
1852 146
1853 120
1854 106
1855 137
1856 128
1857 128
1858 119
1859 165
1860 132
1861 135
1862 125
1863 125
1864 114
1865 112
1866 60
1867 113
1868 106
1869 140
1870 114
1871 134
1872 137
1873 172
1874 116
1875 80
1876 129
1877 147
1878 109
1879 112
1880 160
1881 118
1882 160
1883 190
1884 137
1885 86
1886 113
1887 109
1888 123
1889 147
1890 55
1891 98
1892 113
1893 118
1894 155
1895 140
1896 154
1897 109
1898 136
1899 85
1900 121
1901 96
1902 145
1903 106
1904 160
1905 143
1906 125
1907 110
1908 107
1909 140
1910 166
1911 154
1912 68
1913 58
1914 121
1915 139
1916 85
1917 161
1918 172
1919 108
1920 111
1921 104
1922 119
1923 129
1924 126
1925 159
1926 146
1927 98
1928 136
1929 114
1930 165
1931 104
1932 151
1933 151
1934 114
1935 145
1936 99
1937 135
1938 144
1939 110
1940 118
1941 89
1942 100
1943 155
1944 104
1945 141
1946 86
1947 135
1948 146
1949 141
1950 117
1951 106
1952 127
1953 170
1954 105
1955 50
1956 133
1957 117
1958 138
1959 146
1960 110
1961 116
1962 106
1963 132
1964 147
1965 106
1966 137
1967 101
1968 141
1969 112
1970 129
1971 110
1972 134
1973 123
1974 145
1975 153
1976 170
1977 97
1978 97
1979 133
1980 113
1981 128
1982 164
1983 111
1984 121
1985 140
1986 154
1987 133
1988 133
1989 126
1990 141
1991 132
1992 124
1993 109
1994 147
1995 99
1996 69
1997 141
1998 130
1999 100
2000 148
2001 125
2002 136
2003 169
2004 121
2005 111
2006 141
2007 128
2008 123
2009 144
2010 102
2011 144
2012 147
2013 120
2014 105
2015 100
2016 168
2017 132
2018 132
2019 68
2020 172
2021 131
2022 149
2023 94
2024 145
2025 124
2026 134
2027 108
2028 139
2029 135
2030 124
2031 171
2032 122
2033 142
2034 121
2035 146
2036 122
2037 151
2038 93
2039 165
2040 122
2041 120
2042 151
2043 128
2044 99
2045 144
2046 127
2047 101
2048 102
2049 106
2050 40
2051 128
2052 109
2053 143
2054 116
2055 113
2056 146
2057 121
2058 145
2059 119
2060 130
2061 147
2062 134
2063 119
2064 117
2065 99
2066 125
2067 47
2068 84
2069 89
2070 115
2071 107
2072 129
2073 111
2074 140
2075 103
2076 113
2077 125
2078 93
2079 142
2080 162
2081 135
2082 142
2083 127
2084 128
2085 107
2086 146
2087 157
2088 119
2089 131
2090 145
2091 114
2092 131
2093 110
2094 89
2095 156
2096 139
2097 124
2098 131
2099 155
2100 162
2101 122
2102 202
2103 105
2104 135
2105 84
2106 100
2107 125
2108 128
2109 144
2110 144
2111 150
2112 159
2113 156
2114 165
2115 77
2116 133
2117 143
2118 157
2119 164
2120 184
2121 121
2122 118
2123 121
2124 71
2125 126
2126 144
2127 105
2128 120
2129 123
2130 142
2131 109
2132 132
2133 66
2134 128
2135 83
2136 118
2137 118
2138 168
2139 124
2140 132
2141 220
2142 109
2143 100
2144 105
2145 155
2146 131
2147 131
2148 82
2149 97
2150 108
2151 112
2152 115
2153 131
2154 116
2155 95
2156 139
2157 149
2158 130
2159 144
2160 153
2161 165
2162 129
2163 129
2164 100
2165 162
2166 134
2167 130
2168 139
2169 156
2170 103
2171 139
2172 133
2173 144
2174 142
2175 148
2176 128
2177 115
2178 125
2179 126
2180 102
2181 115
2182 104
2183 170
2184 148
2185 96
2186 132
2187 175
2188 101
2189 114
2190 150
2191 106
2192 122
2193 120
2194 155
2195 153
2196 108
2197 111
2198 117
2199 138
2200 116
2201 91
2202 124
2203 126
2204 95
2205 147
2206 124
2207 83
2208 111
2209 142
2210 142
2211 169
2212 148
2213 128
2214 96
2215 141
2216 131
2217 135
2218 126
2219 155
2220 123
2221 131
2222 130
2223 113
2224 93
2225 94
2226 136
2227 164
2228 157
2229 130
2230 121
2231 83
2232 156
2233 148
2234 106
2235 158
2236 123
2237 182
2238 157
2239 136
2240 77
2241 163
2242 62
2243 188
2244 165
2245 121
2246 133
2247 110
2248 101
2249 92
2250 171
2251 115
2252 158
2253 115
2254 159
2255 159
2256 138
2257 129
2258 131
2259 139
2260 111
2261 152
2262 129
2263 158
2264 105
2265 139
2266 148
2267 125
2268 145
2269 142
2270 94
2271 142
2272 126
2273 120
2274 164
2275 139
2276 157
2277 94
2278 134
2279 150
2280 134
2281 146
2282 103
2283 146
2284 139
2285 119
2286 150
2287 127
2288 122
2289 170
2290 144
2291 137
2292 146
2293 140
2294 125
2295 116
2296 111
2297 129
2298 146
2299 162
2300 131
2301 138
2302 136
2303 153
2304 117
2305 156
2306 120
2307 149
2308 133
2309 107
2310 117
2311 153
2312 101
2313 130
2314 145
2315 132
2316 139
2317 117
2318 104
2319 148
2320 136
2321 166
2322 110
2323 83
2324 173
2325 127
2326 129
2327 134
2328 88
2329 139
2330 132
2331 118
2332 128
2333 136
2334 153
2335 121
2336 0
2337 104
2338 112
2339 135
2340 128
2341 164
2342 129
2343 132
2344 96
2345 98
2346 107
2347 138
2348 114
2349 191
2350 73
2351 125
2352 102
2353 124
2354 100
2355 141
2356 126
2357 98
2358 126
2359 107
2360 121
2361 119
2362 142
2363 124
2364 93
2365 140
2366 123
2367 68
2368 0
2369 147
2370 101
2371 114
2372 119
2373 102
2374 120
2375 135
2376 147
2377 73
2378 143
2379 104
2380 166
2381 124
2382 123
2383 102
2384 141
2385 110
2386 166
2387 139
2388 130
2389 134
2390 122
2391 162
2392 139
2393 191
2394 131
2395 133
2396 98
2397 193
2398 98
2399 123
2400 121
2401 128
2402 132
2403 149
2404 175
2405 108
2406 126
2407 128
2408 151
2409 145
2410 141
2411 152
2412 117
2413 126
2414 97
2415 114
2416 94
2417 102
2418 125
2419 132
2420 181
2421 122
2422 141
2423 69
2424 115
2425 114
2426 139
2427 175
2428 137
2429 131
2430 149
2431 161
2432 88
2433 84
2434 147
2435 112
2436 111
2437 144
2438 141
2439 94
2440 129
2441 158
2442 130
2443 150
2444 48
2445 142
2446 115
2447 168
2448 159
2449 128
2450 155
2451 141
2452 149
2453 87
2454 130
2455 119
2456 130
2457 144
2458 190
2459 102
2460 119
2461 103
2462 139
2463 147
2464 120
2465 116
2466 0
2467 157
2468 110
2469 137
2470 152
2471 113
2472 138
2473 148
2474 128
2475 139
2476 119
2477 150
2478 120
2479 121
2480 87
2481 167
2482 153
2483 87
2484 141
2485 118
2486 140
2487 173
2488 87
2489 183
2490 105
2491 172
2492 144
2493 146
2494 156
2495 120
2496 142
2497 46
2498 121
2499 117
2500 174
2501 143
2502 160
2503 130
2504 167
2505 143
2506 106
2507 121
2508 134
2509 77
2510 138
2511 119
2512 255
2513 168
2514 136
2515 176
2516 43
2517 128
2518 108
2519 30
2520 137
2521 151
2522 175
2523 120
2524 119
2525 139
2526 111
2527 86
2528 156
2529 152
2530 102
2531 104
2532 135
2533 121
2534 128
2535 131
2536 127
2537 112
2538 123
2539 136
2540 152
2541 135
2542 82
2543 109
2544 102
2545 120
2546 149
2547 59
2548 126
2549 159
2550 120
2551 148
2552 121
2553 164
2554 128
2555 105
2556 105
2557 119
2558 103
2559 106
2560 153
2561 82
2562 101
2563 112
2564 113
2565 120
2566 162
2567 191
2568 158
2569 138
2570 132
2571 80
2572 136
2573 113
2574 139
2575 128
2576 140
2577 94
2578 144
2579 172
2580 149
2581 112
2582 155
2583 100
2584 106
2585 132
2586 111
2587 105
2588 94
2589 128
2590 76
2591 141
2592 120
2593 126
2594 139
2595 124
2596 114
2597 140
2598 158
2599 83
2600 227
2601 166
2602 114
2603 84
2604 126
2605 120
2606 145
2607 165
2608 146
2609 98
2610 151
2611 119
2612 117
2613 131
2614 107
2615 130
2616 132
2617 118
2618 105
2619 181
2620 128
2621 122
2622 149
2623 144
2624 118
2625 136
2626 129
2627 116
2628 123
2629 103
2630 187
2631 126
2632 126
2633 115
2634 127
2635 174
2636 147
2637 122
2638 141
2639 159
2640 116
2641 106
2642 170
2643 102
2644 115
2645 120
2646 139
2647 122
2648 123
2649 139
2650 124
2651 142
2652 144
2653 125
2654 112
2655 181
2656 144
2657 111
2658 149
2659 92
2660 115
2661 125
2662 125
2663 132
2664 114
2665 124
2666 126
2667 140
2668 143
2669 127
2670 114
2671 124
2672 131
2673 132
2674 92
2675 99
2676 92
2677 125
2678 165
2679 64
2680 129
2681 127
2682 135
2683 142
2684 141
2685 121
2686 119
2687 112
2688 122
2689 149
2690 123
2691 147
2692 152
2693 129
2694 153
2695 140
2696 97
2697 173
2698 142
2699 139
2700 146
2701 129
2702 121
2703 135
2704 94
2705 153
2706 93
2707 129
2708 123
2709 101
2710 96
2711 172
2712 104
2713 132
2714 83
2715 96
2716 112
2717 112
2718 147
2719 145
2720 144
2721 117
2722 147
2723 78
2724 152
2725 152
2726 167
2727 158
2728 146
2729 122
2730 137
2731 107
2732 135
2733 176
2734 115
2735 96
2736 138
2737 117
2738 76
2739 87
2740 165
2741 128
2742 136
2743 160
2744 144
2745 133
2746 141
2747 131
2748 103
2749 126
2750 135
2751 128
2752 139
2753 180
2754 149
2755 149
2756 110
2757 106
2758 136
2759 142
2760 157
2761 112
2762 83
2763 133
2764 131
2765 132
2766 111
2767 150
2768 99
2769 85
2770 129
2771 127
2772 130
2773 139
2774 116
2775 121
2776 163
2777 186
2778 97
2779 144
2780 87
2781 107
2782 123
2783 227
2784 134
2785 151
2786 129
2787 123
2788 98
2789 118
2790 119
2791 119
2792 119
2793 120
2794 110
2795 114
2796 121
2797 126
2798 152
2799 134
2800 118
2801 129
2802 91
2803 133
2804 71
2805 110
2806 160
2807 136
2808 128
2809 126
2810 127
2811 123
2812 179
2813 105
2814 128
2815 125
2816 80
2817 200
2818 103
2819 91
2820 97
2821 108
2822 142
2823 139
2824 108
2825 133
2826 132
2827 119
2828 114
2829 154
2830 137
2831 147
2832 119
2833 113
2834 149
2835 127
2836 110
2837 126
2838 118
2839 122
2840 147
2841 176
2842 125
2843 120
2844 131
2845 137
2846 101
2847 111
2848 114
2849 127
2850 91
2851 113
2852 146
2853 133
2854 149
2855 103
2856 134
2857 135
2858 134
2859 117
2860 173
2861 134
2862 130
2863 114
2864 149
2865 138
2866 151
2867 129
2868 140
2869 128
2870 124
2871 124
2872 137
2873 115
2874 80
2875 148
2876 127
2877 100
2878 166
2879 134
2880 127
2881 128
2882 143
2883 102
2884 127
2885 143
2886 171
2887 102
2888 101
2889 123
2890 91
2891 128
2892 124
2893 132
2894 145
2895 132
2896 127
2897 123
2898 172
2899 125
2900 129
2901 111
2902 144
2903 144
2904 162
2905 128
2906 134
2907 113
2908 134
2909 102
2910 124
2911 136
2912 132
2913 170
2914 127
2915 132
2916 118
2917 132
2918 151
2919 167
2920 132
2921 145
2922 117
2923 126
2924 109
2925 98
2926 112
2927 137
2928 113
2929 96
2930 118
2931 162
2932 118
2933 176
2934 120
2935 169
2936 113
2937 131
2938 122
2939 197
2940 110
2941 172
2942 148
2943 94
2944 149
2945 123
2946 159
2947 130
2948 149
2949 117
2950 118
2951 113
2952 112
2953 228
2954 181
2955 143
2956 121
2957 144
2958 133
2959 118
2960 122
2961 106
2962 147
2963 179
2964 139
2965 122
2966 154
2967 126
2968 111
2969 124
2970 168
2971 130
2972 108
2973 102
2974 76
2975 153
2976 152
2977 97
2978 99
2979 119
2980 155
2981 117
2982 158
2983 110
2984 96
2985 119
2986 135
2987 72
2988 121
2989 148
2990 143
2991 117
2992 132
2993 183
2994 149
2995 128
2996 148
2997 123
2998 148
2999 126
3000 116
3001 159
3002 116
3003 131
3004 130
3005 134
3006 144
3007 131
3008 119
3009 149
3010 135
3011 148
3012 91
3013 116
3014 104
3015 121
3016 142
3017 108
3018 137
3019 104
3020 133
3021 111
3022 96
3023 130
3024 99
3025 134
3026 139
3027 107
3028 168
3029 132
3030 82
3031 78
3032 136
3033 164
3034 142
3035 111
3036 146
3037 141
3038 147
3039 127
3040 116
3041 114
3042 127
3043 104
3044 30
3045 119
3046 100
3047 88
3048 160
3049 160
3050 181
3051 143
3052 111
3053 143
3054 101
3055 154
3056 150
3057 78
3058 142
3059 137
3060 130
3061 47
3062 153
3063 127
3064 147
3065 174
3066 117
3067 121
3068 92
3069 79
3070 103
3071 127
3072 106
3073 224
3074 141
3075 122
3076 159
3077 154
3078 119
3079 146
3080 110
3081 140
3082 126
3083 122
3084 143
3085 158
3086 122
3087 144
3088 156
3089 108
3090 132
3091 139
3092 116
3093 115
3094 106
3095 128
3096 150
3097 103
3098 145
3099 117
3100 140
3101 139
3102 137
3103 150
3104 130
3105 124
3106 177
3107 138
3108 140
3109 136
3110 156
3111 127
3112 135
3113 91
3114 135
3115 137
3116 107
3117 129
3118 146
3119 159
3120 94
3121 105
3122 151
3123 109
3124 122
3125 63
3126 155
3127 126
3128 113
3129 107
3130 157
3131 121
3132 143
3133 141
3134 110
3135 140
3136 148
3137 143
3138 156
3139 155
3140 118
3141 136
3142 139
3143 88
3144 136
3145 114
3146 100
3147 155
3148 137
3149 135
3150 103
3151 109
3152 121
3153 120
3154 113
3155 143
3156 156
3157 145
3158 103
3159 133
3160 116
3161 108
3162 100
3163 114
3164 127
3165 111
3166 136
3167 115
3168 117
3169 137
3170 150
3171 143
3172 113
3173 116
3174 108
3175 130
3176 115
3177 88
3178 168
3179 81
3180 156
3181 111
3182 134
3183 151
3184 147
3185 116
3186 71
3187 125
3188 135
3189 98
3190 147
3191 154
3192 159
3193 146
3194 130
3195 153
3196 158
3197 145
3198 80
3199 153
