Vertices: 2800
Edges: 19600
Time: 0,973 ms
Iterations: 19584
Vertex Distance
0 0
1 135
2 159
3 122
4 152
5 158
6 139
7 149
8 162
9 138
10 190
11 140
12 141
13 197
14 44
15 151
16 144
17 145
18 168
19 156
20 91
21 132
22 145
23 180
24 142
25 144
26 111
27 151
28 135
29 157
30 149
31 100
32 157
33 125
34 111
35 154
36 136
37 63
38 99
39 101
40 115
41 164
42 123
43 130
44 55
45 94
46 140
47 201
48 118
49 94
50 176
51 156
52 168
53 125
54 193
55 83
56 155
57 97
58 140
59 144
60 60
61 158
62 104
63 168
64 151
65 108
66 160
67 117
68 128
69 159
70 132
71 121
72 134
73 167
74 107
75 204
76 131
77 137
78 200
79 152
80 154
81 177
82 103
83 165
84 57
85 170
86 164
87 132
88 142
89 124
90 109
91 147
92 103
93 136
94 118
95 150
96 151
97 168
98 150
99 128
100 135
101 192
102 143
103 164
104 157
105 140
106 118
107 140
108 114
109 122
110 146
111 158
112 125
113 157
114 137
115 117
116 152
117 233
118 167
119 174
120 176
121 130
122 142
123 142
124 137
125 113
126 153
127 152
128 167
129 118
130 129
131 96
132 137
133 167
134 147
135 120
136 138
137 142
138 169
139 113
140 129
141 98
142 141
143 136
144 143
145 162
146 152
147 136
148 62
149 150
150 161
151 139
152 132
153 165
154 159
155 136
156 158
157 167
158 155
159 118
160 118
161 162
162 120
163 154
164 133
165 203
166 173
167 140
168 113
169 107
170 105
171 114
172 157
173 101
174 116
175 149
176 164
177 169
178 126
179 161
180 97
181 172
182 165
183 92
184 136
185 151
186 150
187 123
188 132
189 126
190 159
191 150
192 162
193 138
194 148
195 158
196 139
197 139
198 171
199 104
200 118
201 155
202 104
203 136
204 133
205 60
206 189
207 170
208 112
209 148
210 152
211 122
212 155
213 135
214 137
215 128
216 144
217 110
218 92
219 83
220 117
221 138
222 90
223 130
224 147
225 117
226 136
227 149
228 147
229 77
230 92
231 134
232 128
233 192
234 157
235 128
236 172
237 133
238 130
239 101
240 133
241 125
242 157
243 127
244 143
245 156
246 244
247 139
248 177
249 110
250 153
251 154
252 132
253 145
254 172
255 149
256 149
257 114
258 162
259 133
260 158
261 143
262 161
263 123
264 104
265 135
266 140
267 139
268 130
269 135
270 174
271 179
272 94
273 113
274 121
275 117
276 123
277 101
278 209
279 130
280 151
281 180
282 141
283 168
284 132
285 106
286 145
287 174
288 139
289 114
290 103
291 143
292 73
293 145
294 147
295 128
296 124
297 115
298 158
299 157
300 167
301 143
302 131
303 95
304 131
305 184
306 148
307 158
308 152
309 141
310 184
311 105
312 139
313 142
314 157
315 141
316 146
317 98
318 88
319 172
320 164
321 97
322 133
323 155
324 154
325 143
326 112
327 135
328 143
329 171
330 121
331 140
332 121
333 136
334 115
335 143
336 145
337 151
338 105
339 142
340 173
341 149
342 150
343 130
344 163
345 145
346 146
347 116
348 135
349 179
350 73
351 111
352 115
353 114
354 164
355 127
356 151
357 165
358 122
359 140
360 133
361 160
362 145
363 153
364 191
365 115
366 155
367 121
368 155
369 147
370 166
371 136
372 142
373 130
374 125
375 106
376 137
377 104
378 159
379 140
380 143
381 124
382 123
383 165
384 166
385 117
386 136
387 167
388 130
389 138
390 130
391 146
392 154
393 151
394 118
395 164
396 138
397 138
398 148
399 164
400 160
401 149
402 186
403 135
404 162
405 165
406 155
407 90
408 86
409 110
410 142
411 166
412 130
413 127
414 73
415 139
416 129
417 187
418 115
419 150
420 169
421 143
422 184
423 141
424 159
425 138
426 71
427 120
428 122
429 132
430 171
431 190
432 104
433 120
434 145
435 140
436 178
437 118
438 122
439 155
440 142
441 148
442 135
443 129
444 133
445 126
446 171
447 132
448 156
449 132
450 157
451 110
452 132
453 132
454 138
455 129
456 144
457 214
458 139
459 132
460 155
461 130
462 162
463 123
464 163
465 153
466 145
467 115
468 146
469 107
470 138
471 163
472 131
473 184
474 97
475 137
476 155
477 135
478 142
479 171
480 140
481 126
482 99
483 143
484 158
485 114
486 148
487 171
488 196
489 146
490 145
491 127
492 140
493 159
494 147
495 112
496 141
497 185
498 48
499 122
500 122
501 128
502 113
503 125
504 115
505 163
506 106
507 149
508 153
509 137
510 124
511 145
512 161
513 90
514 152
515 114
516 130
517 147
518 142
519 147
520 200
521 128
522 162
523 204
524 140
525 132
526 169
527 166
528 71
529 147
530 158
531 125
532 164
533 156
534 163
535 114
536 117
537 158
538 155
539 166
540 172
541 130
542 116
543 121
544 231
545 126
546 184
547 171
548 110
549 136
550 142
551 125
552 127
553 150
554 149
555 168
556 91
557 158
558 150
559 148
560 201
561 159
562 101
563 122
564 132
565 173
566 0
567 164
568 136
569 119
570 149
571 102
572 104
573 117
574 112
575 169
576 120
577 145
578 112
579 135
580 147
581 140
582 159
583 128
584 126
585 119
586 149
587 118
588 160
589 156
590 140
591 153
592 135
593 177
594 128
595 152
596 158
597 137
598 167
599 141
600 130
601 143
602 108
603 148
604 141
605 109
606 133
607 122
608 160
609 143
610 160
611 133
612 149
613 122
614 152
615 150
616 120
617 127
618 153
619 135
620 135
621 140
622 120
623 161
624 111
625 144
626 170
627 196
628 187
629 164
630 178
631 175
632 159
633 147
634 171
635 198
636 166
637 100
638 164
639 168
640 143
641 131
642 141
643 123
644 150
645 124
646 129
647 217
648 145
649 132
650 142
651 175
652 91
653 161
654 80
655 166
656 132
657 188
658 118
659 132
660 168
661 168
662 173
663 178
664 131
665 171
666 108
667 195
668 197
669 138
670 134
671 188
672 115
673 201
674 118
675 142
676 126
677 163
678 148
679 122
680 107
681 119
682 146
683 121
684 134
685 119
686 185
687 128
688 161
689 130
690 134
691 160
692 159
693 123
694 132
695 144
696 137
697 166
698 146
699 154
700 131
701 111
702 172
703 154
704 122
705 139
706 141
707 103
708 165
709 112
710 171
711 157
712 156
713 157
714 135
715 166
716 126
717 101
718 133
719 114
720 124
721 154
722 166
723 160
724 84
725 172
726 127
727 122
728 61
729 128
730 129
731 138
732 125
733 117
734 147
735 146
736 39
737 111
738 128
739 122
740 199
741 126
742 155
743 154
744 177
745 11
746 143
747 121
748 146
749 163
750 144
751 116
752 145
753 169
754 132
755 128
756 148
757 133
758 149
759 135
760 149
761 119
762 170
763 150
764 109
765 167
766 123
767 125
768 165
769 31
770 141
771 173
772 174
773 140
774 148
775 177
776 168
777 100
778 149
779 168
780 151
781 151
782 143
783 152
784 185
785 107
786 147
787 141
788 150
789 169
790 126
791 188
792 185
793 122
794 102
795 194
796 144
797 120
798 168
799 144
800 113
801 148
802 131
803 117
804 130
805 129
806 156
807 111
808 128
809 124
810 150
811 203
812 80
813 139
814 154
815 144
816 149
817 177
818 188
819 190
820 167
821 133
822 178
823 161
824 150
825 132
826 122
827 158
828 141
829 135
830 140
831 102
832 163
833 170
834 192
835 146
836 154
837 90
838 163
839 188
840 114
841 138
842 133
843 116
844 171
845 161
846 133
847 172
848 134
849 118
850 111
851 167
852 138
853 187
854 158
855 142
856 136
857 75
858 96
859 147
860 169
861 150
862 104
863 139
864 69
865 154
866 129
867 168
868 111
869 107
870 145
871 184
872 134
873 152
874 141
875 131
876 159
877 136
878 174
879 135
880 129
881 139
882 144
883 162
884 139
885 145
886 152
887 207
888 171
889 124
890 141
891 160
892 131
893 114
894 169
895 188
896 116
897 139
898 149
899 138
900 131
901 174
902 113
903 125
904 179
905 134
906 152
907 149
908 137
909 155
910 159
911 98
912 192
913 139
914 153
915 183
916 177
917 205
918 148
919 142
920 134
921 130
922 132
923 155
924 145
925 157
926 96
927 65
928 104
929 233
930 184
931 148
932 113
933 128
934 131
935 101
936 116
937 131
938 159
939 142
940 150
941 163
942 71
943 145
944 151
945 137
946 136
947 171
948 153
949 134
950 157
951 170
952 142
953 124
954 140
955 116
956 179
957 64
958 158
959 179
960 136
961 121
962 116
963 176
964 157
965 147
966 135
967 171
968 119
969 157
970 147
971 132
972 142
973 125
974 190
975 120
976 72
977 116
978 152
979 131
980 176
981 128
982 116
983 156
984 159
985 131
986 145
987 109
988 135
989 107
990 165
991 142
992 134
993 143
994 168
995 109
996 191
997 149
998 124
999 155
1000 162
1001 125
1002 92
1003 91
1004 147
1005 160
1006 157
1007 147
1008 124
1009 160
1010 111
1011 146
1012 151
1013 133
1014 84
1015 140
1016 126
1017 167
1018 166
1019 191
1020 124
1021 143
1022 146
1023 144
1024 136
1025 168
1026 144
1027 188
1028 155
1029 50
1030 100
1031 150
1032 105
1033 116
1034 174
1035 149
1036 153
1037 173
1038 148
1039 146
1040 145
1041 167
1042 138
1043 112
1044 157
1045 147
1046 125
1047 136
1048 151
1049 153
1050 143
1051 88
1052 131
1053 114
1054 143
1055 116
1056 120
1057 134
1058 155
1059 117
1060 171
1061 226
1062 163
1063 142
1064 112
1065 145
1066 90
1067 137
1068 124
1069 142
1070 137
1071 154
1072 87
1073 170
1074 139
1075 128
1076 153
1077 161
1078 152
1079 181
1080 129
1081 166
1082 171
1083 162
1084 133
1085 135
1086 158
1087 133
1088 149
1089 100
1090 116
1091 147
1092 146
1093 117
1094 169
1095 153
1096 144
1097 152
1098 97
1099 128
1100 139
1101 150
1102 121
1103 147
1104 168
1105 129
1106 152
1107 133
1108 135
1109 190
1110 113
1111 157
1112 173
1113 108
1114 143
1115 160
1116 110
1117 101
1118 127
1119 137
1120 135
1121 127
1122 127
1123 105
1124 135
1125 120
1126 126
1127 126
1128 142
1129 146
1130 137
1131 132
1132 136
1133 99
1134 187
1135 179
1136 86
1137 155
1138 228
1139 101
1140 161
1141 150
1142 119
1143 108
1144 161
1145 156
1146 39
1147 72
1148 134
1149 110
1150 164
1151 143
1152 184
1153 100
1154 127
1155 142
1156 154
1157 149
1158 159
1159 171
1160 151
1161 173
1162 137
1163 151
1164 127
1165 92
1166 138
1167 122
1168 142
1169 119
1170 101
1171 164
1172 161
1173 137
1174 185
1175 151
1176 114
1177 88
1178 167
1179 141
1180 175
1181 126
1182 55
1183 164
1184 176
1185 141
1186 130
1187 130
1188 165
1189 129
1190 175
1191 154
1192 108
1193 147
1194 109
1195 154
1196 148
1197 144
1198 113
1199 149
1200 116
1201 129
1202 132
1203 131
1204 199
1205 136
1206 126
1207 163
1208 138
1209 135
1210 143
1211 137
1212 111
1213 182
1214 78
1215 118
1216 130
1217 150
1218 133
1219 172
1220 129
1221 120
1222 152
1223 116
1224 131
1225 114
1226 184
1227 138
1228 106
1229 151
1230 154
1231 144
1232 138
1233 153
1234 174
1235 186
1236 145
1237 123
1238 173
1239 152
1240 137
1241 140
1242 143
1243 122
1244 122
1245 141
1246 135
1247 139
1248 92
1249 150
1250 146
1251 132
1252 124
1253 145
1254 133
1255 158
1256 138
1257 133
1258 147
1259 136
1260 183
1261 152
1262 101
1263 111
1264 150
1265 136
1266 125
1267 117
1268 128
1269 183
1270 126
1271 113
1272 181
1273 138
1274 121
1275 134
1276 178
1277 131
1278 164
1279 133
1280 90
1281 153
1282 148
1283 143
1284 161
1285 130
1286 141
1287 109
1288 157
1289 104
1290 152
1291 142
1292 168
1293 147
1294 151
1295 144
1296 182
1297 159
1298 150
1299 154
1300 146
1301 129
1302 136
1303 129
1304 147
1305 129
1306 146
1307 130
1308 152
1309 154
1310 143
1311 120
1312 155
1313 141
1314 152
1315 141
1316 119
1317 189
1318 87
1319 123
1320 132
1321 126
1322 160
1323 171
1324 142
1325 122
1326 160
1327 130
1328 150
1329 136
1330 121
1331 147
1332 168
1333 130
1334 127
1335 164
1336 125
1337 194
1338 156
1339 120
1340 174
1341 153
1342 149
1343 206
1344 139
1345 119
1346 125
1347 127
1348 142
1349 135
1350 144
1351 141
1352 116
1353 122
1354 71
1355 129
1356 114
1357 153
1358 146
1359 123
1360 148
1361 161
1362 200
1363 9
1364 111
1365 142
1366 147
1367 154
1368 145
1369 137
1370 146
1371 164
1372 194
1373 125
1374 160
1375 179
1376 97
1377 157
1378 123
1379 161
1380 172
1381 126
1382 152
1383 143
1384 139
1385 179
1386 149
1387 185
1388 131
1389 117
1390 153
1391 148
1392 113
1393 161
1394 126
1395 154
1396 118
1397 167
1398 215
1399 146
1400 174
1401 144
1402 168
1403 124
1404 140
1405 125
1406 142
1407 152
1408 143
1409 124
1410 155
1411 136
1412 135
1413 129
1414 187
1415 176
1416 165
1417 161
1418 87
1419 173
1420 161
1421 128
1422 112
1423 129
1424 144
1425 161
1426 150
1427 165
1428 137
1429 129
1430 158
1431 151
1432 135
1433 131
1434 156
1435 122
1436 170
1437 43
1438 156
1439 191
1440 173
1441 144
1442 114
1443 129
1444 109
1445 161
1446 115
1447 157
1448 147
1449 129
1450 118
1451 129
1452 137
1453 140
1454 129
1455 179
1456 186
1457 141
1458 149
1459 144
1460 134
1461 151
1462 158
1463 165
1464 115
1465 141
1466 136
1467 63
1468 154
1469 159
1470 162
1471 131
1472 108
1473 155
1474 163
1475 137
1476 135
1477 93
1478 165
1479 162
1480 158
1481 191
1482 175
1483 151
1484 143
1485 122
1486 135
1487 140
1488 172
1489 143
1490 161
1491 153
1492 146
1493 149
1494 124
1495 118
1496 114
1497 154
1498 81
1499 177
1500 130
1501 158
1502 146
1503 123
1504 119
1505 127
1506 159
1507 131
1508 99
1509 137
1510 108
1511 167
1512 151
1513 148
1514 127
1515 135
1516 122
1517 162
1518 122
1519 119
1520 126
1521 165
1522 144
1523 155
1524 90
1525 147
1526 138
1527 177
1528 132
1529 171
1530 162
1531 99
1532 127
1533 154
1534 138
1535 174
1536 170
1537 123
1538 122
1539 161
1540 131
1541 155
1542 152
1543 161
1544 111
1545 197
1546 127
1547 173
1548 150
1549 145
1550 156
1551 134
1552 143
1553 165
1554 153
1555 123
1556 174
1557 186
1558 149
1559 116
1560 113
1561 145
1562 174
1563 182
1564 134
1565 136
1566 128
1567 170
1568 108
1569 208
1570 136
1571 177
1572 144
1573 118
1574 118
1575 167
1576 161
1577 110
1578 161
1579 157
1580 132
1581 158
1582 142
1583 148
1584 108
1585 128
1586 161
1587 140
1588 152
1589 154
1590 111
1591 155
1592 121
1593 104
1594 165
1595 148
1596 123
1597 154
1598 148
1599 127
1600 127
1601 162
1602 138
1603 140
1604 161
1605 172
1606 137
1607 144
1608 144
1609 181
1610 190
1611 128
1612 149
1613 131
1614 60
1615 159
1616 127
1617 134
1618 161
1619 137
1620 136
1621 147
1622 142
1623 140
1624 130
1625 114
1626 120
1627 165
1628 149
1629 165
1630 162
1631 150
1632 168
1633 148
1634 155
1635 155
1636 96
1637 130
1638 129
1639 170
1640 138
1641 125
1642 125
1643 173
1644 151
1645 109
1646 151
1647 100
1648 123
1649 203
1650 167
1651 151
1652 146
1653 151
1654 153
1655 116
1656 136
1657 136
1658 147
1659 142
1660 167
1661 146
1662 164
1663 92
1664 137
1665 176
1666 135
1667 131
1668 144
1669 155
1670 126
1671 104
1672 162
1673 87
1674 191
1675 107
1676 112
1677 117
1678 123
1679 126
1680 151
1681 143
1682 193
1683 156
1684 147
1685 145
1686 155
1687 171
1688 118
1689 142
1690 133
1691 179
1692 124
1693 164
1694 156
1695 99
1696 149
1697 124
1698 156
1699 144
1700 104
1701 134
1702 205
1703 81
1704 140
1705 160
1706 159
1707 172
1708 140
1709 184
1710 138
1711 123
1712 158
1713 134
1714 139
1715 130
1716 156
1717 144
1718 141
1719 162
1720 175
1721 178
1722 150
1723 148
1724 177
1725 147
1726 119
1727 98
1728 155
1729 106
1730 156
1731 136
1732 164
1733 155
1734 144
1735 154
1736 138
1737 125
1738 136
1739 130
1740 147
1741 145
1742 172
1743 165
1744 128
1745 151
1746 143
1747 139
1748 109
1749 135
1750 139
1751 135
1752 148
1753 176
1754 0
1755 140
1756 132
1757 142
1758 121
1759 91
1760 111
1761 87
1762 214
1763 141
1764 148
1765 140
1766 156
1767 156
1768 214
1769 133
1770 81
1771 170
1772 165
1773 87
1774 131
1775 123
1776 123
1777 159
1778 139
1779 168
1780 123
1781 126
1782 141
1783 145
1784 172
1785 146
1786 120
1787 140
1788 107
1789 116
1790 159
1791 139
1792 161
1793 132
1794 144
1795 144
1796 162
1797 134
1798 166
1799 115
1800 134
1801 102
1802 114
1803 171
1804 153
1805 166
1806 138
1807 118
1808 99
1809 153
1810 154
1811 150
1812 147
1813 160
1814 122
1815 127
1816 106
1817 125
1818 121
1819 172
1820 135
1821 104
1822 146
1823 196
1824 148
1825 162
1826 126
1827 155
1828 171
1829 169
1830 162
1831 75
1832 180
1833 133
1834 138
1835 144
1836 162
1837 110
1838 153
1839 143
1840 174
1841 156
1842 166
1843 70
1844 115
1845 118
1846 153
1847 158
1848 123
1849 102
1850 122
1851 126
1852 143
1853 128
1854 125
1855 144
1856 140
1857 121
1858 177
1859 97
1860 160
1861 94
1862 121
1863 193
1864 139
1865 132
1866 143
1867 175
1868 141
1869 150
1870 126
1871 117
1872 168
1873 131
1874 136
1875 147
1876 120
1877 135
1878 140
1879 86
1880 131
1881 150
1882 155
1883 138
1884 166
1885 216
1886 117
1887 114
1888 112
1889 114
1890 133
1891 123
1892 136
1893 123
1894 113
1895 142
1896 124
1897 150
1898 146
1899 151
1900 86
1901 154
1902 139
1903 171
1904 108
1905 147
1906 158
1907 186
1908 140
1909 93
1910 140
1911 144
1912 135
1913 152
1914 169
1915 118
1916 148
1917 186
1918 142
1919 144
1920 171
1921 179
1922 164
1923 109
1924 134
1925 147
1926 117
1927 140
1928 126
1929 133
1930 158
1931 188
1932 140
1933 151
1934 76
1935 132
1936 151
1937 107
1938 146
1939 73
1940 116
1941 136
1942 166
1943 122
1944 204
1945 143
1946 138
1947 143
1948 161
1949 139
1950 124
1951 142
1952 133
1953 172
1954 157
1955 143
1956 143
1957 135
1958 150
1959 132
1960 167
1961 124
1962 137
1963 178
1964 145
1965 117
1966 116
1967 198
1968 142
1969 175
1970 150
1971 134
1972 138
1973 151
1974 167
1975 119
1976 146
1977 119
1978 209
1979 114
1980 130
1981 139
1982 136
1983 156
1984 121
1985 169
1986 139
1987 161
1988 177
1989 133
1990 134
1991 100
1992 157
1993 196
1994 133
1995 46
1996 150
1997 162
1998 136
1999 181
2000 139
2001 182
2002 140
2003 132
2004 133
2005 149
2006 165
2007 108
2008 117
2009 132
2010 109
2011 136
2012 163
2013 140
2014 122
2015 115
2016 146
2017 94
2018 184
2019 171
2020 142
2021 159
2022 140
2023 136
2024 136
2025 95
2026 145
2027 84
2028 90
2029 122
2030 114
2031 162
2032 155
2033 139
2034 152
2035 136
2036 176
2037 127
2038 143
2039 194
2040 123
2041 178
2042 169
2043 164
2044 122
2045 113
2046 113
2047 120
2048 129
2049 114
2050 134
2051 119
2052 159
2053 133
2054 104
2055 145
2056 140
2057 130
2058 104
2059 113
2060 93
2061 130
2062 125
2063 180
2064 147
2065 111
2066 39
2067 124
2068 195
2069 121
2070 167
2071 58
2072 134
2073 80
2074 134
2075 145
2076 145
2077 148
2078 158
2079 167
2080 173
2081 126
2082 85
2083 137
2084 167
2085 156
2086 173
2087 148
2088 146
2089 116
2090 140
2091 152
2092 178
2093 200
2094 188
2095 166
2096 107
2097 115
2098 129
2099 124
2100 130
2101 129
2102 93
2103 130
2104 155
2105 185
2106 137
2107 138
2108 103
2109 184
2110 157
2111 139
2112 154
2113 147
2114 184
2115 146
2116 174
2117 173
2118 140
2119 116
2120 123
2121 129
2122 145
2123 210
2124 112
2125 168
2126 167
2127 138
2128 132
2129 146
2130 129
2131 209
2132 133
2133 153
2134 135
2135 175
2136 102
2137 128
2138 188
2139 133
2140 180
2141 132
2142 211
2143 139
2144 153
2145 141
2146 184
2147 173
2148 86
2149 138
2150 157
2151 171
2152 132
2153 113
2154 139
2155 167
2156 139
2157 179
2158 152
2159 130
2160 70
2161 177
2162 147
2163 141
2164 159
2165 118
2166 99
2167 156
2168 159
2169 140
2170 106
2171 176
2172 141
2173 152
2174 146
2175 142
2176 120
2177 149
2178 113
2179 175
2180 146
2181 168
2182 109
2183 145
2184 114
2185 112
2186 138
2187 112
2188 136
2189 165
2190 135
2191 107
2192 156
2193 145
2194 143
2195 154
2196 180
2197 147
2198 151
2199 148
2200 130
2201 77
2202 151
2203 122
2204 122
2205 170
2206 87
2207 151
2208 129
2209 93
2210 128
2211 155
2212 132
2213 157
2214 121
2215 166
2216 142
2217 155
2218 169
2219 163
2220 149
2221 177
2222 139
2223 154
2224 211
2225 138
2226 105
2227 102
2228 142
2229 148
2230 117
2231 128
2232 150
2233 138
2234 117
2235 178
2236 114
2237 126
2238 119
2239 122
2240 167
2241 148
2242 165
2243 134
2244 148
2245 180
2246 144
2247 157
2248 121
2249 137
2250 148
2251 69
2252 153
2253 152
2254 160
2255 149
2256 168
2257 149
2258 134
2259 145
2260 126
2261 164
2262 145
2263 93
2264 140
2265 139
2266 133
2267 190
2268 131
2269 130
2270 148
2271 150
2272 153
2273 104
2274 117
2275 175
2276 157
2277 162
2278 132
2279 163
2280 131
2281 120
2282 162
2283 118
2284 153
2285 198
2286 154
2287 162
2288 117
2289 157
2290 119
2291 179
2292 116
2293 143
2294 169
2295 146
2296 146
2297 141
2298 185
2299 164
2300 167
2301 187
2302 184
2303 133
2304 170
2305 140
2306 104
2307 192
2308 170
2309 166
2310 136
2311 135
2312 125
2313 151
2314 123
2315 154
2316 142
2317 135
2318 189
2319 167
2320 163
2321 173
2322 127
2323 140
2324 127
2325 161
2326 144
2327 152
2328 112
2329 109
2330 203
2331 121
2332 152
2333 139
2334 152
2335 124
2336 188
2337 119
2338 190
2339 124
2340 108
2341 146
2342 122
2343 156
2344 195
2345 109
2346 167
2347 104
2348 150
2349 128
2350 121
2351 189
2352 104
2353 103
2354 128
2355 132
2356 156
2357 172
2358 134
2359 150
2360 164
2361 77
2362 140
2363 157
2364 138
2365 145
2366 142
2367 145
2368 104
2369 158
2370 153
2371 162
2372 147
2373 159
2374 163
2375 135
2376 178
2377 123
2378 158
2379 158
2380 138
2381 114
2382 122
2383 143
2384 41
2385 164
2386 117
2387 148
2388 156
2389 162
2390 124
2391 197
2392 153
2393 129
2394 152
2395 125
2396 126
2397 88
2398 155
2399 151
2400 123
2401 101
2402 121
2403 131
2404 136
2405 128
2406 158
2407 108
2408 118
2409 172
2410 168
2411 129
2412 84
2413 90
2414 184
2415 147
2416 109
2417 141
2418 153
2419 151
2420 156
2421 96
2422 116
2423 147
2424 163
2425 87
2426 157
2427 100
2428 129
2429 151
2430 153
2431 155
2432 122
2433 167
2434 154
2435 110
2436 132
2437 158
2438 139
2439 167
2440 128
2441 190
2442 133
2443 132
2444 132
2445 166
2446 147
2447 149
2448 151
2449 146
2450 166
2451 161
2452 78
2453 135
2454 140
2455 136
2456 150
2457 150
2458 134
2459 132
2460 128
2461 131
2462 152
2463 116
2464 152
2465 157
2466 161
2467 171
2468 151
2469 138
2470 149
2471 137
2472 128
2473 144
2474 156
2475 155
2476 155
2477 135
2478 152
2479 150
2480 153
2481 144
2482 137
2483 151
2484 166
2485 139
2486 223
2487 122
2488 89
2489 178
2490 119
2491 199
2492 152
2493 161
2494 106
2495 177
2496 111
2497 109
2498 120
2499 153
2500 103
2501 145
2502 129
2503 166
2504 141
2505 99
2506 181
2507 137
2508 139
2509 127
2510 106
2511 148
2512 153
2513 124
2514 116
2515 147
2516 106
2517 134
2518 141
2519 178
2520 174
2521 205
2522 165
2523 74
2524 141
2525 138
2526 102
2527 185
2528 154
2529 136
2530 163
2531 129
2532 131
2533 143
2534 195
2535 154
2536 150
2537 126
2538 155
2539 131
2540 111
2541 151
2542 132
2543 154
2544 181
2545 123
2546 143
2547 98
2548 138
2549 290
2550 139
2551 139
2552 187
2553 189
2554 146
2555 151
2556 136
2557 187
2558 151
2559 176
2560 182
2561 90
2562 183
2563 189
2564 100
2565 115
2566 143
2567 147
2568 104
2569 153
2570 77
2571 108
2572 175
2573 148
2574 140
2575 167
2576 164
2577 112
2578 133
2579 123
2580 147
2581 106
2582 137
2583 131
2584 135
2585 147
2586 141
2587 154
2588 134
2589 126
2590 137
2591 139
2592 154
2593 139
2594 130
2595 150
2596 173
2597 148
2598 137
2599 147
2600 150
2601 140
2602 124
2603 69
2604 164
2605 141
2606 151
2607 169
2608 132
2609 147
2610 153
2611 188
2612 145
2613 146
2614 148
2615 152
2616 132
2617 145
2618 145
2619 153
2620 164
2621 185
2622 84
2623 152
2624 113
2625 175
2626 118
2627 132
2628 167
2629 139
2630 131
2631 122
2632 136
2633 123
2634 136
2635 135
2636 107
2637 151
2638 170
2639 112
2640 122
2641 141
2642 131
2643 122
2644 156
2645 165
2646 107
2647 146
2648 111
2649 117
2650 164
2651 125
2652 130
2653 99
2654 176
2655 170
2656 97
2657 180
2658 165
2659 119
2660 143
2661 165
2662 144
2663 117
2664 264
2665 140
2666 133
2667 89
2668 145
2669 157
2670 141
2671 136
2672 115
2673 141
2674 169
2675 138
2676 130
2677 170
2678 116
2679 95
2680 125
2681 138
2682 172
2683 116
2684 133
2685 163
2686 149
2687 131
2688 150
2689 139
2690 93
2691 128
2692 117
2693 126
2694 119
2695 162
2696 126
2697 151
2698 154
2699 166
2700 114
2701 141
2702 125
2703 137
2704 166
2705 107
2706 91
2707 137
2708 147
2709 93
2710 144
2711 139
2712 151
2713 206
2714 70
2715 44
2716 152
2717 146
2718 232
2719 160
2720 141
2721 159
2722 78
2723 221
2724 189
2725 139
2726 150
2727 173
2728 112
2729 158
2730 69
2731 135
2732 149
2733 116
2734 149
2735 167
2736 141
2737 146
2738 117
2739 136
2740 177
2741 115
2742 113
2743 163
2744 102
2745 181
2746 157
2747 161
2748 114
2749 139
2750 118
2751 115
2752 125
2753 180
2754 187
2755 130
2756 155
2757 103
2758 146
2759 133
2760 72
2761 144
2762 166
2763 140
2764 114
2765 163
2766 169
2767 109
2768 178
2769 138
2770 176
2771 170
2772 153
2773 0
2774 145
2775 143
2776 144
2777 197
2778 155
2779 133
2780 174
2781 143
2782 179
2783 124
2784 144
2785 150
2786 103
2787 200
2788 152
2789 141
2790 158
2791 121
2792 129
2793 153
2794 162
2795 123
2796 138
2797 161
2798 125
2799 158
