Vertices: 1100
Edges: 7700
Time: 1,125 ms
Iterations: 7690
Vertex Distance
0 0
1 150
2 120
3 187
4 206
5 137
6 96
7 187
8 170
9 117
10 144
11 101
12 173
13 174
14 0
15 174
16 165
17 135
18 98
19 145
20 91
21 134
22 168
23 156
24 178
25 172
26 95
27 133
28 120
29 146
30 204
31 225
32 130
33 154
34 179
35 137
36 150
37 106
38 130
39 139
40 144
41 141
42 195
43 126
44 141
45 116
46 193
47 163
48 177
49 174
50 53
51 146
52 148
53 106
54 159
55 167
56 150
57 163
58 133
59 154
60 152
61 144
62 177
63 204
64 141
65 158
66 146
67 94
68 159
69 144
70 77
71 135
72 149
73 156
74 131
75 130
76 149
77 133
78 130
79 163
80 91
81 153
82 140
83 146
84 173
85 135
86 140
87 141
88 139
89 126
90 167
91 171
92 115
93 156
94 164
95 160
96 129
97 156
98 130
99 194
100 121
101 155
102 159
103 115
104 154
105 124
106 142
107 133
108 153
109 115
110 150
111 148
112 163
113 185
114 134
115 185
116 133
117 117
118 164
119 168
120 174
121 187
122 127
123 171
124 147
125 128
126 104
127 119
128 141
129 132
130 147
131 148
132 168
133 129
134 137
135 161
136 94
137 141
138 154
139 177
140 144
141 197
142 135
143 144
144 140
145 146
146 152
147 162
148 128
149 172
150 151
151 156
152 167
153 128
154 105
155 119
156 150
157 186
158 131
159 136
160 159
161 164
162 149
163 128
164 163
165 103
166 129
167 132
168 121
169 153
170 140
171 133
172 134
173 182
174 144
175 93
176 185
177 166
178 155
179 131
180 120
181 144
182 145
183 104
184 152
185 146
186 133
187 136
188 142
189 121
190 141
191 158
192 118
193 127
194 123
195 73
196 124
197 185
198 114
199 213
200 144
201 124
202 103
203 165
204 135
205 146
206 149
207 120
208 135
209 187
210 144
211 156
212 120
213 137
214 110
215 149
216 141
217 112
218 130
219 143
220 153
221 131
222 127
223 166
224 115
225 210
226 154
227 196
228 132
229 148
230 141
231 151
232 161
233 139
234 137
235 150
236 160
237 150
238 128
239 149
240 100
241 135
242 165
243 161
244 126
245 120
246 143
247 208
248 178
249 136
250 113
251 157
252 154
253 149
254 170
255 131
256 142
257 201
258 147
259 135
260 121
261 185
262 142
263 127
264 140
265 153
266 171
267 154
268 131
269 147
270 140
271 146
272 68
273 126
274 154
275 183
276 143
277 121
278 143
279 118
280 167
281 153
282 156
283 126
284 139
285 139
286 137
287 135
288 153
289 160
290 142
291 120
292 166
293 140
294 146
295 126
296 154
297 154
298 128
299 117
300 135
301 175
302 182
303 101
304 106
305 96
306 123
307 144
308 140
309 146
310 126
311 100
312 160
313 153
314 173
315 98
316 146
317 150
318 167
319 121
320 159
321 109
322 173
323 152
324 169
325 173
326 101
327 108
328 142
329 168
330 145
331 107
332 158
333 163
334 201
335 137
336 171
337 165
338 155
339 139
340 162
341 136
342 94
343 130
344 141
345 102
346 144
347 136
348 115
349 140
350 137
351 132
352 140
353 95
354 90
355 86
356 144
357 124
358 123
359 159
360 150
361 161
362 130
363 118
364 107
365 153
366 159
367 131
368 128
369 183
370 144
371 164
372 149
373 120
374 157
375 225
376 142
377 132
378 108
379 160
380 149
381 184
382 135
383 157
384 130
385 119
386 146
387 120
388 178
389 130
390 63
391 157
392 167
393 135
394 148
395 155
396 211
397 157
398 162
399 81
400 139
401 148
402 121
403 132
404 108
405 109
406 113
407 167
408 152
409 118
410 162
411 167
412 127
413 134
414 173
415 145
416 137
417 149
418 132
419 118
420 158
421 150
422 115
423 141
424 129
425 162
426 142
427 144
428 152
429 153
430 125
431 114
432 121
433 145
434 124
435 136
436 137
437 113
438 98
439 189
440 192
441 132
442 115
443 110
444 140
445 144
446 150
447 148
448 122
449 124
450 166
451 174
452 153
453 121
454 147
455 138
456 185
457 144
458 148
459 101
460 170
461 139
462 156
463 114
464 125
465 126
466 138
467 157
468 129
469 113
470 166
471 170
472 118
473 124
474 79
475 129
476 122
477 169
478 144
479 143
480 155
481 147
482 135
483 152
484 171
485 161
486 175
487 146
488 119
489 182
490 160
491 155
492 137
493 122
494 125
495 146
496 92
497 141
498 143
499 147
500 144
501 188
502 132
503 140
504 162
505 119
506 167
507 153
508 168
509 136
510 137
511 192
512 167
513 126
514 150
515 163
516 153
517 118
518 195
519 153
520 140
521 133
522 117
523 155
524 142
525 124
526 159
527 168
528 176
529 151
530 106
531 165
532 135
533 143
534 181
535 130
536 140
537 172
538 167
539 129
540 142
541 146
542 110
543 155
544 89
545 132
546 154
547 120
548 150
549 158
550 145
551 138
552 106
553 108
554 136
555 158
556 180
557 169
558 150
559 126
560 147
561 156
562 98
563 171
564 136
565 102
566 168
567 109
568 132
569 159
570 116
571 185
572 89
573 149
574 139
575 122
576 125
577 148
578 80
579 172
580 135
581 189
582 129
583 165
584 101
585 150
586 186
587 181
588 151
589 149
590 151
591 167
592 103
593 167
594 148
595 105
596 166
597 176
598 133
599 158
600 115
601 151
602 182
603 73
604 112
605 120
606 154
607 65
608 172
609 170
610 84
611 148
612 142
613 123
614 116
615 129
616 172
617 86
618 136
619 150
620 122
621 124
622 149
623 138
624 123
625 174
626 160
627 119
628 139
629 137
630 125
631 81
632 136
633 140
634 126
635 105
636 201
637 151
638 100
639 78
640 110
641 114
642 190
643 74
644 141
645 157
646 159
647 150
648 110
649 185
650 112
651 164
652 151
653 167
654 144
655 87
656 183
657 171
658 126
659 146
660 97
661 138
662 124
663 153
664 123
665 142
666 138
667 156
668 175
669 132
670 159
671 138
672 173
673 134
674 154
675 161
676 175
677 141
678 131
679 145
680 189
681 176
682 148
683 131
684 157
685 150
686 142
687 119
688 143
689 141
690 188
691 79
692 157
693 95
694 85
695 122
696 153
697 136
698 162
699 176
700 129
701 134
702 193
703 159
704 117
705 121
706 139
707 133
708 107
709 194
710 154
711 194
712 169
713 106
714 124
715 111
716 162
717 160
718 136
719 169
720 165
721 146
722 154
723 152
724 182
725 130
726 162
727 148
728 139
729 169
730 131
731 135
732 138
733 157
734 128
735 124
736 148
737 129
738 84
739 160
740 136
741 139
742 127
743 163
744 158
745 154
746 175
747 178
748 130
749 108
750 143
751 127
752 138
753 127
754 114
755 93
756 82
757 130
758 149
759 149
760 175
761 120
762 139
763 132
764 159
765 148
766 132
767 146
768 127
769 139
770 133
771 116
772 159
773 138
774 140
775 159
776 150
777 116
778 155
779 153
780 127
781 174
782 129
783 171
784 153
785 188
786 147
787 154
788 111
789 152
790 137
791 84
792 172
793 164
794 113
795 170
796 175
797 85
798 163
799 138
800 118
801 128
802 93
803 139
804 180
805 163
806 128
807 129
808 145
809 165
810 287
811 132
812 144
813 156
814 141
815 122
816 156
817 108
818 146
819 133
820 142
821 144
822 154
823 146
824 126
825 174
826 164
827 139
828 171
829 192
830 160
831 150
832 143
833 165
834 168
835 147
836 165
837 150
838 159
839 138
840 119
841 116
842 157
843 147
844 172
845 183
846 137
847 149
848 135
849 166
850 145
851 162
852 118
853 194
854 135
855 157
856 168
857 146
858 164
859 195
860 99
861 156
862 124
863 140
864 134
865 148
866 131
867 142
868 147
869 153
870 157
871 110
872 182
873 143
874 142
875 150
876 133
877 125
878 58
879 121
880 121
881 150
882 148
883 136
884 114
885 129
886 136
887 109
888 199
889 184
890 160
891 129
892 159
893 115
894 109
895 176
896 156
897 118
898 190
899 107
900 110
901 115
902 159
903 180
904 172
905 131
906 115
907 143
908 162
909 127
910 109
911 143
912 132
913 164
914 177
915 152
916 136
917 264
918 148
919 127
920 180
921 183
922 140
923 169
924 168
925 129
926 144
927 165
928 177
929 131
930 149
931 154
932 133
933 153
934 140
935 106
936 172
937 183
938 176
939 142
940 137
941 119
942 118
943 115
944 157
945 122
946 175
947 167
948 128
949 104
950 135
951 175
952 127
953 143
954 172
955 174
956 154
957 84
958 161
959 163
960 114
961 119
962 132
963 189
964 165
965 150
966 110
967 146
968 138
969 210
970 132
971 182
972 147
973 169
974 140
975 137
976 153
977 78
978 125
979 140
980 153
981 189
982 167
983 174
984 143
985 117
986 138
987 146
988 85
989 141
990 199
991 161
992 116
993 116
994 124
995 184
996 162
997 180
998 118
999 162
1000 136
1001 101
1002 133
1003 110
1004 157
1005 149
1006 157
1007 162
1008 147
1009 139
1010 144
1011 147
1012 129
1013 89
1014 147
1015 133
1016 151
1017 147
1018 124
1019 148
1020 147
1021 200
1022 156
1023 112
1024 145
1025 173
1026 134
1027 147
1028 73
1029 152
1030 119
1031 177
1032 187
1033 126
1034 133
1035 148
1036 102
1037 170
1038 162
1039 108
1040 183
1041 140
1042 162
1043 191
1044 150
1045 149
1046 112
1047 162
1048 168
1049 139
1050 188
1051 178
1052 149
1053 167
1054 158
1055 145
1056 170
1057 139
1058 126
1059 171
1060 152
1061 138
1062 149
1063 149
1064 140
1065 143
1066 124
1067 187
1068 127
1069 174
1070 172
1071 140
1072 143
1073 161
1074 149
1075 163
1076 132
1077 154
1078 182
1079 124
1080 133
1081 114
1082 140
1083 130
1084 115
1085 135
1086 140
1087 107
1088 209
1089 114
1090 139
1091 162
1092 162
1093 174
1094 124
1095 129
1096 126
1097 156
1098 142
1099 132
