Vertices: 8500
Edges: 59500
Time: 3,245 ms
Iterations: 59463
Vertex Distance
0 0
1 177
2 153
3 162
4 155
5 131
6 155
7 153
8 142
9 167
10 144
11 146
12 139
13 122
14 127
15 92
16 169
17 161
18 149
19 127
20 208
21 193
22 109
23 165
24 157
25 149
26 156
27 133
28 124
29 152
30 118
31 178
32 173
33 146
34 124
35 140
36 152
37 113
38 122
39 154
40 142
41 143
42 146
43 119
44 143
45 146
46 134
47 138
48 150
49 132
50 140
51 172
52 142
53 136
54 92
55 146
56 154
57 163
58 129
59 169
60 121
61 182
62 133
63 141
64 122
65 183
66 187
67 156
68 133
69 102
70 168
71 142
72 126
73 75
74 194
75 157
76 105
77 127
78 151
79 136
80 135
81 124
82 125
83 116
84 154
85 180
86 194
87 181
88 153
89 144
90 136
91 132
92 164
93 160
94 128
95 152
96 122
97 80
98 148
99 158
100 134
101 168
102 113
103 143
104 150
105 67
106 159
107 147
108 159
109 137
110 149
111 145
112 150
113 126
114 171
115 142
116 114
117 110
118 150
119 126
120 62
121 144
122 127
123 160
124 159
125 156
126 136
127 109
128 141
129 107
130 88
131 142
132 143
133 213
134 114
135 140
136 125
137 147
138 142
139 149
140 118
141 156
142 149
143 95
144 126
145 211
146 109
147 156
148 146
149 189
150 174
151 204
152 214
153 147
154 110
155 121
156 165
157 125
158 147
159 174
160 165
161 168
162 135
163 163
164 135
165 144
166 160
167 138
168 137
169 164
170 154
171 181
172 202
173 125
174 135
175 140
176 150
177 133
178 129
179 110
180 142
181 144
182 164
183 165
184 133
185 176
186 212
187 132
188 159
189 149
190 149
191 209
192 138
193 137
194 104
195 154
196 106
197 156
198 141
199 156
200 161
201 118
202 168
203 148
204 113
205 131
206 108
207 137
208 153
209 182
210 150
211 130
212 192
213 160
214 134
215 106
216 98
217 176
218 147
219 126
220 147
221 134
222 155
223 155
224 162
225 192
226 162
227 118
228 142
229 125
230 130
231 164
232 120
233 134
234 164
235 144
236 127
237 138
238 175
239 125
240 131
241 152
242 163
243 159
244 154
245 142
246 116
247 149
248 126
249 146
250 163
251 175
252 151
253 117
254 135
255 149
256 171
257 132
258 137
259 122
260 163
261 183
262 163
263 169
264 167
265 128
266 129
267 131
268 137
269 128
270 139
271 165
272 158
273 76
274 150
275 157
276 119
277 129
278 121
279 119
280 188
281 144
282 145
283 133
284 149
285 126
286 123
287 131
288 114
289 136
290 185
291 162
292 149
293 140
294 117
295 116
296 132
297 129
298 154
299 144
300 160
301 156
302 42
303 180
304 138
305 151
306 152
307 144
308 143
309 91
310 147
311 119
312 170
313 162
314 174
315 187
316 152
317 123
318 113
319 134
320 153
321 86
322 139
323 149
324 117
325 80
326 147
327 134
328 155
329 131
330 158
331 141
332 147
333 166
334 116
335 190
336 156
337 147
338 136
339 169
340 129
341 153
342 155
343 165
344 117
345 113
346 110
347 144
348 126
349 138
350 154
351 165
352 119
353 168
354 123
355 141
356 129
357 137
358 151
359 119
360 156
361 170
362 148
363 150
364 158
365 117
366 163
367 161
368 130
369 185
370 139
371 210
372 121
373 153
374 134
375 170
376 163
377 171
378 169
379 142
380 140
381 191
382 113
383 177
384 116
385 144
386 166
387 138
388 151
389 154
390 179
391 146
392 162
393 119
394 152
395 142
396 97
397 169
398 127
399 148
400 132
401 159
402 124
403 150
404 115
405 172
406 108
407 151
408 165
409 114
410 141
411 191
412 130
413 176
414 116
415 168
416 142
417 144
418 114
419 191
420 157
421 164
422 165
423 109
424 128
425 131
426 151
427 174
428 136
429 149
430 129
431 163
432 130
433 97
434 178
435 168
436 140
437 148
438 164
439 110
440 122
441 150
442 126
443 145
444 157
445 141
446 135
447 162
448 186
449 142
450 150
451 147
452 208
453 150
454 133
455 159
456 197
457 179
458 113
459 127
460 158
461 154
462 186
463 140
464 197
465 221
466 168
467 120
468 117
469 148
470 101
471 163
472 141
473 159
474 173
475 126
476 165
477 163
478 168
479 177
480 162
481 139
482 171
483 120
484 158
485 129
486 183
487 145
488 145
489 148
490 158
491 145
492 172
493 108
494 83
495 145
496 145
497 122
498 136
499 164
500 101
501 148
502 127
503 190
504 101
505 151
506 139
507 163
508 143
509 157
510 145
511 161
512 177
513 137
514 144
515 98
516 160
517 138
518 154
519 151
520 113
521 105
522 147
523 124
524 179
525 135
526 144
527 142
528 171
529 180
530 133
531 124
532 199
533 115
534 125
535 167
536 138
537 125
538 113
539 114
540 62
541 56
542 154
543 125
544 111
545 201
546 113
547 129
548 191
549 146
550 119
551 140
552 134
553 118
554 142
555 76
556 186
557 141
558 144
559 99
560 185
561 118
562 108
563 119
564 181
565 141
566 142
567 89
568 168
569 151
570 187
571 148
572 120
573 214
574 44
575 104
576 146
577 142
578 112
579 166
580 136
581 116
582 142
583 192
584 130
585 161
586 164
587 154
588 204
589 127
590 148
591 146
592 106
593 104
594 171
595 160
596 151
597 130
598 111
599 128
600 133
601 102
602 133
603 138
604 146
605 129
606 165
607 146
608 123
609 128
610 146
611 145
612 129
613 118
614 190
615 136
616 143
617 162
618 142
619 154
620 142
621 113
622 115
623 148
624 146
625 102
626 153
627 145
628 138
629 167
630 105
631 141
632 167
633 163
634 121
635 123
636 161
637 139
638 196
639 147
640 164
641 168
642 146
643 147
644 145
645 165
646 170
647 139
648 153
649 140
650 69
651 130
652 124
653 164
654 172
655 130
656 148
657 154
658 152
659 100
660 117
661 146
662 145
663 158
664 164
665 139
666 126
667 149
668 144
669 137
670 103
671 183
672 133
673 55
674 128
675 144
676 132
677 155
678 127
679 150
680 103
681 138
682 133
683 119
684 147
685 130
686 152
687 163
688 145
689 94
690 124
691 156
692 141
693 109
694 116
695 176
696 141
697 150
698 204
699 124
700 138
701 151
702 159
703 134
704 127
705 191
706 160
707 138
708 121
709 175
710 172
711 154
712 155
713 140
714 164
715 168
716 161
717 126
718 122
719 181
720 143
721 124
722 133
723 156
724 165
725 151
726 122
727 130
728 131
729 173
730 192
731 159
732 144
733 168
734 116
735 217
736 164
737 175
738 151
739 154
740 146
741 159
742 175
743 170
744 191
745 141
746 156
747 170
748 174
749 113
750 216
751 138
752 163
753 131
754 149
755 180
756 108
757 144
758 157
759 124
760 126
761 171
762 134
763 185
764 154
765 90
766 165
767 163
768 165
769 156
770 136
771 93
772 113
773 83
774 150
775 88
776 147
777 175
778 200
779 115
780 140
781 213
782 158
783 127
784 182
785 121
786 114
787 155
788 160
789 116
790 142
791 189
792 182
793 120
794 145
795 154
796 200
797 163
798 207
799 117
800 113
801 162
802 167
803 188
804 124
805 159
806 191
807 128
808 117
809 148
810 93
811 144
812 144
813 117
814 123
815 144
816 135
817 126
818 107
819 135
820 168
821 180
822 136
823 145
824 131
825 137
826 130
827 90
828 180
829 143
830 147
831 114
832 138
833 142
834 81
835 180
836 127
837 140
838 165
839 121
840 174
841 160
842 129
843 148
844 173
845 138
846 150
847 107
848 169
849 99
850 134
851 135
852 186
853 139
854 200
855 164
856 168
857 192
858 139
859 128
860 112
861 160
862 116
863 175
864 150
865 159
866 143
867 133
868 149
869 129
870 157
871 162
872 134
873 129
874 155
875 142
876 120
877 166
878 143
879 136
880 189
881 137
882 144
883 152
884 150
885 150
886 141
887 122
888 128
889 211
890 100
891 103
892 88
893 137
894 130
895 137
896 140
897 149
898 173
899 129
900 156
901 133
902 146
903 132
904 178
905 149
906 178
907 130
908 193
909 104
910 153
911 133
912 131
913 99
914 163
915 115
916 156
917 188
918 139
919 170
920 189
921 216
922 128
923 148
924 171
925 175
926 165
927 158
928 131
929 160
930 140
931 156
932 166
933 168
934 158
935 119
936 202
937 146
938 89
939 288
940 166
941 159
942 147
943 122
944 154
945 133
946 153
947 63
948 179
949 141
950 108
951 157
952 152
953 94
954 145
955 119
956 144
957 131
958 128
959 158
960 116
961 151
962 143
963 203
964 164
965 143
966 105
967 125
968 166
969 168
970 123
971 174
972 142
973 132
974 139
975 160
976 174
977 150
978 204
979 91
980 185
981 175
982 117
983 106
984 146
985 130
986 140
987 174
988 201
989 154
990 139
991 150
992 160
993 140
994 93
995 128
996 123
997 140
998 138
999 139
1000 188
1001 163
1002 118
1003 186
1004 116
1005 144
1006 125
1007 172
1008 153
1009 170
1010 123
1011 117
1012 129
1013 130
1014 139
1015 109
1016 140
1017 186
1018 130
1019 72
1020 131
1021 122
1022 110
1023 166
1024 146
1025 112
1026 4
1027 130
1028 160
1029 126
1030 105
1031 150
1032 143
1033 111
1034 139
1035 146
1036 170
1037 146
1038 153
1039 144
1040 145
1041 116
1042 136
1043 133
1044 160
1045 144
1046 161
1047 148
1048 124
1049 200
1050 123
1051 148
1052 158
1053 134
1054 198
1055 156
1056 144
1057 124
1058 138
1059 154
1060 138
1061 156
1062 143
1063 119
1064 167
1065 216
1066 167
1067 131
1068 142
1069 146
1070 132
1071 174
1072 147
1073 195
1074 118
1075 163
1076 76
1077 132
1078 157
1079 156
1080 166
1081 141
1082 136
1083 153
1084 120
1085 136
1086 130
1087 153
1088 173
1089 187
1090 166
1091 142
1092 146
1093 165
1094 161
1095 164
1096 128
1097 107
1098 151
1099 128
1100 108
1101 119
1102 169
1103 149
1104 135
1105 146
1106 227
1107 142
1108 123
1109 157
1110 151
1111 128
1112 187
1113 152
1114 156
1115 105
1116 141
1117 134
1118 121
1119 142
1120 129
1121 160
1122 150
1123 120
1124 127
1125 191
1126 137
1127 158
1128 165
1129 137
1130 135
1131 135
1132 163
1133 164
1134 164
1135 189
1136 98
1137 192
1138 156
1139 131
1140 146
1141 137
1142 127
1143 0
1144 133
1145 152
1146 83
1147 141
1148 160
1149 103
1150 170
1151 180
1152 115
1153 120
1154 147
1155 140
1156 112
1157 144
1158 183
1159 162
1160 134
1161 134
1162 149
1163 149
1164 129
1165 128
1166 130
1167 150
1168 124
1169 124
1170 200
1171 115
1172 196
1173 130
1174 122
1175 138
1176 139
1177 156
1178 248
1179 137
1180 139
1181 120
1182 150
1183 177
1184 130
1185 146
1186 158
1187 131
1188 157
1189 134
1190 102
1191 88
1192 155
1193 138
1194 119
1195 150
1196 143
1197 138
1198 135
1199 155
1200 81
1201 147
1202 135
1203 95
1204 136
1205 136
1206 172
1207 151
1208 157
1209 140
1210 128
1211 171
1212 86
1213 139
1214 151
1215 138
1216 154
1217 131
1218 140
1219 93
1220 191
1221 106
1222 192
1223 251
1224 121
1225 178
1226 177
1227 159
1228 142
1229 133
1230 163
1231 163
1232 112
1233 139
1234 111
1235 125
1236 145
1237 180
1238 165
1239 181
1240 132
1241 140
1242 125
1243 209
1244 204
1245 92
1246 162
1247 138
1248 143
1249 147
1250 190
1251 128
1252 148
1253 144
1254 143
1255 178
1256 130
1257 161
1258 130
1259 120
1260 167
1261 136
1262 164
1263 115
1264 151
1265 142
1266 141
1267 164
1268 146
1269 148
1270 167
1271 162
1272 132
1273 100
1274 112
1275 126
1276 124
1277 139
1278 113
1279 138
1280 158
1281 120
1282 137
1283 135
1284 140
1285 134
1286 115
1287 128
1288 165
1289 177
1290 134
1291 133
1292 174
1293 81
1294 148
1295 143
1296 131
1297 120
1298 108
1299 123
1300 134
1301 134
1302 141
1303 149
1304 117
1305 146
1306 150
1307 101
1308 68
1309 119
1310 144
1311 148
1312 116
1313 76
1314 159
1315 131
1316 146
1317 132
1318 172
1319 148
1320 132
1321 171
1322 168
1323 96
1324 178
1325 17
1326 130
1327 150
1328 161
1329 144
1330 130
1331 148
1332 187
1333 140
1334 137
1335 134
1336 153
1337 158
1338 0
1339 132
1340 154
1341 115
1342 115
1343 163
1344 142
1345 170
1346 135
1347 151
1348 132
1349 154
1350 145
1351 129
1352 201
1353 172
1354 129
1355 126
1356 130
1357 131
1358 159
1359 128
1360 155
1361 144
1362 126
1363 157
1364 158
1365 143
1366 121
1367 153
1368 184
1369 144
1370 129
1371 158
1372 123
1373 163
1374 122
1375 175
1376 178
1377 155
1378 130
1379 161
1380 115
1381 259
1382 121
1383 158
1384 149
1385 164
1386 173
1387 112
1388 156
1389 119
1390 136
1391 160
1392 138
1393 159
1394 84
1395 158
1396 154
1397 157
1398 165
1399 119
1400 125
1401 164
1402 126
1403 136
1404 110
1405 169
1406 189
1407 148
1408 113
1409 153
1410 139
1411 163
1412 147
1413 149
1414 141
1415 214
1416 172
1417 145
1418 154
1419 113
1420 99
1421 127
1422 135
1423 170
1424 108
1425 149
1426 139
1427 137
1428 159
1429 176
1430 180
1431 136
1432 122
1433 134
1434 128
1435 153
1436 119
1437 169
1438 132
1439 110
1440 149
1441 128
1442 148
1443 111
1444 162
1445 182
1446 110
1447 116
1448 118
1449 142
1450 175
1451 107
1452 162
1453 138
1454 117
1455 169
1456 115
1457 104
1458 149
1459 150
1460 135
1461 155
1462 95
1463 130
1464 143
1465 166
1466 146
1467 135
1468 141
1469 165
1470 101
1471 170
1472 168
1473 141
1474 122
1475 150
1476 169
1477 144
1478 142
1479 139
1480 112
1481 144
1482 170
1483 125
1484 133
1485 141
1486 135
1487 165
1488 165
1489 150
1490 146
1491 138
1492 156
1493 127
1494 122
1495 194
1496 153
1497 142
1498 123
1499 132
1500 120
1501 131
1502 125
1503 118
1504 161
1505 143
1506 133
1507 162
1508 144
1509 138
1510 146
1511 129
1512 139
1513 138
1514 182
1515 133
1516 110
1517 136
1518 156
1519 132
1520 107
1521 135
1522 147
1523 154
1524 108
1525 126
1526 185
1527 100
1528 178
1529 139
1530 141
1531 177
1532 85
1533 164
1534 163
1535 64
1536 155
1537 164
1538 126
1539 143
1540 144
1541 115
1542 148
1543 139
1544 154
1545 132
1546 162
1547 158
1548 133
1549 132
1550 183
1551 166
1552 93
1553 140
1554 151
1555 163
1556 135
1557 155
1558 135
1559 140
1560 139
1561 109
1562 131
1563 152
1564 117
1565 133
1566 108
1567 106
1568 131
1569 158
1570 150
1571 145
1572 186
1573 100
1574 152
1575 146
1576 137
1577 142
1578 133
1579 160
1580 162
1581 160
1582 133
1583 132
1584 167
1585 102
1586 160
1587 118
1588 133
1589 120
1590 147
1591 81
1592 137
1593 114
1594 166
1595 141
1596 113
1597 163
1598 203
1599 159
1600 187
1601 167
1602 147
1603 143
1604 177
1605 179
1606 146
1607 114
1608 162
1609 133
1610 155
1611 171
1612 145
1613 232
1614 170
1615 116
1616 156
1617 146
1618 150
1619 163
1620 146
1621 146
1622 144
1623 125
1624 151
1625 157
1626 117
1627 162
1628 108
1629 109
1630 169
1631 116
1632 170
1633 188
1634 120
1635 123
1636 138
1637 185
1638 150
1639 197
1640 162
1641 142
1642 159
1643 124
1644 131
1645 191
1646 114
1647 147
1648 187
1649 141
1650 122
1651 141
1652 173
1653 120
1654 168
1655 153
1656 105
1657 110
1658 120
1659 141
1660 118
1661 138
1662 154
1663 78
1664 141
1665 152
1666 141
1667 145
1668 151
1669 150
1670 170
1671 125
1672 138
1673 135
1674 128
1675 159
1676 101
1677 141
1678 177
1679 143
1680 162
1681 133
1682 119
1683 142
1684 152
1685 134
1686 137
1687 140
1688 146
1689 165
1690 138
1691 104
1692 150
1693 135
1694 162
1695 217
1696 149
1697 107
1698 148
1699 164
1700 147
1701 177
1702 141
1703 168
1704 145
1705 162
1706 42
1707 126
1708 132
1709 195
1710 156
1711 148
1712 163
1713 149
1714 155
1715 190
1716 135
1717 148
1718 96
1719 134
1720 159
1721 134
1722 136
1723 155
1724 158
1725 162
1726 123
1727 165
1728 155
1729 122
1730 218
1731 147
1732 113
1733 223
1734 154
1735 132
1736 111
1737 129
1738 121
1739 108
1740 144
1741 162
1742 141
1743 131
1744 221
1745 133
1746 128
1747 140
1748 150
1749 154
1750 132
1751 165
1752 145
1753 134
1754 82
1755 164
1756 121
1757 122
1758 125
1759 142
1760 169
1761 153
1762 125
1763 98
1764 206
1765 112
1766 108
1767 110
1768 164
1769 140
1770 148
1771 146
1772 138
1773 163
1774 160
1775 171
1776 129
1777 151
1778 104
1779 157
1780 135
1781 137
1782 182
1783 158
1784 127
1785 120
1786 121
1787 105
1788 150
1789 157
1790 129
1791 153
1792 146
1793 131
1794 181
1795 169
1796 171
1797 95
1798 139
1799 170
1800 149
1801 131
1802 138
1803 172
1804 175
1805 99
1806 140
1807 122
1808 119
1809 113
1810 153
1811 179
1812 142
1813 116
1814 172
1815 104
1816 109
1817 147
1818 150
1819 202
1820 101
1821 118
1822 121
1823 111
1824 133
1825 159
1826 108
1827 131
1828 133
1829 171
1830 161
1831 136
1832 119
1833 170
1834 149
1835 141
1836 131
1837 167
1838 134
1839 157
1840 140
1841 141
1842 143
1843 140
1844 153
1845 142
1846 173
1847 158
1848 166
1849 165
1850 137
1851 160
1852 142
1853 151
1854 156
1855 145
1856 162
1857 136
1858 112
1859 146
1860 140
1861 209
1862 182
1863 138
1864 135
1865 147
1866 149
1867 165
1868 157
1869 154
1870 145
1871 105
1872 162
1873 170
1874 131
1875 161
1876 220
1877 147
1878 148
1879 162
1880 214
1881 144
1882 163
1883 194
1884 139
1885 189
1886 156
1887 128
1888 112
1889 221
1890 156
1891 139
1892 168
1893 154
1894 127
1895 154
1896 156
1897 185
1898 127
1899 163
1900 147
1901 118
1902 105
1903 183
1904 176
1905 145
1906 169
1907 132
1908 176
1909 162
1910 112
1911 122
1912 179
1913 107
1914 143
1915 105
1916 143
1917 131
1918 124
1919 181
1920 86
1921 156
1922 149
1923 130
1924 117
1925 150
1926 177
1927 159
1928 149
1929 139
1930 132
1931 94
1932 200
1933 176
1934 184
1935 119
1936 146
1937 134
1938 139
1939 149
1940 129
1941 149
1942 137
1943 143
1944 156
1945 116
1946 141
1947 147
1948 142
1949 139
1950 111
1951 118
1952 148
1953 167
1954 117
1955 165
1956 137
1957 113
1958 160
1959 168
1960 169
1961 171
1962 160
1963 162
1964 182
1965 115
1966 124
1967 185
1968 140
1969 115
1970 130
1971 149
1972 144
1973 146
1974 142
1975 187
1976 178
1977 78
1978 128
1979 169
1980 149
1981 141
1982 146
1983 129
1984 138
1985 107
1986 145
1987 133
1988 148
1989 124
1990 154
1991 112
1992 165
1993 148
1994 141
1995 115
1996 145
1997 104
1998 125
1999 120
2000 148
2001 201
2002 142
2003 179
2004 137
2005 117
2006 151
2007 158
2008 174
2009 162
2010 164
2011 173
2012 110
2013 206
2014 113
2015 160
2016 157
2017 129
2018 142
2019 174
2020 101
2021 137
2022 165
2023 270
2024 206
2025 120
2026 200
2027 198
2028 114
2029 158
2030 120
2031 152
2032 153
2033 128
2034 183
2035 90
2036 131
2037 130
2038 147
2039 163
2040 104
2041 163
2042 116
2043 148
2044 159
2045 60
2046 79
2047 172
2048 153
2049 151
2050 143
2051 129
2052 128
2053 163
2054 160
2055 149
2056 175
2057 171
2058 129
2059 145
2060 177
2061 119
2062 164
2063 132
2064 142
2065 173
2066 140
2067 143
2068 165
2069 146
2070 181
2071 140
2072 115
2073 149
2074 147
2075 134
2076 131
2077 131
2078 194
2079 135
2080 180
2081 129
2082 137
2083 156
2084 155
2085 151
2086 180
2087 146
2088 165
2089 171
2090 69
2091 146
2092 149
2093 159
2094 146
2095 140
2096 136
2097 120
2098 162
2099 163
2100 77
2101 147
2102 116
2103 114
2104 188
2105 131
2106 186
2107 151
2108 123
2109 137
2110 182
2111 129
2112 133
2113 188
2114 172
2115 152
2116 137
2117 165
2118 142
2119 199
2120 156
2121 138
2122 120
2123 146
2124 217
2125 141
2126 180
2127 98
2128 174
2129 144
2130 152
2131 107
2132 60
2133 159
2134 161
2135 144
2136 139
2137 118
2138 156
2139 163
2140 156
2141 139
2142 131
2143 147
2144 181
2145 119
2146 158
2147 138
2148 156
2149 119
2150 160
2151 106
2152 137
2153 112
2154 123
2155 183
2156 152
2157 143
2158 154
2159 156
2160 107
2161 130
2162 187
2163 152
2164 132
2165 126
2166 198
2167 133
2168 152
2169 184
2170 146
2171 85
2172 137
2173 184
2174 165
2175 156
2176 165
2177 90
2178 161
2179 97
2180 138
2181 185
2182 136
2183 122
2184 177
2185 136
2186 145
2187 135
2188 172
2189 158
2190 170
2191 181
2192 149
2193 197
2194 175
2195 133
2196 161
2197 167
2198 183
2199 134
2200 158
2201 146
2202 140
2203 132
2204 116
2205 141
2206 165
2207 183
2208 158
2209 152
2210 121
2211 144
2212 146
2213 189
2214 150
2215 174
2216 126
2217 210
2218 158
2219 136
2220 119
2221 166
2222 183
2223 142
2224 194
2225 129
2226 188
2227 165
2228 108
2229 186
2230 134
2231 137
2232 113
2233 153
2234 161
2235 155
2236 125
2237 122
2238 186
2239 173
2240 113
2241 119
2242 107
2243 143
2244 120
2245 133
2246 150
2247 133
2248 114
2249 112
2250 140
2251 155
2252 132
2253 126
2254 160
2255 173
2256 128
2257 130
2258 176
2259 166
2260 153
2261 165
2262 193
2263 133
2264 174
2265 131
2266 116
2267 135
2268 115
2269 130
2270 110
2271 110
2272 115
2273 204
2274 181
2275 143
2276 164
2277 140
2278 103
2279 133
2280 126
2281 140
2282 123
2283 149
2284 176
2285 128
2286 151
2287 162
2288 151
2289 140
2290 93
2291 147
2292 206
2293 140
2294 111
2295 139
2296 186
2297 149
2298 126
2299 143
2300 138
2301 115
2302 154
2303 141
2304 155
2305 168
2306 126
2307 199
2308 125
2309 126
2310 182
2311 109
2312 119
2313 190
2314 172
2315 152
2316 168
2317 134
2318 147
2319 139
2320 144
2321 137
2322 120
2323 129
2324 156
2325 151
2326 126
2327 115
2328 152
2329 228
2330 159
2331 128
2332 142
2333 146
2334 96
2335 141
2336 154
2337 128
2338 93
2339 153
2340 74
2341 137
2342 155
2343 144
2344 231
2345 152
2346 135
2347 157
2348 178
2349 172
2350 134
2351 142
2352 140
2353 160
2354 144
2355 166
2356 189
2357 167
2358 189
2359 159
2360 147
2361 84
2362 131
2363 185
2364 142
2365 149
2366 118
2367 167
2368 125
2369 147
2370 143
2371 148
2372 143
2373 95
2374 130
2375 124
2376 106
2377 134
2378 154
2379 149
2380 167
2381 134
2382 123
2383 138
2384 160
2385 150
2386 162
2387 131
2388 146
2389 164
2390 141
2391 180
2392 143
2393 134
2394 133
2395 141
2396 202
2397 160
2398 136
2399 190
2400 146
2401 138
2402 153
2403 144
2404 125
2405 126
2406 157
2407 167
2408 149
2409 156
2410 141
2411 126
2412 157
2413 181
2414 127
2415 113
2416 166
2417 124
2418 194
2419 144
2420 156
2421 105
2422 174
2423 199
2424 79
2425 174
2426 149
2427 177
2428 169
2429 112
2430 209
2431 149
2432 104
2433 167
2434 80
2435 200
2436 129
2437 114
2438 149
2439 174
2440 151
2441 126
2442 187
2443 145
2444 119
2445 148
2446 174
2447 160
2448 147
2449 177
2450 146
2451 150
2452 113
2453 154
2454 146
2455 155
2456 169
2457 113
2458 110
2459 166
2460 117
2461 154
2462 137
2463 159
2464 139
2465 130
2466 166
2467 146
2468 97
2469 115
2470 121
2471 139
2472 160
2473 132
2474 131
2475 178
2476 121
2477 126
2478 146
2479 127
2480 135
2481 96
2482 145
2483 178
2484 116
2485 126
2486 149
2487 154
2488 126
2489 154
2490 161
2491 130
2492 118
2493 141
2494 141
2495 145
2496 133
2497 149
2498 160
2499 160
2500 147
2501 46
2502 154
2503 188
2504 148
2505 133
2506 130
2507 130
2508 160
2509 164
2510 145
2511 141
2512 161
2513 158
2514 106
2515 153
2516 169
2517 240
2518 180
2519 161
2520 168
2521 132
2522 180
2523 234
2524 153
2525 124
2526 146
2527 213
2528 161
2529 153
2530 164
2531 134
2532 148
2533 138
2534 118
2535 154
2536 150
2537 143
2538 134
2539 180
2540 181
2541 155
2542 210
2543 127
2544 132
2545 139
2546 164
2547 142
2548 147
2549 147
2550 131
2551 122
2552 120
2553 95
2554 133
2555 139
2556 123
2557 158
2558 115
2559 118
2560 133
2561 140
2562 134
2563 150
2564 176
2565 142
2566 140
2567 167
2568 126
2569 151
2570 197
2571 146
2572 142
2573 133
2574 191
2575 169
2576 130
2577 147
2578 131
2579 160
2580 137
2581 143
2582 124
2583 155
2584 86
2585 126
2586 149
2587 159
2588 138
2589 147
2590 145
2591 178
2592 124
2593 186
2594 149
2595 136
2596 152
2597 124
2598 142
2599 197
2600 153
2601 125
2602 184
2603 177
2604 209
2605 157
2606 100
2607 170
2608 119
2609 210
2610 133
2611 180
2612 147
2613 127
2614 173
2615 113
2616 133
2617 145
2618 163
2619 126
2620 143
2621 114
2622 158
2623 137
2624 159
2625 108
2626 145
2627 137
2628 149
2629 138
2630 136
2631 159
2632 52
2633 154
2634 138
2635 72
2636 173
2637 138
2638 129
2639 135
2640 149
2641 120
2642 160
2643 147
2644 178
2645 154
2646 146
2647 140
2648 164
2649 172
2650 149
2651 156
2652 139
2653 173
2654 121
2655 139
2656 147
2657 137
2658 124
2659 137
2660 222
2661 168
2662 109
2663 159
2664 169
2665 112
2666 107
2667 166
2668 156
2669 144
2670 168
2671 137
2672 129
2673 160
2674 68
2675 160
2676 150
2677 156
2678 137
2679 130
2680 178
2681 153
2682 150
2683 161
2684 143
2685 176
2686 133
2687 121
2688 93
2689 179
2690 149
2691 162
2692 121
2693 144
2694 145
2695 167
2696 121
2697 137
2698 141
2699 163
2700 192
2701 143
2702 125
2703 109
2704 169
2705 121
2706 169
2707 161
2708 141
2709 158
2710 138
2711 148
2712 150
2713 127
2714 187
2715 124
2716 126
2717 176
2718 161
2719 166
2720 144
2721 156
2722 158
2723 144
2724 145
2725 95
2726 106
2727 164
2728 134
2729 116
2730 183
2731 134
2732 130
2733 196
2734 148
2735 146
2736 149
2737 148
2738 165
2739 129
2740 113
2741 182
2742 101
2743 173
2744 129
2745 133
2746 126
2747 140
2748 187
2749 103
2750 81
2751 134
2752 132
2753 112
2754 156
2755 192
2756 135
2757 147
2758 145
2759 139
2760 162
2761 109
2762 130
2763 166
2764 149
2765 153
2766 188
2767 169
2768 138
2769 140
2770 162
2771 132
2772 128
2773 134
2774 157
2775 120
2776 161
2777 170
2778 91
2779 188
2780 127
2781 82
2782 158
2783 141
2784 152
2785 195
2786 178
2787 124
2788 151
2789 163
2790 130
2791 132
2792 130
2793 149
2794 164
2795 164
2796 229
2797 160
2798 177
2799 132
2800 155
2801 149
2802 181
2803 142
2804 219
2805 124
2806 192
2807 127
2808 134
2809 165
2810 144
2811 176
2812 185
2813 167
2814 140
2815 126
2816 155
2817 141
2818 158
2819 166
2820 137
2821 181
2822 153
2823 130
2824 169
2825 158
2826 183
2827 131
2828 136
2829 113
2830 155
2831 144
2832 122
2833 119
2834 71
2835 119
2836 138
2837 200
2838 155
2839 172
2840 192
2841 176
2842 155
2843 144
2844 183
2845 196
2846 170
2847 119
2848 146
2849 113
2850 140
2851 150
2852 144
2853 139
2854 125
2855 148
2856 148
2857 150
2858 157
2859 120
2860 167
2861 144
2862 124
2863 137
2864 128
2865 112
2866 123
2867 165
2868 147
2869 148
2870 167
2871 145
2872 171
2873 146
2874 168
2875 111
2876 132
2877 138
2878 176
2879 146
2880 151
2881 144
2882 110
2883 190
2884 143
2885 188
2886 131
2887 155
2888 171
2889 130
2890 163
2891 122
2892 150
2893 162
2894 151
2895 150
2896 157
2897 143
2898 141
2899 135
2900 113
2901 129
2902 191
2903 158
2904 205
2905 140
2906 152
2907 216
2908 145
2909 137
2910 125
2911 148
2912 129
2913 135
2914 108
2915 130
2916 151
2917 185
2918 162
2919 155
2920 147
2921 188
2922 154
2923 171
2924 102
2925 179
2926 160
2927 108
2928 168
2929 178
2930 131
2931 163
2932 172
2933 131
2934 184
2935 146
2936 174
2937 174
2938 126
2939 189
2940 146
2941 168
2942 146
2943 139
2944 177
2945 145
2946 189
2947 148
2948 136
2949 144
2950 164
2951 101
2952 158
2953 142
2954 163
2955 112
2956 132
2957 102
2958 153
2959 166
2960 119
2961 148
2962 141
2963 158
2964 134
2965 160
2966 185
2967 167
2968 145
2969 158
2970 127
2971 148
2972 144
2973 152
2974 62
2975 143
2976 144
2977 139
2978 186
2979 180
2980 157
2981 121
2982 181
2983 153
2984 148
2985 135
2986 169
2987 143
2988 134
2989 156
2990 95
2991 174
2992 142
2993 163
2994 146
2995 162
2996 145
2997 131
2998 189
2999 117
3000 123
3001 137
3002 148
3003 136
3004 138
3005 150
3006 132
3007 145
3008 116
3009 185
3010 144
3011 144
3012 152
3013 146
3014 130
3015 130
3016 176
3017 171
3018 169
3019 145
3020 92
3021 212
3022 154
3023 185
3024 141
3025 174
3026 149
3027 172
3028 127
3029 152
3030 122
3031 178
3032 165
3033 175
3034 202
3035 184
3036 175
3037 136
3038 114
3039 123
3040 142
3041 169
3042 144
3043 153
3044 155
3045 163
3046 164
3047 167
3048 185
3049 157
3050 144
3051 171
3052 137
3053 188
3054 149
3055 212
3056 141
3057 157
3058 135
3059 159
3060 122
3061 111
3062 130
3063 104
3064 151
3065 105
3066 114
3067 121
3068 165
3069 163
3070 158
3071 118
3072 141
3073 167
3074 153
3075 257
3076 146
3077 183
3078 175
3079 178
3080 112
3081 130
3082 158
3083 134
3084 138
3085 156
3086 120
3087 113
3088 147
3089 144
3090 129
3091 162
3092 143
3093 193
3094 135
3095 135
3096 162
3097 78
3098 158
3099 138
3100 151
3101 174
3102 182
3103 152
3104 137
3105 161
3106 155
3107 172
3108 184
3109 192
3110 166
3111 57
3112 175
3113 109
3114 112
3115 160
3116 144
3117 86
3118 152
3119 158
3120 212
3121 87
3122 136
3123 86
3124 137
3125 140
3126 146
3127 173
3128 141
3129 173
3130 149
3131 88
3132 142
3133 157
3134 162
3135 190
3136 185
3137 136
3138 175
3139 147
3140 115
3141 152
3142 150
3143 112
3144 164
3145 155
3146 144
3147 84
3148 153
3149 176
3150 122
3151 150
3152 168
3153 135
3154 137
3155 129
3156 77
3157 126
3158 161
3159 122
3160 153
3161 96
3162 157
3163 162
3164 185
3165 92
3166 148
3167 116
3168 158
3169 141
3170 121
3171 163
3172 148
3173 137
3174 116
3175 289
3176 146
3177 164
3178 130
3179 132
3180 171
3181 158
3182 206
3183 168
3184 131
3185 129
3186 128
3187 165
3188 119
3189 106
3190 132
3191 150
3192 149
3193 143
3194 170
3195 127
3196 122
3197 147
3198 171
3199 161
3200 125
3201 83
3202 157
3203 125
3204 123
3205 112
3206 158
3207 152
3208 172
3209 151
3210 181
3211 117
3212 115
3213 126
3214 144
3215 144
3216 160
3217 152
3218 127
3219 101
3220 140
3221 218
3222 109
3223 179
3224 138
3225 111
3226 174
3227 174
3228 157
3229 106
3230 167
3231 165
3232 58
3233 155
3234 163
3235 129
3236 140
3237 141
3238 140
3239 171
3240 180
3241 165
3242 152
3243 178
3244 151
3245 130
3246 110
3247 163
3248 153
3249 120
3250 120
3251 182
3252 135
3253 131
3254 167
3255 145
3256 133
3257 111
3258 154
3259 184
3260 159
3261 142
3262 157
3263 146
3264 152
3265 84
3266 111
3267 140
3268 120
3269 133
3270 88
3271 167
3272 135
3273 152
3274 129
3275 175
3276 118
3277 154
3278 136
3279 135
3280 144
3281 150
3282 146
3283 153
3284 118
3285 146
3286 133
3287 181
3288 160
3289 115
3290 140
3291 164
3292 142
3293 133
3294 134
3295 157
3296 99
3297 157
3298 135
3299 137
3300 139
3301 104
3302 145
3303 115
3304 142
3305 129
3306 188
3307 109
3308 147
3309 132
3310 177
3311 116
3312 112
3313 135
3314 135
3315 143
3316 147
3317 156
3318 170
3319 135
3320 133
3321 125
3322 199
3323 149
3324 114
3325 142
3326 149
3327 91
3328 173
3329 154
3330 118
3331 153
3332 148
3333 187
3334 165
3335 115
3336 165
3337 141
3338 135
3339 96
3340 130
3341 135
3342 183
3343 132
3344 126
3345 131
3346 171
3347 116
3348 144
3349 76
3350 242
3351 166
3352 127
3353 174
3354 123
3355 171
3356 141
3357 149
3358 128
3359 132
3360 140
3361 85
3362 149
3363 139
3364 147
3365 115
3366 131
3367 133
3368 140
3369 173
3370 159
3371 113
3372 159
3373 138
3374 112
3375 150
3376 122
3377 135
3378 147
3379 178
3380 172
3381 72
3382 105
3383 133
3384 166
3385 125
3386 146
3387 129
3388 127
3389 248
3390 197
3391 116
3392 146
3393 143
3394 170
3395 102
3396 161
3397 166
3398 192
3399 171
3400 115
3401 73
3402 161
3403 168
3404 140
3405 162
3406 177
3407 137
3408 168
3409 143
3410 186
3411 127
3412 159
3413 154
3414 157
3415 188
3416 160
3417 120
3418 131
3419 136
3420 142
3421 141
3422 124
3423 122
3424 137
3425 171
3426 142
3427 157
3428 167
3429 185
3430 132
3431 144
3432 177
3433 119
3434 131
3435 148
3436 163
3437 145
3438 166
3439 165
3440 127
3441 135
3442 123
3443 147
3444 195
3445 159
3446 146
3447 142
3448 113
3449 182
3450 195
3451 97
3452 148
3453 160
3454 163
3455 169
3456 175
3457 173
3458 167
3459 105
3460 124
3461 156
3462 122
3463 130
3464 130
3465 142
3466 139
3467 163
3468 169
3469 128
3470 148
3471 156
3472 166
3473 189
3474 129
3475 134
3476 158
3477 140
3478 152
3479 175
3480 191
3481 114
3482 135
3483 114
3484 198
3485 123
3486 123
3487 146
3488 189
3489 148
3490 161
3491 150
3492 151
3493 125
3494 128
3495 133
3496 121
3497 118
3498 125
3499 135
3500 153
3501 121
3502 89
3503 183
3504 126
3505 152
3506 176
3507 144
3508 180
3509 140
3510 143
3511 151
3512 134
3513 202
3514 156
3515 139
3516 176
3517 186
3518 142
3519 122
3520 109
3521 109
3522 196
3523 159
3524 134
3525 127
3526 162
3527 132
3528 157
3529 132
3530 136
3531 114
3532 98
3533 146
3534 152
3535 192
3536 184
3537 124
3538 157
3539 144
3540 142
3541 159
3542 115
3543 157
3544 182
3545 161
3546 109
3547 141
3548 117
3549 136
3550 149
3551 131
3552 144
3553 147
3554 130
3555 177
3556 136
3557 156
3558 163
3559 165
3560 134
3561 174
3562 107
3563 156
3564 170
3565 193
3566 107
3567 137
3568 177
3569 150
3570 121
3571 172
3572 126
3573 160
3574 166
3575 141
3576 124
3577 116
3578 105
3579 75
3580 87
3581 124
3582 150
3583 164
3584 160
3585 113
3586 108
3587 96
3588 147
3589 174
3590 88
3591 159
3592 156
3593 192
3594 115
3595 163
3596 139
3597 140
3598 144
3599 124
3600 95
3601 162
3602 157
3603 151
3604 147
3605 140
3606 136
3607 96
3608 197
3609 167
3610 99
3611 125
3612 145
3613 149
3614 183
3615 138
3616 136
3617 145
3618 148
3619 155
3620 169
3621 210
3622 125
3623 147
3624 175
3625 137
3626 110
3627 114
3628 154
3629 121
3630 133
3631 138
3632 180
3633 163
3634 155
3635 121
3636 130
3637 136
3638 159
3639 149
3640 154
3641 158
3642 104
3643 133
3644 147
3645 144
3646 131
3647 123
3648 148
3649 164
3650 159
3651 153
3652 117
3653 173
3654 150
3655 140
3656 155
3657 163
3658 225
3659 131
3660 157
3661 135
3662 137
3663 139
3664 139
3665 166
3666 123
3667 140
3668 112
3669 135
3670 152
3671 128
3672 153
3673 111
3674 120
3675 124
3676 112
3677 125
3678 173
3679 157
3680 103
3681 146
3682 203
3683 182
3684 170
3685 151
3686 106
3687 128
3688 149
3689 133
3690 133
3691 156
3692 150
3693 204
3694 137
3695 150
3696 146
3697 161
3698 154
3699 99
3700 143
3701 163
3702 164
3703 159
3704 116
3705 166
3706 144
3707 145
3708 145
3709 122
3710 140
3711 105
3712 144
3713 168
3714 88
3715 101
3716 149
3717 129
3718 159
3719 137
3720 124
3721 157
3722 150
3723 146
3724 140
3725 114
3726 103
3727 161
3728 179
3729 118
3730 152
3731 153
3732 179
3733 141
3734 173
3735 181
3736 201
3737 173
3738 184
3739 109
3740 146
3741 148
3742 190
3743 138
3744 138
3745 113
3746 115
3747 161
3748 149
3749 171
3750 139
3751 158
3752 112
3753 125
3754 153
3755 182
3756 138
3757 138
3758 129
3759 176
3760 168
3761 146
3762 115
3763 145
3764 109
3765 148
3766 153
3767 142
3768 141
3769 130
3770 142
3771 141
3772 118
3773 146
3774 75
3775 148
3776 89
3777 171
3778 169
3779 183
3780 183
3781 150
3782 125
3783 181
3784 209
3785 153
3786 153
3787 145
3788 191
3789 114
3790 97
3791 143
3792 177
3793 159
3794 188
3795 137
3796 112
3797 137
3798 165
3799 156
3800 100
3801 165
3802 117
3803 172
3804 161
3805 134
3806 156
3807 123
3808 148
3809 146
3810 84
3811 151
3812 113
3813 129
3814 151
3815 132
3816 144
3817 162
3818 130
3819 118
3820 123
3821 127
3822 129
3823 157
3824 140
3825 132
3826 194
3827 125
3828 125
3829 144
3830 58
3831 123
3832 160
3833 177
3834 177
3835 164
3836 185
3837 182
3838 161
3839 127
3840 145
3841 140
3842 161
3843 129
3844 141
3845 138
3846 148
3847 139
3848 152
3849 145
3850 156
3851 152
3852 109
3853 120
3854 159
3855 189
3856 140
3857 139
3858 146
3859 143
3860 104
3861 163
3862 136
3863 100
3864 154
3865 148
3866 112
3867 144
3868 167
3869 141
3870 175
3871 168
3872 147
3873 141
3874 126
3875 108
3876 155
3877 161
3878 92
3879 127
3880 137
3881 121
3882 156
3883 164
3884 132
3885 137
3886 157
3887 132
3888 171
3889 143
3890 84
3891 141
3892 166
3893 159
3894 176
3895 153
3896 166
3897 152
3898 137
3899 108
3900 118
3901 162
3902 134
3903 140
3904 115
3905 145
3906 125
3907 167
3908 142
3909 155
3910 130
3911 93
3912 176
3913 150
3914 147
3915 93
3916 161
3917 40
3918 139
3919 134
3920 98
3921 143
3922 130
3923 110
3924 174
3925 104
3926 136
3927 129
3928 150
3929 216
3930 171
3931 155
3932 165
3933 135
3934 168
3935 166
3936 142
3937 142
3938 116
3939 156
3940 146
3941 156
3942 145
3943 159
3944 182
3945 186
3946 205
3947 161
3948 138
3949 158
3950 140
3951 137
3952 107
3953 181
3954 120
3955 113
3956 99
3957 151
3958 122
3959 165
3960 163
3961 155
3962 154
3963 129
3964 145
3965 168
3966 130
3967 149
3968 175
3969 170
3970 122
3971 124
3972 175
3973 117
3974 168
3975 82
3976 155
3977 190
3978 126
3979 107
3980 136
3981 112
3982 120
3983 158
3984 135
3985 240
3986 119
3987 148
3988 140
3989 135
3990 114
3991 120
3992 175
3993 137
3994 162
3995 159
3996 157
3997 107
3998 172
3999 170
4000 198
4001 136
4002 117
4003 147
4004 169
4005 177
4006 127
4007 106
4008 153
4009 111
4010 108
4011 141
4012 158
4013 178
4014 144
4015 120
4016 138
4017 132
4018 131
4019 165
4020 141
4021 114
4022 139
4023 162
4024 150
4025 131
4026 170
4027 155
4028 152
4029 155
4030 100
4031 148
4032 105
4033 195
4034 183
4035 171
4036 153
4037 147
4038 170
4039 100
4040 132
4041 104
4042 169
4043 138
4044 155
4045 145
4046 122
4047 195
4048 163
4049 145
4050 133
4051 142
4052 144
4053 114
4054 121
4055 125
4056 140
4057 137
4058 132
4059 163
4060 140
4061 141
4062 131
4063 159
4064 183
4065 133
4066 135
4067 199
4068 188
4069 144
4070 152
4071 144
4072 173
4073 144
4074 126
4075 131
4076 74
4077 149
4078 163
4079 130
4080 130
4081 116
4082 150
4083 96
4084 154
4085 106
4086 189
4087 142
4088 193
4089 192
4090 163
4091 127
4092 148
4093 104
4094 158
4095 119
4096 167
4097 143
4098 148
4099 188
4100 141
4101 123
4102 155
4103 138
4104 143
4105 142
4106 128
4107 131
4108 125
4109 163
4110 126
4111 128
4112 91
4113 93
4114 184
4115 132
4116 181
4117 167
4118 130
4119 134
4120 134
4121 168
4122 156
4123 168
4124 154
4125 136
4126 130
4127 149
4128 194
4129 172
4130 166
4131 153
4132 183
4133 163
4134 142
4135 168
4136 152
4137 220
4138 146
4139 161
4140 136
4141 158
4142 159
4143 141
4144 142
4145 128
4146 127
4147 155
4148 114
4149 111
4150 145
4151 100
4152 117
4153 159
4154 144
4155 165
4156 87
4157 51
4158 166
4159 138
4160 165
4161 95
4162 199
4163 159
4164 136
4165 121
4166 152
4167 134
4168 144
4169 208
4170 143
4171 185
4172 150
4173 101
4174 135
4175 112
4176 105
4177 91
4178 147
4179 180
4180 155
4181 104
4182 189
4183 139
4184 152
4185 150
4186 134
4187 145
4188 142
4189 160
4190 139
4191 152
4192 115
4193 160
4194 147
4195 159
4196 173
4197 184
4198 109
4199 122
4200 144
4201 184
4202 147
4203 116
4204 92
4205 119
4206 127
4207 159
4208 145
4209 134
4210 138
4211 136
4212 155
4213 131
4214 157
4215 126
4216 161
4217 88
4218 160
4219 136
4220 185
4221 148
4222 177
4223 172
4224 137
4225 125
4226 173
4227 143
4228 153
4229 108
4230 139
4231 126
4232 125
4233 161
4234 144
4235 132
4236 155
4237 159
4238 136
4239 156
4240 119
4241 170
4242 145
4243 147
4244 148
4245 144
4246 145
4247 136
4248 125
4249 111
4250 162
4251 157
4252 140
4253 130
4254 156
4255 145
4256 143
4257 135
4258 156
4259 137
4260 156
4261 134
4262 142
4263 138
4264 97
4265 141
4266 156
4267 184
4268 161
4269 148
4270 110
4271 144
4272 158
4273 140
4274 129
4275 135
4276 150
4277 154
4278 139
4279 172
4280 161
4281 158
4282 144
4283 152
4284 130
4285 153
4286 149
4287 177
4288 145
4289 133
4290 113
4291 100
4292 134
4293 169
4294 159
4295 162
4296 148
4297 133
4298 151
4299 160
4300 159
4301 134
4302 87
4303 179
4304 148
4305 152
4306 132
4307 211
4308 87
4309 147
4310 145
4311 144
4312 190
4313 126
4314 138
4315 141
4316 122
4317 162
4318 99
4319 145
4320 133
4321 180
4322 159
4323 130
4324 137
4325 188
4326 170
4327 158
4328 176
4329 188
4330 128
4331 235
4332 163
4333 147
4334 162
4335 143
4336 173
4337 198
4338 169
4339 157
4340 144
4341 133
4342 120
4343 130
4344 162
4345 131
4346 155
4347 173
4348 132
4349 149
4350 82
4351 126
4352 148
4353 121
4354 140
4355 150
4356 142
4357 150
4358 103
4359 155
4360 165
4361 183
4362 120
4363 176
4364 139
4365 153
4366 162
4367 139
4368 109
4369 160
4370 150
4371 149
4372 176
4373 131
4374 140
4375 156
4376 118
4377 128
4378 135
4379 82
4380 167
4381 179
4382 82
4383 214
4384 278
4385 145
4386 158
4387 170
4388 148
4389 80
4390 95
4391 184
4392 139
4393 171
4394 160
4395 205
4396 124
4397 121
4398 147
4399 108
4400 194
4401 200
4402 117
4403 121
4404 87
4405 131
4406 200
4407 113
4408 132
4409 155
4410 131
4411 153
4412 133
4413 162
4414 121
4415 150
4416 173
4417 82
4418 140
4419 117
4420 172
4421 152
4422 173
4423 191
4424 87
4425 94
4426 153
4427 129
4428 146
4429 145
4430 131
4431 158
4432 151
4433 146
4434 145
4435 157
4436 151
4437 131
4438 135
4439 173
4440 141
4441 162
4442 142
4443 178
4444 148
4445 159
4446 123
4447 164
4448 149
4449 131
4450 126
4451 150
4452 170
4453 146
4454 145
4455 176
4456 134
4457 149
4458 162
4459 162
4460 146
4461 138
4462 173
4463 146
4464 65
4465 160
4466 154
4467 103
4468 151
4469 95
4470 120
4471 123
4472 129
4473 188
4474 115
4475 125
4476 115
4477 122
4478 141
4479 140
4480 124
4481 184
4482 143
4483 142
4484 125
4485 186
4486 159
4487 144
4488 134
4489 169
4490 147
4491 176
4492 104
4493 151
4494 168
4495 113
4496 138
4497 125
4498 129
4499 129
4500 88
4501 156
4502 162
4503 159
4504 112
4505 127
4506 154
4507 138
4508 133
4509 143
4510 143
4511 154
4512 131
4513 141
4514 149
4515 174
4516 144
4517 164
4518 122
4519 150
4520 177
4521 173
4522 215
4523 155
4524 124
4525 165
4526 139
4527 216
4528 130
4529 136
4530 176
4531 172
4532 127
4533 143
4534 177
4535 122
4536 129
4537 174
4538 114
4539 124
4540 159
4541 141
4542 110
4543 182
4544 143
4545 127
4546 142
4547 119
4548 175
4549 163
4550 105
4551 158
4552 124
4553 91
4554 130
4555 221
4556 138
4557 148
4558 118
4559 171
4560 143
4561 142
4562 167
4563 141
4564 233
4565 156
4566 146
4567 156
4568 113
4569 152
4570 154
4571 190
4572 174
4573 140
4574 160
4575 145
4576 148
4577 200
4578 92
4579 132
4580 128
4581 158
4582 167
4583 162
4584 162
4585 134
4586 88
4587 164
4588 129
4589 133
4590 170
4591 131
4592 171
4593 123
4594 146
4595 168
4596 136
4597 138
4598 105
4599 94
4600 130
4601 198
4602 160
4603 136
4604 155
4605 184
4606 144
4607 149
4608 115
4609 146
4610 155
4611 196
4612 123
4613 168
4614 130
4615 160
4616 121
4617 143
4618 143
4619 123
4620 130
4621 140
4622 152
4623 140
4624 162
4625 130
4626 92
4627 140
4628 173
4629 102
4630 136
4631 143
4632 114
4633 163
4634 141
4635 100
4636 152
4637 228
4638 164
4639 161
4640 135
4641 145
4642 125
4643 163
4644 115
4645 119
4646 184
4647 148
4648 94
4649 168
4650 143
4651 116
4652 157
4653 122
4654 137
4655 125
4656 144
4657 211
4658 130
4659 155
4660 128
4661 152
4662 188
4663 109
4664 118
4665 180
4666 159
4667 98
4668 134
4669 168
4670 154
4671 140
4672 149
4673 130
4674 132
4675 125
4676 129
4677 127
4678 161
4679 135
4680 195
4681 161
4682 115
4683 156
4684 148
4685 183
4686 161
4687 174
4688 119
4689 114
4690 141
4691 153
4692 141
4693 127
4694 156
4695 158
4696 179
4697 89
4698 173
4699 168
4700 162
4701 146
4702 158
4703 102
4704 93
4705 98
4706 90
4707 101
4708 145
4709 157
4710 164
4711 126
4712 189
4713 142
4714 78
4715 183
4716 163
4717 137
4718 200
4719 75
4720 152
4721 194
4722 110
4723 159
4724 106
4725 173
4726 134
4727 134
4728 155
4729 133
4730 184
4731 116
4732 158
4733 139
4734 120
4735 182
4736 96
4737 157
4738 143
4739 151
4740 125
4741 175
4742 146
4743 139
4744 143
4745 166
4746 144
4747 160
4748 125
4749 141
4750 164
4751 112
4752 98
4753 127
4754 137
4755 123
4756 184
4757 166
4758 155
4759 117
4760 156
4761 132
4762 207
4763 154
4764 141
4765 196
4766 147
4767 103
4768 140
4769 122
4770 137
4771 175
4772 184
4773 155
4774 113
4775 148
4776 121
4777 156
4778 190
4779 158
4780 177
4781 165
4782 147
4783 118
4784 162
4785 98
4786 137
4787 150
4788 175
4789 115
4790 110
4791 107
4792 172
4793 118
4794 141
4795 142
4796 155
4797 159
4798 141
4799 157
4800 135
4801 186
4802 174
4803 165
4804 213
4805 110
4806 125
4807 154
4808 140
4809 157
4810 132
4811 153
4812 118
4813 138
4814 146
4815 126
4816 140
4817 155
4818 139
4819 129
4820 210
4821 113
4822 104
4823 197
4824 150
4825 157
4826 170
4827 153
4828 122
4829 47
4830 173
4831 126
4832 112
4833 135
4834 146
4835 168
4836 156
4837 152
4838 141
4839 172
4840 124
4841 129
4842 177
4843 135
4844 148
4845 100
4846 144
4847 169
4848 0
4849 164
4850 140
4851 158
4852 174
4853 259
4854 128
4855 140
4856 131
4857 131
4858 149
4859 159
4860 144
4861 123
4862 155
4863 154
4864 142
4865 147
4866 150
4867 124
4868 166
4869 125
4870 146
4871 131
4872 141
4873 130
4874 183
4875 157
4876 131
4877 141
4878 160
4879 149
4880 128
4881 156
4882 121
4883 158
4884 119
4885 108
4886 136
4887 109
4888 124
4889 80
4890 139
4891 114
4892 144
4893 134
4894 181
4895 179
4896 145
4897 160
4898 177
4899 99
4900 111
4901 174
4902 129
4903 150
4904 105
4905 107
4906 167
4907 152
4908 138
4909 97
4910 171
4911 176
4912 151
4913 139
4914 128
4915 141
4916 128
4917 136
4918 175
4919 160
4920 178
4921 136
4922 141
4923 142
4924 202
4925 127
4926 173
4927 145
4928 156
4929 134
4930 129
4931 188
4932 180
4933 146
4934 134
4935 153
4936 172
4937 146
4938 115
4939 208
4940 112
4941 225
4942 136
4943 143
4944 163
4945 142
4946 158
4947 137
4948 165
4949 159
4950 148
4951 184
4952 91
4953 144
4954 86
4955 72
4956 110
4957 138
4958 132
4959 154
4960 189
4961 74
4962 117
4963 128
4964 128
4965 148
4966 154
4967 171
4968 78
4969 154
4970 89
4971 124
4972 175
4973 205
4974 177
4975 162
4976 162
4977 107
4978 139
4979 125
4980 119
4981 163
4982 75
4983 132
4984 122
4985 192
4986 90
4987 112
4988 154
4989 143
4990 161
4991 137
4992 132
4993 174
4994 141
4995 144
4996 138
4997 146
4998 160
4999 112
5000 157
5001 150
5002 189
5003 135
5004 152
5005 135
5006 149
5007 116
5008 116
5009 122
5010 158
5011 144
5012 166
5013 146
5014 175
5015 155
5016 89
5017 111
5018 143
5019 109
5020 168
5021 136
5022 142
5023 145
5024 145
5025 144
5026 222
5027 156
5028 154
5029 143
5030 152
5031 147
5032 137
5033 140
5034 159
5035 157
5036 120
5037 144
5038 149
5039 136
5040 179
5041 119
5042 123
5043 144
5044 152
5045 131
5046 154
5047 123
5048 100
5049 113
5050 130
5051 129
5052 175
5053 151
5054 146
5055 136
5056 128
5057 169
5058 185
5059 164
5060 137
5061 159
5062 130
5063 151
5064 130
5065 131
5066 134
5067 123
5068 142
5069 160
5070 138
5071 139
5072 111
5073 132
5074 179
5075 177
5076 152
5077 103
5078 120
5079 78
5080 136
5081 133
5082 214
5083 152
5084 113
5085 163
5086 132
5087 138
5088 123
5089 133
5090 137
5091 242
5092 120
5093 143
5094 139
5095 167
5096 125
5097 163
5098 121
5099 77
5100 153
5101 225
5102 80
5103 185
5104 162
5105 201
5106 142
5107 160
5108 192
5109 155
5110 123
5111 114
5112 156
5113 117
5114 148
5115 146
5116 137
5117 167
5118 157
5119 132
5120 145
5121 141
5122 165
5123 141
5124 188
5125 183
5126 140
5127 174
5128 152
5129 149
5130 144
5131 109
5132 132
5133 134
5134 176
5135 142
5136 141
5137 158
5138 134
5139 141
5140 146
5141 143
5142 167
5143 125
5144 139
5145 171
5146 154
5147 178
5148 149
5149 122
5150 129
5151 192
5152 150
5153 133
5154 125
5155 170
5156 124
5157 110
5158 154
5159 145
5160 158
5161 133
5162 153
5163 147
5164 157
5165 128
5166 127
5167 138
5168 157
5169 161
5170 75
5171 147
5172 144
5173 157
5174 108
5175 165
5176 148
5177 155
5178 129
5179 112
5180 116
5181 100
5182 210
5183 155
5184 210
5185 168
5186 159
5187 72
5188 171
5189 127
5190 177
5191 120
5192 82
5193 151
5194 174
5195 102
5196 143
5197 133
5198 151
5199 150
5200 74
5201 156
5202 139
5203 110
5204 180
5205 80
5206 168
5207 133
5208 156
5209 142
5210 166
5211 168
5212 133
5213 138
5214 155
5215 102
5216 126
5217 184
5218 154
5219 156
5220 116
5221 158
5222 122
5223 181
5224 139
5225 110
5226 159
5227 68
5228 153
5229 131
5230 83
5231 173
5232 114
5233 110
5234 137
5235 148
5236 147
5237 149
5238 146
5239 136
5240 175
5241 118
5242 139
5243 109
5244 172
5245 178
5246 179
5247 176
5248 144
5249 165
5250 188
5251 181
5252 152
5253 166
5254 136
5255 171
5256 113
5257 108
5258 147
5259 125
5260 140
5261 145
5262 128
5263 119
5264 151
5265 113
5266 136
5267 163
5268 184
5269 144
5270 139
5271 138
5272 132
5273 113
5274 178
5275 152
5276 129
5277 159
5278 138
5279 176
5280 162
5281 133
5282 144
5283 144
5284 130
5285 180
5286 191
5287 158
5288 173
5289 150
5290 158
5291 182
5292 159
5293 148
5294 166
5295 171
5296 139
5297 148
5298 124
5299 104
5300 126
5301 120
5302 151
5303 136
5304 130
5305 107
5306 137
5307 156
5308 130
5309 158
5310 146
5311 137
5312 135
5313 158
5314 114
5315 135
5316 148
5317 152
5318 161
5319 148
5320 159
5321 165
5322 135
5323 139
5324 153
5325 187
5326 104
5327 142
5328 153
5329 219
5330 155
5331 152
5332 135
5333 165
5334 150
5335 175
5336 151
5337 192
5338 121
5339 148
5340 150
5341 129
5342 157
5343 118
5344 166
5345 170
5346 153
5347 158
5348 140
5349 126
5350 165
5351 169
5352 136
5353 172
5354 118
5355 117
5356 150
5357 149
5358 105
5359 155
5360 145
5361 127
5362 121
5363 154
5364 177
5365 161
5366 127
5367 136
5368 142
5369 162
5370 148
5371 156
5372 119
5373 176
5374 160
5375 169
5376 160
5377 115
5378 147
5379 165
5380 103
5381 169
5382 117
5383 146
5384 159
5385 158
5386 128
5387 137
5388 164
5389 196
5390 161
5391 181
5392 157
5393 163
5394 162
5395 129
5396 137
5397 169
5398 170
5399 111
5400 140
5401 64
5402 131
5403 153
5404 152
5405 109
5406 148
5407 178
5408 150
5409 119
5410 182
5411 147
5412 182
5413 138
5414 144
5415 125
5416 139
5417 118
5418 150
5419 186
5420 173
5421 121
5422 140
5423 121
5424 124
5425 106
5426 144
5427 135
5428 104
5429 161
5430 153
5431 156
5432 146
5433 167
5434 162
5435 131
5436 152
5437 175
5438 167
5439 132
5440 146
5441 124
5442 153
5443 106
5444 187
5445 208
5446 101
5447 149
5448 173
5449 147
5450 139
5451 194
5452 121
5453 153
5454 135
5455 156
5456 173
5457 114
5458 102
5459 142
5460 158
5461 118
5462 125
5463 124
5464 136
5465 125
5466 135
5467 120
5468 123
5469 145
5470 134
5471 138
5472 158
5473 153
5474 140
5475 131
5476 174
5477 90
5478 149
5479 155
5480 82
5481 155
5482 126
5483 162
5484 118
5485 147
5486 159
5487 143
5488 173
5489 124
5490 131
5491 148
5492 131
5493 135
5494 99
5495 93
5496 155
5497 153
5498 145
5499 151
5500 132
5501 134
5502 142
5503 134
5504 142
5505 134
5506 122
5507 162
5508 128
5509 142
5510 137
5511 151
5512 129
5513 173
5514 109
5515 161
5516 175
5517 124
5518 136
5519 137
5520 163
5521 149
5522 173
5523 105
5524 159
5525 159
5526 172
5527 124
5528 130
5529 148
5530 155
5531 156
5532 112
5533 93
5534 140
5535 181
5536 138
5537 201
5538 122
5539 182
5540 128
5541 141
5542 138
5543 161
5544 119
5545 164
5546 128
5547 165
5548 139
5549 184
5550 160
5551 174
5552 153
5553 173
5554 172
5555 143
5556 128
5557 134
5558 201
5559 161
5560 222
5561 156
5562 150
5563 124
5564 134
5565 162
5566 186
5567 122
5568 156
5569 151
5570 131
5571 133
5572 163
5573 129
5574 122
5575 163
5576 168
5577 171
5578 167
5579 146
5580 144
5581 193
5582 164
5583 132
5584 137
5585 106
5586 115
5587 134
5588 129
5589 207
5590 189
5591 136
5592 147
5593 150
5594 161
5595 183
5596 127
5597 147
5598 110
5599 155
5600 148
5601 166
5602 96
5603 149
5604 170
5605 142
5606 131
5607 146
5608 148
5609 164
5610 135
5611 180
5612 134
5613 158
5614 148
5615 165
5616 159
5617 179
5618 116
5619 147
5620 129
5621 126
5622 126
5623 141
5624 146
5625 162
5626 145
5627 138
5628 113
5629 148
5630 143
5631 151
5632 186
5633 122
5634 161
5635 126
5636 175
5637 157
5638 139
5639 172
5640 161
5641 160
5642 101
5643 141
5644 93
5645 162
5646 128
5647 128
5648 142
5649 171
5650 150
5651 150
5652 221
5653 138
5654 174
5655 127
5656 125
5657 148
5658 114
5659 117
5660 176
5661 156
5662 145
5663 164
5664 153
5665 141
5666 139
5667 177
5668 0
5669 198
5670 169
5671 138
5672 164
5673 129
5674 112
5675 164
5676 130
5677 170
5678 149
5679 155
5680 153
5681 164
5682 140
5683 126
5684 138
5685 144
5686 127
5687 199
5688 171
5689 189
5690 158
5691 102
5692 166
5693 117
5694 175
5695 160
5696 165
5697 147
5698 120
5699 168
5700 135
5701 144
5702 135
5703 202
5704 149
5705 133
5706 174
5707 167
5708 124
5709 140
5710 144
5711 150
5712 127
5713 157
5714 77
5715 145
5716 122
5717 146
5718 146
5719 118
5720 136
5721 145
5722 169
5723 154
5724 179
5725 51
5726 182
5727 195
5728 151
5729 120
5730 159
5731 141
5732 149
5733 199
5734 183
5735 156
5736 175
5737 141
5738 124
5739 169
5740 123
5741 136
5742 142
5743 145
5744 136
5745 129
5746 118
5747 147
5748 199
5749 170
5750 128
5751 167
5752 144
5753 161
5754 143
5755 149
5756 174
5757 99
5758 157
5759 150
5760 153
5761 172
5762 136
5763 140
5764 140
5765 139
5766 129
5767 104
5768 149
5769 171
5770 131
5771 168
5772 126
5773 151
5774 151
5775 134
5776 110
5777 103
5778 189
5779 129
5780 130
5781 133
5782 153
5783 158
5784 177
5785 88
5786 148
5787 144
5788 182
5789 116
5790 163
5791 87
5792 183
5793 157
5794 211
5795 155
5796 173
5797 153
5798 159
5799 129
5800 194
5801 114
5802 179
5803 144
5804 156
5805 147
5806 160
5807 134
5808 140
5809 114
5810 188
5811 113
5812 162
5813 152
5814 160
5815 125
5816 134
5817 154
5818 170
5819 96
5820 145
5821 150
5822 139
5823 148
5824 95
5825 159
5826 171
5827 163
5828 113
5829 124
5830 129
5831 146
5832 165
5833 161
5834 152
5835 200
5836 145
5837 148
5838 154
5839 171
5840 201
5841 123
5842 202
5843 164
5844 151
5845 109
5846 199
5847 137
5848 105
5849 97
5850 144
5851 172
5852 129
5853 175
5854 124
5855 135
5856 143
5857 141
5858 157
5859 105
5860 111
5861 175
5862 133
5863 137
5864 111
5865 143
5866 168
5867 95
5868 183
5869 151
5870 151
5871 134
5872 112
5873 125
5874 170
5875 127
5876 170
5877 156
5878 97
5879 145
5880 141
5881 125
5882 147
5883 181
5884 177
5885 206
5886 140
5887 214
5888 109
5889 145
5890 124
5891 152
5892 160
5893 140
5894 138
5895 66
5896 139
5897 161
5898 153
5899 133
5900 146
5901 147
5902 182
5903 123
5904 150
5905 159
5906 173
5907 160
5908 121
5909 187
5910 150
5911 133
5912 161
5913 124
5914 128
5915 149
5916 125
5917 173
5918 161
5919 189
5920 150
5921 133
5922 152
5923 228
5924 129
5925 149
5926 132
5927 112
5928 134
5929 109
5930 123
5931 146
5932 154
5933 156
5934 139
5935 158
5936 166
5937 144
5938 169
5939 121
5940 185
5941 133
5942 150
5943 150
5944 211
5945 110
5946 177
5947 178
5948 82
5949 154
5950 109
5951 138
5952 172
5953 181
5954 162
5955 175
5956 160
5957 141
5958 110
5959 155
5960 127
5961 121
5962 135
5963 150
5964 148
5965 143
5966 182
5967 124
5968 111
5969 167
5970 139
5971 118
5972 205
5973 131
5974 119
5975 138
5976 135
5977 177
5978 141
5979 175
5980 94
5981 137
5982 141
5983 121
5984 148
5985 100
5986 170
5987 136
5988 127
5989 105
5990 147
5991 145
5992 134
5993 145
5994 110
5995 153
5996 143
5997 134
5998 140
5999 203
6000 159
6001 151
6002 204
6003 171
6004 149
6005 156
6006 81
6007 168
6008 126
6009 172
6010 189
6011 144
6012 162
6013 123
6014 148
6015 115
6016 99
6017 136
6018 125
6019 102
6020 54
6021 149
6022 128
6023 141
6024 220
6025 137
6026 169
6027 142
6028 127
6029 149
6030 158
6031 149
6032 127
6033 138
6034 68
6035 145
6036 116
6037 150
6038 172
6039 183
6040 150
6041 46
6042 167
6043 170
6044 125
6045 168
6046 152
6047 146
6048 125
6049 145
6050 104
6051 128
6052 87
6053 150
6054 130
6055 152
6056 148
6057 132
6058 137
6059 120
6060 160
6061 147
6062 153
6063 149
6064 145
6065 127
6066 82
6067 196
6068 131
6069 103
6070 120
6071 123
6072 135
6073 125
6074 160
6075 136
6076 156
6077 132
6078 149
6079 127
6080 130
6081 180
6082 160
6083 180
6084 132
6085 176
6086 145
6087 131
6088 156
6089 117
6090 120
6091 176
6092 145
6093 105
6094 121
6095 157
6096 143
6097 162
6098 129
6099 205
6100 141
6101 126
6102 144
6103 117
6104 192
6105 159
6106 211
6107 127
6108 131
6109 140
6110 129
6111 193
6112 105
6113 120
6114 164
6115 85
6116 132
6117 127
6118 151
6119 148
6120 181
6121 132
6122 143
6123 135
6124 126
6125 169
6126 139
6127 120
6128 101
6129 159
6130 137
6131 149
6132 159
6133 168
6134 186
6135 117
6136 171
6137 159
6138 165
6139 152
6140 132
6141 129
6142 136
6143 78
6144 139
6145 125
6146 138
6147 150
6148 122
6149 168
6150 98
6151 145
6152 128
6153 167
6154 139
6155 145
6156 156
6157 98
6158 132
6159 154
6160 151
6161 125
6162 105
6163 131
6164 147
6165 114
6166 103
6167 124
6168 171
6169 187
6170 117
6171 64
6172 212
6173 168
6174 159
6175 154
6176 173
6177 145
6178 96
6179 141
6180 148
6181 153
6182 152
6183 158
6184 163
6185 184
6186 141
6187 196
6188 131
6189 139
6190 141
6191 116
6192 151
6193 172
6194 137
6195 128
6196 161
6197 162
6198 151
6199 136
6200 79
6201 182
6202 156
6203 147
6204 31
6205 167
6206 160
6207 149
6208 111
6209 176
6210 148
6211 135
6212 178
6213 144
6214 155
6215 131
6216 128
6217 126
6218 128
6219 144
6220 151
6221 133
6222 160
6223 175
6224 106
6225 177
6226 172
6227 145
6228 131
6229 132
6230 142
6231 171
6232 136
6233 107
6234 148
6235 136
6236 151
6237 124
6238 107
6239 146
6240 138
6241 153
6242 158
6243 152
6244 148
6245 126
6246 162
6247 130
6248 155
6249 151
6250 200
6251 162
6252 154
6253 154
6254 157
6255 139
6256 94
6257 142
6258 131
6259 130
6260 140
6261 188
6262 122
6263 141
6264 150
6265 138
6266 128
6267 140
6268 126
6269 100
6270 117
6271 165
6272 143
6273 232
6274 179
6275 143
6276 179
6277 156
6278 138
6279 153
6280 168
6281 146
6282 132
6283 164
6284 132
6285 183
6286 156
6287 131
6288 123
6289 133
6290 138
6291 134
6292 203
6293 157
6294 159
6295 112
6296 188
6297 141
6298 147
6299 78
6300 120
6301 183
6302 64
6303 135
6304 114
6305 149
6306 161
6307 156
6308 142
6309 165
6310 133
6311 113
6312 162
6313 168
6314 147
6315 110
6316 132
6317 197
6318 176
6319 154
6320 113
6321 130
6322 149
6323 121
6324 171
6325 138
6326 152
6327 138
6328 202
6329 137
6330 159
6331 118
6332 159
6333 141
6334 169
6335 150
6336 164
6337 166
6338 124
6339 195
6340 91
6341 172
6342 172
6343 119
6344 143
6345 134
6346 179
6347 146
6348 130
6349 152
6350 172
6351 65
6352 120
6353 203
6354 125
6355 151
6356 125
6357 150
6358 148
6359 205
6360 107
6361 154
6362 164
6363 147
6364 162
6365 147
6366 151
6367 146
6368 156
6369 166
6370 162
6371 159
6372 140
6373 119
6374 140
6375 135
6376 153
6377 129
6378 146
6379 148
6380 104
6381 91
6382 206
6383 150
6384 137
6385 158
6386 166
6387 161
6388 152
6389 146
6390 124
6391 157
6392 167
6393 192
6394 114
6395 162
6396 113
6397 163
6398 149
6399 172
6400 109
6401 156
6402 169
6403 174
6404 141
6405 168
6406 71
6407 133
6408 149
6409 167
6410 136
6411 143
6412 215
6413 138
6414 122
6415 213
6416 122
6417 137
6418 142
6419 121
6420 152
6421 150
6422 155
6423 121
6424 116
6425 205
6426 139
6427 174
6428 126
6429 138
6430 150
6431 155
6432 139
6433 129
6434 132
6435 145
6436 128
6437 147
6438 151
6439 154
6440 122
6441 35
6442 132
6443 158
6444 126
6445 144
6446 129
6447 139
6448 153
6449 130
6450 146
6451 150
6452 129
6453 159
6454 133
6455 164
6456 138
6457 149
6458 121
6459 119
6460 170
6461 98
6462 138
6463 144
6464 186
6465 111
6466 150
6467 137
6468 100
6469 153
6470 135
6471 143
6472 161
6473 134
6474 128
6475 170
6476 154
6477 151
6478 152
6479 140
6480 197
6481 98
6482 128
6483 139
6484 121
6485 162
6486 142
6487 158
6488 159
6489 169
6490 136
6491 113
6492 121
6493 123
6494 173
6495 148
6496 126
6497 192
6498 161
6499 137
6500 153
6501 155
6502 169
6503 176
6504 137
6505 115
6506 108
6507 97
6508 156
6509 104
6510 153
6511 170
6512 63
6513 147
6514 164
6515 131
6516 127
6517 149
6518 190
6519 88
6520 101
6521 142
6522 173
6523 141
6524 145
6525 129
6526 149
6527 121
6528 154
6529 159
6530 133
6531 112
6532 167
6533 188
6534 131
6535 136
6536 192
6537 140
6538 191
6539 163
6540 129
6541 197
6542 176
6543 146
6544 143
6545 165
6546 155
6547 163
6548 161
6549 152
6550 135
6551 113
6552 171
6553 166
6554 157
6555 142
6556 147
6557 146
6558 91
6559 132
6560 176
6561 102
6562 162
6563 217
6564 108
6565 131
6566 120
6567 165
6568 146
6569 158
6570 156
6571 156
6572 148
6573 134
6574 182
6575 105
6576 161
6577 159
6578 184
6579 144
6580 133
6581 132
6582 113
6583 153
6584 144
6585 157
6586 206
6587 154
6588 194
6589 134
6590 155
6591 107
6592 164
6593 169
6594 153
6595 171
6596 159
6597 133
6598 167
6599 225
6600 180
6601 154
6602 179
6603 155
6604 146
6605 152
6606 127
6607 126
6608 147
6609 144
6610 169
6611 163
6612 146
6613 135
6614 135
6615 224
6616 148
6617 139
6618 130
6619 215
6620 100
6621 148
6622 143
6623 114
6624 161
6625 150
6626 152
6627 121
6628 174
6629 105
6630 132
6631 160
6632 92
6633 140
6634 126
6635 43
6636 149
6637 120
6638 158
6639 144
6640 162
6641 120
6642 133
6643 128
6644 148
6645 141
6646 151
6647 140
6648 133
6649 191
6650 128
6651 143
6652 94
6653 180
6654 154
6655 195
6656 93
6657 151
6658 169
6659 159
6660 147
6661 150
6662 154
6663 130
6664 160
6665 159
6666 125
6667 182
6668 140
6669 128
6670 181
6671 137
6672 158
6673 122
6674 137
6675 147
6676 157
6677 127
6678 159
6679 137
6680 151
6681 149
6682 148
6683 119
6684 123
6685 135
6686 127
6687 171
6688 142
6689 132
6690 194
6691 155
6692 168
6693 164
6694 156
6695 143
6696 99
6697 121
6698 143
6699 130
6700 143
6701 155
6702 151
6703 140
6704 109
6705 136
6706 144
6707 153
6708 180
6709 143
6710 122
6711 156
6712 155
6713 179
6714 148
6715 158
6716 152
6717 162
6718 98
6719 127
6720 181
6721 117
6722 203
6723 112
6724 175
6725 152
6726 145
6727 101
6728 129
6729 125
6730 90
6731 141
6732 119
6733 173
6734 128
6735 137
6736 165
6737 129
6738 112
6739 161
6740 126
6741 164
6742 163
6743 72
6744 184
6745 186
6746 160
6747 145
6748 168
6749 144
6750 130
6751 118
6752 192
6753 102
6754 147
6755 152
6756 177
6757 72
6758 116
6759 183
6760 145
6761 174
6762 84
6763 174
6764 171
6765 110
6766 144
6767 144
6768 112
6769 161
6770 140
6771 159
6772 97
6773 159
6774 158
6775 154
6776 140
6777 143
6778 154
6779 180
6780 181
6781 167
6782 102
6783 152
6784 176
6785 130
6786 120
6787 77
6788 103
6789 126
6790 141
6791 141
6792 140
6793 151
6794 145
6795 114
6796 157
6797 128
6798 164
6799 135
6800 105
6801 130
6802 164
6803 148
6804 103
6805 151
6806 129
6807 139
6808 153
6809 161
6810 221
6811 155
6812 201
6813 132
6814 113
6815 144
6816 155
6817 174
6818 126
6819 185
6820 171
6821 163
6822 148
6823 99
6824 202
6825 123
6826 177
6827 146
6828 150
6829 153
6830 131
6831 212
6832 127
6833 135
6834 117
6835 157
6836 0
6837 133
6838 165
6839 154
6840 162
6841 145
6842 173
6843 157
6844 140
6845 143
6846 171
6847 184
6848 123
6849 143
6850 0
6851 133
6852 171
6853 150
6854 134
6855 133
6856 137
6857 131
6858 144
6859 159
6860 166
6861 139
6862 170
6863 137
6864 146
6865 147
6866 166
6867 169
6868 136
6869 150
6870 106
6871 139
6872 163
6873 135
6874 126
6875 149
6876 169
6877 73
6878 132
6879 83
6880 170
6881 134
6882 131
6883 153
6884 163
6885 129
6886 173
6887 152
6888 175
6889 152
6890 100
6891 91
6892 162
6893 168
6894 154
6895 118
6896 146
6897 118
6898 148
6899 136
6900 123
6901 165
6902 184
6903 138
6904 134
6905 138
6906 133
6907 211
6908 138
6909 189
6910 144
6911 166
6912 138
6913 164
6914 88
6915 132
6916 105
6917 167
6918 139
6919 185
6920 204
6921 155
6922 159
6923 169
6924 169
6925 178
6926 163
6927 128
6928 163
6929 137
6930 152
6931 142
6932 134
6933 144
6934 167
6935 129
6936 147
6937 172
6938 139
6939 164
6940 162
6941 155
6942 145
6943 156
6944 143
6945 170
6946 138
6947 147
6948 137
6949 165
6950 147
6951 123
6952 0
6953 146
6954 156
6955 81
6956 178
6957 86
6958 170
6959 127
6960 107
6961 128
6962 69
6963 166
6964 124
6965 168
6966 140
6967 128
6968 151
6969 203
6970 177
6971 148
6972 140
6973 104
6974 173
6975 136
6976 167
6977 141
6978 158
6979 140
6980 113
6981 203
6982 194
6983 163
6984 134
6985 169
6986 191
6987 167
6988 155
6989 142
6990 133
6991 137
6992 200
6993 176
6994 169
6995 124
6996 138
6997 157
6998 119
6999 158
7000 165
7001 142
7002 177
7003 170
7004 119
7005 163
7006 134
7007 159
7008 144
7009 142
7010 137
7011 170
7012 94
7013 153
7014 151
7015 146
7016 129
7017 213
7018 127
7019 123
7020 137
7021 90
7022 139
7023 167
7024 147
7025 125
7026 103
7027 108
7028 132
7029 140
7030 169
7031 188
7032 148
7033 124
7034 131
7035 164
7036 108
7037 116
7038 178
7039 122
7040 153
7041 102
7042 160
7043 179
7044 143
7045 133
7046 176
7047 171
7048 102
7049 116
7050 124
7051 151
7052 164
7053 138
7054 134
7055 98
7056 118
7057 163
7058 177
7059 140
7060 143
7061 155
7062 145
7063 136
7064 153
7065 148
7066 178
7067 142
7068 145
7069 133
7070 117
7071 155
7072 165
7073 147
7074 112
7075 166
7076 136
7077 129
7078 137
7079 164
7080 119
7081 177
7082 167
7083 154
7084 182
7085 111
7086 179
7087 160
7088 183
7089 190
7090 127
7091 138
7092 128
7093 172
7094 145
7095 165
7096 140
7097 167
7098 133
7099 149
7100 140
7101 156
7102 166
7103 127
7104 91
7105 131
7106 155
7107 102
7108 122
7109 121
7110 134
7111 163
7112 164
7113 160
7114 157
7115 122
7116 134
7117 175
7118 185
7119 151
7120 136
7121 177
7122 128
7123 175
7124 72
7125 125
7126 161
7127 181
7128 158
7129 132
7130 139
7131 123
7132 138
7133 208
7134 157
7135 139
7136 201
7137 155
7138 148
7139 134
7140 123
7141 138
7142 187
7143 190
7144 154
7145 160
7146 162
7147 159
7148 167
7149 128
7150 155
7151 165
7152 167
7153 142
7154 159
7155 126
7156 208
7157 109
7158 173
7159 130
7160 133
7161 149
7162 86
7163 168
7164 132
7165 134
7166 155
7167 166
7168 110
7169 214
7170 128
7171 193
7172 142
7173 141
7174 138
7175 173
7176 186
7177 132
7178 149
7179 93
7180 123
7181 168
7182 172
7183 74
7184 164
7185 147
7186 157
7187 152
7188 173
7189 152
7190 163
7191 145
7192 121
7193 173
7194 169
7195 165
7196 143
7197 140
7198 82
7199 160
7200 147
7201 168
7202 143
7203 156
7204 225
7205 129
7206 138
7207 133
7208 162
7209 134
7210 165
7211 139
7212 126
7213 145
7214 172
7215 105
7216 161
7217 144
7218 135
7219 166
7220 177
7221 188
7222 187
7223 167
7224 150
7225 252
7226 184
7227 144
7228 154
7229 134
7230 133
7231 154
7232 173
7233 190
7234 183
7235 131
7236 114
7237 134
7238 189
7239 142
7240 131
7241 157
7242 155
7243 152
7244 147
7245 122
7246 135
7247 115
7248 156
7249 176
7250 143
7251 151
7252 123
7253 154
7254 124
7255 184
7256 153
7257 173
7258 158
7259 125
7260 157
7261 152
7262 101
7263 142
7264 165
7265 154
7266 150
7267 154
7268 81
7269 162
7270 138
7271 150
7272 202
7273 141
7274 171
7275 127
7276 166
7277 119
7278 137
7279 85
7280 139
7281 154
7282 167
7283 120
7284 123
7285 144
7286 141
7287 136
7288 153
7289 141
7290 173
7291 114
7292 142
7293 106
7294 136
7295 169
7296 145
7297 130
7298 163
7299 67
7300 92
7301 79
7302 147
7303 142
7304 164
7305 153
7306 118
7307 168
7308 154
7309 165
7310 134
7311 212
7312 101
7313 187
7314 82
7315 174
7316 149
7317 125
7318 197
7319 146
7320 148
7321 144
7322 155
7323 167
7324 154
7325 139
7326 153
7327 140
7328 153
7329 139
7330 152
7331 141
7332 168
7333 131
7334 165
7335 191
7336 156
7337 150
7338 133
7339 119
7340 154
7341 105
7342 160
7343 149
7344 134
7345 131
7346 128
7347 153
7348 186
7349 165
7350 158
7351 146
7352 157
7353 114
7354 198
7355 129
7356 111
7357 129
7358 122
7359 138
7360 153
7361 112
7362 162
7363 133
7364 163
7365 135
7366 175
7367 154
7368 165
7369 146
7370 161
7371 143
7372 137
7373 103
7374 102
7375 158
7376 141
7377 152
7378 161
7379 141
7380 134
7381 182
7382 128
7383 138
7384 147
7385 115
7386 147
7387 137
7388 139
7389 130
7390 131
7391 152
7392 109
7393 144
7394 151
7395 149
7396 118
7397 122
7398 153
7399 155
7400 164
7401 112
7402 173
7403 150
7404 148
7405 152
7406 112
7407 159
7408 156
7409 136
7410 129
7411 119
7412 144
7413 158
7414 98
7415 121
7416 0
7417 141
7418 123
7419 110
7420 216
7421 159
7422 172
7423 108
7424 127
7425 140
7426 141
7427 113
7428 114
7429 180
7430 128
7431 115
7432 121
7433 153
7434 170
7435 182
7436 148
7437 135
7438 156
7439 197
7440 118
7441 173
7442 129
7443 147
7444 119
7445 170
7446 123
7447 159
7448 161
7449 177
7450 155
7451 150
7452 145
7453 158
7454 216
7455 168
7456 200
7457 139
7458 145
7459 139
7460 143
7461 132
7462 117
7463 154
7464 203
7465 142
7466 103
7467 162
7468 176
7469 159
7470 133
7471 136
7472 246
7473 209
7474 159
7475 137
7476 132
7477 135
7478 162
7479 134
7480 162
7481 159
7482 144
7483 153
7484 168
7485 129
7486 143
7487 139
7488 155
7489 105
7490 174
7491 128
7492 135
7493 165
7494 207
7495 183
7496 118
7497 128
7498 188
7499 166
7500 132
7501 119
7502 129
7503 168
7504 143
7505 134
7506 164
7507 151
7508 161
7509 152
7510 134
7511 180
7512 176
7513 157
7514 122
7515 138
7516 116
7517 180
7518 144
7519 129
7520 148
7521 134
7522 117
7523 117
7524 157
7525 164
7526 139
7527 140
7528 137
7529 116
7530 147
7531 157
7532 112
7533 141
7534 142
7535 162
7536 152
7537 157
7538 70
7539 158
7540 156
7541 148
7542 140
7543 156
7544 165
7545 159
7546 124
7547 156
7548 150
7549 93
7550 153
7551 126
7552 133
7553 123
7554 117
7555 126
7556 185
7557 139
7558 77
7559 149
7560 148
7561 120
7562 124
7563 179
7564 161
7565 162
7566 172
7567 166
7568 167
7569 145
7570 132
7571 104
7572 148
7573 152
7574 111
7575 141
7576 153
7577 132
7578 117
7579 150
7580 151
7581 126
7582 123
7583 175
7584 135
7585 112
7586 142
7587 163
7588 147
7589 153
7590 144
7591 122
7592 158
7593 144
7594 176
7595 157
7596 129
7597 123
7598 114
7599 161
7600 178
7601 168
7602 169
7603 221
7604 167
7605 91
7606 155
7607 150
7608 147
7609 163
7610 158
7611 129
7612 168
7613 127
7614 169
7615 154
7616 139
7617 127
7618 164
7619 131
7620 153
7621 139
7622 133
7623 147
7624 151
7625 176
7626 134
7627 157
7628 155
7629 147
7630 168
7631 113
7632 94
7633 140
7634 170
7635 83
7636 192
7637 211
7638 126
7639 153
7640 146
7641 181
7642 174
7643 148
7644 107
7645 178
7646 100
7647 157
7648 180
7649 140
7650 134
7651 145
7652 200
7653 137
7654 153
7655 149
7656 90
7657 146
7658 166
7659 146
7660 162
7661 141
7662 140
7663 166
7664 158
7665 119
7666 113
7667 162
7668 167
7669 173
7670 165
7671 165
7672 157
7673 100
7674 105
7675 150
7676 144
7677 148
7678 117
7679 177
7680 141
7681 141
7682 171
7683 159
7684 198
7685 171
7686 162
7687 158
7688 136
7689 143
7690 127
7691 153
7692 142
7693 175
7694 146
7695 147
7696 138
7697 128
7698 102
7699 130
7700 177
7701 164
7702 70
7703 140
7704 145
7705 165
7706 167
7707 143
7708 83
7709 149
7710 175
7711 158
7712 168
7713 166
7714 156
7715 153
7716 132
7717 160
7718 158
7719 149
7720 159
7721 163
7722 135
7723 130
7724 164
7725 172
7726 122
7727 143
7728 119
7729 150
7730 167
7731 144
7732 148
7733 129
7734 143
7735 170
7736 121
7737 153
7738 152
7739 138
7740 131
7741 156
7742 143
7743 125
7744 125
7745 148
7746 112
7747 178
7748 127
7749 137
7750 190
7751 168
7752 102
7753 117
7754 148
7755 207
7756 150
7757 180
7758 155
7759 162
7760 179
7761 131
7762 147
7763 142
7764 129
7765 96
7766 170
7767 218
7768 175
7769 148
7770 100
7771 140
7772 219
7773 167
7774 160
7775 161
7776 167
7777 108
7778 119
7779 120
7780 142
7781 130
7782 163
7783 156
7784 73
7785 167
7786 128
7787 174
7788 180
7789 161
7790 101
7791 172
7792 161
7793 189
7794 159
7795 148
7796 98
7797 171
7798 146
7799 144
7800 167
7801 99
7802 149
7803 125
7804 128
7805 129
7806 124
7807 110
7808 147
7809 93
7810 160
7811 113
7812 158
7813 173
7814 115
7815 165
7816 161
7817 153
7818 154
7819 119
7820 9
7821 165
7822 138
7823 140
7824 164
7825 157
7826 159
7827 162
7828 109
7829 160
7830 150
7831 175
7832 140
7833 161
7834 144
7835 204
7836 110
7837 135
7838 141
7839 146
7840 141
7841 155
7842 87
7843 139
7844 132
7845 121
7846 141
7847 192
7848 171
7849 129
7850 165
7851 161
7852 143
7853 111
7854 141
7855 120
7856 158
7857 168
7858 119
7859 146
7860 138
7861 101
7862 148
7863 159
7864 121
7865 173
7866 144
7867 161
7868 172
7869 148
7870 226
7871 185
7872 112
7873 157
7874 144
7875 97
7876 108
7877 147
7878 144
7879 126
7880 147
7881 152
7882 121
7883 171
7884 134
7885 130
7886 133
7887 137
7888 141
7889 119
7890 146
7891 147
7892 143
7893 167
7894 154
7895 106
7896 188
7897 192
7898 120
7899 134
7900 120
7901 160
7902 140
7903 155
7904 188
7905 137
7906 118
7907 132
7908 184
7909 145
7910 122
7911 119
7912 139
7913 159
7914 130
7915 155
7916 151
7917 145
7918 155
7919 142
7920 172
7921 144
7922 150
7923 144
7924 166
7925 87
7926 126
7927 165
7928 175
7929 139
7930 141
7931 141
7932 144
7933 49
7934 119
7935 108
7936 148
7937 163
7938 218
7939 147
7940 134
7941 175
7942 197
7943 146
7944 110
7945 164
7946 122
7947 172
7948 163
7949 133
7950 135
7951 118
7952 116
7953 150
7954 132
7955 57
7956 153
7957 161
7958 133
7959 206
7960 122
7961 158
7962 131
7963 125
7964 149
7965 137
7966 155
7967 99
7968 124
7969 174
7970 155
7971 156
7972 116
7973 135
7974 141
7975 152
7976 122
7977 140
7978 161
7979 177
7980 135
7981 182
7982 139
7983 117
7984 132
7985 152
7986 142
7987 147
7988 110
7989 111
7990 142
7991 142
7992 169
7993 195
7994 126
7995 110
7996 158
7997 126
7998 154
7999 128
8000 138
8001 133
8002 148
8003 126
8004 180
8005 97
8006 127
8007 161
8008 167
8009 152
8010 127
8011 155
8012 148
8013 167
8014 171
8015 129
8016 180
8017 184
8018 150
8019 176
8020 139
8021 160
8022 135
8023 159
8024 154
8025 179
8026 140
8027 144
8028 188
8029 138
8030 191
8031 95
8032 143
8033 153
8034 118
8035 163
8036 149
8037 149
8038 136
8039 215
8040 163
8041 159
8042 145
8043 112
8044 123
8045 135
8046 122
8047 250
8048 176
8049 95
8050 205
8051 102
8052 169
8053 110
8054 142
8055 138
8056 167
8057 102
8058 136
8059 125
8060 195
8061 147
8062 147
8063 179
8064 184
8065 99
8066 133
8067 154
8068 110
8069 150
8070 114
8071 173
8072 118
8073 165
8074 148
8075 154
8076 220
8077 130
8078 161
8079 145
8080 187
8081 156
8082 164
8083 168
8084 131
8085 171
8086 149
8087 160
8088 122
8089 121
8090 155
8091 118
8092 138
8093 140
8094 75
8095 134
8096 156
8097 180
8098 79
8099 197
8100 89
8101 161
8102 140
8103 153
8104 231
8105 134
8106 133
8107 145
8108 180
8109 132
8110 141
8111 124
8112 144
8113 119
8114 151
8115 119
8116 147
8117 140
8118 148
8119 148
8120 146
8121 147
8122 118
8123 173
8124 171
8125 102
8126 126
8127 99
8128 129
8129 152
8130 153
8131 151
8132 170
8133 124
8134 151
8135 132
8136 112
8137 115
8138 150
8139 185
8140 168
8141 179
8142 130
8143 147
8144 163
8145 154
8146 136
8147 134
8148 170
8149 154
8150 132
8151 140
8152 159
8153 131
8154 179
8155 127
8156 152
8157 149
8158 116
8159 139
8160 153
8161 153
8162 137
8163 164
8164 151
8165 147
8166 136
8167 207
8168 155
8169 147
8170 126
8171 153
8172 127
8173 155
8174 163
8175 139
8176 142
8177 151
8178 143
8179 121
8180 197
8181 161
8182 156
8183 127
8184 128
8185 65
8186 110
8187 134
8188 149
8189 161
8190 72
8191 124
8192 143
8193 163
8194 173
8195 136
8196 134
8197 191
8198 177
8199 193
8200 232
8201 160
8202 146
8203 143
8204 131
8205 169
8206 143
8207 143
8208 141
8209 130
8210 164
8211 154
8212 243
8213 170
8214 112
8215 129
8216 173
8217 147
8218 146
8219 149
8220 147
8221 184
8222 118
8223 183
8224 146
8225 134
8226 179
8227 119
8228 157
8229 140
8230 120
8231 121
8232 124
8233 141
8234 182
8235 147
8236 144
8237 122
8238 146
8239 135
8240 102
8241 179
8242 180
8243 144
8244 134
8245 109
8246 136
8247 142
8248 171
8249 152
8250 143
8251 151
8252 153
8253 108
8254 131
8255 128
8256 193
8257 175
8258 166
8259 147
8260 148
8261 141
8262 121
8263 159
8264 130
8265 218
8266 120
8267 145
8268 130
8269 124
8270 144
8271 121
8272 161
8273 137
8274 161
8275 132
8276 159
8277 212
8278 94
8279 158
8280 143
8281 125
8282 143
8283 163
8284 124
8285 136
8286 179
8287 138
8288 106
8289 147
8290 113
8291 136
8292 167
8293 162
8294 147
8295 152
8296 93
8297 157
8298 126
8299 147
8300 119
8301 156
8302 164
8303 127
8304 152
8305 137
8306 178
8307 119
8308 150
8309 143
8310 170
8311 121
8312 106
8313 175
8314 152
8315 153
8316 169
8317 147
8318 117
8319 142
8320 175
8321 155
8322 89
8323 128
8324 118
8325 121
8326 130
8327 129
8328 143
8329 144
8330 172
8331 136
8332 143
8333 227
8334 139
8335 132
8336 142
8337 136
8338 121
8339 182
8340 199
8341 143
8342 142
8343 137
8344 132
8345 169
8346 153
8347 119
8348 119
8349 125
8350 166
8351 156
8352 100
8353 142
8354 153
8355 169
8356 157
8357 130
8358 106
8359 115
8360 160
8361 154
8362 173
8363 170
8364 176
8365 158
8366 113
8367 129
8368 112
8369 130
8370 196
8371 108
8372 158
8373 154
8374 138
8375 144
8376 158
8377 212
8378 151
8379 141
8380 137
8381 155
8382 146
8383 141
8384 146
8385 140
8386 141
8387 127
8388 157
8389 118
8390 162
8391 128
8392 136
8393 132
8394 141
8395 208
8396 116
8397 116
8398 153
8399 111
8400 159
8401 124
8402 138
8403 191
8404 136
8405 130
8406 192
8407 148
8408 143
8409 149
8410 168
8411 168
8412 189
8413 197
8414 141
8415 143
8416 133
8417 125
8418 145
8419 116
8420 175
8421 134
8422 217
8423 132
8424 172
8425 145
8426 132
8427 176
8428 134
8429 136
8430 158
8431 146
8432 152
8433 142
8434 140
8435 157
8436 170
8437 111
8438 153
8439 158
8440 91
8441 108
8442 159
8443 164
8444 169
8445 132
8446 127
8447 99
8448 224
8449 136
8450 118
8451 127
8452 99
8453 148
8454 149
8455 139
8456 143
8457 176
8458 180
8459 148
8460 148
8461 160
8462 129
8463 147
8464 156
8465 121
8466 135
8467 124
8468 84
8469 159
8470 132
8471 119
8472 155
8473 102
8474 144
8475 134
8476 137
8477 148
8478 127
8479 134
8480 156
8481 171
8482 110
8483 161
8484 127
8485 149
8486 163
8487 64
8488 143
8489 175
8490 117
8491 122
8492 155
8493 210
8494 131
8495 125
8496 160
8497 131
8498 192
8499 164
