Vertices: 3300
Edges: 23100
Time: 3,361 ms
Iterations: 23087
Vertex Distance
0 0
1 115
2 136
3 150
4 125
5 131
6 104
7 125
8 153
9 123
10 131
11 139
12 141
13 133
14 144
15 124
16 143
17 124
18 145
19 141
20 114
21 123
22 137
23 111
24 149
25 122
26 68
27 114
28 126
29 164
30 86
31 121
32 122
33 157
34 145
35 127
36 108
37 130
38 141
39 121
40 121
41 132
42 110
43 151
44 167
45 127
46 170
47 132
48 143
49 115
50 137
51 159
52 114
53 94
54 147
55 119
56 103
57 107
58 118
59 141
60 160
61 141
62 185
63 153
64 95
65 63
66 117
67 131
68 143
69 119
70 131
71 143
72 123
73 140
74 151
75 126
76 190
77 136
78 120
79 145
80 136
81 141
82 136
83 110
84 180
85 134
86 133
87 97
88 117
89 86
90 126
91 113
92 155
93 129
94 125
95 138
96 150
97 156
98 125
99 110
100 149
101 137
102 94
103 77
104 151
105 154
106 133
107 128
108 139
109 127
110 180
111 154
112 122
113 147
114 147
115 15
116 144
117 128
118 157
119 130
120 119
121 128
122 132
123 169
124 137
125 134
126 158
127 96
128 124
129 108
130 110
131 140
132 139
133 82
134 126
135 124
136 147
137 153
138 151
139 141
140 133
141 152
142 156
143 110
144 124
145 123
146 136
147 190
148 142
149 111
150 164
151 101
152 86
153 103
154 147
155 141
156 136
157 141
158 161
159 116
160 76
161 83
162 143
163 106
164 114
165 214
166 147
167 125
168 118
169 123
170 131
171 144
172 120
173 166
174 170
175 121
176 132
177 138
178 109
179 154
180 184
181 102
182 121
183 116
184 113
185 107
186 118
187 138
188 126
189 114
190 99
191 138
192 137
193 115
194 187
195 149
196 115
197 118
198 87
199 55
200 71
201 82
202 96
203 136
204 121
205 130
206 154
207 146
208 105
209 140
210 170
211 88
212 186
213 135
214 107
215 112
216 113
217 117
218 141
219 1
220 123
221 131
222 140
223 181
224 172
225 124
226 108
227 118
228 161
229 147
230 171
231 118
232 125
233 81
234 124
235 119
236 136
237 98
238 120
239 134
240 131
241 149
242 182
243 111
244 133
245 139
246 166
247 163
248 137
249 138
250 152
251 130
252 123
253 94
254 127
255 117
256 134
257 89
258 130
259 142
260 144
261 128
262 107
263 95
264 170
265 85
266 135
267 274
268 216
269 144
270 129
271 100
272 86
273 180
274 113
275 119
276 137
277 80
278 119
279 159
280 171
281 113
282 180
283 149
284 140
285 114
286 94
287 106
288 116
289 184
290 113
291 102
292 161
293 127
294 140
295 126
296 109
297 89
298 115
299 160
300 138
301 128
302 133
303 146
304 115
305 149
306 133
307 121
308 116
309 127
310 126
311 95
312 127
313 98
314 141
315 133
316 179
317 131
318 112
319 135
320 155
321 81
322 111
323 87
324 151
325 163
326 85
327 147
328 105
329 127
330 93
331 194
332 134
333 108
334 127
335 132
336 136
337 143
338 101
339 145
340 133
341 121
342 140
343 149
344 100
345 155
346 120
347 122
348 118
349 129
350 100
351 143
352 111
353 145
354 134
355 77
356 115
357 108
358 112
359 133
360 106
361 136
362 113
363 173
364 135
365 127
366 125
367 91
368 146
369 151
370 104
371 138
372 121
373 146
374 88
375 129
376 144
377 132
378 119
379 136
380 128
381 138
382 130
383 136
384 179
385 119
386 133
387 138
388 178
389 149
390 164
391 135
392 123
393 145
394 132
395 119
396 106
397 130
398 187
399 142
400 143
401 130
402 94
403 157
404 130
405 137
406 138
407 140
408 151
409 112
410 116
411 104
412 130
413 109
414 164
415 74
416 130
417 78
418 126
419 73
420 193
421 148
422 145
423 111
424 18
425 122
426 172
427 118
428 133
429 120
430 150
431 94
432 97
433 154
434 148
435 118
436 136
437 194
438 160
439 112
440 116
441 87
442 153
443 124
444 119
445 143
446 124
447 114
448 110
449 110
450 89
451 84
452 134
453 104
454 143
455 111
456 175
457 148
458 105
459 107
460 157
461 114
462 165
463 146
464 126
465 115
466 79
467 191
468 102
469 118
470 123
471 124
472 148
473 133
474 111
475 111
476 113
477 138
478 139
479 118
480 129
481 144
482 138
483 129
484 125
485 105
486 118
487 131
488 156
489 123
490 131
491 130
492 140
493 73
494 145
495 141
496 104
497 134
498 230
499 142
500 170
501 142
502 137
503 152
504 99
505 106
506 155
507 132
508 134
509 144
510 127
511 114
512 142
513 131
514 129
515 156
516 109
517 131
518 149
519 135
520 194
521 106
522 136
523 77
524 157
525 144
526 151
527 135
528 190
529 174
530 191
531 106
532 160
533 131
534 125
535 102
536 109
537 111
538 131
539 98
540 133
541 131
542 123
543 112
544 142
545 150
546 91
547 140
548 133
549 106
550 114
551 131
552 127
553 147
554 162
555 134
556 132
557 115
558 119
559 157
560 125
561 139
562 134
563 135
564 115
565 76
566 110
567 76
568 100
569 89
570 99
571 151
572 121
573 140
574 150
575 135
576 165
577 162
578 124
579 170
580 155
581 154
582 118
583 132
584 164
585 135
586 109
587 151
588 108
589 195
590 124
591 121
592 185
593 180
594 137
595 182
596 122
597 103
598 131
599 145
600 134
601 103
602 119
603 70
604 104
605 187
606 139
607 141
608 144
609 179
610 137
611 81
612 103
613 131
614 131
615 115
616 121
617 146
618 141
619 126
620 104
621 151
622 109
623 130
624 96
625 134
626 135
627 146
628 127
629 154
630 132
631 138
632 147
633 139
634 137
635 180
636 107
637 180
638 88
639 147
640 136
641 152
642 119
643 129
644 144
645 142
646 102
647 109
648 100
649 106
650 157
651 153
652 107
653 115
654 163
655 117
656 135
657 145
658 170
659 137
660 161
661 153
662 196
663 133
664 156
665 142
666 185
667 121
668 130
669 69
670 58
671 147
672 154
673 135
674 104
675 98
676 152
677 148
678 128
679 87
680 118
681 145
682 92
683 143
684 138
685 105
686 136
687 155
688 96
689 143
690 134
691 131
692 158
693 147
694 114
695 144
696 163
697 137
698 119
699 143
700 71
701 96
702 140
703 133
704 110
705 214
706 164
707 115
708 124
709 136
710 141
711 150
712 133
713 130
714 162
715 159
716 164
717 151
718 147
719 104
720 159
721 127
722 109
723 117
724 139
725 160
726 107
727 102
728 144
729 173
730 127
731 157
732 134
733 113
734 114
735 111
736 110
737 118
738 114
739 105
740 127
741 127
742 136
743 78
744 101
745 109
746 153
747 117
748 170
749 132
750 87
751 122
752 106
753 135
754 158
755 161
756 105
757 114
758 149
759 128
760 144
761 92
762 130
763 174
764 103
765 190
766 108
767 123
768 144
769 126
770 85
771 136
772 147
773 120
774 138
775 118
776 127
777 134
778 121
779 127
780 93
781 146
782 89
783 120
784 145
785 86
786 145
787 136
788 173
789 118
790 87
791 114
792 155
793 187
794 105
795 115
796 132
797 128
798 155
799 151
800 119
801 135
802 144
803 141
804 146
805 126
806 140
807 159
808 149
809 174
810 103
811 105
812 140
813 134
814 158
815 160
816 132
817 163
818 116
819 166
820 124
821 110
822 122
823 119
824 139
825 134
826 158
827 135
828 102
829 158
830 147
831 134
832 126
833 157
834 84
835 131
836 130
837 133
838 137
839 92
840 132
841 42
842 102
843 118
844 133
845 139
846 142
847 117
848 97
849 88
850 142
851 24
852 141
853 98
854 156
855 150
856 137
857 117
858 265
859 108
860 165
861 116
862 108
863 170
864 88
865 139
866 126
867 107
868 145
869 148
870 123
871 144
872 126
873 165
874 101
875 128
876 70
877 148
878 134
879 139
880 170
881 54
882 136
883 107
884 109
885 117
886 125
887 139
888 159
889 113
890 90
891 119
892 131
893 131
894 154
895 118
896 140
897 122
898 133
899 86
900 122
901 130
902 134
903 184
904 136
905 140
906 107
907 125
908 114
909 112
910 145
911 162
912 115
913 141
914 157
915 71
916 158
917 100
918 162
919 140
920 148
921 155
922 124
923 128
924 167
925 140
926 145
927 134
928 112
929 127
930 118
931 94
932 79
933 129
934 138
935 161
936 121
937 116
938 151
939 94
940 151
941 136
942 178
943 97
944 75
945 100
946 125
947 103
948 168
949 131
950 101
951 125
952 115
953 159
954 118
955 159
956 159
957 108
958 119
959 113
960 191
961 112
962 158
963 105
964 135
965 130
966 122
967 131
968 94
969 108
970 130
971 126
972 96
973 145
974 129
975 124
976 116
977 161
978 151
979 149
980 173
981 106
982 135
983 129
984 151
985 130
986 164
987 75
988 118
989 166
990 120
991 182
992 170
993 140
994 128
995 126
996 93
997 136
998 141
999 130
1000 97
1001 149
1002 78
1003 0
1004 140
1005 110
1006 137
1007 100
1008 139
1009 125
1010 98
1011 197
1012 131
1013 140
1014 121
1015 125
1016 154
1017 100
1018 142
1019 143
1020 140
1021 150
1022 140
1023 114
1024 142
1025 115
1026 84
1027 121
1028 140
1029 124
1030 148
1031 100
1032 131
1033 133
1034 171
1035 140
1036 126
1037 118
1038 199
1039 110
1040 90
1041 117
1042 95
1043 209
1044 99
1045 108
1046 128
1047 124
1048 118
1049 139
1050 105
1051 128
1052 94
1053 101
1054 98
1055 130
1056 90
1057 112
1058 107
1059 106
1060 103
1061 172
1062 125
1063 169
1064 96
1065 177
1066 110
1067 118
1068 120
1069 135
1070 104
1071 139
1072 137
1073 121
1074 204
1075 13
1076 139
1077 106
1078 99
1079 128
1080 151
1081 153
1082 123
1083 161
1084 81
1085 91
1086 130
1087 120
1088 124
1089 164
1090 123
1091 160
1092 127
1093 101
1094 160
1095 163
1096 125
1097 122
1098 138
1099 128
1100 135
1101 141
1102 143
1103 128
1104 186
1105 56
1106 64
1107 102
1108 154
1109 153
1110 158
1111 130
1112 182
1113 115
1114 89
1115 113
1116 63
1117 157
1118 141
1119 115
1120 155
1121 104
1122 100
1123 130
1124 111
1125 163
1126 136
1127 155
1128 100
1129 125
1130 122
1131 127
1132 141
1133 79
1134 144
1135 118
1136 121
1137 149
1138 114
1139 169
1140 164
1141 206
1142 156
1143 105
1144 113
1145 129
1146 142
1147 144
1148 133
1149 74
1150 115
1151 108
1152 110
1153 142
1154 131
1155 110
1156 213
1157 127
1158 136
1159 131
1160 119
1161 164
1162 136
1163 145
1164 96
1165 174
1166 122
1167 98
1168 159
1169 103
1170 135
1171 108
1172 143
1173 120
1174 140
1175 120
1176 60
1177 106
1178 138
1179 172
1180 147
1181 104
1182 125
1183 116
1184 158
1185 142
1186 109
1187 118
1188 141
1189 107
1190 136
1191 129
1192 127
1193 117
1194 143
1195 125
1196 149
1197 122
1198 136
1199 151
1200 121
1201 139
1202 139
1203 85
1204 97
1205 112
1206 134
1207 88
1208 123
1209 128
1210 88
1211 136
1212 179
1213 156
1214 162
1215 117
1216 139
1217 116
1218 122
1219 158
1220 87
1221 160
1222 127
1223 171
1224 130
1225 101
1226 127
1227 125
1228 136
1229 97
1230 119
1231 124
1232 113
1233 128
1234 127
1235 136
1236 151
1237 136
1238 246
1239 156
1240 114
1241 163
1242 110
1243 121
1244 155
1245 101
1246 94
1247 164
1248 148
1249 145
1250 179
1251 120
1252 182
1253 103
1254 130
1255 140
1256 120
1257 119
1258 114
1259 161
1260 118
1261 104
1262 140
1263 174
1264 106
1265 138
1266 113
1267 124
1268 111
1269 165
1270 135
1271 122
1272 156
1273 145
1274 154
1275 172
1276 150
1277 144
1278 102
1279 122
1280 134
1281 143
1282 201
1283 146
1284 120
1285 171
1286 146
1287 111
1288 160
1289 133
1290 121
1291 102
1292 131
1293 119
1294 138
1295 142
1296 0
1297 106
1298 95
1299 141
1300 120
1301 153
1302 112
1303 108
1304 146
1305 158
1306 107
1307 106
1308 145
1309 167
1310 81
1311 119
1312 146
1313 147
1314 124
1315 97
1316 158
1317 111
1318 128
1319 176
1320 154
1321 107
1322 82
1323 117
1324 146
1325 89
1326 114
1327 134
1328 105
1329 186
1330 140
1331 129
1332 125
1333 120
1334 122
1335 105
1336 152
1337 124
1338 114
1339 115
1340 130
1341 118
1342 135
1343 104
1344 137
1345 26
1346 146
1347 101
1348 76
1349 92
1350 149
1351 150
1352 109
1353 146
1354 106
1355 135
1356 130
1357 124
1358 104
1359 79
1360 140
1361 104
1362 151
1363 148
1364 117
1365 104
1366 109
1367 120
1368 131
1369 129
1370 110
1371 117
1372 172
1373 90
1374 111
1375 151
1376 125
1377 123
1378 111
1379 126
1380 164
1381 146
1382 165
1383 142
1384 118
1385 118
1386 142
1387 114
1388 109
1389 168
1390 175
1391 146
1392 170
1393 147
1394 148
1395 109
1396 138
1397 130
1398 123
1399 152
1400 83
1401 167
1402 111
1403 143
1404 57
1405 167
1406 136
1407 97
1408 115
1409 156
1410 81
1411 127
1412 99
1413 149
1414 77
1415 98
1416 144
1417 142
1418 102
1419 123
1420 121
1421 104
1422 139
1423 112
1424 129
1425 143
1426 124
1427 119
1428 148
1429 123
1430 202
1431 124
1432 80
1433 112
1434 109
1435 145
1436 113
1437 77
1438 116
1439 151
1440 163
1441 119
1442 135
1443 147
1444 202
1445 100
1446 145
1447 110
1448 125
1449 141
1450 81
1451 159
1452 149
1453 90
1454 143
1455 124
1456 128
1457 130
1458 86
1459 132
1460 157
1461 133
1462 123
1463 106
1464 140
1465 139
1466 152
1467 142
1468 119
1469 162
1470 165
1471 159
1472 132
1473 109
1474 112
1475 132
1476 122
1477 108
1478 154
1479 132
1480 136
1481 141
1482 116
1483 155
1484 169
1485 137
1486 83
1487 133
1488 102
1489 93
1490 96
1491 163
1492 181
1493 78
1494 126
1495 145
1496 102
1497 181
1498 182
1499 142
1500 127
1501 130
1502 148
1503 166
1504 72
1505 110
1506 102
1507 182
1508 118
1509 86
1510 96
1511 181
1512 117
1513 127
1514 124
1515 136
1516 141
1517 131
1518 107
1519 136
1520 99
1521 117
1522 101
1523 113
1524 157
1525 129
1526 155
1527 156
1528 127
1529 153
1530 121
1531 72
1532 132
1533 143
1534 124
1535 136
1536 105
1537 113
1538 97
1539 107
1540 112
1541 149
1542 136
1543 94
1544 122
1545 110
1546 135
1547 180
1548 78
1549 140
1550 160
1551 154
1552 134
1553 138
1554 102
1555 134
1556 119
1557 150
1558 137
1559 145
1560 97
1561 154
1562 96
1563 177
1564 89
1565 148
1566 138
1567 127
1568 143
1569 82
1570 122
1571 122
1572 103
1573 143
1574 129
1575 134
1576 116
1577 151
1578 114
1579 191
1580 130
1581 140
1582 138
1583 137
1584 111
1585 143
1586 123
1587 109
1588 118
1589 113
1590 133
1591 164
1592 128
1593 119
1594 167
1595 136
1596 145
1597 153
1598 112
1599 159
1600 145
1601 124
1602 141
1603 142
1604 135
1605 102
1606 134
1607 118
1608 125
1609 152
1610 149
1611 151
1612 120
1613 150
1614 146
1615 138
1616 147
1617 94
1618 111
1619 125
1620 63
1621 107
1622 141
1623 114
1624 153
1625 131
1626 150
1627 116
1628 122
1629 144
1630 137
1631 142
1632 109
1633 146
1634 113
1635 115
1636 140
1637 139
1638 144
1639 80
1640 164
1641 160
1642 212
1643 121
1644 132
1645 176
1646 130
1647 111
1648 151
1649 149
1650 143
1651 149
1652 115
1653 125
1654 120
1655 98
1656 97
1657 185
1658 116
1659 138
1660 136
1661 145
1662 164
1663 88
1664 98
1665 128
1666 90
1667 148
1668 139
1669 129
1670 135
1671 99
1672 214
1673 120
1674 96
1675 82
1676 163
1677 130
1678 201
1679 143
1680 123
1681 143
1682 150
1683 115
1684 148
1685 178
1686 144
1687 151
1688 163
1689 146
1690 135
1691 120
1692 148
1693 102
1694 193
1695 143
1696 121
1697 162
1698 110
1699 128
1700 170
1701 120
1702 132
1703 186
1704 115
1705 80
1706 124
1707 141
1708 86
1709 134
1710 127
1711 51
1712 128
1713 151
1714 102
1715 161
1716 109
1717 149
1718 137
1719 196
1720 148
1721 121
1722 155
1723 141
1724 141
1725 143
1726 81
1727 121
1728 101
1729 126
1730 134
1731 118
1732 203
1733 184
1734 135
1735 103
1736 141
1737 149
1738 104
1739 162
1740 141
1741 139
1742 152
1743 127
1744 149
1745 120
1746 129
1747 121
1748 154
1749 115
1750 96
1751 128
1752 151
1753 118
1754 163
1755 132
1756 147
1757 99
1758 177
1759 124
1760 130
1761 115
1762 148
1763 135
1764 126
1765 96
1766 122
1767 150
1768 117
1769 125
1770 186
1771 147
1772 174
1773 110
1774 137
1775 177
1776 133
1777 129
1778 82
1779 138
1780 78
1781 119
1782 138
1783 94
1784 135
1785 172
1786 86
1787 130
1788 137
1789 142
1790 101
1791 126
1792 166
1793 163
1794 112
1795 117
1796 97
1797 140
1798 133
1799 180
1800 83
1801 137
1802 115
1803 105
1804 88
1805 141
1806 124
1807 178
1808 125
1809 106
1810 133
1811 102
1812 77
1813 135
1814 146
1815 101
1816 94
1817 97
1818 138
1819 97
1820 60
1821 119
1822 135
1823 147
1824 125
1825 129
1826 140
1827 141
1828 151
1829 156
1830 138
1831 124
1832 116
1833 125
1834 131
1835 107
1836 123
1837 108
1838 101
1839 143
1840 135
1841 109
1842 169
1843 158
1844 159
1845 87
1846 159
1847 143
1848 181
1849 141
1850 65
1851 172
1852 144
1853 113
1854 127
1855 127
1856 134
1857 77
1858 173
1859 132
1860 101
1861 105
1862 128
1863 118
1864 155
1865 204
1866 141
1867 114
1868 152
1869 151
1870 154
1871 154
1872 113
1873 109
1874 112
1875 128
1876 108
1877 111
1878 148
1879 146
1880 130
1881 88
1882 122
1883 140
1884 130
1885 116
1886 109
1887 148
1888 120
1889 129
1890 98
1891 134
1892 203
1893 113
1894 120
1895 122
1896 159
1897 114
1898 142
1899 84
1900 126
1901 87
1902 137
1903 104
1904 136
1905 138
1906 142
1907 130
1908 102
1909 120
1910 165
1911 129
1912 138
1913 122
1914 133
1915 147
1916 126
1917 75
1918 123
1919 161
1920 119
1921 116
1922 150
1923 134
1924 126
1925 86
1926 154
1927 115
1928 185
1929 116
1930 113
1931 165
1932 112
1933 121
1934 154
1935 107
1936 134
1937 114
1938 145
1939 148
1940 121
1941 109
1942 144
1943 102
1944 146
1945 132
1946 133
1947 186
1948 120
1949 133
1950 157
1951 118
1952 128
1953 114
1954 98
1955 124
1956 161
1957 134
1958 132
1959 141
1960 114
1961 169
1962 125
1963 135
1964 138
1965 152
1966 96
1967 147
1968 105
1969 131
1970 109
1971 112
1972 163
1973 131
1974 127
1975 101
1976 105
1977 110
1978 133
1979 125
1980 125
1981 144
1982 141
1983 142
1984 63
1985 141
1986 120
1987 119
1988 117
1989 158
1990 130
1991 146
1992 111
1993 145
1994 149
1995 95
1996 108
1997 141
1998 145
1999 127
2000 145
2001 95
2002 129
2003 69
2004 153
2005 176
2006 135
2007 65
2008 78
2009 172
2010 88
2011 162
2012 161
2013 176
2014 104
2015 126
2016 161
2017 113
2018 146
2019 135
2020 137
2021 120
2022 126
2023 102
2024 175
2025 134
2026 142
2027 137
2028 127
2029 136
2030 84
2031 99
2032 145
2033 144
2034 121
2035 83
2036 146
2037 145
2038 168
2039 147
2040 138
2041 97
2042 128
2043 136
2044 129
2045 130
2046 101
2047 122
2048 112
2049 127
2050 136
2051 123
2052 186
2053 130
2054 146
2055 127
2056 127
2057 90
2058 102
2059 100
2060 145
2061 39
2062 123
2063 152
2064 113
2065 135
2066 126
2067 57
2068 196
2069 84
2070 177
2071 130
2072 146
2073 152
2074 128
2075 159
2076 107
2077 134
2078 88
2079 117
2080 151
2081 107
2082 110
2083 151
2084 127
2085 186
2086 131
2087 123
2088 142
2089 82
2090 162
2091 150
2092 90
2093 162
2094 144
2095 146
2096 92
2097 137
2098 129
2099 91
2100 145
2101 128
2102 86
2103 168
2104 146
2105 105
2106 149
2107 145
2108 159
2109 95
2110 88
2111 120
2112 113
2113 105
2114 143
2115 102
2116 153
2117 127
2118 157
2119 138
2120 148
2121 89
2122 151
2123 150
2124 109
2125 144
2126 142
2127 115
2128 130
2129 119
2130 136
2131 140
2132 138
2133 163
2134 141
2135 103
2136 127
2137 120
2138 112
2139 84
2140 129
2141 118
2142 99
2143 133
2144 97
2145 146
2146 143
2147 95
2148 153
2149 117
2150 132
2151 97
2152 157
2153 149
2154 135
2155 112
2156 129
2157 102
2158 117
2159 134
2160 112
2161 205
2162 121
2163 159
2164 133
2165 126
2166 113
2167 144
2168 126
2169 95
2170 103
2171 124
2172 144
2173 151
2174 152
2175 118
2176 157
2177 119
2178 114
2179 163
2180 105
2181 133
2182 114
2183 101
2184 151
2185 165
2186 132
2187 156
2188 157
2189 111
2190 145
2191 179
2192 136
2193 128
2194 133
2195 154
2196 139
2197 166
2198 128
2199 152
2200 117
2201 154
2202 106
2203 104
2204 140
2205 133
2206 172
2207 147
2208 123
2209 101
2210 116
2211 108
2212 99
2213 134
2214 144
2215 95
2216 105
2217 96
2218 155
2219 86
2220 145
2221 112
2222 74
2223 127
2224 97
2225 107
2226 117
2227 110
2228 147
2229 127
2230 102
2231 116
2232 91
2233 121
2234 174
2235 158
2236 155
2237 133
2238 168
2239 115
2240 169
2241 145
2242 161
2243 119
2244 130
2245 88
2246 102
2247 97
2248 134
2249 151
2250 162
2251 149
2252 106
2253 125
2254 144
2255 127
2256 121
2257 105
2258 130
2259 95
2260 116
2261 141
2262 111
2263 154
2264 88
2265 137
2266 125
2267 153
2268 139
2269 102
2270 146
2271 173
2272 132
2273 132
2274 125
2275 92
2276 110
2277 90
2278 102
2279 111
2280 115
2281 100
2282 132
2283 130
2284 118
2285 127
2286 144
2287 113
2288 42
2289 132
2290 146
2291 137
2292 123
2293 109
2294 96
2295 120
2296 150
2297 134
2298 122
2299 129
2300 94
2301 148
2302 118
2303 139
2304 144
2305 182
2306 93
2307 103
2308 135
2309 149
2310 93
2311 123
2312 140
2313 115
2314 132
2315 130
2316 122
2317 150
2318 142
2319 113
2320 174
2321 123
2322 150
2323 118
2324 150
2325 183
2326 163
2327 134
2328 128
2329 150
2330 134
2331 124
2332 107
2333 141
2334 123
2335 124
2336 158
2337 94
2338 145
2339 160
2340 136
2341 147
2342 52
2343 136
2344 138
2345 158
2346 101
2347 131
2348 126
2349 164
2350 166
2351 117
2352 146
2353 143
2354 52
2355 196
2356 137
2357 128
2358 134
2359 148
2360 160
2361 105
2362 100
2363 162
2364 147
2365 84
2366 105
2367 123
2368 139
2369 60
2370 115
2371 122
2372 133
2373 143
2374 130
2375 109
2376 158
2377 169
2378 183
2379 117
2380 141
2381 121
2382 157
2383 117
2384 153
2385 116
2386 145
2387 133
2388 147
2389 143
2390 132
2391 147
2392 87
2393 95
2394 166
2395 138
2396 130
2397 164
2398 129
2399 185
2400 111
2401 111
2402 135
2403 138
2404 126
2405 159
2406 94
2407 101
2408 189
2409 106
2410 146
2411 97
2412 136
2413 116
2414 134
2415 88
2416 168
2417 123
2418 163
2419 134
2420 124
2421 112
2422 107
2423 184
2424 106
2425 152
2426 161
2427 128
2428 126
2429 116
2430 102
2431 138
2432 94
2433 152
2434 107
2435 142
2436 112
2437 121
2438 158
2439 150
2440 114
2441 74
2442 102
2443 116
2444 117
2445 103
2446 157
2447 76
2448 105
2449 113
2450 184
2451 147
2452 157
2453 133
2454 195
2455 131
2456 174
2457 119
2458 140
2459 107
2460 163
2461 147
2462 146
2463 107
2464 123
2465 149
2466 164
2467 142
2468 102
2469 141
2470 111
2471 118
2472 133
2473 124
2474 141
2475 128
2476 112
2477 111
2478 151
2479 118
2480 145
2481 114
2482 132
2483 184
2484 115
2485 110
2486 136
2487 136
2488 134
2489 137
2490 123
2491 137
2492 153
2493 116
2494 157
2495 127
2496 146
2497 116
2498 161
2499 138
2500 162
2501 90
2502 123
2503 122
2504 121
2505 153
2506 111
2507 139
2508 109
2509 101
2510 108
2511 142
2512 170
2513 92
2514 107
2515 130
2516 150
2517 122
2518 149
2519 90
2520 144
2521 136
2522 82
2523 152
2524 112
2525 40
2526 135
2527 121
2528 125
2529 87
2530 119
2531 119
2532 184
2533 144
2534 85
2535 65
2536 125
2537 123
2538 113
2539 108
2540 144
2541 74
2542 138
2543 133
2544 134
2545 128
2546 128
2547 154
2548 130
2549 101
2550 112
2551 122
2552 139
2553 137
2554 123
2555 134
2556 156
2557 124
2558 161
2559 142
2560 53
2561 135
2562 165
2563 107
2564 109
2565 133
2566 59
2567 121
2568 111
2569 99
2570 162
2571 132
2572 116
2573 125
2574 113
2575 137
2576 183
2577 149
2578 141
2579 126
2580 129
2581 132
2582 105
2583 101
2584 123
2585 165
2586 157
2587 140
2588 142
2589 97
2590 89
2591 163
2592 124
2593 88
2594 140
2595 138
2596 130
2597 98
2598 109
2599 152
2600 133
2601 102
2602 112
2603 149
2604 86
2605 156
2606 79
2607 109
2608 139
2609 128
2610 149
2611 97
2612 127
2613 159
2614 153
2615 123
2616 138
2617 171
2618 149
2619 120
2620 130
2621 112
2622 61
2623 92
2624 112
2625 111
2626 140
2627 121
2628 139
2629 102
2630 107
2631 108
2632 191
2633 124
2634 106
2635 120
2636 148
2637 128
2638 167
2639 113
2640 111
2641 156
2642 126
2643 144
2644 151
2645 107
2646 120
2647 124
2648 121
2649 115
2650 128
2651 139
2652 101
2653 138
2654 144
2655 137
2656 149
2657 119
2658 135
2659 77
2660 149
2661 103
2662 115
2663 152
2664 158
2665 143
2666 106
2667 164
2668 159
2669 155
2670 133
2671 123
2672 144
2673 136
2674 142
2675 130
2676 122
2677 142
2678 137
2679 148
2680 119
2681 129
2682 169
2683 126
2684 158
2685 151
2686 105
2687 122
2688 125
2689 108
2690 176
2691 135
2692 141
2693 121
2694 132
2695 121
2696 131
2697 112
2698 133
2699 71
2700 118
2701 109
2702 132
2703 125
2704 148
2705 148
2706 106
2707 114
2708 158
2709 128
2710 118
2711 93
2712 136
2713 145
2714 100
2715 127
2716 102
2717 123
2718 136
2719 132
2720 57
2721 110
2722 125
2723 122
2724 170
2725 120
2726 137
2727 127
2728 116
2729 105
2730 128
2731 160
2732 117
2733 164
2734 122
2735 138
2736 213
2737 154
2738 129
2739 154
2740 91
2741 137
2742 55
2743 212
2744 138
2745 127
2746 155
2747 146
2748 146
2749 114
2750 37
2751 123
2752 107
2753 149
2754 109
2755 136
2756 106
2757 86
2758 120
2759 122
2760 112
2761 115
2762 151
2763 152
2764 127
2765 108
2766 111
2767 131
2768 84
2769 126
2770 108
2771 146
2772 115
2773 113
2774 120
2775 151
2776 138
2777 93
2778 92
2779 138
2780 114
2781 145
2782 186
2783 150
2784 109
2785 139
2786 196
2787 127
2788 72
2789 122
2790 133
2791 151
2792 118
2793 115
2794 129
2795 129
2796 119
2797 108
2798 167
2799 127
2800 153
2801 165
2802 129
2803 150
2804 138
2805 86
2806 165
2807 151
2808 81
2809 78
2810 97
2811 132
2812 84
2813 149
2814 112
2815 149
2816 121
2817 161
2818 148
2819 100
2820 80
2821 159
2822 116
2823 147
2824 168
2825 148
2826 108
2827 129
2828 161
2829 132
2830 71
2831 136
2832 147
2833 144
2834 159
2835 72
2836 89
2837 139
2838 107
2839 104
2840 143
2841 127
2842 75
2843 142
2844 173
2845 100
2846 186
2847 171
2848 139
2849 121
2850 107
2851 99
2852 107
2853 149
2854 149
2855 115
2856 150
2857 123
2858 186
2859 183
2860 144
2861 123
2862 166
2863 154
2864 127
2865 156
2866 155
2867 113
2868 109
2869 147
2870 147
2871 123
2872 115
2873 150
2874 102
2875 81
2876 140
2877 128
2878 127
2879 148
2880 177
2881 118
2882 131
2883 89
2884 105
2885 138
2886 132
2887 117
2888 152
2889 137
2890 161
2891 151
2892 208
2893 123
2894 123
2895 143
2896 128
2897 161
2898 134
2899 153
2900 136
2901 155
2902 144
2903 102
2904 157
2905 117
2906 101
2907 147
2908 135
2909 157
2910 128
2911 135
2912 86
2913 133
2914 143
2915 113
2916 123
2917 131
2918 114
2919 130
2920 90
2921 128
2922 110
2923 139
2924 120
2925 123
2926 134
2927 125
2928 125
2929 138
2930 148
2931 87
2932 132
2933 133
2934 81
2935 169
2936 122
2937 153
2938 150
2939 99
2940 67
2941 164
2942 117
2943 92
2944 132
2945 109
2946 41
2947 86
2948 100
2949 105
2950 117
2951 134
2952 89
2953 121
2954 151
2955 144
2956 127
2957 124
2958 134
2959 128
2960 146
2961 74
2962 95
2963 169
2964 145
2965 154
2966 141
2967 132
2968 143
2969 92
2970 142
2971 138
2972 133
2973 115
2974 103
2975 136
2976 130
2977 106
2978 117
2979 170
2980 166
2981 88
2982 161
2983 115
2984 104
2985 143
2986 152
2987 146
2988 110
2989 156
2990 116
2991 101
2992 126
2993 154
2994 131
2995 98
2996 153
2997 114
2998 163
2999 130
3000 140
3001 117
3002 144
3003 129
3004 108
3005 96
3006 133
3007 162
3008 163
3009 131
3010 130
3011 140
3012 152
3013 148
3014 116
3015 140
3016 131
3017 150
3018 147
3019 127
3020 86
3021 93
3022 137
3023 72
3024 111
3025 103
3026 181
3027 132
3028 132
3029 178
3030 106
3031 171
3032 115
3033 172
3034 136
3035 124
3036 139
3037 180
3038 141
3039 123
3040 129
3041 97
3042 130
3043 97
3044 94
3045 135
3046 125
3047 154
3048 177
3049 111
3050 121
3051 133
3052 129
3053 177
3054 148
3055 72
3056 129
3057 128
3058 135
3059 162
3060 193
3061 131
3062 120
3063 205
3064 195
3065 132
3066 132
3067 111
3068 147
3069 89
3070 141
3071 135
3072 158
3073 124
3074 97
3075 114
3076 121
3077 143
3078 126
3079 137
3080 157
3081 85
3082 158
3083 130
3084 129
3085 167
3086 78
3087 155
3088 118
3089 118
3090 161
3091 173
3092 132
3093 101
3094 131
3095 119
3096 161
3097 81
3098 162
3099 128
3100 152
3101 130
3102 119
3103 165
3104 159
3105 154
3106 137
3107 126
3108 73
3109 100
3110 99
3111 132
3112 80
3113 140
3114 148
3115 123
3116 95
3117 168
3118 192
3119 163
3120 137
3121 94
3122 68
3123 181
3124 135
3125 113
3126 130
3127 133
3128 138
3129 104
3130 167
3131 130
3132 108
3133 106
3134 169
3135 120
3136 119
3137 114
3138 130
3139 134
3140 125
3141 167
3142 193
3143 143
3144 119
3145 158
3146 108
3147 118
3148 103
3149 122
3150 115
3151 119
3152 124
3153 174
3154 109
3155 115
3156 143
3157 112
3158 135
3159 162
3160 92
3161 187
3162 139
3163 126
3164 116
3165 142
3166 118
3167 139
3168 169
3169 113
3170 97
3171 154
3172 121
3173 111
3174 109
3175 133
3176 127
3177 143
3178 134
3179 134
3180 103
3181 119
3182 142
3183 88
3184 143
3185 134
3186 109
3187 202
3188 146
3189 113
3190 64
3191 113
3192 130
3193 132
3194 147
3195 134
3196 93
3197 116
3198 117
3199 115
3200 155
3201 116
3202 103
3203 150
3204 147
3205 165
3206 122
3207 122
3208 111
3209 97
3210 128
3211 107
3212 89
3213 130
3214 134
3215 111
3216 115
3217 150
3218 125
3219 95
3220 152
3221 125
3222 179
3223 114
3224 171
3225 149
3226 129
3227 134
3228 138
3229 147
3230 126
3231 154
3232 144
3233 150
3234 67
3235 132
3236 157
3237 120
3238 144
3239 149
3240 169
3241 163
3242 164
3243 180
3244 160
3245 138
3246 92
3247 118
3248 127
3249 172
3250 91
3251 104
3252 153
3253 153
3254 135
3255 107
3256 124
3257 133
3258 134
3259 192
3260 115
3261 107
3262 150
3263 133
3264 103
3265 169
3266 121
3267 137
3268 123
3269 144
3270 155
3271 95
3272 116
3273 97
3274 92
3275 126
3276 145
3277 198
3278 113
3279 127
3280 105
3281 161
3282 134
3283 177
3284 108
3285 123
3286 137
3287 115
3288 75
3289 119
3290 162
3291 119
3292 128
3293 124
3294 149
3295 38
3296 130
3297 136
3298 96
3299 128
