Vertices: 3800
Edges: 26600
Time: 4,315 ms
Iterations: 26562
Vertex Distance
0 0
1 151
2 182
3 144
4 114
5 100
6 121
7 149
8 124
9 117
10 133
11 158
12 163
13 163
14 123
15 100
16 70
17 137
18 144
19 150
20 154
21 90
22 121
23 154
24 128
25 129
26 119
27 126
28 79
29 141
30 79
31 126
32 135
33 211
34 134
35 155
36 142
37 134
38 161
39 99
40 140
41 129
42 126
43 173
44 155
45 108
46 133
47 120
48 135
49 123
50 180
51 152
52 121
53 144
54 137
55 91
56 134
57 112
58 120
59 65
60 113
61 64
62 220
63 99
64 128
65 118
66 117
67 91
68 148
69 125
70 127
71 131
72 138
73 142
74 131
75 124
76 60
77 114
78 116
79 146
80 109
81 137
82 124
83 134
84 101
85 97
86 163
87 140
88 108
89 122
90 138
91 80
92 90
93 80
94 158
95 67
96 127
97 119
98 157
99 124
100 112
101 176
102 109
103 181
104 43
105 124
106 130
107 145
108 122
109 106
110 115
111 185
112 155
113 157
114 135
115 140
116 115
117 112
118 121
119 205
120 134
121 146
122 135
123 156
124 80
125 127
126 153
127 181
128 120
129 138
130 181
131 140
132 141
133 116
134 128
135 143
136 81
137 125
138 123
139 122
140 120
141 111
142 145
143 137
144 151
145 139
146 138
147 128
148 140
149 127
150 104
151 111
152 134
153 94
154 122
155 137
156 115
157 127
158 61
159 122
160 134
161 108
162 103
163 131
164 102
165 93
166 83
167 120
168 138
169 116
170 156
171 114
172 109
173 88
174 120
175 157
176 143
177 108
178 137
179 93
180 126
181 164
182 142
183 141
184 121
185 87
186 81
187 100
188 127
189 150
190 99
191 136
192 147
193 156
194 78
195 125
196 74
197 143
198 140
199 108
200 131
201 129
202 172
203 171
204 138
205 145
206 129
207 108
208 164
209 139
210 131
211 149
212 129
213 173
214 139
215 157
216 115
217 133
218 112
219 109
220 169
221 162
222 122
223 132
224 102
225 113
226 112
227 112
228 137
229 107
230 109
231 153
232 116
233 114
234 136
235 156
236 106
237 120
238 120
239 99
240 168
241 117
242 140
243 128
244 86
245 164
246 137
247 126
248 100
249 137
250 114
251 108
252 117
253 116
254 117
255 111
256 119
257 122
258 101
259 169
260 111
261 111
262 147
263 107
264 118
265 154
266 99
267 153
268 109
269 133
270 103
271 149
272 114
273 138
274 134
275 107
276 151
277 129
278 149
279 109
280 128
281 123
282 148
283 121
284 133
285 123
286 96
287 137
288 157
289 110
290 117
291 157
292 100
293 108
294 177
295 0
296 170
297 111
298 123
299 146
300 104
301 98
302 96
303 177
304 120
305 132
306 111
307 132
308 86
309 95
310 163
311 139
312 163
313 131
314 181
315 0
316 161
317 127
318 115
319 134
320 134
321 120
322 68
323 120
324 119
325 162
326 113
327 139
328 111
329 142
330 146
331 124
332 130
333 94
334 113
335 164
336 90
337 139
338 110
339 131
340 89
341 144
342 160
343 104
344 152
345 136
346 97
347 126
348 115
349 103
350 129
351 133
352 181
353 119
354 148
355 189
356 144
357 137
358 93
359 126
360 176
361 87
362 112
363 78
364 117
365 114
366 178
367 135
368 130
369 114
370 155
371 122
372 128
373 100
374 142
375 143
376 105
377 145
378 161
379 125
380 89
381 124
382 160
383 126
384 128
385 80
386 152
387 93
388 141
389 155
390 136
391 120
392 103
393 98
394 126
395 148
396 123
397 144
398 161
399 165
400 112
401 130
402 137
403 151
404 144
405 131
406 142
407 123
408 85
409 113
410 124
411 139
412 93
413 187
414 140
415 150
416 127
417 160
418 85
419 138
420 121
421 131
422 105
423 121
424 118
425 104
426 84
427 113
428 133
429 165
430 143
431 153
432 88
433 143
434 133
435 161
436 115
437 117
438 132
439 82
440 119
441 194
442 119
443 138
444 145
445 79
446 84
447 157
448 113
449 154
450 65
451 117
452 156
453 142
454 113
455 123
456 108
457 143
458 203
459 147
460 141
461 65
462 137
463 80
464 101
465 109
466 131
467 132
468 77
469 141
470 124
471 113
472 147
473 113
474 119
475 143
476 131
477 142
478 116
479 87
480 124
481 143
482 58
483 128
484 156
485 121
486 120
487 156
488 181
489 192
490 92
491 120
492 110
493 133
494 124
495 134
496 71
497 126
498 188
499 113
500 103
501 127
502 107
503 115
504 156
505 116
506 117
507 73
508 163
509 93
510 129
511 128
512 172
513 72
514 144
515 131
516 122
517 82
518 148
519 131
520 119
521 101
522 127
523 140
524 126
525 158
526 184
527 135
528 83
529 149
530 138
531 134
532 113
533 116
534 132
535 139
536 156
537 97
538 139
539 178
540 84
541 129
542 150
543 106
544 112
545 119
546 135
547 151
548 115
549 104
550 131
551 133
552 98
553 50
554 115
555 138
556 138
557 115
558 140
559 118
560 148
561 139
562 113
563 114
564 102
565 99
566 120
567 153
568 145
569 114
570 121
571 99
572 116
573 132
574 167
575 128
576 119
577 148
578 142
579 143
580 158
581 99
582 122
583 137
584 140
585 124
586 151
587 89
588 133
589 107
590 104
591 122
592 137
593 95
594 118
595 118
596 119
597 96
598 125
599 141
600 84
601 132
602 148
603 118
604 149
605 163
606 134
607 110
608 176
609 141
610 127
611 166
612 111
613 182
614 116
615 123
616 117
617 138
618 131
619 109
620 107
621 99
622 116
623 139
624 139
625 80
626 143
627 102
628 128
629 137
630 143
631 144
632 131
633 148
634 111
635 170
636 76
637 130
638 131
639 70
640 107
641 147
642 103
643 79
644 147
645 114
646 146
647 77
648 165
649 154
650 87
651 150
652 121
653 129
654 145
655 133
656 121
657 142
658 145
659 93
660 124
661 197
662 153
663 162
664 116
665 117
666 73
667 139
668 179
669 133
670 120
671 180
672 143
673 119
674 119
675 126
676 119
677 138
678 110
679 183
680 110
681 139
682 129
683 136
684 136
685 99
686 158
687 103
688 131
689 74
690 116
691 141
692 114
693 174
694 160
695 125
696 120
697 116
698 115
699 102
700 122
701 94
702 133
703 103
704 128
705 143
706 139
707 110
708 150
709 121
710 129
711 161
712 178
713 151
714 143
715 152
716 151
717 102
718 131
719 127
720 144
721 118
722 94
723 61
724 140
725 174
726 119
727 105
728 90
729 78
730 84
731 102
732 119
733 160
734 224
735 94
736 100
737 143
738 149
739 129
740 97
741 148
742 153
743 133
744 164
745 160
746 109
747 147
748 141
749 155
750 110
751 100
752 106
753 193
754 148
755 146
756 136
757 32
758 112
759 133
760 128
761 131
762 97
763 120
764 150
765 104
766 74
767 120
768 130
769 98
770 116
771 130
772 171
773 133
774 115
775 120
776 153
777 129
778 134
779 130
780 154
781 119
782 108
783 141
784 127
785 128
786 161
787 138
788 123
789 63
790 122
791 93
792 136
793 128
794 132
795 143
796 161
797 135
798 97
799 157
800 150
801 136
802 112
803 144
804 126
805 128
806 113
807 138
808 181
809 157
810 145
811 92
812 101
813 138
814 137
815 135
816 123
817 96
818 151
819 133
820 144
821 56
822 36
823 186
824 147
825 139
826 146
827 139
828 136
829 129
830 137
831 107
832 100
833 128
834 75
835 139
836 101
837 106
838 142
839 166
840 96
841 157
842 152
843 105
844 135
845 133
846 81
847 113
848 155
849 116
850 124
851 128
852 94
853 144
854 106
855 124
856 55
857 116
858 140
859 138
860 121
861 129
862 120
863 121
864 120
865 122
866 177
867 112
868 79
869 164
870 120
871 151
872 228
873 119
874 147
875 136
876 138
877 118
878 165
879 108
880 110
881 110
882 103
883 111
884 121
885 143
886 138
887 131
888 83
889 147
890 168
891 124
892 79
893 101
894 152
895 134
896 99
897 120
898 148
899 111
900 143
901 117
902 130
903 134
904 156
905 140
906 131
907 138
908 127
909 116
910 142
911 126
912 155
913 113
914 138
915 92
916 146
917 128
918 117
919 110
920 166
921 151
922 128
923 107
924 144
925 139
926 137
927 132
928 115
929 124
930 155
931 117
932 97
933 132
934 136
935 121
936 152
937 124
938 107
939 98
940 137
941 136
942 132
943 130
944 142
945 148
946 103
947 126
948 112
949 162
950 106
951 129
952 138
953 106
954 127
955 141
956 140
957 171
958 131
959 130
960 162
961 132
962 108
963 152
964 170
965 121
966 169
967 112
968 122
969 133
970 137
971 115
972 141
973 46
974 95
975 132
976 139
977 130
978 116
979 175
980 118
981 126
982 122
983 130
984 105
985 156
986 139
987 163
988 132
989 127
990 108
991 159
992 140
993 106
994 86
995 133
996 131
997 151
998 150
999 102
1000 101
1001 113
1002 121
1003 114
1004 135
1005 119
1006 161
1007 105
1008 129
1009 131
1010 73
1011 140
1012 118
1013 120
1014 151
1015 86
1016 121
1017 96
1018 125
1019 111
1020 112
1021 143
1022 174
1023 119
1024 122
1025 108
1026 84
1027 124
1028 146
1029 130
1030 119
1031 157
1032 97
1033 128
1034 139
1035 191
1036 157
1037 188
1038 72
1039 135
1040 134
1041 124
1042 126
1043 139
1044 99
1045 82
1046 119
1047 100
1048 123
1049 154
1050 131
1051 114
1052 151
1053 158
1054 141
1055 70
1056 134
1057 138
1058 117
1059 135
1060 58
1061 139
1062 129
1063 110
1064 114
1065 95
1066 131
1067 118
1068 129
1069 106
1070 145
1071 120
1072 129
1073 149
1074 97
1075 110
1076 132
1077 126
1078 146
1079 140
1080 135
1081 110
1082 127
1083 113
1084 88
1085 138
1086 137
1087 126
1088 139
1089 157
1090 146
1091 74
1092 142
1093 73
1094 99
1095 157
1096 0
1097 133
1098 80
1099 100
1100 110
1101 165
1102 146
1103 101
1104 127
1105 124
1106 182
1107 107
1108 137
1109 165
1110 156
1111 112
1112 141
1113 99
1114 126
1115 73
1116 160
1117 158
1118 170
1119 108
1120 97
1121 113
1122 127
1123 132
1124 133
1125 130
1126 146
1127 99
1128 130
1129 136
1130 189
1131 154
1132 175
1133 113
1134 133
1135 141
1136 118
1137 156
1138 143
1139 112
1140 102
1141 121
1142 108
1143 131
1144 134
1145 82
1146 124
1147 138
1148 152
1149 147
1150 147
1151 133
1152 128
1153 127
1154 127
1155 139
1156 121
1157 162
1158 111
1159 149
1160 161
1161 122
1162 145
1163 157
1164 154
1165 125
1166 119
1167 81
1168 158
1169 137
1170 149
1171 128
1172 219
1173 104
1174 117
1175 154
1176 53
1177 162
1178 137
1179 110
1180 140
1181 155
1182 164
1183 98
1184 135
1185 152
1186 184
1187 155
1188 152
1189 152
1190 104
1191 125
1192 120
1193 111
1194 149
1195 117
1196 151
1197 107
1198 98
1199 152
1200 88
1201 117
1202 182
1203 124
1204 179
1205 109
1206 137
1207 119
1208 145
1209 101
1210 131
1211 117
1212 117
1213 142
1214 156
1215 129
1216 130
1217 144
1218 75
1219 165
1220 101
1221 125
1222 133
1223 97
1224 157
1225 139
1226 185
1227 65
1228 147
1229 67
1230 111
1231 152
1232 124
1233 113
1234 73
1235 159
1236 133
1237 164
1238 185
1239 168
1240 88
1241 148
1242 135
1243 160
1244 162
1245 109
1246 158
1247 105
1248 140
1249 117
1250 121
1251 109
1252 134
1253 83
1254 155
1255 146
1256 123
1257 116
1258 148
1259 139
1260 157
1261 140
1262 139
1263 135
1264 157
1265 135
1266 95
1267 134
1268 110
1269 139
1270 98
1271 112
1272 126
1273 138
1274 118
1275 135
1276 156
1277 96
1278 120
1279 172
1280 102
1281 140
1282 155
1283 145
1284 116
1285 116
1286 144
1287 105
1288 139
1289 119
1290 134
1291 152
1292 156
1293 147
1294 133
1295 132
1296 111
1297 123
1298 112
1299 132
1300 139
1301 121
1302 137
1303 152
1304 147
1305 104
1306 164
1307 119
1308 184
1309 123
1310 179
1311 198
1312 157
1313 135
1314 141
1315 107
1316 121
1317 130
1318 102
1319 150
1320 132
1321 158
1322 90
1323 139
1324 125
1325 109
1326 85
1327 95
1328 142
1329 130
1330 123
1331 146
1332 112
1333 89
1334 154
1335 136
1336 96
1337 92
1338 103
1339 156
1340 115
1341 158
1342 127
1343 202
1344 136
1345 152
1346 107
1347 137
1348 141
1349 143
1350 148
1351 114
1352 85
1353 106
1354 127
1355 149
1356 116
1357 120
1358 118
1359 90
1360 115
1361 159
1362 175
1363 155
1364 138
1365 141
1366 124
1367 87
1368 132
1369 129
1370 147
1371 117
1372 107
1373 126
1374 116
1375 154
1376 127
1377 158
1378 101
1379 130
1380 137
1381 161
1382 144
1383 138
1384 139
1385 134
1386 137
1387 169
1388 178
1389 138
1390 124
1391 120
1392 122
1393 158
1394 108
1395 119
1396 65
1397 103
1398 133
1399 162
1400 76
1401 96
1402 96
1403 137
1404 108
1405 95
1406 115
1407 96
1408 178
1409 110
1410 98
1411 96
1412 149
1413 144
1414 70
1415 55
1416 125
1417 156
1418 133
1419 117
1420 139
1421 113
1422 103
1423 113
1424 118
1425 91
1426 117
1427 124
1428 153
1429 95
1430 0
1431 68
1432 145
1433 120
1434 139
1435 143
1436 173
1437 81
1438 121
1439 106
1440 198
1441 127
1442 140
1443 111
1444 115
1445 147
1446 208
1447 139
1448 108
1449 177
1450 111
1451 120
1452 132
1453 137
1454 133
1455 102
1456 112
1457 89
1458 155
1459 109
1460 120
1461 155
1462 148
1463 114
1464 119
1465 127
1466 124
1467 99
1468 97
1469 154
1470 105
1471 133
1472 64
1473 140
1474 124
1475 127
1476 97
1477 119
1478 122
1479 123
1480 147
1481 109
1482 92
1483 143
1484 186
1485 131
1486 112
1487 120
1488 136
1489 143
1490 101
1491 84
1492 95
1493 180
1494 113
1495 115
1496 139
1497 114
1498 137
1499 150
1500 147
1501 131
1502 128
1503 141
1504 118
1505 177
1506 136
1507 111
1508 144
1509 139
1510 116
1511 130
1512 122
1513 176
1514 113
1515 80
1516 144
1517 108
1518 118
1519 134
1520 139
1521 104
1522 116
1523 153
1524 175
1525 117
1526 137
1527 104
1528 135
1529 153
1530 182
1531 114
1532 97
1533 154
1534 154
1535 115
1536 116
1537 190
1538 123
1539 186
1540 144
1541 125
1542 119
1543 113
1544 120
1545 147
1546 148
1547 115
1548 127
1549 141
1550 144
1551 107
1552 125
1553 92
1554 196
1555 142
1556 145
1557 137
1558 127
1559 140
1560 168
1561 140
1562 115
1563 109
1564 123
1565 95
1566 136
1567 162
1568 129
1569 123
1570 133
1571 158
1572 138
1573 170
1574 110
1575 131
1576 86
1577 137
1578 140
1579 162
1580 149
1581 123
1582 133
1583 131
1584 159
1585 141
1586 138
1587 95
1588 121
1589 132
1590 122
1591 126
1592 111
1593 115
1594 129
1595 111
1596 129
1597 121
1598 121
1599 77
1600 129
1601 147
1602 104
1603 133
1604 113
1605 75
1606 145
1607 113
1608 126
1609 132
1610 109
1611 126
1612 101
1613 91
1614 157
1615 153
1616 125
1617 118
1618 133
1619 112
1620 129
1621 122
1622 115
1623 110
1624 176
1625 106
1626 135
1627 127
1628 125
1629 136
1630 119
1631 98
1632 106
1633 130
1634 133
1635 127
1636 114
1637 101
1638 182
1639 139
1640 160
1641 112
1642 144
1643 165
1644 107
1645 139
1646 185
1647 141
1648 119
1649 101
1650 120
1651 136
1652 192
1653 109
1654 147
1655 135
1656 85
1657 133
1658 129
1659 139
1660 159
1661 132
1662 141
1663 154
1664 146
1665 105
1666 114
1667 101
1668 128
1669 129
1670 111
1671 139
1672 107
1673 137
1674 124
1675 141
1676 103
1677 143
1678 126
1679 115
1680 119
1681 121
1682 137
1683 100
1684 84
1685 136
1686 113
1687 118
1688 128
1689 119
1690 95
1691 90
1692 118
1693 160
1694 109
1695 130
1696 123
1697 138
1698 121
1699 125
1700 123
1701 143
1702 102
1703 115
1704 111
1705 168
1706 127
1707 131
1708 123
1709 117
1710 105
1711 98
1712 131
1713 89
1714 151
1715 97
1716 128
1717 129
1718 146
1719 162
1720 133
1721 142
1722 124
1723 164
1724 162
1725 110
1726 87
1727 147
1728 174
1729 96
1730 92
1731 117
1732 123
1733 108
1734 130
1735 134
1736 175
1737 91
1738 155
1739 143
1740 144
1741 33
1742 150
1743 166
1744 137
1745 123
1746 78
1747 145
1748 101
1749 154
1750 125
1751 104
1752 136
1753 135
1754 131
1755 94
1756 120
1757 159
1758 129
1759 124
1760 116
1761 127
1762 110
1763 72
1764 169
1765 109
1766 115
1767 112
1768 170
1769 138
1770 157
1771 113
1772 112
1773 141
1774 107
1775 130
1776 107
1777 102
1778 128
1779 152
1780 125
1781 147
1782 108
1783 138
1784 83
1785 123
1786 156
1787 121
1788 146
1789 113
1790 106
1791 115
1792 129
1793 100
1794 145
1795 82
1796 107
1797 123
1798 123
1799 135
1800 143
1801 118
1802 104
1803 116
1804 149
1805 126
1806 149
1807 158
1808 211
1809 171
1810 91
1811 132
1812 123
1813 117
1814 137
1815 142
1816 132
1817 133
1818 137
1819 135
1820 153
1821 143
1822 160
1823 131
1824 133
1825 92
1826 123
1827 137
1828 127
1829 126
1830 136
1831 114
1832 167
1833 125
1834 143
1835 115
1836 145
1837 111
1838 146
1839 155
1840 102
1841 119
1842 136
1843 122
1844 126
1845 124
1846 86
1847 94
1848 115
1849 138
1850 128
1851 140
1852 151
1853 143
1854 129
1855 104
1856 165
1857 106
1858 177
1859 98
1860 161
1861 120
1862 95
1863 133
1864 93
1865 147
1866 154
1867 96
1868 150
1869 80
1870 112
1871 105
1872 163
1873 130
1874 154
1875 123
1876 93
1877 149
1878 85
1879 123
1880 145
1881 145
1882 104
1883 213
1884 72
1885 112
1886 78
1887 111
1888 110
1889 120
1890 124
1891 164
1892 109
1893 122
1894 114
1895 128
1896 151
1897 135
1898 91
1899 113
1900 106
1901 99
1902 123
1903 175
1904 151
1905 130
1906 133
1907 120
1908 113
1909 96
1910 139
1911 113
1912 130
1913 100
1914 109
1915 133
1916 170
1917 129
1918 177
1919 132
1920 114
1921 91
1922 153
1923 66
1924 107
1925 149
1926 156
1927 194
1928 62
1929 83
1930 119
1931 171
1932 108
1933 87
1934 115
1935 131
1936 140
1937 130
1938 71
1939 98
1940 142
1941 154
1942 116
1943 145
1944 114
1945 167
1946 128
1947 145
1948 132
1949 144
1950 128
1951 127
1952 187
1953 111
1954 134
1955 141
1956 128
1957 87
1958 147
1959 124
1960 149
1961 123
1962 104
1963 126
1964 131
1965 139
1966 142
1967 74
1968 125
1969 127
1970 113
1971 104
1972 0
1973 144
1974 137
1975 132
1976 73
1977 111
1978 106
1979 111
1980 106
1981 143
1982 120
1983 109
1984 175
1985 107
1986 150
1987 128
1988 127
1989 155
1990 115
1991 156
1992 172
1993 113
1994 165
1995 159
1996 173
1997 77
1998 109
1999 103
2000 115
2001 56
2002 137
2003 101
2004 115
2005 124
2006 132
2007 127
2008 119
2009 134
2010 105
2011 168
2012 117
2013 160
2014 101
2015 126
2016 144
2017 151
2018 154
2019 166
2020 101
2021 149
2022 122
2023 119
2024 104
2025 135
2026 127
2027 121
2028 183
2029 112
2030 174
2031 183
2032 134
2033 140
2034 185
2035 92
2036 167
2037 137
2038 176
2039 126
2040 170
2041 150
2042 120
2043 152
2044 104
2045 123
2046 117
2047 190
2048 100
2049 160
2050 108
2051 147
2052 153
2053 140
2054 109
2055 96
2056 123
2057 123
2058 97
2059 122
2060 144
2061 123
2062 151
2063 118
2064 146
2065 111
2066 113
2067 131
2068 124
2069 129
2070 147
2071 142
2072 174
2073 132
2074 137
2075 142
2076 135
2077 150
2078 128
2079 121
2080 129
2081 147
2082 117
2083 134
2084 132
2085 116
2086 126
2087 132
2088 119
2089 147
2090 110
2091 136
2092 122
2093 187
2094 129
2095 133
2096 120
2097 126
2098 107
2099 126
2100 136
2101 130
2102 161
2103 109
2104 134
2105 116
2106 151
2107 127
2108 105
2109 126
2110 176
2111 128
2112 151
2113 144
2114 27
2115 235
2116 140
2117 136
2118 131
2119 71
2120 124
2121 144
2122 103
2123 129
2124 109
2125 115
2126 148
2127 78
2128 184
2129 112
2130 42
2131 110
2132 125
2133 109
2134 136
2135 99
2136 176
2137 127
2138 137
2139 82
2140 95
2141 118
2142 107
2143 140
2144 126
2145 107
2146 109
2147 106
2148 135
2149 96
2150 100
2151 129
2152 97
2153 146
2154 167
2155 143
2156 135
2157 123
2158 131
2159 71
2160 167
2161 167
2162 109
2163 113
2164 164
2165 153
2166 124
2167 119
2168 141
2169 125
2170 89
2171 193
2172 128
2173 161
2174 128
2175 119
2176 126
2177 138
2178 137
2179 119
2180 100
2181 128
2182 130
2183 98
2184 117
2185 123
2186 123
2187 125
2188 133
2189 144
2190 147
2191 110
2192 143
2193 129
2194 116
2195 62
2196 157
2197 173
2198 117
2199 132
2200 122
2201 68
2202 111
2203 87
2204 108
2205 167
2206 135
2207 164
2208 134
2209 140
2210 84
2211 126
2212 127
2213 126
2214 130
2215 128
2216 132
2217 143
2218 135
2219 152
2220 163
2221 106
2222 150
2223 153
2224 127
2225 148
2226 117
2227 157
2228 140
2229 108
2230 111
2231 90
2232 125
2233 127
2234 113
2235 136
2236 119
2237 129
2238 124
2239 105
2240 131
2241 157
2242 130
2243 128
2244 103
2245 110
2246 148
2247 118
2248 183
2249 52
2250 128
2251 65
2252 176
2253 122
2254 149
2255 125
2256 131
2257 118
2258 118
2259 138
2260 98
2261 71
2262 144
2263 110
2264 58
2265 157
2266 79
2267 123
2268 112
2269 130
2270 141
2271 105
2272 70
2273 149
2274 111
2275 101
2276 139
2277 125
2278 114
2279 114
2280 100
2281 97
2282 133
2283 107
2284 102
2285 106
2286 164
2287 179
2288 139
2289 56
2290 176
2291 154
2292 126
2293 115
2294 157
2295 155
2296 132
2297 121
2298 117
2299 164
2300 129
2301 144
2302 136
2303 110
2304 167
2305 76
2306 179
2307 117
2308 52
2309 86
2310 94
2311 108
2312 121
2313 182
2314 111
2315 135
2316 139
2317 134
2318 159
2319 147
2320 123
2321 109
2322 136
2323 166
2324 95
2325 145
2326 150
2327 105
2328 163
2329 95
2330 131
2331 148
2332 86
2333 164
2334 162
2335 185
2336 107
2337 87
2338 82
2339 146
2340 176
2341 109
2342 168
2343 120
2344 176
2345 40
2346 115
2347 129
2348 104
2349 173
2350 121
2351 135
2352 149
2353 110
2354 139
2355 144
2356 87
2357 123
2358 172
2359 112
2360 124
2361 138
2362 168
2363 125
2364 145
2365 110
2366 131
2367 119
2368 133
2369 165
2370 165
2371 127
2372 113
2373 114
2374 123
2375 120
2376 76
2377 123
2378 129
2379 100
2380 121
2381 122
2382 135
2383 112
2384 41
2385 142
2386 136
2387 156
2388 149
2389 147
2390 131
2391 129
2392 130
2393 134
2394 189
2395 109
2396 138
2397 125
2398 136
2399 95
2400 72
2401 103
2402 115
2403 132
2404 93
2405 142
2406 128
2407 119
2408 127
2409 131
2410 112
2411 125
2412 124
2413 113
2414 129
2415 134
2416 139
2417 154
2418 138
2419 159
2420 131
2421 118
2422 117
2423 154
2424 119
2425 112
2426 105
2427 136
2428 136
2429 135
2430 170
2431 129
2432 98
2433 213
2434 125
2435 138
2436 141
2437 90
2438 180
2439 98
2440 101
2441 104
2442 101
2443 124
2444 148
2445 92
2446 120
2447 85
2448 90
2449 104
2450 106
2451 97
2452 138
2453 130
2454 134
2455 116
2456 136
2457 133
2458 195
2459 148
2460 75
2461 158
2462 117
2463 108
2464 125
2465 134
2466 87
2467 74
2468 134
2469 99
2470 89
2471 157
2472 147
2473 86
2474 145
2475 172
2476 120
2477 193
2478 109
2479 146
2480 116
2481 181
2482 169
2483 122
2484 131
2485 134
2486 151
2487 160
2488 127
2489 108
2490 140
2491 138
2492 69
2493 115
2494 44
2495 72
2496 110
2497 97
2498 108
2499 189
2500 119
2501 152
2502 141
2503 109
2504 107
2505 119
2506 60
2507 146
2508 124
2509 151
2510 129
2511 93
2512 137
2513 110
2514 149
2515 128
2516 117
2517 142
2518 142
2519 132
2520 133
2521 111
2522 96
2523 101
2524 127
2525 105
2526 176
2527 152
2528 145
2529 139
2530 145
2531 142
2532 148
2533 146
2534 123
2535 96
2536 139
2537 142
2538 142
2539 106
2540 117
2541 153
2542 151
2543 81
2544 160
2545 141
2546 143
2547 54
2548 84
2549 81
2550 108
2551 113
2552 132
2553 99
2554 132
2555 133
2556 119
2557 135
2558 141
2559 142
2560 128
2561 121
2562 100
2563 113
2564 123
2565 132
2566 131
2567 116
2568 148
2569 132
2570 113
2571 113
2572 158
2573 132
2574 125
2575 115
2576 146
2577 60
2578 127
2579 125
2580 108
2581 162
2582 136
2583 114
2584 103
2585 159
2586 117
2587 113
2588 143
2589 124
2590 143
2591 123
2592 157
2593 132
2594 143
2595 147
2596 102
2597 77
2598 141
2599 146
2600 154
2601 102
2602 128
2603 146
2604 87
2605 139
2606 113
2607 163
2608 122
2609 130
2610 139
2611 145
2612 126
2613 135
2614 114
2615 135
2616 158
2617 111
2618 143
2619 107
2620 104
2621 132
2622 137
2623 115
2624 123
2625 118
2626 126
2627 39
2628 149
2629 145
2630 163
2631 157
2632 110
2633 146
2634 97
2635 144
2636 171
2637 134
2638 153
2639 104
2640 171
2641 103
2642 105
2643 142
2644 160
2645 111
2646 100
2647 118
2648 128
2649 142
2650 103
2651 126
2652 109
2653 69
2654 75
2655 138
2656 126
2657 140
2658 157
2659 111
2660 149
2661 144
2662 134
2663 145
2664 178
2665 128
2666 153
2667 136
2668 132
2669 149
2670 123
2671 156
2672 117
2673 124
2674 158
2675 98
2676 66
2677 158
2678 126
2679 158
2680 114
2681 105
2682 110
2683 148
2684 151
2685 90
2686 116
2687 141
2688 123
2689 143
2690 121
2691 105
2692 158
2693 146
2694 144
2695 112
2696 161
2697 139
2698 155
2699 159
2700 106
2701 123
2702 168
2703 126
2704 157
2705 146
2706 100
2707 122
2708 95
2709 112
2710 141
2711 125
2712 102
2713 172
2714 160
2715 147
2716 132
2717 118
2718 126
2719 145
2720 121
2721 119
2722 115
2723 153
2724 112
2725 74
2726 126
2727 140
2728 108
2729 135
2730 123
2731 128
2732 132
2733 140
2734 180
2735 172
2736 114
2737 122
2738 113
2739 109
2740 131
2741 141
2742 126
2743 134
2744 95
2745 159
2746 58
2747 156
2748 70
2749 127
2750 146
2751 128
2752 138
2753 139
2754 131
2755 141
2756 147
2757 139
2758 153
2759 119
2760 154
2761 117
2762 165
2763 134
2764 130
2765 110
2766 170
2767 154
2768 147
2769 151
2770 136
2771 145
2772 113
2773 117
2774 146
2775 132
2776 138
2777 151
2778 118
2779 92
2780 102
2781 156
2782 114
2783 123
2784 150
2785 162
2786 133
2787 76
2788 122
2789 118
2790 100
2791 186
2792 165
2793 79
2794 120
2795 122
2796 149
2797 127
2798 71
2799 134
2800 135
2801 82
2802 90
2803 132
2804 133
2805 87
2806 158
2807 118
2808 128
2809 124
2810 94
2811 140
2812 135
2813 177
2814 158
2815 158
2816 92
2817 89
2818 164
2819 122
2820 139
2821 192
2822 116
2823 121
2824 80
2825 113
2826 127
2827 149
2828 116
2829 102
2830 116
2831 110
2832 81
2833 183
2834 146
2835 132
2836 143
2837 99
2838 116
2839 98
2840 137
2841 109
2842 133
2843 111
2844 207
2845 143
2846 113
2847 169
2848 107
2849 156
2850 95
2851 110
2852 79
2853 126
2854 126
2855 130
2856 106
2857 132
2858 149
2859 133
2860 125
2861 151
2862 124
2863 133
2864 104
2865 126
2866 137
2867 157
2868 98
2869 120
2870 133
2871 133
2872 105
2873 108
2874 148
2875 130
2876 157
2877 164
2878 130
2879 107
2880 154
2881 155
2882 152
2883 128
2884 104
2885 144
2886 90
2887 145
2888 174
2889 149
2890 124
2891 159
2892 78
2893 113
2894 89
2895 118
2896 153
2897 153
2898 121
2899 122
2900 142
2901 197
2902 135
2903 120
2904 126
2905 135
2906 159
2907 113
2908 125
2909 159
2910 162
2911 172
2912 114
2913 124
2914 143
2915 184
2916 118
2917 139
2918 146
2919 125
2920 99
2921 142
2922 122
2923 153
2924 103
2925 135
2926 50
2927 106
2928 110
2929 97
2930 144
2931 150
2932 102
2933 102
2934 155
2935 129
2936 139
2937 173
2938 119
2939 137
2940 130
2941 122
2942 112
2943 90
2944 127
2945 145
2946 52
2947 152
2948 172
2949 157
2950 118
2951 102
2952 143
2953 121
2954 98
2955 109
2956 111
2957 141
2958 129
2959 149
2960 126
2961 127
2962 90
2963 136
2964 88
2965 112
2966 135
2967 119
2968 123
2969 128
2970 111
2971 105
2972 137
2973 127
2974 138
2975 127
2976 119
2977 146
2978 96
2979 126
2980 141
2981 168
2982 138
2983 164
2984 114
2985 132
2986 144
2987 125
2988 177
2989 170
2990 156
2991 105
2992 126
2993 149
2994 119
2995 122
2996 169
2997 120
2998 140
2999 116
3000 131
3001 166
3002 116
3003 133
3004 138
3005 121
3006 114
3007 160
3008 217
3009 155
3010 135
3011 131
3012 166
3013 123
3014 161
3015 106
3016 160
3017 126
3018 133
3019 125
3020 101
3021 153
3022 87
3023 138
3024 182
3025 67
3026 120
3027 104
3028 59
3029 148
3030 165
3031 139
3032 155
3033 145
3034 106
3035 140
3036 126
3037 149
3038 77
3039 148
3040 140
3041 106
3042 106
3043 148
3044 101
3045 85
3046 122
3047 112
3048 130
3049 133
3050 124
3051 104
3052 90
3053 110
3054 190
3055 121
3056 170
3057 151
3058 129
3059 145
3060 154
3061 155
3062 87
3063 108
3064 167
3065 137
3066 142
3067 114
3068 170
3069 181
3070 122
3071 158
3072 222
3073 175
3074 143
3075 94
3076 145
3077 108
3078 135
3079 82
3080 159
3081 102
3082 131
3083 132
3084 141
3085 164
3086 96
3087 80
3088 108
3089 105
3090 147
3091 147
3092 138
3093 151
3094 123
3095 130
3096 103
3097 121
3098 124
3099 118
3100 156
3101 135
3102 116
3103 130
3104 172
3105 163
3106 125
3107 128
3108 94
3109 135
3110 115
3111 164
3112 109
3113 128
3114 98
3115 117
3116 128
3117 80
3118 134
3119 90
3120 124
3121 97
3122 149
3123 175
3124 157
3125 143
3126 131
3127 125
3128 91
3129 160
3130 96
3131 136
3132 193
3133 137
3134 140
3135 116
3136 146
3137 125
3138 165
3139 135
3140 121
3141 131
3142 121
3143 136
3144 101
3145 114
3146 99
3147 149
3148 58
3149 121
3150 103
3151 99
3152 106
3153 151
3154 155
3155 98
3156 76
3157 151
3158 61
3159 154
3160 153
3161 113
3162 128
3163 102
3164 121
3165 131
3166 162
3167 151
3168 123
3169 121
3170 109
3171 125
3172 148
3173 128
3174 139
3175 142
3176 142
3177 120
3178 137
3179 119
3180 116
3181 184
3182 71
3183 131
3184 125
3185 118
3186 93
3187 90
3188 89
3189 144
3190 110
3191 89
3192 80
3193 136
3194 122
3195 143
3196 120
3197 134
3198 208
3199 131
3200 110
3201 162
3202 152
3203 98
3204 127
3205 122
3206 159
3207 232
3208 146
3209 82
3210 125
3211 144
3212 159
3213 147
3214 124
3215 103
3216 132
3217 137
3218 152
3219 115
3220 119
3221 154
3222 164
3223 138
3224 175
3225 141
3226 181
3227 152
3228 160
3229 144
3230 103
3231 142
3232 129
3233 145
3234 123
3235 133
3236 156
3237 121
3238 113
3239 138
3240 153
3241 155
3242 91
3243 136
3244 133
3245 119
3246 132
3247 131
3248 128
3249 137
3250 179
3251 135
3252 135
3253 145
3254 136
3255 135
3256 157
3257 115
3258 155
3259 149
3260 150
3261 114
3262 122
3263 167
3264 125
3265 113
3266 131
3267 107
3268 162
3269 99
3270 98
3271 127
3272 85
3273 146
3274 171
3275 146
3276 142
3277 102
3278 118
3279 153
3280 156
3281 146
3282 111
3283 108
3284 137
3285 108
3286 154
3287 113
3288 132
3289 151
3290 94
3291 130
3292 139
3293 180
3294 161
3295 105
3296 144
3297 167
3298 109
3299 105
3300 163
3301 125
3302 121
3303 147
3304 129
3305 118
3306 154
3307 99
3308 96
3309 144
3310 151
3311 108
3312 184
3313 167
3314 129
3315 112
3316 0
3317 174
3318 136
3319 133
3320 129
3321 120
3322 139
3323 94
3324 142
3325 110
3326 148
3327 111
3328 109
3329 150
3330 129
3331 123
3332 98
3333 131
3334 157
3335 125
3336 63
3337 95
3338 145
3339 155
3340 179
3341 103
3342 111
3343 70
3344 141
3345 158
3346 118
3347 157
3348 87
3349 85
3350 144
3351 129
3352 114
3353 120
3354 127
3355 162
3356 133
3357 100
3358 122
3359 104
3360 100
3361 154
3362 148
3363 97
3364 156
3365 137
3366 75
3367 138
3368 160
3369 74
3370 157
3371 57
3372 204
3373 129
3374 119
3375 133
3376 139
3377 129
3378 125
3379 142
3380 114
3381 121
3382 143
3383 103
3384 123
3385 124
3386 112
3387 141
3388 127
3389 143
3390 110
3391 43
3392 164
3393 121
3394 136
3395 105
3396 131
3397 139
3398 119
3399 119
3400 157
3401 135
3402 75
3403 126
3404 177
3405 115
3406 99
3407 145
3408 133
3409 133
3410 112
3411 120
3412 148
3413 117
3414 153
3415 57
3416 125
3417 87
3418 129
3419 116
3420 168
3421 118
3422 107
3423 132
3424 140
3425 133
3426 113
3427 60
3428 100
3429 100
3430 141
3431 131
3432 133
3433 121
3434 112
3435 165
3436 157
3437 133
3438 147
3439 119
3440 113
3441 149
3442 122
3443 170
3444 165
3445 127
3446 120
3447 112
3448 134
3449 126
3450 140
3451 141
3452 118
3453 155
3454 113
3455 152
3456 104
3457 94
3458 122
3459 93
3460 135
3461 135
3462 132
3463 150
3464 106
3465 113
3466 118
3467 170
3468 133
3469 132
3470 87
3471 126
3472 157
3473 138
3474 123
3475 163
3476 135
3477 113
3478 103
3479 141
3480 139
3481 167
3482 139
3483 157
3484 119
3485 109
3486 166
3487 99
3488 160
3489 108
3490 156
3491 101
3492 117
3493 115
3494 137
3495 104
3496 120
3497 106
3498 150
3499 164
3500 109
3501 96
3502 57
3503 132
3504 176
3505 97
3506 114
3507 149
3508 141
3509 127
3510 68
3511 134
3512 119
3513 157
3514 186
3515 127
3516 119
3517 114
3518 230
3519 141
3520 101
3521 184
3522 136
3523 134
3524 121
3525 138
3526 136
3527 144
3528 135
3529 145
3530 147
3531 127
3532 115
3533 127
3534 81
3535 137
3536 151
3537 133
3538 151
3539 122
3540 123
3541 117
3542 129
3543 100
3544 176
3545 102
3546 153
3547 154
3548 119
3549 141
3550 139
3551 107
3552 120
3553 169
3554 97
3555 117
3556 137
3557 145
3558 118
3559 196
3560 107
3561 136
3562 147
3563 171
3564 121
3565 137
3566 125
3567 121
3568 189
3569 138
3570 161
3571 149
3572 136
3573 141
3574 141
3575 129
3576 145
3577 171
3578 124
3579 137
3580 139
3581 118
3582 211
3583 110
3584 128
3585 103
3586 120
3587 139
3588 141
3589 89
3590 150
3591 121
3592 110
3593 176
3594 151
3595 138
3596 131
3597 96
3598 184
3599 148
3600 102
3601 138
3602 117
3603 140
3604 122
3605 105
3606 127
3607 138
3608 141
3609 165
3610 107
3611 80
3612 112
3613 136
3614 150
3615 101
3616 159
3617 153
3618 84
3619 124
3620 134
3621 107
3622 114
3623 134
3624 86
3625 93
3626 132
3627 106
3628 145
3629 130
3630 122
3631 131
3632 104
3633 150
3634 129
3635 155
3636 132
3637 134
3638 106
3639 114
3640 85
3641 128
3642 150
3643 128
3644 102
3645 109
3646 136
3647 153
3648 129
3649 168
3650 121
3651 126
3652 127
3653 123
3654 166
3655 128
3656 127
3657 90
3658 149
3659 153
3660 97
3661 172
3662 99
3663 121
3664 156
3665 123
3666 135
3667 106
3668 108
3669 146
3670 121
3671 148
3672 173
3673 124
3674 144
3675 122
3676 131
3677 142
3678 204
3679 131
3680 117
3681 118
3682 135
3683 89
3684 89
3685 110
3686 145
3687 152
3688 142
3689 249
3690 111
3691 134
3692 154
3693 126
3694 139
3695 110
3696 106
3697 104
3698 132
3699 120
3700 148
3701 145
3702 132
3703 141
3704 124
3705 128
3706 149
3707 102
3708 143
3709 132
3710 105
3711 153
3712 112
3713 147
3714 152
3715 147
3716 150
3717 126
3718 147
3719 84
3720 72
3721 126
3722 174
3723 165
3724 148
3725 157
3726 151
3727 142
3728 116
3729 135
3730 101
3731 125
3732 128
3733 106
3734 137
3735 157
3736 99
3737 103
3738 112
3739 114
3740 95
3741 123
3742 95
3743 122
3744 119
3745 136
3746 107
3747 112
3748 105
3749 139
3750 40
3751 143
3752 170
3753 118
3754 134
3755 138
3756 114
3757 153
3758 155
3759 68
3760 128
3761 127
3762 69
3763 144
3764 135
3765 76
3766 90
3767 110
3768 136
3769 162
3770 165
3771 84
3772 122
3773 108
3774 101
3775 129
3776 166
3777 125
3778 96
3779 136
3780 117
3781 133
3782 121
3783 97
3784 159
3785 183
3786 162
3787 114
3788 139
3789 142
3790 114
3791 129
3792 125
3793 133
3794 144
3795 131
3796 152
3797 111
3798 118
3799 97
