Vertices: 2900
Edges: 20300
Time: 1,034 ms
Iterations: 20289
Vertex Distance
0 0
1 143
2 148
3 110
4 133
5 146
6 103
7 127
8 106
9 113
10 119
11 133
12 130
13 147
14 120
15 152
16 99
17 135
18 117
19 174
20 137
21 173
22 111
23 123
24 127
25 136
26 146
27 72
28 131
29 90
30 120
31 121
32 144
33 105
34 92
35 129
36 109
37 97
38 176
39 127
40 128
41 95
42 132
43 125
44 123
45 160
46 100
47 157
48 62
49 130
50 118
51 83
52 106
53 101
54 131
55 60
56 154
57 98
58 106
59 124
60 96
61 88
62 86
63 128
64 88
65 126
66 189
67 103
68 131
69 127
70 103
71 135
72 111
73 119
74 121
75 52
76 137
77 115
78 169
79 117
80 135
81 156
82 113
83 125
84 112
85 129
86 114
87 141
88 76
89 101
90 109
91 96
92 92
93 153
94 129
95 116
96 162
97 249
98 127
99 89
100 149
101 111
102 137
103 108
104 72
105 83
106 123
107 114
108 103
109 110
110 137
111 139
112 127
113 125
114 90
115 136
116 80
117 139
118 117
119 130
120 94
121 129
122 94
123 117
124 139
125 118
126 84
127 91
128 124
129 120
130 67
131 86
132 134
133 144
134 85
135 108
136 160
137 90
138 60
139 109
140 119
141 131
142 139
143 117
144 105
145 105
146 109
147 151
148 159
149 154
150 118
151 101
152 125
153 141
154 94
155 117
156 121
157 102
158 138
159 142
160 186
161 105
162 119
163 99
164 108
165 144
166 104
167 148
168 122
169 150
170 181
171 161
172 168
173 172
174 154
175 135
176 143
177 138
178 107
179 105
180 65
181 97
182 99
183 80
184 110
185 129
186 97
187 128
188 64
189 125
190 132
191 102
192 140
193 66
194 146
195 90
196 119
197 145
198 95
199 157
200 137
201 156
202 107
203 158
204 130
205 93
206 122
207 89
208 78
209 130
210 132
211 164
212 137
213 107
214 123
215 135
216 113
217 72
218 118
219 112
220 130
221 137
222 152
223 238
224 90
225 129
226 100
227 34
228 119
229 135
230 82
231 159
232 124
233 136
234 112
235 160
236 127
237 125
238 96
239 124
240 115
241 128
242 154
243 127
244 133
245 167
246 60
247 122
248 106
249 95
250 133
251 132
252 128
253 108
254 133
255 103
256 97
257 111
258 124
259 145
260 142
261 112
262 83
263 110
264 70
265 93
266 101
267 33
268 117
269 135
270 116
271 127
272 101
273 72
274 129
275 120
276 83
277 93
278 77
279 152
280 141
281 119
282 143
283 130
284 151
285 134
286 161
287 89
288 135
289 119
290 103
291 122
292 126
293 161
294 129
295 131
296 98
297 152
298 108
299 112
300 75
301 136
302 120
303 82
304 170
305 83
306 103
307 98
308 127
309 96
310 147
311 105
312 132
313 107
314 143
315 127
316 84
317 117
318 99
319 142
320 128
321 112
322 126
323 128
324 155
325 97
326 100
327 116
328 103
329 114
330 115
331 107
332 114
333 118
334 116
335 170
336 145
337 132
338 116
339 55
340 99
341 134
342 115
343 165
344 117
345 88
346 79
347 97
348 100
349 155
350 124
351 82
352 119
353 109
354 102
355 76
356 134
357 92
358 98
359 137
360 107
361 119
362 120
363 96
364 128
365 113
366 105
367 147
368 110
369 107
370 110
371 112
372 117
373 116
374 122
375 116
376 83
377 182
378 104
379 99
380 135
381 80
382 104
383 71
384 96
385 118
386 121
387 105
388 157
389 116
390 133
391 132
392 96
393 101
394 113
395 93
396 123
397 150
398 109
399 149
400 122
401 110
402 113
403 105
404 118
405 116
406 183
407 121
408 121
409 106
410 123
411 147
412 98
413 122
414 62
415 98
416 116
417 109
418 139
419 91
420 144
421 111
422 128
423 123
424 76
425 159
426 87
427 73
428 112
429 116
430 87
431 139
432 86
433 95
434 126
435 144
436 138
437 117
438 81
439 91
440 91
441 136
442 102
443 99
444 78
445 105
446 116
447 150
448 106
449 125
450 139
451 100
452 94
453 130
454 134
455 131
456 128
457 142
458 103
459 140
460 130
461 90
462 158
463 119
464 111
465 135
466 120
467 99
468 94
469 156
470 111
471 93
472 161
473 146
474 111
475 112
476 118
477 62
478 125
479 106
480 118
481 95
482 115
483 97
484 113
485 118
486 140
487 116
488 108
489 140
490 105
491 119
492 141
493 101
494 128
495 154
496 122
497 106
498 128
499 120
500 97
501 126
502 152
503 125
504 103
505 99
506 108
507 115
508 90
509 123
510 99
511 145
512 97
513 111
514 113
515 123
516 124
517 132
518 106
519 93
520 96
521 131
522 112
523 136
524 127
525 35
526 130
527 106
528 169
529 117
530 131
531 159
532 100
533 108
534 101
535 131
536 126
537 139
538 114
539 101
540 47
541 113
542 138
543 110
544 65
545 107
546 110
547 127
548 76
549 113
550 115
551 120
552 91
553 126
554 95
555 150
556 124
557 113
558 131
559 93
560 75
561 131
562 101
563 104
564 84
565 106
566 151
567 109
568 117
569 96
570 97
571 150
572 135
573 89
574 148
575 148
576 128
577 149
578 163
579 124
580 107
581 99
582 140
583 118
584 150
585 115
586 108
587 111
588 112
589 78
590 114
591 91
592 85
593 101
594 71
595 104
596 128
597 95
598 101
599 105
600 94
601 93
602 179
603 110
604 146
605 131
606 142
607 99
608 124
609 114
610 84
611 143
612 134
613 96
614 104
615 120
616 112
617 115
618 114
619 83
620 115
621 145
622 207
623 147
624 82
625 134
626 135
627 121
628 103
629 86
630 139
631 144
632 126
633 124
634 126
635 103
636 134
637 124
638 131
639 73
640 135
641 112
642 109
643 151
644 100
645 107
646 105
647 220
648 105
649 158
650 139
651 33
652 95
653 107
654 114
655 79
656 137
657 125
658 87
659 104
660 40
661 114
662 164
663 72
664 130
665 173
666 134
667 106
668 115
669 126
670 120
671 107
672 79
673 136
674 141
675 137
676 84
677 114
678 110
679 140
680 102
681 111
682 91
683 79
684 110
685 112
686 138
687 92
688 131
689 128
690 141
691 101
692 97
693 67
694 133
695 121
696 85
697 97
698 109
699 108
700 121
701 121
702 132
703 128
704 107
705 104
706 108
707 126
708 117
709 122
710 93
711 123
712 135
713 133
714 147
715 140
716 131
717 118
718 121
719 89
720 136
721 123
722 161
723 124
724 107
725 116
726 172
727 146
728 101
729 124
730 121
731 117
732 119
733 108
734 45
735 147
736 121
737 58
738 116
739 101
740 100
741 123
742 99
743 145
744 125
745 107
746 95
747 190
748 132
749 93
750 136
751 137
752 98
753 116
754 139
755 149
756 123
757 114
758 132
759 96
760 146
761 128
762 107
763 122
764 92
765 138
766 108
767 163
768 128
769 119
770 127
771 111
772 130
773 134
774 76
775 71
776 105
777 129
778 139
779 99
780 141
781 96
782 129
783 174
784 113
785 128
786 124
787 159
788 111
789 21
790 88
791 103
792 104
793 85
794 126
795 112
796 132
797 84
798 96
799 118
800 130
801 110
802 95
803 121
804 146
805 91
806 86
807 135
808 188
809 154
810 133
811 118
812 154
813 97
814 76
815 79
816 112
817 121
818 127
819 143
820 116
821 147
822 138
823 127
824 129
825 119
826 114
827 124
828 108
829 26
830 103
831 58
832 133
833 119
834 126
835 113
836 100
837 120
838 133
839 153
840 133
841 87
842 119
843 123
844 112
845 107
846 135
847 84
848 82
849 58
850 111
851 159
852 97
853 101
854 103
855 149
856 108
857 110
858 115
859 128
860 111
861 85
862 85
863 119
864 116
865 150
866 130
867 92
868 149
869 98
870 169
871 114
872 132
873 149
874 120
875 136
876 125
877 122
878 87
879 82
880 100
881 73
882 134
883 117
884 88
885 73
886 108
887 134
888 140
889 66
890 143
891 136
892 76
893 111
894 59
895 101
896 105
897 137
898 138
899 125
900 123
901 58
902 146
903 96
904 105
905 127
906 120
907 109
908 122
909 128
910 98
911 157
912 107
913 156
914 91
915 105
916 164
917 167
918 122
919 179
920 89
921 116
922 112
923 129
924 116
925 114
926 146
927 69
928 125
929 161
930 141
931 125
932 142
933 175
934 130
935 158
936 109
937 58
938 148
939 97
940 83
941 139
942 108
943 63
944 88
945 138
946 121
947 112
948 127
949 89
950 74
951 141
952 104
953 136
954 154
955 152
956 109
957 80
958 116
959 124
960 166
961 93
962 113
963 105
964 85
965 130
966 127
967 109
968 118
969 122
970 142
971 108
972 129
973 103
974 143
975 167
976 143
977 190
978 125
979 107
980 75
981 97
982 134
983 111
984 138
985 165
986 49
987 122
988 137
989 154
990 105
991 117
992 94
993 106
994 139
995 116
996 47
997 137
998 110
999 109
1000 148
1001 100
1002 114
1003 106
1004 120
1005 145
1006 119
1007 174
1008 120
1009 142
1010 108
1011 103
1012 104
1013 125
1014 138
1015 97
1016 123
1017 123
1018 173
1019 122
1020 97
1021 67
1022 112
1023 100
1024 96
1025 122
1026 101
1027 138
1028 113
1029 106
1030 112
1031 114
1032 111
1033 154
1034 132
1035 57
1036 105
1037 95
1038 76
1039 112
1040 125
1041 137
1042 109
1043 118
1044 112
1045 114
1046 154
1047 89
1048 108
1049 64
1050 127
1051 143
1052 125
1053 113
1054 131
1055 106
1056 131
1057 128
1058 115
1059 188
1060 106
1061 123
1062 128
1063 91
1064 143
1065 147
1066 103
1067 103
1068 92
1069 104
1070 163
1071 113
1072 86
1073 119
1074 123
1075 71
1076 90
1077 135
1078 143
1079 136
1080 82
1081 108
1082 93
1083 135
1084 135
1085 113
1086 142
1087 160
1088 126
1089 147
1090 124
1091 135
1092 114
1093 99
1094 112
1095 129
1096 98
1097 97
1098 52
1099 103
1100 121
1101 147
1102 127
1103 98
1104 90
1105 119
1106 107
1107 89
1108 123
1109 119
1110 106
1111 130
1112 127
1113 133
1114 110
1115 149
1116 147
1117 132
1118 81
1119 82
1120 114
1121 100
1122 97
1123 135
1124 109
1125 115
1126 105
1127 144
1128 133
1129 113
1130 186
1131 121
1132 115
1133 107
1134 94
1135 83
1136 107
1137 132
1138 137
1139 61
1140 92
1141 121
1142 116
1143 132
1144 85
1145 60
1146 157
1147 128
1148 104
1149 129
1150 128
1151 108
1152 104
1153 130
1154 141
1155 127
1156 88
1157 90
1158 78
1159 114
1160 166
1161 136
1162 140
1163 140
1164 119
1165 126
1166 167
1167 97
1168 125
1169 105
1170 83
1171 119
1172 137
1173 91
1174 115
1175 127
1176 117
1177 107
1178 162
1179 132
1180 105
1181 126
1182 114
1183 158
1184 119
1185 163
1186 103
1187 124
1188 133
1189 117
1190 135
1191 126
1192 106
1193 131
1194 113
1195 114
1196 113
1197 132
1198 131
1199 156
1200 130
1201 126
1202 92
1203 134
1204 139
1205 138
1206 145
1207 96
1208 141
1209 119
1210 114
1211 126
1212 133
1213 125
1214 137
1215 122
1216 148
1217 113
1218 124
1219 86
1220 81
1221 100
1222 82
1223 103
1224 105
1225 139
1226 128
1227 106
1228 98
1229 162
1230 142
1231 123
1232 123
1233 98
1234 92
1235 106
1236 132
1237 117
1238 125
1239 68
1240 141
1241 117
1242 57
1243 99
1244 89
1245 142
1246 120
1247 130
1248 136
1249 139
1250 114
1251 148
1252 85
1253 166
1254 103
1255 93
1256 123
1257 69
1258 135
1259 113
1260 80
1261 122
1262 121
1263 103
1264 135
1265 119
1266 139
1267 129
1268 61
1269 108
1270 126
1271 115
1272 137
1273 143
1274 106
1275 150
1276 89
1277 70
1278 99
1279 108
1280 105
1281 102
1282 152
1283 70
1284 121
1285 141
1286 151
1287 103
1288 125
1289 131
1290 103
1291 79
1292 147
1293 111
1294 130
1295 130
1296 125
1297 104
1298 90
1299 141
1300 92
1301 130
1302 110
1303 121
1304 121
1305 97
1306 101
1307 110
1308 158
1309 98
1310 88
1311 193
1312 97
1313 111
1314 81
1315 83
1316 189
1317 140
1318 103
1319 119
1320 158
1321 118
1322 102
1323 115
1324 120
1325 94
1326 90
1327 116
1328 121
1329 131
1330 106
1331 120
1332 123
1333 121
1334 97
1335 99
1336 175
1337 191
1338 115
1339 105
1340 74
1341 111
1342 89
1343 133
1344 94
1345 92
1346 81
1347 135
1348 164
1349 70
1350 134
1351 122
1352 54
1353 104
1354 122
1355 149
1356 106
1357 118
1358 119
1359 147
1360 133
1361 142
1362 129
1363 183
1364 112
1365 121
1366 120
1367 108
1368 126
1369 105
1370 105
1371 116
1372 163
1373 120
1374 207
1375 133
1376 130
1377 208
1378 103
1379 113
1380 118
1381 127
1382 138
1383 150
1384 110
1385 77
1386 119
1387 81
1388 85
1389 150
1390 132
1391 119
1392 131
1393 131
1394 146
1395 112
1396 101
1397 122
1398 130
1399 115
1400 152
1401 114
1402 145
1403 112
1404 138
1405 125
1406 100
1407 143
1408 160
1409 142
1410 165
1411 117
1412 123
1413 125
1414 138
1415 150
1416 130
1417 101
1418 88
1419 84
1420 193
1421 143
1422 84
1423 130
1424 123
1425 137
1426 119
1427 133
1428 156
1429 123
1430 154
1431 108
1432 138
1433 138
1434 97
1435 100
1436 127
1437 107
1438 52
1439 137
1440 138
1441 133
1442 103
1443 114
1444 135
1445 87
1446 149
1447 118
1448 98
1449 170
1450 136
1451 102
1452 119
1453 129
1454 101
1455 103
1456 130
1457 97
1458 99
1459 87
1460 75
1461 125
1462 152
1463 98
1464 102
1465 96
1466 126
1467 112
1468 134
1469 102
1470 127
1471 175
1472 69
1473 113
1474 124
1475 133
1476 111
1477 88
1478 148
1479 122
1480 207
1481 135
1482 144
1483 109
1484 98
1485 125
1486 107
1487 140
1488 136
1489 103
1490 93
1491 131
1492 84
1493 93
1494 124
1495 101
1496 168
1497 171
1498 80
1499 130
1500 153
1501 140
1502 164
1503 187
1504 116
1505 124
1506 139
1507 115
1508 74
1509 112
1510 57
1511 130
1512 124
1513 131
1514 120
1515 111
1516 109
1517 158
1518 155
1519 130
1520 113
1521 137
1522 133
1523 126
1524 135
1525 129
1526 131
1527 85
1528 115
1529 88
1530 123
1531 128
1532 144
1533 131
1534 104
1535 119
1536 197
1537 125
1538 104
1539 119
1540 136
1541 138
1542 87
1543 123
1544 89
1545 149
1546 113
1547 119
1548 217
1549 74
1550 111
1551 113
1552 68
1553 89
1554 139
1555 65
1556 121
1557 112
1558 114
1559 140
1560 135
1561 140
1562 114
1563 117
1564 96
1565 120
1566 180
1567 180
1568 84
1569 160
1570 141
1571 79
1572 150
1573 102
1574 83
1575 105
1576 144
1577 110
1578 140
1579 80
1580 136
1581 73
1582 132
1583 121
1584 174
1585 105
1586 128
1587 133
1588 77
1589 124
1590 121
1591 110
1592 84
1593 136
1594 122
1595 86
1596 81
1597 131
1598 107
1599 112
1600 123
1601 113
1602 144
1603 172
1604 79
1605 99
1606 137
1607 146
1608 113
1609 118
1610 103
1611 123
1612 95
1613 107
1614 103
1615 131
1616 119
1617 116
1618 140
1619 103
1620 62
1621 90
1622 112
1623 111
1624 123
1625 100
1626 78
1627 82
1628 123
1629 154
1630 128
1631 87
1632 104
1633 151
1634 122
1635 66
1636 136
1637 124
1638 178
1639 44
1640 128
1641 122
1642 118
1643 111
1644 123
1645 139
1646 111
1647 96
1648 119
1649 117
1650 132
1651 129
1652 120
1653 101
1654 94
1655 77
1656 138
1657 112
1658 125
1659 132
1660 134
1661 106
1662 74
1663 119
1664 120
1665 107
1666 100
1667 140
1668 124
1669 82
1670 140
1671 125
1672 122
1673 94
1674 135
1675 72
1676 119
1677 121
1678 140
1679 120
1680 122
1681 129
1682 108
1683 108
1684 108
1685 90
1686 109
1687 121
1688 161
1689 91
1690 111
1691 136
1692 109
1693 135
1694 171
1695 69
1696 141
1697 152
1698 112
1699 149
1700 78
1701 105
1702 120
1703 152
1704 150
1705 144
1706 109
1707 95
1708 153
1709 112
1710 131
1711 126
1712 152
1713 135
1714 89
1715 147
1716 122
1717 114
1718 110
1719 135
1720 86
1721 169
1722 170
1723 128
1724 126
1725 38
1726 122
1727 114
1728 131
1729 79
1730 89
1731 119
1732 111
1733 71
1734 137
1735 95
1736 110
1737 161
1738 123
1739 22
1740 56
1741 149
1742 113
1743 125
1744 35
1745 106
1746 39
1747 130
1748 173
1749 101
1750 127
1751 96
1752 64
1753 139
1754 123
1755 145
1756 126
1757 126
1758 123
1759 129
1760 64
1761 100
1762 88
1763 98
1764 149
1765 113
1766 74
1767 99
1768 136
1769 88
1770 103
1771 114
1772 107
1773 99
1774 105
1775 97
1776 167
1777 68
1778 89
1779 111
1780 124
1781 75
1782 133
1783 122
1784 113
1785 94
1786 119
1787 88
1788 123
1789 108
1790 107
1791 97
1792 110
1793 100
1794 109
1795 138
1796 102
1797 98
1798 148
1799 98
1800 121
1801 144
1802 116
1803 158
1804 122
1805 143
1806 147
1807 146
1808 100
1809 124
1810 81
1811 104
1812 64
1813 96
1814 137
1815 107
1816 59
1817 146
1818 136
1819 120
1820 81
1821 139
1822 160
1823 134
1824 110
1825 124
1826 109
1827 118
1828 124
1829 134
1830 119
1831 126
1832 108
1833 149
1834 164
1835 139
1836 125
1837 113
1838 48
1839 151
1840 133
1841 133
1842 108
1843 118
1844 120
1845 137
1846 149
1847 110
1848 130
1849 153
1850 90
1851 139
1852 98
1853 183
1854 122
1855 133
1856 154
1857 144
1858 99
1859 120
1860 183
1861 107
1862 124
1863 137
1864 131
1865 149
1866 114
1867 142
1868 86
1869 116
1870 105
1871 158
1872 88
1873 120
1874 91
1875 128
1876 132
1877 116
1878 136
1879 74
1880 73
1881 142
1882 119
1883 106
1884 95
1885 168
1886 137
1887 119
1888 109
1889 112
1890 125
1891 105
1892 99
1893 84
1894 104
1895 100
1896 100
1897 75
1898 108
1899 129
1900 125
1901 118
1902 145
1903 140
1904 95
1905 191
1906 106
1907 107
1908 161
1909 141
1910 112
1911 126
1912 109
1913 133
1914 100
1915 128
1916 125
1917 107
1918 157
1919 173
1920 127
1921 65
1922 106
1923 125
1924 106
1925 110
1926 118
1927 131
1928 107
1929 132
1930 130
1931 118
1932 108
1933 142
1934 150
1935 121
1936 95
1937 89
1938 108
1939 106
1940 119
1941 92
1942 133
1943 107
1944 123
1945 193
1946 109
1947 164
1948 121
1949 137
1950 85
1951 142
1952 84
1953 91
1954 134
1955 98
1956 60
1957 151
1958 174
1959 115
1960 140
1961 139
1962 107
1963 137
1964 96
1965 79
1966 126
1967 139
1968 135
1969 93
1970 160
1971 144
1972 89
1973 89
1974 123
1975 129
1976 134
1977 113
1978 102
1979 111
1980 124
1981 119
1982 88
1983 121
1984 126
1985 131
1986 106
1987 129
1988 115
1989 119
1990 87
1991 114
1992 130
1993 125
1994 132
1995 107
1996 179
1997 127
1998 133
1999 130
2000 134
2001 126
2002 135
2003 132
2004 130
2005 152
2006 94
2007 119
2008 151
2009 97
2010 103
2011 135
2012 122
2013 143
2014 123
2015 153
2016 149
2017 112
2018 125
2019 90
2020 135
2021 112
2022 104
2023 145
2024 102
2025 106
2026 187
2027 125
2028 103
2029 109
2030 89
2031 115
2032 106
2033 141
2034 89
2035 126
2036 159
2037 66
2038 164
2039 176
2040 128
2041 121
2042 145
2043 119
2044 119
2045 76
2046 104
2047 144
2048 90
2049 122
2050 128
2051 101
2052 130
2053 128
2054 115
2055 127
2056 152
2057 137
2058 145
2059 160
2060 100
2061 137
2062 150
2063 111
2064 119
2065 75
2066 103
2067 138
2068 68
2069 142
2070 64
2071 85
2072 116
2073 125
2074 135
2075 130
2076 109
2077 120
2078 139
2079 104
2080 101
2081 130
2082 117
2083 111
2084 102
2085 107
2086 110
2087 140
2088 164
2089 82
2090 144
2091 110
2092 117
2093 98
2094 118
2095 23
2096 83
2097 86
2098 129
2099 117
2100 105
2101 130
2102 112
2103 124
2104 88
2105 108
2106 80
2107 150
2108 122
2109 68
2110 155
2111 127
2112 149
2113 123
2114 136
2115 115
2116 120
2117 73
2118 167
2119 115
2120 77
2121 122
2122 127
2123 145
2124 119
2125 122
2126 145
2127 89
2128 149
2129 158
2130 114
2131 140
2132 153
2133 113
2134 124
2135 146
2136 103
2137 121
2138 114
2139 88
2140 133
2141 95
2142 90
2143 126
2144 115
2145 187
2146 140
2147 105
2148 82
2149 63
2150 133
2151 119
2152 114
2153 127
2154 173
2155 86
2156 135
2157 131
2158 97
2159 100
2160 77
2161 182
2162 110
2163 89
2164 92
2165 117
2166 133
2167 129
2168 151
2169 180
2170 112
2171 104
2172 111
2173 133
2174 119
2175 131
2176 99
2177 137
2178 147
2179 165
2180 68
2181 126
2182 101
2183 112
2184 87
2185 43
2186 130
2187 140
2188 113
2189 109
2190 101
2191 157
2192 110
2193 120
2194 109
2195 121
2196 134
2197 130
2198 126
2199 94
2200 104
2201 101
2202 130
2203 131
2204 99
2205 132
2206 109
2207 129
2208 111
2209 111
2210 175
2211 131
2212 132
2213 112
2214 119
2215 124
2216 106
2217 119
2218 123
2219 139
2220 167
2221 112
2222 139
2223 123
2224 94
2225 108
2226 125
2227 102
2228 104
2229 127
2230 125
2231 134
2232 90
2233 108
2234 142
2235 90
2236 118
2237 131
2238 86
2239 125
2240 124
2241 190
2242 109
2243 67
2244 99
2245 160
2246 120
2247 209
2248 115
2249 140
2250 126
2251 131
2252 118
2253 118
2254 136
2255 128
2256 118
2257 126
2258 141
2259 94
2260 110
2261 53
2262 124
2263 161
2264 115
2265 134
2266 125
2267 83
2268 83
2269 113
2270 133
2271 151
2272 149
2273 132
2274 152
2275 170
2276 114
2277 121
2278 112
2279 109
2280 95
2281 109
2282 120
2283 73
2284 116
2285 134
2286 135
2287 93
2288 111
2289 110
2290 105
2291 110
2292 135
2293 140
2294 105
2295 125
2296 126
2297 127
2298 149
2299 143
2300 104
2301 121
2302 120
2303 131
2304 113
2305 144
2306 106
2307 90
2308 70
2309 99
2310 140
2311 83
2312 109
2313 50
2314 105
2315 92
2316 122
2317 106
2318 86
2319 108
2320 146
2321 100
2322 122
2323 113
2324 110
2325 145
2326 140
2327 109
2328 144
2329 88
2330 162
2331 105
2332 150
2333 153
2334 115
2335 99
2336 86
2337 146
2338 132
2339 95
2340 150
2341 78
2342 141
2343 75
2344 55
2345 95
2346 124
2347 120
2348 136
2349 101
2350 156
2351 129
2352 150
2353 107
2354 103
2355 125
2356 122
2357 106
2358 117
2359 149
2360 129
2361 134
2362 96
2363 105
2364 103
2365 135
2366 87
2367 122
2368 93
2369 154
2370 67
2371 123
2372 206
2373 132
2374 67
2375 118
2376 161
2377 114
2378 134
2379 74
2380 66
2381 98
2382 140
2383 112
2384 59
2385 111
2386 110
2387 133
2388 157
2389 121
2390 132
2391 115
2392 108
2393 123
2394 122
2395 113
2396 90
2397 147
2398 110
2399 141
2400 90
2401 88
2402 159
2403 124
2404 139
2405 104
2406 112
2407 141
2408 94
2409 133
2410 126
2411 100
2412 69
2413 112
2414 127
2415 120
2416 110
2417 141
2418 68
2419 133
2420 173
2421 161
2422 142
2423 136
2424 100
2425 131
2426 118
2427 153
2428 117
2429 139
2430 113
2431 137
2432 142
2433 166
2434 135
2435 113
2436 124
2437 71
2438 133
2439 148
2440 147
2441 126
2442 191
2443 97
2444 142
2445 134
2446 113
2447 136
2448 135
2449 112
2450 99
2451 118
2452 110
2453 127
2454 123
2455 111
2456 117
2457 153
2458 177
2459 142
2460 99
2461 167
2462 134
2463 97
2464 113
2465 102
2466 84
2467 115
2468 67
2469 133
2470 75
2471 106
2472 120
2473 129
2474 100
2475 77
2476 158
2477 117
2478 67
2479 104
2480 192
2481 122
2482 111
2483 99
2484 141
2485 113
2486 88
2487 120
2488 106
2489 109
2490 103
2491 121
2492 132
2493 97
2494 98
2495 137
2496 107
2497 121
2498 133
2499 103
2500 126
2501 73
2502 78
2503 99
2504 84
2505 83
2506 113
2507 126
2508 120
2509 131
2510 52
2511 123
2512 119
2513 143
2514 135
2515 55
2516 100
2517 167
2518 150
2519 121
2520 132
2521 101
2522 103
2523 169
2524 124
2525 128
2526 130
2527 121
2528 131
2529 109
2530 136
2531 138
2532 125
2533 123
2534 93
2535 131
2536 145
2537 109
2538 120
2539 108
2540 95
2541 96
2542 120
2543 142
2544 145
2545 176
2546 158
2547 115
2548 105
2549 147
2550 103
2551 109
2552 89
2553 102
2554 69
2555 116
2556 105
2557 110
2558 123
2559 112
2560 137
2561 84
2562 111
2563 132
2564 142
2565 101
2566 103
2567 99
2568 94
2569 125
2570 151
2571 118
2572 79
2573 126
2574 117
2575 67
2576 94
2577 131
2578 150
2579 125
2580 88
2581 94
2582 128
2583 117
2584 129
2585 148
2586 170
2587 124
2588 154
2589 124
2590 88
2591 75
2592 150
2593 100
2594 126
2595 150
2596 115
2597 123
2598 66
2599 100
2600 108
2601 178
2602 118
2603 116
2604 148
2605 104
2606 71
2607 120
2608 148
2609 120
2610 100
2611 133
2612 131
2613 115
2614 90
2615 121
2616 163
2617 90
2618 133
2619 89
2620 123
2621 127
2622 117
2623 162
2624 117
2625 172
2626 94
2627 122
2628 132
2629 119
2630 99
2631 120
2632 140
2633 155
2634 121
2635 129
2636 102
2637 75
2638 111
2639 154
2640 85
2641 94
2642 109
2643 162
2644 66
2645 112
2646 121
2647 104
2648 95
2649 125
2650 123
2651 112
2652 127
2653 155
2654 141
2655 150
2656 141
2657 133
2658 140
2659 93
2660 109
2661 144
2662 126
2663 32
2664 90
2665 114
2666 85
2667 144
2668 145
2669 112
2670 82
2671 126
2672 87
2673 129
2674 106
2675 0
2676 107
2677 136
2678 80
2679 126
2680 126
2681 126
2682 118
2683 134
2684 135
2685 158
2686 131
2687 128
2688 103
2689 109
2690 143
2691 157
2692 111
2693 147
2694 161
2695 116
2696 101
2697 98
2698 151
2699 100
2700 105
2701 110
2702 147
2703 136
2704 161
2705 146
2706 79
2707 143
2708 132
2709 126
2710 70
2711 126
2712 102
2713 114
2714 139
2715 194
2716 153
2717 130
2718 124
2719 108
2720 104
2721 138
2722 93
2723 186
2724 86
2725 137
2726 89
2727 116
2728 82
2729 94
2730 124
2731 114
2732 131
2733 107
2734 72
2735 74
2736 169
2737 161
2738 130
2739 142
2740 103
2741 108
2742 98
2743 156
2744 75
2745 132
2746 119
2747 123
2748 84
2749 166
2750 87
2751 113
2752 143
2753 131
2754 123
2755 118
2756 145
2757 136
2758 109
2759 145
2760 88
2761 98
2762 142
2763 81
2764 124
2765 130
2766 115
2767 88
2768 121
2769 135
2770 126
2771 140
2772 112
2773 124
2774 96
2775 142
2776 116
2777 109
2778 88
2779 76
2780 125
2781 124
2782 78
2783 118
2784 145
2785 80
2786 125
2787 158
2788 93
2789 108
2790 102
2791 122
2792 113
2793 142
2794 136
2795 102
2796 113
2797 97
2798 43
2799 154
2800 173
2801 128
2802 108
2803 126
2804 71
2805 124
2806 116
2807 130
2808 80
2809 91
2810 125
2811 87
2812 145
2813 125
2814 132
2815 131
2816 148
2817 128
2818 157
2819 142
2820 97
2821 116
2822 108
2823 82
2824 146
2825 110
2826 97
2827 87
2828 120
2829 116
2830 143
2831 124
2832 156
2833 114
2834 144
2835 123
2836 166
2837 173
2838 125
2839 96
2840 113
2841 94
2842 90
2843 84
2844 90
2845 121
2846 123
2847 139
2848 121
2849 128
2850 139
2851 149
2852 104
2853 149
2854 87
2855 145
2856 99
2857 124
2858 117
2859 119
2860 102
2861 119
2862 119
2863 67
2864 65
2865 142
2866 123
2867 106
2868 113
2869 139
2870 127
2871 114
2872 126
2873 132
2874 137
2875 69
2876 145
2877 135
2878 145
2879 126
2880 125
2881 144
2882 148
2883 142
2884 113
2885 119
2886 100
2887 99
2888 125
2889 65
2890 121
2891 130
2892 161
2893 113
2894 109
2895 140
2896 98
2897 47
2898 91
2899 142
