Vertices: 5500
Edges: 38500
Time: 2,772 ms
Iterations: 38473
Vertex Distance
0 0
1 167
2 109
3 142
4 140
5 99
6 156
7 136
8 110
9 97
10 94
11 121
12 118
13 145
14 149
15 110
16 142
17 133
18 102
19 145
20 87
21 135
22 133
23 92
24 145
25 115
26 114
27 116
28 131
29 161
30 147
31 120
32 110
33 91
34 134
35 124
36 123
37 145
38 107
39 153
40 131
41 128
42 116
43 89
44 154
45 133
46 130
47 105
48 121
49 121
50 112
51 102
52 136
53 152
54 110
55 149
56 128
57 92
58 162
59 124
60 128
61 134
62 128
63 179
64 140
65 132
66 128
67 162
68 91
69 123
70 107
71 127
72 79
73 125
74 101
75 150
76 139
77 138
78 134
79 164
80 97
81 143
82 134
83 117
84 119
85 141
86 122
87 155
88 176
89 154
90 95
91 147
92 85
93 151
94 169
95 120
96 141
97 104
98 107
99 122
100 132
101 107
102 153
103 98
104 105
105 109
106 128
107 141
108 142
109 100
110 118
111 152
112 98
113 118
114 115
115 149
116 152
117 128
118 153
119 154
120 130
121 154
122 104
123 104
124 138
125 161
126 94
127 144
128 130
129 142
130 144
131 127
132 158
133 114
134 116
135 114
136 45
137 144
138 146
139 157
140 97
141 120
142 113
143 145
144 173
145 105
146 114
147 107
148 168
149 109
150 153
151 149
152 159
153 67
154 149
155 136
156 92
157 129
158 112
159 112
160 129
161 164
162 120
163 138
164 122
165 142
166 132
167 135
168 179
169 99
170 150
171 132
172 96
173 137
174 114
175 134
176 159
177 106
178 108
179 183
180 148
181 132
182 144
183 132
184 109
185 170
186 160
187 107
188 133
189 116
190 182
191 126
192 144
193 139
194 141
195 98
196 129
197 118
198 154
199 191
200 123
201 115
202 60
203 166
204 66
205 115
206 142
207 96
208 136
209 121
210 113
211 104
212 116
213 174
214 92
215 146
216 132
217 133
218 112
219 137
220 133
221 133
222 115
223 135
224 104
225 125
226 174
227 131
228 165
229 129
230 140
231 145
232 114
233 127
234 138
235 156
236 83
237 138
238 166
239 143
240 114
241 98
242 135
243 127
244 120
245 126
246 86
247 135
248 71
249 159
250 100
251 139
252 156
253 82
254 128
255 137
256 156
257 144
258 131
259 87
260 131
261 128
262 97
263 101
264 101
265 88
266 112
267 186
268 168
269 75
270 92
271 125
272 162
273 149
274 111
275 101
276 155
277 93
278 147
279 156
280 137
281 143
282 148
283 21
284 148
285 165
286 123
287 150
288 138
289 128
290 117
291 121
292 128
293 83
294 113
295 135
296 141
297 162
298 184
299 152
300 175
301 126
302 112
303 100
304 139
305 70
306 139
307 166
308 125
309 102
310 161
311 136
312 98
313 125
314 113
315 85
316 148
317 135
318 103
319 84
320 121
321 183
322 126
323 113
324 112
325 91
326 144
327 157
328 94
329 82
330 122
331 140
332 123
333 133
334 167
335 132
336 146
337 144
338 96
339 112
340 87
341 106
342 153
343 86
344 127
345 88
346 152
347 146
348 140
349 144
350 161
351 161
352 136
353 149
354 137
355 140
356 145
357 132
358 110
359 117
360 74
361 110
362 143
363 118
364 124
365 133
366 94
367 140
368 166
369 140
370 107
371 165
372 91
373 156
374 127
375 163
376 76
377 184
378 126
379 111
380 90
381 142
382 86
383 131
384 218
385 137
386 136
387 93
388 165
389 130
390 142
391 107
392 232
393 130
394 110
395 146
396 111
397 130
398 132
399 139
400 130
401 143
402 121
403 148
404 145
405 11
406 134
407 116
408 62
409 131
410 137
411 87
412 145
413 138
414 126
415 120
416 113
417 131
418 134
419 116
420 132
421 134
422 122
423 132
424 135
425 136
426 135
427 99
428 146
429 101
430 140
431 122
432 137
433 134
434 108
435 153
436 94
437 120
438 127
439 61
440 181
441 138
442 98
443 61
444 101
445 183
446 118
447 123
448 126
449 179
450 158
451 190
452 188
453 143
454 118
455 147
456 141
457 97
458 80
459 88
460 115
461 109
462 72
463 82
464 100
465 79
466 142
467 128
468 118
469 147
470 120
471 121
472 129
473 113
474 113
475 112
476 163
477 135
478 142
479 166
480 192
481 122
482 108
483 87
484 86
485 150
486 111
487 124
488 132
489 132
490 127
491 111
492 110
493 105
494 107
495 131
496 156
497 143
498 125
499 185
500 104
501 125
502 133
503 134
504 151
505 124
506 105
507 132
508 90
509 133
510 130
511 139
512 156
513 121
514 126
515 138
516 137
517 162
518 130
519 126
520 152
521 148
522 137
523 127
524 140
525 165
526 134
527 133
528 105
529 126
530 116
531 103
532 117
533 130
534 152
535 146
536 135
537 143
538 120
539 177
540 141
541 143
542 122
543 104
544 130
545 135
546 138
547 118
548 146
549 141
550 115
551 125
552 107
553 128
554 172
555 113
556 83
557 123
558 118
559 144
560 126
561 125
562 133
563 147
564 132
565 129
566 189
567 145
568 127
569 99
570 111
571 69
572 167
573 112
574 125
575 154
576 127
577 125
578 144
579 136
580 100
581 134
582 138
583 83
584 97
585 110
586 105
587 95
588 79
589 120
590 159
591 84
592 145
593 115
594 109
595 134
596 102
597 114
598 141
599 115
600 145
601 116
602 68
603 85
604 110
605 75
606 116
607 122
608 132
609 97
610 126
611 131
612 120
613 203
614 111
615 111
616 112
617 109
618 121
619 128
620 145
621 102
622 145
623 92
624 160
625 138
626 195
627 106
628 123
629 93
630 92
631 89
632 153
633 149
634 148
635 128
636 115
637 138
638 91
639 75
640 139
641 126
642 125
643 135
644 153
645 139
646 128
647 138
648 116
649 138
650 112
651 105
652 162
653 129
654 107
655 99
656 162
657 136
658 109
659 173
660 152
661 139
662 95
663 128
664 127
665 104
666 134
667 119
668 194
669 129
670 132
671 120
672 82
673 106
674 137
675 156
676 132
677 122
678 163
679 112
680 92
681 151
682 98
683 98
684 131
685 78
686 81
687 124
688 145
689 146
690 88
691 148
692 116
693 143
694 130
695 164
696 130
697 140
698 146
699 95
700 78
701 124
702 130
703 83
704 86
705 121
706 179
707 136
708 120
709 125
710 128
711 123
712 102
713 134
714 121
715 95
716 40
717 99
718 133
719 124
720 99
721 126
722 137
723 138
724 112
725 149
726 151
727 92
728 195
729 108
730 129
731 183
732 107
733 119
734 133
735 130
736 143
737 124
738 93
739 145
740 121
741 88
742 159
743 119
744 164
745 114
746 145
747 94
748 109
749 131
750 80
751 87
752 126
753 60
754 113
755 119
756 139
757 120
758 140
759 136
760 84
761 183
762 178
763 144
764 125
765 99
766 119
767 186
768 137
769 141
770 132
771 112
772 134
773 110
774 151
775 133
776 102
777 140
778 80
779 129
780 102
781 125
782 128
783 82
784 145
785 148
786 134
787 112
788 132
789 124
790 146
791 109
792 137
793 70
794 92
795 99
796 148
797 120
798 156
799 116
800 102
801 74
802 134
803 146
804 139
805 112
806 130
807 59
808 188
809 127
810 136
811 103
812 129
813 116
814 144
815 148
816 164
817 107
818 143
819 135
820 128
821 124
822 152
823 160
824 127
825 130
826 133
827 103
828 146
829 148
830 0
831 134
832 99
833 145
834 106
835 144
836 111
837 107
838 153
839 150
840 135
841 146
842 145
843 117
844 126
845 126
846 105
847 131
848 0
849 132
850 99
851 137
852 113
853 122
854 101
855 129
856 106
857 189
858 135
859 136
860 119
861 157
862 136
863 134
864 151
865 158
866 114
867 118
868 138
869 143
870 108
871 133
872 105
873 98
874 87
875 103
876 141
877 184
878 79
879 99
880 97
881 121
882 123
883 143
884 116
885 111
886 107
887 131
888 103
889 168
890 177
891 146
892 91
893 143
894 130
895 140
896 41
897 146
898 117
899 127
900 171
901 125
902 169
903 101
904 128
905 126
906 83
907 139
908 150
909 116
910 130
911 115
912 117
913 131
914 121
915 118
916 116
917 134
918 118
919 102
920 137
921 135
922 145
923 144
924 133
925 145
926 130
927 94
928 173
929 152
930 163
931 141
932 174
933 147
934 160
935 117
936 135
937 167
938 123
939 125
940 153
941 146
942 143
943 132
944 138
945 106
946 145
947 86
948 134
949 118
950 131
951 153
952 152
953 141
954 150
955 151
956 80
957 115
958 138
959 100
960 126
961 135
962 123
963 164
964 243
965 130
966 119
967 111
968 152
969 101
970 131
971 88
972 161
973 99
974 126
975 135
976 140
977 96
978 98
979 101
980 86
981 136
982 112
983 102
984 163
985 116
986 139
987 65
988 50
989 152
990 124
991 160
992 140
993 125
994 117
995 145
996 95
997 160
998 94
999 131
1000 134
1001 129
1002 138
1003 112
1004 152
1005 142
1006 126
1007 90
1008 104
1009 123
1010 128
1011 94
1012 114
1013 92
1014 128
1015 64
1016 143
1017 110
1018 180
1019 104
1020 173
1021 117
1022 116
1023 124
1024 121
1025 138
1026 140
1027 112
1028 132
1029 77
1030 102
1031 162
1032 133
1033 128
1034 110
1035 119
1036 119
1037 107
1038 115
1039 140
1040 110
1041 83
1042 169
1043 98
1044 96
1045 111
1046 112
1047 111
1048 171
1049 136
1050 117
1051 120
1052 180
1053 119
1054 176
1055 116
1056 100
1057 154
1058 124
1059 115
1060 114
1061 122
1062 53
1063 103
1064 164
1065 118
1066 101
1067 149
1068 127
1069 115
1070 109
1071 130
1072 149
1073 145
1074 104
1075 154
1076 116
1077 164
1078 146
1079 122
1080 131
1081 121
1082 94
1083 133
1084 132
1085 95
1086 81
1087 88
1088 104
1089 92
1090 102
1091 118
1092 133
1093 123
1094 109
1095 123
1096 116
1097 124
1098 87
1099 103
1100 198
1101 133
1102 103
1103 154
1104 124
1105 93
1106 140
1107 123
1108 120
1109 101
1110 139
1111 101
1112 117
1113 79
1114 121
1115 62
1116 134
1117 151
1118 155
1119 174
1120 143
1121 144
1122 118
1123 153
1124 132
1125 146
1126 104
1127 124
1128 127
1129 113
1130 154
1131 88
1132 84
1133 129
1134 114
1135 67
1136 159
1137 143
1138 146
1139 125
1140 106
1141 92
1142 126
1143 80
1144 115
1145 116
1146 145
1147 148
1148 132
1149 137
1150 131
1151 108
1152 114
1153 106
1154 109
1155 109
1156 133
1157 144
1158 124
1159 137
1160 140
1161 114
1162 103
1163 161
1164 164
1165 63
1166 169
1167 99
1168 111
1169 124
1170 111
1171 118
1172 121
1173 181
1174 144
1175 114
1176 104
1177 167
1178 96
1179 126
1180 125
1181 133
1182 150
1183 116
1184 157
1185 143
1186 115
1187 129
1188 111
1189 126
1190 144
1191 86
1192 161
1193 127
1194 163
1195 127
1196 108
1197 161
1198 117
1199 50
1200 209
1201 133
1202 121
1203 106
1204 119
1205 100
1206 136
1207 131
1208 112
1209 201
1210 142
1211 107
1212 124
1213 128
1214 97
1215 155
1216 162
1217 116
1218 124
1219 62
1220 136
1221 146
1222 145
1223 132
1224 134
1225 154
1226 131
1227 137
1228 136
1229 100
1230 11
1231 137
1232 115
1233 124
1234 160
1235 134
1236 158
1237 117
1238 150
1239 155
1240 117
1241 115
1242 94
1243 134
1244 148
1245 90
1246 119
1247 129
1248 95
1249 105
1250 172
1251 129
1252 230
1253 154
1254 139
1255 143
1256 127
1257 141
1258 120
1259 138
1260 166
1261 150
1262 132
1263 134
1264 96
1265 69
1266 153
1267 146
1268 125
1269 125
1270 122
1271 96
1272 81
1273 151
1274 143
1275 129
1276 136
1277 122
1278 139
1279 91
1280 151
1281 123
1282 153
1283 109
1284 133
1285 147
1286 157
1287 145
1288 111
1289 151
1290 148
1291 90
1292 99
1293 104
1294 115
1295 91
1296 100
1297 128
1298 102
1299 199
1300 115
1301 119
1302 124
1303 127
1304 125
1305 105
1306 149
1307 133
1308 107
1309 78
1310 120
1311 163
1312 116
1313 87
1314 134
1315 107
1316 123
1317 74
1318 134
1319 143
1320 117
1321 74
1322 123
1323 101
1324 134
1325 112
1326 98
1327 123
1328 130
1329 108
1330 147
1331 99
1332 136
1333 69
1334 107
1335 75
1336 139
1337 140
1338 96
1339 115
1340 114
1341 103
1342 124
1343 94
1344 115
1345 99
1346 133
1347 131
1348 117
1349 131
1350 172
1351 160
1352 154
1353 90
1354 151
1355 124
1356 135
1357 117
1358 143
1359 116
1360 97
1361 104
1362 117
1363 130
1364 137
1365 105
1366 132
1367 116
1368 128
1369 161
1370 123
1371 154
1372 119
1373 117
1374 165
1375 150
1376 103
1377 128
1378 93
1379 99
1380 178
1381 135
1382 83
1383 131
1384 105
1385 72
1386 118
1387 121
1388 91
1389 65
1390 117
1391 114
1392 78
1393 141
1394 130
1395 102
1396 110
1397 127
1398 94
1399 109
1400 106
1401 125
1402 89
1403 114
1404 130
1405 190
1406 133
1407 170
1408 114
1409 117
1410 118
1411 121
1412 87
1413 113
1414 123
1415 94
1416 117
1417 127
1418 149
1419 135
1420 107
1421 89
1422 71
1423 81
1424 134
1425 103
1426 134
1427 116
1428 152
1429 118
1430 163
1431 121
1432 115
1433 104
1434 117
1435 115
1436 108
1437 142
1438 140
1439 137
1440 119
1441 122
1442 128
1443 113
1444 132
1445 106
1446 126
1447 170
1448 157
1449 122
1450 119
1451 165
1452 143
1453 104
1454 202
1455 226
1456 246
1457 119
1458 127
1459 96
1460 120
1461 155
1462 164
1463 123
1464 133
1465 143
1466 108
1467 107
1468 105
1469 106
1470 139
1471 119
1472 137
1473 139
1474 114
1475 122
1476 85
1477 115
1478 135
1479 119
1480 135
1481 132
1482 93
1483 149
1484 128
1485 124
1486 103
1487 127
1488 144
1489 172
1490 176
1491 116
1492 127
1493 160
1494 125
1495 148
1496 151
1497 149
1498 145
1499 105
1500 133
1501 149
1502 170
1503 44
1504 135
1505 130
1506 104
1507 130
1508 155
1509 134
1510 95
1511 143
1512 144
1513 185
1514 107
1515 128
1516 166
1517 115
1518 142
1519 109
1520 99
1521 87
1522 123
1523 98
1524 79
1525 131
1526 124
1527 179
1528 130
1529 85
1530 134
1531 121
1532 125
1533 100
1534 137
1535 141
1536 132
1537 134
1538 131
1539 148
1540 124
1541 138
1542 119
1543 120
1544 103
1545 90
1546 179
1547 110
1548 135
1549 102
1550 100
1551 155
1552 165
1553 124
1554 158
1555 142
1556 143
1557 58
1558 122
1559 112
1560 102
1561 83
1562 125
1563 91
1564 92
1565 130
1566 209
1567 114
1568 149
1569 146
1570 140
1571 126
1572 125
1573 135
1574 152
1575 154
1576 168
1577 107
1578 120
1579 131
1580 146
1581 86
1582 133
1583 173
1584 120
1585 163
1586 166
1587 133
1588 75
1589 126
1590 132
1591 96
1592 164
1593 132
1594 111
1595 107
1596 140
1597 120
1598 73
1599 100
1600 146
1601 99
1602 140
1603 105
1604 113
1605 98
1606 101
1607 186
1608 138
1609 150
1610 173
1611 97
1612 103
1613 137
1614 102
1615 163
1616 127
1617 133
1618 169
1619 137
1620 104
1621 133
1622 113
1623 109
1624 109
1625 108
1626 118
1627 105
1628 130
1629 125
1630 129
1631 136
1632 155
1633 123
1634 157
1635 112
1636 156
1637 79
1638 131
1639 110
1640 81
1641 131
1642 111
1643 139
1644 149
1645 100
1646 108
1647 162
1648 87
1649 149
1650 138
1651 103
1652 131
1653 111
1654 166
1655 91
1656 98
1657 88
1658 126
1659 132
1660 121
1661 82
1662 142
1663 109
1664 112
1665 134
1666 166
1667 122
1668 178
1669 146
1670 69
1671 145
1672 119
1673 147
1674 175
1675 130
1676 158
1677 96
1678 193
1679 176
1680 106
1681 107
1682 158
1683 102
1684 106
1685 149
1686 108
1687 125
1688 142
1689 126
1690 159
1691 135
1692 140
1693 134
1694 120
1695 108
1696 128
1697 89
1698 115
1699 84
1700 133
1701 123
1702 164
1703 99
1704 138
1705 114
1706 149
1707 125
1708 152
1709 145
1710 104
1711 131
1712 147
1713 132
1714 132
1715 118
1716 118
1717 170
1718 131
1719 124
1720 145
1721 142
1722 129
1723 156
1724 124
1725 137
1726 109
1727 125
1728 90
1729 115
1730 129
1731 145
1732 115
1733 73
1734 129
1735 151
1736 146
1737 131
1738 121
1739 127
1740 139
1741 134
1742 171
1743 127
1744 140
1745 107
1746 160
1747 121
1748 105
1749 124
1750 99
1751 134
1752 102
1753 100
1754 86
1755 145
1756 136
1757 103
1758 113
1759 104
1760 133
1761 100
1762 158
1763 93
1764 112
1765 110
1766 143
1767 143
1768 126
1769 89
1770 108
1771 171
1772 119
1773 132
1774 112
1775 135
1776 140
1777 168
1778 135
1779 150
1780 210
1781 132
1782 125
1783 97
1784 167
1785 70
1786 142
1787 122
1788 117
1789 159
1790 172
1791 114
1792 174
1793 107
1794 138
1795 140
1796 111
1797 90
1798 99
1799 138
1800 142
1801 130
1802 151
1803 101
1804 78
1805 97
1806 112
1807 130
1808 112
1809 118
1810 140
1811 136
1812 136
1813 114
1814 119
1815 116
1816 113
1817 156
1818 91
1819 139
1820 137
1821 107
1822 143
1823 147
1824 144
1825 156
1826 107
1827 117
1828 130
1829 119
1830 113
1831 145
1832 142
1833 102
1834 183
1835 164
1836 120
1837 137
1838 135
1839 141
1840 67
1841 104
1842 132
1843 76
1844 171
1845 106
1846 150
1847 113
1848 115
1849 138
1850 86
1851 158
1852 95
1853 121
1854 100
1855 148
1856 107
1857 129
1858 110
1859 139
1860 110
1861 106
1862 90
1863 145
1864 102
1865 135
1866 100
1867 165
1868 109
1869 112
1870 118
1871 131
1872 139
1873 147
1874 114
1875 106
1876 117
1877 117
1878 110
1879 121
1880 117
1881 150
1882 134
1883 119
1884 97
1885 174
1886 128
1887 95
1888 99
1889 134
1890 149
1891 130
1892 104
1893 124
1894 182
1895 178
1896 93
1897 154
1898 158
1899 108
1900 116
1901 159
1902 101
1903 124
1904 118
1905 149
1906 171
1907 118
1908 160
1909 148
1910 134
1911 188
1912 112
1913 133
1914 135
1915 131
1916 157
1917 126
1918 125
1919 167
1920 134
1921 106
1922 132
1923 119
1924 110
1925 107
1926 121
1927 129
1928 136
1929 144
1930 139
1931 137
1932 126
1933 131
1934 136
1935 117
1936 136
1937 157
1938 136
1939 29
1940 156
1941 114
1942 125
1943 151
1944 163
1945 98
1946 104
1947 142
1948 133
1949 96
1950 140
1951 100
1952 125
1953 132
1954 88
1955 81
1956 101
1957 145
1958 146
1959 127
1960 110
1961 123
1962 136
1963 121
1964 124
1965 167
1966 113
1967 127
1968 132
1969 77
1970 129
1971 82
1972 148
1973 137
1974 170
1975 149
1976 126
1977 136
1978 116
1979 125
1980 107
1981 100
1982 121
1983 93
1984 95
1985 108
1986 154
1987 117
1988 67
1989 119
1990 122
1991 106
1992 99
1993 56
1994 146
1995 117
1996 116
1997 92
1998 171
1999 89
2000 127
2001 124
2002 128
2003 156
2004 108
2005 99
2006 104
2007 156
2008 115
2009 141
2010 113
2011 138
2012 160
2013 146
2014 86
2015 94
2016 134
2017 97
2018 122
2019 107
2020 133
2021 116
2022 141
2023 106
2024 132
2025 111
2026 98
2027 109
2028 134
2029 140
2030 115
2031 145
2032 83
2033 132
2034 76
2035 144
2036 138
2037 195
2038 128
2039 123
2040 125
2041 137
2042 57
2043 118
2044 105
2045 77
2046 185
2047 137
2048 154
2049 121
2050 141
2051 127
2052 107
2053 125
2054 149
2055 95
2056 108
2057 163
2058 125
2059 121
2060 119
2061 120
2062 136
2063 145
2064 138
2065 118
2066 118
2067 108
2068 93
2069 173
2070 114
2071 118
2072 147
2073 122
2074 140
2075 128
2076 168
2077 144
2078 91
2079 125
2080 151
2081 143
2082 142
2083 114
2084 116
2085 152
2086 126
2087 173
2088 160
2089 138
2090 133
2091 154
2092 125
2093 144
2094 121
2095 91
2096 90
2097 150
2098 61
2099 151
2100 122
2101 123
2102 158
2103 148
2104 112
2105 129
2106 129
2107 115
2108 147
2109 145
2110 80
2111 150
2112 169
2113 138
2114 104
2115 140
2116 133
2117 111
2118 134
2119 108
2120 145
2121 143
2122 113
2123 147
2124 102
2125 163
2126 145
2127 129
2128 131
2129 129
2130 169
2131 98
2132 141
2133 108
2134 108
2135 157
2136 130
2137 182
2138 121
2139 136
2140 120
2141 108
2142 126
2143 77
2144 121
2145 130
2146 137
2147 129
2148 141
2149 104
2150 139
2151 133
2152 96
2153 165
2154 137
2155 161
2156 157
2157 137
2158 152
2159 137
2160 141
2161 121
2162 112
2163 105
2164 189
2165 122
2166 155
2167 170
2168 116
2169 134
2170 116
2171 117
2172 108
2173 143
2174 97
2175 134
2176 169
2177 105
2178 132
2179 104
2180 123
2181 90
2182 104
2183 105
2184 112
2185 147
2186 151
2187 117
2188 125
2189 104
2190 129
2191 162
2192 126
2193 109
2194 172
2195 162
2196 115
2197 100
2198 111
2199 153
2200 138
2201 82
2202 93
2203 169
2204 139
2205 132
2206 148
2207 131
2208 123
2209 153
2210 124
2211 171
2212 131
2213 148
2214 139
2215 183
2216 110
2217 171
2218 161
2219 78
2220 146
2221 145
2222 167
2223 121
2224 156
2225 125
2226 180
2227 110
2228 134
2229 118
2230 160
2231 126
2232 85
2233 142
2234 146
2235 115
2236 163
2237 118
2238 96
2239 100
2240 142
2241 104
2242 94
2243 166
2244 103
2245 148
2246 136
2247 144
2248 115
2249 143
2250 156
2251 147
2252 165
2253 113
2254 79
2255 140
2256 132
2257 106
2258 123
2259 132
2260 106
2261 111
2262 162
2263 132
2264 151
2265 88
2266 151
2267 154
2268 111
2269 123
2270 132
2271 102
2272 96
2273 114
2274 108
2275 122
2276 101
2277 71
2278 110
2279 112
2280 105
2281 118
2282 115
2283 111
2284 149
2285 127
2286 90
2287 123
2288 142
2289 120
2290 130
2291 136
2292 92
2293 138
2294 101
2295 123
2296 80
2297 133
2298 144
2299 87
2300 132
2301 136
2302 119
2303 128
2304 99
2305 167
2306 141
2307 120
2308 141
2309 100
2310 137
2311 137
2312 166
2313 122
2314 154
2315 125
2316 129
2317 124
2318 152
2319 130
2320 106
2321 180
2322 103
2323 144
2324 121
2325 137
2326 122
2327 94
2328 147
2329 161
2330 105
2331 120
2332 138
2333 150
2334 113
2335 158
2336 141
2337 109
2338 125
2339 158
2340 125
2341 91
2342 117
2343 144
2344 137
2345 124
2346 121
2347 119
2348 102
2349 141
2350 147
2351 118
2352 123
2353 164
2354 149
2355 156
2356 120
2357 131
2358 153
2359 207
2360 126
2361 127
2362 89
2363 95
2364 84
2365 113
2366 132
2367 147
2368 117
2369 92
2370 135
2371 124
2372 159
2373 152
2374 145
2375 99
2376 99
2377 147
2378 119
2379 93
2380 131
2381 127
2382 141
2383 120
2384 136
2385 165
2386 141
2387 145
2388 107
2389 127
2390 112
2391 46
2392 142
2393 123
2394 126
2395 135
2396 113
2397 131
2398 134
2399 107
2400 107
2401 107
2402 89
2403 118
2404 122
2405 130
2406 90
2407 100
2408 132
2409 50
2410 70
2411 140
2412 125
2413 132
2414 115
2415 163
2416 156
2417 129
2418 126
2419 108
2420 104
2421 98
2422 111
2423 147
2424 112
2425 150
2426 116
2427 152
2428 135
2429 177
2430 114
2431 142
2432 96
2433 164
2434 109
2435 125
2436 138
2437 97
2438 94
2439 130
2440 65
2441 88
2442 127
2443 82
2444 106
2445 124
2446 132
2447 101
2448 114
2449 125
2450 112
2451 94
2452 91
2453 149
2454 65
2455 148
2456 89
2457 127
2458 141
2459 112
2460 103
2461 154
2462 121
2463 132
2464 114
2465 94
2466 110
2467 79
2468 135
2469 145
2470 139
2471 125
2472 121
2473 74
2474 133
2475 199
2476 132
2477 185
2478 150
2479 135
2480 139
2481 151
2482 137
2483 129
2484 150
2485 159
2486 139
2487 151
2488 118
2489 154
2490 218
2491 127
2492 89
2493 93
2494 171
2495 119
2496 114
2497 128
2498 117
2499 119
2500 146
2501 109
2502 143
2503 140
2504 150
2505 192
2506 119
2507 151
2508 122
2509 27
2510 81
2511 92
2512 52
2513 81
2514 148
2515 124
2516 126
2517 107
2518 143
2519 180
2520 120
2521 124
2522 103
2523 102
2524 91
2525 145
2526 135
2527 124
2528 141
2529 46
2530 129
2531 125
2532 128
2533 158
2534 145
2535 99
2536 144
2537 160
2538 114
2539 121
2540 121
2541 127
2542 84
2543 109
2544 136
2545 76
2546 124
2547 110
2548 145
2549 109
2550 134
2551 137
2552 121
2553 147
2554 128
2555 114
2556 51
2557 142
2558 131
2559 145
2560 110
2561 115
2562 137
2563 114
2564 133
2565 145
2566 170
2567 143
2568 117
2569 131
2570 136
2571 144
2572 143
2573 111
2574 94
2575 78
2576 122
2577 152
2578 77
2579 132
2580 102
2581 94
2582 149
2583 160
2584 90
2585 146
2586 152
2587 120
2588 143
2589 139
2590 123
2591 86
2592 103
2593 114
2594 123
2595 142
2596 101
2597 108
2598 150
2599 139
2600 143
2601 168
2602 123
2603 96
2604 127
2605 129
2606 151
2607 103
2608 152
2609 139
2610 105
2611 172
2612 128
2613 123
2614 130
2615 103
2616 163
2617 103
2618 77
2619 144
2620 99
2621 127
2622 121
2623 141
2624 140
2625 146
2626 70
2627 112
2628 110
2629 116
2630 110
2631 142
2632 124
2633 96
2634 131
2635 87
2636 123
2637 184
2638 145
2639 138
2640 148
2641 152
2642 78
2643 111
2644 120
2645 87
2646 134
2647 114
2648 132
2649 182
2650 175
2651 123
2652 163
2653 118
2654 94
2655 154
2656 141
2657 162
2658 126
2659 85
2660 112
2661 152
2662 111
2663 143
2664 140
2665 132
2666 122
2667 138
2668 128
2669 157
2670 92
2671 125
2672 157
2673 132
2674 100
2675 137
2676 154
2677 114
2678 135
2679 118
2680 108
2681 129
2682 106
2683 123
2684 174
2685 150
2686 157
2687 121
2688 79
2689 63
2690 148
2691 113
2692 149
2693 160
2694 128
2695 120
2696 105
2697 101
2698 117
2699 132
2700 135
2701 124
2702 119
2703 173
2704 126
2705 110
2706 149
2707 113
2708 165
2709 146
2710 103
2711 149
2712 140
2713 151
2714 118
2715 121
2716 148
2717 146
2718 174
2719 79
2720 127
2721 133
2722 110
2723 108
2724 77
2725 129
2726 128
2727 172
2728 87
2729 159
2730 155
2731 134
2732 157
2733 106
2734 112
2735 124
2736 126
2737 129
2738 115
2739 138
2740 122
2741 118
2742 87
2743 91
2744 159
2745 156
2746 127
2747 130
2748 169
2749 91
2750 138
2751 130
2752 47
2753 60
2754 114
2755 96
2756 119
2757 155
2758 179
2759 102
2760 137
2761 128
2762 76
2763 128
2764 100
2765 121
2766 118
2767 124
2768 115
2769 168
2770 167
2771 165
2772 122
2773 109
2774 129
2775 100
2776 223
2777 140
2778 104
2779 125
2780 110
2781 52
2782 151
2783 139
2784 139
2785 127
2786 148
2787 123
2788 134
2789 20
2790 158
2791 126
2792 136
2793 159
2794 119
2795 121
2796 47
2797 157
2798 80
2799 97
2800 43
2801 130
2802 120
2803 115
2804 90
2805 107
2806 114
2807 135
2808 124
2809 123
2810 159
2811 157
2812 139
2813 141
2814 99
2815 162
2816 129
2817 121
2818 180
2819 117
2820 47
2821 98
2822 133
2823 118
2824 79
2825 146
2826 129
2827 133
2828 136
2829 142
2830 150
2831 104
2832 122
2833 100
2834 136
2835 110
2836 143
2837 147
2838 130
2839 65
2840 128
2841 171
2842 106
2843 117
2844 127
2845 107
2846 190
2847 101
2848 100
2849 78
2850 151
2851 138
2852 120
2853 133
2854 147
2855 124
2856 128
2857 135
2858 130
2859 106
2860 140
2861 111
2862 85
2863 109
2864 120
2865 91
2866 56
2867 64
2868 107
2869 142
2870 93
2871 121
2872 120
2873 79
2874 131
2875 146
2876 147
2877 128
2878 157
2879 154
2880 144
2881 134
2882 119
2883 131
2884 91
2885 111
2886 120
2887 146
2888 122
2889 121
2890 119
2891 142
2892 88
2893 199
2894 138
2895 122
2896 111
2897 144
2898 142
2899 109
2900 125
2901 111
2902 154
2903 95
2904 127
2905 132
2906 179
2907 124
2908 130
2909 157
2910 116
2911 146
2912 179
2913 105
2914 106
2915 140
2916 126
2917 109
2918 143
2919 115
2920 141
2921 134
2922 112
2923 131
2924 123
2925 120
2926 112
2927 129
2928 129
2929 121
2930 139
2931 134
2932 148
2933 120
2934 151
2935 186
2936 118
2937 148
2938 90
2939 124
2940 156
2941 90
2942 168
2943 145
2944 106
2945 127
2946 107
2947 93
2948 133
2949 147
2950 59
2951 140
2952 107
2953 124
2954 150
2955 142
2956 164
2957 144
2958 163
2959 113
2960 104
2961 160
2962 138
2963 71
2964 100
2965 168
2966 125
2967 142
2968 140
2969 119
2970 147
2971 118
2972 101
2973 158
2974 118
2975 82
2976 118
2977 169
2978 146
2979 141
2980 106
2981 125
2982 117
2983 131
2984 104
2985 140
2986 92
2987 101
2988 111
2989 153
2990 111
2991 97
2992 148
2993 149
2994 131
2995 108
2996 93
2997 126
2998 80
2999 107
3000 134
3001 98
3002 120
3003 122
3004 129
3005 103
3006 138
3007 145
3008 117
3009 101
3010 144
3011 122
3012 109
3013 90
3014 121
3015 127
3016 131
3017 139
3018 121
3019 139
3020 71
3021 52
3022 117
3023 126
3024 143
3025 51
3026 124
3027 131
3028 122
3029 135
3030 127
3031 142
3032 182
3033 177
3034 130
3035 125
3036 154
3037 167
3038 158
3039 102
3040 117
3041 138
3042 107
3043 156
3044 138
3045 133
3046 130
3047 146
3048 122
3049 108
3050 121
3051 151
3052 97
3053 160
3054 145
3055 134
3056 61
3057 147
3058 122
3059 166
3060 146
3061 133
3062 112
3063 117
3064 88
3065 118
3066 82
3067 168
3068 133
3069 113
3070 159
3071 117
3072 145
3073 119
3074 114
3075 154
3076 132
3077 88
3078 180
3079 108
3080 129
3081 150
3082 126
3083 104
3084 83
3085 112
3086 159
3087 143
3088 175
3089 105
3090 123
3091 158
3092 148
3093 175
3094 122
3095 138
3096 185
3097 131
3098 108
3099 127
3100 102
3101 106
3102 129
3103 68
3104 166
3105 112
3106 157
3107 115
3108 108
3109 138
3110 88
3111 93
3112 108
3113 120
3114 111
3115 144
3116 95
3117 101
3118 188
3119 108
3120 142
3121 136
3122 115
3123 131
3124 120
3125 139
3126 111
3127 111
3128 156
3129 132
3130 147
3131 116
3132 76
3133 190
3134 123
3135 127
3136 67
3137 137
3138 101
3139 120
3140 126
3141 122
3142 104
3143 156
3144 125
3145 148
3146 127
3147 108
3148 80
3149 149
3150 104
3151 114
3152 100
3153 116
3154 145
3155 120
3156 158
3157 117
3158 130
3159 124
3160 110
3161 121
3162 140
3163 174
3164 67
3165 87
3166 166
3167 155
3168 139
3169 141
3170 108
3171 169
3172 134
3173 125
3174 139
3175 130
3176 127
3177 111
3178 127
3179 107
3180 119
3181 144
3182 129
3183 130
3184 32
3185 118
3186 120
3187 97
3188 139
3189 143
3190 90
3191 105
3192 127
3193 154
3194 126
3195 145
3196 68
3197 60
3198 98
3199 131
3200 115
3201 109
3202 135
3203 134
3204 149
3205 135
3206 126
3207 72
3208 121
3209 129
3210 112
3211 136
3212 63
3213 133
3214 104
3215 115
3216 145
3217 101
3218 134
3219 145
3220 149
3221 128
3222 155
3223 76
3224 121
3225 117
3226 159
3227 40
3228 129
3229 140
3230 127
3231 150
3232 131
3233 109
3234 112
3235 112
3236 128
3237 92
3238 118
3239 187
3240 177
3241 118
3242 142
3243 86
3244 152
3245 135
3246 115
3247 133
3248 120
3249 115
3250 152
3251 138
3252 177
3253 82
3254 172
3255 132
3256 88
3257 96
3258 87
3259 141
3260 102
3261 150
3262 116
3263 149
3264 122
3265 142
3266 132
3267 107
3268 111
3269 163
3270 124
3271 152
3272 109
3273 134
3274 115
3275 121
3276 128
3277 106
3278 115
3279 147
3280 129
3281 146
3282 133
3283 56
3284 125
3285 109
3286 127
3287 116
3288 136
3289 142
3290 165
3291 129
3292 144
3293 113
3294 146
3295 142
3296 131
3297 132
3298 116
3299 144
3300 125
3301 126
3302 162
3303 144
3304 125
3305 138
3306 120
3307 132
3308 127
3309 138
3310 135
3311 104
3312 173
3313 110
3314 112
3315 145
3316 76
3317 111
3318 128
3319 132
3320 116
3321 118
3322 97
3323 111
3324 145
3325 136
3326 98
3327 143
3328 88
3329 77
3330 111
3331 146
3332 195
3333 135
3334 111
3335 128
3336 152
3337 91
3338 100
3339 151
3340 123
3341 128
3342 121
3343 119
3344 143
3345 143
3346 79
3347 137
3348 110
3349 105
3350 99
3351 109
3352 116
3353 166
3354 129
3355 112
3356 165
3357 143
3358 92
3359 130
3360 166
3361 114
3362 124
3363 117
3364 123
3365 120
3366 110
3367 131
3368 98
3369 124
3370 140
3371 140
3372 137
3373 113
3374 128
3375 125
3376 136
3377 116
3378 146
3379 109
3380 97
3381 119
3382 43
3383 150
3384 97
3385 124
3386 89
3387 120
3388 149
3389 92
3390 118
3391 119
3392 90
3393 145
3394 115
3395 143
3396 135
3397 145
3398 142
3399 136
3400 110
3401 131
3402 156
3403 111
3404 134
3405 114
3406 84
3407 93
3408 99
3409 89
3410 114
3411 124
3412 129
3413 115
3414 117
3415 141
3416 117
3417 123
3418 123
3419 165
3420 158
3421 91
3422 142
3423 109
3424 119
3425 70
3426 160
3427 149
3428 126
3429 133
3430 139
3431 111
3432 73
3433 113
3434 89
3435 90
3436 71
3437 130
3438 137
3439 109
3440 99
3441 128
3442 115
3443 165
3444 140
3445 110
3446 102
3447 151
3448 100
3449 148
3450 92
3451 118
3452 131
3453 123
3454 134
3455 113
3456 100
3457 125
3458 158
3459 107
3460 139
3461 138
3462 136
3463 110
3464 121
3465 139
3466 142
3467 155
3468 110
3469 122
3470 136
3471 102
3472 129
3473 150
3474 103
3475 159
3476 88
3477 120
3478 103
3479 44
3480 154
3481 110
3482 110
3483 127
3484 128
3485 113
3486 126
3487 73
3488 134
3489 128
3490 86
3491 133
3492 139
3493 146
3494 157
3495 129
3496 111
3497 66
3498 144
3499 152
3500 140
3501 137
3502 138
3503 120
3504 138
3505 145
3506 130
3507 125
3508 104
3509 121
3510 100
3511 158
3512 156
3513 130
3514 126
3515 120
3516 161
3517 135
3518 175
3519 148
3520 143
3521 151
3522 119
3523 115
3524 84
3525 148
3526 83
3527 115
3528 117
3529 85
3530 121
3531 150
3532 142
3533 117
3534 111
3535 124
3536 106
3537 158
3538 96
3539 96
3540 155
3541 110
3542 97
3543 118
3544 120
3545 125
3546 124
3547 126
3548 100
3549 178
3550 138
3551 110
3552 130
3553 148
3554 136
3555 82
3556 133
3557 91
3558 107
3559 134
3560 110
3561 126
3562 150
3563 55
3564 129
3565 143
3566 136
3567 128
3568 123
3569 114
3570 93
3571 135
3572 116
3573 142
3574 155
3575 154
3576 130
3577 95
3578 142
3579 122
3580 153
3581 109
3582 186
3583 152
3584 141
3585 88
3586 122
3587 91
3588 127
3589 126
3590 166
3591 119
3592 136
3593 89
3594 122
3595 140
3596 134
3597 128
3598 152
3599 114
3600 104
3601 134
3602 59
3603 68
3604 185
3605 127
3606 125
3607 162
3608 109
3609 105
3610 123
3611 133
3612 140
3613 165
3614 114
3615 125
3616 127
3617 96
3618 150
3619 95
3620 141
3621 112
3622 129
3623 137
3624 149
3625 141
3626 87
3627 168
3628 131
3629 126
3630 112
3631 124
3632 134
3633 123
3634 209
3635 128
3636 149
3637 111
3638 70
3639 69
3640 138
3641 152
3642 100
3643 131
3644 122
3645 125
3646 130
3647 142
3648 130
3649 202
3650 159
3651 127
3652 124
3653 117
3654 135
3655 139
3656 86
3657 150
3658 152
3659 119
3660 117
3661 179
3662 194
3663 166
3664 94
3665 163
3666 122
3667 84
3668 77
3669 94
3670 148
3671 275
3672 114
3673 171
3674 155
3675 109
3676 106
3677 104
3678 82
3679 111
3680 133
3681 164
3682 107
3683 116
3684 151
3685 92
3686 55
3687 160
3688 216
3689 128
3690 107
3691 125
3692 80
3693 62
3694 125
3695 120
3696 135
3697 115
3698 138
3699 129
3700 115
3701 167
3702 132
3703 154
3704 118
3705 152
3706 65
3707 106
3708 105
3709 131
3710 150
3711 123
3712 133
3713 119
3714 130
3715 156
3716 111
3717 134
3718 96
3719 127
3720 131
3721 126
3722 127
3723 142
3724 114
3725 93
3726 185
3727 124
3728 105
3729 148
3730 152
3731 132
3732 162
3733 135
3734 143
3735 132
3736 140
3737 142
3738 117
3739 148
3740 128
3741 151
3742 72
3743 129
3744 159
3745 118
3746 89
3747 125
3748 125
3749 162
3750 142
3751 147
3752 103
3753 136
3754 128
3755 89
3756 139
3757 136
3758 137
3759 159
3760 222
3761 130
3762 173
3763 164
3764 100
3765 96
3766 103
3767 141
3768 79
3769 133
3770 190
3771 117
3772 152
3773 155
3774 98
3775 126
3776 131
3777 105
3778 91
3779 140
3780 129
3781 125
3782 139
3783 120
3784 95
3785 118
3786 130
3787 109
3788 141
3789 156
3790 162
3791 143
3792 155
3793 148
3794 69
3795 153
3796 168
3797 122
3798 153
3799 140
3800 102
3801 160
3802 109
3803 135
3804 178
3805 133
3806 158
3807 131
3808 152
3809 120
3810 110
3811 117
3812 73
3813 147
3814 76
3815 133
3816 146
3817 141
3818 126
3819 128
3820 174
3821 165
3822 115
3823 115
3824 154
3825 91
3826 140
3827 112
3828 121
3829 139
3830 132
3831 156
3832 152
3833 131
3834 145
3835 81
3836 106
3837 138
3838 96
3839 112
3840 129
3841 146
3842 125
3843 110
3844 123
3845 112
3846 109
3847 114
3848 163
3849 129
3850 157
3851 139
3852 149
3853 110
3854 138
3855 140
3856 122
3857 130
3858 143
3859 143
3860 143
3861 140
3862 131
3863 133
3864 130
3865 130
3866 163
3867 147
3868 127
3869 116
3870 101
3871 155
3872 137
3873 94
3874 107
3875 119
3876 154
3877 161
3878 156
3879 156
3880 128
3881 141
3882 142
3883 152
3884 102
3885 110
3886 141
3887 104
3888 149
3889 152
3890 135
3891 73
3892 169
3893 154
3894 127
3895 79
3896 158
3897 143
3898 92
3899 149
3900 108
3901 102
3902 79
3903 153
3904 142
3905 150
3906 89
3907 107
3908 111
3909 83
3910 137
3911 156
3912 118
3913 165
3914 87
3915 125
3916 148
3917 91
3918 163
3919 147
3920 121
3921 136
3922 106
3923 136
3924 110
3925 93
3926 97
3927 152
3928 123
3929 169
3930 76
3931 95
3932 120
3933 109
3934 134
3935 136
3936 134
3937 117
3938 74
3939 132
3940 90
3941 161
3942 125
3943 71
3944 110
3945 105
3946 134
3947 165
3948 135
3949 129
3950 147
3951 131
3952 166
3953 78
3954 115
3955 130
3956 184
3957 126
3958 119
3959 112
3960 108
3961 110
3962 107
3963 127
3964 117
3965 27
3966 147
3967 112
3968 136
3969 129
3970 111
3971 99
3972 140
3973 154
3974 163
3975 146
3976 91
3977 128
3978 145
3979 121
3980 108
3981 131
3982 119
3983 177
3984 181
3985 141
3986 136
3987 80
3988 138
3989 74
3990 128
3991 141
3992 116
3993 131
3994 109
3995 161
3996 118
3997 95
3998 123
3999 160
4000 116
4001 161
4002 114
4003 96
4004 144
4005 105
4006 182
4007 135
4008 139
4009 125
4010 150
4011 141
4012 140
4013 147
4014 139
4015 122
4016 189
4017 111
4018 114
4019 135
4020 119
4021 126
4022 113
4023 59
4024 132
4025 117
4026 144
4027 182
4028 133
4029 132
4030 153
4031 96
4032 109
4033 113
4034 111
4035 139
4036 90
4037 76
4038 159
4039 161
4040 159
4041 130
4042 115
4043 165
4044 143
4045 102
4046 158
4047 112
4048 168
4049 87
4050 130
4051 90
4052 117
4053 87
4054 103
4055 96
4056 124
4057 105
4058 112
4059 127
4060 107
4061 140
4062 177
4063 129
4064 116
4065 165
4066 124
4067 131
4068 125
4069 154
4070 162
4071 67
4072 158
4073 107
4074 112
4075 145
4076 116
4077 108
4078 145
4079 128
4080 145
4081 138
4082 136
4083 106
4084 110
4085 125
4086 148
4087 46
4088 72
4089 124
4090 143
4091 146
4092 111
4093 206
4094 156
4095 132
4096 121
4097 97
4098 116
4099 123
4100 145
4101 124
4102 132
4103 144
4104 127
4105 156
4106 151
4107 122
4108 145
4109 166
4110 118
4111 127
4112 172
4113 124
4114 125
4115 177
4116 129
4117 135
4118 131
4119 62
4120 185
4121 132
4122 161
4123 124
4124 84
4125 138
4126 108
4127 147
4128 90
4129 100
4130 161
4131 139
4132 97
4133 186
4134 136
4135 156
4136 125
4137 127
4138 216
4139 138
4140 105
4141 133
4142 127
4143 147
4144 105
4145 119
4146 118
4147 127
4148 139
4149 138
4150 126
4151 148
4152 99
4153 127
4154 130
4155 96
4156 72
4157 102
4158 80
4159 121
4160 161
4161 156
4162 120
4163 127
4164 108
4165 100
4166 95
4167 87
4168 88
4169 107
4170 153
4171 65
4172 156
4173 108
4174 155
4175 139
4176 86
4177 119
4178 139
4179 125
4180 123
4181 138
4182 121
4183 120
4184 136
4185 129
4186 103
4187 109
4188 86
4189 138
4190 96
4191 96
4192 74
4193 120
4194 102
4195 123
4196 97
4197 99
4198 126
4199 128
4200 137
4201 126
4202 93
4203 127
4204 91
4205 131
4206 117
4207 116
4208 115
4209 116
4210 137
4211 120
4212 119
4213 92
4214 93
4215 164
4216 183
4217 91
4218 133
4219 151
4220 106
4221 148
4222 25
4223 127
4224 94
4225 145
4226 138
4227 137
4228 132
4229 127
4230 146
4231 153
4232 132
4233 82
4234 170
4235 137
4236 124
4237 129
4238 122
4239 118
4240 118
4241 94
4242 79
4243 120
4244 142
4245 143
4246 91
4247 156
4248 61
4249 77
4250 126
4251 104
4252 159
4253 129
4254 118
4255 117
4256 127
4257 138
4258 142
4259 94
4260 144
4261 112
4262 134
4263 100
4264 125
4265 106
4266 119
4267 90
4268 149
4269 116
4270 139
4271 122
4272 121
4273 118
4274 76
4275 136
4276 146
4277 150
4278 108
4279 111
4280 132
4281 95
4282 129
4283 126
4284 143
4285 137
4286 118
4287 144
4288 96
4289 105
4290 132
4291 149
4292 121
4293 123
4294 125
4295 83
4296 124
4297 130
4298 132
4299 109
4300 111
4301 172
4302 158
4303 153
4304 48
4305 164
4306 135
4307 162
4308 144
4309 148
4310 121
4311 114
4312 119
4313 125
4314 96
4315 116
4316 115
4317 125
4318 114
4319 111
4320 110
4321 151
4322 73
4323 137
4324 146
4325 115
4326 91
4327 107
4328 158
4329 47
4330 125
4331 120
4332 144
4333 136
4334 160
4335 152
4336 155
4337 115
4338 142
4339 145
4340 74
4341 137
4342 123
4343 111
4344 112
4345 151
4346 137
4347 122
4348 179
4349 107
4350 116
4351 116
4352 158
4353 116
4354 104
4355 138
4356 120
4357 73
4358 116
4359 159
4360 131
4361 170
4362 89
4363 141
4364 123
4365 115
4366 146
4367 149
4368 116
4369 115
4370 148
4371 134
4372 122
4373 162
4374 127
4375 112
4376 178
4377 116
4378 130
4379 114
4380 133
4381 137
4382 164
4383 165
4384 134
4385 125
4386 113
4387 137
4388 120
4389 191
4390 138
4391 145
4392 131
4393 132
4394 129
4395 119
4396 155
4397 117
4398 154
4399 154
4400 132
4401 122
4402 71
4403 147
4404 127
4405 141
4406 103
4407 158
4408 123
4409 113
4410 100
4411 134
4412 89
4413 122
4414 111
4415 153
4416 100
4417 169
4418 131
4419 131
4420 123
4421 127
4422 108
4423 105
4424 84
4425 140
4426 101
4427 114
4428 121
4429 114
4430 126
4431 117
4432 137
4433 94
4434 153
4435 146
4436 177
4437 148
4438 107
4439 148
4440 123
4441 138
4442 42
4443 190
4444 108
4445 130
4446 122
4447 156
4448 108
4449 117
4450 107
4451 143
4452 125
4453 129
4454 154
4455 123
4456 99
4457 148
4458 153
4459 127
4460 108
4461 76
4462 155
4463 102
4464 181
4465 124
4466 119
4467 130
4468 150
4469 105
4470 139
4471 101
4472 127
4473 123
4474 112
4475 166
4476 114
4477 124
4478 110
4479 157
4480 87
4481 131
4482 156
4483 111
4484 130
4485 108
4486 84
4487 162
4488 138
4489 110
4490 94
4491 167
4492 123
4493 165
4494 92
4495 118
4496 111
4497 119
4498 59
4499 129
4500 86
4501 108
4502 118
4503 105
4504 149
4505 154
4506 93
4507 145
4508 163
4509 122
4510 118
4511 101
4512 64
4513 120
4514 147
4515 150
4516 97
4517 137
4518 56
4519 134
4520 90
4521 147
4522 126
4523 51
4524 123
4525 85
4526 92
4527 131
4528 137
4529 156
4530 144
4531 116
4532 153
4533 115
4534 102
4535 127
4536 154
4537 124
4538 116
4539 109
4540 97
4541 107
4542 142
4543 144
4544 143
4545 122
4546 119
4547 113
4548 100
4549 128
4550 138
4551 133
4552 125
4553 140
4554 130
4555 141
4556 101
4557 148
4558 176
4559 133
4560 190
4561 154
4562 68
4563 160
4564 106
4565 140
4566 117
4567 103
4568 160
4569 93
4570 105
4571 128
4572 76
4573 133
4574 102
4575 123
4576 119
4577 107
4578 127
4579 134
4580 126
4581 160
4582 130
4583 155
4584 131
4585 106
4586 111
4587 135
4588 135
4589 128
4590 112
4591 98
4592 90
4593 136
4594 119
4595 107
4596 115
4597 124
4598 112
4599 140
4600 62
4601 114
4602 146
4603 119
4604 113
4605 106
4606 62
4607 110
4608 131
4609 95
4610 30
4611 135
4612 146
4613 149
4614 148
4615 122
4616 123
4617 118
4618 131
4619 168
4620 135
4621 106
4622 170
4623 123
4624 160
4625 119
4626 141
4627 154
4628 113
4629 145
4630 127
4631 104
4632 124
4633 100
4634 136
4635 135
4636 121
4637 143
4638 141
4639 115
4640 126
4641 44
4642 119
4643 143
4644 161
4645 111
4646 139
4647 143
4648 94
4649 127
4650 123
4651 174
4652 117
4653 116
4654 116
4655 114
4656 125
4657 118
4658 95
4659 111
4660 179
4661 129
4662 132
4663 135
4664 140
4665 165
4666 119
4667 116
4668 81
4669 109
4670 161
4671 116
4672 129
4673 128
4674 126
4675 98
4676 95
4677 151
4678 144
4679 144
4680 136
4681 104
4682 144
4683 133
4684 106
4685 112
4686 138
4687 113
4688 107
4689 134
4690 168
4691 103
4692 136
4693 174
4694 141
4695 162
4696 158
4697 101
4698 130
4699 143
4700 148
4701 47
4702 106
4703 143
4704 110
4705 178
4706 171
4707 130
4708 112
4709 142
4710 118
4711 139
4712 113
4713 128
4714 123
4715 115
4716 162
4717 118
4718 102
4719 137
4720 135
4721 123
4722 128
4723 131
4724 148
4725 143
4726 128
4727 147
4728 116
4729 141
4730 162
4731 130
4732 126
4733 89
4734 114
4735 137
4736 125
4737 137
4738 127
4739 90
4740 173
4741 128
4742 130
4743 115
4744 139
4745 146
4746 170
4747 152
4748 142
4749 134
4750 140
4751 128
4752 102
4753 119
4754 136
4755 156
4756 147
4757 65
4758 120
4759 159
4760 122
4761 90
4762 97
4763 125
4764 47
4765 145
4766 138
4767 121
4768 126
4769 121
4770 178
4771 89
4772 159
4773 148
4774 145
4775 110
4776 159
4777 127
4778 114
4779 118
4780 154
4781 88
4782 120
4783 112
4784 108
4785 133
4786 105
4787 180
4788 107
4789 128
4790 114
4791 121
4792 124
4793 123
4794 86
4795 102
4796 95
4797 113
4798 87
4799 105
4800 133
4801 203
4802 129
4803 149
4804 109
4805 158
4806 105
4807 153
4808 127
4809 66
4810 166
4811 137
4812 145
4813 117
4814 136
4815 115
4816 140
4817 117
4818 118
4819 102
4820 146
4821 130
4822 115
4823 127
4824 149
4825 128
4826 167
4827 134
4828 135
4829 117
4830 126
4831 81
4832 119
4833 145
4834 143
4835 135
4836 119
4837 133
4838 156
4839 145
4840 113
4841 155
4842 146
4843 165
4844 110
4845 126
4846 130
4847 112
4848 153
4849 135
4850 147
4851 114
4852 129
4853 138
4854 161
4855 156
4856 140
4857 97
4858 146
4859 107
4860 114
4861 116
4862 182
4863 102
4864 151
4865 139
4866 169
4867 104
4868 120
4869 116
4870 101
4871 103
4872 140
4873 119
4874 103
4875 134
4876 94
4877 120
4878 105
4879 147
4880 192
4881 140
4882 110
4883 148
4884 171
4885 93
4886 123
4887 128
4888 121
4889 169
4890 126
4891 124
4892 116
4893 169
4894 136
4895 98
4896 140
4897 129
4898 100
4899 195
4900 137
4901 138
4902 99
4903 128
4904 78
4905 173
4906 123
4907 109
4908 186
4909 198
4910 116
4911 84
4912 91
4913 106
4914 114
4915 91
4916 105
4917 128
4918 135
4919 111
4920 62
4921 122
4922 81
4923 89
4924 104
4925 120
4926 140
4927 134
4928 124
4929 120
4930 0
4931 127
4932 94
4933 119
4934 135
4935 87
4936 151
4937 26
4938 101
4939 135
4940 123
4941 159
4942 124
4943 81
4944 148
4945 93
4946 58
4947 123
4948 133
4949 124
4950 65
4951 116
4952 115
4953 105
4954 105
4955 123
4956 115
4957 133
4958 176
4959 175
4960 114
4961 164
4962 105
4963 105
4964 129
4965 107
4966 100
4967 140
4968 122
4969 145
4970 103
4971 128
4972 108
4973 126
4974 136
4975 127
4976 147
4977 176
4978 160
4979 135
4980 130
4981 150
4982 151
4983 123
4984 113
4985 126
4986 122
4987 112
4988 160
4989 126
4990 133
4991 109
4992 130
4993 118
4994 123
4995 96
4996 136
4997 148
4998 159
4999 115
5000 138
5001 101
5002 121
5003 152
5004 133
5005 119
5006 129
5007 142
5008 94
5009 96
5010 158
5011 77
5012 135
5013 111
5014 114
5015 119
5016 105
5017 136
5018 111
5019 89
5020 129
5021 124
5022 120
5023 146
5024 140
5025 78
5026 126
5027 112
5028 149
5029 141
5030 120
5031 84
5032 124
5033 105
5034 82
5035 121
5036 133
5037 128
5038 128
5039 154
5040 147
5041 87
5042 161
5043 157
5044 143
5045 138
5046 87
5047 123
5048 115
5049 120
5050 104
5051 141
5052 156
5053 90
5054 113
5055 99
5056 127
5057 149
5058 112
5059 161
5060 86
5061 143
5062 141
5063 103
5064 149
5065 131
5066 71
5067 132
5068 93
5069 118
5070 164
5071 165
5072 125
5073 118
5074 127
5075 177
5076 136
5077 125
5078 95
5079 154
5080 152
5081 119
5082 129
5083 100
5084 136
5085 126
5086 121
5087 125
5088 123
5089 130
5090 169
5091 112
5092 117
5093 105
5094 148
5095 125
5096 141
5097 124
5098 72
5099 109
5100 109
5101 122
5102 108
5103 152
5104 104
5105 98
5106 147
5107 105
5108 89
5109 118
5110 111
5111 119
5112 119
5113 115
5114 140
5115 129
5116 83
5117 94
5118 136
5119 184
5120 117
5121 104
5122 103
5123 116
5124 129
5125 131
5126 114
5127 103
5128 126
5129 158
5130 143
5131 164
5132 166
5133 133
5134 136
5135 106
5136 113
5137 160
5138 118
5139 125
5140 101
5141 149
5142 127
5143 114
5144 169
5145 85
5146 118
5147 105
5148 134
5149 132
5150 105
5151 127
5152 172
5153 93
5154 112
5155 161
5156 107
5157 117
5158 80
5159 103
5160 80
5161 145
5162 119
5163 164
5164 220
5165 135
5166 114
5167 116
5168 144
5169 130
5170 145
5171 129
5172 156
5173 135
5174 151
5175 111
5176 178
5177 126
5178 119
5179 65
5180 119
5181 104
5182 139
5183 113
5184 117
5185 102
5186 170
5187 129
5188 74
5189 143
5190 137
5191 177
5192 117
5193 100
5194 153
5195 118
5196 116
5197 141
5198 150
5199 116
5200 147
5201 143
5202 121
5203 111
5204 109
5205 156
5206 88
5207 124
5208 145
5209 170
5210 100
5211 123
5212 88
5213 30
5214 136
5215 135
5216 114
5217 157
5218 156
5219 140
5220 94
5221 106
5222 100
5223 112
5224 130
5225 138
5226 155
5227 90
5228 115
5229 159
5230 92
5231 134
5232 99
5233 33
5234 108
5235 154
5236 88
5237 139
5238 113
5239 128
5240 105
5241 154
5242 105
5243 122
5244 128
5245 134
5246 144
5247 129
5248 142
5249 104
5250 155
5251 98
5252 80
5253 106
5254 115
5255 130
5256 72
5257 101
5258 127
5259 122
5260 84
5261 114
5262 135
5263 173
5264 118
5265 116
5266 123
5267 71
5268 135
5269 76
5270 144
5271 116
5272 135
5273 144
5274 140
5275 160
5276 130
5277 104
5278 112
5279 119
5280 127
5281 121
5282 126
5283 161
5284 84
5285 139
5286 5
5287 133
5288 82
5289 128
5290 179
5291 125
5292 110
5293 133
5294 161
5295 140
5296 156
5297 95
5298 144
5299 150
5300 91
5301 135
5302 190
5303 127
5304 146
5305 104
5306 115
5307 135
5308 99
5309 130
5310 103
5311 141
5312 117
5313 135
5314 159
5315 110
5316 118
5317 105
5318 116
5319 124
5320 83
5321 121
5322 107
5323 116
5324 67
5325 137
5326 112
5327 148
5328 118
5329 132
5330 138
5331 171
5332 116
5333 109
5334 133
5335 148
5336 184
5337 103
5338 145
5339 120
5340 120
5341 119
5342 124
5343 106
5344 70
5345 108
5346 113
5347 152
5348 135
5349 125
5350 126
5351 117
5352 137
5353 119
5354 117
5355 91
5356 108
5357 112
5358 104
5359 118
5360 119
5361 163
5362 138
5363 149
5364 123
5365 102
5366 103
5367 121
5368 124
5369 151
5370 128
5371 134
5372 126
5373 129
5374 136
5375 168
5376 104
5377 175
5378 158
5379 102
5380 102
5381 126
5382 145
5383 116
5384 106
5385 107
5386 101
5387 144
5388 145
5389 109
5390 145
5391 148
5392 103
5393 150
5394 147
5395 135
5396 119
5397 146
5398 138
5399 105
5400 175
5401 139
5402 155
5403 130
5404 127
5405 81
5406 136
5407 104
5408 142
5409 101
5410 137
5411 136
5412 75
5413 111
5414 116
5415 91
5416 150
5417 134
5418 129
5419 118
5420 152
5421 129
5422 134
5423 116
5424 128
5425 60
5426 142
5427 92
5428 156
5429 136
5430 126
5431 127
5432 145
5433 132
5434 128
5435 60
5436 123
5437 146
5438 121
5439 170
5440 116
5441 107
5442 118
5443 168
5444 119
5445 74
5446 84
5447 85
5448 148
5449 173
5450 104
5451 104
5452 131
5453 124
5454 178
5455 125
5456 126
5457 116
5458 132
5459 165
5460 109
5461 170
5462 131
5463 145
5464 125
5465 99
5466 87
5467 113
5468 116
5469 119
5470 85
5471 120
5472 112
5473 136
5474 129
5475 188
5476 146
5477 156
5478 94
5479 100
5480 169
5481 121
5482 107
5483 124
5484 118
5485 103
5486 123
5487 91
5488 133
5489 146
5490 174
5491 101
5492 149
5493 154
5494 134
5495 120
5496 128
5497 146
5498 152
5499 129
