Vertices: 900
Edges: 6300
Time: 0,695 ms
Iterations: 6295
Vertex Distance
0 0
1 62
2 88
3 86
4 95
5 118
6 117
7 71
8 109
9 78
10 105
11 108
12 34
13 102
14 108
15 94
16 81
17 108
18 57
19 134
20 63
21 35
22 98
23 131
24 87
25 78
26 104
27 115
28 94
29 58
30 66
31 114
32 102
33 77
34 112
35 52
36 130
37 103
38 138
39 106
40 99
41 107
42 102
43 78
44 82
45 85
46 78
47 37
48 107
49 111
50 86
51 111
52 62
53 112
54 107
55 115
56 50
57 95
58 82
59 58
60 55
61 87
62 117
63 86
64 91
65 76
66 95
67 104
68 83
69 38
70 83
71 90
72 120
73 73
74 89
75 60
76 64
77 100
78 66
79 76
80 126
81 82
82 84
83 75
84 75
85 93
86 79
87 84
88 106
89 78
90 125
91 164
92 119
93 70
94 82
95 66
96 74
97 86
98 75
99 92
100 66
101 93
102 120
103 116
104 87
105 122
106 70
107 123
108 80
109 158
110 94
111 101
112 65
113 104
114 152
115 111
116 108
117 92
118 109
119 141
120 96
121 85
122 68
123 58
124 100
125 36
126 88
127 71
128 176
129 57
130 105
131 57
132 107
133 95
134 119
135 49
136 97
137 61
138 73
139 73
140 106
141 77
142 80
143 107
144 80
145 97
146 60
147 81
148 8
149 93
150 110
151 62
152 87
153 88
154 29
155 64
156 70
157 105
158 120
159 134
160 83
161 123
162 86
163 102
164 78
165 109
166 74
167 92
168 95
169 84
170 39
171 107
172 78
173 62
174 94
175 92
176 49
177 102
178 115
179 85
180 106
181 70
182 92
183 107
184 111
185 60
186 117
187 90
188 107
189 89
190 51
191 128
192 52
193 105
194 82
195 103
196 131
197 128
198 58
199 89
200 78
201 169
202 59
203 70
204 97
205 126
206 94
207 108
208 117
209 91
210 102
211 71
212 129
213 107
214 107
215 138
216 94
217 77
218 72
219 139
220 113
221 80
222 77
223 90
224 102
225 99
226 112
227 106
228 56
229 99
230 106
231 105
232 48
233 95
234 60
235 69
236 40
237 132
238 76
239 109
240 59
241 53
242 103
243 73
244 76
245 125
246 95
247 91
248 98
249 114
250 108
251 110
252 56
253 82
254 69
255 79
256 89
257 86
258 68
259 81
260 101
261 87
262 89
263 128
264 105
265 104
266 98
267 65
268 97
269 103
270 97
271 109
272 105
273 95
274 95
275 83
276 68
277 66
278 152
279 49
280 36
281 91
282 77
283 138
284 103
285 60
286 84
287 85
288 60
289 92
290 100
291 93
292 51
293 124
294 100
295 113
296 108
297 70
298 72
299 118
300 116
301 106
302 145
303 123
304 72
305 128
306 109
307 109
308 71
309 80
310 103
311 79
312 89
313 122
314 44
315 129
316 59
317 57
318 50
319 67
320 58
321 39
322 91
323 92
324 76
325 36
326 80
327 109
328 87
329 194
330 158
331 87
332 81
333 97
334 108
335 88
336 100
337 109
338 137
339 125
340 149
341 101
342 94
343 97
344 97
345 107
346 100
347 79
348 36
349 84
350 88
351 45
352 109
353 117
354 76
355 80
356 96
357 118
358 102
359 86
360 109
361 77
362 86
363 62
364 121
365 86
366 100
367 93
368 158
369 109
370 86
371 132
372 91
373 81
374 46
375 65
376 72
377 69
378 105
379 76
380 96
381 82
382 67
383 106
384 100
385 77
386 158
387 137
388 76
389 101
390 93
391 86
392 91
393 60
394 66
395 94
396 72
397 86
398 55
399 81
400 87
401 138
402 105
403 89
404 62
405 64
406 60
407 61
408 69
409 77
410 88
411 62
412 93
413 119
414 126
415 76
416 111
417 91
418 77
419 76
420 77
421 102
422 85
423 89
424 60
425 67
426 61
427 93
428 150
429 106
430 106
431 130
432 103
433 89
434 100
435 80
436 87
437 82
438 98
439 93
440 60
441 104
442 119
443 73
444 96
445 108
446 48
447 122
448 97
449 122
450 111
451 85
452 98
453 81
454 96
455 101
456 103
457 88
458 102
459 96
460 110
461 128
462 137
463 82
464 60
465 145
466 79
467 94
468 106
469 81
470 48
471 112
472 104
473 58
474 50
475 119
476 80
477 137
478 113
479 130
480 88
481 83
482 95
483 101
484 71
485 86
486 126
487 174
488 147
489 98
490 65
491 115
492 118
493 93
494 112
495 82
496 97
497 116
498 88
499 107
500 118
501 114
502 92
503 127
504 107
505 142
506 74
507 78
508 108
509 70
510 99
511 97
512 91
513 58
514 68
515 104
516 56
517 79
518 113
519 118
520 89
521 103
522 53
523 87
524 110
525 42
526 143
527 90
528 101
529 62
530 150
531 87
532 80
533 76
534 83
535 101
536 92
537 99
538 93
539 97
540 156
541 78
542 107
543 88
544 100
545 83
546 77
547 103
548 45
549 98
550 103
551 99
552 111
553 90
554 91
555 97
556 69
557 125
558 74
559 123
560 105
561 114
562 74
563 89
564 111
565 72
566 116
567 69
568 58
569 87
570 78
571 77
572 77
573 102
574 116
575 82
576 103
577 90
578 80
579 113
580 57
581 91
582 83
583 74
584 112
585 98
586 93
587 111
588 91
589 125
590 136
591 103
592 90
593 119
594 96
595 40
596 64
597 71
598 76
599 121
600 45
601 109
602 52
603 108
604 59
605 64
606 112
607 41
608 55
609 133
610 63
611 155
612 65
613 94
614 116
615 63
616 101
617 99
618 98
619 86
620 49
621 66
622 65
623 75
624 69
625 91
626 149
627 99
628 83
629 92
630 105
631 50
632 110
633 78
634 80
635 72
636 128
637 78
638 141
639 90
640 85
641 106
642 74
643 64
644 83
645 59
646 97
647 105
648 109
649 77
650 85
651 100
652 91
653 129
654 98
655 109
656 98
657 82
658 93
659 79
660 92
661 151
662 64
663 128
664 118
665 124
666 85
667 88
668 86
669 98
670 98
671 94
672 62
673 112
674 78
675 77
676 79
677 123
678 107
679 82
680 106
681 134
682 132
683 78
684 88
685 93
686 94
687 121
688 80
689 59
690 125
691 85
692 98
693 100
694 146
695 73
696 38
697 99
698 107
699 70
700 64
701 73
702 97
703 81
704 118
705 80
706 69
707 92
708 68
709 82
710 87
711 113
712 66
713 149
714 117
715 111
716 173
717 33
718 100
719 114
720 123
721 94
722 99
723 104
724 101
725 70
726 93
727 99
728 95
729 156
730 94
731 114
732 104
733 123
734 74
735 113
736 94
737 87
738 75
739 51
740 112
741 65
742 89
743 0
744 107
745 117
746 40
747 8
748 57
749 81
750 93
751 80
752 104
753 69
754 76
755 109
756 90
757 95
758 58
759 136
760 115
761 80
762 112
763 65
764 81
765 73
766 64
767 98
768 100
769 130
770 62
771 119
772 107
773 98
774 89
775 81
776 111
777 181
778 105
779 86
780 63
781 41
782 104
783 62
784 74
785 93
786 79
787 76
788 70
789 107
790 106
791 106
792 53
793 80
794 73
795 71
796 99
797 48
798 101
799 94
800 94
801 120
802 103
803 107
804 94
805 81
806 128
807 79
808 77
809 128
810 105
811 99
812 53
813 89
814 79
815 129
816 104
817 113
818 79
819 112
820 83
821 54
822 104
823 86
824 101
825 42
826 112
827 96
828 73
829 78
830 76
831 73
832 66
833 81
834 81
835 128
836 88
837 96
838 106
839 60
840 56
841 105
842 99
843 85
844 89
845 55
846 68
847 73
848 70
849 119
850 111
851 132
852 72
853 94
854 62
855 88
856 119
857 100
858 86
859 76
860 99
861 97
862 96
863 104
864 76
865 33
866 99
867 79
868 70
869 103
870 65
871 82
872 104
873 91
874 100
875 106
876 83
877 90
878 37
879 96
880 116
881 87
882 85
883 89
884 109
885 30
886 77
887 41
888 87
889 119
890 81
891 66
892 66
893 97
894 96
895 126
896 63
897 34
898 58
899 85
