Vertices: 6900
Edges: 48300
Time: 2,284 ms
Iterations: 48238
Vertex Distance
0 0
1 79
2 142
3 153
4 141
5 115
6 175
7 137
8 188
9 101
10 74
11 109
12 144
13 118
14 137
15 137
16 88
17 57
18 137
19 124
20 161
21 44
22 142
23 144
24 209
25 183
26 138
27 118
28 131
29 135
30 151
31 139
32 148
33 166
34 191
35 157
36 134
37 132
38 113
39 128
40 140
41 138
42 127
43 125
44 174
45 137
46 134
47 142
48 106
49 174
50 156
51 137
52 126
53 142
54 159
55 118
56 130
57 138
58 152
59 151
60 127
61 144
62 167
63 107
64 138
65 108
66 133
67 80
68 130
69 131
70 125
71 71
72 136
73 152
74 158
75 115
76 98
77 114
78 134
79 140
80 154
81 140
82 153
83 128
84 159
85 144
86 153
87 148
88 160
89 165
90 174
91 141
92 214
93 127
94 141
95 148
96 150
97 181
98 128
99 148
100 132
101 88
102 139
103 155
104 163
105 129
106 122
107 117
108 167
109 109
110 122
111 118
112 140
113 137
114 147
115 151
116 208
117 127
118 147
119 139
120 121
121 173
122 143
123 169
124 144
125 141
126 89
127 144
128 109
129 155
130 147
131 89
132 134
133 138
134 126
135 135
136 163
137 108
138 116
139 136
140 107
141 136
142 163
143 120
144 117
145 145
146 169
147 113
148 161
149 176
150 176
151 149
152 123
153 114
154 144
155 158
156 172
157 153
158 181
159 152
160 132
161 189
162 137
163 139
164 187
165 177
166 153
167 141
168 118
169 132
170 122
171 146
172 146
173 120
174 116
175 141
176 132
177 158
178 140
179 147
180 111
181 182
182 130
183 160
184 95
185 108
186 127
187 129
188 173
189 147
190 189
191 143
192 140
193 131
194 145
195 138
196 168
197 159
198 99
199 146
200 163
201 188
202 153
203 121
204 140
205 92
206 164
207 149
208 128
209 139
210 125
211 138
212 165
213 121
214 118
215 159
216 154
217 145
218 141
219 89
220 177
221 140
222 134
223 149
224 153
225 185
226 126
227 141
228 144
229 174
230 156
231 114
232 127
233 103
234 147
235 119
236 119
237 141
238 131
239 149
240 134
241 97
242 167
243 139
244 112
245 150
246 117
247 93
248 138
249 148
250 142
251 127
252 139
253 120
254 149
255 105
256 154
257 132
258 127
259 121
260 163
261 182
262 116
263 151
264 126
265 124
266 114
267 130
268 135
269 153
270 141
271 146
272 176
273 174
274 119
275 153
276 169
277 157
278 156
279 149
280 119
281 161
282 137
283 158
284 156
285 145
286 179
287 129
288 126
289 133
290 88
291 129
292 144
293 115
294 129
295 117
296 144
297 137
298 129
299 186
300 141
301 131
302 155
303 188
304 108
305 118
306 147
307 166
308 111
309 157
310 228
311 141
312 106
313 102
314 221
315 126
316 143
317 105
318 163
319 135
320 147
321 136
322 152
323 71
324 177
325 129
326 178
327 138
328 92
329 196
330 121
331 94
332 170
333 116
334 108
335 114
336 87
337 136
338 133
339 131
340 141
341 131
342 132
343 130
344 101
345 154
346 145
347 141
348 142
349 186
350 185
351 180
352 183
353 143
354 167
355 140
356 181
357 171
358 143
359 138
360 119
361 102
362 118
363 110
364 128
365 124
366 120
367 121
368 172
369 187
370 150
371 149
372 160
373 141
374 129
375 129
376 115
377 103
378 146
379 146
380 159
381 131
382 143
383 113
384 109
385 144
386 131
387 154
388 125
389 167
390 138
391 125
392 166
393 131
394 138
395 139
396 162
397 138
398 111
399 116
400 144
401 146
402 139
403 149
404 126
405 154
406 142
407 119
408 119
409 101
410 119
411 158
412 129
413 156
414 93
415 128
416 163
417 142
418 117
419 119
420 109
421 131
422 130
423 181
424 161
425 148
426 138
427 115
428 158
429 123
430 125
431 111
432 111
433 124
434 80
435 140
436 145
437 159
438 175
439 137
440 148
441 184
442 116
443 147
444 121
445 200
446 145
447 111
448 215
449 152
450 138
451 159
452 121
453 134
454 195
455 130
456 145
457 125
458 182
459 190
460 174
461 144
462 113
463 121
464 148
465 136
466 155
467 184
468 91
469 115
470 130
471 144
472 131
473 113
474 171
475 115
476 192
477 113
478 95
479 143
480 126
481 169
482 157
483 166
484 151
485 155
486 186
487 141
488 105
489 153
490 100
491 129
492 137
493 125
494 111
495 92
496 132
497 151
498 61
499 153
500 131
501 120
502 102
503 213
504 118
505 144
506 167
507 111
508 113
509 159
510 135
511 109
512 185
513 184
514 126
515 50
516 157
517 167
518 147
519 61
520 197
521 172
522 104
523 97
524 149
525 96
526 139
527 147
528 129
529 134
530 202
531 152
532 135
533 123
534 172
535 164
536 95
537 103
538 152
539 188
540 141
541 151
542 154
543 112
544 133
545 121
546 173
547 148
548 131
549 158
550 126
551 137
552 113
553 144
554 182
555 119
556 150
557 109
558 147
559 136
560 153
561 155
562 159
563 143
564 130
565 160
566 118
567 115
568 129
569 134
570 182
571 181
572 158
573 142
574 120
575 152
576 86
577 127
578 104
579 188
580 143
581 93
582 143
583 177
584 146
585 173
586 108
587 179
588 126
589 128
590 162
591 121
592 126
593 163
594 136
595 138
596 131
597 183
598 130
599 136
600 116
601 186
602 149
603 109
604 109
605 161
606 165
607 125
608 158
609 146
610 92
611 209
612 174
613 144
614 109
615 203
616 135
617 111
618 154
619 155
620 132
621 165
622 156
623 135
624 131
625 138
626 141
627 176
628 167
629 152
630 142
631 148
632 156
633 141
634 139
635 135
636 166
637 147
638 136
639 100
640 172
641 176
642 173
643 135
644 137
645 75
646 166
647 179
648 145
649 117
650 174
651 162
652 121
653 116
654 146
655 160
656 127
657 111
658 175
659 146
660 162
661 54
662 114
663 153
664 133
665 194
666 103
667 135
668 177
669 123
670 115
671 126
672 131
673 133
674 134
675 152
676 148
677 207
678 180
679 126
680 142
681 68
682 146
683 123
684 146
685 157
686 119
687 184
688 169
689 121
690 127
691 122
692 111
693 184
694 138
695 85
696 134
697 147
698 138
699 160
700 137
701 153
702 137
703 124
704 147
705 120
706 149
707 130
708 161
709 120
710 131
711 141
712 142
713 95
714 230
715 182
716 125
717 126
718 145
719 162
720 139
721 81
722 128
723 161
724 117
725 148
726 113
727 166
728 117
729 162
730 150
731 149
732 110
733 82
734 107
735 142
736 181
737 151
738 181
739 180
740 94
741 128
742 130
743 150
744 114
745 111
746 168
747 137
748 138
749 155
750 139
751 134
752 132
753 206
754 140
755 154
756 171
757 153
758 107
759 124
760 173
761 132
762 187
763 130
764 188
765 146
766 152
767 136
768 101
769 192
770 137
771 148
772 148
773 168
774 124
775 116
776 126
777 164
778 150
779 153
780 164
781 143
782 135
783 136
784 101
785 147
786 118
787 144
788 137
789 137
790 122
791 170
792 126
793 146
794 120
795 140
796 130
797 127
798 109
799 116
800 175
801 103
802 157
803 144
804 127
805 148
806 163
807 193
808 129
809 121
810 135
811 157
812 15
813 165
814 138
815 125
816 159
817 133
818 121
819 133
820 121
821 166
822 178
823 105
824 145
825 130
826 128
827 146
828 99
829 164
830 150
831 160
832 194
833 136
834 132
835 141
836 159
837 153
838 145
839 137
840 160
841 122
842 153
843 129
844 132
845 152
846 151
847 163
848 193
849 157
850 126
851 127
852 110
853 150
854 161
855 170
856 158
857 133
858 138
859 141
860 139
861 126
862 125
863 131
864 170
865 131
866 149
867 102
868 44
869 177
870 162
871 155
872 116
873 150
874 135
875 117
876 160
877 159
878 119
879 113
880 143
881 113
882 112
883 112
884 77
885 176
886 163
887 112
888 101
889 123
890 120
891 130
892 134
893 158
894 123
895 147
896 90
897 136
898 182
899 155
900 164
901 134
902 142
903 132
904 171
905 117
906 146
907 129
908 171
909 164
910 147
911 168
912 146
913 131
914 143
915 100
916 142
917 137
918 138
919 95
920 97
921 157
922 153
923 147
924 113
925 156
926 149
927 150
928 135
929 136
930 130
931 142
932 134
933 143
934 175
935 149
936 148
937 131
938 132
939 151
940 163
941 130
942 130
943 164
944 164
945 121
946 178
947 192
948 120
949 167
950 150
951 140
952 140
953 203
954 138
955 146
956 166
957 114
958 128
959 118
960 141
961 145
962 155
963 122
964 154
965 168
966 140
967 106
968 135
969 125
970 97
971 122
972 105
973 129
974 146
975 180
976 151
977 149
978 120
979 134
980 191
981 117
982 173
983 137
984 142
985 141
986 152
987 179
988 140
989 98
990 96
991 138
992 170
993 154
994 145
995 112
996 176
997 166
998 152
999 180
1000 130
1001 139
1002 135
1003 102
1004 147
1005 154
1006 201
1007 110
1008 154
1009 110
1010 96
1011 101
1012 162
1013 138
1014 153
1015 156
1016 149
1017 129
1018 114
1019 117
1020 91
1021 131
1022 153
1023 145
1024 139
1025 131
1026 128
1027 175
1028 160
1029 136
1030 163
1031 159
1032 121
1033 144
1034 180
1035 114
1036 108
1037 171
1038 145
1039 145
1040 151
1041 149
1042 141
1043 127
1044 140
1045 133
1046 194
1047 123
1048 159
1049 132
1050 141
1051 201
1052 132
1053 127
1054 121
1055 137
1056 190
1057 150
1058 128
1059 133
1060 108
1061 130
1062 158
1063 150
1064 161
1065 149
1066 145
1067 129
1068 123
1069 182
1070 182
1071 160
1072 140
1073 114
1074 100
1075 133
1076 147
1077 138
1078 93
1079 182
1080 150
1081 107
1082 110
1083 133
1084 142
1085 115
1086 150
1087 123
1088 136
1089 157
1090 135
1091 180
1092 170
1093 130
1094 147
1095 105
1096 103
1097 158
1098 122
1099 144
1100 129
1101 131
1102 121
1103 147
1104 162
1105 151
1106 148
1107 148
1108 152
1109 122
1110 153
1111 137
1112 136
1113 134
1114 120
1115 167
1116 147
1117 155
1118 140
1119 153
1120 129
1121 129
1122 144
1123 191
1124 121
1125 107
1126 150
1127 157
1128 115
1129 117
1130 140
1131 124
1132 68
1133 91
1134 138
1135 129
1136 149
1137 138
1138 79
1139 131
1140 129
1141 118
1142 108
1143 144
1144 131
1145 123
1146 143
1147 132
1148 153
1149 129
1150 143
1151 113
1152 136
1153 114
1154 142
1155 97
1156 127
1157 157
1158 117
1159 141
1160 158
1161 143
1162 131
1163 146
1164 137
1165 185
1166 144
1167 147
1168 135
1169 156
1170 139
1171 111
1172 153
1173 189
1174 169
1175 132
1176 153
1177 140
1178 104
1179 167
1180 149
1181 88
1182 110
1183 127
1184 126
1185 152
1186 102
1187 121
1188 168
1189 106
1190 152
1191 161
1192 109
1193 219
1194 121
1195 122
1196 86
1197 138
1198 149
1199 165
1200 88
1201 44
1202 121
1203 147
1204 158
1205 108
1206 119
1207 140
1208 181
1209 132
1210 129
1211 140
1212 95
1213 152
1214 149
1215 152
1216 194
1217 136
1218 137
1219 173
1220 155
1221 129
1222 154
1223 115
1224 137
1225 137
1226 189
1227 109
1228 117
1229 134
1230 136
1231 140
1232 159
1233 149
1234 127
1235 149
1236 169
1237 95
1238 140
1239 139
1240 133
1241 112
1242 127
1243 127
1244 146
1245 172
1246 127
1247 138
1248 151
1249 127
1250 139
1251 102
1252 115
1253 131
1254 121
1255 124
1256 133
1257 118
1258 158
1259 156
1260 150
1261 131
1262 164
1263 113
1264 136
1265 125
1266 120
1267 129
1268 138
1269 180
1270 121
1271 168
1272 149
1273 133
1274 136
1275 142
1276 177
1277 122
1278 147
1279 144
1280 38
1281 152
1282 151
1283 171
1284 129
1285 166
1286 103
1287 164
1288 211
1289 176
1290 147
1291 161
1292 111
1293 159
1294 126
1295 187
1296 145
1297 140
1298 173
1299 106
1300 147
1301 236
1302 145
1303 158
1304 145
1305 134
1306 206
1307 134
1308 117
1309 141
1310 154
1311 130
1312 132
1313 150
1314 136
1315 158
1316 140
1317 168
1318 139
1319 188
1320 136
1321 123
1322 140
1323 152
1324 161
1325 123
1326 173
1327 133
1328 121
1329 114
1330 158
1331 111
1332 101
1333 180
1334 152
1335 191
1336 131
1337 118
1338 210
1339 138
1340 141
1341 146
1342 110
1343 118
1344 160
1345 150
1346 127
1347 140
1348 145
1349 147
1350 143
1351 141
1352 102
1353 158
1354 181
1355 144
1356 150
1357 141
1358 220
1359 151
1360 147
1361 70
1362 213
1363 145
1364 140
1365 141
1366 144
1367 140
1368 116
1369 162
1370 110
1371 118
1372 151
1373 173
1374 140
1375 126
1376 155
1377 152
1378 135
1379 160
1380 105
1381 128
1382 151
1383 164
1384 146
1385 117
1386 155
1387 144
1388 179
1389 138
1390 154
1391 140
1392 189
1393 180
1394 126
1395 187
1396 152
1397 116
1398 130
1399 138
1400 177
1401 139
1402 176
1403 186
1404 164
1405 145
1406 138
1407 136
1408 125
1409 136
1410 148
1411 115
1412 139
1413 109
1414 134
1415 177
1416 159
1417 146
1418 124
1419 186
1420 147
1421 146
1422 157
1423 172
1424 225
1425 160
1426 104
1427 159
1428 160
1429 176
1430 131
1431 155
1432 152
1433 171
1434 147
1435 109
1436 179
1437 132
1438 130
1439 147
1440 148
1441 153
1442 138
1443 159
1444 159
1445 147
1446 136
1447 154
1448 152
1449 144
1450 145
1451 156
1452 161
1453 155
1454 151
1455 156
1456 125
1457 132
1458 110
1459 129
1460 169
1461 120
1462 122
1463 127
1464 117
1465 174
1466 205
1467 134
1468 147
1469 113
1470 129
1471 131
1472 106
1473 139
1474 134
1475 174
1476 121
1477 122
1478 131
1479 108
1480 131
1481 143
1482 123
1483 161
1484 120
1485 125
1486 178
1487 148
1488 138
1489 166
1490 141
1491 146
1492 191
1493 130
1494 138
1495 152
1496 154
1497 134
1498 121
1499 123
1500 134
1501 128
1502 138
1503 145
1504 142
1505 97
1506 151
1507 139
1508 137
1509 166
1510 130
1511 118
1512 141
1513 174
1514 146
1515 119
1516 148
1517 146
1518 154
1519 142
1520 132
1521 151
1522 163
1523 121
1524 162
1525 160
1526 238
1527 137
1528 140
1529 141
1530 200
1531 154
1532 113
1533 128
1534 113
1535 140
1536 115
1537 94
1538 158
1539 164
1540 121
1541 91
1542 88
1543 162
1544 106
1545 148
1546 163
1547 174
1548 175
1549 134
1550 90
1551 126
1552 176
1553 121
1554 146
1555 127
1556 167
1557 117
1558 97
1559 101
1560 121
1561 182
1562 130
1563 148
1564 120
1565 141
1566 135
1567 138
1568 119
1569 163
1570 124
1571 138
1572 153
1573 150
1574 63
1575 136
1576 116
1577 117
1578 111
1579 176
1580 173
1581 190
1582 156
1583 127
1584 138
1585 148
1586 115
1587 152
1588 143
1589 131
1590 144
1591 193
1592 112
1593 146
1594 116
1595 131
1596 164
1597 167
1598 103
1599 134
1600 127
1601 131
1602 119
1603 132
1604 128
1605 102
1606 151
1607 154
1608 175
1609 166
1610 139
1611 97
1612 142
1613 149
1614 157
1615 93
1616 111
1617 145
1618 165
1619 166
1620 143
1621 112
1622 168
1623 115
1624 167
1625 153
1626 146
1627 82
1628 125
1629 151
1630 169
1631 168
1632 171
1633 161
1634 110
1635 161
1636 169
1637 145
1638 121
1639 143
1640 162
1641 167
1642 102
1643 153
1644 119
1645 107
1646 134
1647 97
1648 146
1649 132
1650 129
1651 87
1652 130
1653 98
1654 142
1655 134
1656 124
1657 104
1658 141
1659 124
1660 153
1661 145
1662 137
1663 169
1664 160
1665 99
1666 137
1667 116
1668 150
1669 171
1670 181
1671 78
1672 162
1673 153
1674 145
1675 141
1676 142
1677 127
1678 196
1679 117
1680 150
1681 144
1682 124
1683 190
1684 152
1685 161
1686 110
1687 140
1688 153
1689 129
1690 147
1691 181
1692 178
1693 171
1694 186
1695 133
1696 112
1697 123
1698 147
1699 150
1700 174
1701 113
1702 127
1703 234
1704 133
1705 144
1706 159
1707 139
1708 112
1709 152
1710 157
1711 202
1712 147
1713 157
1714 161
1715 140
1716 134
1717 161
1718 144
1719 141
1720 173
1721 100
1722 133
1723 138
1724 176
1725 132
1726 205
1727 171
1728 156
1729 140
1730 163
1731 163
1732 119
1733 120
1734 158
1735 173
1736 160
1737 117
1738 156
1739 130
1740 100
1741 144
1742 119
1743 104
1744 105
1745 166
1746 164
1747 120
1748 139
1749 171
1750 120
1751 149
1752 172
1753 132
1754 195
1755 156
1756 128
1757 162
1758 149
1759 139
1760 137
1761 139
1762 143
1763 129
1764 244
1765 138
1766 122
1767 128
1768 129
1769 116
1770 157
1771 143
1772 150
1773 0
1774 121
1775 87
1776 148
1777 127
1778 93
1779 166
1780 166
1781 171
1782 143
1783 147
1784 144
1785 126
1786 149
1787 129
1788 138
1789 123
1790 125
1791 151
1792 118
1793 119
1794 169
1795 115
1796 134
1797 154
1798 129
1799 133
1800 164
1801 129
1802 128
1803 117
1804 171
1805 153
1806 123
1807 178
1808 158
1809 143
1810 136
1811 136
1812 169
1813 129
1814 132
1815 132
1816 126
1817 94
1818 126
1819 149
1820 148
1821 169
1822 138
1823 148
1824 142
1825 165
1826 131
1827 134
1828 171
1829 122
1830 150
1831 128
1832 142
1833 123
1834 117
1835 171
1836 154
1837 180
1838 89
1839 120
1840 131
1841 98
1842 168
1843 165
1844 166
1845 130
1846 249
1847 156
1848 130
1849 105
1850 137
1851 163
1852 160
1853 104
1854 123
1855 115
1856 120
1857 153
1858 114
1859 147
1860 170
1861 156
1862 160
1863 167
1864 163
1865 125
1866 164
1867 138
1868 182
1869 140
1870 160
1871 151
1872 117
1873 86
1874 142
1875 151
1876 151
1877 122
1878 117
1879 124
1880 190
1881 107
1882 135
1883 119
1884 174
1885 101
1886 162
1887 108
1888 139
1889 112
1890 154
1891 167
1892 141
1893 184
1894 147
1895 103
1896 94
1897 135
1898 152
1899 196
1900 157
1901 152
1902 125
1903 143
1904 131
1905 171
1906 154
1907 152
1908 158
1909 159
1910 158
1911 107
1912 138
1913 186
1914 140
1915 113
1916 133
1917 173
1918 176
1919 160
1920 181
1921 108
1922 104
1923 145
1924 106
1925 133
1926 132
1927 105
1928 161
1929 115
1930 181
1931 99
1932 156
1933 117
1934 201
1935 0
1936 155
1937 176
1938 99
1939 134
1940 93
1941 154
1942 124
1943 155
1944 106
1945 130
1946 157
1947 140
1948 150
1949 134
1950 87
1951 123
1952 139
1953 139
1954 160
1955 155
1956 138
1957 136
1958 173
1959 157
1960 119
1961 166
1962 114
1963 133
1964 165
1965 156
1966 147
1967 171
1968 125
1969 155
1970 142
1971 154
1972 120
1973 169
1974 148
1975 109
1976 183
1977 119
1978 128
1979 146
1980 150
1981 129
1982 194
1983 109
1984 128
1985 95
1986 151
1987 166
1988 125
1989 165
1990 158
1991 151
1992 156
1993 167
1994 156
1995 172
1996 148
1997 98
1998 156
1999 131
2000 164
2001 172
2002 106
2003 155
2004 148
2005 184
2006 152
2007 118
2008 126
2009 206
2010 166
2011 112
2012 177
2013 186
2014 136
2015 136
2016 142
2017 147
2018 128
2019 145
2020 124
2021 166
2022 154
2023 200
2024 125
2025 132
2026 125
2027 150
2028 168
2029 166
2030 74
2031 150
2032 137
2033 117
2034 109
2035 136
2036 133
2037 130
2038 134
2039 0
2040 142
2041 111
2042 145
2043 104
2044 156
2045 129
2046 164
2047 156
2048 138
2049 120
2050 144
2051 176
2052 176
2053 156
2054 0
2055 156
2056 112
2057 123
2058 137
2059 145
2060 90
2061 216
2062 143
2063 148
2064 144
2065 144
2066 138
2067 150
2068 169
2069 167
2070 153
2071 149
2072 154
2073 160
2074 131
2075 140
2076 138
2077 151
2078 143
2079 172
2080 114
2081 94
2082 167
2083 141
2084 152
2085 129
2086 132
2087 184
2088 125
2089 93
2090 145
2091 145
2092 132
2093 144
2094 88
2095 158
2096 131
2097 130
2098 119
2099 126
2100 151
2101 135
2102 124
2103 122
2104 178
2105 151
2106 159
2107 136
2108 108
2109 140
2110 137
2111 145
2112 140
2113 133
2114 110
2115 93
2116 126
2117 101
2118 157
2119 156
2120 113
2121 119
2122 81
2123 188
2124 155
2125 139
2126 185
2127 152
2128 130
2129 171
2130 137
2131 61
2132 166
2133 102
2134 146
2135 99
2136 130
2137 127
2138 149
2139 112
2140 85
2141 161
2142 151
2143 148
2144 144
2145 146
2146 147
2147 214
2148 137
2149 134
2150 169
2151 175
2152 137
2153 95
2154 157
2155 129
2156 146
2157 144
2158 159
2159 174
2160 148
2161 141
2162 175
2163 155
2164 191
2165 135
2166 148
2167 142
2168 132
2169 89
2170 146
2171 138
2172 136
2173 150
2174 152
2175 156
2176 102
2177 123
2178 120
2179 136
2180 103
2181 174
2182 131
2183 84
2184 156
2185 142
2186 144
2187 131
2188 163
2189 134
2190 143
2191 134
2192 147
2193 153
2194 102
2195 138
2196 130
2197 153
2198 146
2199 160
2200 122
2201 130
2202 153
2203 134
2204 129
2205 77
2206 104
2207 115
2208 111
2209 130
2210 157
2211 194
2212 126
2213 125
2214 158
2215 104
2216 153
2217 139
2218 128
2219 131
2220 140
2221 109
2222 243
2223 79
2224 164
2225 146
2226 144
2227 120
2228 136
2229 170
2230 167
2231 191
2232 122
2233 79
2234 156
2235 174
2236 149
2237 97
2238 107
2239 94
2240 123
2241 208
2242 146
2243 151
2244 101
2245 152
2246 123
2247 158
2248 158
2249 150
2250 137
2251 139
2252 140
2253 180
2254 103
2255 159
2256 113
2257 104
2258 155
2259 144
2260 171
2261 139
2262 147
2263 167
2264 122
2265 140
2266 94
2267 139
2268 173
2269 157
2270 111
2271 147
2272 129
2273 126
2274 143
2275 148
2276 146
2277 142
2278 125
2279 119
2280 217
2281 139
2282 157
2283 165
2284 129
2285 167
2286 118
2287 125
2288 142
2289 153
2290 140
2291 161
2292 113
2293 151
2294 148
2295 106
2296 136
2297 144
2298 104
2299 137
2300 113
2301 131
2302 137
2303 130
2304 132
2305 169
2306 174
2307 133
2308 157
2309 145
2310 159
2311 142
2312 147
2313 110
2314 125
2315 162
2316 142
2317 148
2318 113
2319 181
2320 121
2321 147
2322 150
2323 98
2324 184
2325 141
2326 106
2327 137
2328 125
2329 124
2330 175
2331 102
2332 163
2333 129
2334 99
2335 127
2336 141
2337 174
2338 94
2339 120
2340 136
2341 101
2342 144
2343 156
2344 139
2345 190
2346 127
2347 178
2348 160
2349 155
2350 102
2351 147
2352 115
2353 200
2354 102
2355 164
2356 162
2357 148
2358 127
2359 116
2360 101
2361 123
2362 153
2363 151
2364 125
2365 132
2366 141
2367 134
2368 164
2369 140
2370 120
2371 111
2372 108
2373 137
2374 135
2375 139
2376 134
2377 163
2378 111
2379 119
2380 137
2381 150
2382 120
2383 148
2384 125
2385 168
2386 128
2387 168
2388 124
2389 150
2390 138
2391 116
2392 123
2393 179
2394 124
2395 126
2396 172
2397 150
2398 118
2399 163
2400 133
2401 158
2402 165
2403 171
2404 145
2405 105
2406 161
2407 96
2408 145
2409 143
2410 153
2411 88
2412 131
2413 151
2414 153
2415 163
2416 123
2417 178
2418 172
2419 129
2420 138
2421 131
2422 127
2423 126
2424 137
2425 134
2426 88
2427 138
2428 165
2429 147
2430 176
2431 137
2432 111
2433 97
2434 113
2435 135
2436 141
2437 146
2438 84
2439 135
2440 151
2441 123
2442 127
2443 120
2444 167
2445 161
2446 164
2447 121
2448 154
2449 142
2450 70
2451 90
2452 169
2453 105
2454 100
2455 141
2456 132
2457 170
2458 146
2459 137
2460 123
2461 198
2462 112
2463 162
2464 180
2465 141
2466 137
2467 96
2468 176
2469 105
2470 194
2471 161
2472 139
2473 150
2474 159
2475 157
2476 134
2477 175
2478 159
2479 180
2480 169
2481 163
2482 144
2483 115
2484 163
2485 131
2486 108
2487 135
2488 86
2489 146
2490 93
2491 152
2492 167
2493 137
2494 145
2495 155
2496 166
2497 91
2498 108
2499 141
2500 171
2501 133
2502 166
2503 138
2504 193
2505 193
2506 136
2507 137
2508 110
2509 178
2510 123
2511 126
2512 93
2513 141
2514 124
2515 119
2516 130
2517 142
2518 171
2519 251
2520 161
2521 153
2522 169
2523 174
2524 124
2525 153
2526 140
2527 102
2528 177
2529 178
2530 116
2531 147
2532 180
2533 168
2534 140
2535 121
2536 191
2537 122
2538 144
2539 142
2540 169
2541 131
2542 165
2543 165
2544 193
2545 135
2546 113
2547 111
2548 120
2549 115
2550 69
2551 137
2552 157
2553 146
2554 169
2555 117
2556 162
2557 143
2558 156
2559 108
2560 167
2561 102
2562 134
2563 128
2564 109
2565 104
2566 153
2567 122
2568 109
2569 148
2570 182
2571 164
2572 121
2573 133
2574 130
2575 154
2576 134
2577 153
2578 146
2579 128
2580 120
2581 150
2582 123
2583 152
2584 128
2585 159
2586 132
2587 152
2588 128
2589 172
2590 157
2591 116
2592 184
2593 141
2594 106
2595 152
2596 175
2597 150
2598 128
2599 139
2600 160
2601 159
2602 166
2603 152
2604 204
2605 134
2606 143
2607 159
2608 191
2609 162
2610 140
2611 176
2612 167
2613 155
2614 135
2615 152
2616 124
2617 154
2618 134
2619 150
2620 93
2621 171
2622 139
2623 165
2624 120
2625 185
2626 123
2627 182
2628 114
2629 154
2630 199
2631 119
2632 136
2633 95
2634 127
2635 104
2636 134
2637 160
2638 113
2639 130
2640 89
2641 172
2642 139
2643 98
2644 159
2645 143
2646 122
2647 216
2648 137
2649 137
2650 129
2651 182
2652 97
2653 51
2654 135
2655 135
2656 165
2657 129
2658 141
2659 158
2660 149
2661 174
2662 130
2663 122
2664 154
2665 141
2666 180
2667 158
2668 128
2669 138
2670 133
2671 169
2672 137
2673 181
2674 164
2675 128
2676 155
2677 162
2678 145
2679 152
2680 129
2681 127
2682 136
2683 158
2684 127
2685 140
2686 146
2687 140
2688 149
2689 140
2690 166
2691 196
2692 125
2693 116
2694 173
2695 139
2696 139
2697 106
2698 170
2699 93
2700 180
2701 123
2702 137
2703 148
2704 141
2705 139
2706 144
2707 151
2708 131
2709 203
2710 129
2711 132
2712 111
2713 165
2714 142
2715 142
2716 87
2717 125
2718 141
2719 127
2720 197
2721 86
2722 149
2723 146
2724 182
2725 152
2726 142
2727 133
2728 159
2729 136
2730 136
2731 157
2732 182
2733 125
2734 130
2735 161
2736 136
2737 130
2738 111
2739 149
2740 127
2741 114
2742 151
2743 137
2744 117
2745 133
2746 118
2747 144
2748 150
2749 129
2750 138
2751 133
2752 146
2753 189
2754 184
2755 156
2756 144
2757 127
2758 113
2759 165
2760 172
2761 123
2762 150
2763 137
2764 110
2765 83
2766 125
2767 153
2768 141
2769 164
2770 157
2771 153
2772 151
2773 178
2774 132
2775 142
2776 95
2777 125
2778 154
2779 143
2780 186
2781 135
2782 130
2783 143
2784 86
2785 133
2786 183
2787 164
2788 137
2789 151
2790 143
2791 140
2792 162
2793 128
2794 131
2795 166
2796 145
2797 110
2798 142
2799 125
2800 164
2801 132
2802 134
2803 132
2804 150
2805 95
2806 114
2807 126
2808 135
2809 110
2810 126
2811 117
2812 133
2813 78
2814 184
2815 147
2816 105
2817 117
2818 126
2819 88
2820 126
2821 129
2822 124
2823 153
2824 112
2825 106
2826 106
2827 133
2828 131
2829 148
2830 132
2831 157
2832 143
2833 110
2834 142
2835 115
2836 187
2837 113
2838 186
2839 85
2840 163
2841 141
2842 125
2843 134
2844 126
2845 49
2846 161
2847 164
2848 160
2849 135
2850 170
2851 157
2852 156
2853 148
2854 151
2855 97
2856 200
2857 152
2858 119
2859 142
2860 151
2861 163
2862 176
2863 132
2864 134
2865 115
2866 132
2867 121
2868 84
2869 124
2870 145
2871 83
2872 92
2873 123
2874 148
2875 161
2876 182
2877 171
2878 204
2879 104
2880 151
2881 130
2882 110
2883 160
2884 177
2885 119
2886 131
2887 112
2888 150
2889 101
2890 148
2891 105
2892 147
2893 167
2894 171
2895 125
2896 132
2897 133
2898 117
2899 117
2900 181
2901 175
2902 64
2903 121
2904 109
2905 168
2906 130
2907 137
2908 144
2909 55
2910 156
2911 135
2912 144
2913 146
2914 128
2915 159
2916 193
2917 85
2918 76
2919 139
2920 136
2921 146
2922 131
2923 163
2924 155
2925 165
2926 188
2927 129
2928 159
2929 170
2930 121
2931 93
2932 77
2933 89
2934 120
2935 156
2936 163
2937 137
2938 128
2939 169
2940 151
2941 175
2942 148
2943 198
2944 189
2945 148
2946 174
2947 164
2948 171
2949 126
2950 44
2951 152
2952 167
2953 170
2954 149
2955 194
2956 157
2957 145
2958 110
2959 144
2960 172
2961 169
2962 150
2963 196
2964 223
2965 117
2966 117
2967 197
2968 151
2969 140
2970 138
2971 154
2972 170
2973 117
2974 116
2975 151
2976 149
2977 171
2978 182
2979 109
2980 136
2981 151
2982 174
2983 134
2984 154
2985 168
2986 126
2987 149
2988 112
2989 83
2990 195
2991 151
2992 107
2993 109
2994 152
2995 190
2996 88
2997 131
2998 150
2999 110
3000 185
3001 91
3002 166
3003 199
3004 168
3005 86
3006 123
3007 128
3008 111
3009 127
3010 135
3011 166
3012 101
3013 115
3014 140
3015 126
3016 146
3017 111
3018 176
3019 191
3020 118
3021 128
3022 101
3023 220
3024 141
3025 174
3026 72
3027 166
3028 165
3029 114
3030 130
3031 160
3032 144
3033 147
3034 137
3035 194
3036 124
3037 138
3038 143
3039 156
3040 121
3041 121
3042 130
3043 195
3044 97
3045 110
3046 122
3047 160
3048 148
3049 132
3050 127
3051 127
3052 163
3053 132
3054 121
3055 156
3056 160
3057 111
3058 146
3059 161
3060 100
3061 160
3062 161
3063 137
3064 145
3065 161
3066 186
3067 179
3068 136
3069 126
3070 125
3071 156
3072 192
3073 139
3074 202
3075 126
3076 151
3077 140
3078 124
3079 144
3080 152
3081 155
3082 190
3083 163
3084 145
3085 113
3086 183
3087 182
3088 162
3089 126
3090 165
3091 138
3092 136
3093 137
3094 146
3095 139
3096 99
3097 152
3098 158
3099 95
3100 131
3101 117
3102 134
3103 138
3104 126
3105 123
3106 151
3107 171
3108 132
3109 151
3110 187
3111 144
3112 121
3113 129
3114 129
3115 158
3116 82
3117 140
3118 130
3119 120
3120 119
3121 134
3122 117
3123 150
3124 161
3125 156
3126 102
3127 156
3128 131
3129 142
3130 124
3131 144
3132 152
3133 204
3134 157
3135 150
3136 141
3137 129
3138 165
3139 139
3140 155
3141 103
3142 125
3143 158
3144 112
3145 111
3146 106
3147 113
3148 213
3149 134
3150 120
3151 115
3152 79
3153 148
3154 179
3155 132
3156 159
3157 117
3158 123
3159 154
3160 173
3161 144
3162 136
3163 146
3164 124
3165 144
3166 140
3167 156
3168 153
3169 163
3170 164
3171 154
3172 170
3173 132
3174 125
3175 126
3176 119
3177 152
3178 156
3179 142
3180 124
3181 141
3182 151
3183 140
3184 125
3185 183
3186 136
3187 115
3188 130
3189 125
3190 106
3191 128
3192 137
3193 151
3194 174
3195 148
3196 141
3197 115
3198 144
3199 120
3200 145
3201 146
3202 137
3203 107
3204 179
3205 171
3206 162
3207 126
3208 128
3209 140
3210 120
3211 92
3212 136
3213 139
3214 138
3215 152
3216 187
3217 157
3218 197
3219 127
3220 152
3221 148
3222 100
3223 106
3224 146
3225 152
3226 142
3227 108
3228 149
3229 140
3230 159
3231 120
3232 146
3233 147
3234 120
3235 130
3236 93
3237 152
3238 124
3239 154
3240 154
3241 157
3242 172
3243 128
3244 154
3245 118
3246 129
3247 115
3248 99
3249 141
3250 162
3251 150
3252 134
3253 107
3254 126
3255 185
3256 126
3257 139
3258 131
3259 133
3260 133
3261 142
3262 145
3263 169
3264 145
3265 197
3266 121
3267 143
3268 109
3269 153
3270 127
3271 159
3272 175
3273 90
3274 123
3275 129
3276 122
3277 187
3278 123
3279 146
3280 163
3281 96
3282 133
3283 160
3284 110
3285 168
3286 143
3287 157
3288 191
3289 143
3290 140
3291 130
3292 171
3293 109
3294 140
3295 127
3296 150
3297 115
3298 140
3299 172
3300 164
3301 180
3302 178
3303 161
3304 132
3305 129
3306 134
3307 135
3308 150
3309 159
3310 127
3311 120
3312 145
3313 158
3314 151
3315 144
3316 136
3317 151
3318 135
3319 164
3320 122
3321 137
3322 154
3323 105
3324 156
3325 169
3326 170
3327 142
3328 135
3329 124
3330 120
3331 147
3332 129
3333 147
3334 138
3335 134
3336 137
3337 83
3338 121
3339 150
3340 135
3341 138
3342 99
3343 154
3344 187
3345 197
3346 154
3347 144
3348 162
3349 97
3350 137
3351 117
3352 165
3353 197
3354 128
3355 155
3356 156
3357 126
3358 173
3359 143
3360 171
3361 174
3362 151
3363 161
3364 157
3365 123
3366 121
3367 154
3368 146
3369 171
3370 176
3371 117
3372 142
3373 118
3374 123
3375 154
3376 153
3377 154
3378 128
3379 149
3380 109
3381 141
3382 178
3383 172
3384 141
3385 111
3386 141
3387 178
3388 168
3389 125
3390 91
3391 110
3392 101
3393 109
3394 131
3395 129
3396 113
3397 107
3398 170
3399 176
3400 156
3401 155
3402 124
3403 175
3404 152
3405 167
3406 165
3407 143
3408 143
3409 159
3410 98
3411 130
3412 149
3413 156
3414 162
3415 113
3416 155
3417 190
3418 168
3419 146
3420 150
3421 154
3422 105
3423 116
3424 150
3425 166
3426 98
3427 121
3428 129
3429 136
3430 149
3431 129
3432 163
3433 130
3434 133
3435 120
3436 94
3437 159
3438 121
3439 139
3440 135
3441 131
3442 171
3443 123
3444 108
3445 118
3446 92
3447 160
3448 157
3449 134
3450 119
3451 187
3452 121
3453 172
3454 170
3455 172
3456 158
3457 142
3458 183
3459 102
3460 131
3461 170
3462 174
3463 143
3464 148
3465 168
3466 155
3467 162
3468 115
3469 159
3470 119
3471 144
3472 161
3473 103
3474 105
3475 100
3476 196
3477 171
3478 138
3479 123
3480 163
3481 151
3482 141
3483 145
3484 196
3485 151
3486 158
3487 156
3488 117
3489 104
3490 136
3491 171
3492 125
3493 123
3494 75
3495 122
3496 154
3497 91
3498 192
3499 140
3500 164
3501 132
3502 166
3503 144
3504 50
3505 137
3506 137
3507 134
3508 86
3509 127
3510 183
3511 146
3512 126
3513 102
3514 126
3515 148
3516 151
3517 96
3518 164
3519 152
3520 127
3521 148
3522 131
3523 141
3524 145
3525 122
3526 139
3527 226
3528 149
3529 131
3530 86
3531 114
3532 144
3533 78
3534 146
3535 174
3536 146
3537 127
3538 137
3539 171
3540 128
3541 145
3542 125
3543 148
3544 135
3545 162
3546 150
3547 165
3548 157
3549 157
3550 130
3551 155
3552 129
3553 84
3554 143
3555 137
3556 115
3557 134
3558 190
3559 138
3560 125
3561 168
3562 117
3563 162
3564 135
3565 132
3566 109
3567 171
3568 125
3569 130
3570 168
3571 135
3572 129
3573 166
3574 113
3575 165
3576 182
3577 149
3578 156
3579 89
3580 157
3581 64
3582 141
3583 192
3584 140
3585 145
3586 140
3587 139
3588 148
3589 143
3590 181
3591 122
3592 123
3593 167
3594 140
3595 121
3596 88
3597 149
3598 150
3599 108
3600 121
3601 115
3602 95
3603 158
3604 112
3605 150
3606 125
3607 195
3608 155
3609 126
3610 132
3611 114
3612 127
3613 138
3614 154
3615 131
3616 115
3617 142
3618 145
3619 115
3620 135
3621 150
3622 152
3623 148
3624 142
3625 140
3626 123
3627 102
3628 226
3629 132
3630 204
3631 119
3632 165
3633 178
3634 55
3635 163
3636 148
3637 143
3638 86
3639 141
3640 126
3641 139
3642 111
3643 140
3644 158
3645 156
3646 137
3647 145
3648 140
3649 134
3650 144
3651 83
3652 119
3653 154
3654 165
3655 121
3656 140
3657 149
3658 117
3659 150
3660 109
3661 130
3662 159
3663 185
3664 103
3665 144
3666 176
3667 114
3668 135
3669 83
3670 119
3671 134
3672 162
3673 130
3674 160
3675 127
3676 93
3677 123
3678 134
3679 119
3680 106
3681 155
3682 110
3683 105
3684 168
3685 128
3686 161
3687 124
3688 21
3689 120
3690 143
3691 160
3692 100
3693 120
3694 111
3695 94
3696 152
3697 62
3698 215
3699 120
3700 158
3701 126
3702 170
3703 148
3704 126
3705 155
3706 105
3707 143
3708 145
3709 176
3710 102
3711 152
3712 95
3713 96
3714 142
3715 157
3716 117
3717 124
3718 123
3719 190
3720 112
3721 79
3722 150
3723 156
3724 183
3725 203
3726 137
3727 159
3728 133
3729 127
3730 136
3731 115
3732 155
3733 124
3734 113
3735 183
3736 176
3737 117
3738 144
3739 131
3740 145
3741 122
3742 152
3743 152
3744 185
3745 155
3746 176
3747 67
3748 163
3749 97
3750 120
3751 113
3752 123
3753 107
3754 74
3755 178
3756 162
3757 192
3758 141
3759 105
3760 156
3761 118
3762 80
3763 123
3764 146
3765 133
3766 135
3767 130
3768 143
3769 142
3770 145
3771 154
3772 132
3773 175
3774 154
3775 123
3776 138
3777 127
3778 184
3779 141
3780 171
3781 132
3782 141
3783 129
3784 86
3785 119
3786 139
3787 142
3788 145
3789 134
3790 86
3791 129
3792 92
3793 130
3794 154
3795 116
3796 166
3797 138
3798 183
3799 96
3800 127
3801 149
3802 162
3803 107
3804 144
3805 99
3806 111
3807 151
3808 155
3809 145
3810 132
3811 135
3812 104
3813 119
3814 154
3815 117
3816 150
3817 111
3818 100
3819 183
3820 175
3821 170
3822 110
3823 87
3824 102
3825 87
3826 185
3827 145
3828 132
3829 179
3830 144
3831 156
3832 147
3833 137
3834 138
3835 136
3836 132
3837 165
3838 146
3839 143
3840 134
3841 143
3842 167
3843 198
3844 152
3845 142
3846 121
3847 182
3848 146
3849 122
3850 126
3851 145
3852 116
3853 88
3854 157
3855 135
3856 161
3857 171
3858 145
3859 121
3860 157
3861 160
3862 46
3863 109
3864 88
3865 189
3866 101
3867 123
3868 182
3869 81
3870 133
3871 112
3872 202
3873 162
3874 137
3875 188
3876 99
3877 138
3878 139
3879 147
3880 142
3881 121
3882 167
3883 176
3884 106
3885 156
3886 132
3887 121
3888 140
3889 150
3890 125
3891 137
3892 141
3893 149
3894 131
3895 176
3896 133
3897 178
3898 148
3899 140
3900 183
3901 175
3902 209
3903 139
3904 146
3905 150
3906 121
3907 152
3908 179
3909 156
3910 152
3911 136
3912 136
3913 182
3914 147
3915 165
3916 156
3917 126
3918 239
3919 159
3920 179
3921 126
3922 129
3923 169
3924 135
3925 130
3926 127
3927 133
3928 129
3929 128
3930 111
3931 145
3932 143
3933 147
3934 160
3935 129
3936 144
3937 147
3938 137
3939 148
3940 141
3941 159
3942 104
3943 155
3944 121
3945 143
3946 116
3947 115
3948 120
3949 166
3950 137
3951 172
3952 160
3953 183
3954 227
3955 166
3956 115
3957 139
3958 138
3959 75
3960 157
3961 114
3962 127
3963 94
3964 112
3965 156
3966 157
3967 96
3968 101
3969 141
3970 125
3971 133
3972 173
3973 166
3974 159
3975 180
3976 165
3977 111
3978 165
3979 140
3980 143
3981 160
3982 130
3983 148
3984 107
3985 140
3986 157
3987 125
3988 185
3989 63
3990 131
3991 133
3992 130
3993 110
3994 170
3995 134
3996 178
3997 158
3998 162
3999 131
4000 157
4001 189
4002 156
4003 150
4004 141
4005 135
4006 166
4007 112
4008 130
4009 113
4010 152
4011 135
4012 135
4013 172
4014 106
4015 162
4016 129
4017 152
4018 166
4019 123
4020 141
4021 137
4022 164
4023 144
4024 98
4025 162
4026 166
4027 101
4028 152
4029 136
4030 139
4031 144
4032 147
4033 162
4034 134
4035 156
4036 118
4037 158
4038 182
4039 176
4040 116
4041 141
4042 144
4043 121
4044 127
4045 155
4046 130
4047 115
4048 133
4049 148
4050 140
4051 143
4052 198
4053 153
4054 167
4055 152
4056 146
4057 130
4058 121
4059 137
4060 181
4061 164
4062 116
4063 165
4064 123
4065 147
4066 106
4067 133
4068 112
4069 156
4070 141
4071 114
4072 126
4073 147
4074 133
4075 113
4076 152
4077 136
4078 150
4079 144
4080 153
4081 169
4082 166
4083 110
4084 126
4085 129
4086 129
4087 111
4088 155
4089 109
4090 111
4091 171
4092 144
4093 133
4094 104
4095 125
4096 160
4097 152
4098 107
4099 133
4100 149
4101 138
4102 176
4103 167
4104 147
4105 152
4106 155
4107 99
4108 124
4109 110
4110 120
4111 136
4112 139
4113 133
4114 141
4115 113
4116 146
4117 147
4118 150
4119 150
4120 64
4121 157
4122 110
4123 140
4124 143
4125 152
4126 149
4127 145
4128 146
4129 124
4130 146
4131 135
4132 140
4133 141
4134 93
4135 178
4136 113
4137 115
4138 152
4139 149
4140 104
4141 174
4142 162
4143 149
4144 150
4145 119
4146 137
4147 149
4148 127
4149 118
4150 137
4151 169
4152 121
4153 133
4154 106
4155 137
4156 138
4157 145
4158 108
4159 216
4160 143
4161 136
4162 139
4163 114
4164 122
4165 159
4166 122
4167 187
4168 156
4169 119
4170 128
4171 167
4172 59
4173 133
4174 140
4175 148
4176 140
4177 150
4178 150
4179 143
4180 157
4181 153
4182 99
4183 142
4184 126
4185 173
4186 107
4187 74
4188 142
4189 145
4190 81
4191 170
4192 158
4193 170
4194 109
4195 146
4196 137
4197 153
4198 151
4199 167
4200 148
4201 134
4202 133
4203 114
4204 148
4205 159
4206 101
4207 172
4208 92
4209 182
4210 161
4211 148
4212 149
4213 112
4214 140
4215 118
4216 153
4217 130
4218 152
4219 98
4220 152
4221 180
4222 151
4223 119
4224 168
4225 148
4226 134
4227 129
4228 142
4229 167
4230 75
4231 162
4232 151
4233 131
4234 137
4235 158
4236 150
4237 125
4238 129
4239 166
4240 131
4241 123
4242 144
4243 135
4244 124
4245 150
4246 144
4247 165
4248 152
4249 135
4250 179
4251 145
4252 131
4253 126
4254 158
4255 152
4256 129
4257 121
4258 154
4259 161
4260 160
4261 157
4262 137
4263 143
4264 152
4265 142
4266 133
4267 150
4268 97
4269 133
4270 158
4271 165
4272 133
4273 134
4274 162
4275 133
4276 157
4277 155
4278 150
4279 118
4280 188
4281 120
4282 98
4283 155
4284 141
4285 105
4286 145
4287 105
4288 157
4289 111
4290 159
4291 158
4292 165
4293 0
4294 111
4295 90
4296 153
4297 134
4298 150
4299 180
4300 178
4301 158
4302 121
4303 92
4304 131
4305 167
4306 128
4307 138
4308 188
4309 167
4310 94
4311 170
4312 171
4313 150
4314 138
4315 141
4316 161
4317 127
4318 147
4319 186
4320 175
4321 160
4322 134
4323 153
4324 177
4325 158
4326 149
4327 134
4328 136
4329 136
4330 138
4331 112
4332 137
4333 158
4334 175
4335 99
4336 122
4337 165
4338 127
4339 156
4340 125
4341 127
4342 137
4343 130
4344 84
4345 104
4346 199
4347 112
4348 153
4349 116
4350 131
4351 149
4352 159
4353 158
4354 106
4355 113
4356 80
4357 137
4358 168
4359 159
4360 128
4361 131
4362 118
4363 156
4364 130
4365 121
4366 105
4367 154
4368 130
4369 148
4370 124
4371 149
4372 160
4373 127
4374 150
4375 139
4376 172
4377 152
4378 139
4379 113
4380 162
4381 152
4382 84
4383 109
4384 144
4385 150
4386 126
4387 172
4388 121
4389 160
4390 106
4391 136
4392 154
4393 168
4394 123
4395 99
4396 158
4397 146
4398 96
4399 109
4400 189
4401 133
4402 99
4403 155
4404 160
4405 129
4406 130
4407 170
4408 138
4409 87
4410 119
4411 174
4412 168
4413 145
4414 128
4415 160
4416 158
4417 150
4418 180
4419 156
4420 161
4421 124
4422 134
4423 117
4424 167
4425 118
4426 151
4427 124
4428 158
4429 105
4430 165
4431 153
4432 141
4433 125
4434 178
4435 120
4436 140
4437 129
4438 128
4439 129
4440 139
4441 135
4442 121
4443 135
4444 136
4445 174
4446 143
4447 149
4448 173
4449 148
4450 147
4451 135
4452 168
4453 141
4454 124
4455 132
4456 86
4457 122
4458 155
4459 164
4460 194
4461 177
4462 155
4463 116
4464 108
4465 149
4466 171
4467 73
4468 147
4469 155
4470 72
4471 129
4472 132
4473 155
4474 166
4475 152
4476 153
4477 135
4478 120
4479 157
4480 157
4481 154
4482 176
4483 118
4484 162
4485 102
4486 188
4487 119
4488 120
4489 110
4490 173
4491 145
4492 128
4493 147
4494 160
4495 154
4496 137
4497 141
4498 147
4499 160
4500 99
4501 89
4502 144
4503 174
4504 170
4505 151
4506 132
4507 135
4508 134
4509 133
4510 160
4511 155
4512 144
4513 132
4514 153
4515 109
4516 92
4517 128
4518 118
4519 129
4520 155
4521 85
4522 168
4523 102
4524 134
4525 163
4526 156
4527 157
4528 124
4529 140
4530 140
4531 167
4532 146
4533 164
4534 149
4535 230
4536 120
4537 145
4538 163
4539 126
4540 128
4541 147
4542 123
4543 127
4544 165
4545 141
4546 139
4547 28
4548 123
4549 188
4550 127
4551 89
4552 130
4553 185
4554 127
4555 154
4556 127
4557 146
4558 113
4559 132
4560 113
4561 204
4562 172
4563 179
4564 126
4565 182
4566 116
4567 82
4568 172
4569 143
4570 49
4571 173
4572 171
4573 108
4574 153
4575 157
4576 104
4577 187
4578 155
4579 158
4580 149
4581 161
4582 189
4583 124
4584 132
4585 125
4586 142
4587 168
4588 150
4589 151
4590 167
4591 153
4592 182
4593 141
4594 126
4595 161
4596 149
4597 152
4598 111
4599 97
4600 101
4601 103
4602 108
4603 146
4604 147
4605 150
4606 113
4607 129
4608 141
4609 112
4610 135
4611 160
4612 127
4613 131
4614 121
4615 123
4616 166
4617 135
4618 167
4619 142
4620 132
4621 159
4622 122
4623 152
4624 116
4625 145
4626 151
4627 156
4628 172
4629 149
4630 166
4631 143
4632 116
4633 120
4634 154
4635 148
4636 107
4637 131
4638 142
4639 150
4640 90
4641 135
4642 127
4643 132
4644 154
4645 185
4646 142
4647 122
4648 174
4649 120
4650 104
4651 202
4652 151
4653 118
4654 143
4655 142
4656 121
4657 160
4658 183
4659 180
4660 126
4661 143
4662 154
4663 142
4664 180
4665 145
4666 142
4667 117
4668 141
4669 161
4670 174
4671 147
4672 146
4673 150
4674 131
4675 145
4676 161
4677 136
4678 119
4679 154
4680 106
4681 160
4682 143
4683 140
4684 150
4685 140
4686 109
4687 126
4688 133
4689 152
4690 147
4691 152
4692 132
4693 119
4694 150
4695 115
4696 130
4697 137
4698 148
4699 166
4700 151
4701 144
4702 145
4703 134
4704 143
4705 110
4706 151
4707 152
4708 113
4709 165
4710 154
4711 119
4712 151
4713 156
4714 145
4715 164
4716 173
4717 176
4718 122
4719 128
4720 170
4721 78
4722 118
4723 142
4724 74
4725 132
4726 144
4727 121
4728 125
4729 145
4730 149
4731 197
4732 110
4733 156
4734 136
4735 167
4736 142
4737 131
4738 138
4739 118
4740 157
4741 126
4742 162
4743 123
4744 159
4745 105
4746 167
4747 162
4748 125
4749 107
4750 136
4751 153
4752 117
4753 130
4754 139
4755 130
4756 167
4757 189
4758 131
4759 115
4760 168
4761 143
4762 128
4763 149
4764 168
4765 137
4766 114
4767 183
4768 171
4769 129
4770 85
4771 169
4772 154
4773 139
4774 137
4775 131
4776 161
4777 166
4778 126
4779 120
4780 175
4781 129
4782 164
4783 172
4784 150
4785 102
4786 156
4787 135
4788 131
4789 170
4790 150
4791 164
4792 163
4793 121
4794 90
4795 153
4796 138
4797 115
4798 189
4799 130
4800 141
4801 168
4802 115
4803 127
4804 150
4805 124
4806 128
4807 82
4808 147
4809 122
4810 145
4811 150
4812 142
4813 134
4814 168
4815 143
4816 136
4817 153
4818 141
4819 113
4820 131
4821 159
4822 135
4823 118
4824 158
4825 174
4826 128
4827 161
4828 131
4829 168
4830 132
4831 120
4832 179
4833 142
4834 169
4835 132
4836 179
4837 135
4838 109
4839 144
4840 167
4841 125
4842 159
4843 131
4844 123
4845 170
4846 101
4847 147
4848 161
4849 117
4850 200
4851 159
4852 117
4853 136
4854 161
4855 167
4856 0
4857 147
4858 132
4859 138
4860 157
4861 151
4862 159
4863 130
4864 152
4865 128
4866 151
4867 186
4868 154
4869 150
4870 99
4871 138
4872 141
4873 152
4874 123
4875 144
4876 124
4877 147
4878 160
4879 175
4880 120
4881 166
4882 100
4883 130
4884 131
4885 125
4886 110
4887 170
4888 165
4889 142
4890 142
4891 148
4892 151
4893 148
4894 121
4895 135
4896 155
4897 171
4898 111
4899 168
4900 93
4901 90
4902 153
4903 128
4904 121
4905 188
4906 149
4907 98
4908 115
4909 95
4910 138
4911 148
4912 133
4913 144
4914 150
4915 159
4916 121
4917 161
4918 67
4919 157
4920 149
4921 135
4922 165
4923 120
4924 192
4925 151
4926 121
4927 139
4928 151
4929 68
4930 151
4931 112
4932 143
4933 159
4934 137
4935 239
4936 86
4937 131
4938 170
4939 126
4940 132
4941 126
4942 129
4943 107
4944 132
4945 173
4946 140
4947 131
4948 164
4949 148
4950 135
4951 122
4952 179
4953 144
4954 95
4955 108
4956 162
4957 118
4958 173
4959 140
4960 149
4961 148
4962 135
4963 152
4964 116
4965 169
4966 136
4967 122
4968 118
4969 142
4970 132
4971 155
4972 145
4973 183
4974 89
4975 165
4976 156
4977 146
4978 145
4979 107
4980 150
4981 122
4982 130
4983 149
4984 98
4985 159
4986 126
4987 138
4988 143
4989 142
4990 160
4991 155
4992 127
4993 137
4994 101
4995 89
4996 141
4997 135
4998 148
4999 180
5000 71
5001 144
5002 166
5003 135
5004 117
5005 173
5006 140
5007 149
5008 128
5009 170
5010 139
5011 92
5012 152
5013 116
5014 150
5015 86
5016 144
5017 149
5018 181
5019 135
5020 141
5021 168
5022 175
5023 145
5024 112
5025 128
5026 155
5027 146
5028 187
5029 102
5030 139
5031 141
5032 105
5033 166
5034 140
5035 143
5036 129
5037 151
5038 178
5039 151
5040 159
5041 103
5042 131
5043 192
5044 101
5045 155
5046 148
5047 117
5048 140
5049 126
5050 176
5051 151
5052 180
5053 111
5054 154
5055 113
5056 198
5057 104
5058 177
5059 172
5060 115
5061 152
5062 127
5063 126
5064 171
5065 141
5066 122
5067 162
5068 146
5069 135
5070 98
5071 106
5072 151
5073 132
5074 139
5075 128
5076 124
5077 153
5078 114
5079 137
5080 176
5081 223
5082 146
5083 156
5084 103
5085 171
5086 140
5087 143
5088 174
5089 142
5090 178
5091 113
5092 287
5093 138
5094 180
5095 85
5096 148
5097 122
5098 140
5099 62
5100 81
5101 133
5102 145
5103 155
5104 137
5105 159
5106 128
5107 166
5108 211
5109 120
5110 157
5111 121
5112 132
5113 169
5114 128
5115 131
5116 143
5117 131
5118 212
5119 158
5120 169
5121 143
5122 198
5123 175
5124 132
5125 138
5126 96
5127 134
5128 110
5129 186
5130 169
5131 124
5132 177
5133 174
5134 146
5135 111
5136 151
5137 111
5138 146
5139 101
5140 200
5141 123
5142 141
5143 127
5144 156
5145 125
5146 135
5147 130
5148 162
5149 164
5150 153
5151 174
5152 110
5153 116
5154 106
5155 179
5156 135
5157 133
5158 160
5159 122
5160 178
5161 146
5162 179
5163 160
5164 138
5165 120
5166 89
5167 128
5168 144
5169 176
5170 91
5171 149
5172 120
5173 148
5174 151
5175 161
5176 201
5177 122
5178 108
5179 151
5180 142
5181 115
5182 157
5183 111
5184 105
5185 121
5186 143
5187 131
5188 115
5189 141
5190 130
5191 164
5192 150
5193 173
5194 103
5195 154
5196 131
5197 129
5198 166
5199 93
5200 144
5201 135
5202 123
5203 169
5204 182
5205 105
5206 166
5207 177
5208 82
5209 141
5210 189
5211 128
5212 138
5213 164
5214 159
5215 105
5216 149
5217 159
5218 140
5219 143
5220 185
5221 231
5222 108
5223 148
5224 122
5225 150
5226 133
5227 149
5228 131
5229 143
5230 163
5231 136
5232 101
5233 123
5234 112
5235 153
5236 100
5237 152
5238 78
5239 133
5240 158
5241 98
5242 145
5243 130
5244 153
5245 122
5246 131
5247 181
5248 178
5249 147
5250 96
5251 173
5252 139
5253 103
5254 155
5255 125
5256 133
5257 155
5258 119
5259 147
5260 145
5261 155
5262 181
5263 94
5264 149
5265 151
5266 107
5267 130
5268 193
5269 167
5270 134
5271 0
5272 171
5273 109
5274 139
5275 172
5276 112
5277 158
5278 116
5279 237
5280 113
5281 136
5282 177
5283 148
5284 134
5285 169
5286 155
5287 101
5288 153
5289 117
5290 178
5291 145
5292 131
5293 131
5294 131
5295 135
5296 143
5297 129
5298 95
5299 151
5300 137
5301 133
5302 123
5303 127
5304 155
5305 158
5306 129
5307 137
5308 156
5309 123
5310 150
5311 117
5312 124
5313 118
5314 172
5315 120
5316 130
5317 200
5318 157
5319 149
5320 149
5321 142
5322 123
5323 232
5324 130
5325 172
5326 118
5327 96
5328 98
5329 99
5330 127
5331 144
5332 141
5333 172
5334 161
5335 163
5336 188
5337 131
5338 139
5339 108
5340 137
5341 229
5342 114
5343 148
5344 157
5345 120
5346 151
5347 155
5348 127
5349 118
5350 185
5351 143
5352 105
5353 127
5354 129
5355 164
5356 127
5357 122
5358 159
5359 81
5360 126
5361 122
5362 147
5363 142
5364 156
5365 122
5366 120
5367 127
5368 153
5369 156
5370 131
5371 154
5372 131
5373 154
5374 133
5375 160
5376 153
5377 115
5378 129
5379 140
5380 105
5381 170
5382 130
5383 158
5384 136
5385 153
5386 207
5387 154
5388 201
5389 125
5390 163
5391 131
5392 153
5393 122
5394 136
5395 146
5396 160
5397 151
5398 136
5399 135
5400 163
5401 142
5402 156
5403 151
5404 127
5405 113
5406 113
5407 140
5408 106
5409 149
5410 104
5411 141
5412 140
5413 150
5414 153
5415 115
5416 137
5417 133
5418 105
5419 124
5420 105
5421 96
5422 128
5423 137
5424 105
5425 126
5426 154
5427 142
5428 190
5429 136
5430 172
5431 139
5432 152
5433 132
5434 125
5435 99
5436 161
5437 152
5438 164
5439 91
5440 106
5441 159
5442 176
5443 147
5444 123
5445 148
5446 180
5447 127
5448 131
5449 137
5450 140
5451 146
5452 151
5453 117
5454 104
5455 164
5456 132
5457 125
5458 104
5459 125
5460 141
5461 154
5462 135
5463 190
5464 130
5465 147
5466 113
5467 156
5468 145
5469 148
5470 120
5471 138
5472 96
5473 107
5474 104
5475 170
5476 130
5477 152
5478 106
5479 130
5480 146
5481 127
5482 134
5483 171
5484 121
5485 149
5486 195
5487 140
5488 77
5489 150
5490 146
5491 167
5492 123
5493 180
5494 152
5495 145
5496 121
5497 141
5498 151
5499 161
5500 133
5501 131
5502 129
5503 99
5504 154
5505 141
5506 150
5507 175
5508 123
5509 151
5510 160
5511 124
5512 106
5513 87
5514 137
5515 136
5516 159
5517 133
5518 148
5519 128
5520 147
5521 147
5522 130
5523 46
5524 140
5525 88
5526 148
5527 122
5528 140
5529 150
5530 130
5531 160
5532 193
5533 120
5534 69
5535 135
5536 158
5537 151
5538 163
5539 161
5540 127
5541 91
5542 138
5543 143
5544 157
5545 127
5546 128
5547 60
5548 150
5549 126
5550 135
5551 132
5552 63
5553 145
5554 124
5555 116
5556 161
5557 115
5558 127
5559 169
5560 156
5561 155
5562 113
5563 125
5564 175
5565 234
5566 159
5567 165
5568 158
5569 142
5570 137
5571 123
5572 152
5573 142
5574 162
5575 161
5576 155
5577 110
5578 144
5579 113
5580 99
5581 73
5582 153
5583 118
5584 148
5585 119
5586 127
5587 145
5588 154
5589 108
5590 153
5591 189
5592 143
5593 147
5594 178
5595 149
5596 176
5597 181
5598 139
5599 211
5600 150
5601 147
5602 174
5603 141
5604 140
5605 141
5606 125
5607 163
5608 136
5609 137
5610 148
5611 133
5612 148
5613 120
5614 101
5615 158
5616 150
5617 154
5618 122
5619 133
5620 142
5621 124
5622 179
5623 161
5624 202
5625 125
5626 70
5627 196
5628 155
5629 156
5630 164
5631 120
5632 168
5633 138
5634 142
5635 158
5636 128
5637 137
5638 124
5639 122
5640 136
5641 125
5642 96
5643 118
5644 120
5645 154
5646 164
5647 98
5648 87
5649 160
5650 125
5651 111
5652 150
5653 131
5654 149
5655 119
5656 148
5657 133
5658 154
5659 107
5660 162
5661 150
5662 148
5663 148
5664 173
5665 168
5666 100
5667 154
5668 138
5669 120
5670 147
5671 128
5672 74
5673 104
5674 162
5675 169
5676 145
5677 158
5678 116
5679 151
5680 102
5681 138
5682 143
5683 100
5684 181
5685 191
5686 143
5687 149
5688 144
5689 99
5690 170
5691 120
5692 113
5693 162
5694 154
5695 132
5696 156
5697 146
5698 130
5699 136
5700 132
5701 103
5702 120
5703 146
5704 137
5705 135
5706 130
5707 120
5708 142
5709 238
5710 95
5711 121
5712 74
5713 152
5714 153
5715 130
5716 161
5717 135
5718 142
5719 155
5720 114
5721 132
5722 125
5723 134
5724 165
5725 117
5726 134
5727 150
5728 145
5729 164
5730 164
5731 135
5732 191
5733 162
5734 148
5735 112
5736 97
5737 142
5738 159
5739 153
5740 162
5741 147
5742 180
5743 153
5744 134
5745 153
5746 187
5747 172
5748 169
5749 132
5750 169
5751 136
5752 166
5753 122
5754 117
5755 139
5756 125
5757 151
5758 136
5759 192
5760 141
5761 128
5762 148
5763 138
5764 154
5765 131
5766 128
5767 137
5768 105
5769 168
5770 120
5771 155
5772 139
5773 145
5774 104
5775 149
5776 164
5777 183
5778 130
5779 152
5780 136
5781 177
5782 130
5783 144
5784 172
5785 122
5786 125
5787 155
5788 130
5789 129
5790 181
5791 102
5792 99
5793 158
5794 119
5795 108
5796 125
5797 165
5798 178
5799 134
5800 133
5801 149
5802 152
5803 137
5804 188
5805 141
5806 155
5807 156
5808 116
5809 180
5810 116
5811 164
5812 123
5813 108
5814 144
5815 125
5816 134
5817 120
5818 129
5819 175
5820 137
5821 129
5822 130
5823 102
5824 127
5825 127
5826 134
5827 110
5828 216
5829 143
5830 131
5831 175
5832 133
5833 138
5834 160
5835 166
5836 146
5837 142
5838 167
5839 193
5840 127
5841 160
5842 151
5843 137
5844 84
5845 108
5846 141
5847 83
5848 134
5849 150
5850 146
5851 154
5852 145
5853 136
5854 146
5855 84
5856 187
5857 162
5858 176
5859 134
5860 153
5861 131
5862 177
5863 125
5864 153
5865 155
5866 140
5867 148
5868 69
5869 165
5870 118
5871 173
5872 165
5873 150
5874 151
5875 100
5876 152
5877 147
5878 184
5879 145
5880 106
5881 172
5882 103
5883 125
5884 162
5885 121
5886 135
5887 164
5888 155
5889 114
5890 133
5891 164
5892 153
5893 115
5894 113
5895 135
5896 199
5897 125
5898 129
5899 135
5900 212
5901 134
5902 161
5903 118
5904 138
5905 190
5906 145
5907 207
5908 38
5909 142
5910 147
5911 169
5912 148
5913 84
5914 146
5915 127
5916 198
5917 167
5918 129
5919 132
5920 200
5921 150
5922 163
5923 166
5924 142
5925 143
5926 175
5927 150
5928 168
5929 183
5930 153
5931 80
5932 145
5933 129
5934 132
5935 130
5936 109
5937 182
5938 132
5939 143
5940 122
5941 157
5942 114
5943 153
5944 115
5945 125
5946 164
5947 76
5948 115
5949 130
5950 130
5951 212
5952 128
5953 136
5954 91
5955 172
5956 40
5957 135
5958 105
5959 113
5960 137
5961 140
5962 140
5963 126
5964 101
5965 155
5966 157
5967 134
5968 119
5969 124
5970 124
5971 149
5972 122
5973 126
5974 141
5975 132
5976 160
5977 146
5978 92
5979 148
5980 118
5981 113
5982 156
5983 193
5984 115
5985 152
5986 157
5987 139
5988 167
5989 136
5990 143
5991 138
5992 152
5993 114
5994 134
5995 139
5996 159
5997 141
5998 114
5999 104
6000 134
6001 131
6002 133
6003 124
6004 113
6005 147
6006 140
6007 146
6008 129
6009 129
6010 145
6011 135
6012 136
6013 212
6014 166
6015 138
6016 108
6017 91
6018 137
6019 150
6020 171
6021 156
6022 156
6023 112
6024 120
6025 173
6026 165
6027 78
6028 157
6029 121
6030 142
6031 144
6032 122
6033 121
6034 149
6035 139
6036 168
6037 149
6038 141
6039 106
6040 182
6041 99
6042 152
6043 102
6044 130
6045 110
6046 77
6047 104
6048 202
6049 88
6050 150
6051 215
6052 155
6053 132
6054 116
6055 122
6056 153
6057 154
6058 126
6059 107
6060 143
6061 121
6062 135
6063 159
6064 172
6065 134
6066 127
6067 105
6068 186
6069 176
6070 139
6071 111
6072 140
6073 152
6074 133
6075 169
6076 135
6077 139
6078 154
6079 140
6080 148
6081 112
6082 155
6083 145
6084 99
6085 151
6086 65
6087 122
6088 196
6089 115
6090 137
6091 105
6092 153
6093 123
6094 164
6095 166
6096 150
6097 136
6098 151
6099 110
6100 127
6101 132
6102 142
6103 147
6104 126
6105 114
6106 141
6107 122
6108 158
6109 147
6110 97
6111 113
6112 78
6113 171
6114 123
6115 147
6116 135
6117 142
6118 196
6119 133
6120 152
6121 113
6122 160
6123 155
6124 126
6125 166
6126 158
6127 142
6128 187
6129 128
6130 152
6131 132
6132 119
6133 118
6134 130
6135 65
6136 134
6137 164
6138 133
6139 110
6140 168
6141 137
6142 124
6143 132
6144 208
6145 157
6146 90
6147 160
6148 139
6149 134
6150 155
6151 129
6152 141
6153 151
6154 143
6155 127
6156 172
6157 142
6158 138
6159 150
6160 139
6161 123
6162 146
6163 124
6164 165
6165 170
6166 113
6167 67
6168 131
6169 121
6170 117
6171 128
6172 123
6173 209
6174 152
6175 153
6176 136
6177 129
6178 160
6179 122
6180 119
6181 120
6182 144
6183 160
6184 121
6185 77
6186 115
6187 163
6188 158
6189 170
6190 141
6191 150
6192 144
6193 167
6194 139
6195 162
6196 164
6197 116
6198 157
6199 114
6200 156
6201 145
6202 165
6203 134
6204 133
6205 121
6206 121
6207 185
6208 147
6209 191
6210 129
6211 115
6212 153
6213 141
6214 126
6215 136
6216 155
6217 139
6218 105
6219 144
6220 151
6221 121
6222 141
6223 142
6224 170
6225 150
6226 108
6227 124
6228 110
6229 119
6230 141
6231 140
6232 147
6233 226
6234 154
6235 151
6236 140
6237 82
6238 130
6239 134
6240 175
6241 206
6242 121
6243 153
6244 88
6245 72
6246 134
6247 147
6248 180
6249 144
6250 177
6251 127
6252 140
6253 114
6254 132
6255 168
6256 127
6257 138
6258 131
6259 125
6260 95
6261 135
6262 126
6263 133
6264 151
6265 149
6266 157
6267 115
6268 167
6269 134
6270 164
6271 190
6272 101
6273 159
6274 149
6275 200
6276 80
6277 128
6278 152
6279 168
6280 154
6281 136
6282 140
6283 149
6284 126
6285 184
6286 160
6287 100
6288 73
6289 166
6290 158
6291 133
6292 144
6293 156
6294 125
6295 144
6296 147
6297 128
6298 158
6299 150
6300 139
6301 124
6302 147
6303 115
6304 102
6305 106
6306 122
6307 149
6308 157
6309 149
6310 130
6311 126
6312 114
6313 180
6314 141
6315 155
6316 145
6317 184
6318 112
6319 157
6320 128
6321 115
6322 128
6323 152
6324 156
6325 127
6326 121
6327 94
6328 124
6329 166
6330 160
6331 112
6332 174
6333 178
6334 126
6335 123
6336 94
6337 147
6338 114
6339 147
6340 115
6341 140
6342 131
6343 110
6344 163
6345 170
6346 112
6347 144
6348 157
6349 131
6350 161
6351 128
6352 156
6353 120
6354 128
6355 138
6356 112
6357 138
6358 178
6359 114
6360 167
6361 139
6362 133
6363 95
6364 168
6365 156
6366 153
6367 170
6368 104
6369 173
6370 121
6371 139
6372 141
6373 164
6374 149
6375 143
6376 129
6377 142
6378 136
6379 100
6380 141
6381 194
6382 158
6383 146
6384 150
6385 0
6386 133
6387 135
6388 124
6389 102
6390 180
6391 153
6392 134
6393 114
6394 117
6395 112
6396 138
6397 158
6398 166
6399 126
6400 126
6401 113
6402 114
6403 125
6404 223
6405 105
6406 126
6407 159
6408 124
6409 122
6410 145
6411 146
6412 98
6413 59
6414 123
6415 176
6416 67
6417 99
6418 147
6419 122
6420 131
6421 113
6422 186
6423 136
6424 149
6425 137
6426 136
6427 141
6428 134
6429 129
6430 137
6431 150
6432 131
6433 196
6434 150
6435 117
6436 145
6437 150
6438 135
6439 136
6440 151
6441 162
6442 99
6443 158
6444 97
6445 107
6446 182
6447 114
6448 184
6449 158
6450 158
6451 202
6452 141
6453 139
6454 123
6455 122
6456 166
6457 141
6458 131
6459 172
6460 133
6461 76
6462 92
6463 124
6464 118
6465 173
6466 156
6467 97
6468 90
6469 134
6470 138
6471 123
6472 99
6473 122
6474 103
6475 94
6476 141
6477 143
6478 133
6479 123
6480 129
6481 138
6482 106
6483 122
6484 130
6485 115
6486 150
6487 109
6488 149
6489 134
6490 149
6491 140
6492 127
6493 149
6494 170
6495 145
6496 124
6497 123
6498 141
6499 73
6500 113
6501 163
6502 179
6503 183
6504 128
6505 133
6506 140
6507 155
6508 146
6509 120
6510 133
6511 78
6512 164
6513 136
6514 170
6515 76
6516 153
6517 211
6518 125
6519 147
6520 178
6521 124
6522 159
6523 157
6524 152
6525 152
6526 102
6527 138
6528 177
6529 142
6530 110
6531 123
6532 179
6533 170
6534 214
6535 142
6536 226
6537 178
6538 129
6539 147
6540 130
6541 147
6542 172
6543 161
6544 178
6545 193
6546 95
6547 150
6548 95
6549 159
6550 136
6551 130
6552 117
6553 160
6554 172
6555 135
6556 146
6557 129
6558 132
6559 100
6560 194
6561 135
6562 133
6563 148
6564 106
6565 178
6566 70
6567 126
6568 148
6569 120
6570 166
6571 114
6572 155
6573 118
6574 139
6575 178
6576 119
6577 149
6578 148
6579 131
6580 140
6581 155
6582 144
6583 130
6584 179
6585 127
6586 147
6587 138
6588 157
6589 142
6590 132
6591 152
6592 136
6593 117
6594 133
6595 170
6596 141
6597 130
6598 131
6599 170
6600 133
6601 130
6602 142
6603 161
6604 111
6605 134
6606 118
6607 181
6608 130
6609 124
6610 136
6611 158
6612 157
6613 139
6614 125
6615 113
6616 164
6617 170
6618 135
6619 151
6620 103
6621 100
6622 179
6623 144
6624 145
6625 172
6626 123
6627 146
6628 118
6629 141
6630 132
6631 133
6632 142
6633 134
6634 128
6635 162
6636 114
6637 142
6638 149
6639 152
6640 135
6641 139
6642 133
6643 132
6644 123
6645 103
6646 122
6647 134
6648 109
6649 186
6650 173
6651 131
6652 134
6653 101
6654 145
6655 188
6656 139
6657 134
6658 142
6659 136
6660 172
6661 148
6662 108
6663 149
6664 145
6665 160
6666 188
6667 136
6668 145
6669 133
6670 147
6671 159
6672 123
6673 170
6674 179
6675 151
6676 116
6677 145
6678 132
6679 167
6680 147
6681 138
6682 154
6683 163
6684 170
6685 178
6686 131
6687 109
6688 138
6689 141
6690 125
6691 163
6692 160
6693 150
6694 105
6695 138
6696 135
6697 136
6698 150
6699 154
6700 105
6701 118
6702 124
6703 134
6704 138
6705 166
6706 151
6707 131
6708 129
6709 141
6710 201
6711 113
6712 124
6713 134
6714 156
6715 158
6716 114
6717 169
6718 124
6719 153
6720 112
6721 135
6722 114
6723 155
6724 176
6725 117
6726 137
6727 158
6728 147
6729 145
6730 95
6731 150
6732 120
6733 155
6734 133
6735 139
6736 138
6737 147
6738 107
6739 179
6740 131
6741 98
6742 123
6743 131
6744 191
6745 125
6746 163
6747 155
6748 152
6749 138
6750 141
6751 164
6752 101
6753 151
6754 122
6755 132
6756 138
6757 142
6758 142
6759 154
6760 136
6761 110
6762 135
6763 209
6764 142
6765 121
6766 149
6767 181
6768 168
6769 152
6770 137
6771 161
6772 94
6773 150
6774 123
6775 117
6776 159
6777 168
6778 134
6779 87
6780 141
6781 146
6782 143
6783 147
6784 123
6785 100
6786 161
6787 171
6788 122
6789 145
6790 159
6791 134
6792 153
6793 143
6794 173
6795 126
6796 109
6797 135
6798 150
6799 143
6800 140
6801 149
6802 167
6803 117
6804 117
6805 117
6806 151
6807 178
6808 116
6809 175
6810 132
6811 137
6812 128
6813 143
6814 121
6815 175
6816 77
6817 118
6818 134
6819 156
6820 133
6821 150
6822 173
6823 182
6824 143
6825 155
6826 114
6827 151
6828 159
6829 132
6830 130
6831 149
6832 157
6833 89
6834 111
6835 142
6836 159
6837 190
6838 138
6839 108
6840 183
6841 86
6842 207
6843 136
6844 111
6845 142
6846 96
6847 171
6848 158
6849 126
6850 144
6851 99
6852 63
6853 141
6854 150
6855 181
6856 142
6857 175
6858 117
6859 90
6860 128
6861 148
6862 168
6863 183
6864 187
6865 147
6866 140
6867 165
6868 128
6869 174
6870 144
6871 196
6872 143
6873 139
6874 169
6875 144
6876 171
6877 115
6878 151
6879 178
6880 157
6881 139
6882 157
6883 139
6884 136
6885 232
6886 145
6887 124
6888 122
6889 161
6890 172
6891 158
6892 142
6893 161
6894 117
6895 124
6896 161
6897 141
6898 113
6899 152
