Vertices: 3400
Edges: 23800
Time: 1,570 ms
Iterations: 23790
Vertex Distance
0 0
1 112
2 116
3 165
4 122
5 141
6 64
7 161
8 127
9 122
10 122
11 119
12 128
13 126
14 151
15 154
16 128
17 107
18 108
19 125
20 116
21 147
22 108
23 169
24 185
25 181
26 135
27 121
28 120
29 166
30 192
31 153
32 142
33 75
34 108
35 119
36 131
37 128
38 110
39 144
40 139
41 140
42 138
43 166
44 114
45 140
46 146
47 182
48 113
49 133
50 164
51 127
52 156
53 97
54 133
55 146
56 152
57 98
58 132
59 138
60 124
61 142
62 106
63 134
64 113
65 148
66 78
67 148
68 122
69 109
70 127
71 184
72 173
73 144
74 154
75 167
76 111
77 176
78 77
79 158
80 127
81 152
82 140
83 152
84 135
85 69
86 119
87 135
88 118
89 173
90 112
91 136
92 119
93 118
94 161
95 93
96 76
97 159
98 168
99 144
100 226
101 69
102 136
103 144
104 99
105 147
106 104
107 72
108 125
109 133
110 132
111 93
112 145
113 161
114 132
115 178
116 118
117 162
118 83
119 127
120 145
121 110
122 168
123 116
124 125
125 158
126 158
127 161
128 159
129 140
130 146
131 124
132 143
133 109
134 130
135 97
136 98
137 116
138 106
139 121
140 157
141 113
142 152
143 108
144 161
145 132
146 127
147 145
148 147
149 130
150 245
151 138
152 133
153 94
154 156
155 151
156 201
157 165
158 116
159 163
160 109
161 130
162 130
163 94
164 115
165 99
166 62
167 123
168 65
169 145
170 92
171 150
172 87
173 191
174 104
175 56
176 148
177 115
178 120
179 84
180 129
181 146
182 91
183 132
184 156
185 191
186 118
187 130
188 128
189 139
190 135
191 151
192 100
193 141
194 140
195 104
196 134
197 131
198 113
199 115
200 116
201 120
202 124
203 140
204 157
205 145
206 114
207 125
208 105
209 86
210 105
211 130
212 145
213 143
214 93
215 131
216 146
217 158
218 119
219 135
220 114
221 176
222 108
223 114
224 128
225 90
226 80
227 157
228 114
229 128
230 162
231 119
232 142
233 127
234 109
235 99
236 148
237 130
238 141
239 155
240 117
241 121
242 127
243 199
244 111
245 89
246 119
247 133
248 71
249 122
250 106
251 149
252 90
253 135
254 130
255 115
256 160
257 85
258 147
259 121
260 139
261 119
262 140
263 146
264 130
265 169
266 163
267 141
268 96
269 147
270 119
271 127
272 110
273 58
274 92
275 89
276 112
277 84
278 143
279 94
280 130
281 125
282 107
283 98
284 100
285 105
286 129
287 64
288 167
289 138
290 137
291 107
292 219
293 99
294 91
295 104
296 89
297 96
298 135
299 140
300 108
301 138
302 123
303 129
304 149
305 166
306 149
307 149
308 130
309 102
310 116
311 141
312 94
313 129
314 127
315 124
316 207
317 72
318 107
319 127
320 144
321 119
322 117
323 94
324 127
325 122
326 173
327 112
328 91
329 107
330 120
331 99
332 122
333 126
334 170
335 133
336 174
337 102
338 131
339 138
340 106
341 80
342 158
343 184
344 126
345 116
346 137
347 110
348 171
349 150
350 100
351 136
352 140
353 118
354 128
355 138
356 111
357 73
358 120
359 106
360 152
361 127
362 128
363 142
364 74
365 155
366 122
367 90
368 165
369 129
370 126
371 144
372 145
373 142
374 130
375 168
376 113
377 153
378 110
379 138
380 121
381 127
382 134
383 120
384 119
385 125
386 96
387 174
388 156
389 146
390 127
391 142
392 131
393 120
394 111
395 121
396 150
397 108
398 113
399 169
400 111
401 102
402 148
403 151
404 142
405 145
406 125
407 137
408 105
409 189
410 130
411 122
412 142
413 126
414 161
415 129
416 152
417 38
418 137
419 134
420 113
421 92
422 133
423 121
424 99
425 210
426 137
427 148
428 68
429 147
430 63
431 69
432 142
433 131
434 99
435 139
436 119
437 113
438 130
439 102
440 102
441 105
442 133
443 115
444 96
445 108
446 132
447 132
448 127
449 80
450 92
451 134
452 146
453 154
454 117
455 147
456 98
457 145
458 144
459 88
460 144
461 134
462 116
463 156
464 136
465 106
466 110
467 125
468 91
469 127
470 41
471 159
472 140
473 144
474 135
475 161
476 110
477 123
478 104
479 105
480 189
481 89
482 138
483 116
484 93
485 138
486 132
487 99
488 115
489 106
490 176
491 155
492 149
493 174
494 153
495 196
496 120
497 84
498 229
499 144
500 122
501 131
502 111
503 139
504 138
505 139
506 129
507 144
508 141
509 150
510 123
511 167
512 99
513 144
514 114
515 146
516 114
517 110
518 74
519 123
520 177
521 91
522 148
523 220
524 104
525 124
526 136
527 112
528 146
529 110
530 122
531 134
532 115
533 108
534 179
535 179
536 149
537 105
538 85
539 124
540 167
541 157
542 145
543 170
544 94
545 109
546 143
547 142
548 144
549 46
550 110
551 119
552 120
553 153
554 79
555 121
556 140
557 138
558 140
559 162
560 113
561 141
562 143
563 158
564 114
565 148
566 161
567 101
568 136
569 103
570 126
571 103
572 156
573 200
574 78
575 148
576 167
577 115
578 170
579 149
580 150
581 126
582 122
583 85
584 133
585 117
586 118
587 122
588 155
589 125
590 151
591 118
592 106
593 148
594 144
595 121
596 157
597 96
598 105
599 138
600 112
601 150
602 152
603 100
604 122
605 153
606 122
607 81
608 136
609 135
610 126
611 126
612 127
613 103
614 97
615 162
616 97
617 108
618 100
619 68
620 132
621 162
622 225
623 170
624 117
625 139
626 108
627 121
628 112
629 135
630 178
631 101
632 112
633 222
634 160
635 201
636 134
637 75
638 169
639 121
640 105
641 103
642 72
643 107
644 76
645 152
646 127
647 92
648 120
649 144
650 117
651 164
652 150
653 92
654 151
655 77
656 124
657 130
658 102
659 112
660 112
661 151
662 146
663 161
664 129
665 156
666 122
667 167
668 164
669 147
670 142
671 135
672 104
673 153
674 121
675 127
676 118
677 117
678 93
679 133
680 118
681 137
682 97
683 60
684 156
685 144
686 132
687 103
688 122
689 130
690 146
691 139
692 109
693 130
694 184
695 103
696 114
697 167
698 111
699 118
700 125
701 153
702 111
703 88
704 137
705 175
706 113
707 144
708 168
709 142
710 126
711 69
712 132
713 132
714 121
715 118
716 124
717 78
718 130
719 146
720 105
721 113
722 173
723 154
724 93
725 120
726 144
727 147
728 109
729 137
730 127
731 69
732 108
733 160
734 127
735 129
736 91
737 181
738 183
739 148
740 108
741 135
742 128
743 112
744 124
745 125
746 123
747 110
748 181
749 173
750 147
751 122
752 198
753 170
754 142
755 157
756 49
757 143
758 157
759 107
760 164
761 144
762 156
763 110
764 114
765 117
766 147
767 93
768 156
769 130
770 129
771 105
772 161
773 153
774 132
775 120
776 163
777 135
778 152
779 72
780 106
781 89
782 149
783 163
784 148
785 129
786 93
787 123
788 123
789 127
790 134
791 139
792 144
793 155
794 114
795 133
796 136
797 103
798 79
799 146
800 145
801 128
802 180
803 139
804 123
805 94
806 125
807 75
808 144
809 100
810 117
811 103
812 117
813 140
814 172
815 118
816 108
817 125
818 170
819 102
820 123
821 80
822 121
823 158
824 144
825 135
826 141
827 151
828 131
829 180
830 111
831 103
832 122
833 174
834 101
835 155
836 145
837 111
838 135
839 74
840 131
841 128
842 114
843 76
844 138
845 133
846 135
847 143
848 144
849 145
850 142
851 131
852 106
853 124
854 79
855 121
856 80
857 102
858 131
859 116
860 162
861 129
862 127
863 118
864 134
865 128
866 137
867 121
868 161
869 130
870 158
871 151
872 165
873 133
874 106
875 212
876 125
877 143
878 135
879 178
880 121
881 204
882 100
883 124
884 86
885 64
886 162
887 142
888 136
889 100
890 160
891 143
892 150
893 97
894 132
895 87
896 135
897 184
898 151
899 143
900 152
901 193
902 130
903 88
904 125
905 145
906 132
907 121
908 93
909 138
910 121
911 131
912 138
913 136
914 125
915 93
916 149
917 193
918 58
919 133
920 120
921 126
922 139
923 108
924 96
925 109
926 128
927 178
928 151
929 132
930 126
931 151
932 104
933 114
934 134
935 144
936 147
937 59
938 132
939 103
940 109
941 133
942 149
943 202
944 150
945 129
946 118
947 92
948 100
949 146
950 141
951 70
952 65
953 91
954 146
955 138
956 164
957 177
958 116
959 141
960 133
961 134
962 111
963 177
964 147
965 136
966 116
967 161
968 192
969 77
970 120
971 138
972 136
973 166
974 64
975 120
976 77
977 109
978 108
979 141
980 156
981 114
982 152
983 143
984 117
985 149
986 130
987 121
988 92
989 108
990 147
991 102
992 132
993 120
994 143
995 133
996 81
997 107
998 127
999 113
1000 124
1001 122
1002 117
1003 111
1004 115
1005 139
1006 135
1007 101
1008 172
1009 112
1010 144
1011 128
1012 158
1013 134
1014 85
1015 130
1016 115
1017 149
1018 73
1019 167
1020 72
1021 100
1022 137
1023 75
1024 128
1025 119
1026 96
1027 145
1028 161
1029 141
1030 146
1031 128
1032 141
1033 94
1034 116
1035 137
1036 90
1037 114
1038 115
1039 158
1040 175
1041 156
1042 167
1043 144
1044 137
1045 155
1046 113
1047 147
1048 121
1049 205
1050 134
1051 155
1052 116
1053 131
1054 168
1055 112
1056 108
1057 143
1058 133
1059 138
1060 103
1061 180
1062 124
1063 151
1064 128
1065 135
1066 112
1067 88
1068 124
1069 112
1070 126
1071 110
1072 123
1073 77
1074 97
1075 154
1076 128
1077 131
1078 117
1079 109
1080 121
1081 150
1082 107
1083 106
1084 113
1085 134
1086 103
1087 90
1088 109
1089 132
1090 142
1091 126
1092 90
1093 112
1094 86
1095 102
1096 109
1097 126
1098 99
1099 136
1100 134
1101 170
1102 73
1103 104
1104 128
1105 140
1106 122
1107 149
1108 127
1109 81
1110 117
1111 126
1112 133
1113 139
1114 128
1115 136
1116 138
1117 121
1118 114
1119 123
1120 119
1121 98
1122 167
1123 101
1124 157
1125 105
1126 155
1127 116
1128 127
1129 136
1130 152
1131 140
1132 117
1133 133
1134 107
1135 269
1136 114
1137 116
1138 135
1139 95
1140 77
1141 92
1142 116
1143 136
1144 172
1145 86
1146 84
1147 150
1148 119
1149 148
1150 99
1151 147
1152 139
1153 149
1154 99
1155 125
1156 94
1157 120
1158 160
1159 98
1160 164
1161 162
1162 115
1163 148
1164 122
1165 164
1166 141
1167 153
1168 87
1169 123
1170 139
1171 135
1172 103
1173 141
1174 160
1175 35
1176 112
1177 136
1178 105
1179 130
1180 140
1181 120
1182 154
1183 114
1184 155
1185 98
1186 123
1187 113
1188 147
1189 113
1190 133
1191 129
1192 123
1193 92
1194 72
1195 118
1196 130
1197 129
1198 124
1199 124
1200 147
1201 63
1202 127
1203 158
1204 131
1205 166
1206 144
1207 148
1208 155
1209 131
1210 199
1211 141
1212 86
1213 164
1214 198
1215 99
1216 75
1217 136
1218 95
1219 117
1220 164
1221 119
1222 142
1223 162
1224 138
1225 142
1226 100
1227 139
1228 89
1229 186
1230 62
1231 132
1232 147
1233 129
1234 93
1235 141
1236 166
1237 135
1238 108
1239 147
1240 116
1241 163
1242 85
1243 112
1244 129
1245 154
1246 86
1247 160
1248 128
1249 137
1250 137
1251 130
1252 132
1253 131
1254 129
1255 116
1256 145
1257 125
1258 119
1259 141
1260 144
1261 128
1262 123
1263 154
1264 120
1265 114
1266 115
1267 110
1268 127
1269 138
1270 87
1271 147
1272 158
1273 140
1274 140
1275 123
1276 146
1277 156
1278 168
1279 166
1280 126
1281 111
1282 118
1283 92
1284 134
1285 140
1286 135
1287 121
1288 138
1289 146
1290 160
1291 136
1292 119
1293 185
1294 109
1295 96
1296 131
1297 133
1298 151
1299 168
1300 127
1301 143
1302 149
1303 157
1304 162
1305 113
1306 120
1307 124
1308 144
1309 114
1310 124
1311 124
1312 114
1313 113
1314 105
1315 122
1316 135
1317 125
1318 145
1319 116
1320 125
1321 154
1322 142
1323 172
1324 201
1325 111
1326 125
1327 112
1328 98
1329 155
1330 110
1331 123
1332 133
1333 159
1334 122
1335 150
1336 92
1337 155
1338 153
1339 162
1340 165
1341 121
1342 145
1343 120
1344 147
1345 107
1346 151
1347 133
1348 143
1349 179
1350 139
1351 115
1352 87
1353 157
1354 197
1355 153
1356 72
1357 151
1358 108
1359 127
1360 106
1361 61
1362 141
1363 162
1364 156
1365 76
1366 153
1367 111
1368 163
1369 94
1370 155
1371 117
1372 128
1373 113
1374 148
1375 109
1376 163
1377 139
1378 103
1379 148
1380 144
1381 133
1382 133
1383 156
1384 40
1385 127
1386 122
1387 151
1388 128
1389 123
1390 132
1391 136
1392 147
1393 182
1394 115
1395 95
1396 135
1397 127
1398 125
1399 113
1400 112
1401 88
1402 135
1403 115
1404 112
1405 116
1406 149
1407 130
1408 160
1409 144
1410 142
1411 98
1412 145
1413 120
1414 84
1415 20
1416 107
1417 114
1418 41
1419 89
1420 105
1421 105
1422 122
1423 89
1424 114
1425 134
1426 112
1427 121
1428 139
1429 127
1430 103
1431 137
1432 122
1433 162
1434 135
1435 166
1436 133
1437 73
1438 135
1439 128
1440 138
1441 148
1442 175
1443 96
1444 124
1445 120
1446 122
1447 147
1448 116
1449 124
1450 117
1451 137
1452 117
1453 138
1454 159
1455 95
1456 106
1457 175
1458 96
1459 166
1460 124
1461 161
1462 160
1463 96
1464 99
1465 120
1466 157
1467 140
1468 160
1469 168
1470 144
1471 114
1472 124
1473 115
1474 142
1475 94
1476 113
1477 143
1478 118
1479 112
1480 148
1481 133
1482 128
1483 109
1484 128
1485 132
1486 114
1487 135
1488 113
1489 90
1490 126
1491 112
1492 100
1493 131
1494 136
1495 117
1496 155
1497 163
1498 122
1499 119
1500 165
1501 156
1502 70
1503 153
1504 130
1505 132
1506 105
1507 136
1508 147
1509 144
1510 118
1511 117
1512 128
1513 127
1514 146
1515 132
1516 135
1517 97
1518 118
1519 106
1520 92
1521 94
1522 137
1523 59
1524 121
1525 132
1526 120
1527 108
1528 145
1529 125
1530 109
1531 120
1532 137
1533 105
1534 175
1535 93
1536 119
1537 119
1538 159
1539 127
1540 157
1541 131
1542 81
1543 161
1544 137
1545 129
1546 136
1547 148
1548 70
1549 136
1550 93
1551 128
1552 148
1553 139
1554 122
1555 110
1556 58
1557 140
1558 158
1559 139
1560 73
1561 138
1562 108
1563 98
1564 174
1565 159
1566 155
1567 141
1568 105
1569 108
1570 128
1571 139
1572 76
1573 165
1574 120
1575 102
1576 112
1577 137
1578 112
1579 143
1580 128
1581 81
1582 128
1583 115
1584 99
1585 91
1586 151
1587 133
1588 69
1589 132
1590 100
1591 101
1592 144
1593 97
1594 127
1595 164
1596 116
1597 110
1598 139
1599 139
1600 142
1601 127
1602 125
1603 106
1604 134
1605 177
1606 120
1607 123
1608 127
1609 111
1610 145
1611 149
1612 59
1613 95
1614 145
1615 102
1616 129
1617 196
1618 157
1619 26
1620 156
1621 104
1622 139
1623 133
1624 94
1625 180
1626 158
1627 118
1628 117
1629 125
1630 141
1631 154
1632 145
1633 169
1634 165
1635 118
1636 139
1637 167
1638 98
1639 105
1640 123
1641 149
1642 127
1643 135
1644 135
1645 101
1646 148
1647 145
1648 115
1649 125
1650 101
1651 146
1652 0
1653 157
1654 103
1655 145
1656 123
1657 88
1658 94
1659 166
1660 97
1661 139
1662 116
1663 168
1664 179
1665 137
1666 75
1667 92
1668 118
1669 100
1670 99
1671 131
1672 135
1673 141
1674 144
1675 135
1676 101
1677 114
1678 99
1679 111
1680 164
1681 130
1682 125
1683 130
1684 107
1685 124
1686 155
1687 151
1688 152
1689 139
1690 112
1691 147
1692 144
1693 103
1694 200
1695 173
1696 148
1697 142
1698 129
1699 158
1700 151
1701 112
1702 115
1703 170
1704 127
1705 117
1706 120
1707 165
1708 122
1709 127
1710 154
1711 118
1712 162
1713 146
1714 127
1715 141
1716 133
1717 155
1718 85
1719 165
1720 140
1721 160
1722 113
1723 133
1724 131
1725 126
1726 160
1727 128
1728 145
1729 125
1730 161
1731 129
1732 137
1733 116
1734 129
1735 98
1736 137
1737 137
1738 199
1739 128
1740 134
1741 111
1742 36
1743 121
1744 107
1745 156
1746 162
1747 103
1748 130
1749 203
1750 123
1751 133
1752 96
1753 121
1754 141
1755 111
1756 123
1757 147
1758 143
1759 170
1760 103
1761 109
1762 157
1763 168
1764 122
1765 118
1766 130
1767 136
1768 72
1769 124
1770 146
1771 131
1772 85
1773 124
1774 143
1775 173
1776 144
1777 103
1778 177
1779 109
1780 107
1781 120
1782 137
1783 127
1784 132
1785 98
1786 136
1787 89
1788 99
1789 143
1790 148
1791 126
1792 141
1793 113
1794 146
1795 177
1796 130
1797 135
1798 142
1799 100
1800 129
1801 127
1802 131
1803 144
1804 134
1805 144
1806 136
1807 123
1808 82
1809 111
1810 148
1811 80
1812 115
1813 127
1814 145
1815 101
1816 145
1817 141
1818 125
1819 85
1820 148
1821 129
1822 120
1823 152
1824 116
1825 161
1826 152
1827 142
1828 82
1829 251
1830 149
1831 121
1832 112
1833 112
1834 151
1835 144
1836 129
1837 171
1838 140
1839 143
1840 139
1841 110
1842 122
1843 157
1844 114
1845 141
1846 70
1847 115
1848 64
1849 158
1850 129
1851 135
1852 111
1853 89
1854 123
1855 115
1856 197
1857 130
1858 144
1859 92
1860 134
1861 88
1862 106
1863 116
1864 138
1865 125
1866 89
1867 128
1868 173
1869 143
1870 114
1871 121
1872 93
1873 119
1874 115
1875 123
1876 179
1877 146
1878 134
1879 167
1880 89
1881 125
1882 119
1883 130
1884 169
1885 95
1886 175
1887 162
1888 126
1889 15
1890 103
1891 167
1892 135
1893 156
1894 104
1895 158
1896 141
1897 142
1898 124
1899 108
1900 101
1901 109
1902 126
1903 106
1904 100
1905 127
1906 128
1907 102
1908 145
1909 116
1910 143
1911 88
1912 153
1913 98
1914 112
1915 128
1916 129
1917 191
1918 143
1919 165
1920 131
1921 137
1922 153
1923 148
1924 124
1925 147
1926 126
1927 132
1928 148
1929 125
1930 123
1931 122
1932 99
1933 164
1934 101
1935 168
1936 121
1937 122
1938 83
1939 79
1940 118
1941 117
1942 132
1943 171
1944 139
1945 111
1946 134
1947 189
1948 125
1949 125
1950 148
1951 142
1952 136
1953 140
1954 156
1955 110
1956 120
1957 126
1958 103
1959 134
1960 110
1961 154
1962 154
1963 116
1964 115
1965 116
1966 112
1967 71
1968 131
1969 136
1970 150
1971 162
1972 113
1973 126
1974 123
1975 114
1976 143
1977 114
1978 102
1979 162
1980 102
1981 107
1982 223
1983 107
1984 106
1985 128
1986 133
1987 102
1988 110
1989 83
1990 141
1991 171
1992 103
1993 136
1994 121
1995 153
1996 139
1997 153
1998 170
1999 125
2000 68
2001 168
2002 123
2003 128
2004 111
2005 130
2006 104
2007 135
2008 122
2009 83
2010 127
2011 95
2012 159
2013 154
2014 126
2015 107
2016 169
2017 128
2018 135
2019 149
2020 125
2021 141
2022 116
2023 130
2024 128
2025 78
2026 115
2027 145
2028 131
2029 102
2030 148
2031 135
2032 94
2033 147
2034 131
2035 107
2036 139
2037 105
2038 113
2039 190
2040 120
2041 159
2042 114
2043 132
2044 107
2045 172
2046 120
2047 138
2048 103
2049 103
2050 160
2051 95
2052 148
2053 137
2054 172
2055 146
2056 148
2057 102
2058 119
2059 130
2060 128
2061 134
2062 139
2063 142
2064 94
2065 152
2066 145
2067 137
2068 133
2069 103
2070 88
2071 129
2072 130
2073 160
2074 117
2075 127
2076 128
2077 52
2078 103
2079 196
2080 138
2081 87
2082 167
2083 112
2084 114
2085 106
2086 120
2087 116
2088 147
2089 138
2090 84
2091 114
2092 146
2093 119
2094 144
2095 102
2096 104
2097 131
2098 117
2099 117
2100 145
2101 71
2102 107
2103 128
2104 112
2105 138
2106 76
2107 174
2108 140
2109 114
2110 93
2111 132
2112 152
2113 122
2114 128
2115 143
2116 117
2117 116
2118 113
2119 130
2120 142
2121 135
2122 130
2123 155
2124 105
2125 105
2126 132
2127 141
2128 145
2129 108
2130 173
2131 104
2132 150
2133 129
2134 134
2135 168
2136 154
2137 151
2138 138
2139 164
2140 158
2141 127
2142 114
2143 98
2144 86
2145 163
2146 111
2147 114
2148 92
2149 136
2150 135
2151 163
2152 108
2153 121
2154 157
2155 115
2156 142
2157 131
2158 181
2159 99
2160 147
2161 93
2162 125
2163 114
2164 117
2165 153
2166 124
2167 135
2168 191
2169 122
2170 214
2171 112
2172 187
2173 154
2174 143
2175 163
2176 165
2177 169
2178 97
2179 105
2180 136
2181 154
2182 135
2183 137
2184 131
2185 123
2186 108
2187 141
2188 137
2189 146
2190 121
2191 100
2192 155
2193 156
2194 127
2195 170
2196 167
2197 94
2198 126
2199 130
2200 125
2201 138
2202 177
2203 107
2204 113
2205 120
2206 103
2207 136
2208 149
2209 130
2210 145
2211 204
2212 171
2213 88
2214 168
2215 123
2216 139
2217 129
2218 152
2219 134
2220 121
2221 133
2222 135
2223 109
2224 112
2225 100
2226 105
2227 111
2228 150
2229 96
2230 114
2231 127
2232 106
2233 136
2234 124
2235 139
2236 162
2237 141
2238 154
2239 223
2240 137
2241 99
2242 134
2243 90
2244 197
2245 131
2246 142
2247 151
2248 113
2249 157
2250 107
2251 104
2252 118
2253 66
2254 88
2255 113
2256 137
2257 162
2258 113
2259 76
2260 124
2261 143
2262 97
2263 137
2264 114
2265 121
2266 98
2267 141
2268 114
2269 127
2270 141
2271 143
2272 147
2273 108
2274 137
2275 102
2276 104
2277 116
2278 125
2279 200
2280 142
2281 151
2282 123
2283 116
2284 97
2285 166
2286 121
2287 103
2288 96
2289 84
2290 153
2291 135
2292 135
2293 166
2294 119
2295 159
2296 134
2297 200
2298 137
2299 131
2300 103
2301 150
2302 129
2303 152
2304 145
2305 131
2306 150
2307 123
2308 139
2309 150
2310 74
2311 136
2312 77
2313 132
2314 136
2315 166
2316 136
2317 109
2318 93
2319 111
2320 155
2321 104
2322 100
2323 151
2324 71
2325 175
2326 146
2327 133
2328 161
2329 86
2330 132
2331 152
2332 135
2333 150
2334 120
2335 117
2336 164
2337 127
2338 82
2339 158
2340 78
2341 137
2342 143
2343 138
2344 94
2345 102
2346 89
2347 131
2348 165
2349 140
2350 141
2351 138
2352 123
2353 147
2354 130
2355 92
2356 138
2357 141
2358 111
2359 119
2360 130
2361 63
2362 147
2363 149
2364 99
2365 120
2366 127
2367 137
2368 107
2369 134
2370 149
2371 159
2372 130
2373 117
2374 152
2375 156
2376 97
2377 140
2378 127
2379 116
2380 133
2381 136
2382 176
2383 154
2384 105
2385 126
2386 126
2387 141
2388 153
2389 146
2390 113
2391 178
2392 126
2393 146
2394 143
2395 139
2396 98
2397 146
2398 167
2399 112
2400 172
2401 129
2402 96
2403 133
2404 141
2405 158
2406 137
2407 116
2408 110
2409 158
2410 185
2411 117
2412 85
2413 189
2414 113
2415 130
2416 115
2417 118
2418 141
2419 122
2420 150
2421 85
2422 173
2423 117
2424 114
2425 121
2426 106
2427 97
2428 161
2429 181
2430 120
2431 155
2432 93
2433 189
2434 137
2435 132
2436 139
2437 118
2438 99
2439 142
2440 148
2441 83
2442 146
2443 152
2444 172
2445 124
2446 162
2447 132
2448 146
2449 111
2450 87
2451 154
2452 145
2453 120
2454 110
2455 137
2456 120
2457 121
2458 136
2459 138
2460 120
2461 104
2462 128
2463 136
2464 114
2465 189
2466 156
2467 116
2468 124
2469 131
2470 142
2471 65
2472 142
2473 170
2474 88
2475 121
2476 132
2477 146
2478 110
2479 103
2480 115
2481 119
2482 125
2483 131
2484 125
2485 185
2486 135
2487 173
2488 173
2489 130
2490 173
2491 140
2492 147
2493 86
2494 172
2495 117
2496 103
2497 147
2498 158
2499 119
2500 94
2501 136
2502 194
2503 91
2504 113
2505 165
2506 130
2507 93
2508 126
2509 142
2510 74
2511 118
2512 154
2513 89
2514 83
2515 98
2516 146
2517 133
2518 112
2519 113
2520 122
2521 103
2522 110
2523 162
2524 176
2525 107
2526 151
2527 123
2528 157
2529 132
2530 135
2531 158
2532 129
2533 148
2534 173
2535 157
2536 57
2537 86
2538 168
2539 114
2540 98
2541 151
2542 138
2543 59
2544 107
2545 113
2546 160
2547 160
2548 75
2549 164
2550 133
2551 156
2552 80
2553 150
2554 105
2555 126
2556 114
2557 128
2558 149
2559 146
2560 127
2561 121
2562 133
2563 116
2564 139
2565 127
2566 121
2567 220
2568 117
2569 116
2570 115
2571 134
2572 122
2573 174
2574 132
2575 118
2576 108
2577 112
2578 142
2579 97
2580 96
2581 132
2582 149
2583 128
2584 140
2585 153
2586 120
2587 133
2588 132
2589 151
2590 114
2591 133
2592 162
2593 102
2594 106
2595 144
2596 95
2597 129
2598 163
2599 140
2600 133
2601 93
2602 108
2603 127
2604 138
2605 136
2606 106
2607 114
2608 113
2609 173
2610 113
2611 137
2612 163
2613 155
2614 175
2615 106
2616 146
2617 101
2618 125
2619 119
2620 120
2621 111
2622 127
2623 96
2624 101
2625 106
2626 148
2627 149
2628 144
2629 107
2630 138
2631 122
2632 110
2633 132
2634 145
2635 94
2636 109
2637 170
2638 138
2639 98
2640 120
2641 149
2642 119
2643 112
2644 146
2645 131
2646 112
2647 132
2648 123
2649 130
2650 124
2651 117
2652 159
2653 116
2654 141
2655 128
2656 158
2657 182
2658 116
2659 110
2660 134
2661 136
2662 112
2663 142
2664 132
2665 79
2666 128
2667 130
2668 171
2669 120
2670 118
2671 130
2672 109
2673 86
2674 106
2675 125
2676 123
2677 121
2678 114
2679 82
2680 97
2681 124
2682 132
2683 140
2684 138
2685 107
2686 130
2687 133
2688 146
2689 152
2690 136
2691 162
2692 167
2693 95
2694 126
2695 143
2696 130
2697 115
2698 69
2699 94
2700 160
2701 138
2702 196
2703 115
2704 128
2705 136
2706 157
2707 120
2708 74
2709 130
2710 102
2711 169
2712 145
2713 78
2714 157
2715 126
2716 134
2717 129
2718 131
2719 103
2720 96
2721 118
2722 130
2723 146
2724 152
2725 133
2726 114
2727 127
2728 133
2729 20
2730 186
2731 147
2732 155
2733 134
2734 141
2735 113
2736 147
2737 159
2738 119
2739 124
2740 133
2741 117
2742 118
2743 109
2744 74
2745 131
2746 51
2747 108
2748 100
2749 122
2750 184
2751 171
2752 130
2753 150
2754 113
2755 112
2756 126
2757 117
2758 88
2759 117
2760 145
2761 130
2762 124
2763 148
2764 97
2765 119
2766 138
2767 146
2768 154
2769 166
2770 131
2771 133
2772 135
2773 127
2774 153
2775 128
2776 131
2777 131
2778 126
2779 133
2780 145
2781 147
2782 153
2783 177
2784 166
2785 162
2786 132
2787 119
2788 127
2789 159
2790 131
2791 133
2792 51
2793 148
2794 29
2795 140
2796 108
2797 105
2798 130
2799 115
2800 169
2801 122
2802 161
2803 124
2804 127
2805 95
2806 89
2807 121
2808 124
2809 98
2810 132
2811 126
2812 98
2813 129
2814 83
2815 154
2816 112
2817 82
2818 128
2819 151
2820 104
2821 131
2822 153
2823 122
2824 108
2825 101
2826 115
2827 107
2828 141
2829 130
2830 117
2831 156
2832 146
2833 126
2834 141
2835 117
2836 129
2837 130
2838 149
2839 104
2840 127
2841 101
2842 100
2843 129
2844 116
2845 185
2846 113
2847 128
2848 80
2849 152
2850 127
2851 131
2852 109
2853 157
2854 139
2855 136
2856 122
2857 61
2858 139
2859 115
2860 74
2861 50
2862 107
2863 154
2864 149
2865 146
2866 124
2867 139
2868 111
2869 168
2870 110
2871 150
2872 86
2873 145
2874 112
2875 119
2876 128
2877 143
2878 114
2879 124
2880 152
2881 130
2882 95
2883 101
2884 102
2885 178
2886 169
2887 107
2888 94
2889 139
2890 143
2891 97
2892 152
2893 86
2894 138
2895 110
2896 117
2897 123
2898 104
2899 104
2900 172
2901 94
2902 112
2903 122
2904 152
2905 124
2906 82
2907 136
2908 129
2909 126
2910 151
2911 164
2912 66
2913 109
2914 127
2915 69
2916 132
2917 149
2918 157
2919 73
2920 102
2921 137
2922 109
2923 132
2924 150
2925 110
2926 122
2927 86
2928 118
2929 154
2930 117
2931 140
2932 144
2933 106
2934 120
2935 131
2936 107
2937 122
2938 126
2939 140
2940 104
2941 85
2942 162
2943 76
2944 131
2945 156
2946 177
2947 92
2948 114
2949 140
2950 116
2951 144
2952 149
2953 116
2954 96
2955 148
2956 179
2957 88
2958 96
2959 112
2960 130
2961 143
2962 137
2963 103
2964 123
2965 131
2966 152
2967 79
2968 123
2969 130
2970 86
2971 103
2972 138
2973 116
2974 165
2975 102
2976 144
2977 165
2978 122
2979 154
2980 104
2981 112
2982 139
2983 167
2984 118
2985 106
2986 118
2987 133
2988 116
2989 129
2990 149
2991 189
2992 178
2993 163
2994 113
2995 124
2996 153
2997 123
2998 159
2999 125
3000 71
3001 162
3002 126
3003 148
3004 164
3005 160
3006 152
3007 190
3008 116
3009 86
3010 141
3011 134
3012 136
3013 133
3014 101
3015 175
3016 128
3017 85
3018 184
3019 112
3020 128
3021 158
3022 114
3023 143
3024 120
3025 133
3026 166
3027 92
3028 97
3029 123
3030 185
3031 72
3032 122
3033 125
3034 147
3035 154
3036 149
3037 97
3038 122
3039 178
3040 132
3041 151
3042 175
3043 148
3044 178
3045 103
3046 118
3047 147
3048 108
3049 120
3050 46
3051 154
3052 136
3053 141
3054 148
3055 134
3056 134
3057 132
3058 118
3059 106
3060 112
3061 136
3062 161
3063 124
3064 135
3065 115
3066 172
3067 110
3068 162
3069 134
3070 147
3071 93
3072 84
3073 101
3074 102
3075 131
3076 131
3077 129
3078 144
3079 108
3080 122
3081 156
3082 145
3083 95
3084 131
3085 169
3086 143
3087 133
3088 133
3089 165
3090 102
3091 150
3092 193
3093 104
3094 134
3095 123
3096 126
3097 123
3098 136
3099 128
3100 71
3101 121
3102 137
3103 128
3104 43
3105 123
3106 125
3107 178
3108 167
3109 95
3110 154
3111 118
3112 190
3113 107
3114 129
3115 131
3116 145
3117 116
3118 76
3119 160
3120 116
3121 163
3122 106
3123 107
3124 123
3125 186
3126 77
3127 149
3128 58
3129 171
3130 162
3131 136
3132 174
3133 139
3134 138
3135 100
3136 140
3137 93
3138 190
3139 131
3140 126
3141 107
3142 150
3143 105
3144 110
3145 99
3146 105
3147 144
3148 139
3149 181
3150 181
3151 120
3152 133
3153 144
3154 123
3155 146
3156 134
3157 85
3158 165
3159 139
3160 145
3161 171
3162 124
3163 121
3164 171
3165 79
3166 95
3167 112
3168 100
3169 139
3170 167
3171 96
3172 121
3173 112
3174 111
3175 165
3176 135
3177 151
3178 69
3179 115
3180 167
3181 156
3182 124
3183 107
3184 143
3185 119
3186 129
3187 124
3188 115
3189 118
3190 181
3191 151
3192 114
3193 131
3194 135
3195 147
3196 127
3197 110
3198 119
3199 145
3200 83
3201 124
3202 130
3203 96
3204 175
3205 108
3206 118
3207 127
3208 118
3209 131
3210 131
3211 123
3212 124
3213 132
3214 114
3215 111
3216 97
3217 140
3218 130
3219 128
3220 88
3221 107
3222 127
3223 120
3224 99
3225 152
3226 104
3227 102
3228 134
3229 153
3230 130
3231 138
3232 114
3233 81
3234 142
3235 88
3236 125
3237 123
3238 113
3239 118
3240 152
3241 136
3242 113
3243 142
3244 146
3245 128
3246 99
3247 127
3248 114
3249 113
3250 134
3251 135
3252 150
3253 117
3254 146
3255 93
3256 126
3257 142
3258 122
3259 130
3260 124
3261 89
3262 116
3263 126
3264 119
3265 118
3266 23
3267 160
3268 146
3269 105
3270 130
3271 83
3272 116
3273 103
3274 120
3275 105
3276 88
3277 155
3278 131
3279 146
3280 130
3281 108
3282 53
3283 111
3284 104
3285 188
3286 217
3287 180
3288 121
3289 186
3290 121
3291 100
3292 123
3293 125
3294 164
3295 129
3296 111
3297 102
3298 141
3299 86
3300 136
3301 130
3302 169
3303 148
3304 136
3305 148
3306 147
3307 180
3308 107
3309 143
3310 120
3311 145
3312 96
3313 165
3314 139
3315 135
3316 152
3317 138
3318 162
3319 138
3320 125
3321 153
3322 121
3323 173
3324 124
3325 159
3326 104
3327 76
3328 129
3329 133
3330 124
3331 128
3332 81
3333 150
3334 127
3335 143
3336 144
3337 146
3338 72
3339 139
3340 129
3341 157
3342 164
3343 140
3344 134
3345 135
3346 150
3347 167
3348 109
3349 155
3350 139
3351 119
3352 145
3353 161
3354 122
3355 149
3356 152
3357 124
3358 194
3359 138
3360 122
3361 155
3362 151
3363 88
3364 149
3365 102
3366 169
3367 144
3368 155
3369 109
3370 81
3371 164
3372 134
3373 81
3374 84
3375 120
3376 116
3377 122
3378 128
3379 117
3380 106
3381 144
3382 126
3383 111
3384 166
3385 101
3386 115
3387 159
3388 189
3389 105
3390 169
3391 154
3392 125
3393 153
3394 147
3395 123
3396 140
3397 126
3398 127
3399 160
