Vertices: 1600
Edges: 11200
Time: 0,459 ms
Iterations: 11198
Vertex Distance
0 0
1 125
2 94
3 98
4 81
5 93
6 94
7 56
8 156
9 123
10 141
11 60
12 108
13 52
14 173
15 107
16 99
17 119
18 155
19 119
20 138
21 179
22 146
23 100
24 106
25 84
26 158
27 140
28 125
29 137
30 134
31 140
32 106
33 194
34 133
35 140
36 141
37 157
38 153
39 82
40 118
41 105
42 88
43 117
44 14
45 122
46 91
47 112
48 119
49 127
50 133
51 138
52 157
53 99
54 113
55 142
56 170
57 128
58 121
59 81
60 85
61 132
62 85
63 106
64 101
65 84
66 133
67 140
68 87
69 90
70 129
71 112
72 95
73 185
74 96
75 129
76 109
77 127
78 141
79 107
80 111
81 136
82 109
83 98
84 112
85 43
86 27
87 152
88 104
89 159
90 94
91 129
92 96
93 103
94 130
95 113
96 66
97 168
98 101
99 135
100 90
101 131
102 136
103 108
104 151
105 106
106 111
107 184
108 72
109 132
110 179
111 138
112 111
113 117
114 113
115 101
116 90
117 115
118 127
119 136
120 129
121 83
122 98
123 120
124 92
125 114
126 106
127 90
128 101
129 118
130 116
131 148
132 165
133 82
134 146
135 145
136 103
137 124
138 125
139 130
140 134
141 75
142 114
143 143
144 136
145 110
146 134
147 76
148 120
149 123
150 115
151 123
152 106
153 111
154 98
155 161
156 121
157 57
158 80
159 121
160 156
161 140
162 94
163 105
164 86
165 108
166 120
167 94
168 125
169 141
170 107
171 94
172 122
173 140
174 135
175 95
176 127
177 144
178 115
179 165
180 135
181 138
182 126
183 84
184 56
185 81
186 118
187 137
188 78
189 135
190 122
191 119
192 123
193 163
194 123
195 107
196 101
197 126
198 111
199 117
200 207
201 125
202 149
203 138
204 128
205 108
206 99
207 140
208 109
209 114
210 128
211 168
212 122
213 134
214 114
215 98
216 132
217 144
218 121
219 113
220 153
221 96
222 100
223 108
224 147
225 114
226 138
227 128
228 116
229 78
230 135
231 75
232 116
233 106
234 106
235 110
236 109
237 127
238 147
239 119
240 101
241 112
242 132
243 101
244 141
245 64
246 97
247 66
248 83
249 112
250 120
251 99
252 105
253 165
254 93
255 125
256 132
257 115
258 84
259 104
260 134
261 111
262 165
263 84
264 133
265 204
266 125
267 64
268 97
269 196
270 109
271 133
272 116
273 121
274 177
275 109
276 160
277 112
278 109
279 108
280 124
281 133
282 109
283 111
284 100
285 106
286 124
287 112
288 131
289 105
290 67
291 124
292 99
293 126
294 100
295 80
296 104
297 105
298 111
299 132
300 93
301 131
302 92
303 95
304 130
305 142
306 173
307 137
308 95
309 147
310 81
311 103
312 106
313 141
314 100
315 95
316 112
317 111
318 103
319 134
320 111
321 114
322 112
323 108
324 86
325 109
326 89
327 95
328 86
329 115
330 134
331 80
332 85
333 153
334 118
335 140
336 106
337 103
338 137
339 97
340 85
341 115
342 68
343 76
344 161
345 78
346 134
347 55
348 178
349 137
350 105
351 116
352 106
353 107
354 124
355 71
356 167
357 146
358 110
359 129
360 84
361 122
362 78
363 101
364 134
365 124
366 122
367 143
368 88
369 109
370 112
371 116
372 113
373 85
374 121
375 141
376 96
377 86
378 122
379 94
380 134
381 88
382 113
383 69
384 143
385 139
386 124
387 121
388 77
389 104
390 115
391 102
392 130
393 158
394 127
395 131
396 96
397 149
398 112
399 121
400 113
401 90
402 127
403 108
404 120
405 140
406 128
407 125
408 28
409 95
410 120
411 116
412 83
413 103
414 146
415 121
416 88
417 135
418 136
419 155
420 124
421 132
422 109
423 108
424 103
425 106
426 134
427 103
428 153
429 132
430 61
431 68
432 85
433 115
434 115
435 68
436 110
437 131
438 86
439 98
440 130
441 88
442 125
443 93
444 102
445 95
446 105
447 182
448 124
449 155
450 130
451 98
452 143
453 157
454 120
455 100
456 142
457 119
458 95
459 116
460 113
461 108
462 97
463 117
464 141
465 106
466 158
467 109
468 132
469 136
470 133
471 55
472 75
473 93
474 79
475 191
476 120
477 76
478 109
479 111
480 122
481 98
482 142
483 115
484 148
485 126
486 114
487 94
488 99
489 109
490 146
491 127
492 106
493 142
494 102
495 119
496 106
497 140
498 104
499 99
500 114
501 119
502 102
503 126
504 133
505 97
506 118
507 137
508 112
509 111
510 124
511 129
512 185
513 99
514 131
515 104
516 175
517 154
518 100
519 128
520 80
521 138
522 121
523 138
524 127
525 108
526 123
527 80
528 110
529 115
530 115
531 120
532 159
533 80
534 97
535 115
536 96
537 74
538 164
539 108
540 82
541 112
542 152
543 93
544 107
545 106
546 34
547 150
548 102
549 95
550 59
551 63
552 137
553 139
554 119
555 136
556 106
557 144
558 145
559 117
560 100
561 44
562 82
563 133
564 119
565 70
566 143
567 79
568 130
569 108
570 116
571 148
572 65
573 107
574 107
575 115
576 120
577 91
578 129
579 137
580 99
581 137
582 95
583 68
584 172
585 161
586 156
587 106
588 115
589 112
590 129
591 108
592 90
593 36
594 123
595 126
596 109
597 105
598 113
599 108
600 122
601 125
602 99
603 106
604 147
605 121
606 142
607 117
608 143
609 132
610 59
611 119
612 189
613 115
614 134
615 96
616 85
617 135
618 150
619 107
620 34
621 118
622 92
623 124
624 118
625 107
626 130
627 102
628 78
629 106
630 92
631 121
632 126
633 86
634 140
635 106
636 177
637 122
638 84
639 110
640 120
641 95
642 102
643 137
644 125
645 76
646 75
647 113
648 138
649 126
650 112
651 92
652 97
653 142
654 148
655 112
656 85
657 152
658 126
659 79
660 139
661 140
662 168
663 114
664 113
665 107
666 120
667 112
668 163
669 153
670 125
671 117
672 132
673 116
674 102
675 167
676 113
677 100
678 125
679 80
680 111
681 171
682 75
683 110
684 129
685 131
686 111
687 70
688 101
689 155
690 96
691 121
692 109
693 121
694 112
695 133
696 135
697 128
698 116
699 121
700 91
701 117
702 97
703 138
704 138
705 90
706 97
707 89
708 127
709 114
710 123
711 119
712 92
713 74
714 97
715 154
716 95
717 101
718 135
719 92
720 70
721 102
722 117
723 141
724 78
725 106
726 98
727 127
728 116
729 100
730 123
731 74
732 150
733 131
734 152
735 143
736 119
737 125
738 122
739 167
740 134
741 81
742 143
743 122
744 157
745 148
746 95
747 139
748 117
749 102
750 68
751 79
752 118
753 91
754 99
755 121
756 143
757 113
758 84
759 93
760 103
761 134
762 128
763 81
764 125
765 150
766 130
767 124
768 121
769 140
770 121
771 122
772 133
773 36
774 131
775 102
776 119
777 87
778 91
779 113
780 157
781 138
782 119
783 90
784 145
785 87
786 117
787 115
788 118
789 105
790 86
791 106
792 42
793 107
794 110
795 110
796 104
797 123
798 114
799 150
800 145
801 163
802 101
803 123
804 87
805 142
806 102
807 159
808 126
809 139
810 79
811 83
812 78
813 125
814 134
815 98
816 159
817 112
818 98
819 112
820 125
821 104
822 94
823 123
824 116
825 142
826 80
827 132
828 89
829 112
830 113
831 112
832 131
833 130
834 132
835 104
836 93
837 98
838 78
839 122
840 63
841 95
842 79
843 105
844 88
845 104
846 117
847 81
848 108
849 102
850 139
851 106
852 95
853 54
854 114
855 100
856 133
857 87
858 128
859 124
860 107
861 102
862 57
863 146
864 116
865 156
866 103
867 143
868 94
869 111
870 121
871 165
872 136
873 97
874 113
875 90
876 121
877 154
878 146
879 117
880 155
881 119
882 90
883 103
884 136
885 103
886 124
887 140
888 122
889 108
890 180
891 74
892 85
893 99
894 99
895 109
896 150
897 127
898 89
899 137
900 87
901 114
902 153
903 109
904 109
905 115
906 77
907 134
908 108
909 124
910 45
911 94
912 125
913 134
914 107
915 109
916 59
917 113
918 64
919 127
920 124
921 116
922 104
923 120
924 110
925 131
926 61
927 121
928 125
929 138
930 131
931 150
932 167
933 101
934 134
935 109
936 113
937 142
938 225
939 101
940 133
941 112
942 87
943 126
944 121
945 106
946 117
947 94
948 125
949 101
950 65
951 101
952 168
953 139
954 101
955 99
956 131
957 103
958 118
959 128
960 107
961 74
962 140
963 131
964 84
965 132
966 89
967 91
968 100
969 115
970 77
971 59
972 118
973 139
974 134
975 86
976 143
977 99
978 101
979 138
980 137
981 149
982 111
983 108
984 89
985 100
986 37
987 124
988 106
989 157
990 90
991 118
992 119
993 129
994 118
995 121
996 108
997 79
998 88
999 176
1000 152
1001 119
1002 126
1003 127
1004 125
1005 133
1006 141
1007 118
1008 108
1009 121
1010 103
1011 106
1012 183
1013 117
1014 111
1015 126
1016 129
1017 115
1018 104
1019 117
1020 110
1021 122
1022 127
1023 80
1024 107
1025 143
1026 106
1027 131
1028 100
1029 112
1030 154
1031 84
1032 158
1033 134
1034 166
1035 134
1036 136
1037 84
1038 103
1039 119
1040 129
1041 139
1042 120
1043 125
1044 88
1045 114
1046 125
1047 87
1048 111
1049 131
1050 133
1051 149
1052 139
1053 131
1054 209
1055 136
1056 86
1057 142
1058 108
1059 128
1060 122
1061 129
1062 120
1063 135
1064 124
1065 129
1066 92
1067 108
1068 123
1069 111
1070 136
1071 98
1072 89
1073 68
1074 114
1075 89
1076 142
1077 112
1078 140
1079 116
1080 114
1081 118
1082 138
1083 129
1084 122
1085 103
1086 102
1087 99
1088 128
1089 158
1090 136
1091 146
1092 82
1093 116
1094 111
1095 101
1096 117
1097 142
1098 143
1099 150
1100 109
1101 87
1102 120
1103 141
1104 129
1105 54
1106 107
1107 111
1108 151
1109 148
1110 156
1111 99
1112 148
1113 105
1114 170
1115 137
1116 145
1117 114
1118 107
1119 108
1120 119
1121 128
1122 96
1123 73
1124 92
1125 70
1126 181
1127 105
1128 120
1129 76
1130 120
1131 102
1132 139
1133 116
1134 119
1135 72
1136 116
1137 117
1138 105
1139 116
1140 124
1141 96
1142 150
1143 105
1144 122
1145 109
1146 136
1147 77
1148 127
1149 155
1150 117
1151 121
1152 119
1153 149
1154 139
1155 160
1156 163
1157 105
1158 110
1159 84
1160 129
1161 102
1162 130
1163 109
1164 123
1165 117
1166 131
1167 129
1168 111
1169 86
1170 103
1171 131
1172 68
1173 121
1174 140
1175 142
1176 122
1177 112
1178 107
1179 82
1180 101
1181 122
1182 83
1183 117
1184 90
1185 123
1186 58
1187 97
1188 135
1189 124
1190 125
1191 135
1192 90
1193 102
1194 143
1195 115
1196 90
1197 94
1198 147
1199 102
1200 108
1201 116
1202 83
1203 115
1204 93
1205 85
1206 99
1207 128
1208 122
1209 124
1210 142
1211 125
1212 82
1213 118
1214 126
1215 131
1216 145
1217 155
1218 88
1219 133
1220 127
1221 99
1222 112
1223 146
1224 147
1225 124
1226 126
1227 110
1228 150
1229 127
1230 140
1231 222
1232 116
1233 156
1234 132
1235 128
1236 127
1237 94
1238 99
1239 100
1240 111
1241 156
1242 126
1243 107
1244 74
1245 114
1246 88
1247 106
1248 111
1249 99
1250 126
1251 97
1252 120
1253 129
1254 85
1255 90
1256 125
1257 155
1258 46
1259 133
1260 119
1261 114
1262 93
1263 98
1264 104
1265 107
1266 84
1267 136
1268 100
1269 109
1270 105
1271 116
1272 159
1273 116
1274 122
1275 104
1276 119
1277 131
1278 95
1279 114
1280 119
1281 151
1282 62
1283 36
1284 105
1285 98
1286 140
1287 128
1288 128
1289 112
1290 123
1291 168
1292 153
1293 56
1294 147
1295 112
1296 91
1297 74
1298 107
1299 114
1300 98
1301 141
1302 147
1303 136
1304 143
1305 57
1306 163
1307 160
1308 95
1309 94
1310 104
1311 173
1312 148
1313 86
1314 151
1315 138
1316 76
1317 101
1318 166
1319 113
1320 61
1321 74
1322 136
1323 110
1324 136
1325 71
1326 107
1327 121
1328 104
1329 80
1330 73
1331 133
1332 116
1333 169
1334 116
1335 149
1336 133
1337 98
1338 116
1339 108
1340 124
1341 127
1342 126
1343 142
1344 130
1345 113
1346 118
1347 118
1348 100
1349 118
1350 132
1351 111
1352 128
1353 184
1354 104
1355 76
1356 113
1357 119
1358 147
1359 102
1360 111
1361 127
1362 176
1363 76
1364 124
1365 107
1366 148
1367 174
1368 78
1369 39
1370 114
1371 87
1372 115
1373 86
1374 104
1375 92
1376 102
1377 102
1378 104
1379 61
1380 100
1381 124
1382 87
1383 118
1384 166
1385 140
1386 113
1387 164
1388 152
1389 108
1390 83
1391 99
1392 76
1393 109
1394 177
1395 120
1396 128
1397 141
1398 99
1399 150
1400 86
1401 60
1402 140
1403 200
1404 140
1405 151
1406 134
1407 73
1408 108
1409 105
1410 99
1411 113
1412 148
1413 140
1414 157
1415 119
1416 111
1417 104
1418 135
1419 162
1420 78
1421 147
1422 108
1423 72
1424 131
1425 107
1426 149
1427 142
1428 110
1429 110
1430 97
1431 26
1432 122
1433 94
1434 127
1435 158
1436 110
1437 124
1438 130
1439 173
1440 124
1441 89
1442 151
1443 103
1444 126
1445 63
1446 77
1447 117
1448 138
1449 121
1450 117
1451 115
1452 116
1453 51
1454 100
1455 137
1456 124
1457 103
1458 125
1459 128
1460 106
1461 123
1462 92
1463 78
1464 92
1465 141
1466 116
1467 104
1468 84
1469 56
1470 142
1471 116
1472 113
1473 81
1474 141
1475 194
1476 99
1477 109
1478 143
1479 172
1480 130
1481 102
1482 78
1483 152
1484 182
1485 132
1486 106
1487 141
1488 114
1489 111
1490 83
1491 136
1492 98
1493 89
1494 86
1495 157
1496 117
1497 179
1498 108
1499 111
1500 0
1501 85
1502 101
1503 163
1504 119
1505 128
1506 119
1507 90
1508 104
1509 125
1510 111
1511 176
1512 136
1513 111
1514 101
1515 123
1516 153
1517 126
1518 116
1519 126
1520 110
1521 127
1522 105
1523 139
1524 103
1525 129
1526 102
1527 137
1528 157
1529 58
1530 145
1531 135
1532 128
1533 113
1534 114
1535 130
1536 118
1537 106
1538 109
1539 110
1540 122
1541 125
1542 104
1543 163
1544 136
1545 105
1546 155
1547 87
1548 154
1549 105
1550 125
1551 101
1552 84
1553 149
1554 102
1555 146
1556 103
1557 129
1558 127
1559 126
1560 69
1561 129
1562 108
1563 123
1564 107
1565 122
1566 63
1567 50
1568 124
1569 119
1570 108
1571 118
1572 110
1573 84
1574 135
1575 129
1576 73
1577 173
1578 121
1579 134
1580 140
1581 100
1582 143
1583 104
1584 131
1585 164
1586 100
1587 128
1588 134
1589 107
1590 87
1591 104
1592 112
1593 154
1594 116
1595 130
1596 124
1597 100
1598 79
1599 123
