Vertices: 6300
Edges: 44100
Time: 4,291 ms
Iterations: 44044
Vertex Distance
0 0
1 93
2 163
3 164
4 136
5 138
6 99
7 135
8 131
9 138
10 138
11 142
12 153
13 148
14 148
15 186
16 124
17 188
18 164
19 111
20 74
21 161
22 101
23 121
24 124
25 105
26 178
27 154
28 85
29 146
30 153
31 160
32 166
33 117
34 112
35 104
36 96
37 159
38 132
39 191
40 140
41 65
42 93
43 112
44 150
45 137
46 133
47 116
48 122
49 124
50 111
51 143
52 145
53 151
54 110
55 95
56 147
57 149
58 144
59 76
60 110
61 131
62 121
63 76
64 138
65 103
66 107
67 115
68 142
69 111
70 124
71 96
72 131
73 105
74 165
75 111
76 108
77 107
78 125
79 118
80 127
81 114
82 136
83 144
84 169
85 110
86 114
87 141
88 116
89 129
90 113
91 83
92 71
93 84
94 137
95 129
96 126
97 114
98 155
99 178
100 122
101 109
102 106
103 159
104 70
105 92
106 114
107 125
108 133
109 128
110 144
111 104
112 104
113 89
114 107
115 117
116 81
117 107
118 176
119 153
120 122
121 122
122 113
123 100
124 112
125 62
126 130
127 143
128 117
129 97
130 176
131 109
132 112
133 116
134 100
135 103
136 110
137 128
138 137
139 115
140 117
141 181
142 123
143 159
144 142
145 151
146 137
147 110
148 130
149 149
150 176
151 148
152 118
153 141
154 166
155 165
156 99
157 101
158 125
159 139
160 110
161 134
162 152
163 161
164 134
165 102
166 123
167 160
168 88
169 145
170 148
171 127
172 107
173 136
174 120
175 158
176 111
177 148
178 174
179 92
180 115
181 111
182 232
183 118
184 108
185 95
186 107
187 142
188 59
189 123
190 182
191 117
192 121
193 84
194 135
195 138
196 119
197 112
198 86
199 146
200 110
201 146
202 102
203 118
204 160
205 111
206 138
207 112
208 123
209 106
210 143
211 109
212 156
213 126
214 144
215 73
216 150
217 136
218 150
219 115
220 122
221 134
222 123
223 141
224 122
225 120
226 166
227 128
228 111
229 198
230 177
231 135
232 147
233 156
234 86
235 122
236 112
237 147
238 103
239 162
240 143
241 89
242 126
243 116
244 152
245 129
246 100
247 57
248 119
249 134
250 75
251 125
252 128
253 112
254 124
255 138
256 105
257 132
258 134
259 120
260 139
261 106
262 153
263 124
264 129
265 166
266 142
267 135
268 132
269 128
270 116
271 148
272 116
273 140
274 125
275 94
276 130
277 129
278 105
279 103
280 149
281 153
282 146
283 109
284 140
285 209
286 126
287 91
288 123
289 131
290 99
291 125
292 141
293 158
294 138
295 59
296 155
297 182
298 143
299 99
300 180
301 187
302 153
303 126
304 102
305 164
306 127
307 148
308 129
309 156
310 93
311 71
312 108
313 149
314 135
315 181
316 120
317 145
318 114
319 57
320 107
321 151
322 105
323 146
324 113
325 106
326 160
327 130
328 142
329 104
330 130
331 81
332 133
333 89
334 128
335 139
336 123
337 97
338 132
339 87
340 110
341 151
342 169
343 98
344 194
345 146
346 125
347 124
348 146
349 94
350 143
351 115
352 112
353 124
354 136
355 118
356 196
357 124
358 131
359 113
360 125
361 146
362 94
363 135
364 95
365 143
366 130
367 150
368 181
369 33
370 130
371 130
372 153
373 134
374 123
375 72
376 158
377 132
378 116
379 105
380 168
381 136
382 108
383 182
384 150
385 143
386 116
387 87
388 108
389 100
390 129
391 101
392 117
393 125
394 133
395 152
396 123
397 120
398 46
399 145
400 133
401 80
402 115
403 163
404 114
405 94
406 164
407 113
408 171
409 129
410 94
411 117
412 141
413 138
414 85
415 111
416 136
417 67
418 155
419 139
420 108
421 66
422 116
423 112
424 101
425 105
426 158
427 128
428 125
429 54
430 125
431 128
432 89
433 105
434 120
435 148
436 68
437 132
438 137
439 139
440 169
441 133
442 136
443 138
444 159
445 118
446 137
447 115
448 139
449 116
450 160
451 162
452 79
453 99
454 114
455 169
456 112
457 92
458 187
459 78
460 134
461 63
462 139
463 133
464 150
465 111
466 140
467 142
468 115
469 175
470 136
471 135
472 154
473 140
474 126
475 107
476 99
477 130
478 123
479 137
480 125
481 128
482 110
483 145
484 142
485 198
486 119
487 130
488 103
489 173
490 122
491 129
492 108
493 121
494 143
495 134
496 139
497 57
498 163
499 158
500 84
501 104
502 145
503 196
504 118
505 133
506 174
507 119
508 118
509 137
510 127
511 126
512 129
513 135
514 120
515 158
516 120
517 123
518 120
519 154
520 139
521 75
522 117
523 145
524 119
525 107
526 109
527 126
528 126
529 140
530 119
531 136
532 107
533 131
534 140
535 160
536 147
537 143
538 110
539 181
540 135
541 125
542 66
543 122
544 169
545 130
546 144
547 137
548 135
549 154
550 119
551 87
552 102
553 137
554 150
555 155
556 117
557 139
558 134
559 121
560 112
561 134
562 143
563 121
564 121
565 106
566 132
567 153
568 130
569 133
570 130
571 110
572 114
573 137
574 139
575 139
576 108
577 150
578 153
579 114
580 102
581 106
582 94
583 139
584 116
585 126
586 116
587 98
588 117
589 121
590 165
591 25
592 108
593 202
594 95
595 143
596 132
597 114
598 138
599 83
600 109
601 132
602 130
603 120
604 127
605 149
606 175
607 109
608 124
609 137
610 148
611 102
612 134
613 121
614 107
615 110
616 125
617 142
618 194
619 109
620 175
621 150
622 161
623 128
624 115
625 144
626 81
627 96
628 173
629 113
630 118
631 121
632 146
633 85
634 144
635 124
636 131
637 125
638 141
639 158
640 100
641 116
642 114
643 112
644 88
645 121
646 163
647 112
648 132
649 65
650 118
651 126
652 101
653 159
654 122
655 134
656 149
657 128
658 94
659 115
660 108
661 112
662 106
663 165
664 129
665 154
666 123
667 127
668 86
669 170
670 126
671 161
672 103
673 123
674 145
675 143
676 113
677 120
678 120
679 99
680 137
681 93
682 160
683 89
684 129
685 115
686 118
687 65
688 227
689 109
690 168
691 137
692 98
693 102
694 207
695 125
696 129
697 128
698 107
699 141
700 92
701 126
702 117
703 115
704 124
705 129
706 162
707 131
708 149
709 119
710 127
711 101
712 120
713 134
714 94
715 153
716 113
717 115
718 100
719 175
720 118
721 101
722 123
723 95
724 105
725 168
726 109
727 129
728 113
729 153
730 102
731 180
732 71
733 107
734 89
735 137
736 110
737 112
738 70
739 141
740 97
741 117
742 140
743 125
744 109
745 105
746 97
747 152
748 108
749 142
750 102
751 44
752 128
753 162
754 121
755 81
756 148
757 141
758 154
759 138
760 129
761 102
762 103
763 118
764 154
765 137
766 104
767 142
768 125
769 183
770 107
771 107
772 110
773 129
774 119
775 134
776 152
777 131
778 103
779 42
780 135
781 111
782 116
783 127
784 140
785 90
786 142
787 107
788 119
789 124
790 114
791 145
792 159
793 142
794 132
795 116
796 114
797 11
798 135
799 143
800 124
801 141
802 109
803 103
804 140
805 103
806 110
807 118
808 148
809 96
810 141
811 120
812 143
813 81
814 114
815 110
816 138
817 151
818 89
819 148
820 127
821 98
822 119
823 98
824 126
825 118
826 132
827 124
828 109
829 108
830 138
831 111
832 120
833 113
834 116
835 116
836 139
837 137
838 103
839 167
840 125
841 122
842 122
843 135
844 101
845 171
846 159
847 126
848 141
849 81
850 164
851 118
852 112
853 92
854 125
855 126
856 144
857 131
858 106
859 96
860 102
861 104
862 139
863 133
864 147
865 158
866 150
867 175
868 155
869 130
870 127
871 125
872 124
873 135
874 129
875 102
876 155
877 138
878 126
879 129
880 137
881 151
882 103
883 111
884 127
885 104
886 138
887 94
888 141
889 126
890 144
891 109
892 109
893 120
894 114
895 142
896 76
897 134
898 104
899 162
900 103
901 116
902 131
903 123
904 127
905 152
906 111
907 62
908 132
909 103
910 131
911 118
912 102
913 99
914 160
915 142
916 81
917 151
918 120
919 137
920 135
921 124
922 166
923 105
924 121
925 136
926 136
927 99
928 120
929 109
930 117
931 111
932 118
933 135
934 123
935 87
936 125
937 155
938 128
939 107
940 147
941 149
942 137
943 133
944 100
945 120
946 64
947 163
948 144
949 104
950 141
951 144
952 140
953 134
954 119
955 127
956 112
957 112
958 147
959 146
960 86
961 140
962 149
963 149
964 93
965 159
966 152
967 116
968 104
969 65
970 150
971 162
972 90
973 110
974 101
975 125
976 134
977 125
978 122
979 100
980 134
981 136
982 80
983 65
984 113
985 137
986 174
987 90
988 145
989 122
990 103
991 103
992 114
993 112
994 97
995 127
996 176
997 95
998 116
999 92
1000 179
1001 101
1002 139
1003 124
1004 132
1005 149
1006 119
1007 112
1008 112
1009 81
1010 93
1011 134
1012 130
1013 125
1014 146
1015 147
1016 128
1017 58
1018 181
1019 190
1020 122
1021 128
1022 135
1023 73
1024 132
1025 112
1026 122
1027 163
1028 104
1029 144
1030 145
1031 156
1032 117
1033 77
1034 140
1035 194
1036 138
1037 130
1038 131
1039 90
1040 106
1041 114
1042 115
1043 133
1044 148
1045 121
1046 138
1047 143
1048 114
1049 123
1050 115
1051 98
1052 116
1053 101
1054 144
1055 105
1056 142
1057 128
1058 161
1059 115
1060 141
1061 117
1062 122
1063 71
1064 154
1065 91
1066 140
1067 107
1068 99
1069 109
1070 115
1071 105
1072 149
1073 155
1074 150
1075 121
1076 149
1077 101
1078 121
1079 52
1080 156
1081 122
1082 101
1083 156
1084 110
1085 143
1086 130
1087 155
1088 174
1089 108
1090 136
1091 104
1092 114
1093 111
1094 129
1095 133
1096 130
1097 113
1098 86
1099 140
1100 122
1101 112
1102 109
1103 127
1104 97
1105 101
1106 110
1107 145
1108 165
1109 152
1110 132
1111 134
1112 176
1113 118
1114 164
1115 139
1116 150
1117 131
1118 197
1119 162
1120 137
1121 104
1122 191
1123 149
1124 111
1125 113
1126 88
1127 142
1128 77
1129 142
1130 163
1131 130
1132 117
1133 126
1134 129
1135 165
1136 124
1137 98
1138 123
1139 120
1140 129
1141 133
1142 162
1143 104
1144 145
1145 117
1146 133
1147 74
1148 147
1149 144
1150 131
1151 96
1152 128
1153 130
1154 141
1155 218
1156 124
1157 122
1158 119
1159 161
1160 134
1161 152
1162 176
1163 113
1164 154
1165 127
1166 117
1167 151
1168 107
1169 123
1170 118
1171 142
1172 231
1173 124
1174 101
1175 128
1176 128
1177 130
1178 140
1179 123
1180 82
1181 146
1182 149
1183 136
1184 140
1185 96
1186 91
1187 121
1188 152
1189 156
1190 121
1191 144
1192 120
1193 108
1194 113
1195 166
1196 146
1197 117
1198 64
1199 75
1200 127
1201 138
1202 123
1203 104
1204 174
1205 122
1206 118
1207 81
1208 118
1209 119
1210 119
1211 118
1212 115
1213 118
1214 128
1215 127
1216 171
1217 115
1218 107
1219 147
1220 110
1221 162
1222 160
1223 134
1224 114
1225 84
1226 128
1227 140
1228 147
1229 175
1230 106
1231 159
1232 139
1233 46
1234 142
1235 121
1236 89
1237 92
1238 163
1239 113
1240 110
1241 219
1242 116
1243 134
1244 67
1245 103
1246 124
1247 126
1248 121
1249 110
1250 155
1251 99
1252 103
1253 82
1254 113
1255 133
1256 158
1257 96
1258 121
1259 145
1260 117
1261 100
1262 144
1263 133
1264 160
1265 100
1266 128
1267 137
1268 138
1269 95
1270 99
1271 106
1272 115
1273 126
1274 114
1275 133
1276 131
1277 121
1278 134
1279 112
1280 115
1281 137
1282 120
1283 142
1284 130
1285 154
1286 129
1287 68
1288 148
1289 145
1290 142
1291 147
1292 123
1293 90
1294 110
1295 128
1296 126
1297 136
1298 122
1299 145
1300 114
1301 117
1302 101
1303 124
1304 152
1305 135
1306 144
1307 142
1308 157
1309 95
1310 135
1311 118
1312 129
1313 140
1314 129
1315 116
1316 123
1317 161
1318 151
1319 113
1320 85
1321 109
1322 160
1323 144
1324 134
1325 139
1326 124
1327 140
1328 126
1329 132
1330 150
1331 141
1332 124
1333 109
1334 95
1335 87
1336 170
1337 88
1338 74
1339 128
1340 140
1341 135
1342 107
1343 121
1344 110
1345 162
1346 130
1347 137
1348 138
1349 159
1350 98
1351 101
1352 147
1353 125
1354 119
1355 130
1356 127
1357 106
1358 185
1359 158
1360 118
1361 192
1362 114
1363 143
1364 79
1365 122
1366 133
1367 154
1368 103
1369 104
1370 147
1371 106
1372 99
1373 143
1374 110
1375 137
1376 124
1377 130
1378 105
1379 185
1380 145
1381 141
1382 146
1383 130
1384 101
1385 95
1386 137
1387 122
1388 119
1389 86
1390 167
1391 82
1392 138
1393 139
1394 143
1395 71
1396 73
1397 111
1398 136
1399 130
1400 149
1401 112
1402 108
1403 128
1404 131
1405 135
1406 119
1407 134
1408 158
1409 103
1410 105
1411 110
1412 114
1413 106
1414 141
1415 144
1416 116
1417 106
1418 211
1419 136
1420 126
1421 94
1422 163
1423 137
1424 123
1425 136
1426 88
1427 151
1428 108
1429 133
1430 114
1431 177
1432 83
1433 117
1434 109
1435 121
1436 134
1437 137
1438 133
1439 124
1440 150
1441 143
1442 137
1443 116
1444 124
1445 49
1446 110
1447 121
1448 122
1449 131
1450 136
1451 109
1452 160
1453 11
1454 141
1455 116
1456 132
1457 123
1458 108
1459 151
1460 134
1461 174
1462 126
1463 139
1464 135
1465 162
1466 128
1467 110
1468 107
1469 131
1470 90
1471 105
1472 127
1473 110
1474 70
1475 116
1476 135
1477 134
1478 110
1479 132
1480 184
1481 145
1482 136
1483 119
1484 117
1485 127
1486 137
1487 145
1488 134
1489 113
1490 157
1491 129
1492 133
1493 108
1494 115
1495 172
1496 120
1497 91
1498 110
1499 134
1500 126
1501 150
1502 101
1503 131
1504 129
1505 150
1506 134
1507 24
1508 102
1509 86
1510 124
1511 93
1512 134
1513 126
1514 131
1515 117
1516 116
1517 174
1518 117
1519 125
1520 123
1521 119
1522 96
1523 133
1524 88
1525 128
1526 125
1527 144
1528 152
1529 135
1530 128
1531 146
1532 82
1533 91
1534 132
1535 136
1536 94
1537 102
1538 112
1539 143
1540 179
1541 142
1542 110
1543 133
1544 119
1545 104
1546 60
1547 127
1548 133
1549 161
1550 139
1551 104
1552 102
1553 128
1554 146
1555 131
1556 96
1557 138
1558 112
1559 147
1560 155
1561 115
1562 146
1563 95
1564 154
1565 146
1566 93
1567 121
1568 149
1569 139
1570 150
1571 122
1572 144
1573 123
1574 161
1575 165
1576 83
1577 150
1578 139
1579 162
1580 124
1581 122
1582 113
1583 142
1584 149
1585 125
1586 123
1587 155
1588 100
1589 139
1590 121
1591 116
1592 108
1593 153
1594 137
1595 149
1596 140
1597 83
1598 121
1599 80
1600 182
1601 139
1602 89
1603 138
1604 165
1605 135
1606 105
1607 109
1608 99
1609 129
1610 134
1611 120
1612 101
1613 117
1614 130
1615 137
1616 107
1617 115
1618 132
1619 142
1620 143
1621 131
1622 152
1623 50
1624 102
1625 74
1626 135
1627 128
1628 103
1629 164
1630 113
1631 81
1632 66
1633 172
1634 130
1635 125
1636 112
1637 128
1638 110
1639 139
1640 177
1641 112
1642 109
1643 129
1644 117
1645 85
1646 164
1647 133
1648 117
1649 142
1650 131
1651 143
1652 149
1653 109
1654 150
1655 87
1656 70
1657 102
1658 154
1659 130
1660 118
1661 134
1662 142
1663 176
1664 149
1665 116
1666 120
1667 125
1668 123
1669 100
1670 109
1671 147
1672 109
1673 108
1674 145
1675 118
1676 105
1677 158
1678 111
1679 112
1680 143
1681 81
1682 105
1683 131
1684 61
1685 121
1686 93
1687 105
1688 75
1689 105
1690 127
1691 137
1692 113
1693 117
1694 117
1695 93
1696 113
1697 155
1698 139
1699 132
1700 114
1701 125
1702 128
1703 129
1704 157
1705 147
1706 140
1707 164
1708 131
1709 90
1710 118
1711 130
1712 90
1713 108
1714 170
1715 152
1716 137
1717 127
1718 152
1719 148
1720 123
1721 145
1722 152
1723 116
1724 126
1725 110
1726 125
1727 81
1728 117
1729 146
1730 103
1731 143
1732 102
1733 139
1734 106
1735 118
1736 180
1737 80
1738 132
1739 144
1740 128
1741 192
1742 105
1743 184
1744 121
1745 128
1746 96
1747 113
1748 97
1749 145
1750 133
1751 144
1752 74
1753 92
1754 134
1755 155
1756 149
1757 138
1758 99
1759 122
1760 130
1761 164
1762 102
1763 120
1764 117
1765 149
1766 119
1767 112
1768 102
1769 118
1770 119
1771 138
1772 115
1773 65
1774 112
1775 141
1776 112
1777 92
1778 143
1779 124
1780 154
1781 135
1782 99
1783 104
1784 100
1785 159
1786 114
1787 114
1788 111
1789 129
1790 132
1791 112
1792 99
1793 123
1794 122
1795 121
1796 120
1797 133
1798 109
1799 126
1800 139
1801 138
1802 92
1803 134
1804 162
1805 132
1806 139
1807 136
1808 144
1809 105
1810 146
1811 139
1812 148
1813 145
1814 115
1815 158
1816 103
1817 162
1818 141
1819 140
1820 137
1821 129
1822 153
1823 99
1824 97
1825 134
1826 123
1827 129
1828 144
1829 124
1830 103
1831 118
1832 123
1833 139
1834 121
1835 116
1836 114
1837 144
1838 129
1839 84
1840 127
1841 125
1842 144
1843 146
1844 144
1845 104
1846 134
1847 91
1848 123
1849 121
1850 111
1851 150
1852 145
1853 159
1854 77
1855 70
1856 127
1857 169
1858 155
1859 141
1860 58
1861 123
1862 176
1863 132
1864 143
1865 165
1866 108
1867 123
1868 119
1869 100
1870 108
1871 91
1872 106
1873 129
1874 123
1875 142
1876 113
1877 100
1878 136
1879 128
1880 142
1881 154
1882 125
1883 89
1884 95
1885 91
1886 148
1887 129
1888 137
1889 132
1890 135
1891 106
1892 136
1893 135
1894 156
1895 94
1896 107
1897 67
1898 55
1899 128
1900 104
1901 121
1902 153
1903 89
1904 107
1905 107
1906 79
1907 118
1908 144
1909 133
1910 133
1911 121
1912 155
1913 148
1914 85
1915 132
1916 83
1917 128
1918 128
1919 128
1920 117
1921 141
1922 133
1923 148
1924 133
1925 118
1926 126
1927 82
1928 104
1929 125
1930 144
1931 138
1932 178
1933 122
1934 94
1935 85
1936 142
1937 136
1938 127
1939 126
1940 109
1941 118
1942 116
1943 122
1944 90
1945 116
1946 97
1947 164
1948 118
1949 119
1950 134
1951 107
1952 139
1953 95
1954 114
1955 139
1956 130
1957 138
1958 143
1959 156
1960 81
1961 143
1962 135
1963 137
1964 161
1965 136
1966 143
1967 181
1968 106
1969 137
1970 168
1971 141
1972 110
1973 118
1974 64
1975 136
1976 129
1977 126
1978 125
1979 153
1980 137
1981 147
1982 123
1983 153
1984 134
1985 118
1986 94
1987 129
1988 169
1989 90
1990 114
1991 114
1992 160
1993 88
1994 109
1995 110
1996 139
1997 100
1998 117
1999 86
2000 124
2001 129
2002 126
2003 61
2004 100
2005 141
2006 52
2007 134
2008 150
2009 138
2010 163
2011 117
2012 112
2013 104
2014 150
2015 120
2016 157
2017 41
2018 138
2019 139
2020 120
2021 144
2022 119
2023 138
2024 182
2025 156
2026 134
2027 147
2028 117
2029 129
2030 126
2031 126
2032 139
2033 139
2034 167
2035 154
2036 97
2037 143
2038 128
2039 117
2040 155
2041 97
2042 89
2043 78
2044 84
2045 119
2046 137
2047 122
2048 100
2049 108
2050 137
2051 128
2052 119
2053 115
2054 137
2055 139
2056 112
2057 98
2058 142
2059 125
2060 93
2061 136
2062 125
2063 150
2064 109
2065 101
2066 135
2067 138
2068 73
2069 97
2070 120
2071 128
2072 99
2073 220
2074 97
2075 128
2076 99
2077 107
2078 140
2079 142
2080 201
2081 173
2082 153
2083 118
2084 152
2085 123
2086 122
2087 130
2088 154
2089 121
2090 95
2091 138
2092 113
2093 119
2094 112
2095 144
2096 108
2097 143
2098 130
2099 145
2100 127
2101 119
2102 72
2103 156
2104 124
2105 71
2106 167
2107 116
2108 134
2109 152
2110 95
2111 128
2112 138
2113 121
2114 82
2115 144
2116 116
2117 131
2118 133
2119 129
2120 144
2121 92
2122 91
2123 161
2124 156
2125 197
2126 129
2127 113
2128 114
2129 176
2130 126
2131 111
2132 141
2133 134
2134 138
2135 124
2136 86
2137 94
2138 130
2139 116
2140 115
2141 109
2142 156
2143 124
2144 146
2145 148
2146 152
2147 103
2148 125
2149 167
2150 131
2151 136
2152 132
2153 149
2154 87
2155 116
2156 153
2157 137
2158 103
2159 125
2160 136
2161 124
2162 116
2163 186
2164 56
2165 139
2166 143
2167 159
2168 92
2169 91
2170 152
2171 88
2172 105
2173 118
2174 61
2175 123
2176 122
2177 135
2178 133
2179 141
2180 124
2181 99
2182 205
2183 103
2184 68
2185 98
2186 110
2187 161
2188 107
2189 149
2190 131
2191 115
2192 69
2193 140
2194 151
2195 142
2196 117
2197 146
2198 125
2199 155
2200 140
2201 116
2202 125
2203 91
2204 133
2205 153
2206 191
2207 99
2208 110
2209 139
2210 96
2211 129
2212 118
2213 114
2214 162
2215 131
2216 183
2217 132
2218 135
2219 113
2220 215
2221 126
2222 102
2223 132
2224 157
2225 108
2226 127
2227 123
2228 131
2229 118
2230 129
2231 133
2232 139
2233 104
2234 114
2235 125
2236 132
2237 142
2238 156
2239 122
2240 92
2241 126
2242 175
2243 148
2244 131
2245 104
2246 59
2247 160
2248 118
2249 98
2250 150
2251 82
2252 133
2253 118
2254 129
2255 92
2256 99
2257 86
2258 138
2259 127
2260 88
2261 149
2262 119
2263 68
2264 167
2265 126
2266 130
2267 113
2268 134
2269 105
2270 112
2271 100
2272 128
2273 109
2274 145
2275 137
2276 100
2277 112
2278 131
2279 189
2280 226
2281 142
2282 125
2283 164
2284 86
2285 108
2286 113
2287 89
2288 143
2289 122
2290 150
2291 132
2292 116
2293 88
2294 163
2295 109
2296 116
2297 110
2298 128
2299 164
2300 132
2301 158
2302 137
2303 130
2304 142
2305 121
2306 103
2307 65
2308 120
2309 162
2310 126
2311 125
2312 145
2313 139
2314 154
2315 162
2316 184
2317 117
2318 130
2319 117
2320 91
2321 105
2322 172
2323 124
2324 149
2325 148
2326 123
2327 141
2328 158
2329 138
2330 124
2331 145
2332 130
2333 117
2334 129
2335 91
2336 167
2337 135
2338 144
2339 130
2340 113
2341 99
2342 111
2343 110
2344 162
2345 36
2346 102
2347 126
2348 131
2349 197
2350 98
2351 160
2352 120
2353 140
2354 123
2355 173
2356 107
2357 96
2358 130
2359 80
2360 184
2361 174
2362 125
2363 151
2364 104
2365 118
2366 148
2367 115
2368 111
2369 122
2370 125
2371 67
2372 133
2373 128
2374 147
2375 116
2376 136
2377 112
2378 123
2379 147
2380 63
2381 121
2382 145
2383 117
2384 144
2385 161
2386 202
2387 122
2388 122
2389 53
2390 106
2391 100
2392 153
2393 110
2394 166
2395 120
2396 135
2397 80
2398 115
2399 116
2400 112
2401 104
2402 130
2403 98
2404 125
2405 89
2406 120
2407 66
2408 121
2409 140
2410 104
2411 139
2412 126
2413 129
2414 87
2415 147
2416 110
2417 125
2418 62
2419 175
2420 124
2421 141
2422 139
2423 138
2424 143
2425 140
2426 95
2427 125
2428 100
2429 140
2430 107
2431 168
2432 145
2433 114
2434 112
2435 101
2436 124
2437 132
2438 137
2439 174
2440 128
2441 187
2442 125
2443 135
2444 105
2445 158
2446 111
2447 124
2448 101
2449 145
2450 171
2451 76
2452 101
2453 128
2454 135
2455 162
2456 127
2457 86
2458 112
2459 133
2460 170
2461 101
2462 136
2463 166
2464 107
2465 158
2466 100
2467 117
2468 160
2469 136
2470 119
2471 122
2472 140
2473 122
2474 156
2475 163
2476 82
2477 108
2478 135
2479 119
2480 100
2481 136
2482 137
2483 140
2484 74
2485 148
2486 114
2487 121
2488 124
2489 180
2490 145
2491 97
2492 105
2493 151
2494 130
2495 77
2496 89
2497 124
2498 97
2499 119
2500 101
2501 118
2502 97
2503 117
2504 155
2505 0
2506 151
2507 121
2508 124
2509 99
2510 130
2511 109
2512 109
2513 139
2514 160
2515 175
2516 132
2517 164
2518 136
2519 202
2520 127
2521 106
2522 105
2523 96
2524 158
2525 92
2526 156
2527 125
2528 134
2529 131
2530 128
2531 215
2532 93
2533 122
2534 77
2535 107
2536 147
2537 191
2538 121
2539 111
2540 117
2541 135
2542 105
2543 145
2544 137
2545 101
2546 135
2547 96
2548 112
2549 124
2550 152
2551 131
2552 124
2553 149
2554 142
2555 112
2556 121
2557 127
2558 177
2559 121
2560 179
2561 114
2562 121
2563 143
2564 122
2565 119
2566 151
2567 122
2568 138
2569 83
2570 163
2571 128
2572 145
2573 187
2574 96
2575 168
2576 120
2577 118
2578 158
2579 180
2580 122
2581 90
2582 100
2583 130
2584 154
2585 106
2586 126
2587 135
2588 142
2589 111
2590 139
2591 85
2592 109
2593 92
2594 129
2595 154
2596 101
2597 140
2598 100
2599 121
2600 141
2601 117
2602 154
2603 151
2604 138
2605 67
2606 179
2607 119
2608 88
2609 126
2610 112
2611 141
2612 115
2613 142
2614 109
2615 123
2616 151
2617 154
2618 138
2619 149
2620 114
2621 140
2622 180
2623 225
2624 178
2625 133
2626 111
2627 124
2628 139
2629 37
2630 101
2631 96
2632 154
2633 105
2634 122
2635 100
2636 174
2637 129
2638 122
2639 139
2640 139
2641 102
2642 116
2643 81
2644 148
2645 114
2646 136
2647 128
2648 151
2649 135
2650 156
2651 127
2652 118
2653 148
2654 135
2655 118
2656 123
2657 106
2658 123
2659 121
2660 105
2661 183
2662 162
2663 148
2664 153
2665 126
2666 87
2667 106
2668 102
2669 181
2670 129
2671 147
2672 111
2673 128
2674 117
2675 159
2676 132
2677 147
2678 89
2679 111
2680 97
2681 105
2682 131
2683 129
2684 131
2685 102
2686 149
2687 175
2688 125
2689 144
2690 107
2691 107
2692 110
2693 162
2694 123
2695 109
2696 212
2697 130
2698 113
2699 138
2700 96
2701 152
2702 78
2703 135
2704 137
2705 144
2706 121
2707 29
2708 155
2709 142
2710 196
2711 127
2712 176
2713 134
2714 126
2715 132
2716 114
2717 138
2718 108
2719 118
2720 194
2721 113
2722 0
2723 127
2724 142
2725 152
2726 117
2727 121
2728 97
2729 145
2730 115
2731 137
2732 96
2733 108
2734 88
2735 143
2736 134
2737 89
2738 78
2739 106
2740 143
2741 145
2742 102
2743 113
2744 160
2745 138
2746 81
2747 139
2748 130
2749 148
2750 146
2751 123
2752 134
2753 84
2754 129
2755 136
2756 96
2757 105
2758 119
2759 156
2760 136
2761 106
2762 133
2763 121
2764 192
2765 125
2766 110
2767 116
2768 138
2769 120
2770 112
2771 96
2772 121
2773 129
2774 123
2775 118
2776 83
2777 156
2778 84
2779 107
2780 142
2781 137
2782 117
2783 138
2784 132
2785 140
2786 116
2787 96
2788 165
2789 158
2790 150
2791 61
2792 156
2793 160
2794 98
2795 114
2796 106
2797 122
2798 139
2799 120
2800 124
2801 132
2802 163
2803 89
2804 43
2805 120
2806 149
2807 168
2808 122
2809 124
2810 112
2811 119
2812 139
2813 134
2814 123
2815 71
2816 126
2817 139
2818 148
2819 132
2820 130
2821 126
2822 152
2823 118
2824 100
2825 142
2826 105
2827 72
2828 119
2829 100
2830 147
2831 97
2832 132
2833 104
2834 177
2835 197
2836 69
2837 123
2838 114
2839 137
2840 149
2841 121
2842 165
2843 93
2844 133
2845 117
2846 117
2847 132
2848 132
2849 116
2850 102
2851 110
2852 136
2853 129
2854 151
2855 113
2856 159
2857 66
2858 151
2859 131
2860 147
2861 139
2862 153
2863 101
2864 88
2865 160
2866 118
2867 88
2868 103
2869 161
2870 126
2871 153
2872 127
2873 160
2874 148
2875 121
2876 95
2877 127
2878 130
2879 144
2880 130
2881 151
2882 121
2883 132
2884 57
2885 93
2886 113
2887 110
2888 138
2889 151
2890 110
2891 107
2892 172
2893 93
2894 143
2895 152
2896 83
2897 122
2898 146
2899 106
2900 146
2901 98
2902 103
2903 83
2904 131
2905 114
2906 121
2907 163
2908 141
2909 146
2910 158
2911 159
2912 141
2913 87
2914 131
2915 89
2916 151
2917 129
2918 79
2919 133
2920 136
2921 128
2922 156
2923 123
2924 104
2925 125
2926 70
2927 122
2928 120
2929 99
2930 121
2931 125
2932 130
2933 117
2934 144
2935 167
2936 124
2937 113
2938 90
2939 157
2940 135
2941 78
2942 119
2943 107
2944 75
2945 84
2946 135
2947 113
2948 142
2949 93
2950 107
2951 125
2952 160
2953 115
2954 150
2955 104
2956 146
2957 155
2958 145
2959 110
2960 158
2961 128
2962 129
2963 123
2964 108
2965 50
2966 132
2967 138
2968 106
2969 133
2970 25
2971 119
2972 119
2973 157
2974 121
2975 145
2976 108
2977 113
2978 151
2979 121
2980 151
2981 128
2982 118
2983 152
2984 146
2985 77
2986 156
2987 96
2988 107
2989 132
2990 133
2991 124
2992 94
2993 105
2994 131
2995 128
2996 172
2997 65
2998 122
2999 129
3000 42
3001 124
3002 120
3003 132
3004 114
3005 140
3006 156
3007 151
3008 94
3009 111
3010 105
3011 156
3012 134
3013 129
3014 164
3015 135
3016 156
3017 79
3018 102
3019 120
3020 98
3021 135
3022 107
3023 151
3024 157
3025 139
3026 137
3027 119
3028 105
3029 208
3030 134
3031 94
3032 152
3033 106
3034 33
3035 128
3036 189
3037 105
3038 89
3039 131
3040 102
3041 128
3042 116
3043 88
3044 103
3045 129
3046 164
3047 169
3048 116
3049 125
3050 152
3051 122
3052 93
3053 126
3054 117
3055 147
3056 131
3057 126
3058 140
3059 200
3060 163
3061 142
3062 112
3063 115
3064 119
3065 120
3066 114
3067 60
3068 136
3069 99
3070 134
3071 120
3072 130
3073 119
3074 118
3075 132
3076 94
3077 123
3078 140
3079 99
3080 137
3081 111
3082 160
3083 130
3084 74
3085 168
3086 150
3087 127
3088 145
3089 127
3090 117
3091 155
3092 143
3093 126
3094 158
3095 114
3096 118
3097 151
3098 141
3099 127
3100 114
3101 126
3102 143
3103 143
3104 122
3105 160
3106 177
3107 110
3108 109
3109 114
3110 163
3111 114
3112 104
3113 157
3114 135
3115 126
3116 75
3117 113
3118 135
3119 127
3120 127
3121 158
3122 94
3123 135
3124 156
3125 130
3126 150
3127 124
3128 126
3129 120
3130 158
3131 87
3132 157
3133 123
3134 159
3135 104
3136 100
3137 165
3138 107
3139 146
3140 94
3141 94
3142 92
3143 117
3144 157
3145 102
3146 134
3147 166
3148 158
3149 119
3150 125
3151 127
3152 156
3153 141
3154 128
3155 152
3156 143
3157 171
3158 124
3159 122
3160 131
3161 124
3162 126
3163 147
3164 159
3165 157
3166 108
3167 119
3168 138
3169 135
3170 91
3171 35
3172 98
3173 107
3174 124
3175 26
3176 94
3177 105
3178 75
3179 106
3180 154
3181 94
3182 126
3183 158
3184 120
3185 126
3186 128
3187 109
3188 139
3189 100
3190 49
3191 107
3192 110
3193 148
3194 167
3195 134
3196 148
3197 117
3198 95
3199 134
3200 139
3201 112
3202 112
3203 119
3204 83
3205 94
3206 138
3207 90
3208 99
3209 182
3210 118
3211 107
3212 122
3213 131
3214 131
3215 120
3216 144
3217 58
3218 145
3219 120
3220 141
3221 158
3222 84
3223 90
3224 195
3225 104
3226 148
3227 85
3228 158
3229 106
3230 157
3231 131
3232 161
3233 134
3234 125
3235 128
3236 52
3237 97
3238 130
3239 111
3240 146
3241 152
3242 145
3243 127
3244 200
3245 120
3246 144
3247 140
3248 115
3249 103
3250 132
3251 130
3252 121
3253 109
3254 87
3255 113
3256 103
3257 109
3258 160
3259 150
3260 154
3261 140
3262 145
3263 175
3264 83
3265 143
3266 97
3267 167
3268 103
3269 168
3270 132
3271 133
3272 107
3273 125
3274 151
3275 114
3276 136
3277 103
3278 149
3279 140
3280 135
3281 129
3282 112
3283 131
3284 116
3285 109
3286 135
3287 117
3288 119
3289 100
3290 95
3291 153
3292 115
3293 204
3294 154
3295 91
3296 68
3297 77
3298 144
3299 137
3300 149
3301 141
3302 115
3303 67
3304 131
3305 163
3306 139
3307 124
3308 127
3309 110
3310 127
3311 125
3312 106
3313 134
3314 134
3315 103
3316 120
3317 115
3318 162
3319 139
3320 129
3321 132
3322 116
3323 147
3324 116
3325 125
3326 183
3327 147
3328 87
3329 121
3330 161
3331 134
3332 129
3333 111
3334 130
3335 124
3336 131
3337 113
3338 121
3339 144
3340 86
3341 133
3342 67
3343 128
3344 115
3345 119
3346 173
3347 169
3348 141
3349 127
3350 102
3351 156
3352 149
3353 139
3354 137
3355 143
3356 187
3357 113
3358 85
3359 123
3360 102
3361 104
3362 152
3363 125
3364 143
3365 108
3366 93
3367 115
3368 151
3369 118
3370 136
3371 98
3372 120
3373 109
3374 88
3375 121
3376 98
3377 123
3378 119
3379 108
3380 130
3381 99
3382 153
3383 159
3384 142
3385 122
3386 110
3387 109
3388 128
3389 150
3390 104
3391 112
3392 170
3393 145
3394 124
3395 119
3396 80
3397 106
3398 132
3399 98
3400 166
3401 139
3402 54
3403 120
3404 137
3405 133
3406 133
3407 104
3408 135
3409 107
3410 124
3411 113
3412 106
3413 132
3414 127
3415 130
3416 161
3417 126
3418 132
3419 156
3420 85
3421 106
3422 127
3423 173
3424 108
3425 77
3426 112
3427 10
3428 92
3429 141
3430 150
3431 119
3432 120
3433 139
3434 133
3435 140
3436 122
3437 132
3438 99
3439 140
3440 57
3441 138
3442 128
3443 101
3444 120
3445 166
3446 131
3447 141
3448 126
3449 115
3450 132
3451 110
3452 120
3453 108
3454 139
3455 132
3456 128
3457 144
3458 135
3459 143
3460 144
3461 79
3462 122
3463 97
3464 176
3465 150
3466 123
3467 100
3468 120
3469 123
3470 65
3471 142
3472 131
3473 138
3474 140
3475 125
3476 105
3477 114
3478 96
3479 135
3480 8
3481 154
3482 80
3483 166
3484 107
3485 112
3486 131
3487 136
3488 163
3489 66
3490 115
3491 148
3492 131
3493 170
3494 139
3495 122
3496 132
3497 122
3498 119
3499 111
3500 105
3501 103
3502 152
3503 113
3504 136
3505 109
3506 111
3507 116
3508 70
3509 155
3510 146
3511 110
3512 146
3513 110
3514 99
3515 124
3516 114
3517 121
3518 111
3519 144
3520 104
3521 148
3522 108
3523 119
3524 104
3525 127
3526 167
3527 99
3528 110
3529 145
3530 64
3531 145
3532 109
3533 115
3534 135
3535 129
3536 53
3537 140
3538 136
3539 69
3540 133
3541 117
3542 120
3543 138
3544 111
3545 133
3546 140
3547 109
3548 132
3549 126
3550 133
3551 155
3552 82
3553 153
3554 142
3555 139
3556 153
3557 98
3558 117
3559 87
3560 135
3561 112
3562 144
3563 123
3564 143
3565 149
3566 146
3567 91
3568 161
3569 109
3570 137
3571 125
3572 114
3573 75
3574 90
3575 156
3576 115
3577 117
3578 94
3579 146
3580 163
3581 126
3582 141
3583 147
3584 107
3585 79
3586 123
3587 49
3588 140
3589 161
3590 126
3591 139
3592 134
3593 119
3594 92
3595 97
3596 90
3597 138
3598 121
3599 134
3600 127
3601 125
3602 116
3603 145
3604 129
3605 123
3606 171
3607 163
3608 183
3609 81
3610 112
3611 137
3612 170
3613 138
3614 113
3615 115
3616 110
3617 111
3618 148
3619 122
3620 120
3621 84
3622 140
3623 140
3624 108
3625 130
3626 124
3627 124
3628 103
3629 155
3630 108
3631 150
3632 104
3633 112
3634 126
3635 138
3636 119
3637 56
3638 118
3639 114
3640 78
3641 179
3642 115
3643 153
3644 113
3645 118
3646 127
3647 116
3648 124
3649 61
3650 149
3651 111
3652 124
3653 94
3654 90
3655 79
3656 143
3657 124
3658 152
3659 149
3660 155
3661 91
3662 108
3663 124
3664 133
3665 126
3666 137
3667 130
3668 80
3669 144
3670 98
3671 153
3672 127
3673 144
3674 100
3675 114
3676 119
3677 107
3678 153
3679 136
3680 99
3681 135
3682 135
3683 124
3684 114
3685 162
3686 121
3687 95
3688 134
3689 108
3690 96
3691 99
3692 114
3693 107
3694 110
3695 116
3696 88
3697 136
3698 117
3699 167
3700 57
3701 140
3702 107
3703 133
3704 125
3705 152
3706 133
3707 97
3708 161
3709 139
3710 82
3711 128
3712 136
3713 152
3714 133
3715 115
3716 141
3717 156
3718 137
3719 135
3720 111
3721 86
3722 125
3723 136
3724 65
3725 154
3726 72
3727 116
3728 112
3729 161
3730 117
3731 155
3732 135
3733 120
3734 142
3735 80
3736 159
3737 138
3738 156
3739 155
3740 136
3741 111
3742 93
3743 160
3744 194
3745 88
3746 105
3747 169
3748 104
3749 107
3750 131
3751 123
3752 128
3753 128
3754 76
3755 114
3756 88
3757 105
3758 72
3759 126
3760 135
3761 149
3762 122
3763 109
3764 127
3765 139
3766 106
3767 134
3768 95
3769 96
3770 144
3771 110
3772 137
3773 119
3774 96
3775 111
3776 119
3777 120
3778 74
3779 141
3780 99
3781 151
3782 80
3783 104
3784 106
3785 104
3786 169
3787 115
3788 94
3789 128
3790 115
3791 63
3792 123
3793 117
3794 128
3795 169
3796 137
3797 168
3798 129
3799 123
3800 155
3801 109
3802 137
3803 131
3804 136
3805 144
3806 90
3807 155
3808 107
3809 133
3810 164
3811 139
3812 161
3813 113
3814 100
3815 129
3816 140
3817 140
3818 136
3819 81
3820 135
3821 111
3822 134
3823 127
3824 95
3825 140
3826 172
3827 110
3828 92
3829 132
3830 116
3831 132
3832 105
3833 140
3834 147
3835 166
3836 156
3837 115
3838 96
3839 132
3840 131
3841 119
3842 149
3843 140
3844 111
3845 137
3846 98
3847 76
3848 158
3849 118
3850 177
3851 146
3852 148
3853 168
3854 111
3855 131
3856 120
3857 175
3858 160
3859 169
3860 117
3861 156
3862 176
3863 105
3864 69
3865 201
3866 155
3867 129
3868 66
3869 125
3870 84
3871 152
3872 140
3873 118
3874 105
3875 122
3876 145
3877 197
3878 130
3879 154
3880 93
3881 145
3882 112
3883 129
3884 118
3885 101
3886 130
3887 108
3888 107
3889 137
3890 168
3891 145
3892 78
3893 128
3894 112
3895 0
3896 167
3897 103
3898 135
3899 144
3900 107
3901 156
3902 95
3903 82
3904 108
3905 111
3906 150
3907 148
3908 144
3909 133
3910 205
3911 104
3912 86
3913 103
3914 120
3915 118
3916 76
3917 101
3918 148
3919 121
3920 104
3921 166
3922 114
3923 129
3924 93
3925 118
3926 161
3927 139
3928 145
3929 122
3930 96
3931 152
3932 144
3933 141
3934 135
3935 133
3936 136
3937 125
3938 111
3939 125
3940 110
3941 120
3942 156
3943 128
3944 125
3945 121
3946 113
3947 161
3948 121
3949 128
3950 120
3951 111
3952 118
3953 86
3954 123
3955 129
3956 149
3957 155
3958 96
3959 97
3960 129
3961 92
3962 88
3963 112
3964 141
3965 136
3966 134
3967 111
3968 114
3969 88
3970 151
3971 145
3972 97
3973 134
3974 123
3975 143
3976 109
3977 113
3978 75
3979 124
3980 75
3981 113
3982 144
3983 106
3984 102
3985 121
3986 117
3987 126
3988 126
3989 140
3990 181
3991 108
3992 118
3993 116
3994 119
3995 111
3996 140
3997 120
3998 84
3999 109
4000 144
4001 115
4002 132
4003 135
4004 78
4005 143
4006 124
4007 112
4008 140
4009 158
4010 118
4011 123
4012 191
4013 119
4014 135
4015 139
4016 149
4017 55
4018 165
4019 128
4020 83
4021 123
4022 130
4023 90
4024 138
4025 140
4026 140
4027 126
4028 147
4029 94
4030 126
4031 164
4032 87
4033 92
4034 129
4035 147
4036 123
4037 132
4038 121
4039 133
4040 135
4041 38
4042 128
4043 154
4044 128
4045 115
4046 167
4047 134
4048 153
4049 129
4050 105
4051 160
4052 110
4053 149
4054 119
4055 173
4056 220
4057 169
4058 116
4059 145
4060 155
4061 106
4062 122
4063 156
4064 136
4065 171
4066 168
4067 129
4068 132
4069 118
4070 154
4071 145
4072 136
4073 85
4074 153
4075 139
4076 89
4077 162
4078 124
4079 119
4080 133
4081 117
4082 104
4083 78
4084 129
4085 131
4086 116
4087 152
4088 117
4089 122
4090 124
4091 115
4092 165
4093 123
4094 105
4095 130
4096 197
4097 133
4098 138
4099 170
4100 186
4101 132
4102 124
4103 157
4104 140
4105 137
4106 115
4107 147
4108 115
4109 111
4110 108
4111 116
4112 153
4113 171
4114 210
4115 133
4116 123
4117 112
4118 138
4119 133
4120 132
4121 87
4122 132
4123 113
4124 118
4125 114
4126 132
4127 149
4128 114
4129 135
4130 109
4131 107
4132 136
4133 123
4134 127
4135 110
4136 143
4137 136
4138 108
4139 126
4140 99
4141 121
4142 153
4143 182
4144 139
4145 127
4146 121
4147 147
4148 111
4149 126
4150 132
4151 130
4152 38
4153 79
4154 136
4155 127
4156 146
4157 138
4158 143
4159 122
4160 124
4161 73
4162 82
4163 147
4164 141
4165 112
4166 102
4167 88
4168 143
4169 129
4170 120
4171 140
4172 154
4173 137
4174 60
4175 132
4176 107
4177 136
4178 80
4179 96
4180 103
4181 121
4182 140
4183 131
4184 127
4185 133
4186 153
4187 116
4188 131
4189 110
4190 101
4191 143
4192 149
4193 157
4194 131
4195 140
4196 131
4197 136
4198 129
4199 131
4200 108
4201 63
4202 114
4203 94
4204 135
4205 106
4206 148
4207 94
4208 88
4209 138
4210 137
4211 137
4212 86
4213 125
4214 128
4215 124
4216 117
4217 121
4218 142
4219 140
4220 70
4221 134
4222 132
4223 135
4224 107
4225 118
4226 68
4227 148
4228 132
4229 176
4230 151
4231 159
4232 86
4233 160
4234 142
4235 118
4236 138
4237 123
4238 119
4239 120
4240 147
4241 140
4242 0
4243 147
4244 111
4245 101
4246 165
4247 82
4248 113
4249 136
4250 113
4251 111
4252 155
4253 133
4254 147
4255 125
4256 134
4257 114
4258 120
4259 133
4260 116
4261 113
4262 151
4263 142
4264 72
4265 183
4266 130
4267 131
4268 119
4269 120
4270 164
4271 136
4272 122
4273 124
4274 177
4275 136
4276 120
4277 135
4278 72
4279 129
4280 121
4281 128
4282 134
4283 122
4284 163
4285 126
4286 126
4287 126
4288 68
4289 171
4290 147
4291 105
4292 156
4293 123
4294 135
4295 155
4296 154
4297 131
4298 148
4299 135
4300 139
4301 117
4302 167
4303 76
4304 107
4305 70
4306 105
4307 128
4308 111
4309 127
4310 122
4311 115
4312 150
4313 118
4314 144
4315 134
4316 64
4317 109
4318 144
4319 82
4320 197
4321 94
4322 104
4323 112
4324 80
4325 122
4326 137
4327 128
4328 119
4329 115
4330 118
4331 112
4332 135
4333 133
4334 230
4335 107
4336 132
4337 105
4338 124
4339 121
4340 131
4341 132
4342 164
4343 103
4344 150
4345 163
4346 127
4347 106
4348 145
4349 77
4350 136
4351 107
4352 115
4353 109
4354 161
4355 140
4356 158
4357 117
4358 118
4359 142
4360 172
4361 125
4362 70
4363 110
4364 147
4365 138
4366 150
4367 164
4368 121
4369 149
4370 116
4371 137
4372 84
4373 135
4374 175
4375 134
4376 115
4377 157
4378 104
4379 136
4380 140
4381 127
4382 87
4383 144
4384 89
4385 171
4386 125
4387 90
4388 145
4389 65
4390 147
4391 118
4392 137
4393 134
4394 142
4395 144
4396 117
4397 136
4398 147
4399 127
4400 130
4401 138
4402 105
4403 115
4404 157
4405 143
4406 124
4407 119
4408 122
4409 124
4410 134
4411 107
4412 30
4413 127
4414 118
4415 115
4416 136
4417 208
4418 114
4419 110
4420 139
4421 51
4422 142
4423 99
4424 117
4425 121
4426 113
4427 138
4428 125
4429 143
4430 156
4431 124
4432 101
4433 196
4434 97
4435 107
4436 109
4437 154
4438 127
4439 91
4440 122
4441 169
4442 133
4443 130
4444 115
4445 166
4446 161
4447 183
4448 118
4449 134
4450 108
4451 119
4452 110
4453 156
4454 125
4455 178
4456 132
4457 110
4458 122
4459 164
4460 89
4461 126
4462 156
4463 141
4464 133
4465 123
4466 141
4467 82
4468 160
4469 115
4470 122
4471 84
4472 196
4473 97
4474 128
4475 93
4476 120
4477 138
4478 183
4479 141
4480 138
4481 159
4482 145
4483 120
4484 147
4485 148
4486 140
4487 113
4488 129
4489 92
4490 25
4491 162
4492 139
4493 124
4494 125
4495 114
4496 98
4497 133
4498 100
4499 164
4500 124
4501 122
4502 108
4503 147
4504 193
4505 164
4506 129
4507 216
4508 121
4509 65
4510 118
4511 159
4512 162
4513 111
4514 172
4515 85
4516 136
4517 175
4518 132
4519 119
4520 144
4521 146
4522 152
4523 149
4524 115
4525 139
4526 122
4527 128
4528 140
4529 127
4530 130
4531 90
4532 107
4533 143
4534 114
4535 142
4536 120
4537 139
4538 118
4539 94
4540 106
4541 144
4542 104
4543 116
4544 111
4545 63
4546 135
4547 122
4548 81
4549 96
4550 76
4551 150
4552 64
4553 127
4554 159
4555 144
4556 122
4557 117
4558 119
4559 106
4560 72
4561 117
4562 0
4563 110
4564 107
4565 114
4566 131
4567 130
4568 136
4569 117
4570 124
4571 82
4572 90
4573 108
4574 136
4575 68
4576 102
4577 112
4578 105
4579 149
4580 158
4581 131
4582 148
4583 159
4584 109
4585 152
4586 118
4587 133
4588 107
4589 146
4590 115
4591 86
4592 111
4593 135
4594 75
4595 115
4596 147
4597 147
4598 94
4599 121
4600 113
4601 107
4602 131
4603 119
4604 118
4605 81
4606 93
4607 89
4608 127
4609 101
4610 154
4611 100
4612 91
4613 138
4614 124
4615 147
4616 101
4617 145
4618 65
4619 124
4620 123
4621 96
4622 100
4623 190
4624 187
4625 160
4626 164
4627 130
4628 130
4629 138
4630 140
4631 139
4632 101
4633 136
4634 85
4635 236
4636 164
4637 143
4638 155
4639 152
4640 131
4641 155
4642 129
4643 78
4644 136
4645 113
4646 118
4647 142
4648 146
4649 106
4650 165
4651 154
4652 120
4653 113
4654 158
4655 117
4656 117
4657 101
4658 51
4659 119
4660 144
4661 76
4662 138
4663 130
4664 102
4665 141
4666 133
4667 148
4668 143
4669 148
4670 145
4671 126
4672 106
4673 163
4674 132
4675 119
4676 116
4677 68
4678 130
4679 164
4680 129
4681 78
4682 60
4683 120
4684 101
4685 157
4686 195
4687 127
4688 163
4689 110
4690 127
4691 97
4692 151
4693 111
4694 81
4695 66
4696 147
4697 116
4698 116
4699 132
4700 159
4701 122
4702 150
4703 58
4704 94
4705 101
4706 136
4707 91
4708 129
4709 139
4710 108
4711 100
4712 107
4713 73
4714 129
4715 148
4716 190
4717 106
4718 139
4719 132
4720 130
4721 111
4722 155
4723 130
4724 106
4725 136
4726 176
4727 110
4728 131
4729 116
4730 121
4731 130
4732 167
4733 156
4734 107
4735 112
4736 97
4737 108
4738 105
4739 139
4740 112
4741 149
4742 123
4743 97
4744 100
4745 172
4746 145
4747 130
4748 41
4749 184
4750 102
4751 156
4752 120
4753 111
4754 88
4755 98
4756 114
4757 148
4758 127
4759 121
4760 166
4761 105
4762 86
4763 119
4764 168
4765 131
4766 166
4767 136
4768 112
4769 163
4770 166
4771 153
4772 149
4773 131
4774 105
4775 132
4776 139
4777 123
4778 128
4779 109
4780 132
4781 42
4782 113
4783 165
4784 53
4785 102
4786 131
4787 142
4788 155
4789 134
4790 135
4791 117
4792 129
4793 148
4794 102
4795 156
4796 120
4797 126
4798 99
4799 147
4800 112
4801 153
4802 109
4803 157
4804 119
4805 177
4806 127
4807 91
4808 135
4809 84
4810 124
4811 148
4812 135
4813 160
4814 160
4815 118
4816 143
4817 96
4818 150
4819 127
4820 135
4821 117
4822 160
4823 120
4824 111
4825 136
4826 112
4827 83
4828 141
4829 74
4830 129
4831 145
4832 137
4833 118
4834 109
4835 146
4836 136
4837 116
4838 174
4839 112
4840 109
4841 192
4842 139
4843 178
4844 104
4845 113
4846 197
4847 141
4848 99
4849 132
4850 126
4851 180
4852 117
4853 93
4854 247
4855 188
4856 189
4857 135
4858 137
4859 116
4860 111
4861 103
4862 81
4863 73
4864 126
4865 126
4866 92
4867 114
4868 91
4869 127
4870 108
4871 133
4872 110
4873 144
4874 155
4875 171
4876 110
4877 115
4878 127
4879 145
4880 109
4881 124
4882 172
4883 87
4884 112
4885 132
4886 62
4887 105
4888 116
4889 108
4890 160
4891 142
4892 163
4893 143
4894 81
4895 118
4896 96
4897 104
4898 163
4899 127
4900 100
4901 154
4902 163
4903 120
4904 164
4905 125
4906 155
4907 129
4908 118
4909 130
4910 159
4911 73
4912 126
4913 123
4914 143
4915 149
4916 117
4917 112
4918 136
4919 123
4920 119
4921 146
4922 69
4923 93
4924 125
4925 130
4926 105
4927 132
4928 104
4929 119
4930 140
4931 161
4932 97
4933 131
4934 182
4935 159
4936 131
4937 87
4938 146
4939 133
4940 100
4941 53
4942 115
4943 117
4944 122
4945 119
4946 108
4947 160
4948 125
4949 109
4950 114
4951 115
4952 80
4953 137
4954 134
4955 115
4956 101
4957 130
4958 134
4959 159
4960 143
4961 95
4962 108
4963 119
4964 141
4965 135
4966 160
4967 120
4968 164
4969 124
4970 119
4971 71
4972 128
4973 126
4974 139
4975 137
4976 111
4977 132
4978 104
4979 118
4980 103
4981 109
4982 165
4983 146
4984 108
4985 119
4986 120
4987 163
4988 121
4989 132
4990 152
4991 143
4992 116
4993 132
4994 143
4995 101
4996 120
4997 104
4998 143
4999 80
5000 122
5001 120
5002 51
5003 95
5004 169
5005 112
5006 143
5007 162
5008 125
5009 130
5010 213
5011 161
5012 101
5013 63
5014 128
5015 139
5016 113
5017 117
5018 106
5019 109
5020 114
5021 110
5022 123
5023 100
5024 139
5025 117
5026 131
5027 102
5028 119
5029 122
5030 128
5031 119
5032 113
5033 117
5034 125
5035 183
5036 80
5037 141
5038 146
5039 132
5040 143
5041 141
5042 56
5043 137
5044 112
5045 114
5046 148
5047 126
5048 118
5049 95
5050 153
5051 124
5052 236
5053 140
5054 130
5055 125
5056 116
5057 135
5058 168
5059 108
5060 136
5061 82
5062 165
5063 118
5064 107
5065 143
5066 71
5067 125
5068 129
5069 36
5070 119
5071 122
5072 120
5073 128
5074 178
5075 110
5076 138
5077 136
5078 131
5079 80
5080 145
5081 144
5082 108
5083 99
5084 145
5085 118
5086 144
5087 125
5088 154
5089 101
5090 106
5091 146
5092 120
5093 143
5094 97
5095 95
5096 128
5097 141
5098 97
5099 144
5100 116
5101 99
5102 114
5103 136
5104 112
5105 119
5106 115
5107 97
5108 136
5109 143
5110 136
5111 182
5112 127
5113 106
5114 121
5115 112
5116 125
5117 175
5118 129
5119 204
5120 180
5121 106
5122 139
5123 80
5124 83
5125 126
5126 177
5127 91
5128 62
5129 79
5130 120
5131 108
5132 157
5133 150
5134 134
5135 151
5136 142
5137 136
5138 145
5139 117
5140 106
5141 109
5142 122
5143 33
5144 99
5145 146
5146 133
5147 137
5148 112
5149 151
5150 145
5151 66
5152 122
5153 117
5154 140
5155 126
5156 86
5157 139
5158 129
5159 120
5160 106
5161 101
5162 166
5163 121
5164 112
5165 143
5166 106
5167 119
5168 115
5169 178
5170 129
5171 119
5172 149
5173 0
5174 115
5175 117
5176 100
5177 185
5178 99
5179 97
5180 60
5181 113
5182 154
5183 100
5184 121
5185 150
5186 129
5187 135
5188 127
5189 200
5190 165
5191 126
5192 93
5193 171
5194 118
5195 160
5196 124
5197 135
5198 92
5199 96
5200 125
5201 131
5202 139
5203 115
5204 101
5205 167
5206 125
5207 142
5208 179
5209 156
5210 146
5211 124
5212 111
5213 112
5214 113
5215 132
5216 108
5217 150
5218 148
5219 130
5220 133
5221 134
5222 0
5223 144
5224 116
5225 108
5226 147
5227 113
5228 110
5229 107
5230 147
5231 121
5232 83
5233 127
5234 124
5235 131
5236 153
5237 112
5238 91
5239 114
5240 82
5241 85
5242 119
5243 152
5244 206
5245 134
5246 132
5247 148
5248 131
5249 175
5250 144
5251 97
5252 88
5253 112
5254 126
5255 119
5256 105
5257 181
5258 116
5259 95
5260 146
5261 134
5262 137
5263 161
5264 118
5265 82
5266 162
5267 169
5268 104
5269 111
5270 119
5271 138
5272 111
5273 142
5274 135
5275 142
5276 81
5277 158
5278 131
5279 126
5280 161
5281 138
5282 119
5283 150
5284 152
5285 153
5286 149
5287 181
5288 130
5289 186
5290 167
5291 122
5292 75
5293 104
5294 138
5295 132
5296 141
5297 123
5298 118
5299 93
5300 135
5301 111
5302 108
5303 105
5304 121
5305 103
5306 114
5307 138
5308 138
5309 113
5310 148
5311 117
5312 148
5313 111
5314 127
5315 123
5316 123
5317 106
5318 131
5319 107
5320 114
5321 118
5322 103
5323 112
5324 181
5325 119
5326 115
5327 109
5328 145
5329 162
5330 81
5331 151
5332 115
5333 126
5334 134
5335 120
5336 101
5337 147
5338 130
5339 177
5340 168
5341 142
5342 141
5343 124
5344 101
5345 144
5346 127
5347 125
5348 106
5349 109
5350 160
5351 158
5352 104
5353 133
5354 125
5355 112
5356 133
5357 139
5358 105
5359 137
5360 142
5361 100
5362 129
5363 121
5364 148
5365 150
5366 125
5367 111
5368 161
5369 103
5370 116
5371 172
5372 134
5373 107
5374 136
5375 71
5376 115
5377 159
5378 96
5379 114
5380 136
5381 131
5382 202
5383 143
5384 163
5385 128
5386 126
5387 99
5388 153
5389 135
5390 132
5391 106
5392 144
5393 127
5394 106
5395 167
5396 148
5397 145
5398 132
5399 110
5400 123
5401 90
5402 112
5403 149
5404 154
5405 126
5406 153
5407 100
5408 104
5409 173
5410 126
5411 172
5412 108
5413 135
5414 114
5415 126
5416 116
5417 148
5418 79
5419 163
5420 148
5421 142
5422 134
5423 130
5424 121
5425 82
5426 111
5427 145
5428 96
5429 104
5430 121
5431 154
5432 152
5433 141
5434 158
5435 155
5436 113
5437 109
5438 134
5439 112
5440 128
5441 109
5442 107
5443 162
5444 177
5445 105
5446 203
5447 63
5448 121
5449 146
5450 112
5451 126
5452 153
5453 135
5454 119
5455 135
5456 123
5457 104
5458 127
5459 119
5460 94
5461 103
5462 127
5463 153
5464 114
5465 104
5466 107
5467 127
5468 132
5469 89
5470 133
5471 143
5472 142
5473 127
5474 130
5475 162
5476 151
5477 147
5478 141
5479 90
5480 133
5481 103
5482 129
5483 128
5484 134
5485 100
5486 107
5487 166
5488 132
5489 106
5490 143
5491 109
5492 139
5493 185
5494 88
5495 105
5496 119
5497 124
5498 127
5499 136
5500 150
5501 135
5502 120
5503 110
5504 123
5505 129
5506 132
5507 131
5508 92
5509 139
5510 170
5511 113
5512 125
5513 149
5514 122
5515 146
5516 118
5517 158
5518 116
5519 121
5520 181
5521 85
5522 137
5523 138
5524 46
5525 161
5526 106
5527 111
5528 126
5529 198
5530 142
5531 152
5532 92
5533 100
5534 155
5535 105
5536 112
5537 134
5538 73
5539 127
5540 93
5541 116
5542 117
5543 154
5544 108
5545 178
5546 111
5547 130
5548 65
5549 109
5550 72
5551 139
5552 138
5553 54
5554 133
5555 116
5556 197
5557 118
5558 99
5559 101
5560 128
5561 133
5562 114
5563 72
5564 120
5565 151
5566 139
5567 110
5568 138
5569 158
5570 118
5571 104
5572 135
5573 108
5574 141
5575 116
5576 92
5577 141
5578 137
5579 109
5580 85
5581 128
5582 186
5583 123
5584 96
5585 161
5586 109
5587 120
5588 175
5589 113
5590 173
5591 121
5592 171
5593 95
5594 151
5595 118
5596 141
5597 137
5598 107
5599 140
5600 132
5601 197
5602 112
5603 115
5604 131
5605 157
5606 160
5607 133
5608 137
5609 137
5610 101
5611 150
5612 122
5613 118
5614 98
5615 151
5616 129
5617 124
5618 99
5619 145
5620 103
5621 131
5622 119
5623 72
5624 106
5625 133
5626 52
5627 130
5628 116
5629 144
5630 134
5631 121
5632 133
5633 157
5634 120
5635 141
5636 117
5637 142
5638 129
5639 141
5640 127
5641 128
5642 131
5643 136
5644 97
5645 97
5646 130
5647 88
5648 141
5649 112
5650 103
5651 112
5652 143
5653 115
5654 117
5655 141
5656 116
5657 151
5658 162
5659 107
5660 125
5661 127
5662 127
5663 120
5664 130
5665 132
5666 106
5667 156
5668 146
5669 162
5670 122
5671 177
5672 149
5673 139
5674 128
5675 108
5676 112
5677 166
5678 106
5679 159
5680 155
5681 103
5682 166
5683 94
5684 81
5685 99
5686 142
5687 92
5688 124
5689 131
5690 131
5691 101
5692 124
5693 125
5694 134
5695 121
5696 106
5697 134
5698 151
5699 115
5700 144
5701 146
5702 133
5703 79
5704 96
5705 129
5706 122
5707 208
5708 168
5709 88
5710 120
5711 108
5712 95
5713 133
5714 117
5715 185
5716 96
5717 120
5718 134
5719 150
5720 149
5721 94
5722 92
5723 120
5724 123
5725 117
5726 145
5727 71
5728 83
5729 129
5730 121
5731 115
5732 129
5733 121
5734 127
5735 80
5736 101
5737 120
5738 103
5739 113
5740 131
5741 158
5742 142
5743 100
5744 118
5745 95
5746 136
5747 122
5748 114
5749 131
5750 101
5751 93
5752 151
5753 127
5754 115
5755 140
5756 67
5757 153
5758 91
5759 142
5760 140
5761 123
5762 101
5763 123
5764 134
5765 99
5766 152
5767 114
5768 121
5769 158
5770 194
5771 134
5772 101
5773 192
5774 118
5775 121
5776 135
5777 132
5778 134
5779 124
5780 122
5781 127
5782 95
5783 134
5784 99
5785 138
5786 118
5787 104
5788 149
5789 110
5790 146
5791 155
5792 122
5793 116
5794 114
5795 125
5796 136
5797 96
5798 134
5799 126
5800 154
5801 181
5802 121
5803 126
5804 136
5805 121
5806 143
5807 158
5808 164
5809 109
5810 141
5811 139
5812 63
5813 125
5814 144
5815 114
5816 112
5817 161
5818 91
5819 111
5820 109
5821 136
5822 125
5823 116
5824 146
5825 105
5826 113
5827 119
5828 122
5829 110
5830 144
5831 141
5832 133
5833 98
5834 137
5835 106
5836 125
5837 110
5838 130
5839 104
5840 135
5841 132
5842 134
5843 76
5844 180
5845 103
5846 157
5847 92
5848 155
5849 133
5850 143
5851 133
5852 132
5853 122
5854 54
5855 139
5856 105
5857 147
5858 64
5859 132
5860 113
5861 110
5862 126
5863 186
5864 118
5865 121
5866 134
5867 118
5868 113
5869 167
5870 132
5871 137
5872 130
5873 119
5874 123
5875 160
5876 138
5877 131
5878 125
5879 136
5880 119
5881 124
5882 124
5883 91
5884 147
5885 150
5886 116
5887 106
5888 128
5889 143
5890 139
5891 115
5892 133
5893 166
5894 167
5895 141
5896 87
5897 96
5898 90
5899 129
5900 164
5901 140
5902 129
5903 120
5904 134
5905 73
5906 172
5907 142
5908 120
5909 123
5910 118
5911 119
5912 156
5913 166
5914 127
5915 30
5916 135
5917 135
5918 138
5919 127
5920 128
5921 142
5922 95
5923 149
5924 130
5925 155
5926 109
5927 105
5928 99
5929 122
5930 77
5931 171
5932 102
5933 127
5934 108
5935 110
5936 126
5937 91
5938 118
5939 118
5940 158
5941 133
5942 146
5943 127
5944 143
5945 122
5946 116
5947 122
5948 114
5949 137
5950 136
5951 203
5952 110
5953 106
5954 80
5955 123
5956 173
5957 100
5958 168
5959 89
5960 109
5961 122
5962 133
5963 137
5964 108
5965 152
5966 135
5967 90
5968 125
5969 112
5970 94
5971 127
5972 100
5973 123
5974 128
5975 147
5976 84
5977 132
5978 126
5979 120
5980 123
5981 112
5982 123
5983 137
5984 149
5985 96
5986 111
5987 104
5988 85
5989 57
5990 149
5991 134
5992 80
5993 137
5994 142
5995 139
5996 83
5997 112
5998 117
5999 172
6000 124
6001 118
6002 128
6003 130
6004 148
6005 113
6006 128
6007 121
6008 146
6009 155
6010 88
6011 173
6012 161
6013 107
6014 109
6015 99
6016 150
6017 118
6018 147
6019 53
6020 146
6021 110
6022 116
6023 133
6024 119
6025 132
6026 136
6027 114
6028 129
6029 159
6030 131
6031 104
6032 129
6033 138
6034 124
6035 119
6036 122
6037 124
6038 136
6039 166
6040 119
6041 125
6042 124
6043 120
6044 106
6045 102
6046 114
6047 143
6048 115
6049 133
6050 153
6051 75
6052 120
6053 119
6054 122
6055 174
6056 135
6057 104
6058 139
6059 157
6060 136
6061 110
6062 119
6063 129
6064 120
6065 154
6066 136
6067 100
6068 106
6069 132
6070 112
6071 138
6072 156
6073 148
6074 165
6075 134
6076 126
6077 120
6078 103
6079 144
6080 144
6081 129
6082 111
6083 139
6084 104
6085 129
6086 128
6087 131
6088 127
6089 123
6090 68
6091 190
6092 102
6093 82
6094 147
6095 94
6096 82
6097 104
6098 155
6099 114
6100 141
6101 151
6102 93
6103 123
6104 97
6105 90
6106 115
6107 118
6108 127
6109 151
6110 158
6111 137
6112 141
6113 133
6114 102
6115 151
6116 110
6117 0
6118 89
6119 108
6120 93
6121 135
6122 106
6123 82
6124 81
6125 133
6126 149
6127 158
6128 136
6129 126
6130 118
6131 106
6132 146
6133 144
6134 150
6135 136
6136 114
6137 125
6138 130
6139 127
6140 131
6141 117
6142 151
6143 134
6144 124
6145 131
6146 131
6147 120
6148 111
6149 113
6150 109
6151 121
6152 103
6153 120
6154 136
6155 111
6156 126
6157 120
6158 136
6159 136
6160 143
6161 109
6162 113
6163 133
6164 127
6165 105
6166 117
6167 134
6168 118
6169 126
6170 158
6171 117
6172 190
6173 126
6174 121
6175 126
6176 136
6177 185
6178 117
6179 184
6180 173
6181 40
6182 119
6183 126
6184 133
6185 123
6186 137
6187 111
6188 130
6189 86
6190 112
6191 197
6192 126
6193 99
6194 88
6195 122
6196 138
6197 132
6198 123
6199 155
6200 149
6201 138
6202 127
6203 153
6204 117
6205 139
6206 112
6207 142
6208 74
6209 121
6210 107
6211 124
6212 195
6213 99
6214 111
6215 122
6216 110
6217 100
6218 127
6219 132
6220 156
6221 150
6222 118
6223 117
6224 127
6225 100
6226 93
6227 102
6228 104
6229 113
6230 102
6231 140
6232 147
6233 128
6234 130
6235 75
6236 104
6237 135
6238 114
6239 132
6240 136
6241 171
6242 163
6243 143
6244 137
6245 129
6246 132
6247 122
6248 106
6249 108
6250 113
6251 90
6252 145
6253 148
6254 84
6255 153
6256 119
6257 141
6258 145
6259 0
6260 124
6261 133
6262 160
6263 122
6264 150
6265 121
6266 124
6267 81
6268 126
6269 129
6270 117
6271 120
6272 109
6273 153
6274 126
6275 130
6276 137
6277 125
6278 94
6279 128
6280 146
6281 111
6282 94
6283 133
6284 158
6285 144
6286 133
6287 143
6288 79
6289 122
6290 123
6291 105
6292 150
6293 108
6294 88
6295 134
6296 123
6297 118
6298 79
6299 116
