Vertices: 6800
Edges: 47600
Time: 1,830 ms
Iterations: 47535
Vertex Distance
0 0
1 163
2 179
3 157
4 137
5 161
6 171
7 106
8 135
9 153
10 130
11 128
12 119
13 115
14 137
15 150
16 130
17 113
18 105
19 141
20 155
21 129
22 127
23 138
24 133
25 147
26 138
27 169
28 151
29 170
30 136
31 252
32 204
33 162
34 102
35 149
36 145
37 155
38 162
39 125
40 162
41 118
42 139
43 133
44 168
45 160
46 146
47 185
48 97
49 142
50 152
51 193
52 186
53 170
54 131
55 156
56 176
57 168
58 161
59 130
60 85
61 163
62 105
63 150
64 128
65 150
66 164
67 182
68 162
69 125
70 157
71 172
72 130
73 155
74 179
75 159
76 180
77 160
78 141
79 136
80 108
81 141
82 145
83 146
84 160
85 198
86 119
87 117
88 159
89 94
90 112
91 167
92 141
93 124
94 156
95 129
96 130
97 156
98 194
99 174
100 187
101 142
102 133
103 197
104 150
105 182
106 156
107 142
108 127
109 178
110 132
111 85
112 153
113 148
114 186
115 166
116 132
117 123
118 176
119 141
120 152
121 158
122 133
123 124
124 146
125 134
126 161
127 148
128 130
129 134
130 92
131 177
132 170
133 146
134 137
135 128
136 160
137 130
138 163
139 98
140 126
141 162
142 164
143 173
144 169
145 136
146 94
147 144
148 166
149 105
150 126
151 168
152 127
153 191
154 141
155 184
156 152
157 162
158 145
159 170
160 167
161 120
162 160
163 217
164 85
165 146
166 142
167 162
168 130
169 147
170 144
171 150
172 156
173 146
174 172
175 161
176 135
177 142
178 165
179 141
180 146
181 154
182 182
183 136
184 173
185 153
186 108
187 153
188 187
189 162
190 133
191 158
192 120
193 124
194 164
195 203
196 185
197 126
198 170
199 155
200 182
201 202
202 143
203 162
204 124
205 139
206 151
207 108
208 138
209 111
210 210
211 134
212 166
213 154
214 166
215 127
216 158
217 152
218 146
219 133
220 134
221 120
222 146
223 147
224 158
225 115
226 180
227 185
228 160
229 146
230 132
231 154
232 136
233 134
234 116
235 146
236 144
237 139
238 140
239 131
240 114
241 154
242 189
243 148
244 184
245 164
246 161
247 161
248 156
249 125
250 143
251 87
252 131
253 156
254 135
255 87
256 168
257 155
258 145
259 167
260 146
261 114
262 144
263 134
264 153
265 141
266 210
267 129
268 170
269 185
270 110
271 148
272 146
273 145
274 143
275 141
276 110
277 137
278 136
279 119
280 165
281 107
282 104
283 124
284 163
285 153
286 132
287 145
288 148
289 121
290 127
291 101
292 150
293 177
294 114
295 134
296 138
297 150
298 139
299 99
300 168
301 152
302 165
303 171
304 144
305 151
306 160
307 156
308 155
309 159
310 185
311 165
312 173
313 140
314 123
315 165
316 147
317 148
318 130
319 114
320 154
321 129
322 153
323 158
324 137
325 232
326 147
327 166
328 189
329 134
330 167
331 152
332 158
333 144
334 141
335 144
336 184
337 167
338 76
339 108
340 176
341 147
342 145
343 142
344 140
345 107
346 139
347 117
348 82
349 144
350 154
351 154
352 127
353 102
354 143
355 179
356 163
357 173
358 98
359 120
360 158
361 129
362 133
363 86
364 128
365 151
366 159
367 141
368 120
369 136
370 144
371 153
372 170
373 125
374 102
375 132
376 130
377 136
378 149
379 132
380 158
381 159
382 168
383 160
384 148
385 165
386 104
387 162
388 140
389 162
390 125
391 137
392 137
393 140
394 168
395 98
396 131
397 171
398 132
399 177
400 134
401 172
402 158
403 180
404 131
405 148
406 124
407 155
408 132
409 166
410 139
411 137
412 138
413 168
414 144
415 107
416 168
417 136
418 211
419 172
420 129
421 145
422 139
423 184
424 196
425 139
426 123
427 137
428 175
429 171
430 163
431 136
432 171
433 132
434 139
435 121
436 133
437 145
438 143
439 108
440 138
441 121
442 141
443 99
444 158
445 121
446 161
447 116
448 198
449 157
450 190
451 164
452 173
453 135
454 155
455 135
456 81
457 92
458 169
459 96
460 161
461 161
462 125
463 185
464 164
465 163
466 142
467 164
468 166
469 167
470 175
471 168
472 128
473 139
474 159
475 174
476 126
477 175
478 131
479 122
480 151
481 165
482 158
483 167
484 143
485 157
486 161
487 132
488 66
489 193
490 101
491 77
492 156
493 160
494 180
495 141
496 147
497 126
498 178
499 146
500 129
501 148
502 157
503 155
504 147
505 166
506 150
507 161
508 216
509 153
510 132
511 162
512 123
513 184
514 162
515 142
516 125
517 125
518 164
519 141
520 147
521 189
522 144
523 184
524 165
525 165
526 179
527 156
528 126
529 129
530 141
531 107
532 151
533 108
534 115
535 115
536 167
537 168
538 156
539 118
540 159
541 157
542 173
543 103
544 155
545 140
546 142
547 147
548 145
549 135
550 101
551 133
552 149
553 119
554 139
555 166
556 136
557 104
558 157
559 162
560 147
561 103
562 119
563 179
564 179
565 154
566 149
567 127
568 175
569 140
570 143
571 159
572 179
573 123
574 137
575 121
576 162
577 70
578 165
579 136
580 126
581 162
582 161
583 123
584 209
585 136
586 142
587 171
588 126
589 114
590 98
591 163
592 130
593 161
594 222
595 127
596 162
597 154
598 139
599 164
600 140
601 110
602 136
603 169
604 147
605 132
606 127
607 134
608 126
609 176
610 149
611 123
612 158
613 167
614 106
615 158
616 133
617 55
618 148
619 120
620 105
621 218
622 145
623 102
624 148
625 114
626 145
627 109
628 193
629 60
630 153
631 142
632 160
633 123
634 130
635 140
636 121
637 160
638 182
639 134
640 116
641 154
642 142
643 163
644 124
645 165
646 93
647 172
648 126
649 100
650 154
651 116
652 100
653 184
654 149
655 131
656 163
657 145
658 114
659 143
660 161
661 152
662 135
663 139
664 159
665 169
666 138
667 153
668 168
669 139
670 127
671 119
672 136
673 138
674 143
675 135
676 154
677 157
678 142
679 117
680 136
681 150
682 117
683 147
684 120
685 118
686 147
687 154
688 112
689 131
690 132
691 206
692 151
693 165
694 126
695 147
696 119
697 176
698 148
699 133
700 159
701 165
702 111
703 143
704 142
705 157
706 133
707 159
708 126
709 102
710 139
711 98
712 124
713 110
714 132
715 161
716 129
717 140
718 157
719 156
720 165
721 150
722 130
723 155
724 157
725 144
726 159
727 133
728 154
729 157
730 172
731 155
732 121
733 114
734 162
735 116
736 150
737 107
738 171
739 113
740 140
741 179
742 146
743 168
744 132
745 89
746 168
747 139
748 140
749 176
750 98
751 127
752 137
753 164
754 137
755 166
756 164
757 146
758 155
759 167
760 170
761 187
762 152
763 117
764 131
765 114
766 170
767 134
768 158
769 131
770 148
771 129
772 152
773 142
774 160
775 197
776 155
777 240
778 161
779 156
780 163
781 155
782 154
783 157
784 79
785 133
786 168
787 184
788 119
789 154
790 134
791 92
792 127
793 140
794 157
795 144
796 162
797 160
798 143
799 139
800 198
801 127
802 131
803 132
804 171
805 129
806 151
807 153
808 148
809 148
810 130
811 138
812 168
813 180
814 136
815 188
816 179
817 124
818 160
819 128
820 148
821 154
822 164
823 155
824 130
825 159
826 130
827 109
828 167
829 128
830 141
831 147
832 122
833 128
834 133
835 155
836 125
837 147
838 146
839 157
840 101
841 144
842 139
843 184
844 184
845 154
846 134
847 177
848 144
849 163
850 153
851 141
852 128
853 160
854 111
855 160
856 175
857 158
858 162
859 148
860 155
861 132
862 103
863 137
864 148
865 147
866 118
867 143
868 111
869 102
870 155
871 165
872 156
873 156
874 135
875 215
876 123
877 185
878 131
879 139
880 160
881 117
882 159
883 150
884 166
885 162
886 116
887 141
888 112
889 120
890 143
891 154
892 157
893 210
894 153
895 203
896 165
897 145
898 174
899 144
900 132
901 145
902 188
903 180
904 157
905 129
906 140
907 168
908 158
909 133
910 74
911 171
912 123
913 170
914 106
915 123
916 151
917 183
918 133
919 180
920 140
921 104
922 153
923 136
924 151
925 114
926 143
927 155
928 171
929 171
930 171
931 141
932 151
933 150
934 107
935 126
936 96
937 128
938 149
939 190
940 137
941 184
942 120
943 126
944 139
945 139
946 160
947 167
948 140
949 113
950 167
951 127
952 149
953 116
954 86
955 131
956 115
957 140
958 187
959 134
960 99
961 187
962 135
963 181
964 110
965 126
966 145
967 157
968 185
969 162
970 149
971 149
972 138
973 102
974 146
975 152
976 69
977 138
978 142
979 0
980 131
981 138
982 158
983 100
984 154
985 142
986 123
987 146
988 137
989 158
990 149
991 116
992 108
993 161
994 129
995 140
996 162
997 173
998 108
999 83
1000 136
1001 130
1002 167
1003 191
1004 131
1005 154
1006 158
1007 149
1008 142
1009 145
1010 177
1011 125
1012 129
1013 189
1014 91
1015 150
1016 141
1017 158
1018 134
1019 179
1020 165
1021 110
1022 157
1023 147
1024 154
1025 151
1026 153
1027 113
1028 133
1029 144
1030 137
1031 159
1032 221
1033 142
1034 127
1035 168
1036 179
1037 131
1038 121
1039 207
1040 143
1041 173
1042 130
1043 142
1044 202
1045 124
1046 173
1047 150
1048 116
1049 151
1050 94
1051 143
1052 174
1053 173
1054 172
1055 156
1056 118
1057 156
1058 137
1059 150
1060 167
1061 159
1062 83
1063 182
1064 133
1065 97
1066 129
1067 75
1068 107
1069 155
1070 148
1071 170
1072 137
1073 150
1074 188
1075 185
1076 123
1077 148
1078 140
1079 181
1080 124
1081 106
1082 159
1083 162
1084 107
1085 140
1086 167
1087 151
1088 100
1089 130
1090 134
1091 156
1092 172
1093 163
1094 159
1095 150
1096 157
1097 143
1098 128
1099 134
1100 179
1101 162
1102 118
1103 144
1104 138
1105 152
1106 164
1107 117
1108 138
1109 104
1110 152
1111 138
1112 160
1113 169
1114 92
1115 166
1116 161
1117 135
1118 184
1119 154
1120 135
1121 153
1122 135
1123 123
1124 152
1125 142
1126 172
1127 138
1128 117
1129 147
1130 116
1131 147
1132 130
1133 163
1134 154
1135 163
1136 142
1137 164
1138 91
1139 124
1140 144
1141 120
1142 136
1143 135
1144 115
1145 117
1146 147
1147 182
1148 139
1149 83
1150 152
1151 120
1152 141
1153 178
1154 143
1155 141
1156 171
1157 153
1158 144
1159 112
1160 140
1161 177
1162 122
1163 147
1164 105
1165 123
1166 169
1167 143
1168 139
1169 144
1170 234
1171 156
1172 120
1173 125
1174 121
1175 158
1176 161
1177 146
1178 180
1179 165
1180 142
1181 164
1182 165
1183 141
1184 147
1185 155
1186 138
1187 157
1188 124
1189 182
1190 153
1191 152
1192 156
1193 169
1194 131
1195 161
1196 110
1197 123
1198 160
1199 145
1200 140
1201 157
1202 95
1203 148
1204 133
1205 154
1206 123
1207 134
1208 150
1209 140
1210 158
1211 166
1212 145
1213 128
1214 167
1215 131
1216 178
1217 121
1218 173
1219 172
1220 138
1221 132
1222 142
1223 193
1224 134
1225 133
1226 156
1227 149
1228 127
1229 189
1230 113
1231 155
1232 138
1233 162
1234 142
1235 200
1236 147
1237 139
1238 127
1239 219
1240 108
1241 134
1242 89
1243 157
1244 107
1245 106
1246 165
1247 171
1248 154
1249 113
1250 124
1251 162
1252 131
1253 137
1254 124
1255 137
1256 134
1257 195
1258 180
1259 144
1260 139
1261 130
1262 161
1263 110
1264 138
1265 156
1266 151
1267 164
1268 180
1269 148
1270 120
1271 154
1272 141
1273 149
1274 125
1275 159
1276 175
1277 105
1278 122
1279 134
1280 152
1281 136
1282 130
1283 100
1284 137
1285 134
1286 182
1287 144
1288 133
1289 150
1290 153
1291 147
1292 152
1293 176
1294 162
1295 133
1296 163
1297 160
1298 118
1299 145
1300 143
1301 148
1302 161
1303 158
1304 129
1305 122
1306 161
1307 111
1308 168
1309 134
1310 178
1311 124
1312 140
1313 175
1314 84
1315 131
1316 146
1317 172
1318 190
1319 173
1320 119
1321 112
1322 142
1323 93
1324 117
1325 136
1326 141
1327 67
1328 141
1329 125
1330 140
1331 132
1332 145
1333 128
1334 179
1335 119
1336 113
1337 171
1338 113
1339 136
1340 105
1341 154
1342 143
1343 114
1344 147
1345 113
1346 119
1347 150
1348 122
1349 161
1350 151
1351 181
1352 134
1353 137
1354 136
1355 198
1356 148
1357 145
1358 117
1359 147
1360 189
1361 162
1362 105
1363 133
1364 149
1365 138
1366 123
1367 184
1368 126
1369 144
1370 104
1371 116
1372 164
1373 149
1374 191
1375 148
1376 122
1377 143
1378 140
1379 121
1380 161
1381 132
1382 134
1383 134
1384 132
1385 99
1386 161
1387 86
1388 149
1389 149
1390 134
1391 134
1392 113
1393 92
1394 138
1395 128
1396 118
1397 146
1398 146
1399 149
1400 85
1401 168
1402 131
1403 159
1404 149
1405 154
1406 139
1407 186
1408 173
1409 202
1410 129
1411 137
1412 139
1413 119
1414 156
1415 105
1416 125
1417 148
1418 138
1419 153
1420 91
1421 89
1422 127
1423 163
1424 152
1425 181
1426 140
1427 137
1428 139
1429 161
1430 98
1431 125
1432 144
1433 170
1434 118
1435 158
1436 172
1437 125
1438 175
1439 142
1440 138
1441 145
1442 141
1443 124
1444 111
1445 141
1446 152
1447 89
1448 145
1449 187
1450 131
1451 206
1452 134
1453 155
1454 89
1455 166
1456 72
1457 161
1458 150
1459 84
1460 159
1461 147
1462 126
1463 140
1464 159
1465 172
1466 132
1467 127
1468 104
1469 127
1470 162
1471 141
1472 165
1473 143
1474 121
1475 182
1476 199
1477 118
1478 154
1479 165
1480 134
1481 108
1482 170
1483 108
1484 191
1485 216
1486 123
1487 172
1488 123
1489 150
1490 117
1491 95
1492 175
1493 142
1494 123
1495 145
1496 157
1497 143
1498 141
1499 101
1500 173
1501 137
1502 138
1503 120
1504 164
1505 141
1506 104
1507 96
1508 243
1509 177
1510 142
1511 119
1512 152
1513 195
1514 150
1515 138
1516 160
1517 122
1518 152
1519 141
1520 155
1521 141
1522 116
1523 94
1524 168
1525 129
1526 127
1527 167
1528 143
1529 143
1530 145
1531 170
1532 141
1533 112
1534 154
1535 173
1536 118
1537 152
1538 115
1539 157
1540 125
1541 175
1542 96
1543 155
1544 147
1545 147
1546 90
1547 128
1548 166
1549 184
1550 144
1551 151
1552 142
1553 161
1554 138
1555 143
1556 127
1557 140
1558 119
1559 98
1560 130
1561 95
1562 129
1563 164
1564 135
1565 141
1566 126
1567 128
1568 137
1569 149
1570 128
1571 137
1572 149
1573 121
1574 148
1575 138
1576 169
1577 141
1578 135
1579 138
1580 191
1581 98
1582 93
1583 127
1584 132
1585 136
1586 195
1587 165
1588 139
1589 119
1590 90
1591 164
1592 157
1593 151
1594 145
1595 135
1596 146
1597 119
1598 157
1599 133
1600 134
1601 130
1602 177
1603 157
1604 209
1605 202
1606 90
1607 160
1608 127
1609 156
1610 141
1611 130
1612 195
1613 104
1614 152
1615 180
1616 168
1617 152
1618 115
1619 102
1620 149
1621 118
1622 226
1623 188
1624 178
1625 125
1626 142
1627 161
1628 144
1629 152
1630 171
1631 150
1632 144
1633 165
1634 132
1635 94
1636 124
1637 108
1638 160
1639 156
1640 126
1641 129
1642 120
1643 178
1644 160
1645 144
1646 189
1647 135
1648 114
1649 115
1650 145
1651 112
1652 162
1653 127
1654 126
1655 178
1656 151
1657 132
1658 125
1659 90
1660 181
1661 127
1662 167
1663 158
1664 146
1665 149
1666 134
1667 162
1668 113
1669 164
1670 160
1671 142
1672 147
1673 143
1674 143
1675 166
1676 195
1677 168
1678 141
1679 161
1680 113
1681 165
1682 165
1683 170
1684 175
1685 174
1686 124
1687 151
1688 144
1689 135
1690 158
1691 151
1692 135
1693 160
1694 177
1695 134
1696 137
1697 114
1698 125
1699 132
1700 135
1701 140
1702 125
1703 141
1704 143
1705 107
1706 155
1707 109
1708 150
1709 177
1710 97
1711 215
1712 111
1713 126
1714 150
1715 143
1716 149
1717 133
1718 140
1719 141
1720 139
1721 152
1722 158
1723 160
1724 205
1725 145
1726 166
1727 154
1728 132
1729 129
1730 212
1731 132
1732 145
1733 98
1734 137
1735 85
1736 121
1737 144
1738 143
1739 127
1740 145
1741 115
1742 169
1743 197
1744 137
1745 128
1746 115
1747 93
1748 111
1749 108
1750 140
1751 141
1752 157
1753 155
1754 166
1755 170
1756 188
1757 153
1758 131
1759 146
1760 129
1761 164
1762 130
1763 97
1764 147
1765 137
1766 153
1767 194
1768 132
1769 133
1770 158
1771 98
1772 115
1773 125
1774 154
1775 219
1776 153
1777 164
1778 89
1779 139
1780 147
1781 158
1782 151
1783 152
1784 187
1785 144
1786 133
1787 143
1788 107
1789 111
1790 155
1791 138
1792 74
1793 83
1794 81
1795 142
1796 180
1797 151
1798 181
1799 119
1800 145
1801 138
1802 173
1803 166
1804 144
1805 143
1806 126
1807 182
1808 129
1809 109
1810 91
1811 170
1812 158
1813 145
1814 104
1815 164
1816 135
1817 162
1818 107
1819 171
1820 118
1821 120
1822 147
1823 116
1824 237
1825 157
1826 167
1827 172
1828 159
1829 111
1830 160
1831 169
1832 151
1833 118
1834 145
1835 159
1836 174
1837 141
1838 145
1839 162
1840 154
1841 133
1842 127
1843 130
1844 158
1845 113
1846 169
1847 138
1848 160
1849 162
1850 193
1851 182
1852 146
1853 97
1854 133
1855 141
1856 113
1857 77
1858 153
1859 136
1860 135
1861 136
1862 151
1863 168
1864 111
1865 177
1866 183
1867 164
1868 106
1869 172
1870 120
1871 168
1872 139
1873 105
1874 186
1875 124
1876 135
1877 158
1878 89
1879 128
1880 191
1881 149
1882 135
1883 155
1884 114
1885 157
1886 106
1887 159
1888 137
1889 141
1890 146
1891 147
1892 143
1893 162
1894 160
1895 148
1896 152
1897 172
1898 134
1899 172
1900 156
1901 151
1902 120
1903 152
1904 121
1905 174
1906 135
1907 76
1908 165
1909 177
1910 133
1911 177
1912 181
1913 156
1914 139
1915 163
1916 124
1917 90
1918 119
1919 140
1920 156
1921 144
1922 133
1923 163
1924 110
1925 170
1926 136
1927 155
1928 139
1929 141
1930 154
1931 129
1932 185
1933 124
1934 118
1935 120
1936 135
1937 169
1938 137
1939 122
1940 119
1941 94
1942 142
1943 154
1944 173
1945 151
1946 169
1947 165
1948 132
1949 70
1950 107
1951 149
1952 147
1953 142
1954 126
1955 163
1956 167
1957 133
1958 123
1959 131
1960 198
1961 109
1962 149
1963 140
1964 164
1965 154
1966 126
1967 129
1968 143
1969 142
1970 161
1971 173
1972 130
1973 179
1974 127
1975 182
1976 86
1977 206
1978 142
1979 144
1980 142
1981 139
1982 154
1983 99
1984 113
1985 132
1986 118
1987 142
1988 151
1989 162
1990 132
1991 168
1992 159
1993 114
1994 107
1995 160
1996 147
1997 153
1998 170
1999 196
2000 163
2001 169
2002 142
2003 162
2004 160
2005 151
2006 166
2007 76
2008 135
2009 172
2010 123
2011 125
2012 137
2013 103
2014 192
2015 187
2016 119
2017 163
2018 140
2019 187
2020 169
2021 180
2022 186
2023 188
2024 150
2025 131
2026 122
2027 99
2028 186
2029 180
2030 135
2031 179
2032 129
2033 132
2034 175
2035 103
2036 128
2037 183
2038 150
2039 163
2040 161
2041 147
2042 122
2043 205
2044 151
2045 146
2046 136
2047 156
2048 147
2049 155
2050 104
2051 127
2052 76
2053 113
2054 208
2055 145
2056 151
2057 99
2058 145
2059 148
2060 122
2061 128
2062 194
2063 177
2064 170
2065 101
2066 129
2067 147
2068 0
2069 159
2070 160
2071 45
2072 138
2073 151
2074 126
2075 122
2076 164
2077 124
2078 141
2079 146
2080 153
2081 164
2082 133
2083 131
2084 163
2085 187
2086 123
2087 143
2088 212
2089 132
2090 147
2091 132
2092 143
2093 129
2094 141
2095 170
2096 134
2097 143
2098 94
2099 140
2100 165
2101 150
2102 165
2103 205
2104 132
2105 150
2106 119
2107 127
2108 128
2109 140
2110 126
2111 107
2112 123
2113 150
2114 146
2115 138
2116 152
2117 165
2118 103
2119 199
2120 116
2121 176
2122 146
2123 76
2124 119
2125 149
2126 171
2127 177
2128 162
2129 146
2130 134
2131 116
2132 125
2133 137
2134 95
2135 147
2136 109
2137 175
2138 177
2139 105
2140 172
2141 137
2142 163
2143 105
2144 180
2145 138
2146 121
2147 146
2148 131
2149 116
2150 90
2151 172
2152 116
2153 134
2154 110
2155 154
2156 137
2157 121
2158 191
2159 149
2160 131
2161 100
2162 147
2163 161
2164 133
2165 106
2166 182
2167 132
2168 121
2169 183
2170 165
2171 155
2172 130
2173 165
2174 133
2175 135
2176 97
2177 116
2178 118
2179 139
2180 87
2181 146
2182 143
2183 117
2184 148
2185 162
2186 143
2187 152
2188 162
2189 156
2190 152
2191 189
2192 119
2193 136
2194 184
2195 154
2196 116
2197 140
2198 165
2199 157
2200 150
2201 128
2202 71
2203 130
2204 162
2205 154
2206 113
2207 153
2208 158
2209 152
2210 146
2211 85
2212 129
2213 134
2214 137
2215 159
2216 145
2217 104
2218 128
2219 134
2220 124
2221 182
2222 140
2223 174
2224 136
2225 127
2226 103
2227 150
2228 116
2229 164
2230 152
2231 142
2232 129
2233 134
2234 124
2235 84
2236 146
2237 112
2238 162
2239 151
2240 172
2241 188
2242 121
2243 151
2244 138
2245 151
2246 157
2247 118
2248 176
2249 137
2250 143
2251 121
2252 139
2253 179
2254 168
2255 165
2256 132
2257 108
2258 180
2259 185
2260 136
2261 143
2262 163
2263 155
2264 154
2265 107
2266 147
2267 158
2268 91
2269 108
2270 149
2271 139
2272 133
2273 162
2274 105
2275 119
2276 165
2277 117
2278 165
2279 181
2280 136
2281 148
2282 175
2283 154
2284 116
2285 157
2286 149
2287 160
2288 134
2289 129
2290 155
2291 153
2292 201
2293 168
2294 164
2295 124
2296 155
2297 122
2298 133
2299 131
2300 163
2301 157
2302 202
2303 160
2304 145
2305 172
2306 118
2307 49
2308 130
2309 144
2310 138
2311 122
2312 128
2313 154
2314 139
2315 146
2316 123
2317 129
2318 146
2319 149
2320 32
2321 170
2322 180
2323 151
2324 132
2325 125
2326 158
2327 121
2328 140
2329 107
2330 129
2331 124
2332 155
2333 160
2334 153
2335 101
2336 132
2337 128
2338 143
2339 197
2340 188
2341 148
2342 175
2343 157
2344 192
2345 155
2346 200
2347 150
2348 113
2349 106
2350 177
2351 176
2352 132
2353 148
2354 156
2355 166
2356 153
2357 171
2358 134
2359 184
2360 141
2361 136
2362 140
2363 145
2364 136
2365 92
2366 140
2367 196
2368 147
2369 148
2370 110
2371 141
2372 164
2373 159
2374 240
2375 182
2376 174
2377 145
2378 134
2379 182
2380 127
2381 151
2382 149
2383 145
2384 148
2385 162
2386 141
2387 134
2388 173
2389 148
2390 156
2391 113
2392 179
2393 221
2394 168
2395 187
2396 128
2397 122
2398 140
2399 147
2400 112
2401 78
2402 153
2403 128
2404 140
2405 139
2406 106
2407 144
2408 123
2409 154
2410 124
2411 158
2412 154
2413 124
2414 136
2415 156
2416 178
2417 135
2418 107
2419 120
2420 143
2421 173
2422 121
2423 157
2424 151
2425 92
2426 121
2427 129
2428 162
2429 145
2430 132
2431 127
2432 163
2433 155
2434 173
2435 147
2436 151
2437 125
2438 157
2439 132
2440 160
2441 134
2442 151
2443 156
2444 135
2445 120
2446 138
2447 142
2448 132
2449 119
2450 142
2451 128
2452 107
2453 167
2454 126
2455 139
2456 139
2457 210
2458 179
2459 178
2460 137
2461 164
2462 130
2463 129
2464 164
2465 170
2466 160
2467 149
2468 156
2469 160
2470 128
2471 124
2472 197
2473 153
2474 129
2475 87
2476 105
2477 137
2478 143
2479 115
2480 104
2481 120
2482 178
2483 150
2484 166
2485 118
2486 143
2487 104
2488 117
2489 161
2490 112
2491 184
2492 138
2493 131
2494 108
2495 117
2496 147
2497 141
2498 174
2499 97
2500 138
2501 166
2502 99
2503 149
2504 116
2505 168
2506 91
2507 126
2508 205
2509 94
2510 172
2511 94
2512 185
2513 162
2514 172
2515 104
2516 165
2517 163
2518 146
2519 139
2520 121
2521 174
2522 148
2523 127
2524 151
2525 109
2526 156
2527 97
2528 134
2529 107
2530 146
2531 172
2532 110
2533 152
2534 122
2535 169
2536 93
2537 105
2538 184
2539 157
2540 184
2541 131
2542 115
2543 153
2544 146
2545 134
2546 171
2547 182
2548 114
2549 78
2550 151
2551 131
2552 121
2553 124
2554 199
2555 158
2556 171
2557 179
2558 156
2559 137
2560 174
2561 220
2562 139
2563 94
2564 161
2565 136
2566 176
2567 168
2568 137
2569 158
2570 156
2571 160
2572 154
2573 213
2574 137
2575 112
2576 156
2577 176
2578 159
2579 155
2580 144
2581 131
2582 125
2583 135
2584 171
2585 138
2586 144
2587 135
2588 221
2589 195
2590 156
2591 170
2592 147
2593 168
2594 137
2595 152
2596 177
2597 166
2598 146
2599 153
2600 181
2601 170
2602 136
2603 127
2604 165
2605 135
2606 175
2607 149
2608 223
2609 147
2610 151
2611 161
2612 91
2613 114
2614 212
2615 76
2616 172
2617 136
2618 100
2619 212
2620 139
2621 132
2622 0
2623 146
2624 147
2625 129
2626 160
2627 162
2628 114
2629 151
2630 138
2631 135
2632 162
2633 147
2634 141
2635 124
2636 149
2637 160
2638 154
2639 115
2640 145
2641 195
2642 133
2643 176
2644 145
2645 159
2646 193
2647 185
2648 137
2649 148
2650 175
2651 94
2652 136
2653 124
2654 123
2655 154
2656 136
2657 191
2658 192
2659 140
2660 188
2661 151
2662 148
2663 145
2664 161
2665 96
2666 139
2667 155
2668 163
2669 173
2670 188
2671 94
2672 107
2673 158
2674 142
2675 142
2676 158
2677 130
2678 117
2679 130
2680 173
2681 150
2682 139
2683 130
2684 121
2685 172
2686 115
2687 168
2688 130
2689 157
2690 157
2691 162
2692 139
2693 133
2694 196
2695 138
2696 118
2697 156
2698 89
2699 140
2700 161
2701 119
2702 142
2703 152
2704 146
2705 119
2706 139
2707 144
2708 152
2709 140
2710 150
2711 145
2712 143
2713 147
2714 136
2715 149
2716 130
2717 162
2718 156
2719 135
2720 143
2721 124
2722 113
2723 68
2724 169
2725 190
2726 159
2727 142
2728 100
2729 130
2730 132
2731 122
2732 127
2733 178
2734 163
2735 183
2736 103
2737 176
2738 127
2739 183
2740 161
2741 139
2742 106
2743 151
2744 139
2745 177
2746 164
2747 160
2748 134
2749 175
2750 102
2751 105
2752 192
2753 168
2754 160
2755 134
2756 167
2757 136
2758 111
2759 100
2760 128
2761 108
2762 165
2763 198
2764 162
2765 164
2766 151
2767 129
2768 103
2769 125
2770 154
2771 151
2772 168
2773 69
2774 106
2775 138
2776 170
2777 157
2778 162
2779 153
2780 167
2781 128
2782 170
2783 154
2784 112
2785 164
2786 149
2787 139
2788 151
2789 112
2790 161
2791 165
2792 140
2793 181
2794 138
2795 109
2796 182
2797 201
2798 146
2799 150
2800 148
2801 167
2802 169
2803 172
2804 140
2805 145
2806 168
2807 132
2808 158
2809 150
2810 127
2811 141
2812 183
2813 119
2814 116
2815 156
2816 158
2817 161
2818 171
2819 126
2820 166
2821 152
2822 171
2823 184
2824 166
2825 157
2826 158
2827 114
2828 137
2829 166
2830 166
2831 133
2832 161
2833 167
2834 134
2835 156
2836 143
2837 151
2838 115
2839 167
2840 155
2841 122
2842 174
2843 173
2844 152
2845 150
2846 134
2847 171
2848 123
2849 167
2850 154
2851 167
2852 178
2853 149
2854 121
2855 155
2856 112
2857 143
2858 129
2859 148
2860 156
2861 115
2862 136
2863 154
2864 131
2865 133
2866 112
2867 143
2868 116
2869 166
2870 119
2871 186
2872 158
2873 136
2874 156
2875 162
2876 128
2877 162
2878 130
2879 117
2880 109
2881 115
2882 147
2883 132
2884 125
2885 138
2886 141
2887 239
2888 150
2889 169
2890 138
2891 148
2892 118
2893 119
2894 136
2895 177
2896 147
2897 125
2898 206
2899 171
2900 162
2901 181
2902 112
2903 134
2904 165
2905 104
2906 133
2907 160
2908 131
2909 132
2910 158
2911 153
2912 161
2913 108
2914 135
2915 208
2916 127
2917 177
2918 136
2919 152
2920 163
2921 180
2922 159
2923 118
2924 122
2925 144
2926 162
2927 184
2928 108
2929 100
2930 103
2931 162
2932 145
2933 125
2934 155
2935 107
2936 144
2937 137
2938 117
2939 167
2940 162
2941 152
2942 137
2943 121
2944 129
2945 157
2946 168
2947 146
2948 152
2949 123
2950 158
2951 116
2952 106
2953 146
2954 146
2955 145
2956 121
2957 134
2958 113
2959 146
2960 134
2961 130
2962 185
2963 148
2964 138
2965 106
2966 169
2967 144
2968 149
2969 181
2970 105
2971 147
2972 161
2973 101
2974 156
2975 142
2976 161
2977 129
2978 117
2979 170
2980 70
2981 119
2982 117
2983 119
2984 173
2985 135
2986 155
2987 132
2988 151
2989 149
2990 150
2991 92
2992 150
2993 115
2994 160
2995 164
2996 132
2997 148
2998 160
2999 180
3000 122
3001 176
3002 144
3003 154
3004 139
3005 164
3006 111
3007 141
3008 101
3009 141
3010 173
3011 144
3012 132
3013 145
3014 159
3015 130
3016 120
3017 87
3018 111
3019 160
3020 131
3021 133
3022 172
3023 178
3024 139
3025 153
3026 121
3027 190
3028 186
3029 112
3030 194
3031 157
3032 196
3033 123
3034 190
3035 142
3036 150
3037 138
3038 82
3039 145
3040 133
3041 175
3042 152
3043 125
3044 139
3045 161
3046 149
3047 149
3048 155
3049 127
3050 148
3051 150
3052 170
3053 215
3054 101
3055 143
3056 169
3057 156
3058 126
3059 110
3060 171
3061 116
3062 123
3063 143
3064 147
3065 145
3066 156
3067 150
3068 144
3069 138
3070 120
3071 192
3072 169
3073 164
3074 125
3075 188
3076 116
3077 143
3078 111
3079 125
3080 189
3081 167
3082 102
3083 132
3084 156
3085 160
3086 159
3087 134
3088 149
3089 96
3090 119
3091 96
3092 164
3093 62
3094 170
3095 106
3096 134
3097 125
3098 168
3099 134
3100 104
3101 136
3102 131
3103 163
3104 147
3105 138
3106 144
3107 145
3108 159
3109 141
3110 218
3111 144
3112 157
3113 139
3114 132
3115 147
3116 124
3117 185
3118 110
3119 167
3120 146
3121 157
3122 106
3123 166
3124 148
3125 138
3126 141
3127 177
3128 108
3129 127
3130 139
3131 142
3132 159
3133 128
3134 138
3135 167
3136 153
3137 116
3138 140
3139 160
3140 140
3141 119
3142 155
3143 138
3144 153
3145 140
3146 154
3147 176
3148 130
3149 121
3150 178
3151 111
3152 144
3153 175
3154 150
3155 127
3156 140
3157 0
3158 131
3159 162
3160 119
3161 167
3162 130
3163 185
3164 167
3165 116
3166 158
3167 139
3168 164
3169 150
3170 162
3171 166
3172 145
3173 129
3174 121
3175 158
3176 139
3177 169
3178 150
3179 138
3180 122
3181 233
3182 195
3183 138
3184 137
3185 133
3186 128
3187 130
3188 153
3189 146
3190 148
3191 102
3192 149
3193 144
3194 150
3195 145
3196 145
3197 94
3198 140
3199 137
3200 156
3201 134
3202 137
3203 128
3204 116
3205 188
3206 140
3207 134
3208 163
3209 142
3210 121
3211 158
3212 158
3213 147
3214 152
3215 148
3216 134
3217 163
3218 129
3219 151
3220 142
3221 137
3222 138
3223 107
3224 128
3225 124
3226 173
3227 118
3228 150
3229 72
3230 145
3231 144
3232 159
3233 141
3234 120
3235 132
3236 182
3237 146
3238 172
3239 145
3240 131
3241 157
3242 155
3243 144
3244 143
3245 141
3246 138
3247 154
3248 127
3249 191
3250 193
3251 160
3252 139
3253 146
3254 98
3255 164
3256 179
3257 152
3258 120
3259 126
3260 146
3261 121
3262 147
3263 150
3264 134
3265 147
3266 150
3267 166
3268 135
3269 134
3270 147
3271 132
3272 144
3273 137
3274 171
3275 142
3276 167
3277 174
3278 93
3279 146
3280 161
3281 158
3282 152
3283 145
3284 152
3285 150
3286 135
3287 128
3288 160
3289 136
3290 118
3291 146
3292 134
3293 154
3294 168
3295 133
3296 133
3297 151
3298 156
3299 145
3300 131
3301 168
3302 165
3303 133
3304 138
3305 175
3306 152
3307 87
3308 140
3309 130
3310 165
3311 146
3312 133
3313 170
3314 99
3315 139
3316 137
3317 152
3318 159
3319 214
3320 127
3321 181
3322 94
3323 148
3324 121
3325 180
3326 120
3327 138
3328 166
3329 95
3330 151
3331 134
3332 146
3333 117
3334 129
3335 131
3336 158
3337 126
3338 158
3339 134
3340 158
3341 155
3342 148
3343 181
3344 114
3345 160
3346 161
3347 132
3348 171
3349 161
3350 142
3351 147
3352 121
3353 161
3354 129
3355 159
3356 139
3357 142
3358 149
3359 81
3360 154
3361 134
3362 129
3363 138
3364 187
3365 129
3366 127
3367 189
3368 196
3369 154
3370 178
3371 124
3372 106
3373 169
3374 127
3375 143
3376 164
3377 142
3378 139
3379 135
3380 92
3381 166
3382 143
3383 134
3384 148
3385 140
3386 114
3387 124
3388 0
3389 174
3390 153
3391 153
3392 118
3393 141
3394 144
3395 122
3396 139
3397 138
3398 110
3399 204
3400 150
3401 158
3402 147
3403 124
3404 151
3405 140
3406 125
3407 181
3408 125
3409 81
3410 171
3411 148
3412 189
3413 179
3414 137
3415 142
3416 146
3417 144
3418 137
3419 137
3420 157
3421 144
3422 138
3423 123
3424 133
3425 97
3426 148
3427 107
3428 166
3429 95
3430 187
3431 195
3432 175
3433 181
3434 145
3435 138
3436 177
3437 140
3438 138
3439 173
3440 133
3441 164
3442 148
3443 189
3444 185
3445 115
3446 137
3447 133
3448 139
3449 158
3450 119
3451 148
3452 169
3453 128
3454 142
3455 159
3456 131
3457 136
3458 115
3459 168
3460 135
3461 155
3462 172
3463 128
3464 152
3465 148
3466 184
3467 151
3468 87
3469 63
3470 125
3471 171
3472 108
3473 0
3474 126
3475 171
3476 149
3477 131
3478 88
3479 204
3480 218
3481 139
3482 164
3483 144
3484 155
3485 105
3486 138
3487 145
3488 161
3489 180
3490 179
3491 138
3492 193
3493 155
3494 157
3495 137
3496 107
3497 188
3498 163
3499 147
3500 161
3501 155
3502 128
3503 188
3504 218
3505 138
3506 172
3507 141
3508 174
3509 123
3510 135
3511 147
3512 159
3513 163
3514 125
3515 149
3516 122
3517 142
3518 138
3519 119
3520 174
3521 195
3522 130
3523 142
3524 135
3525 136
3526 130
3527 179
3528 164
3529 145
3530 132
3531 129
3532 135
3533 142
3534 184
3535 148
3536 124
3537 151
3538 163
3539 146
3540 149
3541 143
3542 137
3543 137
3544 163
3545 87
3546 183
3547 165
3548 96
3549 120
3550 123
3551 140
3552 145
3553 140
3554 99
3555 134
3556 151
3557 107
3558 122
3559 176
3560 151
3561 109
3562 160
3563 160
3564 162
3565 116
3566 162
3567 103
3568 145
3569 102
3570 148
3571 116
3572 50
3573 136
3574 137
3575 138
3576 148
3577 150
3578 146
3579 125
3580 127
3581 143
3582 131
3583 130
3584 146
3585 82
3586 163
3587 158
3588 113
3589 148
3590 147
3591 124
3592 162
3593 180
3594 111
3595 130
3596 135
3597 143
3598 184
3599 251
3600 136
3601 135
3602 95
3603 107
3604 167
3605 117
3606 143
3607 156
3608 153
3609 162
3610 128
3611 103
3612 157
3613 153
3614 126
3615 163
3616 138
3617 138
3618 180
3619 171
3620 166
3621 123
3622 159
3623 132
3624 130
3625 171
3626 114
3627 157
3628 171
3629 132
3630 146
3631 154
3632 172
3633 163
3634 115
3635 158
3636 143
3637 179
3638 188
3639 181
3640 161
3641 197
3642 165
3643 149
3644 149
3645 132
3646 170
3647 118
3648 159
3649 154
3650 128
3651 121
3652 142
3653 126
3654 150
3655 147
3656 130
3657 149
3658 168
3659 148
3660 176
3661 158
3662 128
3663 150
3664 187
3665 150
3666 131
3667 160
3668 139
3669 134
3670 165
3671 126
3672 147
3673 162
3674 168
3675 164
3676 177
3677 206
3678 167
3679 152
3680 155
3681 159
3682 138
3683 175
3684 166
3685 140
3686 154
3687 147
3688 121
3689 165
3690 150
3691 78
3692 163
3693 136
3694 198
3695 137
3696 131
3697 130
3698 157
3699 151
3700 129
3701 151
3702 142
3703 143
3704 124
3705 152
3706 137
3707 132
3708 184
3709 115
3710 131
3711 139
3712 149
3713 109
3714 129
3715 146
3716 145
3717 125
3718 152
3719 129
3720 156
3721 165
3722 138
3723 137
3724 134
3725 142
3726 167
3727 130
3728 127
3729 109
3730 172
3731 195
3732 155
3733 135
3734 151
3735 138
3736 81
3737 152
3738 117
3739 85
3740 130
3741 162
3742 173
3743 176
3744 204
3745 126
3746 142
3747 147
3748 172
3749 151
3750 154
3751 230
3752 91
3753 149
3754 138
3755 105
3756 134
3757 97
3758 157
3759 131
3760 107
3761 149
3762 145
3763 130
3764 187
3765 142
3766 157
3767 127
3768 141
3769 137
3770 126
3771 150
3772 82
3773 195
3774 148
3775 137
3776 158
3777 132
3778 143
3779 211
3780 169
3781 98
3782 108
3783 132
3784 151
3785 160
3786 146
3787 157
3788 0
3789 117
3790 184
3791 165
3792 162
3793 130
3794 182
3795 156
3796 86
3797 141
3798 138
3799 117
3800 149
3801 160
3802 141
3803 141
3804 165
3805 135
3806 135
3807 135
3808 160
3809 89
3810 203
3811 60
3812 125
3813 134
3814 111
3815 147
3816 179
3817 176
3818 172
3819 187
3820 112
3821 117
3822 175
3823 201
3824 167
3825 146
3826 156
3827 171
3828 139
3829 140
3830 191
3831 132
3832 171
3833 174
3834 140
3835 118
3836 122
3837 115
3838 108
3839 154
3840 155
3841 84
3842 127
3843 144
3844 131
3845 145
3846 129
3847 152
3848 142
3849 147
3850 146
3851 147
3852 138
3853 170
3854 144
3855 152
3856 129
3857 105
3858 187
3859 150
3860 199
3861 125
3862 134
3863 167
3864 139
3865 179
3866 135
3867 155
3868 164
3869 123
3870 184
3871 154
3872 119
3873 156
3874 118
3875 141
3876 117
3877 137
3878 136
3879 166
3880 121
3881 142
3882 128
3883 166
3884 148
3885 132
3886 149
3887 169
3888 161
3889 118
3890 130
3891 102
3892 124
3893 155
3894 164
3895 133
3896 139
3897 171
3898 150
3899 148
3900 176
3901 125
3902 127
3903 199
3904 158
3905 123
3906 147
3907 151
3908 129
3909 142
3910 138
3911 142
3912 117
3913 166
3914 169
3915 154
3916 172
3917 134
3918 156
3919 168
3920 148
3921 135
3922 136
3923 163
3924 102
3925 105
3926 105
3927 129
3928 117
3929 161
3930 137
3931 123
3932 0
3933 121
3934 185
3935 175
3936 152
3937 171
3938 148
3939 86
3940 159
3941 161
3942 113
3943 69
3944 145
3945 154
3946 146
3947 130
3948 112
3949 165
3950 199
3951 97
3952 134
3953 162
3954 135
3955 111
3956 104
3957 120
3958 146
3959 144
3960 139
3961 146
3962 150
3963 168
3964 119
3965 114
3966 174
3967 182
3968 134
3969 159
3970 94
3971 161
3972 181
3973 138
3974 114
3975 142
3976 181
3977 153
3978 178
3979 162
3980 126
3981 110
3982 113
3983 171
3984 184
3985 138
3986 137
3987 144
3988 74
3989 132
3990 126
3991 124
3992 167
3993 165
3994 121
3995 138
3996 121
3997 157
3998 144
3999 163
4000 191
4001 143
4002 127
4003 152
4004 140
4005 174
4006 127
4007 132
4008 144
4009 138
4010 167
4011 85
4012 117
4013 180
4014 168
4015 133
4016 130
4017 126
4018 144
4019 152
4020 160
4021 194
4022 126
4023 169
4024 132
4025 121
4026 163
4027 155
4028 155
4029 149
4030 183
4031 120
4032 140
4033 142
4034 141
4035 142
4036 177
4037 131
4038 165
4039 158
4040 66
4041 140
4042 148
4043 202
4044 140
4045 167
4046 178
4047 143
4048 161
4049 167
4050 133
4051 128
4052 132
4053 139
4054 138
4055 124
4056 129
4057 110
4058 148
4059 150
4060 174
4061 120
4062 132
4063 153
4064 155
4065 139
4066 163
4067 156
4068 189
4069 141
4070 176
4071 110
4072 126
4073 164
4074 121
4075 164
4076 104
4077 146
4078 51
4079 163
4080 159
4081 156
4082 133
4083 171
4084 145
4085 159
4086 135
4087 137
4088 118
4089 117
4090 123
4091 162
4092 111
4093 104
4094 176
4095 138
4096 102
4097 166
4098 141
4099 162
4100 133
4101 154
4102 153
4103 114
4104 128
4105 150
4106 95
4107 140
4108 136
4109 161
4110 147
4111 182
4112 147
4113 134
4114 145
4115 174
4116 135
4117 157
4118 153
4119 163
4120 134
4121 131
4122 109
4123 153
4124 158
4125 163
4126 140
4127 158
4128 129
4129 116
4130 123
4131 152
4132 159
4133 131
4134 126
4135 132
4136 106
4137 164
4138 176
4139 85
4140 143
4141 178
4142 104
4143 125
4144 159
4145 134
4146 132
4147 136
4148 101
4149 135
4150 166
4151 109
4152 130
4153 159
4154 134
4155 149
4156 146
4157 125
4158 161
4159 181
4160 144
4161 156
4162 128
4163 79
4164 139
4165 131
4166 120
4167 129
4168 131
4169 145
4170 152
4171 208
4172 110
4173 155
4174 139
4175 178
4176 73
4177 157
4178 178
4179 155
4180 101
4181 189
4182 152
4183 100
4184 135
4185 167
4186 164
4187 160
4188 156
4189 106
4190 180
4191 122
4192 116
4193 153
4194 117
4195 153
4196 168
4197 157
4198 105
4199 146
4200 149
4201 157
4202 172
4203 153
4204 150
4205 174
4206 124
4207 145
4208 130
4209 142
4210 141
4211 147
4212 78
4213 108
4214 154
4215 175
4216 157
4217 133
4218 148
4219 145
4220 131
4221 97
4222 140
4223 138
4224 134
4225 143
4226 134
4227 134
4228 152
4229 145
4230 201
4231 153
4232 140
4233 146
4234 100
4235 160
4236 150
4237 175
4238 149
4239 169
4240 140
4241 117
4242 135
4243 138
4244 141
4245 138
4246 157
4247 162
4248 150
4249 124
4250 151
4251 181
4252 118
4253 148
4254 151
4255 181
4256 139
4257 139
4258 142
4259 141
4260 109
4261 127
4262 136
4263 149
4264 136
4265 110
4266 162
4267 171
4268 123
4269 174
4270 139
4271 170
4272 166
4273 170
4274 210
4275 183
4276 130
4277 169
4278 133
4279 122
4280 168
4281 131
4282 111
4283 161
4284 167
4285 144
4286 97
4287 119
4288 156
4289 99
4290 173
4291 133
4292 167
4293 146
4294 174
4295 169
4296 169
4297 166
4298 112
4299 159
4300 181
4301 144
4302 98
4303 150
4304 133
4305 113
4306 160
4307 150
4308 146
4309 122
4310 181
4311 128
4312 125
4313 121
4314 140
4315 151
4316 184
4317 150
4318 162
4319 126
4320 139
4321 100
4322 157
4323 138
4324 131
4325 155
4326 153
4327 130
4328 150
4329 146
4330 125
4331 148
4332 139
4333 186
4334 144
4335 155
4336 153
4337 150
4338 179
4339 206
4340 114
4341 108
4342 37
4343 148
4344 195
4345 119
4346 143
4347 160
4348 164
4349 129
4350 139
4351 138
4352 150
4353 135
4354 168
4355 125
4356 155
4357 121
4358 125
4359 145
4360 159
4361 137
4362 125
4363 119
4364 154
4365 142
4366 202
4367 140
4368 93
4369 139
4370 134
4371 117
4372 181
4373 135
4374 137
4375 176
4376 171
4377 108
4378 92
4379 142
4380 142
4381 149
4382 134
4383 137
4384 166
4385 147
4386 146
4387 132
4388 136
4389 197
4390 191
4391 129
4392 148
4393 153
4394 162
4395 145
4396 85
4397 169
4398 111
4399 99
4400 152
4401 148
4402 144
4403 153
4404 101
4405 130
4406 167
4407 162
4408 105
4409 148
4410 174
4411 143
4412 145
4413 176
4414 118
4415 165
4416 183
4417 153
4418 154
4419 152
4420 146
4421 152
4422 168
4423 93
4424 147
4425 137
4426 162
4427 129
4428 143
4429 155
4430 154
4431 90
4432 179
4433 109
4434 80
4435 110
4436 101
4437 152
4438 152
4439 152
4440 149
4441 140
4442 143
4443 161
4444 166
4445 147
4446 142
4447 135
4448 147
4449 170
4450 133
4451 182
4452 162
4453 136
4454 164
4455 135
4456 173
4457 164
4458 126
4459 146
4460 142
4461 170
4462 146
4463 152
4464 114
4465 120
4466 180
4467 127
4468 96
4469 137
4470 130
4471 163
4472 123
4473 160
4474 120
4475 134
4476 132
4477 218
4478 143
4479 147
4480 166
4481 164
4482 133
4483 127
4484 135
4485 170
4486 150
4487 120
4488 156
4489 163
4490 164
4491 142
4492 112
4493 176
4494 146
4495 123
4496 165
4497 128
4498 169
4499 170
4500 153
4501 106
4502 100
4503 178
4504 138
4505 116
4506 127
4507 173
4508 134
4509 138
4510 150
4511 130
4512 217
4513 98
4514 198
4515 173
4516 145
4517 161
4518 132
4519 138
4520 124
4521 145
4522 177
4523 167
4524 119
4525 127
4526 133
4527 120
4528 111
4529 146
4530 183
4531 154
4532 129
4533 119
4534 153
4535 128
4536 140
4537 161
4538 127
4539 167
4540 177
4541 141
4542 154
4543 151
4544 128
4545 151
4546 158
4547 132
4548 134
4549 133
4550 135
4551 97
4552 134
4553 144
4554 135
4555 218
4556 133
4557 124
4558 141
4559 164
4560 160
4561 155
4562 130
4563 106
4564 120
4565 146
4566 149
4567 145
4568 213
4569 152
4570 119
4571 140
4572 156
4573 136
4574 153
4575 139
4576 148
4577 118
4578 154
4579 168
4580 183
4581 146
4582 126
4583 173
4584 173
4585 157
4586 169
4587 167
4588 155
4589 130
4590 137
4591 140
4592 156
4593 156
4594 165
4595 146
4596 129
4597 166
4598 164
4599 139
4600 203
4601 148
4602 125
4603 175
4604 143
4605 79
4606 176
4607 99
4608 229
4609 161
4610 112
4611 189
4612 162
4613 124
4614 182
4615 137
4616 106
4617 182
4618 124
4619 186
4620 123
4621 148
4622 164
4623 157
4624 173
4625 156
4626 128
4627 146
4628 154
4629 114
4630 148
4631 126
4632 173
4633 112
4634 99
4635 122
4636 163
4637 160
4638 141
4639 180
4640 125
4641 156
4642 154
4643 156
4644 169
4645 132
4646 168
4647 156
4648 116
4649 126
4650 155
4651 155
4652 153
4653 152
4654 165
4655 145
4656 134
4657 148
4658 157
4659 149
4660 166
4661 110
4662 172
4663 152
4664 140
4665 119
4666 145
4667 120
4668 167
4669 148
4670 143
4671 171
4672 128
4673 157
4674 147
4675 137
4676 149
4677 146
4678 107
4679 131
4680 165
4681 112
4682 125
4683 168
4684 154
4685 148
4686 153
4687 154
4688 148
4689 164
4690 157
4691 157
4692 115
4693 126
4694 193
4695 173
4696 166
4697 112
4698 136
4699 135
4700 120
4701 170
4702 126
4703 194
4704 117
4705 148
4706 151
4707 143
4708 125
4709 165
4710 150
4711 111
4712 131
4713 140
4714 161
4715 147
4716 132
4717 166
4718 118
4719 147
4720 126
4721 157
4722 141
4723 209
4724 141
4725 157
4726 115
4727 200
4728 108
4729 143
4730 163
4731 129
4732 120
4733 161
4734 148
4735 96
4736 153
4737 132
4738 127
4739 114
4740 160
4741 137
4742 149
4743 209
4744 125
4745 147
4746 148
4747 157
4748 182
4749 177
4750 198
4751 142
4752 110
4753 158
4754 197
4755 154
4756 108
4757 145
4758 150
4759 142
4760 120
4761 109
4762 145
4763 127
4764 161
4765 125
4766 138
4767 149
4768 188
4769 151
4770 155
4771 154
4772 135
4773 135
4774 92
4775 169
4776 140
4777 136
4778 135
4779 151
4780 167
4781 143
4782 170
4783 154
4784 145
4785 143
4786 81
4787 152
4788 165
4789 142
4790 170
4791 121
4792 126
4793 181
4794 127
4795 188
4796 133
4797 189
4798 103
4799 205
4800 151
4801 130
4802 158
4803 131
4804 160
4805 126
4806 142
4807 108
4808 107
4809 160
4810 136
4811 130
4812 154
4813 162
4814 139
4815 177
4816 126
4817 159
4818 147
4819 152
4820 170
4821 170
4822 95
4823 133
4824 150
4825 150
4826 173
4827 151
4828 123
4829 142
4830 148
4831 133
4832 107
4833 157
4834 147
4835 149
4836 145
4837 142
4838 151
4839 161
4840 167
4841 160
4842 148
4843 123
4844 140
4845 148
4846 169
4847 129
4848 148
4849 158
4850 88
4851 158
4852 132
4853 161
4854 144
4855 188
4856 144
4857 171
4858 96
4859 105
4860 149
4861 82
4862 196
4863 169
4864 178
4865 125
4866 130
4867 70
4868 123
4869 155
4870 125
4871 144
4872 201
4873 121
4874 155
4875 152
4876 150
4877 122
4878 145
4879 173
4880 169
4881 126
4882 146
4883 155
4884 160
4885 159
4886 139
4887 145
4888 149
4889 130
4890 140
4891 103
4892 74
4893 141
4894 151
4895 137
4896 165
4897 182
4898 132
4899 162
4900 178
4901 153
4902 202
4903 134
4904 154
4905 123
4906 119
4907 169
4908 129
4909 158
4910 166
4911 89
4912 133
4913 127
4914 150
4915 167
4916 149
4917 145
4918 195
4919 139
4920 141
4921 150
4922 161
4923 76
4924 129
4925 158
4926 156
4927 171
4928 145
4929 134
4930 140
4931 131
4932 156
4933 178
4934 134
4935 124
4936 107
4937 184
4938 138
4939 118
4940 146
4941 142
4942 162
4943 155
4944 149
4945 144
4946 148
4947 158
4948 107
4949 177
4950 119
4951 179
4952 150
4953 154
4954 151
4955 121
4956 119
4957 149
4958 100
4959 133
4960 128
4961 149
4962 112
4963 164
4964 146
4965 131
4966 148
4967 183
4968 170
4969 132
4970 188
4971 165
4972 146
4973 162
4974 158
4975 148
4976 164
4977 105
4978 151
4979 160
4980 179
4981 143
4982 154
4983 143
4984 168
4985 122
4986 119
4987 127
4988 96
4989 111
4990 146
4991 140
4992 163
4993 175
4994 175
4995 89
4996 145
4997 152
4998 127
4999 117
5000 145
5001 201
5002 141
5003 115
5004 126
5005 184
5006 145
5007 187
5008 120
5009 164
5010 153
5011 140
5012 147
5013 121
5014 135
5015 126
5016 125
5017 93
5018 135
5019 108
5020 194
5021 147
5022 169
5023 128
5024 136
5025 198
5026 103
5027 132
5028 143
5029 148
5030 89
5031 135
5032 118
5033 150
5034 141
5035 173
5036 131
5037 130
5038 144
5039 167
5040 118
5041 167
5042 141
5043 119
5044 138
5045 117
5046 170
5047 126
5048 168
5049 157
5050 129
5051 155
5052 148
5053 127
5054 133
5055 146
5056 169
5057 189
5058 159
5059 148
5060 182
5061 142
5062 160
5063 162
5064 136
5065 183
5066 154
5067 130
5068 116
5069 126
5070 139
5071 158
5072 123
5073 109
5074 152
5075 122
5076 207
5077 178
5078 195
5079 144
5080 174
5081 152
5082 115
5083 128
5084 134
5085 109
5086 191
5087 182
5088 129
5089 160
5090 108
5091 161
5092 154
5093 157
5094 156
5095 164
5096 128
5097 165
5098 129
5099 126
5100 112
5101 108
5102 171
5103 133
5104 145
5105 123
5106 165
5107 75
5108 117
5109 149
5110 181
5111 141
5112 148
5113 169
5114 118
5115 116
5116 158
5117 130
5118 123
5119 152
5120 165
5121 159
5122 200
5123 194
5124 144
5125 124
5126 147
5127 153
5128 168
5129 156
5130 114
5131 158
5132 168
5133 128
5134 160
5135 147
5136 173
5137 139
5138 182
5139 146
5140 86
5141 100
5142 154
5143 138
5144 162
5145 89
5146 134
5147 130
5148 108
5149 175
5150 217
5151 131
5152 56
5153 166
5154 136
5155 148
5156 173
5157 146
5158 156
5159 150
5160 134
5161 175
5162 161
5163 151
5164 120
5165 140
5166 98
5167 160
5168 140
5169 125
5170 135
5171 153
5172 202
5173 135
5174 64
5175 156
5176 135
5177 157
5178 131
5179 129
5180 155
5181 137
5182 165
5183 136
5184 124
5185 164
5186 152
5187 123
5188 140
5189 164
5190 126
5191 169
5192 87
5193 196
5194 119
5195 144
5196 129
5197 161
5198 133
5199 145
5200 142
5201 151
5202 137
5203 130
5204 175
5205 145
5206 138
5207 109
5208 157
5209 119
5210 130
5211 152
5212 120
5213 109
5214 153
5215 144
5216 119
5217 157
5218 125
5219 163
5220 106
5221 167
5222 173
5223 120
5224 121
5225 123
5226 203
5227 175
5228 136
5229 165
5230 107
5231 128
5232 123
5233 146
5234 130
5235 135
5236 110
5237 125
5238 187
5239 139
5240 136
5241 174
5242 151
5243 135
5244 81
5245 157
5246 115
5247 89
5248 171
5249 133
5250 155
5251 147
5252 144
5253 157
5254 137
5255 79
5256 170
5257 147
5258 103
5259 151
5260 154
5261 133
5262 182
5263 163
5264 151
5265 171
5266 127
5267 151
5268 105
5269 146
5270 131
5271 153
5272 139
5273 149
5274 127
5275 139
5276 138
5277 148
5278 169
5279 119
5280 139
5281 165
5282 154
5283 131
5284 173
5285 141
5286 176
5287 128
5288 155
5289 180
5290 158
5291 145
5292 228
5293 130
5294 143
5295 142
5296 162
5297 149
5298 159
5299 145
5300 137
5301 168
5302 154
5303 136
5304 192
5305 146
5306 146
5307 136
5308 187
5309 115
5310 139
5311 139
5312 195
5313 152
5314 153
5315 168
5316 140
5317 143
5318 152
5319 113
5320 104
5321 143
5322 137
5323 196
5324 141
5325 136
5326 133
5327 150
5328 149
5329 147
5330 116
5331 154
5332 130
5333 175
5334 175
5335 152
5336 153
5337 143
5338 176
5339 139
5340 146
5341 156
5342 175
5343 144
5344 167
5345 136
5346 153
5347 151
5348 168
5349 153
5350 135
5351 162
5352 169
5353 144
5354 155
5355 167
5356 126
5357 144
5358 152
5359 134
5360 178
5361 161
5362 98
5363 157
5364 131
5365 157
5366 127
5367 137
5368 155
5369 161
5370 138
5371 160
5372 145
5373 226
5374 165
5375 119
5376 81
5377 118
5378 152
5379 183
5380 118
5381 130
5382 153
5383 118
5384 108
5385 130
5386 92
5387 133
5388 114
5389 129
5390 162
5391 150
5392 126
5393 126
5394 193
5395 175
5396 138
5397 134
5398 167
5399 141
5400 179
5401 132
5402 132
5403 136
5404 145
5405 136
5406 147
5407 137
5408 112
5409 154
5410 180
5411 118
5412 127
5413 78
5414 141
5415 160
5416 155
5417 143
5418 160
5419 135
5420 131
5421 151
5422 94
5423 141
5424 123
5425 164
5426 125
5427 108
5428 162
5429 94
5430 139
5431 163
5432 146
5433 147
5434 137
5435 140
5436 213
5437 178
5438 130
5439 173
5440 161
5441 155
5442 126
5443 128
5444 109
5445 118
5446 150
5447 156
5448 208
5449 181
5450 139
5451 170
5452 148
5453 130
5454 144
5455 132
5456 147
5457 153
5458 109
5459 169
5460 106
5461 131
5462 107
5463 42
5464 144
5465 118
5466 185
5467 126
5468 173
5469 110
5470 144
5471 148
5472 134
5473 112
5474 118
5475 162
5476 145
5477 119
5478 143
5479 133
5480 152
5481 163
5482 151
5483 127
5484 96
5485 138
5486 148
5487 184
5488 148
5489 129
5490 136
5491 178
5492 156
5493 131
5494 139
5495 177
5496 158
5497 134
5498 138
5499 171
5500 118
5501 109
5502 119
5503 156
5504 129
5505 166
5506 151
5507 197
5508 144
5509 136
5510 145
5511 163
5512 138
5513 130
5514 166
5515 116
5516 151
5517 152
5518 155
5519 145
5520 203
5521 102
5522 169
5523 208
5524 184
5525 151
5526 135
5527 106
5528 181
5529 211
5530 128
5531 138
5532 113
5533 124
5534 159
5535 148
5536 143
5537 130
5538 123
5539 127
5540 123
5541 134
5542 170
5543 122
5544 180
5545 137
5546 118
5547 158
5548 154
5549 149
5550 173
5551 165
5552 152
5553 121
5554 158
5555 136
5556 125
5557 122
5558 139
5559 125
5560 133
5561 161
5562 153
5563 132
5564 167
5565 179
5566 130
5567 125
5568 154
5569 160
5570 140
5571 162
5572 88
5573 146
5574 163
5575 127
5576 139
5577 113
5578 154
5579 72
5580 160
5581 155
5582 148
5583 119
5584 134
5585 162
5586 193
5587 159
5588 176
5589 174
5590 124
5591 177
5592 150
5593 159
5594 180
5595 156
5596 134
5597 117
5598 135
5599 151
5600 152
5601 167
5602 152
5603 129
5604 165
5605 105
5606 144
5607 68
5608 200
5609 98
5610 125
5611 169
5612 175
5613 96
5614 188
5615 116
5616 149
5617 138
5618 111
5619 179
5620 140
5621 81
5622 153
5623 149
5624 114
5625 162
5626 110
5627 135
5628 155
5629 123
5630 131
5631 157
5632 122
5633 161
5634 156
5635 162
5636 172
5637 138
5638 138
5639 153
5640 128
5641 167
5642 124
5643 132
5644 163
5645 177
5646 96
5647 122
5648 167
5649 169
5650 151
5651 138
5652 92
5653 162
5654 139
5655 151
5656 122
5657 189
5658 165
5659 184
5660 108
5661 129
5662 192
5663 183
5664 179
5665 140
5666 124
5667 140
5668 173
5669 167
5670 158
5671 134
5672 117
5673 158
5674 158
5675 125
5676 139
5677 164
5678 153
5679 186
5680 178
5681 118
5682 178
5683 155
5684 176
5685 124
5686 73
5687 159
5688 112
5689 140
5690 141
5691 160
5692 169
5693 172
5694 137
5695 178
5696 178
5697 175
5698 123
5699 96
5700 146
5701 127
5702 128
5703 135
5704 126
5705 157
5706 148
5707 120
5708 135
5709 106
5710 105
5711 142
5712 152
5713 109
5714 184
5715 150
5716 123
5717 255
5718 179
5719 122
5720 192
5721 151
5722 169
5723 153
5724 153
5725 128
5726 164
5727 130
5728 150
5729 150
5730 136
5731 182
5732 146
5733 131
5734 164
5735 153
5736 68
5737 162
5738 131
5739 129
5740 164
5741 97
5742 127
5743 172
5744 128
5745 106
5746 124
5747 136
5748 133
5749 159
5750 177
5751 147
5752 128
5753 149
5754 111
5755 129
5756 141
5757 139
5758 147
5759 121
5760 156
5761 151
5762 165
5763 165
5764 143
5765 177
5766 114
5767 66
5768 158
5769 122
5770 149
5771 183
5772 163
5773 133
5774 108
5775 193
5776 136
5777 106
5778 115
5779 184
5780 127
5781 168
5782 154
5783 175
5784 153
5785 218
5786 154
5787 183
5788 170
5789 148
5790 166
5791 117
5792 118
5793 188
5794 171
5795 145
5796 135
5797 159
5798 136
5799 122
5800 127
5801 135
5802 133
5803 118
5804 206
5805 164
5806 160
5807 124
5808 128
5809 150
5810 101
5811 187
5812 129
5813 124
5814 121
5815 155
5816 144
5817 146
5818 128
5819 153
5820 126
5821 121
5822 95
5823 184
5824 96
5825 14
5826 99
5827 117
5828 109
5829 146
5830 178
5831 176
5832 113
5833 170
5834 148
5835 174
5836 180
5837 186
5838 140
5839 114
5840 152
5841 162
5842 134
5843 167
5844 125
5845 121
5846 148
5847 157
5848 118
5849 165
5850 191
5851 143
5852 154
5853 162
5854 200
5855 151
5856 147
5857 157
5858 145
5859 111
5860 186
5861 168
5862 101
5863 130
5864 143
5865 122
5866 126
5867 146
5868 83
5869 154
5870 173
5871 100
5872 138
5873 158
5874 125
5875 128
5876 126
5877 133
5878 153
5879 168
5880 152
5881 100
5882 122
5883 107
5884 158
5885 138
5886 150
5887 175
5888 139
5889 118
5890 143
5891 141
5892 172
5893 173
5894 142
5895 164
5896 122
5897 149
5898 190
5899 142
5900 123
5901 197
5902 213
5903 104
5904 157
5905 61
5906 166
5907 185
5908 97
5909 143
5910 179
5911 196
5912 186
5913 154
5914 160
5915 164
5916 190
5917 181
5918 119
5919 166
5920 143
5921 125
5922 163
5923 144
5924 93
5925 136
5926 149
5927 136
5928 154
5929 128
5930 122
5931 114
5932 191
5933 131
5934 128
5935 143
5936 134
5937 169
5938 152
5939 211
5940 168
5941 226
5942 145
5943 135
5944 150
5945 144
5946 163
5947 182
5948 120
5949 141
5950 153
5951 176
5952 150
5953 157
5954 156
5955 159
5956 183
5957 136
5958 140
5959 127
5960 202
5961 130
5962 151
5963 117
5964 151
5965 152
5966 118
5967 140
5968 151
5969 153
5970 153
5971 98
5972 130
5973 171
5974 183
5975 194
5976 134
5977 143
5978 155
5979 143
5980 157
5981 155
5982 129
5983 152
5984 131
5985 131
5986 154
5987 111
5988 151
5989 161
5990 132
5991 148
5992 126
5993 109
5994 128
5995 112
5996 148
5997 154
5998 138
5999 145
6000 133
6001 150
6002 144
6003 165
6004 154
6005 144
6006 130
6007 219
6008 138
6009 137
6010 80
6011 149
6012 173
6013 136
6014 122
6015 110
6016 135
6017 171
6018 128
6019 147
6020 166
6021 136
6022 105
6023 84
6024 127
6025 143
6026 149
6027 154
6028 133
6029 155
6030 142
6031 141
6032 126
6033 135
6034 152
6035 159
6036 123
6037 101
6038 151
6039 120
6040 132
6041 119
6042 204
6043 186
6044 163
6045 116
6046 148
6047 146
6048 122
6049 136
6050 154
6051 121
6052 148
6053 145
6054 149
6055 161
6056 134
6057 131
6058 167
6059 169
6060 157
6061 186
6062 137
6063 179
6064 165
6065 176
6066 120
6067 120
6068 164
6069 121
6070 93
6071 155
6072 135
6073 138
6074 169
6075 147
6076 150
6077 129
6078 152
6079 203
6080 158
6081 112
6082 178
6083 141
6084 146
6085 119
6086 180
6087 146
6088 113
6089 89
6090 150
6091 160
6092 106
6093 161
6094 166
6095 125
6096 152
6097 117
6098 114
6099 169
6100 150
6101 149
6102 161
6103 147
6104 183
6105 103
6106 148
6107 163
6108 157
6109 136
6110 161
6111 127
6112 152
6113 165
6114 79
6115 169
6116 108
6117 147
6118 140
6119 127
6120 126
6121 129
6122 176
6123 135
6124 135
6125 114
6126 150
6127 130
6128 183
6129 139
6130 169
6131 153
6132 162
6133 165
6134 169
6135 164
6136 150
6137 124
6138 146
6139 146
6140 104
6141 152
6142 105
6143 120
6144 194
6145 120
6146 134
6147 165
6148 134
6149 108
6150 155
6151 150
6152 169
6153 104
6154 148
6155 148
6156 121
6157 167
6158 164
6159 139
6160 136
6161 148
6162 138
6163 164
6164 148
6165 161
6166 104
6167 149
6168 169
6169 159
6170 129
6171 126
6172 154
6173 136
6174 161
6175 141
6176 229
6177 189
6178 128
6179 156
6180 149
6181 121
6182 112
6183 146
6184 80
6185 57
6186 148
6187 136
6188 162
6189 142
6190 123
6191 167
6192 149
6193 137
6194 133
6195 114
6196 124
6197 157
6198 239
6199 142
6200 141
6201 149
6202 153
6203 157
6204 131
6205 154
6206 161
6207 162
6208 128
6209 129
6210 128
6211 177
6212 157
6213 205
6214 146
6215 141
6216 82
6217 113
6218 152
6219 145
6220 198
6221 182
6222 143
6223 147
6224 146
6225 112
6226 149
6227 97
6228 149
6229 143
6230 133
6231 169
6232 142
6233 219
6234 168
6235 143
6236 153
6237 171
6238 169
6239 126
6240 125
6241 115
6242 135
6243 134
6244 149
6245 108
6246 149
6247 134
6248 170
6249 115
6250 187
6251 149
6252 158
6253 197
6254 86
6255 192
6256 134
6257 156
6258 131
6259 120
6260 136
6261 174
6262 237
6263 141
6264 106
6265 126
6266 143
6267 253
6268 132
6269 225
6270 153
6271 121
6272 152
6273 114
6274 84
6275 137
6276 94
6277 140
6278 101
6279 130
6280 140
6281 121
6282 171
6283 148
6284 153
6285 107
6286 152
6287 147
6288 116
6289 150
6290 138
6291 142
6292 122
6293 118
6294 131
6295 97
6296 121
6297 150
6298 124
6299 149
6300 181
6301 135
6302 210
6303 148
6304 154
6305 126
6306 136
6307 146
6308 93
6309 166
6310 149
6311 124
6312 163
6313 158
6314 161
6315 168
6316 136
6317 122
6318 138
6319 141
6320 160
6321 132
6322 134
6323 146
6324 177
6325 139
6326 162
6327 138
6328 173
6329 152
6330 145
6331 108
6332 148
6333 139
6334 239
6335 143
6336 153
6337 156
6338 149
6339 137
6340 150
6341 121
6342 159
6343 132
6344 144
6345 137
6346 150
6347 161
6348 160
6349 146
6350 130
6351 177
6352 149
6353 164
6354 145
6355 138
6356 147
6357 152
6358 160
6359 127
6360 209
6361 96
6362 81
6363 154
6364 88
6365 150
6366 177
6367 164
6368 106
6369 132
6370 173
6371 151
6372 211
6373 133
6374 211
6375 205
6376 158
6377 182
6378 131
6379 152
6380 110
6381 134
6382 110
6383 137
6384 142
6385 141
6386 127
6387 97
6388 127
6389 203
6390 146
6391 147
6392 155
6393 172
6394 167
6395 170
6396 191
6397 129
6398 176
6399 185
6400 133
6401 139
6402 121
6403 72
6404 96
6405 142
6406 201
6407 178
6408 178
6409 150
6410 84
6411 178
6412 166
6413 166
6414 124
6415 134
6416 128
6417 150
6418 138
6419 118
6420 160
6421 139
6422 167
6423 137
6424 112
6425 144
6426 92
6427 131
6428 141
6429 160
6430 145
6431 115
6432 135
6433 155
6434 148
6435 117
6436 172
6437 150
6438 150
6439 146
6440 153
6441 207
6442 145
6443 154
6444 143
6445 122
6446 168
6447 162
6448 108
6449 161
6450 151
6451 103
6452 128
6453 171
6454 157
6455 117
6456 61
6457 156
6458 151
6459 169
6460 184
6461 133
6462 152
6463 191
6464 183
6465 162
6466 111
6467 139
6468 124
6469 160
6470 139
6471 153
6472 158
6473 163
6474 124
6475 185
6476 144
6477 170
6478 152
6479 116
6480 177
6481 111
6482 146
6483 146
6484 122
6485 193
6486 112
6487 141
6488 140
6489 170
6490 135
6491 154
6492 140
6493 109
6494 147
6495 162
6496 153
6497 162
6498 133
6499 175
6500 149
6501 137
6502 117
6503 152
6504 192
6505 150
6506 141
6507 122
6508 140
6509 145
6510 175
6511 152
6512 142
6513 152
6514 123
6515 144
6516 158
6517 149
6518 136
6519 137
6520 133
6521 106
6522 150
6523 143
6524 124
6525 144
6526 126
6527 121
6528 144
6529 118
6530 130
6531 208
6532 138
6533 154
6534 129
6535 158
6536 175
6537 107
6538 125
6539 137
6540 176
6541 156
6542 139
6543 217
6544 155
6545 129
6546 161
6547 143
6548 136
6549 122
6550 116
6551 160
6552 168
6553 118
6554 144
6555 142
6556 127
6557 139
6558 137
6559 148
6560 136
6561 152
6562 116
6563 155
6564 138
6565 130
6566 174
6567 158
6568 130
6569 137
6570 144
6571 157
6572 106
6573 151
6574 195
6575 174
6576 85
6577 173
6578 156
6579 138
6580 153
6581 180
6582 125
6583 142
6584 119
6585 114
6586 134
6587 142
6588 126
6589 152
6590 154
6591 162
6592 147
6593 136
6594 120
6595 173
6596 121
6597 110
6598 142
6599 165
6600 153
6601 125
6602 127
6603 167
6604 187
6605 113
6606 138
6607 138
6608 161
6609 116
6610 150
6611 149
6612 201
6613 124
6614 142
6615 167
6616 166
6617 93
6618 183
6619 68
6620 158
6621 175
6622 96
6623 123
6624 159
6625 137
6626 140
6627 150
6628 164
6629 131
6630 149
6631 158
6632 134
6633 119
6634 122
6635 104
6636 142
6637 99
6638 176
6639 133
6640 181
6641 123
6642 145
6643 167
6644 159
6645 145
6646 134
6647 183
6648 124
6649 135
6650 174
6651 125
6652 120
6653 154
6654 176
6655 149
6656 194
6657 146
6658 151
6659 156
6660 168
6661 145
6662 123
6663 136
6664 123
6665 172
6666 145
6667 181
6668 135
6669 126
6670 105
6671 146
6672 132
6673 167
6674 163
6675 109
6676 134
6677 152
6678 141
6679 135
6680 118
6681 148
6682 165
6683 157
6684 186
6685 173
6686 149
6687 87
6688 154
6689 162
6690 153
6691 142
6692 154
6693 114
6694 132
6695 162
6696 197
6697 145
6698 158
6699 137
6700 156
6701 141
6702 122
6703 155
6704 169
6705 117
6706 128
6707 114
6708 129
6709 128
6710 135
6711 84
6712 174
6713 148
6714 110
6715 98
6716 202
6717 103
6718 126
6719 136
6720 138
6721 121
6722 145
6723 141
6724 132
6725 171
6726 106
6727 159
6728 130
6729 139
6730 123
6731 156
6732 95
6733 139
6734 123
6735 131
6736 165
6737 134
6738 95
6739 151
6740 165
6741 152
6742 180
6743 130
6744 137
6745 151
6746 153
6747 134
6748 152
6749 173
6750 152
6751 122
6752 193
6753 164
6754 150
6755 156
6756 134
6757 174
6758 91
6759 143
6760 131
6761 194
6762 111
6763 152
6764 124
6765 141
6766 199
6767 151
6768 126
6769 199
6770 174
6771 98
6772 202
6773 137
6774 120
6775 82
6776 105
6777 118
6778 94
6779 125
6780 115
6781 162
6782 146
6783 156
6784 165
6785 150
6786 148
6787 130
6788 150
6789 127
6790 95
6791 109
6792 99
6793 131
6794 182
6795 144
6796 148
6797 143
6798 128
6799 142
