Vertices: 7500
Edges: 52500
Time: 1,912 ms
Iterations: 52460
Vertex Distance
0 0
1 126
2 177
3 169
4 186
5 141
6 184
7 109
8 166
9 191
10 152
11 160
12 166
13 107
14 117
15 101
16 183
17 141
18 184
19 140
20 135
21 118
22 142
23 93
24 119
25 145
26 138
27 151
28 130
29 208
30 137
31 108
32 0
33 103
34 162
35 149
36 123
37 205
38 106
39 159
40 195
41 138
42 179
43 142
44 168
45 152
46 131
47 159
48 170
49 129
50 120
51 154
52 102
53 125
54 165
55 136
56 138
57 172
58 173
59 146
60 147
61 210
62 159
63 109
64 166
65 134
66 181
67 120
68 133
69 94
70 160
71 115
72 82
73 133
74 163
75 170
76 134
77 136
78 177
79 112
80 167
81 120
82 150
83 170
84 122
85 151
86 176
87 165
88 152
89 126
90 130
91 145
92 129
93 184
94 163
95 163
96 127
97 133
98 153
99 126
100 104
101 150
102 138
103 182
104 162
105 163
106 146
107 124
108 153
109 133
110 145
111 152
112 113
113 194
114 139
115 170
116 116
117 96
118 167
119 115
120 152
121 136
122 147
123 139
124 161
125 153
126 133
127 153
128 133
129 181
130 242
131 130
132 241
133 107
134 142
135 121
136 140
137 163
138 162
139 134
140 144
141 175
142 143
143 174
144 139
145 163
146 142
147 165
148 113
149 97
150 122
151 131
152 184
153 154
154 135
155 146
156 213
157 136
158 160
159 135
160 180
161 115
162 135
163 149
164 146
165 125
166 141
167 134
168 175
169 102
170 105
171 166
172 162
173 154
174 159
175 125
176 144
177 138
178 131
179 81
180 147
181 158
182 203
183 115
184 133
185 140
186 169
187 163
188 147
189 157
190 144
191 139
192 116
193 157
194 116
195 138
196 169
197 127
198 143
199 170
200 28
201 161
202 71
203 176
204 157
205 112
206 162
207 156
208 220
209 171
210 114
211 106
212 111
213 141
214 204
215 117
216 132
217 165
218 118
219 158
220 137
221 168
222 168
223 153
224 144
225 206
226 134
227 154
228 142
229 116
230 95
231 151
232 151
233 149
234 176
235 180
236 127
237 153
238 154
239 194
240 155
241 124
242 164
243 117
244 134
245 121
246 140
247 137
248 137
249 149
250 120
251 136
252 192
253 130
254 135
255 111
256 117
257 170
258 97
259 158
260 88
261 136
262 129
263 112
264 145
265 173
266 122
267 152
268 162
269 164
270 114
271 128
272 98
273 118
274 142
275 150
276 182
277 134
278 228
279 187
280 171
281 153
282 126
283 148
284 136
285 113
286 150
287 121
288 190
289 85
290 162
291 138
292 95
293 124
294 167
295 149
296 125
297 165
298 141
299 147
300 152
301 118
302 176
303 153
304 159
305 177
306 152
307 166
308 86
309 159
310 138
311 148
312 133
313 123
314 158
315 178
316 116
317 147
318 139
319 125
320 147
321 140
322 186
323 171
324 153
325 141
326 158
327 173
328 172
329 161
330 135
331 106
332 142
333 179
334 92
335 154
336 86
337 156
338 147
339 222
340 188
341 170
342 197
343 168
344 97
345 131
346 138
347 154
348 166
349 116
350 161
351 210
352 156
353 99
354 161
355 137
356 122
357 136
358 140
359 201
360 126
361 182
362 82
363 193
364 118
365 154
366 146
367 184
368 141
369 118
370 139
371 109
372 136
373 95
374 147
375 134
376 165
377 125
378 150
379 149
380 175
381 142
382 98
383 140
384 169
385 143
386 162
387 157
388 178
389 146
390 155
391 105
392 129
393 145
394 138
395 60
396 163
397 136
398 170
399 183
400 165
401 114
402 139
403 129
404 151
405 160
406 140
407 178
408 105
409 129
410 161
411 138
412 150
413 119
414 130
415 188
416 225
417 157
418 182
419 139
420 121
421 138
422 176
423 152
424 154
425 115
426 136
427 121
428 148
429 177
430 158
431 133
432 130
433 126
434 106
435 115
436 131
437 137
438 148
439 168
440 148
441 145
442 127
443 147
444 153
445 173
446 133
447 160
448 124
449 166
450 106
451 102
452 210
453 141
454 160
455 82
456 138
457 153
458 157
459 106
460 132
461 146
462 142
463 149
464 176
465 112
466 126
467 142
468 160
469 164
470 168
471 180
472 138
473 157
474 148
475 140
476 121
477 146
478 148
479 199
480 132
481 157
482 140
483 117
484 121
485 186
486 97
487 184
488 181
489 152
490 131
491 135
492 142
493 168
494 149
495 162
496 163
497 109
498 142
499 153
500 148
501 158
502 144
503 147
504 132
505 172
506 120
507 134
508 178
509 158
510 146
511 179
512 145
513 148
514 149
515 199
516 110
517 173
518 139
519 115
520 132
521 138
522 139
523 153
524 134
525 189
526 145
527 140
528 192
529 199
530 160
531 122
532 141
533 142
534 130
535 135
536 198
537 140
538 156
539 136
540 162
541 113
542 177
543 101
544 185
545 158
546 138
547 137
548 182
549 155
550 127
551 124
552 137
553 129
554 152
555 150
556 129
557 177
558 153
559 153
560 163
561 142
562 157
563 166
564 191
565 144
566 106
567 158
568 140
569 134
570 149
571 156
572 131
573 152
574 175
575 118
576 90
577 180
578 129
579 195
580 139
581 147
582 106
583 156
584 159
585 197
586 188
587 144
588 121
589 176
590 177
591 131
592 138
593 142
594 107
595 169
596 119
597 177
598 82
599 153
600 166
601 102
602 168
603 135
604 138
605 209
606 156
607 111
608 122
609 140
610 154
611 143
612 139
613 159
614 141
615 166
616 178
617 163
618 161
619 112
620 123
621 139
622 201
623 146
624 122
625 169
626 144
627 149
628 138
629 149
630 167
631 117
632 160
633 157
634 119
635 123
636 151
637 70
638 178
639 150
640 97
641 150
642 127
643 129
644 132
645 172
646 164
647 106
648 160
649 202
650 157
651 164
652 155
653 207
654 137
655 152
656 137
657 134
658 136
659 212
660 127
661 208
662 160
663 186
664 136
665 167
666 158
667 102
668 170
669 190
670 135
671 201
672 149
673 119
674 161
675 162
676 148
677 138
678 152
679 126
680 119
681 151
682 128
683 160
684 175
685 146
686 169
687 154
688 145
689 151
690 184
691 127
692 135
693 139
694 126
695 126
696 121
697 183
698 139
699 195
700 191
701 130
702 148
703 135
704 119
705 36
706 164
707 136
708 102
709 183
710 156
711 133
712 146
713 111
714 98
715 135
716 141
717 179
718 126
719 116
720 122
721 134
722 151
723 163
724 97
725 136
726 178
727 202
728 169
729 139
730 142
731 153
732 168
733 98
734 173
735 121
736 163
737 144
738 140
739 97
740 137
741 131
742 162
743 192
744 148
745 161
746 156
747 186
748 164
749 118
750 136
751 192
752 135
753 136
754 158
755 159
756 113
757 148
758 172
759 127
760 92
761 147
762 166
763 148
764 99
765 132
766 188
767 105
768 188
769 167
770 154
771 176
772 164
773 131
774 130
775 175
776 115
777 154
778 163
779 164
780 154
781 144
782 137
783 196
784 123
785 211
786 133
787 186
788 104
789 133
790 151
791 120
792 167
793 136
794 88
795 144
796 193
797 150
798 122
799 161
800 168
801 153
802 118
803 143
804 131
805 129
806 211
807 163
808 129
809 157
810 90
811 38
812 120
813 139
814 121
815 89
816 176
817 203
818 170
819 133
820 150
821 117
822 96
823 167
824 150
825 139
826 157
827 132
828 152
829 99
830 148
831 152
832 170
833 84
834 180
835 174
836 114
837 136
838 166
839 101
840 142
841 87
842 123
843 178
844 149
845 174
846 162
847 166
848 147
849 118
850 146
851 108
852 118
853 130
854 166
855 126
856 136
857 188
858 144
859 149
860 122
861 130
862 113
863 104
864 166
865 135
866 161
867 114
868 130
869 138
870 215
871 171
872 112
873 154
874 138
875 138
876 169
877 125
878 175
879 119
880 112
881 120
882 175
883 156
884 149
885 182
886 127
887 152
888 26
889 158
890 145
891 141
892 144
893 154
894 121
895 197
896 157
897 161
898 167
899 141
900 161
901 142
902 139
903 126
904 179
905 173
906 134
907 153
908 140
909 132
910 122
911 128
912 115
913 133
914 76
915 134
916 152
917 157
918 148
919 172
920 158
921 153
922 146
923 138
924 154
925 156
926 151
927 144
928 125
929 217
930 144
931 154
932 182
933 117
934 148
935 89
936 177
937 156
938 132
939 129
940 133
941 162
942 58
943 144
944 189
945 167
946 135
947 162
948 97
949 170
950 147
951 134
952 148
953 177
954 156
955 163
956 171
957 162
958 151
959 130
960 128
961 158
962 137
963 170
964 161
965 138
966 147
967 129
968 114
969 124
970 133
971 175
972 140
973 161
974 133
975 81
976 155
977 129
978 101
979 153
980 123
981 167
982 115
983 144
984 135
985 133
986 185
987 146
988 135
989 99
990 108
991 148
992 115
993 111
994 150
995 147
996 143
997 96
998 157
999 154
1000 135
1001 141
1002 178
1003 150
1004 120
1005 191
1006 144
1007 120
1008 224
1009 150
1010 171
1011 145
1012 155
1013 155
1014 115
1015 147
1016 144
1017 151
1018 164
1019 164
1020 101
1021 165
1022 162
1023 138
1024 185
1025 120
1026 138
1027 159
1028 120
1029 119
1030 103
1031 127
1032 161
1033 108
1034 127
1035 104
1036 166
1037 164
1038 152
1039 131
1040 149
1041 121
1042 169
1043 197
1044 153
1045 116
1046 157
1047 128
1048 148
1049 120
1050 167
1051 153
1052 173
1053 147
1054 145
1055 157
1056 147
1057 126
1058 160
1059 145
1060 130
1061 144
1062 127
1063 160
1064 143
1065 111
1066 119
1067 155
1068 119
1069 122
1070 186
1071 148
1072 129
1073 97
1074 125
1075 128
1076 159
1077 145
1078 153
1079 201
1080 148
1081 201
1082 142
1083 125
1084 179
1085 167
1086 133
1087 143
1088 123
1089 128
1090 149
1091 163
1092 181
1093 128
1094 138
1095 145
1096 142
1097 185
1098 191
1099 124
1100 149
1101 144
1102 118
1103 155
1104 186
1105 167
1106 157
1107 159
1108 131
1109 171
1110 176
1111 199
1112 115
1113 128
1114 154
1115 110
1116 184
1117 111
1118 149
1119 149
1120 86
1121 110
1122 194
1123 161
1124 172
1125 176
1126 151
1127 172
1128 195
1129 92
1130 139
1131 115
1132 191
1133 202
1134 133
1135 152
1136 131
1137 110
1138 132
1139 112
1140 149
1141 137
1142 112
1143 160
1144 136
1145 143
1146 159
1147 145
1148 150
1149 102
1150 113
1151 155
1152 155
1153 171
1154 136
1155 134
1156 178
1157 135
1158 151
1159 117
1160 203
1161 91
1162 156
1163 178
1164 133
1165 118
1166 176
1167 72
1168 78
1169 140
1170 114
1171 159
1172 163
1173 192
1174 84
1175 144
1176 147
1177 147
1178 139
1179 171
1180 140
1181 138
1182 156
1183 116
1184 138
1185 126
1186 138
1187 142
1188 169
1189 191
1190 147
1191 99
1192 159
1193 145
1194 137
1195 159
1196 150
1197 143
1198 155
1199 91
1200 178
1201 149
1202 169
1203 159
1204 171
1205 114
1206 205
1207 176
1208 164
1209 170
1210 118
1211 141
1212 120
1213 146
1214 148
1215 158
1216 167
1217 142
1218 80
1219 117
1220 130
1221 89
1222 142
1223 113
1224 142
1225 93
1226 94
1227 256
1228 146
1229 144
1230 162
1231 166
1232 176
1233 128
1234 144
1235 139
1236 150
1237 135
1238 131
1239 156
1240 154
1241 184
1242 180
1243 127
1244 133
1245 136
1246 155
1247 147
1248 160
1249 140
1250 135
1251 164
1252 120
1253 160
1254 166
1255 168
1256 142
1257 182
1258 129
1259 190
1260 161
1261 158
1262 131
1263 111
1264 163
1265 164
1266 178
1267 146
1268 179
1269 147
1270 143
1271 111
1272 129
1273 191
1274 110
1275 161
1276 168
1277 173
1278 125
1279 128
1280 113
1281 135
1282 208
1283 154
1284 143
1285 144
1286 143
1287 156
1288 134
1289 133
1290 147
1291 139
1292 151
1293 160
1294 154
1295 96
1296 152
1297 80
1298 149
1299 167
1300 149
1301 139
1302 138
1303 207
1304 193
1305 180
1306 140
1307 135
1308 137
1309 125
1310 142
1311 152
1312 119
1313 168
1314 135
1315 155
1316 191
1317 183
1318 123
1319 147
1320 154
1321 125
1322 140
1323 190
1324 146
1325 144
1326 138
1327 173
1328 158
1329 143
1330 129
1331 142
1332 171
1333 205
1334 111
1335 112
1336 99
1337 109
1338 136
1339 131
1340 175
1341 205
1342 132
1343 148
1344 136
1345 144
1346 146
1347 130
1348 144
1349 138
1350 154
1351 190
1352 210
1353 150
1354 162
1355 123
1356 143
1357 176
1358 177
1359 151
1360 119
1361 143
1362 138
1363 178
1364 104
1365 133
1366 103
1367 78
1368 126
1369 116
1370 128
1371 144
1372 181
1373 111
1374 115
1375 119
1376 155
1377 189
1378 160
1379 233
1380 139
1381 146
1382 137
1383 136
1384 148
1385 200
1386 148
1387 139
1388 127
1389 155
1390 176
1391 146
1392 157
1393 132
1394 128
1395 158
1396 140
1397 236
1398 158
1399 145
1400 144
1401 152
1402 141
1403 127
1404 156
1405 143
1406 167
1407 160
1408 162
1409 155
1410 125
1411 161
1412 170
1413 146
1414 159
1415 154
1416 184
1417 147
1418 147
1419 103
1420 174
1421 167
1422 155
1423 29
1424 141
1425 156
1426 128
1427 92
1428 121
1429 143
1430 134
1431 120
1432 147
1433 130
1434 144
1435 100
1436 148
1437 142
1438 165
1439 113
1440 136
1441 129
1442 160
1443 159
1444 152
1445 126
1446 158
1447 125
1448 182
1449 132
1450 115
1451 159
1452 147
1453 158
1454 243
1455 135
1456 114
1457 188
1458 156
1459 135
1460 139
1461 92
1462 148
1463 182
1464 131
1465 167
1466 131
1467 130
1468 204
1469 91
1470 158
1471 152
1472 121
1473 178
1474 74
1475 166
1476 126
1477 185
1478 146
1479 182
1480 128
1481 170
1482 137
1483 158
1484 150
1485 164
1486 147
1487 163
1488 156
1489 111
1490 129
1491 115
1492 133
1493 152
1494 137
1495 120
1496 186
1497 143
1498 142
1499 188
1500 144
1501 120
1502 128
1503 135
1504 164
1505 145
1506 115
1507 120
1508 108
1509 150
1510 116
1511 154
1512 125
1513 146
1514 104
1515 111
1516 164
1517 133
1518 159
1519 148
1520 163
1521 97
1522 160
1523 159
1524 175
1525 149
1526 155
1527 148
1528 150
1529 109
1530 93
1531 135
1532 127
1533 139
1534 151
1535 0
1536 187
1537 152
1538 116
1539 117
1540 141
1541 167
1542 132
1543 129
1544 152
1545 162
1546 139
1547 103
1548 139
1549 111
1550 134
1551 196
1552 137
1553 190
1554 155
1555 126
1556 145
1557 44
1558 111
1559 117
1560 203
1561 136
1562 125
1563 196
1564 136
1565 120
1566 122
1567 157
1568 132
1569 142
1570 156
1571 119
1572 154
1573 119
1574 141
1575 221
1576 104
1577 154
1578 118
1579 180
1580 133
1581 38
1582 145
1583 164
1584 131
1585 198
1586 140
1587 130
1588 147
1589 121
1590 152
1591 188
1592 162
1593 150
1594 176
1595 158
1596 149
1597 132
1598 121
1599 180
1600 174
1601 115
1602 147
1603 202
1604 140
1605 116
1606 130
1607 140
1608 130
1609 146
1610 116
1611 146
1612 218
1613 141
1614 162
1615 157
1616 151
1617 133
1618 150
1619 117
1620 92
1621 146
1622 154
1623 115
1624 150
1625 120
1626 137
1627 130
1628 98
1629 135
1630 176
1631 147
1632 137
1633 148
1634 161
1635 182
1636 109
1637 127
1638 175
1639 148
1640 132
1641 161
1642 139
1643 141
1644 149
1645 112
1646 176
1647 150
1648 168
1649 105
1650 139
1651 111
1652 165
1653 201
1654 160
1655 128
1656 161
1657 155
1658 137
1659 167
1660 173
1661 123
1662 140
1663 179
1664 143
1665 121
1666 146
1667 172
1668 163
1669 169
1670 162
1671 163
1672 138
1673 141
1674 184
1675 122
1676 163
1677 85
1678 145
1679 137
1680 128
1681 148
1682 45
1683 137
1684 128
1685 156
1686 143
1687 165
1688 151
1689 164
1690 133
1691 140
1692 167
1693 112
1694 144
1695 132
1696 155
1697 169
1698 181
1699 126
1700 128
1701 136
1702 132
1703 148
1704 208
1705 143
1706 164
1707 128
1708 137
1709 175
1710 214
1711 131
1712 131
1713 132
1714 142
1715 152
1716 145
1717 144
1718 126
1719 164
1720 216
1721 141
1722 101
1723 119
1724 168
1725 125
1726 118
1727 152
1728 174
1729 15
1730 158
1731 174
1732 124
1733 134
1734 172
1735 131
1736 171
1737 158
1738 162
1739 130
1740 120
1741 131
1742 158
1743 183
1744 131
1745 156
1746 133
1747 161
1748 175
1749 152
1750 227
1751 129
1752 162
1753 151
1754 154
1755 177
1756 103
1757 141
1758 181
1759 157
1760 175
1761 141
1762 175
1763 125
1764 161
1765 147
1766 138
1767 144
1768 142
1769 124
1770 196
1771 143
1772 125
1773 173
1774 178
1775 156
1776 181
1777 142
1778 142
1779 185
1780 151
1781 170
1782 152
1783 138
1784 145
1785 157
1786 190
1787 137
1788 145
1789 146
1790 146
1791 133
1792 125
1793 163
1794 140
1795 136
1796 87
1797 106
1798 150
1799 155
1800 163
1801 198
1802 163
1803 99
1804 136
1805 125
1806 161
1807 123
1808 164
1809 171
1810 109
1811 129
1812 167
1813 205
1814 146
1815 185
1816 165
1817 145
1818 147
1819 166
1820 168
1821 110
1822 142
1823 148
1824 164
1825 177
1826 139
1827 135
1828 180
1829 121
1830 163
1831 151
1832 150
1833 201
1834 137
1835 110
1836 161
1837 170
1838 175
1839 139
1840 141
1841 171
1842 216
1843 120
1844 142
1845 151
1846 117
1847 136
1848 189
1849 143
1850 113
1851 157
1852 136
1853 130
1854 97
1855 136
1856 163
1857 131
1858 178
1859 181
1860 156
1861 154
1862 170
1863 187
1864 126
1865 153
1866 60
1867 171
1868 153
1869 136
1870 111
1871 140
1872 129
1873 164
1874 152
1875 135
1876 120
1877 115
1878 110
1879 140
1880 128
1881 142
1882 187
1883 151
1884 100
1885 150
1886 156
1887 102
1888 96
1889 137
1890 162
1891 148
1892 141
1893 108
1894 171
1895 122
1896 148
1897 133
1898 121
1899 142
1900 157
1901 161
1902 117
1903 127
1904 98
1905 177
1906 145
1907 147
1908 117
1909 169
1910 212
1911 188
1912 143
1913 123
1914 131
1915 104
1916 158
1917 173
1918 139
1919 149
1920 161
1921 131
1922 145
1923 143
1924 136
1925 174
1926 171
1927 147
1928 192
1929 185
1930 165
1931 155
1932 166
1933 128
1934 123
1935 115
1936 126
1937 89
1938 158
1939 158
1940 190
1941 131
1942 132
1943 145
1944 148
1945 138
1946 120
1947 119
1948 162
1949 176
1950 116
1951 210
1952 153
1953 165
1954 155
1955 128
1956 157
1957 115
1958 161
1959 183
1960 90
1961 199
1962 140
1963 145
1964 180
1965 170
1966 117
1967 233
1968 163
1969 157
1970 219
1971 165
1972 187
1973 126
1974 139
1975 162
1976 103
1977 145
1978 111
1979 86
1980 120
1981 192
1982 124
1983 182
1984 202
1985 149
1986 150
1987 168
1988 120
1989 116
1990 144
1991 146
1992 143
1993 161
1994 120
1995 136
1996 109
1997 136
1998 118
1999 185
2000 132
2001 171
2002 179
2003 173
2004 167
2005 157
2006 141
2007 192
2008 142
2009 109
2010 148
2011 171
2012 149
2013 161
2014 148
2015 118
2016 137
2017 167
2018 128
2019 188
2020 206
2021 139
2022 174
2023 179
2024 132
2025 142
2026 116
2027 146
2028 144
2029 122
2030 185
2031 140
2032 125
2033 196
2034 158
2035 127
2036 156
2037 119
2038 170
2039 158
2040 172
2041 177
2042 147
2043 114
2044 117
2045 133
2046 144
2047 136
2048 111
2049 164
2050 156
2051 163
2052 132
2053 139
2054 149
2055 128
2056 173
2057 189
2058 124
2059 194
2060 140
2061 135
2062 130
2063 147
2064 141
2065 123
2066 167
2067 181
2068 134
2069 188
2070 95
2071 147
2072 136
2073 157
2074 150
2075 145
2076 95
2077 145
2078 180
2079 115
2080 166
2081 144
2082 172
2083 167
2084 109
2085 123
2086 157
2087 173
2088 141
2089 161
2090 156
2091 165
2092 178
2093 172
2094 147
2095 185
2096 119
2097 86
2098 130
2099 99
2100 101
2101 127
2102 179
2103 112
2104 195
2105 133
2106 114
2107 147
2108 175
2109 133
2110 180
2111 105
2112 155
2113 134
2114 174
2115 135
2116 133
2117 175
2118 143
2119 165
2120 168
2121 176
2122 149
2123 144
2124 135
2125 128
2126 141
2127 114
2128 150
2129 160
2130 163
2131 173
2132 144
2133 149
2134 122
2135 161
2136 161
2137 159
2138 161
2139 133
2140 146
2141 132
2142 158
2143 130
2144 171
2145 153
2146 114
2147 195
2148 130
2149 166
2150 137
2151 120
2152 167
2153 78
2154 141
2155 162
2156 140
2157 138
2158 108
2159 146
2160 153
2161 115
2162 188
2163 180
2164 116
2165 212
2166 119
2167 207
2168 119
2169 137
2170 126
2171 141
2172 149
2173 134
2174 126
2175 131
2176 169
2177 153
2178 115
2179 210
2180 164
2181 133
2182 168
2183 136
2184 140
2185 130
2186 130
2187 155
2188 151
2189 152
2190 119
2191 111
2192 133
2193 176
2194 156
2195 127
2196 168
2197 160
2198 159
2199 198
2200 132
2201 143
2202 120
2203 129
2204 161
2205 196
2206 131
2207 128
2208 124
2209 141
2210 133
2211 138
2212 167
2213 161
2214 145
2215 92
2216 165
2217 208
2218 139
2219 203
2220 154
2221 117
2222 133
2223 156
2224 113
2225 168
2226 147
2227 179
2228 135
2229 184
2230 142
2231 149
2232 160
2233 160
2234 82
2235 153
2236 159
2237 139
2238 216
2239 164
2240 177
2241 140
2242 126
2243 147
2244 188
2245 146
2246 102
2247 130
2248 154
2249 172
2250 136
2251 150
2252 160
2253 144
2254 185
2255 160
2256 127
2257 108
2258 88
2259 128
2260 110
2261 140
2262 164
2263 135
2264 169
2265 173
2266 144
2267 149
2268 124
2269 153
2270 165
2271 151
2272 172
2273 150
2274 149
2275 184
2276 185
2277 176
2278 124
2279 134
2280 152
2281 197
2282 150
2283 128
2284 164
2285 229
2286 131
2287 157
2288 185
2289 140
2290 132
2291 148
2292 177
2293 172
2294 151
2295 174
2296 124
2297 148
2298 124
2299 148
2300 138
2301 175
2302 124
2303 125
2304 130
2305 90
2306 171
2307 111
2308 155
2309 161
2310 151
2311 132
2312 153
2313 136
2314 150
2315 131
2316 104
2317 234
2318 142
2319 140
2320 131
2321 196
2322 142
2323 127
2324 170
2325 69
2326 163
2327 94
2328 164
2329 132
2330 150
2331 138
2332 138
2333 144
2334 134
2335 154
2336 149
2337 176
2338 131
2339 143
2340 187
2341 144
2342 91
2343 144
2344 149
2345 179
2346 141
2347 78
2348 150
2349 139
2350 135
2351 109
2352 150
2353 119
2354 148
2355 179
2356 155
2357 122
2358 158
2359 140
2360 111
2361 152
2362 156
2363 162
2364 129
2365 124
2366 113
2367 158
2368 173
2369 111
2370 142
2371 174
2372 193
2373 119
2374 143
2375 136
2376 172
2377 115
2378 144
2379 116
2380 146
2381 130
2382 136
2383 151
2384 141
2385 139
2386 137
2387 114
2388 179
2389 72
2390 178
2391 165
2392 127
2393 146
2394 161
2395 153
2396 135
2397 122
2398 120
2399 154
2400 171
2401 144
2402 165
2403 160
2404 161
2405 151
2406 140
2407 170
2408 168
2409 151
2410 149
2411 126
2412 143
2413 147
2414 197
2415 110
2416 213
2417 165
2418 128
2419 186
2420 123
2421 159
2422 148
2423 138
2424 154
2425 137
2426 191
2427 148
2428 171
2429 159
2430 163
2431 146
2432 155
2433 155
2434 160
2435 148
2436 119
2437 128
2438 155
2439 137
2440 141
2441 140
2442 169
2443 107
2444 152
2445 178
2446 162
2447 103
2448 122
2449 133
2450 143
2451 125
2452 149
2453 154
2454 179
2455 151
2456 174
2457 130
2458 162
2459 175
2460 136
2461 152
2462 124
2463 145
2464 132
2465 135
2466 128
2467 165
2468 148
2469 119
2470 114
2471 144
2472 152
2473 161
2474 139
2475 193
2476 156
2477 139
2478 150
2479 140
2480 145
2481 187
2482 154
2483 169
2484 179
2485 106
2486 155
2487 175
2488 148
2489 137
2490 102
2491 148
2492 139
2493 141
2494 179
2495 155
2496 152
2497 152
2498 123
2499 165
2500 125
2501 140
2502 153
2503 138
2504 142
2505 146
2506 118
2507 143
2508 171
2509 182
2510 151
2511 138
2512 121
2513 107
2514 115
2515 142
2516 119
2517 154
2518 120
2519 134
2520 156
2521 152
2522 154
2523 133
2524 167
2525 150
2526 97
2527 149
2528 89
2529 134
2530 194
2531 142
2532 153
2533 166
2534 153
2535 151
2536 83
2537 158
2538 150
2539 140
2540 136
2541 136
2542 135
2543 145
2544 144
2545 164
2546 168
2547 198
2548 128
2549 132
2550 70
2551 134
2552 152
2553 128
2554 113
2555 122
2556 123
2557 118
2558 174
2559 177
2560 158
2561 110
2562 137
2563 92
2564 81
2565 129
2566 162
2567 155
2568 125
2569 124
2570 119
2571 168
2572 131
2573 132
2574 128
2575 82
2576 158
2577 132
2578 172
2579 101
2580 96
2581 112
2582 217
2583 123
2584 198
2585 146
2586 120
2587 122
2588 120
2589 107
2590 160
2591 120
2592 173
2593 175
2594 113
2595 136
2596 154
2597 144
2598 146
2599 124
2600 135
2601 162
2602 157
2603 60
2604 170
2605 165
2606 101
2607 125
2608 151
2609 140
2610 136
2611 117
2612 134
2613 150
2614 134
2615 129
2616 127
2617 115
2618 167
2619 134
2620 142
2621 116
2622 142
2623 150
2624 106
2625 204
2626 137
2627 145
2628 97
2629 153
2630 151
2631 187
2632 140
2633 93
2634 104
2635 165
2636 146
2637 174
2638 137
2639 189
2640 166
2641 127
2642 184
2643 159
2644 164
2645 155
2646 152
2647 156
2648 149
2649 166
2650 156
2651 114
2652 149
2653 136
2654 107
2655 148
2656 118
2657 197
2658 64
2659 143
2660 116
2661 115
2662 59
2663 141
2664 122
2665 176
2666 136
2667 130
2668 153
2669 145
2670 122
2671 180
2672 142
2673 120
2674 134
2675 167
2676 105
2677 162
2678 132
2679 142
2680 144
2681 164
2682 158
2683 116
2684 144
2685 163
2686 157
2687 135
2688 132
2689 65
2690 155
2691 130
2692 173
2693 118
2694 152
2695 56
2696 140
2697 156
2698 159
2699 111
2700 155
2701 148
2702 155
2703 147
2704 154
2705 117
2706 152
2707 143
2708 129
2709 144
2710 197
2711 141
2712 138
2713 167
2714 140
2715 107
2716 186
2717 119
2718 140
2719 144
2720 186
2721 123
2722 83
2723 94
2724 139
2725 179
2726 141
2727 123
2728 161
2729 140
2730 145
2731 260
2732 141
2733 146
2734 120
2735 129
2736 106
2737 168
2738 148
2739 120
2740 130
2741 135
2742 188
2743 130
2744 187
2745 146
2746 142
2747 75
2748 176
2749 173
2750 165
2751 154
2752 152
2753 98
2754 155
2755 155
2756 137
2757 150
2758 145
2759 174
2760 176
2761 159
2762 151
2763 156
2764 118
2765 153
2766 139
2767 154
2768 189
2769 135
2770 122
2771 145
2772 125
2773 82
2774 173
2775 112
2776 160
2777 163
2778 199
2779 117
2780 215
2781 146
2782 155
2783 120
2784 86
2785 171
2786 146
2787 154
2788 140
2789 173
2790 142
2791 149
2792 153
2793 128
2794 169
2795 137
2796 164
2797 137
2798 103
2799 120
2800 142
2801 191
2802 148
2803 143
2804 159
2805 147
2806 141
2807 169
2808 138
2809 188
2810 132
2811 142
2812 107
2813 108
2814 136
2815 145
2816 134
2817 163
2818 151
2819 167
2820 165
2821 167
2822 161
2823 171
2824 132
2825 152
2826 109
2827 150
2828 121
2829 145
2830 105
2831 155
2832 153
2833 138
2834 148
2835 161
2836 120
2837 157
2838 149
2839 152
2840 140
2841 91
2842 131
2843 168
2844 124
2845 151
2846 151
2847 160
2848 122
2849 144
2850 188
2851 159
2852 161
2853 123
2854 160
2855 150
2856 131
2857 172
2858 176
2859 168
2860 174
2861 170
2862 154
2863 156
2864 152
2865 120
2866 146
2867 159
2868 153
2869 149
2870 83
2871 186
2872 107
2873 130
2874 160
2875 187
2876 121
2877 146
2878 147
2879 159
2880 151
2881 171
2882 164
2883 154
2884 139
2885 163
2886 139
2887 148
2888 143
2889 158
2890 121
2891 136
2892 200
2893 109
2894 142
2895 163
2896 173
2897 152
2898 191
2899 99
2900 121
2901 111
2902 156
2903 182
2904 142
2905 127
2906 128
2907 158
2908 194
2909 43
2910 137
2911 155
2912 115
2913 134
2914 84
2915 99
2916 169
2917 145
2918 145
2919 135
2920 143
2921 154
2922 151
2923 128
2924 141
2925 146
2926 119
2927 147
2928 165
2929 144
2930 150
2931 187
2932 184
2933 132
2934 170
2935 155
2936 165
2937 163
2938 164
2939 154
2940 140
2941 126
2942 112
2943 108
2944 147
2945 169
2946 153
2947 148
2948 140
2949 149
2950 182
2951 150
2952 132
2953 134
2954 165
2955 149
2956 138
2957 126
2958 132
2959 197
2960 275
2961 115
2962 178
2963 175
2964 105
2965 134
2966 129
2967 112
2968 147
2969 142
2970 142
2971 164
2972 139
2973 147
2974 81
2975 148
2976 122
2977 154
2978 163
2979 143
2980 140
2981 134
2982 206
2983 111
2984 236
2985 119
2986 151
2987 134
2988 145
2989 109
2990 133
2991 160
2992 152
2993 139
2994 140
2995 150
2996 131
2997 165
2998 134
2999 168
3000 192
3001 179
3002 128
3003 141
3004 124
3005 136
3006 161
3007 116
3008 180
3009 153
3010 151
3011 142
3012 174
3013 134
3014 160
3015 162
3016 146
3017 151
3018 194
3019 126
3020 162
3021 137
3022 181
3023 177
3024 87
3025 158
3026 114
3027 227
3028 183
3029 150
3030 186
3031 178
3032 148
3033 155
3034 139
3035 175
3036 141
3037 145
3038 189
3039 141
3040 157
3041 94
3042 108
3043 169
3044 87
3045 136
3046 116
3047 159
3048 141
3049 116
3050 135
3051 204
3052 152
3053 207
3054 131
3055 120
3056 109
3057 203
3058 122
3059 147
3060 129
3061 128
3062 160
3063 132
3064 152
3065 196
3066 159
3067 144
3068 130
3069 186
3070 187
3071 157
3072 136
3073 143
3074 122
3075 142
3076 116
3077 100
3078 123
3079 110
3080 186
3081 168
3082 137
3083 138
3084 127
3085 155
3086 185
3087 173
3088 134
3089 139
3090 89
3091 132
3092 138
3093 136
3094 163
3095 135
3096 203
3097 151
3098 149
3099 112
3100 135
3101 140
3102 152
3103 117
3104 74
3105 133
3106 191
3107 160
3108 193
3109 145
3110 213
3111 138
3112 0
3113 160
3114 116
3115 110
3116 127
3117 100
3118 153
3119 109
3120 147
3121 150
3122 157
3123 152
3124 138
3125 109
3126 130
3127 148
3128 129
3129 177
3130 160
3131 156
3132 148
3133 105
3134 123
3135 178
3136 148
3137 142
3138 134
3139 175
3140 126
3141 150
3142 140
3143 124
3144 114
3145 125
3146 136
3147 160
3148 172
3149 157
3150 145
3151 155
3152 136
3153 147
3154 157
3155 164
3156 151
3157 106
3158 127
3159 109
3160 170
3161 130
3162 129
3163 136
3164 142
3165 133
3166 150
3167 159
3168 174
3169 161
3170 201
3171 150
3172 165
3173 172
3174 161
3175 130
3176 159
3177 140
3178 153
3179 191
3180 144
3181 111
3182 118
3183 130
3184 170
3185 81
3186 141
3187 123
3188 128
3189 145
3190 145
3191 131
3192 192
3193 134
3194 111
3195 125
3196 162
3197 151
3198 127
3199 166
3200 74
3201 137
3202 159
3203 161
3204 146
3205 142
3206 147
3207 119
3208 119
3209 192
3210 147
3211 156
3212 154
3213 170
3214 140
3215 141
3216 137
3217 172
3218 135
3219 146
3220 140
3221 122
3222 119
3223 71
3224 124
3225 221
3226 165
3227 155
3228 132
3229 157
3230 130
3231 146
3232 165
3233 162
3234 140
3235 182
3236 152
3237 125
3238 136
3239 132
3240 108
3241 189
3242 126
3243 123
3244 157
3245 152
3246 148
3247 134
3248 127
3249 137
3250 117
3251 71
3252 126
3253 146
3254 149
3255 141
3256 174
3257 162
3258 154
3259 119
3260 141
3261 125
3262 164
3263 163
3264 139
3265 162
3266 159
3267 134
3268 140
3269 137
3270 167
3271 138
3272 149
3273 161
3274 132
3275 142
3276 102
3277 105
3278 156
3279 156
3280 151
3281 128
3282 136
3283 134
3284 130
3285 144
3286 163
3287 144
3288 158
3289 145
3290 156
3291 135
3292 155
3293 128
3294 157
3295 190
3296 167
3297 185
3298 185
3299 143
3300 156
3301 175
3302 68
3303 116
3304 170
3305 156
3306 146
3307 177
3308 125
3309 132
3310 114
3311 144
3312 132
3313 165
3314 138
3315 152
3316 157
3317 132
3318 131
3319 169
3320 150
3321 118
3322 186
3323 127
3324 144
3325 157
3326 83
3327 138
3328 134
3329 188
3330 187
3331 158
3332 152
3333 132
3334 145
3335 170
3336 172
3337 165
3338 134
3339 132
3340 152
3341 136
3342 138
3343 97
3344 112
3345 157
3346 155
3347 199
3348 160
3349 157
3350 128
3351 131
3352 130
3353 130
3354 159
3355 135
3356 144
3357 129
3358 151
3359 137
3360 85
3361 143
3362 147
3363 156
3364 191
3365 159
3366 128
3367 127
3368 129
3369 146
3370 132
3371 132
3372 130
3373 154
3374 129
3375 98
3376 142
3377 154
3378 114
3379 145
3380 167
3381 103
3382 148
3383 127
3384 136
3385 162
3386 109
3387 115
3388 118
3389 179
3390 108
3391 196
3392 106
3393 148
3394 141
3395 103
3396 139
3397 143
3398 158
3399 131
3400 151
3401 153
3402 138
3403 150
3404 163
3405 146
3406 151
3407 62
3408 209
3409 137
3410 126
3411 111
3412 134
3413 162
3414 70
3415 143
3416 175
3417 173
3418 132
3419 143
3420 224
3421 151
3422 158
3423 134
3424 179
3425 150
3426 130
3427 130
3428 171
3429 172
3430 173
3431 131
3432 161
3433 113
3434 150
3435 114
3436 136
3437 163
3438 151
3439 144
3440 142
3441 176
3442 167
3443 77
3444 213
3445 106
3446 142
3447 146
3448 140
3449 162
3450 180
3451 155
3452 126
3453 175
3454 114
3455 141
3456 159
3457 105
3458 174
3459 166
3460 120
3461 76
3462 156
3463 145
3464 185
3465 150
3466 188
3467 127
3468 134
3469 148
3470 197
3471 147
3472 143
3473 169
3474 153
3475 79
3476 144
3477 160
3478 181
3479 142
3480 127
3481 126
3482 200
3483 130
3484 140
3485 146
3486 126
3487 108
3488 153
3489 100
3490 64
3491 100
3492 112
3493 154
3494 148
3495 129
3496 153
3497 136
3498 146
3499 142
3500 136
3501 126
3502 141
3503 136
3504 149
3505 138
3506 132
3507 167
3508 144
3509 163
3510 237
3511 143
3512 116
3513 108
3514 158
3515 145
3516 175
3517 148
3518 139
3519 151
3520 95
3521 121
3522 162
3523 152
3524 93
3525 163
3526 145
3527 145
3528 137
3529 168
3530 158
3531 134
3532 161
3533 153
3534 112
3535 112
3536 136
3537 148
3538 135
3539 103
3540 149
3541 104
3542 172
3543 151
3544 155
3545 163
3546 163
3547 179
3548 168
3549 148
3550 207
3551 145
3552 147
3553 169
3554 128
3555 159
3556 144
3557 174
3558 104
3559 145
3560 129
3561 129
3562 96
3563 134
3564 75
3565 133
3566 130
3567 153
3568 158
3569 151
3570 134
3571 89
3572 153
3573 197
3574 148
3575 173
3576 178
3577 142
3578 149
3579 104
3580 129
3581 115
3582 98
3583 134
3584 144
3585 149
3586 154
3587 218
3588 133
3589 136
3590 149
3591 131
3592 127
3593 177
3594 165
3595 136
3596 168
3597 126
3598 149
3599 138
3600 130
3601 93
3602 145
3603 153
3604 153
3605 118
3606 163
3607 142
3608 110
3609 168
3610 164
3611 146
3612 185
3613 162
3614 128
3615 141
3616 151
3617 170
3618 142
3619 86
3620 112
3621 134
3622 138
3623 178
3624 103
3625 168
3626 169
3627 156
3628 130
3629 155
3630 165
3631 164
3632 168
3633 205
3634 119
3635 146
3636 139
3637 162
3638 181
3639 112
3640 143
3641 128
3642 126
3643 135
3644 85
3645 128
3646 136
3647 135
3648 150
3649 141
3650 90
3651 214
3652 136
3653 160
3654 149
3655 144
3656 119
3657 144
3658 144
3659 160
3660 185
3661 140
3662 162
3663 122
3664 137
3665 125
3666 152
3667 125
3668 126
3669 173
3670 128
3671 120
3672 150
3673 138
3674 90
3675 143
3676 153
3677 84
3678 147
3679 149
3680 167
3681 119
3682 164
3683 157
3684 68
3685 203
3686 134
3687 139
3688 129
3689 130
3690 183
3691 136
3692 146
3693 123
3694 100
3695 123
3696 149
3697 163
3698 160
3699 135
3700 111
3701 160
3702 167
3703 144
3704 155
3705 129
3706 147
3707 106
3708 142
3709 138
3710 151
3711 154
3712 144
3713 179
3714 179
3715 117
3716 161
3717 99
3718 144
3719 144
3720 155
3721 128
3722 146
3723 173
3724 115
3725 122
3726 134
3727 169
3728 141
3729 180
3730 137
3731 144
3732 152
3733 155
3734 145
3735 186
3736 152
3737 256
3738 187
3739 131
3740 121
3741 224
3742 136
3743 103
3744 159
3745 154
3746 108
3747 145
3748 154
3749 146
3750 143
3751 133
3752 118
3753 169
3754 114
3755 153
3756 137
3757 154
3758 132
3759 133
3760 187
3761 175
3762 132
3763 183
3764 184
3765 152
3766 139
3767 113
3768 145
3769 185
3770 161
3771 160
3772 184
3773 145
3774 114
3775 170
3776 134
3777 111
3778 206
3779 150
3780 156
3781 87
3782 141
3783 117
3784 210
3785 101
3786 127
3787 156
3788 131
3789 142
3790 123
3791 158
3792 168
3793 117
3794 141
3795 137
3796 161
3797 152
3798 180
3799 114
3800 172
3801 192
3802 103
3803 102
3804 143
3805 134
3806 145
3807 148
3808 117
3809 150
3810 175
3811 91
3812 152
3813 139
3814 151
3815 141
3816 128
3817 140
3818 166
3819 126
3820 125
3821 141
3822 148
3823 149
3824 168
3825 132
3826 120
3827 132
3828 133
3829 132
3830 157
3831 127
3832 146
3833 125
3834 94
3835 149
3836 146
3837 150
3838 127
3839 132
3840 157
3841 118
3842 136
3843 182
3844 154
3845 149
3846 99
3847 113
3848 136
3849 149
3850 104
3851 148
3852 154
3853 150
3854 167
3855 133
3856 126
3857 113
3858 158
3859 132
3860 171
3861 165
3862 154
3863 136
3864 151
3865 126
3866 149
3867 176
3868 167
3869 98
3870 155
3871 89
3872 169
3873 128
3874 119
3875 165
3876 98
3877 126
3878 150
3879 157
3880 158
3881 157
3882 138
3883 129
3884 163
3885 142
3886 146
3887 148
3888 164
3889 164
3890 133
3891 131
3892 128
3893 184
3894 126
3895 152
3896 119
3897 140
3898 163
3899 136
3900 164
3901 133
3902 144
3903 152
3904 146
3905 153
3906 155
3907 166
3908 60
3909 146
3910 153
3911 139
3912 168
3913 155
3914 0
3915 86
3916 139
3917 113
3918 151
3919 145
3920 172
3921 121
3922 126
3923 142
3924 149
3925 150
3926 183
3927 170
3928 160
3929 162
3930 166
3931 111
3932 142
3933 151
3934 132
3935 174
3936 193
3937 175
3938 137
3939 170
3940 134
3941 151
3942 158
3943 153
3944 184
3945 168
3946 191
3947 138
3948 181
3949 141
3950 113
3951 167
3952 152
3953 174
3954 143
3955 150
3956 135
3957 172
3958 154
3959 153
3960 143
3961 168
3962 142
3963 160
3964 129
3965 113
3966 126
3967 171
3968 141
3969 127
3970 181
3971 112
3972 143
3973 143
3974 139
3975 101
3976 145
3977 112
3978 128
3979 157
3980 139
3981 160
3982 181
3983 159
3984 151
3985 127
3986 113
3987 173
3988 159
3989 151
3990 99
3991 196
3992 143
3993 144
3994 86
3995 159
3996 126
3997 121
3998 175
3999 149
4000 162
4001 118
4002 155
4003 119
4004 118
4005 190
4006 149
4007 190
4008 135
4009 163
4010 127
4011 121
4012 156
4013 113
4014 173
4015 109
4016 120
4017 163
4018 211
4019 167
4020 141
4021 153
4022 126
4023 200
4024 133
4025 176
4026 134
4027 142
4028 138
4029 129
4030 111
4031 140
4032 99
4033 190
4034 162
4035 158
4036 143
4037 81
4038 140
4039 140
4040 140
4041 154
4042 196
4043 160
4044 132
4045 141
4046 181
4047 96
4048 134
4049 130
4050 160
4051 135
4052 154
4053 162
4054 195
4055 121
4056 153
4057 133
4058 126
4059 155
4060 113
4061 165
4062 166
4063 125
4064 137
4065 112
4066 146
4067 178
4068 88
4069 182
4070 156
4071 153
4072 90
4073 104
4074 129
4075 108
4076 212
4077 164
4078 91
4079 92
4080 123
4081 152
4082 164
4083 86
4084 155
4085 158
4086 182
4087 161
4088 65
4089 113
4090 173
4091 146
4092 159
4093 137
4094 141
4095 140
4096 153
4097 159
4098 114
4099 141
4100 151
4101 112
4102 158
4103 104
4104 115
4105 182
4106 88
4107 164
4108 134
4109 136
4110 118
4111 135
4112 115
4113 146
4114 131
4115 133
4116 86
4117 135
4118 128
4119 162
4120 169
4121 67
4122 155
4123 131
4124 145
4125 143
4126 130
4127 183
4128 103
4129 154
4130 135
4131 141
4132 141
4133 117
4134 152
4135 97
4136 162
4137 145
4138 165
4139 170
4140 94
4141 163
4142 172
4143 110
4144 170
4145 118
4146 136
4147 135
4148 161
4149 153
4150 112
4151 118
4152 161
4153 187
4154 164
4155 169
4156 161
4157 133
4158 147
4159 142
4160 154
4161 169
4162 147
4163 182
4164 184
4165 37
4166 156
4167 103
4168 143
4169 196
4170 136
4171 129
4172 130
4173 105
4174 161
4175 192
4176 151
4177 129
4178 116
4179 127
4180 138
4181 179
4182 126
4183 136
4184 136
4185 170
4186 136
4187 115
4188 128
4189 139
4190 161
4191 124
4192 157
4193 166
4194 132
4195 59
4196 128
4197 85
4198 165
4199 91
4200 128
4201 160
4202 140
4203 119
4204 156
4205 131
4206 169
4207 165
4208 105
4209 177
4210 141
4211 124
4212 129
4213 112
4214 129
4215 225
4216 101
4217 134
4218 144
4219 137
4220 176
4221 124
4222 151
4223 147
4224 134
4225 162
4226 128
4227 106
4228 198
4229 172
4230 141
4231 209
4232 116
4233 111
4234 138
4235 129
4236 138
4237 116
4238 164
4239 151
4240 158
4241 158
4242 138
4243 115
4244 124
4245 196
4246 119
4247 107
4248 144
4249 95
4250 148
4251 163
4252 204
4253 140
4254 131
4255 182
4256 124
4257 118
4258 133
4259 146
4260 148
4261 133
4262 112
4263 114
4264 157
4265 152
4266 165
4267 153
4268 154
4269 150
4270 126
4271 167
4272 106
4273 124
4274 153
4275 147
4276 162
4277 103
4278 159
4279 133
4280 126
4281 158
4282 83
4283 117
4284 159
4285 205
4286 114
4287 144
4288 137
4289 128
4290 121
4291 153
4292 153
4293 170
4294 164
4295 178
4296 117
4297 137
4298 152
4299 179
4300 156
4301 149
4302 137
4303 154
4304 171
4305 171
4306 164
4307 189
4308 101
4309 112
4310 159
4311 145
4312 136
4313 131
4314 144
4315 145
4316 121
4317 166
4318 180
4319 117
4320 175
4321 121
4322 203
4323 135
4324 165
4325 139
4326 196
4327 129
4328 149
4329 140
4330 130
4331 154
4332 79
4333 157
4334 123
4335 134
4336 142
4337 120
4338 136
4339 132
4340 194
4341 128
4342 162
4343 197
4344 178
4345 124
4346 63
4347 154
4348 154
4349 125
4350 157
4351 171
4352 112
4353 142
4354 162
4355 116
4356 168
4357 151
4358 123
4359 173
4360 97
4361 130
4362 138
4363 139
4364 113
4365 143
4366 138
4367 161
4368 159
4369 183
4370 192
4371 128
4372 151
4373 126
4374 151
4375 157
4376 131
4377 140
4378 123
4379 141
4380 150
4381 144
4382 190
4383 141
4384 175
4385 187
4386 148
4387 99
4388 131
4389 142
4390 113
4391 180
4392 121
4393 155
4394 88
4395 164
4396 144
4397 164
4398 174
4399 150
4400 139
4401 121
4402 130
4403 143
4404 130
4405 158
4406 157
4407 128
4408 154
4409 163
4410 130
4411 127
4412 162
4413 155
4414 125
4415 148
4416 161
4417 172
4418 105
4419 77
4420 172
4421 111
4422 107
4423 119
4424 177
4425 232
4426 162
4427 134
4428 119
4429 89
4430 172
4431 137
4432 99
4433 137
4434 151
4435 124
4436 177
4437 115
4438 154
4439 138
4440 136
4441 116
4442 137
4443 152
4444 133
4445 184
4446 90
4447 138
4448 143
4449 143
4450 143
4451 192
4452 121
4453 179
4454 179
4455 149
4456 118
4457 181
4458 155
4459 173
4460 182
4461 110
4462 135
4463 120
4464 211
4465 153
4466 142
4467 170
4468 152
4469 236
4470 142
4471 148
4472 156
4473 169
4474 123
4475 158
4476 167
4477 152
4478 106
4479 91
4480 146
4481 172
4482 126
4483 139
4484 174
4485 173
4486 180
4487 113
4488 184
4489 150
4490 145
4491 115
4492 175
4493 138
4494 141
4495 146
4496 152
4497 135
4498 139
4499 168
4500 153
4501 185
4502 133
4503 161
4504 143
4505 157
4506 149
4507 139
4508 223
4509 159
4510 144
4511 125
4512 109
4513 131
4514 100
4515 156
4516 119
4517 136
4518 182
4519 109
4520 141
4521 159
4522 153
4523 122
4524 109
4525 148
4526 192
4527 102
4528 96
4529 146
4530 123
4531 151
4532 99
4533 170
4534 165
4535 108
4536 209
4537 160
4538 155
4539 115
4540 176
4541 137
4542 152
4543 134
4544 126
4545 127
4546 202
4547 150
4548 153
4549 131
4550 126
4551 140
4552 160
4553 149
4554 150
4555 145
4556 187
4557 171
4558 137
4559 126
4560 142
4561 143
4562 148
4563 143
4564 163
4565 137
4566 164
4567 165
4568 133
4569 224
4570 158
4571 139
4572 108
4573 96
4574 135
4575 143
4576 163
4577 163
4578 114
4579 148
4580 138
4581 165
4582 142
4583 148
4584 142
4585 159
4586 170
4587 208
4588 134
4589 159
4590 186
4591 126
4592 181
4593 124
4594 178
4595 115
4596 171
4597 140
4598 157
4599 92
4600 121
4601 117
4602 197
4603 141
4604 149
4605 132
4606 170
4607 124
4608 139
4609 106
4610 168
4611 130
4612 119
4613 134
4614 127
4615 155
4616 153
4617 153
4618 122
4619 165
4620 154
4621 147
4622 163
4623 165
4624 123
4625 152
4626 154
4627 117
4628 128
4629 172
4630 175
4631 125
4632 148
4633 176
4634 144
4635 193
4636 155
4637 117
4638 123
4639 140
4640 150
4641 122
4642 109
4643 129
4644 169
4645 149
4646 185
4647 163
4648 155
4649 169
4650 139
4651 140
4652 166
4653 135
4654 125
4655 177
4656 107
4657 168
4658 133
4659 154
4660 192
4661 165
4662 154
4663 135
4664 134
4665 181
4666 122
4667 134
4668 158
4669 106
4670 125
4671 176
4672 145
4673 136
4674 125
4675 128
4676 164
4677 138
4678 132
4679 157
4680 130
4681 213
4682 152
4683 165
4684 136
4685 206
4686 104
4687 135
4688 176
4689 209
4690 151
4691 121
4692 199
4693 153
4694 117
4695 169
4696 135
4697 145
4698 194
4699 164
4700 130
4701 166
4702 118
4703 131
4704 136
4705 156
4706 168
4707 150
4708 152
4709 172
4710 141
4711 156
4712 203
4713 169
4714 165
4715 143
4716 146
4717 122
4718 213
4719 105
4720 154
4721 140
4722 139
4723 182
4724 137
4725 165
4726 126
4727 107
4728 145
4729 133
4730 128
4731 153
4732 155
4733 143
4734 166
4735 228
4736 171
4737 149
4738 104
4739 142
4740 144
4741 180
4742 155
4743 204
4744 165
4745 160
4746 133
4747 97
4748 205
4749 124
4750 164
4751 155
4752 145
4753 131
4754 166
4755 152
4756 179
4757 141
4758 118
4759 145
4760 159
4761 172
4762 181
4763 119
4764 201
4765 127
4766 152
4767 180
4768 139
4769 198
4770 149
4771 148
4772 143
4773 124
4774 159
4775 149
4776 158
4777 80
4778 112
4779 138
4780 201
4781 164
4782 132
4783 129
4784 202
4785 159
4786 200
4787 162
4788 170
4789 155
4790 126
4791 168
4792 177
4793 147
4794 168
4795 153
4796 137
4797 207
4798 201
4799 201
4800 233
4801 188
4802 180
4803 141
4804 156
4805 135
4806 141
4807 127
4808 151
4809 150
4810 129
4811 118
4812 161
4813 141
4814 169
4815 135
4816 164
4817 147
4818 132
4819 156
4820 134
4821 143
4822 132
4823 139
4824 226
4825 178
4826 127
4827 147
4828 156
4829 152
4830 160
4831 181
4832 156
4833 202
4834 115
4835 180
4836 124
4837 155
4838 125
4839 129
4840 108
4841 169
4842 186
4843 158
4844 168
4845 158
4846 115
4847 155
4848 155
4849 84
4850 141
4851 179
4852 158
4853 163
4854 136
4855 163
4856 161
4857 122
4858 127
4859 56
4860 123
4861 153
4862 148
4863 124
4864 162
4865 139
4866 122
4867 140
4868 163
4869 173
4870 162
4871 151
4872 129
4873 151
4874 165
4875 160
4876 162
4877 117
4878 168
4879 88
4880 177
4881 121
4882 165
4883 130
4884 122
4885 192
4886 168
4887 148
4888 159
4889 145
4890 147
4891 102
4892 137
4893 147
4894 190
4895 124
4896 158
4897 132
4898 151
4899 153
4900 87
4901 157
4902 156
4903 167
4904 164
4905 112
4906 146
4907 172
4908 158
4909 107
4910 182
4911 119
4912 132
4913 138
4914 160
4915 137
4916 138
4917 156
4918 167
4919 143
4920 136
4921 179
4922 142
4923 149
4924 168
4925 155
4926 127
4927 158
4928 164
4929 131
4930 168
4931 159
4932 166
4933 141
4934 150
4935 114
4936 147
4937 110
4938 175
4939 120
4940 110
4941 169
4942 161
4943 143
4944 122
4945 138
4946 158
4947 141
4948 155
4949 166
4950 115
4951 131
4952 177
4953 86
4954 147
4955 141
4956 152
4957 179
4958 138
4959 107
4960 139
4961 134
4962 149
4963 135
4964 144
4965 94
4966 135
4967 142
4968 193
4969 159
4970 181
4971 155
4972 124
4973 163
4974 179
4975 137
4976 50
4977 187
4978 133
4979 150
4980 145
4981 149
4982 152
4983 115
4984 124
4985 184
4986 136
4987 154
4988 140
4989 166
4990 177
4991 143
4992 145
4993 151
4994 139
4995 148
4996 186
4997 135
4998 126
4999 85
5000 150
5001 143
5002 129
5003 141
5004 138
5005 116
5006 148
5007 159
5008 171
5009 163
5010 140
5011 176
5012 168
5013 145
5014 223
5015 170
5016 89
5017 119
5018 118
5019 139
5020 142
5021 200
5022 168
5023 103
5024 141
5025 142
5026 75
5027 132
5028 146
5029 89
5030 143
5031 189
5032 180
5033 211
5034 143
5035 199
5036 135
5037 118
5038 125
5039 116
5040 92
5041 143
5042 128
5043 139
5044 147
5045 145
5046 178
5047 165
5048 147
5049 123
5050 172
5051 88
5052 134
5053 141
5054 172
5055 153
5056 153
5057 142
5058 91
5059 161
5060 154
5061 134
5062 149
5063 141
5064 92
5065 151
5066 175
5067 145
5068 166
5069 122
5070 162
5071 134
5072 125
5073 125
5074 137
5075 154
5076 80
5077 167
5078 131
5079 122
5080 143
5081 189
5082 156
5083 119
5084 134
5085 122
5086 171
5087 161
5088 158
5089 214
5090 113
5091 189
5092 162
5093 166
5094 185
5095 169
5096 151
5097 188
5098 216
5099 152
5100 120
5101 130
5102 163
5103 96
5104 167
5105 169
5106 161
5107 135
5108 140
5109 105
5110 123
5111 153
5112 152
5113 140
5114 75
5115 137
5116 163
5117 133
5118 150
5119 151
5120 83
5121 171
5122 170
5123 121
5124 144
5125 121
5126 113
5127 199
5128 141
5129 96
5130 137
5131 151
5132 197
5133 143
5134 168
5135 151
5136 139
5137 173
5138 116
5139 132
5140 172
5141 140
5142 144
5143 121
5144 138
5145 125
5146 150
5147 147
5148 178
5149 178
5150 149
5151 135
5152 167
5153 138
5154 137
5155 119
5156 124
5157 122
5158 160
5159 103
5160 164
5161 171
5162 134
5163 126
5164 161
5165 200
5166 153
5167 149
5168 165
5169 125
5170 140
5171 139
5172 180
5173 110
5174 162
5175 128
5176 114
5177 147
5178 114
5179 194
5180 125
5181 135
5182 120
5183 163
5184 200
5185 179
5186 112
5187 164
5188 150
5189 145
5190 188
5191 124
5192 177
5193 139
5194 163
5195 201
5196 68
5197 123
5198 107
5199 138
5200 120
5201 117
5202 113
5203 150
5204 67
5205 154
5206 142
5207 121
5208 222
5209 146
5210 116
5211 186
5212 162
5213 148
5214 143
5215 182
5216 151
5217 122
5218 87
5219 155
5220 147
5221 163
5222 178
5223 135
5224 187
5225 148
5226 85
5227 159
5228 150
5229 156
5230 69
5231 138
5232 212
5233 100
5234 179
5235 160
5236 188
5237 145
5238 161
5239 164
5240 119
5241 126
5242 155
5243 144
5244 127
5245 147
5246 154
5247 172
5248 142
5249 143
5250 130
5251 130
5252 151
5253 204
5254 161
5255 167
5256 125
5257 162
5258 132
5259 143
5260 111
5261 97
5262 115
5263 150
5264 178
5265 164
5266 170
5267 174
5268 189
5269 132
5270 147
5271 133
5272 93
5273 119
5274 111
5275 128
5276 191
5277 111
5278 149
5279 130
5280 173
5281 143
5282 147
5283 157
5284 168
5285 130
5286 132
5287 160
5288 174
5289 178
5290 160
5291 147
5292 139
5293 144
5294 158
5295 73
5296 161
5297 109
5298 140
5299 94
5300 154
5301 140
5302 152
5303 152
5304 156
5305 143
5306 91
5307 139
5308 148
5309 97
5310 88
5311 97
5312 118
5313 160
5314 134
5315 140
5316 146
5317 155
5318 124
5319 163
5320 137
5321 149
5322 89
5323 161
5324 158
5325 150
5326 96
5327 179
5328 147
5329 122
5330 162
5331 159
5332 160
5333 132
5334 154
5335 81
5336 151
5337 105
5338 147
5339 165
5340 144
5341 169
5342 146
5343 148
5344 124
5345 113
5346 178
5347 107
5348 77
5349 144
5350 172
5351 133
5352 203
5353 157
5354 135
5355 148
5356 120
5357 159
5358 197
5359 171
5360 130
5361 171
5362 135
5363 139
5364 118
5365 138
5366 139
5367 130
5368 134
5369 146
5370 173
5371 187
5372 189
5373 157
5374 115
5375 103
5376 149
5377 118
5378 180
5379 140
5380 135
5381 126
5382 128
5383 117
5384 155
5385 171
5386 185
5387 131
5388 158
5389 92
5390 125
5391 151
5392 172
5393 158
5394 0
5395 165
5396 163
5397 163
5398 141
5399 143
5400 127
5401 140
5402 110
5403 132
5404 135
5405 156
5406 110
5407 139
5408 161
5409 117
5410 122
5411 200
5412 148
5413 136
5414 157
5415 175
5416 128
5417 162
5418 154
5419 128
5420 126
5421 168
5422 150
5423 120
5424 151
5425 160
5426 165
5427 163
5428 104
5429 127
5430 117
5431 174
5432 176
5433 130
5434 178
5435 151
5436 136
5437 128
5438 138
5439 144
5440 139
5441 124
5442 155
5443 175
5444 171
5445 146
5446 162
5447 161
5448 161
5449 136
5450 148
5451 122
5452 133
5453 140
5454 175
5455 118
5456 168
5457 128
5458 216
5459 124
5460 187
5461 153
5462 133
5463 170
5464 128
5465 134
5466 136
5467 129
5468 169
5469 0
5470 115
5471 166
5472 114
5473 157
5474 169
5475 199
5476 170
5477 154
5478 117
5479 110
5480 132
5481 155
5482 113
5483 156
5484 130
5485 174
5486 174
5487 171
5488 230
5489 121
5490 112
5491 64
5492 135
5493 162
5494 160
5495 123
5496 146
5497 161
5498 177
5499 107
5500 151
5501 119
5502 141
5503 138
5504 153
5505 131
5506 155
5507 143
5508 139
5509 127
5510 170
5511 112
5512 135
5513 160
5514 187
5515 109
5516 134
5517 172
5518 157
5519 209
5520 158
5521 144
5522 114
5523 94
5524 105
5525 160
5526 131
5527 141
5528 139
5529 145
5530 167
5531 164
5532 138
5533 138
5534 135
5535 113
5536 151
5537 142
5538 94
5539 134
5540 111
5541 192
5542 97
5543 163
5544 163
5545 157
5546 163
5547 120
5548 136
5549 166
5550 152
5551 206
5552 186
5553 133
5554 150
5555 164
5556 123
5557 175
5558 180
5559 132
5560 161
5561 155
5562 165
5563 140
5564 66
5565 159
5566 166
5567 182
5568 145
5569 164
5570 160
5571 126
5572 121
5573 150
5574 104
5575 129
5576 137
5577 126
5578 139
5579 135
5580 129
5581 124
5582 130
5583 110
5584 136
5585 90
5586 161
5587 142
5588 135
5589 145
5590 168
5591 155
5592 146
5593 180
5594 115
5595 144
5596 128
5597 172
5598 175
5599 152
5600 171
5601 170
5602 114
5603 126
5604 133
5605 158
5606 154
5607 167
5608 156
5609 142
5610 145
5611 161
5612 163
5613 155
5614 194
5615 136
5616 115
5617 90
5618 201
5619 145
5620 160
5621 180
5622 156
5623 166
5624 129
5625 139
5626 149
5627 134
5628 108
5629 170
5630 210
5631 152
5632 140
5633 143
5634 161
5635 140
5636 149
5637 152
5638 99
5639 169
5640 154
5641 165
5642 115
5643 135
5644 148
5645 147
5646 174
5647 140
5648 200
5649 163
5650 94
5651 144
5652 198
5653 84
5654 92
5655 139
5656 142
5657 108
5658 123
5659 154
5660 161
5661 130
5662 143
5663 125
5664 122
5665 155
5666 143
5667 138
5668 145
5669 145
5670 177
5671 122
5672 100
5673 156
5674 175
5675 139
5676 143
5677 158
5678 142
5679 152
5680 149
5681 145
5682 49
5683 144
5684 166
5685 102
5686 177
5687 105
5688 103
5689 148
5690 188
5691 143
5692 199
5693 111
5694 143
5695 148
5696 119
5697 122
5698 175
5699 147
5700 147
5701 145
5702 162
5703 153
5704 140
5705 156
5706 132
5707 125
5708 104
5709 131
5710 138
5711 140
5712 141
5713 171
5714 132
5715 181
5716 127
5717 104
5718 103
5719 163
5720 159
5721 133
5722 167
5723 151
5724 164
5725 177
5726 144
5727 159
5728 150
5729 174
5730 173
5731 150
5732 131
5733 175
5734 143
5735 88
5736 163
5737 123
5738 159
5739 109
5740 131
5741 132
5742 136
5743 170
5744 109
5745 133
5746 126
5747 161
5748 166
5749 171
5750 89
5751 177
5752 142
5753 126
5754 171
5755 140
5756 121
5757 136
5758 148
5759 161
5760 125
5761 146
5762 119
5763 150
5764 120
5765 135
5766 119
5767 156
5768 181
5769 158
5770 138
5771 144
5772 157
5773 128
5774 139
5775 131
5776 155
5777 131
5778 188
5779 161
5780 180
5781 128
5782 173
5783 173
5784 104
5785 133
5786 149
5787 151
5788 90
5789 132
5790 128
5791 120
5792 128
5793 158
5794 146
5795 138
5796 172
5797 122
5798 146
5799 148
5800 192
5801 135
5802 131
5803 170
5804 189
5805 142
5806 130
5807 87
5808 119
5809 143
5810 177
5811 141
5812 115
5813 162
5814 153
5815 143
5816 125
5817 129
5818 156
5819 200
5820 150
5821 144
5822 160
5823 146
5824 130
5825 131
5826 169
5827 143
5828 149
5829 94
5830 107
5831 113
5832 131
5833 140
5834 144
5835 104
5836 133
5837 162
5838 150
5839 163
5840 112
5841 127
5842 203
5843 139
5844 135
5845 140
5846 130
5847 151
5848 128
5849 59
5850 138
5851 125
5852 99
5853 181
5854 34
5855 135
5856 123
5857 130
5858 141
5859 134
5860 140
5861 188
5862 106
5863 147
5864 33
5865 148
5866 150
5867 163
5868 157
5869 120
5870 137
5871 111
5872 139
5873 177
5874 130
5875 149
5876 149
5877 113
5878 91
5879 159
5880 133
5881 146
5882 156
5883 135
5884 130
5885 114
5886 167
5887 144
5888 155
5889 124
5890 159
5891 91
5892 162
5893 140
5894 150
5895 133
5896 190
5897 142
5898 119
5899 160
5900 157
5901 116
5902 131
5903 150
5904 145
5905 126
5906 136
5907 147
5908 142
5909 166
5910 93
5911 134
5912 157
5913 152
5914 182
5915 170
5916 129
5917 157
5918 140
5919 72
5920 239
5921 131
5922 166
5923 116
5924 90
5925 168
5926 144
5927 122
5928 133
5929 156
5930 169
5931 101
5932 140
5933 113
5934 131
5935 133
5936 123
5937 131
5938 164
5939 118
5940 146
5941 187
5942 107
5943 135
5944 188
5945 137
5946 149
5947 185
5948 115
5949 116
5950 155
5951 96
5952 159
5953 150
5954 135
5955 130
5956 142
5957 172
5958 148
5959 155
5960 137
5961 157
5962 135
5963 157
5964 126
5965 119
5966 104
5967 111
5968 140
5969 133
5970 70
5971 136
5972 138
5973 134
5974 168
5975 151
5976 110
5977 158
5978 154
5979 200
5980 111
5981 133
5982 132
5983 121
5984 129
5985 127
5986 133
5987 111
5988 170
5989 203
5990 88
5991 115
5992 136
5993 96
5994 128
5995 165
5996 197
5997 143
5998 128
5999 127
6000 174
6001 139
6002 165
6003 137
6004 57
6005 146
6006 144
6007 156
6008 138
6009 137
6010 146
6011 159
6012 152
6013 153
6014 172
6015 104
6016 133
6017 152
6018 114
6019 68
6020 152
6021 139
6022 164
6023 152
6024 155
6025 148
6026 164
6027 117
6028 116
6029 130
6030 166
6031 174
6032 135
6033 107
6034 165
6035 103
6036 173
6037 162
6038 157
6039 140
6040 176
6041 135
6042 205
6043 166
6044 156
6045 110
6046 145
6047 175
6048 168
6049 121
6050 147
6051 135
6052 92
6053 107
6054 138
6055 172
6056 137
6057 149
6058 155
6059 151
6060 133
6061 147
6062 161
6063 142
6064 138
6065 123
6066 134
6067 151
6068 131
6069 129
6070 117
6071 134
6072 178
6073 205
6074 208
6075 127
6076 165
6077 139
6078 122
6079 128
6080 136
6081 132
6082 174
6083 115
6084 107
6085 190
6086 198
6087 126
6088 153
6089 130
6090 119
6091 151
6092 87
6093 111
6094 158
6095 179
6096 134
6097 163
6098 160
6099 126
6100 137
6101 141
6102 116
6103 136
6104 126
6105 185
6106 150
6107 144
6108 124
6109 149
6110 154
6111 110
6112 128
6113 129
6114 146
6115 132
6116 172
6117 129
6118 154
6119 191
6120 161
6121 149
6122 136
6123 163
6124 170
6125 160
6126 114
6127 167
6128 167
6129 134
6130 134
6131 187
6132 134
6133 201
6134 156
6135 132
6136 140
6137 146
6138 158
6139 127
6140 130
6141 127
6142 124
6143 101
6144 170
6145 133
6146 170
6147 129
6148 133
6149 156
6150 147
6151 105
6152 151
6153 102
6154 152
6155 135
6156 160
6157 144
6158 148
6159 106
6160 141
6161 182
6162 157
6163 176
6164 155
6165 151
6166 143
6167 154
6168 177
6169 163
6170 163
6171 157
6172 166
6173 145
6174 171
6175 175
6176 159
6177 140
6178 179
6179 159
6180 113
6181 169
6182 134
6183 145
6184 181
6185 181
6186 151
6187 150
6188 113
6189 165
6190 123
6191 140
6192 191
6193 147
6194 163
6195 145
6196 157
6197 147
6198 136
6199 90
6200 142
6201 143
6202 149
6203 146
6204 165
6205 83
6206 88
6207 148
6208 173
6209 150
6210 146
6211 163
6212 125
6213 178
6214 133
6215 215
6216 154
6217 125
6218 136
6219 161
6220 169
6221 141
6222 118
6223 115
6224 155
6225 114
6226 147
6227 103
6228 152
6229 131
6230 127
6231 142
6232 154
6233 229
6234 92
6235 81
6236 191
6237 150
6238 140
6239 163
6240 189
6241 183
6242 135
6243 194
6244 169
6245 130
6246 142
6247 137
6248 116
6249 228
6250 116
6251 134
6252 98
6253 150
6254 183
6255 131
6256 149
6257 173
6258 79
6259 153
6260 119
6261 122
6262 143
6263 126
6264 117
6265 126
6266 177
6267 160
6268 127
6269 157
6270 180
6271 147
6272 148
6273 156
6274 155
6275 126
6276 156
6277 61
6278 173
6279 168
6280 144
6281 176
6282 120
6283 186
6284 158
6285 143
6286 130
6287 153
6288 144
6289 169
6290 171
6291 170
6292 111
6293 122
6294 178
6295 134
6296 137
6297 244
6298 129
6299 122
6300 137
6301 143
6302 141
6303 133
6304 121
6305 102
6306 155
6307 134
6308 167
6309 132
6310 146
6311 165
6312 173
6313 131
6314 123
6315 162
6316 133
6317 163
6318 221
6319 107
6320 187
6321 179
6322 159
6323 149
6324 123
6325 181
6326 212
6327 161
6328 153
6329 153
6330 127
6331 154
6332 193
6333 201
6334 156
6335 212
6336 156
6337 164
6338 118
6339 187
6340 115
6341 151
6342 155
6343 124
6344 95
6345 65
6346 130
6347 171
6348 154
6349 159
6350 134
6351 147
6352 89
6353 176
6354 158
6355 134
6356 167
6357 155
6358 150
6359 142
6360 127
6361 127
6362 124
6363 147
6364 167
6365 114
6366 157
6367 128
6368 125
6369 127
6370 169
6371 111
6372 138
6373 124
6374 133
6375 139
6376 187
6377 113
6378 120
6379 163
6380 184
6381 156
6382 122
6383 134
6384 157
6385 116
6386 155
6387 118
6388 177
6389 124
6390 146
6391 136
6392 170
6393 119
6394 169
6395 183
6396 158
6397 140
6398 151
6399 171
6400 183
6401 143
6402 147
6403 147
6404 121
6405 110
6406 131
6407 177
6408 192
6409 119
6410 130
6411 142
6412 148
6413 174
6414 206
6415 114
6416 138
6417 115
6418 142
6419 190
6420 160
6421 126
6422 161
6423 121
6424 140
6425 99
6426 165
6427 118
6428 139
6429 155
6430 112
6431 108
6432 101
6433 160
6434 136
6435 195
6436 127
6437 111
6438 166
6439 171
6440 126
6441 154
6442 128
6443 126
6444 131
6445 171
6446 172
6447 172
6448 113
6449 161
6450 150
6451 164
6452 146
6453 154
6454 177
6455 129
6456 96
6457 158
6458 181
6459 203
6460 192
6461 124
6462 116
6463 153
6464 164
6465 158
6466 142
6467 121
6468 110
6469 174
6470 161
6471 146
6472 146
6473 146
6474 141
6475 140
6476 221
6477 165
6478 199
6479 133
6480 135
6481 146
6482 115
6483 167
6484 152
6485 160
6486 183
6487 155
6488 139
6489 139
6490 124
6491 138
6492 163
6493 156
6494 160
6495 125
6496 149
6497 172
6498 173
6499 162
6500 186
6501 155
6502 137
6503 146
6504 142
6505 142
6506 159
6507 135
6508 177
6509 143
6510 117
6511 155
6512 79
6513 174
6514 142
6515 184
6516 145
6517 146
6518 141
6519 148
6520 95
6521 129
6522 204
6523 225
6524 149
6525 151
6526 143
6527 111
6528 189
6529 128
6530 176
6531 102
6532 189
6533 173
6534 147
6535 124
6536 134
6537 123
6538 151
6539 117
6540 164
6541 136
6542 143
6543 149
6544 141
6545 129
6546 125
6547 144
6548 158
6549 134
6550 116
6551 129
6552 117
6553 197
6554 153
6555 161
6556 101
6557 110
6558 116
6559 148
6560 137
6561 159
6562 139
6563 166
6564 167
6565 137
6566 163
6567 96
6568 116
6569 164
6570 178
6571 153
6572 137
6573 127
6574 141
6575 162
6576 170
6577 172
6578 135
6579 145
6580 146
6581 133
6582 119
6583 146
6584 105
6585 152
6586 144
6587 157
6588 123
6589 155
6590 124
6591 171
6592 191
6593 172
6594 127
6595 132
6596 164
6597 163
6598 153
6599 165
6600 142
6601 151
6602 148
6603 147
6604 124
6605 115
6606 126
6607 166
6608 144
6609 133
6610 178
6611 169
6612 151
6613 107
6614 101
6615 153
6616 173
6617 156
6618 172
6619 150
6620 147
6621 135
6622 138
6623 172
6624 163
6625 126
6626 167
6627 136
6628 98
6629 143
6630 182
6631 148
6632 134
6633 150
6634 102
6635 141
6636 143
6637 114
6638 188
6639 117
6640 141
6641 141
6642 197
6643 142
6644 122
6645 132
6646 131
6647 146
6648 118
6649 150
6650 148
6651 112
6652 142
6653 160
6654 66
6655 120
6656 153
6657 125
6658 144
6659 143
6660 148
6661 163
6662 151
6663 158
6664 79
6665 168
6666 159
6667 159
6668 132
6669 151
6670 186
6671 166
6672 139
6673 131
6674 143
6675 132
6676 149
6677 125
6678 136
6679 150
6680 126
6681 138
6682 173
6683 107
6684 125
6685 118
6686 160
6687 131
6688 116
6689 157
6690 97
6691 111
6692 99
6693 153
6694 160
6695 157
6696 223
6697 140
6698 137
6699 149
6700 126
6701 142
6702 133
6703 123
6704 161
6705 133
6706 170
6707 167
6708 186
6709 165
6710 175
6711 158
6712 146
6713 154
6714 126
6715 124
6716 149
6717 152
6718 128
6719 68
6720 154
6721 102
6722 133
6723 138
6724 161
6725 149
6726 164
6727 143
6728 142
6729 119
6730 122
6731 144
6732 115
6733 114
6734 148
6735 79
6736 144
6737 146
6738 200
6739 125
6740 136
6741 163
6742 149
6743 175
6744 150
6745 138
6746 111
6747 137
6748 177
6749 169
6750 170
6751 169
6752 143
6753 144
6754 139
6755 160
6756 122
6757 132
6758 181
6759 127
6760 135
6761 166
6762 146
6763 97
6764 132
6765 143
6766 137
6767 147
6768 143
6769 174
6770 133
6771 147
6772 156
6773 153
6774 167
6775 193
6776 108
6777 125
6778 166
6779 176
6780 90
6781 178
6782 133
6783 124
6784 154
6785 147
6786 140
6787 136
6788 149
6789 166
6790 103
6791 136
6792 172
6793 184
6794 132
6795 128
6796 122
6797 142
6798 137
6799 135
6800 145
6801 144
6802 134
6803 160
6804 122
6805 147
6806 160
6807 206
6808 137
6809 146
6810 121
6811 163
6812 156
6813 184
6814 140
6815 111
6816 166
6817 170
6818 106
6819 108
6820 146
6821 188
6822 144
6823 160
6824 178
6825 186
6826 149
6827 151
6828 116
6829 159
6830 190
6831 141
6832 154
6833 153
6834 167
6835 177
6836 150
6837 139
6838 143
6839 136
6840 203
6841 174
6842 141
6843 169
6844 148
6845 168
6846 127
6847 186
6848 120
6849 171
6850 158
6851 100
6852 150
6853 143
6854 191
6855 139
6856 129
6857 170
6858 140
6859 205
6860 149
6861 170
6862 129
6863 162
6864 159
6865 141
6866 92
6867 100
6868 126
6869 114
6870 118
6871 155
6872 149
6873 130
6874 221
6875 87
6876 163
6877 145
6878 133
6879 166
6880 154
6881 183
6882 177
6883 158
6884 137
6885 94
6886 155
6887 171
6888 171
6889 140
6890 162
6891 170
6892 147
6893 197
6894 164
6895 144
6896 128
6897 141
6898 141
6899 172
6900 147
6901 128
6902 191
6903 89
6904 150
6905 186
6906 141
6907 60
6908 141
6909 141
6910 84
6911 167
6912 128
6913 181
6914 190
6915 132
6916 94
6917 178
6918 142
6919 146
6920 163
6921 206
6922 160
6923 139
6924 159
6925 153
6926 158
6927 167
6928 155
6929 155
6930 152
6931 160
6932 133
6933 177
6934 192
6935 142
6936 132
6937 144
6938 176
6939 162
6940 154
6941 80
6942 96
6943 158
6944 147
6945 118
6946 140
6947 143
6948 157
6949 147
6950 155
6951 160
6952 142
6953 163
6954 118
6955 109
6956 198
6957 129
6958 92
6959 107
6960 74
6961 143
6962 139
6963 171
6964 138
6965 123
6966 134
6967 149
6968 161
6969 158
6970 137
6971 160
6972 113
6973 118
6974 141
6975 105
6976 157
6977 117
6978 143
6979 74
6980 105
6981 138
6982 156
6983 173
6984 150
6985 150
6986 141
6987 197
6988 105
6989 121
6990 122
6991 145
6992 111
6993 112
6994 39
6995 132
6996 174
6997 156
6998 99
6999 143
7000 136
7001 141
7002 135
7003 116
7004 132
7005 174
7006 137
7007 118
7008 228
7009 211
7010 143
7011 152
7012 181
7013 160
7014 136
7015 117
7016 140
7017 150
7018 115
7019 134
7020 119
7021 182
7022 147
7023 121
7024 132
7025 133
7026 175
7027 220
7028 142
7029 152
7030 165
7031 107
7032 170
7033 142
7034 191
7035 177
7036 133
7037 121
7038 158
7039 128
7040 153
7041 132
7042 162
7043 157
7044 142
7045 139
7046 175
7047 121
7048 141
7049 105
7050 118
7051 150
7052 117
7053 164
7054 143
7055 149
7056 131
7057 166
7058 176
7059 116
7060 173
7061 125
7062 165
7063 145
7064 141
7065 156
7066 102
7067 162
7068 140
7069 115
7070 167
7071 106
7072 187
7073 190
7074 130
7075 119
7076 161
7077 164
7078 114
7079 117
7080 156
7081 161
7082 112
7083 153
7084 134
7085 120
7086 113
7087 210
7088 199
7089 129
7090 155
7091 153
7092 109
7093 112
7094 221
7095 109
7096 159
7097 124
7098 155
7099 152
7100 168
7101 160
7102 202
7103 187
7104 142
7105 138
7106 132
7107 163
7108 183
7109 153
7110 173
7111 155
7112 151
7113 147
7114 129
7115 142
7116 93
7117 104
7118 155
7119 112
7120 171
7121 159
7122 133
7123 135
7124 187
7125 109
7126 104
7127 134
7128 131
7129 150
7130 161
7131 141
7132 178
7133 108
7134 150
7135 143
7136 125
7137 138
7138 199
7139 141
7140 166
7141 158
7142 131
7143 153
7144 144
7145 178
7146 138
7147 153
7148 187
7149 166
7150 155
7151 141
7152 129
7153 166
7154 142
7155 210
7156 136
7157 128
7158 152
7159 120
7160 138
7161 151
7162 121
7163 131
7164 156
7165 125
7166 86
7167 144
7168 128
7169 168
7170 149
7171 157
7172 164
7173 156
7174 125
7175 114
7176 136
7177 149
7178 116
7179 116
7180 152
7181 134
7182 153
7183 114
7184 181
7185 136
7186 201
7187 136
7188 147
7189 144
7190 135
7191 121
7192 139
7193 166
7194 147
7195 150
7196 192
7197 161
7198 114
7199 175
7200 132
7201 123
7202 156
7203 146
7204 144
7205 155
7206 156
7207 141
7208 120
7209 167
7210 179
7211 128
7212 153
7213 162
7214 157
7215 176
7216 147
7217 65
7218 121
7219 116
7220 112
7221 133
7222 120
7223 149
7224 161
7225 149
7226 162
7227 164
7228 142
7229 142
7230 137
7231 130
7232 158
7233 149
7234 184
7235 169
7236 160
7237 152
7238 141
7239 187
7240 147
7241 119
7242 144
7243 127
7244 137
7245 205
7246 120
7247 174
7248 146
7249 180
7250 160
7251 138
7252 103
7253 151
7254 159
7255 145
7256 180
7257 142
7258 118
7259 138
7260 148
7261 189
7262 176
7263 109
7264 168
7265 147
7266 182
7267 130
7268 110
7269 145
7270 148
7271 172
7272 179
7273 128
7274 146
7275 166
7276 152
7277 170
7278 155
7279 114
7280 153
7281 136
7282 127
7283 156
7284 142
7285 135
7286 147
7287 214
7288 139
7289 140
7290 178
7291 125
7292 169
7293 152
7294 133
7295 171
7296 154
7297 143
7298 135
7299 186
7300 140
7301 119
7302 93
7303 111
7304 177
7305 169
7306 147
7307 163
7308 107
7309 156
7310 137
7311 141
7312 93
7313 177
7314 89
7315 142
7316 148
7317 140
7318 96
7319 130
7320 148
7321 161
7322 86
7323 82
7324 139
7325 120
7326 82
7327 163
7328 153
7329 156
7330 120
7331 143
7332 135
7333 135
7334 120
7335 160
7336 168
7337 159
7338 202
7339 135
7340 83
7341 140
7342 164
7343 134
7344 139
7345 134
7346 182
7347 135
7348 145
7349 116
7350 165
7351 59
7352 174
7353 172
7354 144
7355 140
7356 124
7357 163
7358 144
7359 154
7360 137
7361 140
7362 166
7363 56
7364 163
7365 146
7366 168
7367 198
7368 151
7369 132
7370 171
7371 133
7372 158
7373 148
7374 117
7375 139
7376 118
7377 163
7378 134
7379 142
7380 183
7381 165
7382 200
7383 149
7384 118
7385 127
7386 142
7387 147
7388 152
7389 158
7390 137
7391 143
7392 130
7393 152
7394 175
7395 154
7396 183
7397 126
7398 127
7399 134
7400 149
7401 187
7402 125
7403 166
7404 148
7405 146
7406 152
7407 129
7408 156
7409 156
7410 167
7411 77
7412 142
7413 182
7414 130
7415 100
7416 185
7417 136
7418 132
7419 129
7420 199
7421 197
7422 149
7423 195
7424 126
7425 154
7426 152
7427 135
7428 161
7429 150
7430 132
7431 141
7432 157
7433 117
7434 176
7435 149
7436 131
7437 131
7438 151
7439 116
7440 127
7441 164
7442 152
7443 176
7444 155
7445 150
7446 161
7447 170
7448 201
7449 171
7450 152
7451 166
7452 105
7453 217
7454 115
7455 136
7456 145
7457 158
7458 111
7459 147
7460 114
7461 111
7462 149
7463 179
7464 137
7465 175
7466 114
7467 163
7468 177
7469 123
7470 178
7471 141
7472 191
7473 143
7474 156
7475 158
7476 145
7477 68
7478 137
7479 134
7480 132
7481 127
7482 100
7483 164
7484 167
7485 125
7486 151
7487 151
7488 139
7489 130
7490 139
7491 145
7492 121
7493 142
7494 181
7495 128
7496 106
7497 131
7498 136
7499 129
