Vertices: 9800
Edges: 68600
Time: 5,389 ms
Iterations: 68570
Vertex Distance
0 0
1 171
2 164
3 149
4 79
5 126
6 142
7 160
8 108
9 161
10 148
11 135
12 136
13 82
14 128
15 144
16 143
17 151
18 116
19 140
20 111
21 148
22 118
23 146
24 149
25 109
26 112
27 97
28 142
29 150
30 124
31 165
32 146
33 104
34 154
35 136
36 138
37 155
38 160
39 118
40 151
41 155
42 170
43 162
44 166
45 120
46 139
47 169
48 112
49 107
50 142
51 88
52 171
53 119
54 149
55 90
56 121
57 90
58 146
59 134
60 95
61 93
62 102
63 180
64 156
65 101
66 177
67 136
68 101
69 135
70 133
71 150
72 129
73 138
74 124
75 119
76 155
77 142
78 175
79 133
80 144
81 95
82 166
83 147
84 142
85 139
86 158
87 148
88 114
89 120
90 124
91 169
92 122
93 133
94 130
95 152
96 112
97 166
98 141
99 149
100 109
101 158
102 112
103 131
104 139
105 139
106 158
107 117
108 120
109 101
110 129
111 119
112 138
113 134
114 137
115 123
116 131
117 182
118 104
119 57
120 94
121 115
122 143
123 121
124 155
125 158
126 112
127 165
128 117
129 171
130 157
131 159
132 131
133 126
134 107
135 129
136 146
137 142
138 128
139 119
140 173
141 141
142 107
143 139
144 142
145 116
146 161
147 145
148 111
149 104
150 118
151 143
152 117
153 141
154 169
155 137
156 134
157 114
158 134
159 128
160 130
161 125
162 129
163 142
164 135
165 88
166 135
167 94
168 161
169 72
170 153
171 156
172 183
173 154
174 109
175 131
176 112
177 143
178 117
179 115
180 95
181 203
182 160
183 123
184 165
185 124
186 146
187 178
188 99
189 88
190 117
191 105
192 141
193 118
194 119
195 122
196 175
197 98
198 127
199 128
200 133
201 146
202 125
203 126
204 108
205 125
206 144
207 192
208 121
209 145
210 97
211 147
212 153
213 154
214 140
215 145
216 75
217 125
218 129
219 130
220 130
221 131
222 118
223 100
224 120
225 98
226 122
227 108
228 91
229 127
230 149
231 101
232 111
233 191
234 147
235 112
236 157
237 125
238 139
239 116
240 109
241 139
242 110
243 150
244 133
245 131
246 166
247 154
248 164
249 149
250 144
251 87
252 148
253 125
254 147
255 137
256 127
257 140
258 81
259 116
260 136
261 129
262 145
263 136
264 121
265 104
266 147
267 105
268 111
269 81
270 121
271 141
272 137
273 144
274 127
275 154
276 117
277 105
278 109
279 93
280 125
281 173
282 135
283 166
284 133
285 125
286 135
287 129
288 126
289 113
290 128
291 171
292 130
293 146
294 127
295 150
296 63
297 138
298 192
299 163
300 111
301 127
302 145
303 86
304 150
305 90
306 145
307 164
308 137
309 92
310 144
311 57
312 176
313 151
314 126
315 124
316 123
317 115
318 149
319 112
320 71
321 115
322 126
323 137
324 136
325 145
326 171
327 134
328 147
329 205
330 121
331 204
332 138
333 132
334 118
335 133
336 77
337 137
338 144
339 150
340 108
341 188
342 120
343 141
344 124
345 170
346 203
347 117
348 140
349 110
350 107
351 120
352 88
353 123
354 163
355 74
356 131
357 124
358 138
359 190
360 149
361 146
362 137
363 138
364 105
365 99
366 138
367 134
368 109
369 133
370 102
371 116
372 116
373 96
374 146
375 141
376 147
377 153
378 149
379 119
380 129
381 122
382 136
383 141
384 132
385 133
386 137
387 169
388 140
389 150
390 139
391 120
392 132
393 127
394 124
395 110
396 167
397 121
398 145
399 148
400 129
401 126
402 127
403 177
404 163
405 82
406 193
407 114
408 136
409 88
410 149
411 175
412 87
413 134
414 126
415 106
416 135
417 130
418 120
419 121
420 104
421 160
422 184
423 143
424 131
425 125
426 174
427 148
428 129
429 179
430 68
431 118
432 223
433 161
434 131
435 144
436 121
437 147
438 116
439 140
440 99
441 120
442 138
443 113
444 124
445 151
446 100
447 91
448 132
449 121
450 161
451 143
452 101
453 144
454 157
455 110
456 139
457 161
458 126
459 140
460 170
461 138
462 147
463 143
464 87
465 134
466 151
467 119
468 142
469 113
470 132
471 128
472 103
473 130
474 152
475 91
476 127
477 123
478 157
479 98
480 82
481 99
482 168
483 146
484 142
485 95
486 124
487 127
488 146
489 53
490 144
491 47
492 121
493 149
494 124
495 120
496 218
497 89
498 96
499 121
500 128
501 75
502 127
503 155
504 181
505 135
506 164
507 128
508 93
509 131
510 129
511 135
512 142
513 105
514 110
515 132
516 157
517 52
518 121
519 102
520 158
521 130
522 102
523 111
524 70
525 144
526 137
527 152
528 147
529 116
530 114
531 124
532 98
533 160
534 118
535 146
536 146
537 125
538 137
539 167
540 151
541 150
542 147
543 131
544 138
545 173
546 154
547 122
548 134
549 138
550 145
551 131
552 157
553 143
554 116
555 101
556 129
557 163
558 108
559 89
560 107
561 129
562 172
563 131
564 149
565 102
566 129
567 134
568 138
569 145
570 137
571 157
572 149
573 167
574 138
575 77
576 119
577 134
578 93
579 144
580 98
581 139
582 101
583 213
584 121
585 113
586 155
587 150
588 116
589 103
590 163
591 169
592 139
593 167
594 153
595 160
596 108
597 116
598 146
599 126
600 127
601 130
602 115
603 122
604 73
605 156
606 124
607 104
608 108
609 83
610 118
611 112
612 176
613 139
614 158
615 124
616 119
617 150
618 138
619 101
620 107
621 130
622 72
623 173
624 111
625 161
626 123
627 139
628 133
629 189
630 166
631 88
632 200
633 131
634 117
635 130
636 110
637 158
638 124
639 146
640 133
641 134
642 116
643 134
644 119
645 81
646 157
647 119
648 166
649 152
650 132
651 102
652 163
653 143
654 176
655 97
656 129
657 126
658 146
659 178
660 144
661 100
662 110
663 91
664 124
665 118
666 100
667 150
668 148
669 231
670 139
671 165
672 103
673 146
674 103
675 130
676 152
677 89
678 108
679 146
680 140
681 153
682 155
683 119
684 128
685 127
686 140
687 147
688 165
689 74
690 145
691 127
692 184
693 119
694 145
695 126
696 123
697 83
698 121
699 122
700 129
701 154
702 161
703 143
704 121
705 156
706 165
707 139
708 88
709 127
710 136
711 131
712 122
713 138
714 138
715 144
716 111
717 160
718 155
719 116
720 109
721 133
722 126
723 125
724 151
725 147
726 127
727 125
728 92
729 139
730 171
731 106
732 104
733 123
734 155
735 111
736 150
737 137
738 144
739 131
740 138
741 167
742 162
743 126
744 160
745 148
746 140
747 130
748 137
749 157
750 142
751 155
752 115
753 86
754 89
755 163
756 96
757 144
758 122
759 120
760 137
761 145
762 103
763 90
764 172
765 86
766 126
767 147
768 153
769 179
770 119
771 122
772 152
773 136
774 137
775 156
776 135
777 139
778 126
779 153
780 130
781 144
782 117
783 153
784 90
785 183
786 111
787 92
788 121
789 132
790 87
791 115
792 138
793 119
794 114
795 103
796 129
797 108
798 87
799 148
800 139
801 155
802 154
803 168
804 149
805 135
806 59
807 99
808 141
809 136
810 119
811 114
812 98
813 103
814 150
815 114
816 160
817 90
818 109
819 64
820 141
821 178
822 143
823 93
824 124
825 159
826 98
827 120
828 139
829 108
830 142
831 146
832 146
833 113
834 165
835 149
836 129
837 107
838 134
839 109
840 99
841 149
842 144
843 114
844 158
845 156
846 122
847 116
848 122
849 157
850 140
851 138
852 114
853 137
854 107
855 154
856 114
857 95
858 127
859 141
860 130
861 106
862 123
863 148
864 117
865 130
866 113
867 138
868 153
869 112
870 149
871 131
872 128
873 74
874 134
875 119
876 130
877 157
878 145
879 172
880 149
881 157
882 102
883 206
884 99
885 136
886 137
887 126
888 151
889 119
890 107
891 168
892 187
893 140
894 132
895 118
896 152
897 82
898 146
899 177
900 146
901 103
902 182
903 94
904 70
905 90
906 156
907 154
908 165
909 112
910 126
911 130
912 135
913 171
914 132
915 144
916 118
917 131
918 102
919 145
920 134
921 79
922 141
923 116
924 163
925 111
926 150
927 145
928 87
929 124
930 155
931 140
932 116
933 112
934 140
935 135
936 148
937 126
938 149
939 147
940 103
941 122
942 82
943 121
944 127
945 55
946 97
947 157
948 140
949 124
950 116
951 97
952 132
953 183
954 131
955 113
956 183
957 171
958 177
959 116
960 115
961 119
962 90
963 158
964 118
965 147
966 125
967 130
968 124
969 98
970 134
971 132
972 120
973 134
974 131
975 175
976 155
977 143
978 118
979 100
980 155
981 149
982 146
983 127
984 159
985 149
986 105
987 133
988 165
989 134
990 153
991 136
992 147
993 118
994 103
995 150
996 128
997 146
998 125
999 123
1000 137
1001 122
1002 115
1003 138
1004 95
1005 110
1006 137
1007 125
1008 161
1009 98
1010 184
1011 113
1012 154
1013 126
1014 128
1015 121
1016 104
1017 138
1018 118
1019 136
1020 111
1021 186
1022 134
1023 130
1024 158
1025 135
1026 152
1027 89
1028 120
1029 154
1030 127
1031 105
1032 167
1033 136
1034 107
1035 135
1036 87
1037 145
1038 94
1039 133
1040 195
1041 146
1042 135
1043 176
1044 128
1045 117
1046 128
1047 96
1048 160
1049 118
1050 164
1051 164
1052 131
1053 180
1054 144
1055 131
1056 106
1057 109
1058 167
1059 97
1060 155
1061 127
1062 145
1063 123
1064 127
1065 158
1066 119
1067 119
1068 117
1069 155
1070 143
1071 127
1072 76
1073 171
1074 118
1075 136
1076 155
1077 109
1078 125
1079 67
1080 194
1081 150
1082 127
1083 144
1084 141
1085 142
1086 102
1087 123
1088 96
1089 169
1090 109
1091 136
1092 164
1093 185
1094 149
1095 132
1096 204
1097 116
1098 146
1099 135
1100 108
1101 98
1102 142
1103 136
1104 130
1105 61
1106 131
1107 124
1108 137
1109 123
1110 148
1111 88
1112 149
1113 113
1114 73
1115 149
1116 158
1117 149
1118 125
1119 109
1120 133
1121 134
1122 139
1123 158
1124 134
1125 144
1126 139
1127 130
1128 185
1129 134
1130 128
1131 167
1132 173
1133 147
1134 167
1135 131
1136 131
1137 91
1138 54
1139 134
1140 74
1141 101
1142 110
1143 115
1144 184
1145 106
1146 165
1147 146
1148 137
1149 102
1150 108
1151 147
1152 123
1153 136
1154 155
1155 109
1156 140
1157 118
1158 93
1159 181
1160 78
1161 139
1162 156
1163 148
1164 145
1165 129
1166 117
1167 166
1168 130
1169 134
1170 145
1171 124
1172 152
1173 121
1174 133
1175 125
1176 150
1177 144
1178 130
1179 132
1180 106
1181 164
1182 159
1183 120
1184 127
1185 123
1186 158
1187 146
1188 162
1189 64
1190 84
1191 131
1192 102
1193 104
1194 130
1195 91
1196 109
1197 130
1198 83
1199 95
1200 172
1201 136
1202 132
1203 136
1204 163
1205 130
1206 136
1207 121
1208 142
1209 124
1210 128
1211 129
1212 156
1213 150
1214 137
1215 72
1216 128
1217 159
1218 131
1219 107
1220 89
1221 133
1222 154
1223 139
1224 154
1225 168
1226 97
1227 130
1228 166
1229 116
1230 126
1231 108
1232 108
1233 137
1234 101
1235 133
1236 93
1237 149
1238 109
1239 142
1240 112
1241 168
1242 89
1243 119
1244 110
1245 164
1246 102
1247 128
1248 138
1249 93
1250 111
1251 166
1252 135
1253 143
1254 94
1255 61
1256 162
1257 139
1258 53
1259 143
1260 159
1261 83
1262 112
1263 112
1264 152
1265 102
1266 133
1267 144
1268 141
1269 122
1270 119
1271 99
1272 148
1273 144
1274 145
1275 94
1276 131
1277 120
1278 114
1279 156
1280 171
1281 119
1282 126
1283 117
1284 115
1285 106
1286 61
1287 130
1288 97
1289 141
1290 132
1291 161
1292 142
1293 112
1294 100
1295 157
1296 104
1297 98
1298 121
1299 112
1300 80
1301 138
1302 143
1303 140
1304 98
1305 156
1306 172
1307 160
1308 114
1309 126
1310 134
1311 112
1312 135
1313 103
1314 116
1315 110
1316 113
1317 151
1318 138
1319 130
1320 173
1321 94
1322 123
1323 125
1324 179
1325 138
1326 122
1327 164
1328 119
1329 121
1330 134
1331 89
1332 118
1333 142
1334 207
1335 117
1336 89
1337 108
1338 142
1339 79
1340 135
1341 202
1342 108
1343 120
1344 116
1345 106
1346 137
1347 174
1348 112
1349 105
1350 168
1351 141
1352 116
1353 140
1354 161
1355 154
1356 122
1357 99
1358 173
1359 97
1360 191
1361 118
1362 137
1363 140
1364 123
1365 131
1366 110
1367 118
1368 131
1369 165
1370 152
1371 136
1372 185
1373 84
1374 93
1375 127
1376 99
1377 158
1378 105
1379 143
1380 177
1381 113
1382 116
1383 96
1384 101
1385 161
1386 157
1387 156
1388 123
1389 116
1390 103
1391 111
1392 157
1393 121
1394 83
1395 125
1396 167
1397 130
1398 120
1399 99
1400 151
1401 125
1402 109
1403 151
1404 107
1405 160
1406 137
1407 168
1408 128
1409 176
1410 148
1411 58
1412 132
1413 171
1414 79
1415 217
1416 146
1417 139
1418 120
1419 168
1420 144
1421 180
1422 136
1423 142
1424 108
1425 95
1426 122
1427 199
1428 165
1429 102
1430 121
1431 149
1432 151
1433 151
1434 125
1435 155
1436 139
1437 169
1438 118
1439 141
1440 132
1441 115
1442 116
1443 147
1444 139
1445 134
1446 142
1447 114
1448 126
1449 154
1450 110
1451 98
1452 84
1453 132
1454 111
1455 82
1456 97
1457 142
1458 151
1459 131
1460 131
1461 122
1462 129
1463 121
1464 122
1465 93
1466 146
1467 127
1468 124
1469 116
1470 128
1471 153
1472 141
1473 138
1474 118
1475 132
1476 104
1477 136
1478 109
1479 239
1480 130
1481 145
1482 104
1483 81
1484 82
1485 150
1486 168
1487 142
1488 123
1489 113
1490 112
1491 123
1492 87
1493 121
1494 163
1495 122
1496 116
1497 89
1498 151
1499 138
1500 151
1501 164
1502 75
1503 141
1504 118
1505 200
1506 122
1507 124
1508 137
1509 112
1510 139
1511 168
1512 176
1513 120
1514 115
1515 132
1516 130
1517 143
1518 111
1519 162
1520 134
1521 124
1522 114
1523 98
1524 129
1525 128
1526 181
1527 76
1528 109
1529 192
1530 150
1531 167
1532 114
1533 120
1534 70
1535 141
1536 173
1537 131
1538 135
1539 132
1540 145
1541 161
1542 143
1543 111
1544 146
1545 123
1546 142
1547 150
1548 162
1549 129
1550 109
1551 161
1552 126
1553 128
1554 126
1555 153
1556 104
1557 136
1558 127
1559 120
1560 105
1561 144
1562 136
1563 154
1564 152
1565 148
1566 140
1567 101
1568 141
1569 183
1570 76
1571 119
1572 104
1573 135
1574 132
1575 123
1576 148
1577 142
1578 129
1579 119
1580 190
1581 117
1582 135
1583 125
1584 138
1585 162
1586 80
1587 107
1588 121
1589 153
1590 168
1591 152
1592 163
1593 109
1594 140
1595 175
1596 132
1597 111
1598 121
1599 138
1600 86
1601 132
1602 124
1603 136
1604 135
1605 123
1606 153
1607 123
1608 136
1609 131
1610 126
1611 116
1612 116
1613 100
1614 114
1615 134
1616 152
1617 144
1618 171
1619 127
1620 147
1621 151
1622 126
1623 83
1624 138
1625 127
1626 168
1627 145
1628 142
1629 141
1630 146
1631 162
1632 133
1633 86
1634 144
1635 140
1636 142
1637 88
1638 127
1639 154
1640 88
1641 131
1642 105
1643 117
1644 104
1645 156
1646 113
1647 112
1648 160
1649 142
1650 174
1651 225
1652 169
1653 137
1654 120
1655 202
1656 122
1657 115
1658 150
1659 109
1660 145
1661 111
1662 132
1663 136
1664 132
1665 122
1666 88
1667 104
1668 115
1669 106
1670 75
1671 116
1672 155
1673 77
1674 120
1675 167
1676 178
1677 137
1678 90
1679 133
1680 134
1681 138
1682 129
1683 197
1684 139
1685 129
1686 142
1687 157
1688 123
1689 155
1690 143
1691 145
1692 88
1693 179
1694 174
1695 115
1696 167
1697 127
1698 110
1699 120
1700 120
1701 154
1702 148
1703 127
1704 125
1705 193
1706 98
1707 113
1708 115
1709 141
1710 163
1711 120
1712 129
1713 115
1714 145
1715 103
1716 133
1717 72
1718 103
1719 144
1720 122
1721 133
1722 115
1723 113
1724 125
1725 113
1726 164
1727 104
1728 117
1729 130
1730 139
1731 125
1732 90
1733 111
1734 211
1735 83
1736 138
1737 96
1738 128
1739 141
1740 185
1741 154
1742 130
1743 154
1744 152
1745 140
1746 112
1747 110
1748 160
1749 127
1750 88
1751 136
1752 147
1753 195
1754 136
1755 121
1756 170
1757 152
1758 129
1759 124
1760 115
1761 132
1762 112
1763 145
1764 111
1765 179
1766 131
1767 200
1768 127
1769 163
1770 139
1771 73
1772 109
1773 132
1774 88
1775 152
1776 147
1777 161
1778 123
1779 120
1780 120
1781 135
1782 127
1783 132
1784 130
1785 155
1786 143
1787 127
1788 110
1789 127
1790 125
1791 141
1792 92
1793 146
1794 96
1795 148
1796 138
1797 102
1798 206
1799 128
1800 156
1801 177
1802 156
1803 144
1804 95
1805 143
1806 161
1807 107
1808 106
1809 90
1810 146
1811 168
1812 129
1813 97
1814 133
1815 109
1816 156
1817 112
1818 149
1819 127
1820 157
1821 155
1822 76
1823 125
1824 115
1825 154
1826 159
1827 95
1828 133
1829 122
1830 137
1831 147
1832 115
1833 156
1834 137
1835 132
1836 128
1837 105
1838 137
1839 103
1840 104
1841 109
1842 132
1843 108
1844 119
1845 125
1846 129
1847 121
1848 138
1849 143
1850 81
1851 141
1852 141
1853 109
1854 92
1855 144
1856 130
1857 104
1858 134
1859 151
1860 126
1861 121
1862 138
1863 128
1864 102
1865 170
1866 137
1867 130
1868 105
1869 72
1870 136
1871 118
1872 109
1873 140
1874 143
1875 124
1876 95
1877 55
1878 119
1879 127
1880 129
1881 113
1882 139
1883 117
1884 136
1885 134
1886 141
1887 151
1888 130
1889 159
1890 143
1891 117
1892 100
1893 171
1894 134
1895 144
1896 121
1897 136
1898 129
1899 145
1900 180
1901 118
1902 112
1903 135
1904 110
1905 122
1906 124
1907 149
1908 151
1909 117
1910 136
1911 102
1912 168
1913 119
1914 136
1915 138
1916 150
1917 110
1918 97
1919 137
1920 168
1921 162
1922 121
1923 109
1924 145
1925 125
1926 138
1927 87
1928 159
1929 130
1930 113
1931 110
1932 104
1933 80
1934 117
1935 99
1936 105
1937 111
1938 117
1939 128
1940 152
1941 156
1942 95
1943 116
1944 137
1945 102
1946 140
1947 167
1948 150
1949 179
1950 128
1951 151
1952 146
1953 139
1954 138
1955 137
1956 100
1957 184
1958 120
1959 130
1960 109
1961 101
1962 136
1963 125
1964 120
1965 138
1966 129
1967 108
1968 138
1969 175
1970 143
1971 117
1972 121
1973 147
1974 118
1975 58
1976 121
1977 128
1978 118
1979 141
1980 135
1981 145
1982 171
1983 101
1984 97
1985 126
1986 111
1987 132
1988 135
1989 150
1990 128
1991 150
1992 168
1993 133
1994 137
1995 148
1996 120
1997 102
1998 145
1999 139
2000 117
2001 127
2002 144
2003 123
2004 166
2005 118
2006 81
2007 81
2008 179
2009 130
2010 144
2011 130
2012 141
2013 114
2014 104
2015 105
2016 123
2017 120
2018 118
2019 89
2020 132
2021 122
2022 98
2023 132
2024 147
2025 108
2026 119
2027 113
2028 122
2029 145
2030 168
2031 135
2032 129
2033 163
2034 167
2035 173
2036 165
2037 167
2038 147
2039 102
2040 98
2041 163
2042 141
2043 119
2044 140
2045 116
2046 111
2047 142
2048 134
2049 123
2050 146
2051 130
2052 165
2053 129
2054 128
2055 116
2056 148
2057 116
2058 92
2059 133
2060 134
2061 117
2062 116
2063 153
2064 114
2065 138
2066 51
2067 155
2068 144
2069 132
2070 149
2071 142
2072 106
2073 166
2074 159
2075 111
2076 135
2077 94
2078 135
2079 112
2080 129
2081 133
2082 109
2083 134
2084 123
2085 175
2086 151
2087 138
2088 108
2089 134
2090 132
2091 149
2092 156
2093 118
2094 147
2095 131
2096 128
2097 126
2098 137
2099 138
2100 115
2101 190
2102 131
2103 135
2104 180
2105 152
2106 170
2107 85
2108 153
2109 96
2110 100
2111 136
2112 165
2113 136
2114 162
2115 123
2116 129
2117 142
2118 131
2119 143
2120 171
2121 111
2122 93
2123 142
2124 134
2125 142
2126 107
2127 143
2128 135
2129 155
2130 138
2131 112
2132 161
2133 99
2134 135
2135 130
2136 123
2137 137
2138 129
2139 107
2140 84
2141 139
2142 174
2143 127
2144 171
2145 105
2146 134
2147 106
2148 151
2149 174
2150 134
2151 120
2152 107
2153 172
2154 102
2155 105
2156 133
2157 140
2158 143
2159 96
2160 102
2161 156
2162 123
2163 136
2164 101
2165 136
2166 143
2167 153
2168 148
2169 140
2170 117
2171 152
2172 64
2173 162
2174 123
2175 105
2176 164
2177 145
2178 143
2179 135
2180 106
2181 120
2182 104
2183 144
2184 134
2185 137
2186 106
2187 88
2188 115
2189 161
2190 136
2191 109
2192 114
2193 119
2194 160
2195 171
2196 135
2197 130
2198 145
2199 136
2200 155
2201 144
2202 133
2203 174
2204 123
2205 142
2206 122
2207 156
2208 121
2209 113
2210 107
2211 117
2212 128
2213 125
2214 122
2215 143
2216 97
2217 112
2218 170
2219 144
2220 164
2221 131
2222 135
2223 128
2224 71
2225 124
2226 161
2227 100
2228 142
2229 129
2230 119
2231 135
2232 182
2233 96
2234 132
2235 144
2236 132
2237 164
2238 156
2239 108
2240 132
2241 195
2242 133
2243 140
2244 147
2245 160
2246 104
2247 124
2248 127
2249 141
2250 149
2251 121
2252 141
2253 146
2254 120
2255 149
2256 140
2257 186
2258 115
2259 132
2260 63
2261 132
2262 21
2263 126
2264 147
2265 187
2266 119
2267 142
2268 109
2269 111
2270 135
2271 165
2272 140
2273 121
2274 154
2275 116
2276 172
2277 131
2278 142
2279 114
2280 118
2281 123
2282 114
2283 87
2284 132
2285 152
2286 144
2287 100
2288 110
2289 152
2290 127
2291 186
2292 131
2293 145
2294 87
2295 150
2296 127
2297 133
2298 98
2299 139
2300 144
2301 113
2302 131
2303 119
2304 142
2305 128
2306 140
2307 244
2308 83
2309 128
2310 123
2311 124
2312 214
2313 138
2314 79
2315 136
2316 130
2317 159
2318 125
2319 149
2320 162
2321 123
2322 120
2323 151
2324 122
2325 152
2326 141
2327 132
2328 122
2329 146
2330 156
2331 178
2332 146
2333 133
2334 165
2335 143
2336 143
2337 109
2338 121
2339 117
2340 163
2341 120
2342 117
2343 143
2344 71
2345 127
2346 139
2347 142
2348 111
2349 156
2350 137
2351 142
2352 125
2353 147
2354 99
2355 122
2356 153
2357 113
2358 192
2359 83
2360 103
2361 137
2362 107
2363 168
2364 138
2365 144
2366 138
2367 128
2368 137
2369 121
2370 140
2371 148
2372 145
2373 143
2374 112
2375 168
2376 131
2377 132
2378 131
2379 121
2380 141
2381 92
2382 178
2383 97
2384 126
2385 173
2386 123
2387 129
2388 121
2389 148
2390 150
2391 125
2392 128
2393 130
2394 110
2395 135
2396 79
2397 135
2398 112
2399 181
2400 134
2401 129
2402 80
2403 126
2404 54
2405 124
2406 87
2407 133
2408 118
2409 149
2410 169
2411 157
2412 122
2413 119
2414 155
2415 90
2416 150
2417 99
2418 152
2419 120
2420 118
2421 139
2422 133
2423 141
2424 141
2425 136
2426 138
2427 150
2428 202
2429 139
2430 127
2431 133
2432 104
2433 114
2434 122
2435 121
2436 107
2437 162
2438 143
2439 108
2440 141
2441 146
2442 121
2443 175
2444 174
2445 124
2446 119
2447 105
2448 106
2449 128
2450 151
2451 129
2452 128
2453 161
2454 136
2455 109
2456 124
2457 190
2458 96
2459 159
2460 132
2461 156
2462 153
2463 157
2464 149
2465 160
2466 104
2467 101
2468 156
2469 161
2470 100
2471 76
2472 155
2473 107
2474 168
2475 127
2476 135
2477 182
2478 146
2479 128
2480 118
2481 101
2482 154
2483 125
2484 126
2485 85
2486 139
2487 125
2488 144
2489 162
2490 135
2491 105
2492 121
2493 139
2494 138
2495 137
2496 123
2497 152
2498 136
2499 127
2500 117
2501 79
2502 141
2503 123
2504 199
2505 160
2506 136
2507 128
2508 103
2509 135
2510 94
2511 146
2512 114
2513 127
2514 143
2515 123
2516 192
2517 125
2518 106
2519 115
2520 89
2521 85
2522 145
2523 144
2524 140
2525 160
2526 123
2527 145
2528 109
2529 121
2530 147
2531 110
2532 108
2533 176
2534 78
2535 127
2536 161
2537 140
2538 130
2539 106
2540 125
2541 187
2542 133
2543 100
2544 89
2545 120
2546 140
2547 132
2548 114
2549 143
2550 125
2551 132
2552 123
2553 150
2554 150
2555 140
2556 72
2557 147
2558 142
2559 109
2560 71
2561 105
2562 171
2563 122
2564 150
2565 142
2566 162
2567 135
2568 110
2569 133
2570 111
2571 130
2572 164
2573 74
2574 111
2575 137
2576 167
2577 160
2578 54
2579 134
2580 116
2581 106
2582 120
2583 171
2584 155
2585 103
2586 153
2587 103
2588 99
2589 144
2590 106
2591 140
2592 125
2593 159
2594 140
2595 109
2596 138
2597 169
2598 131
2599 87
2600 148
2601 119
2602 109
2603 136
2604 96
2605 112
2606 154
2607 136
2608 80
2609 95
2610 118
2611 115
2612 138
2613 92
2614 151
2615 102
2616 88
2617 118
2618 137
2619 155
2620 136
2621 175
2622 140
2623 134
2624 94
2625 80
2626 104
2627 148
2628 132
2629 112
2630 124
2631 159
2632 117
2633 143
2634 145
2635 126
2636 173
2637 160
2638 148
2639 117
2640 135
2641 130
2642 108
2643 162
2644 79
2645 114
2646 96
2647 116
2648 57
2649 77
2650 127
2651 137
2652 136
2653 143
2654 126
2655 141
2656 145
2657 105
2658 135
2659 131
2660 157
2661 139
2662 140
2663 160
2664 117
2665 139
2666 132
2667 157
2668 154
2669 115
2670 128
2671 129
2672 124
2673 144
2674 173
2675 112
2676 156
2677 124
2678 115
2679 154
2680 126
2681 104
2682 107
2683 114
2684 131
2685 157
2686 141
2687 129
2688 115
2689 127
2690 141
2691 170
2692 137
2693 141
2694 109
2695 131
2696 128
2697 132
2698 128
2699 173
2700 169
2701 127
2702 154
2703 170
2704 125
2705 144
2706 223
2707 83
2708 62
2709 133
2710 129
2711 150
2712 128
2713 156
2714 128
2715 174
2716 111
2717 168
2718 60
2719 122
2720 199
2721 72
2722 136
2723 147
2724 178
2725 149
2726 131
2727 144
2728 129
2729 144
2730 186
2731 159
2732 101
2733 117
2734 147
2735 114
2736 148
2737 53
2738 133
2739 196
2740 166
2741 116
2742 128
2743 88
2744 136
2745 144
2746 103
2747 152
2748 90
2749 134
2750 124
2751 106
2752 128
2753 152
2754 152
2755 164
2756 150
2757 113
2758 136
2759 136
2760 139
2761 100
2762 110
2763 93
2764 137
2765 140
2766 154
2767 162
2768 170
2769 103
2770 104
2771 113
2772 138
2773 130
2774 146
2775 124
2776 126
2777 105
2778 165
2779 95
2780 114
2781 189
2782 142
2783 116
2784 163
2785 111
2786 135
2787 144
2788 104
2789 185
2790 146
2791 129
2792 171
2793 132
2794 115
2795 104
2796 133
2797 97
2798 145
2799 151
2800 150
2801 99
2802 190
2803 96
2804 105
2805 134
2806 173
2807 111
2808 146
2809 119
2810 143
2811 158
2812 125
2813 144
2814 143
2815 154
2816 137
2817 126
2818 129
2819 154
2820 136
2821 125
2822 109
2823 135
2824 136
2825 148
2826 89
2827 55
2828 136
2829 85
2830 157
2831 122
2832 133
2833 136
2834 129
2835 137
2836 202
2837 133
2838 109
2839 146
2840 169
2841 141
2842 153
2843 127
2844 127
2845 125
2846 160
2847 145
2848 109
2849 178
2850 138
2851 138
2852 161
2853 101
2854 135
2855 166
2856 180
2857 72
2858 149
2859 132
2860 133
2861 125
2862 84
2863 143
2864 179
2865 127
2866 142
2867 152
2868 134
2869 128
2870 152
2871 117
2872 91
2873 143
2874 120
2875 125
2876 132
2877 111
2878 116
2879 112
2880 153
2881 158
2882 128
2883 114
2884 134
2885 115
2886 123
2887 137
2888 132
2889 152
2890 136
2891 132
2892 101
2893 104
2894 142
2895 107
2896 137
2897 133
2898 115
2899 84
2900 143
2901 138
2902 147
2903 98
2904 132
2905 207
2906 134
2907 142
2908 158
2909 156
2910 123
2911 131
2912 125
2913 124
2914 166
2915 93
2916 89
2917 148
2918 128
2919 155
2920 139
2921 110
2922 143
2923 144
2924 105
2925 179
2926 96
2927 104
2928 140
2929 96
2930 70
2931 199
2932 124
2933 123
2934 115
2935 126
2936 167
2937 147
2938 89
2939 124
2940 117
2941 120
2942 157
2943 182
2944 175
2945 173
2946 141
2947 143
2948 163
2949 144
2950 80
2951 113
2952 139
2953 113
2954 185
2955 168
2956 116
2957 126
2958 141
2959 156
2960 89
2961 134
2962 95
2963 150
2964 108
2965 135
2966 147
2967 102
2968 139
2969 144
2970 101
2971 138
2972 128
2973 87
2974 106
2975 140
2976 133
2977 140
2978 147
2979 132
2980 198
2981 134
2982 97
2983 163
2984 165
2985 137
2986 125
2987 115
2988 128
2989 158
2990 163
2991 122
2992 144
2993 69
2994 112
2995 130
2996 117
2997 137
2998 126
2999 96
3000 128
3001 147
3002 105
3003 107
3004 133
3005 124
3006 133
3007 144
3008 174
3009 85
3010 108
3011 111
3012 148
3013 105
3014 116
3015 107
3016 157
3017 122
3018 151
3019 117
3020 186
3021 163
3022 98
3023 132
3024 139
3025 108
3026 153
3027 119
3028 152
3029 138
3030 190
3031 149
3032 138
3033 141
3034 150
3035 92
3036 165
3037 133
3038 154
3039 178
3040 155
3041 132
3042 98
3043 123
3044 153
3045 130
3046 131
3047 133
3048 155
3049 101
3050 128
3051 133
3052 135
3053 131
3054 140
3055 126
3056 133
3057 112
3058 141
3059 192
3060 116
3061 127
3062 157
3063 85
3064 140
3065 150
3066 129
3067 116
3068 134
3069 153
3070 119
3071 164
3072 94
3073 92
3074 99
3075 128
3076 125
3077 136
3078 79
3079 108
3080 183
3081 127
3082 144
3083 159
3084 146
3085 95
3086 160
3087 137
3088 131
3089 133
3090 136
3091 104
3092 134
3093 117
3094 114
3095 171
3096 147
3097 131
3098 117
3099 162
3100 152
3101 163
3102 155
3103 98
3104 103
3105 133
3106 136
3107 119
3108 121
3109 123
3110 164
3111 120
3112 132
3113 133
3114 121
3115 99
3116 110
3117 138
3118 111
3119 163
3120 137
3121 120
3122 120
3123 75
3124 145
3125 134
3126 139
3127 209
3128 110
3129 144
3130 146
3131 214
3132 107
3133 133
3134 169
3135 120
3136 171
3137 122
3138 147
3139 162
3140 128
3141 117
3142 120
3143 153
3144 155
3145 134
3146 106
3147 139
3148 127
3149 108
3150 117
3151 110
3152 135
3153 169
3154 107
3155 149
3156 118
3157 120
3158 113
3159 136
3160 136
3161 142
3162 138
3163 146
3164 102
3165 244
3166 143
3167 91
3168 165
3169 119
3170 126
3171 100
3172 110
3173 160
3174 145
3175 130
3176 159
3177 173
3178 144
3179 96
3180 115
3181 74
3182 125
3183 129
3184 150
3185 180
3186 167
3187 117
3188 139
3189 113
3190 160
3191 120
3192 143
3193 142
3194 126
3195 145
3196 103
3197 126
3198 104
3199 150
3200 146
3201 152
3202 153
3203 125
3204 143
3205 124
3206 131
3207 145
3208 106
3209 151
3210 161
3211 118
3212 130
3213 137
3214 138
3215 123
3216 124
3217 178
3218 153
3219 123
3220 90
3221 168
3222 171
3223 154
3224 126
3225 118
3226 134
3227 134
3228 143
3229 128
3230 127
3231 106
3232 87
3233 174
3234 111
3235 164
3236 132
3237 136
3238 144
3239 204
3240 128
3241 114
3242 159
3243 142
3244 165
3245 173
3246 106
3247 103
3248 133
3249 118
3250 165
3251 109
3252 128
3253 148
3254 153
3255 130
3256 141
3257 123
3258 177
3259 119
3260 108
3261 213
3262 112
3263 137
3264 140
3265 123
3266 134
3267 177
3268 132
3269 145
3270 182
3271 111
3272 177
3273 102
3274 127
3275 126
3276 142
3277 134
3278 131
3279 148
3280 122
3281 129
3282 144
3283 154
3284 140
3285 132
3286 117
3287 158
3288 147
3289 113
3290 155
3291 179
3292 174
3293 177
3294 147
3295 157
3296 145
3297 142
3298 135
3299 145
3300 69
3301 120
3302 105
3303 115
3304 88
3305 148
3306 146
3307 151
3308 131
3309 123
3310 92
3311 116
3312 154
3313 136
3314 146
3315 118
3316 151
3317 154
3318 145
3319 94
3320 121
3321 131
3322 143
3323 141
3324 147
3325 130
3326 179
3327 151
3328 98
3329 189
3330 134
3331 124
3332 64
3333 176
3334 104
3335 120
3336 148
3337 98
3338 129
3339 122
3340 142
3341 140
3342 178
3343 121
3344 93
3345 104
3346 164
3347 117
3348 122
3349 124
3350 112
3351 118
3352 173
3353 112
3354 154
3355 109
3356 115
3357 66
3358 148
3359 166
3360 154
3361 187
3362 80
3363 126
3364 126
3365 114
3366 133
3367 132
3368 220
3369 121
3370 133
3371 139
3372 137
3373 143
3374 107
3375 150
3376 135
3377 120
3378 148
3379 118
3380 135
3381 154
3382 101
3383 107
3384 172
3385 119
3386 93
3387 115
3388 144
3389 180
3390 135
3391 156
3392 170
3393 109
3394 161
3395 153
3396 133
3397 141
3398 114
3399 130
3400 131
3401 161
3402 106
3403 166
3404 90
3405 165
3406 114
3407 156
3408 134
3409 126
3410 116
3411 158
3412 117
3413 139
3414 168
3415 97
3416 82
3417 115
3418 145
3419 123
3420 187
3421 124
3422 150
3423 151
3424 148
3425 118
3426 200
3427 151
3428 147
3429 123
3430 109
3431 146
3432 179
3433 80
3434 112
3435 116
3436 127
3437 153
3438 137
3439 120
3440 135
3441 133
3442 136
3443 63
3444 146
3445 209
3446 156
3447 124
3448 153
3449 144
3450 124
3451 154
3452 85
3453 143
3454 136
3455 137
3456 95
3457 163
3458 180
3459 154
3460 100
3461 101
3462 120
3463 152
3464 166
3465 113
3466 125
3467 122
3468 145
3469 124
3470 119
3471 152
3472 134
3473 114
3474 180
3475 192
3476 113
3477 128
3478 152
3479 189
3480 98
3481 69
3482 153
3483 131
3484 107
3485 142
3486 92
3487 131
3488 77
3489 169
3490 146
3491 144
3492 144
3493 167
3494 145
3495 113
3496 98
3497 137
3498 128
3499 108
3500 99
3501 102
3502 133
3503 117
3504 160
3505 75
3506 159
3507 90
3508 162
3509 145
3510 119
3511 145
3512 173
3513 92
3514 137
3515 109
3516 118
3517 61
3518 139
3519 92
3520 108
3521 68
3522 131
3523 121
3524 144
3525 146
3526 99
3527 134
3528 111
3529 153
3530 163
3531 115
3532 113
3533 144
3534 140
3535 124
3536 120
3537 139
3538 174
3539 134
3540 117
3541 125
3542 125
3543 178
3544 169
3545 102
3546 150
3547 99
3548 133
3549 143
3550 147
3551 141
3552 125
3553 132
3554 112
3555 114
3556 135
3557 120
3558 99
3559 142
3560 132
3561 155
3562 188
3563 122
3564 139
3565 189
3566 96
3567 149
3568 136
3569 160
3570 118
3571 140
3572 154
3573 145
3574 140
3575 148
3576 153
3577 181
3578 161
3579 98
3580 135
3581 144
3582 170
3583 119
3584 124
3585 146
3586 133
3587 148
3588 139
3589 144
3590 85
3591 149
3592 143
3593 122
3594 155
3595 135
3596 103
3597 128
3598 123
3599 129
3600 124
3601 119
3602 141
3603 105
3604 149
3605 122
3606 195
3607 128
3608 106
3609 137
3610 123
3611 173
3612 100
3613 146
3614 105
3615 93
3616 122
3617 137
3618 152
3619 156
3620 96
3621 146
3622 147
3623 129
3624 106
3625 159
3626 121
3627 122
3628 123
3629 128
3630 103
3631 123
3632 67
3633 117
3634 129
3635 112
3636 117
3637 111
3638 124
3639 126
3640 118
3641 129
3642 180
3643 143
3644 157
3645 113
3646 119
3647 142
3648 158
3649 130
3650 109
3651 106
3652 227
3653 144
3654 127
3655 113
3656 169
3657 140
3658 158
3659 103
3660 150
3661 113
3662 136
3663 143
3664 116
3665 171
3666 112
3667 125
3668 148
3669 142
3670 126
3671 119
3672 129
3673 124
3674 139
3675 133
3676 120
3677 140
3678 88
3679 145
3680 140
3681 119
3682 164
3683 129
3684 130
3685 155
3686 110
3687 135
3688 115
3689 153
3690 113
3691 132
3692 148
3693 156
3694 166
3695 101
3696 153
3697 144
3698 118
3699 138
3700 125
3701 150
3702 98
3703 154
3704 136
3705 143
3706 124
3707 117
3708 139
3709 119
3710 100
3711 187
3712 97
3713 89
3714 132
3715 134
3716 126
3717 124
3718 99
3719 143
3720 115
3721 154
3722 132
3723 122
3724 146
3725 153
3726 189
3727 151
3728 133
3729 121
3730 151
3731 105
3732 105
3733 116
3734 161
3735 157
3736 85
3737 137
3738 116
3739 115
3740 121
3741 160
3742 140
3743 116
3744 141
3745 147
3746 147
3747 106
3748 152
3749 180
3750 75
3751 144
3752 140
3753 122
3754 181
3755 0
3756 133
3757 152
3758 104
3759 122
3760 107
3761 132
3762 128
3763 134
3764 107
3765 137
3766 50
3767 149
3768 90
3769 195
3770 113
3771 142
3772 119
3773 65
3774 130
3775 133
3776 152
3777 143
3778 110
3779 106
3780 116
3781 49
3782 121
3783 166
3784 166
3785 158
3786 145
3787 110
3788 108
3789 155
3790 155
3791 150
3792 82
3793 122
3794 106
3795 129
3796 102
3797 124
3798 134
3799 144
3800 133
3801 158
3802 109
3803 149
3804 118
3805 127
3806 130
3807 97
3808 146
3809 137
3810 152
3811 98
3812 182
3813 110
3814 127
3815 96
3816 164
3817 56
3818 95
3819 126
3820 139
3821 149
3822 123
3823 167
3824 136
3825 132
3826 107
3827 140
3828 91
3829 103
3830 143
3831 159
3832 172
3833 141
3834 76
3835 98
3836 152
3837 119
3838 162
3839 140
3840 160
3841 128
3842 119
3843 134
3844 104
3845 82
3846 134
3847 147
3848 136
3849 162
3850 112
3851 143
3852 163
3853 121
3854 121
3855 110
3856 168
3857 91
3858 90
3859 89
3860 182
3861 108
3862 137
3863 160
3864 169
3865 128
3866 94
3867 135
3868 91
3869 103
3870 115
3871 130
3872 153
3873 118
3874 144
3875 160
3876 165
3877 151
3878 78
3879 139
3880 89
3881 142
3882 141
3883 129
3884 121
3885 77
3886 95
3887 141
3888 125
3889 167
3890 134
3891 96
3892 148
3893 129
3894 97
3895 117
3896 153
3897 129
3898 155
3899 132
3900 128
3901 141
3902 153
3903 84
3904 74
3905 122
3906 169
3907 119
3908 100
3909 195
3910 113
3911 128
3912 119
3913 122
3914 123
3915 134
3916 159
3917 97
3918 165
3919 123
3920 123
3921 165
3922 154
3923 133
3924 170
3925 128
3926 154
3927 124
3928 127
3929 137
3930 146
3931 125
3932 73
3933 150
3934 116
3935 146
3936 136
3937 184
3938 126
3939 70
3940 114
3941 132
3942 143
3943 109
3944 84
3945 110
3946 83
3947 121
3948 89
3949 129
3950 136
3951 129
3952 140
3953 59
3954 185
3955 105
3956 148
3957 104
3958 123
3959 153
3960 140
3961 125
3962 164
3963 144
3964 125
3965 115
3966 123
3967 131
3968 134
3969 146
3970 126
3971 114
3972 116
3973 161
3974 129
3975 85
3976 106
3977 151
3978 152
3979 159
3980 175
3981 110
3982 133
3983 127
3984 102
3985 165
3986 127
3987 144
3988 92
3989 166
3990 129
3991 143
3992 119
3993 123
3994 121
3995 157
3996 143
3997 104
3998 180
3999 114
4000 138
4001 196
4002 121
4003 130
4004 112
4005 170
4006 122
4007 120
4008 142
4009 86
4010 122
4011 149
4012 141
4013 84
4014 168
4015 114
4016 108
4017 141
4018 143
4019 58
4020 205
4021 172
4022 121
4023 176
4024 116
4025 124
4026 139
4027 140
4028 140
4029 163
4030 128
4031 154
4032 135
4033 121
4034 133
4035 101
4036 128
4037 151
4038 155
4039 134
4040 111
4041 122
4042 145
4043 132
4044 127
4045 87
4046 147
4047 116
4048 92
4049 127
4050 145
4051 142
4052 132
4053 179
4054 128
4055 149
4056 186
4057 145
4058 140
4059 125
4060 113
4061 89
4062 153
4063 132
4064 184
4065 154
4066 59
4067 131
4068 128
4069 128
4070 123
4071 89
4072 121
4073 122
4074 122
4075 145
4076 116
4077 149
4078 119
4079 139
4080 102
4081 109
4082 153
4083 131
4084 150
4085 137
4086 123
4087 136
4088 140
4089 142
4090 89
4091 112
4092 153
4093 134
4094 156
4095 138
4096 73
4097 151
4098 117
4099 145
4100 92
4101 155
4102 146
4103 125
4104 135
4105 125
4106 160
4107 142
4108 163
4109 117
4110 138
4111 154
4112 125
4113 92
4114 147
4115 133
4116 119
4117 115
4118 166
4119 170
4120 104
4121 128
4122 93
4123 89
4124 134
4125 103
4126 102
4127 140
4128 108
4129 113
4130 132
4131 129
4132 139
4133 115
4134 108
4135 130
4136 121
4137 66
4138 159
4139 77
4140 136
4141 140
4142 86
4143 123
4144 133
4145 115
4146 165
4147 130
4148 114
4149 77
4150 85
4151 105
4152 106
4153 131
4154 123
4155 148
4156 152
4157 141
4158 188
4159 106
4160 117
4161 137
4162 147
4163 136
4164 131
4165 112
4166 114
4167 102
4168 146
4169 135
4170 134
4171 162
4172 136
4173 148
4174 143
4175 115
4176 151
4177 162
4178 170
4179 153
4180 121
4181 148
4182 132
4183 146
4184 137
4185 134
4186 105
4187 127
4188 122
4189 117
4190 60
4191 167
4192 83
4193 136
4194 89
4195 154
4196 144
4197 138
4198 146
4199 102
4200 160
4201 129
4202 131
4203 131
4204 131
4205 135
4206 148
4207 104
4208 139
4209 161
4210 105
4211 147
4212 188
4213 144
4214 100
4215 103
4216 97
4217 176
4218 127
4219 57
4220 134
4221 136
4222 150
4223 141
4224 168
4225 89
4226 145
4227 151
4228 123
4229 113
4230 136
4231 138
4232 127
4233 130
4234 134
4235 170
4236 159
4237 144
4238 144
4239 119
4240 129
4241 179
4242 144
4243 159
4244 139
4245 176
4246 157
4247 101
4248 114
4249 151
4250 159
4251 79
4252 203
4253 72
4254 130
4255 98
4256 127
4257 111
4258 112
4259 179
4260 70
4261 129
4262 148
4263 114
4264 151
4265 127
4266 63
4267 154
4268 167
4269 116
4270 145
4271 142
4272 91
4273 66
4274 135
4275 106
4276 161
4277 138
4278 101
4279 159
4280 158
4281 98
4282 143
4283 143
4284 181
4285 120
4286 119
4287 149
4288 141
4289 138
4290 118
4291 144
4292 123
4293 132
4294 123
4295 141
4296 122
4297 148
4298 144
4299 155
4300 123
4301 140
4302 168
4303 145
4304 121
4305 114
4306 175
4307 147
4308 128
4309 130
4310 160
4311 151
4312 135
4313 103
4314 118
4315 139
4316 103
4317 95
4318 154
4319 196
4320 141
4321 138
4322 119
4323 141
4324 124
4325 149
4326 168
4327 119
4328 104
4329 119
4330 159
4331 162
4332 157
4333 144
4334 103
4335 115
4336 173
4337 164
4338 42
4339 105
4340 129
4341 220
4342 127
4343 139
4344 142
4345 181
4346 129
4347 149
4348 139
4349 86
4350 112
4351 166
4352 108
4353 136
4354 140
4355 125
4356 114
4357 137
4358 175
4359 164
4360 108
4361 151
4362 133
4363 134
4364 118
4365 147
4366 120
4367 128
4368 153
4369 107
4370 118
4371 100
4372 117
4373 138
4374 131
4375 143
4376 138
4377 115
4378 110
4379 137
4380 60
4381 130
4382 141
4383 123
4384 116
4385 100
4386 134
4387 137
4388 130
4389 147
4390 170
4391 150
4392 110
4393 178
4394 130
4395 75
4396 158
4397 95
4398 115
4399 142
4400 134
4401 110
4402 166
4403 81
4404 155
4405 149
4406 112
4407 175
4408 144
4409 161
4410 131
4411 91
4412 64
4413 157
4414 150
4415 145
4416 148
4417 124
4418 129
4419 128
4420 214
4421 110
4422 125
4423 137
4424 134
4425 136
4426 112
4427 146
4428 101
4429 124
4430 151
4431 147
4432 52
4433 167
4434 136
4435 163
4436 114
4437 129
4438 110
4439 153
4440 100
4441 128
4442 120
4443 140
4444 178
4445 154
4446 122
4447 95
4448 85
4449 112
4450 119
4451 156
4452 106
4453 132
4454 109
4455 151
4456 134
4457 126
4458 127
4459 95
4460 155
4461 90
4462 105
4463 139
4464 137
4465 163
4466 116
4467 130
4468 114
4469 137
4470 110
4471 122
4472 151
4473 166
4474 222
4475 96
4476 110
4477 120
4478 136
4479 152
4480 127
4481 127
4482 139
4483 114
4484 148
4485 138
4486 78
4487 127
4488 134
4489 150
4490 111
4491 87
4492 155
4493 192
4494 171
4495 161
4496 174
4497 125
4498 122
4499 126
4500 115
4501 147
4502 128
4503 164
4504 143
4505 116
4506 159
4507 98
4508 168
4509 148
4510 95
4511 87
4512 109
4513 98
4514 117
4515 112
4516 153
4517 128
4518 74
4519 129
4520 192
4521 119
4522 122
4523 179
4524 151
4525 29
4526 141
4527 174
4528 183
4529 144
4530 124
4531 111
4532 125
4533 125
4534 171
4535 109
4536 185
4537 87
4538 121
4539 147
4540 206
4541 87
4542 129
4543 123
4544 139
4545 158
4546 141
4547 154
4548 147
4549 140
4550 53
4551 104
4552 136
4553 156
4554 165
4555 156
4556 151
4557 187
4558 136
4559 145
4560 98
4561 106
4562 137
4563 126
4564 132
4565 127
4566 149
4567 152
4568 133
4569 139
4570 137
4571 136
4572 119
4573 126
4574 160
4575 181
4576 98
4577 146
4578 126
4579 106
4580 132
4581 70
4582 125
4583 119
4584 153
4585 155
4586 133
4587 139
4588 111
4589 165
4590 160
4591 88
4592 118
4593 146
4594 127
4595 117
4596 141
4597 154
4598 156
4599 145
4600 132
4601 108
4602 187
4603 108
4604 120
4605 149
4606 121
4607 132
4608 157
4609 160
4610 145
4611 108
4612 132
4613 168
4614 159
4615 146
4616 94
4617 94
4618 100
4619 130
4620 136
4621 127
4622 130
4623 134
4624 136
4625 124
4626 103
4627 131
4628 126
4629 145
4630 134
4631 125
4632 107
4633 147
4634 131
4635 135
4636 132
4637 151
4638 177
4639 135
4640 125
4641 108
4642 101
4643 119
4644 146
4645 121
4646 114
4647 131
4648 148
4649 98
4650 127
4651 133
4652 122
4653 134
4654 90
4655 93
4656 91
4657 130
4658 175
4659 129
4660 163
4661 132
4662 108
4663 146
4664 134
4665 109
4666 126
4667 132
4668 158
4669 110
4670 140
4671 76
4672 154
4673 145
4674 117
4675 179
4676 140
4677 95
4678 101
4679 170
4680 135
4681 151
4682 163
4683 152
4684 129
4685 157
4686 135
4687 166
4688 107
4689 130
4690 132
4691 65
4692 107
4693 104
4694 178
4695 118
4696 106
4697 99
4698 135
4699 164
4700 124
4701 153
4702 137
4703 123
4704 145
4705 130
4706 144
4707 145
4708 126
4709 141
4710 117
4711 128
4712 154
4713 128
4714 154
4715 184
4716 99
4717 63
4718 131
4719 103
4720 129
4721 159
4722 131
4723 157
4724 117
4725 103
4726 126
4727 132
4728 175
4729 109
4730 116
4731 137
4732 108
4733 118
4734 101
4735 109
4736 150
4737 159
4738 153
4739 154
4740 150
4741 160
4742 147
4743 104
4744 157
4745 107
4746 114
4747 92
4748 88
4749 164
4750 121
4751 110
4752 115
4753 112
4754 130
4755 98
4756 141
4757 131
4758 108
4759 135
4760 170
4761 100
4762 161
4763 127
4764 128
4765 116
4766 129
4767 107
4768 117
4769 106
4770 124
4771 133
4772 112
4773 148
4774 161
4775 149
4776 134
4777 96
4778 127
4779 116
4780 104
4781 76
4782 133
4783 150
4784 163
4785 130
4786 181
4787 103
4788 144
4789 104
4790 123
4791 159
4792 146
4793 98
4794 137
4795 142
4796 157
4797 145
4798 124
4799 117
4800 117
4801 129
4802 88
4803 147
4804 50
4805 140
4806 104
4807 140
4808 171
4809 112
4810 111
4811 128
4812 106
4813 63
4814 149
4815 155
4816 136
4817 136
4818 125
4819 132
4820 149
4821 129
4822 116
4823 128
4824 131
4825 201
4826 136
4827 106
4828 110
4829 129
4830 125
4831 145
4832 146
4833 111
4834 141
4835 143
4836 118
4837 117
4838 155
4839 103
4840 125
4841 115
4842 124
4843 132
4844 152
4845 167
4846 110
4847 125
4848 151
4849 130
4850 209
4851 153
4852 140
4853 122
4854 191
4855 147
4856 107
4857 136
4858 106
4859 161
4860 128
4861 142
4862 170
4863 196
4864 143
4865 129
4866 138
4867 123
4868 164
4869 118
4870 85
4871 120
4872 164
4873 117
4874 119
4875 140
4876 120
4877 134
4878 120
4879 121
4880 156
4881 89
4882 123
4883 125
4884 155
4885 109
4886 155
4887 123
4888 167
4889 139
4890 122
4891 106
4892 105
4893 128
4894 147
4895 138
4896 187
4897 165
4898 138
4899 111
4900 171
4901 87
4902 133
4903 133
4904 127
4905 165
4906 157
4907 139
4908 98
4909 113
4910 115
4911 143
4912 151
4913 148
4914 141
4915 127
4916 128
4917 124
4918 91
4919 162
4920 124
4921 144
4922 138
4923 118
4924 107
4925 162
4926 175
4927 100
4928 124
4929 135
4930 144
4931 116
4932 121
4933 149
4934 102
4935 136
4936 141
4937 90
4938 142
4939 141
4940 125
4941 147
4942 99
4943 99
4944 128
4945 117
4946 146
4947 106
4948 148
4949 110
4950 105
4951 116
4952 150
4953 81
4954 143
4955 145
4956 103
4957 168
4958 137
4959 128
4960 104
4961 142
4962 83
4963 98
4964 153
4965 104
4966 101
4967 135
4968 148
4969 138
4970 131
4971 116
4972 177
4973 137
4974 130
4975 137
4976 147
4977 101
4978 139
4979 137
4980 111
4981 119
4982 140
4983 137
4984 99
4985 94
4986 44
4987 150
4988 161
4989 110
4990 119
4991 175
4992 146
4993 91
4994 135
4995 119
4996 135
4997 107
4998 132
4999 112
5000 155
5001 176
5002 185
5003 83
5004 156
5005 180
5006 167
5007 106
5008 170
5009 122
5010 152
5011 91
5012 109
5013 136
5014 114
5015 132
5016 104
5017 141
5018 126
5019 108
5020 148
5021 153
5022 125
5023 89
5024 101
5025 109
5026 98
5027 108
5028 94
5029 118
5030 123
5031 128
5032 124
5033 112
5034 220
5035 116
5036 132
5037 141
5038 120
5039 149
5040 163
5041 156
5042 159
5043 134
5044 188
5045 130
5046 95
5047 140
5048 82
5049 179
5050 140
5051 112
5052 140
5053 164
5054 141
5055 164
5056 146
5057 126
5058 132
5059 96
5060 132
5061 120
5062 136
5063 115
5064 133
5065 180
5066 114
5067 141
5068 145
5069 145
5070 138
5071 85
5072 103
5073 111
5074 128
5075 131
5076 179
5077 154
5078 106
5079 119
5080 141
5081 146
5082 113
5083 134
5084 183
5085 118
5086 127
5087 145
5088 114
5089 111
5090 214
5091 104
5092 154
5093 131
5094 177
5095 152
5096 130
5097 61
5098 104
5099 124
5100 137
5101 217
5102 134
5103 150
5104 184
5105 95
5106 133
5107 113
5108 97
5109 172
5110 129
5111 156
5112 121
5113 174
5114 117
5115 169
5116 129
5117 114
5118 194
5119 109
5120 146
5121 168
5122 136
5123 128
5124 153
5125 113
5126 130
5127 138
5128 153
5129 134
5130 177
5131 107
5132 144
5133 140
5134 110
5135 141
5136 111
5137 105
5138 175
5139 120
5140 108
5141 156
5142 157
5143 91
5144 134
5145 133
5146 156
5147 138
5148 134
5149 108
5150 142
5151 105
5152 174
5153 119
5154 181
5155 90
5156 129
5157 165
5158 120
5159 141
5160 112
5161 160
5162 118
5163 136
5164 113
5165 85
5166 131
5167 135
5168 160
5169 126
5170 134
5171 124
5172 117
5173 169
5174 121
5175 138
5176 134
5177 160
5178 205
5179 142
5180 155
5181 84
5182 103
5183 135
5184 140
5185 100
5186 175
5187 138
5188 100
5189 139
5190 122
5191 133
5192 160
5193 112
5194 104
5195 119
5196 128
5197 134
5198 208
5199 121
5200 132
5201 151
5202 100
5203 130
5204 135
5205 153
5206 147
5207 149
5208 151
5209 180
5210 166
5211 134
5212 163
5213 127
5214 117
5215 137
5216 116
5217 118
5218 119
5219 129
5220 123
5221 137
5222 124
5223 143
5224 107
5225 154
5226 141
5227 130
5228 145
5229 159
5230 73
5231 129
5232 102
5233 205
5234 180
5235 84
5236 154
5237 121
5238 102
5239 127
5240 146
5241 120
5242 139
5243 43
5244 176
5245 134
5246 132
5247 155
5248 107
5249 87
5250 156
5251 143
5252 106
5253 133
5254 80
5255 101
5256 134
5257 119
5258 170
5259 119
5260 150
5261 98
5262 131
5263 134
5264 134
5265 102
5266 119
5267 123
5268 132
5269 145
5270 134
5271 133
5272 159
5273 169
5274 149
5275 141
5276 114
5277 137
5278 156
5279 141
5280 145
5281 166
5282 89
5283 143
5284 102
5285 156
5286 129
5287 112
5288 118
5289 119
5290 182
5291 80
5292 120
5293 116
5294 146
5295 79
5296 122
5297 135
5298 137
5299 84
5300 150
5301 150
5302 121
5303 120
5304 112
5305 121
5306 146
5307 100
5308 99
5309 141
5310 131
5311 136
5312 130
5313 118
5314 156
5315 141
5316 145
5317 129
5318 94
5319 137
5320 137
5321 134
5322 151
5323 165
5324 125
5325 87
5326 197
5327 129
5328 215
5329 93
5330 110
5331 182
5332 90
5333 127
5334 117
5335 162
5336 135
5337 173
5338 127
5339 129
5340 111
5341 157
5342 150
5343 151
5344 117
5345 148
5346 148
5347 163
5348 127
5349 122
5350 192
5351 117
5352 177
5353 148
5354 124
5355 89
5356 138
5357 72
5358 134
5359 128
5360 131
5361 178
5362 129
5363 102
5364 127
5365 124
5366 171
5367 142
5368 158
5369 143
5370 107
5371 106
5372 142
5373 186
5374 109
5375 134
5376 131
5377 116
5378 134
5379 114
5380 142
5381 99
5382 97
5383 123
5384 136
5385 131
5386 168
5387 140
5388 133
5389 172
5390 155
5391 140
5392 114
5393 213
5394 98
5395 134
5396 139
5397 115
5398 122
5399 57
5400 146
5401 119
5402 110
5403 130
5404 119
5405 152
5406 149
5407 108
5408 68
5409 151
5410 28
5411 142
5412 110
5413 123
5414 160
5415 124
5416 165
5417 149
5418 86
5419 61
5420 144
5421 129
5422 166
5423 184
5424 168
5425 163
5426 150
5427 168
5428 145
5429 91
5430 138
5431 98
5432 119
5433 123
5434 183
5435 87
5436 121
5437 137
5438 104
5439 99
5440 134
5441 132
5442 173
5443 115
5444 144
5445 153
5446 117
5447 137
5448 151
5449 103
5450 118
5451 95
5452 110
5453 113
5454 127
5455 167
5456 101
5457 126
5458 135
5459 115
5460 137
5461 131
5462 127
5463 118
5464 142
5465 134
5466 133
5467 111
5468 131
5469 15
5470 134
5471 166
5472 96
5473 98
5474 135
5475 130
5476 115
5477 182
5478 94
5479 146
5480 112
5481 40
5482 118
5483 132
5484 117
5485 144
5486 138
5487 135
5488 145
5489 146
5490 69
5491 147
5492 147
5493 101
5494 115
5495 190
5496 117
5497 201
5498 133
5499 157
5500 145
5501 127
5502 97
5503 216
5504 145
5505 122
5506 184
5507 139
5508 204
5509 105
5510 85
5511 140
5512 156
5513 134
5514 130
5515 159
5516 91
5517 149
5518 176
5519 109
5520 77
5521 110
5522 131
5523 128
5524 153
5525 134
5526 149
5527 135
5528 126
5529 121
5530 138
5531 139
5532 154
5533 120
5534 149
5535 137
5536 145
5537 166
5538 72
5539 110
5540 114
5541 109
5542 83
5543 122
5544 142
5545 153
5546 139
5547 151
5548 172
5549 147
5550 135
5551 131
5552 0
5553 97
5554 122
5555 168
5556 164
5557 94
5558 114
5559 125
5560 116
5561 105
5562 128
5563 98
5564 144
5565 130
5566 111
5567 126
5568 147
5569 183
5570 137
5571 149
5572 102
5573 157
5574 120
5575 116
5576 134
5577 182
5578 123
5579 188
5580 119
5581 144
5582 127
5583 97
5584 127
5585 155
5586 122
5587 188
5588 157
5589 128
5590 147
5591 161
5592 122
5593 173
5594 116
5595 154
5596 112
5597 130
5598 191
5599 127
5600 170
5601 134
5602 152
5603 133
5604 155
5605 156
5606 101
5607 109
5608 103
5609 133
5610 160
5611 155
5612 149
5613 126
5614 153
5615 130
5616 151
5617 160
5618 111
5619 153
5620 123
5621 161
5622 123
5623 136
5624 135
5625 120
5626 155
5627 156
5628 142
5629 96
5630 122
5631 144
5632 137
5633 129
5634 111
5635 115
5636 133
5637 127
5638 108
5639 109
5640 115
5641 130
5642 120
5643 94
5644 131
5645 101
5646 40
5647 138
5648 153
5649 155
5650 131
5651 125
5652 136
5653 155
5654 100
5655 140
5656 113
5657 168
5658 140
5659 107
5660 127
5661 117
5662 122
5663 89
5664 97
5665 140
5666 190
5667 91
5668 147
5669 128
5670 236
5671 104
5672 131
5673 179
5674 159
5675 196
5676 158
5677 157
5678 145
5679 136
5680 118
5681 141
5682 144
5683 118
5684 115
5685 126
5686 146
5687 167
5688 141
5689 130
5690 126
5691 102
5692 126
5693 202
5694 105
5695 135
5696 140
5697 137
5698 130
5699 105
5700 140
5701 175
5702 126
5703 89
5704 148
5705 158
5706 116
5707 141
5708 142
5709 143
5710 118
5711 120
5712 148
5713 140
5714 135
5715 145
5716 154
5717 154
5718 152
5719 168
5720 115
5721 138
5722 114
5723 139
5724 142
5725 179
5726 156
5727 101
5728 172
5729 138
5730 132
5731 122
5732 120
5733 171
5734 169
5735 131
5736 152
5737 87
5738 123
5739 176
5740 168
5741 115
5742 100
5743 125
5744 97
5745 150
5746 154
5747 140
5748 149
5749 102
5750 108
5751 151
5752 143
5753 126
5754 117
5755 195
5756 131
5757 118
5758 48
5759 107
5760 128
5761 134
5762 102
5763 122
5764 128
5765 181
5766 148
5767 124
5768 132
5769 145
5770 87
5771 137
5772 131
5773 170
5774 133
5775 157
5776 97
5777 154
5778 111
5779 112
5780 126
5781 131
5782 105
5783 166
5784 137
5785 110
5786 131
5787 111
5788 109
5789 166
5790 140
5791 106
5792 139
5793 200
5794 111
5795 131
5796 102
5797 79
5798 120
5799 89
5800 112
5801 126
5802 95
5803 126
5804 97
5805 137
5806 135
5807 170
5808 163
5809 106
5810 125
5811 107
5812 120
5813 151
5814 157
5815 89
5816 158
5817 98
5818 134
5819 126
5820 135
5821 125
5822 125
5823 136
5824 130
5825 129
5826 150
5827 122
5828 156
5829 154
5830 142
5831 134
5832 112
5833 104
5834 161
5835 145
5836 185
5837 138
5838 106
5839 141
5840 138
5841 147
5842 150
5843 150
5844 135
5845 129
5846 151
5847 124
5848 140
5849 121
5850 117
5851 144
5852 157
5853 162
5854 141
5855 110
5856 124
5857 127
5858 161
5859 135
5860 121
5861 174
5862 187
5863 193
5864 130
5865 123
5866 150
5867 134
5868 126
5869 106
5870 167
5871 161
5872 111
5873 149
5874 200
5875 109
5876 183
5877 119
5878 152
5879 114
5880 110
5881 161
5882 151
5883 114
5884 114
5885 137
5886 116
5887 129
5888 129
5889 54
5890 157
5891 154
5892 141
5893 134
5894 152
5895 156
5896 135
5897 156
5898 152
5899 110
5900 147
5901 141
5902 122
5903 175
5904 124
5905 207
5906 160
5907 129
5908 136
5909 139
5910 170
5911 160
5912 120
5913 157
5914 135
5915 123
5916 167
5917 148
5918 117
5919 134
5920 148
5921 141
5922 146
5923 145
5924 138
5925 181
5926 154
5927 177
5928 149
5929 102
5930 133
5931 147
5932 123
5933 129
5934 155
5935 172
5936 122
5937 145
5938 98
5939 127
5940 150
5941 129
5942 132
5943 180
5944 139
5945 138
5946 190
5947 148
5948 145
5949 130
5950 122
5951 124
5952 121
5953 149
5954 138
5955 128
5956 127
5957 99
5958 134
5959 129
5960 167
5961 187
5962 116
5963 144
5964 139
5965 119
5966 106
5967 148
5968 127
5969 104
5970 175
5971 106
5972 62
5973 138
5974 175
5975 111
5976 125
5977 64
5978 116
5979 154
5980 125
5981 129
5982 78
5983 91
5984 122
5985 139
5986 154
5987 124
5988 126
5989 114
5990 169
5991 121
5992 92
5993 135
5994 102
5995 96
5996 145
5997 159
5998 156
5999 137
6000 152
6001 92
6002 91
6003 187
6004 155
6005 132
6006 102
6007 136
6008 120
6009 124
6010 141
6011 128
6012 137
6013 107
6014 172
6015 76
6016 114
6017 43
6018 95
6019 125
6020 109
6021 101
6022 119
6023 86
6024 99
6025 123
6026 133
6027 123
6028 112
6029 107
6030 151
6031 120
6032 169
6033 157
6034 119
6035 133
6036 100
6037 180
6038 116
6039 159
6040 152
6041 124
6042 172
6043 176
6044 122
6045 135
6046 144
6047 126
6048 105
6049 152
6050 125
6051 134
6052 105
6053 107
6054 133
6055 141
6056 134
6057 107
6058 83
6059 100
6060 193
6061 145
6062 124
6063 96
6064 128
6065 104
6066 133
6067 121
6068 133
6069 119
6070 144
6071 127
6072 125
6073 142
6074 157
6075 140
6076 174
6077 141
6078 120
6079 127
6080 108
6081 117
6082 146
6083 141
6084 147
6085 83
6086 138
6087 143
6088 133
6089 165
6090 126
6091 128
6092 142
6093 108
6094 150
6095 121
6096 80
6097 99
6098 127
6099 111
6100 135
6101 160
6102 144
6103 130
6104 121
6105 140
6106 130
6107 111
6108 126
6109 131
6110 159
6111 144
6112 84
6113 130
6114 130
6115 164
6116 149
6117 71
6118 137
6119 146
6120 135
6121 131
6122 162
6123 191
6124 134
6125 119
6126 123
6127 132
6128 108
6129 139
6130 132
6131 125
6132 168
6133 135
6134 133
6135 112
6136 121
6137 100
6138 99
6139 153
6140 114
6141 148
6142 179
6143 203
6144 101
6145 112
6146 150
6147 141
6148 168
6149 123
6150 135
6151 144
6152 143
6153 117
6154 149
6155 135
6156 75
6157 87
6158 149
6159 107
6160 116
6161 128
6162 86
6163 185
6164 121
6165 141
6166 144
6167 103
6168 140
6169 155
6170 153
6171 120
6172 126
6173 126
6174 136
6175 145
6176 105
6177 88
6178 113
6179 136
6180 88
6181 129
6182 92
6183 136
6184 121
6185 122
6186 98
6187 151
6188 98
6189 144
6190 125
6191 117
6192 148
6193 146
6194 116
6195 136
6196 80
6197 143
6198 132
6199 108
6200 185
6201 131
6202 146
6203 149
6204 139
6205 130
6206 139
6207 122
6208 86
6209 131
6210 115
6211 147
6212 118
6213 153
6214 142
6215 128
6216 121
6217 97
6218 133
6219 92
6220 65
6221 133
6222 101
6223 122
6224 176
6225 142
6226 163
6227 125
6228 128
6229 109
6230 91
6231 151
6232 133
6233 121
6234 155
6235 84
6236 131
6237 174
6238 129
6239 138
6240 110
6241 124
6242 125
6243 125
6244 108
6245 108
6246 114
6247 168
6248 108
6249 116
6250 121
6251 126
6252 163
6253 136
6254 158
6255 161
6256 92
6257 132
6258 92
6259 153
6260 96
6261 132
6262 126
6263 119
6264 116
6265 147
6266 125
6267 137
6268 128
6269 156
6270 129
6271 144
6272 78
6273 159
6274 140
6275 136
6276 131
6277 128
6278 118
6279 135
6280 156
6281 22
6282 159
6283 80
6284 153
6285 111
6286 103
6287 138
6288 121
6289 123
6290 147
6291 163
6292 105
6293 98
6294 171
6295 168
6296 162
6297 153
6298 108
6299 142
6300 163
6301 154
6302 175
6303 137
6304 163
6305 59
6306 133
6307 101
6308 121
6309 170
6310 143
6311 129
6312 107
6313 135
6314 102
6315 153
6316 190
6317 171
6318 146
6319 121
6320 148
6321 109
6322 97
6323 47
6324 129
6325 127
6326 138
6327 152
6328 194
6329 111
6330 133
6331 134
6332 133
6333 129
6334 168
6335 172
6336 123
6337 160
6338 142
6339 123
6340 145
6341 115
6342 155
6343 126
6344 117
6345 154
6346 174
6347 125
6348 157
6349 126
6350 142
6351 123
6352 155
6353 117
6354 62
6355 121
6356 118
6357 149
6358 124
6359 203
6360 169
6361 100
6362 141
6363 157
6364 117
6365 152
6366 131
6367 109
6368 91
6369 124
6370 153
6371 173
6372 187
6373 147
6374 128
6375 140
6376 148
6377 136
6378 99
6379 142
6380 66
6381 192
6382 153
6383 113
6384 144
6385 145
6386 166
6387 113
6388 160
6389 140
6390 59
6391 180
6392 122
6393 134
6394 136
6395 134
6396 142
6397 113
6398 127
6399 85
6400 132
6401 101
6402 149
6403 150
6404 137
6405 142
6406 137
6407 101
6408 150
6409 83
6410 126
6411 122
6412 119
6413 139
6414 164
6415 103
6416 162
6417 103
6418 118
6419 162
6420 143
6421 126
6422 139
6423 118
6424 121
6425 116
6426 139
6427 98
6428 114
6429 139
6430 141
6431 161
6432 173
6433 95
6434 113
6435 132
6436 111
6437 118
6438 126
6439 116
6440 114
6441 138
6442 107
6443 101
6444 165
6445 155
6446 113
6447 147
6448 143
6449 193
6450 127
6451 111
6452 17
6453 158
6454 98
6455 154
6456 79
6457 120
6458 159
6459 154
6460 126
6461 97
6462 122
6463 98
6464 116
6465 138
6466 134
6467 86
6468 139
6469 126
6470 128
6471 150
6472 121
6473 145
6474 148
6475 128
6476 185
6477 127
6478 144
6479 133
6480 123
6481 155
6482 180
6483 3
6484 127
6485 165
6486 139
6487 178
6488 130
6489 133
6490 145
6491 130
6492 121
6493 165
6494 134
6495 194
6496 201
6497 137
6498 122
6499 126
6500 103
6501 159
6502 181
6503 127
6504 166
6505 96
6506 94
6507 123
6508 95
6509 129
6510 115
6511 129
6512 128
6513 128
6514 141
6515 132
6516 131
6517 139
6518 171
6519 158
6520 161
6521 170
6522 135
6523 157
6524 162
6525 75
6526 95
6527 81
6528 134
6529 142
6530 123
6531 84
6532 45
6533 121
6534 143
6535 145
6536 124
6537 151
6538 168
6539 131
6540 136
6541 117
6542 126
6543 121
6544 154
6545 138
6546 118
6547 164
6548 149
6549 111
6550 102
6551 100
6552 106
6553 82
6554 128
6555 111
6556 130
6557 149
6558 115
6559 142
6560 132
6561 142
6562 131
6563 123
6564 154
6565 113
6566 110
6567 121
6568 127
6569 88
6570 100
6571 120
6572 126
6573 147
6574 83
6575 152
6576 88
6577 79
6578 142
6579 87
6580 137
6581 95
6582 148
6583 122
6584 99
6585 150
6586 118
6587 109
6588 158
6589 87
6590 99
6591 113
6592 130
6593 125
6594 127
6595 127
6596 103
6597 149
6598 133
6599 120
6600 83
6601 163
6602 90
6603 129
6604 96
6605 171
6606 137
6607 107
6608 116
6609 167
6610 145
6611 134
6612 139
6613 75
6614 140
6615 152
6616 165
6617 160
6618 160
6619 133
6620 125
6621 107
6622 126
6623 108
6624 140
6625 56
6626 147
6627 146
6628 147
6629 160
6630 165
6631 110
6632 118
6633 162
6634 154
6635 96
6636 157
6637 153
6638 94
6639 128
6640 129
6641 99
6642 145
6643 146
6644 132
6645 119
6646 112
6647 130
6648 131
6649 118
6650 134
6651 166
6652 96
6653 119
6654 137
6655 144
6656 101
6657 114
6658 163
6659 177
6660 104
6661 123
6662 133
6663 131
6664 168
6665 134
6666 114
6667 137
6668 151
6669 127
6670 132
6671 145
6672 144
6673 104
6674 111
6675 129
6676 167
6677 129
6678 151
6679 121
6680 129
6681 158
6682 130
6683 152
6684 141
6685 152
6686 150
6687 142
6688 114
6689 147
6690 208
6691 134
6692 138
6693 133
6694 73
6695 136
6696 161
6697 129
6698 113
6699 157
6700 143
6701 122
6702 149
6703 105
6704 97
6705 144
6706 122
6707 106
6708 84
6709 150
6710 84
6711 153
6712 130
6713 74
6714 104
6715 142
6716 142
6717 149
6718 156
6719 112
6720 163
6721 193
6722 147
6723 127
6724 123
6725 140
6726 134
6727 116
6728 136
6729 119
6730 132
6731 100
6732 143
6733 111
6734 102
6735 160
6736 102
6737 113
6738 135
6739 136
6740 182
6741 146
6742 120
6743 116
6744 144
6745 122
6746 141
6747 120
6748 201
6749 77
6750 146
6751 162
6752 150
6753 130
6754 153
6755 149
6756 131
6757 130
6758 139
6759 104
6760 129
6761 126
6762 145
6763 134
6764 129
6765 141
6766 91
6767 133
6768 147
6769 124
6770 110
6771 163
6772 94
6773 71
6774 121
6775 155
6776 128
6777 145
6778 113
6779 141
6780 140
6781 129
6782 126
6783 134
6784 153
6785 155
6786 169
6787 139
6788 197
6789 164
6790 142
6791 131
6792 160
6793 117
6794 129
6795 145
6796 156
6797 97
6798 133
6799 115
6800 90
6801 155
6802 105
6803 99
6804 139
6805 125
6806 77
6807 121
6808 146
6809 149
6810 164
6811 138
6812 98
6813 106
6814 120
6815 105
6816 112
6817 135
6818 183
6819 111
6820 88
6821 145
6822 225
6823 135
6824 157
6825 133
6826 132
6827 115
6828 101
6829 112
6830 166
6831 108
6832 163
6833 113
6834 140
6835 136
6836 102
6837 105
6838 128
6839 86
6840 116
6841 133
6842 104
6843 150
6844 118
6845 155
6846 104
6847 153
6848 148
6849 142
6850 181
6851 167
6852 118
6853 146
6854 103
6855 172
6856 155
6857 108
6858 143
6859 122
6860 114
6861 130
6862 101
6863 116
6864 138
6865 170
6866 130
6867 103
6868 137
6869 166
6870 115
6871 148
6872 116
6873 118
6874 64
6875 106
6876 120
6877 152
6878 123
6879 153
6880 106
6881 144
6882 116
6883 172
6884 153
6885 111
6886 127
6887 112
6888 154
6889 124
6890 152
6891 129
6892 157
6893 145
6894 188
6895 86
6896 106
6897 138
6898 133
6899 121
6900 148
6901 104
6902 127
6903 125
6904 113
6905 98
6906 163
6907 173
6908 122
6909 134
6910 139
6911 161
6912 162
6913 155
6914 160
6915 116
6916 118
6917 142
6918 157
6919 108
6920 127
6921 131
6922 101
6923 109
6924 156
6925 179
6926 143
6927 128
6928 155
6929 128
6930 151
6931 118
6932 32
6933 117
6934 146
6935 108
6936 123
6937 154
6938 136
6939 123
6940 117
6941 195
6942 119
6943 136
6944 118
6945 129
6946 159
6947 151
6948 124
6949 105
6950 121
6951 107
6952 142
6953 125
6954 204
6955 84
6956 148
6957 88
6958 139
6959 176
6960 140
6961 118
6962 32
6963 140
6964 167
6965 146
6966 175
6967 106
6968 156
6969 118
6970 113
6971 151
6972 171
6973 97
6974 206
6975 90
6976 127
6977 81
6978 165
6979 125
6980 124
6981 147
6982 87
6983 92
6984 135
6985 133
6986 115
6987 138
6988 144
6989 115
6990 142
6991 153
6992 130
6993 213
6994 99
6995 156
6996 134
6997 123
6998 141
6999 146
7000 158
7001 132
7002 151
7003 131
7004 112
7005 129
7006 138
7007 131
7008 138
7009 152
7010 126
7011 129
7012 132
7013 112
7014 126
7015 131
7016 125
7017 113
7018 143
7019 143
7020 128
7021 126
7022 142
7023 139
7024 112
7025 168
7026 94
7027 83
7028 56
7029 138
7030 125
7031 138
7032 136
7033 132
7034 140
7035 115
7036 128
7037 135
7038 49
7039 122
7040 159
7041 132
7042 129
7043 132
7044 140
7045 137
7046 118
7047 138
7048 119
7049 128
7050 138
7051 111
7052 143
7053 129
7054 151
7055 85
7056 128
7057 186
7058 215
7059 113
7060 165
7061 129
7062 124
7063 171
7064 168
7065 179
7066 107
7067 113
7068 110
7069 118
7070 151
7071 79
7072 123
7073 151
7074 138
7075 136
7076 126
7077 100
7078 104
7079 147
7080 180
7081 122
7082 112
7083 117
7084 155
7085 138
7086 131
7087 120
7088 113
7089 120
7090 116
7091 122
7092 182
7093 127
7094 111
7095 183
7096 147
7097 163
7098 118
7099 148
7100 181
7101 124
7102 138
7103 119
7104 117
7105 136
7106 128
7107 164
7108 169
7109 125
7110 114
7111 111
7112 128
7113 179
7114 150
7115 94
7116 125
7117 152
7118 121
7119 132
7120 105
7121 107
7122 147
7123 126
7124 143
7125 122
7126 144
7127 120
7128 96
7129 129
7130 120
7131 156
7132 134
7133 165
7134 151
7135 134
7136 175
7137 101
7138 133
7139 128
7140 167
7141 141
7142 141
7143 136
7144 138
7145 134
7146 180
7147 121
7148 165
7149 133
7150 131
7151 139
7152 138
7153 147
7154 93
7155 137
7156 137
7157 134
7158 158
7159 99
7160 146
7161 169
7162 139
7163 143
7164 149
7165 140
7166 132
7167 104
7168 133
7169 151
7170 100
7171 99
7172 132
7173 141
7174 136
7175 144
7176 128
7177 110
7178 105
7179 162
7180 134
7181 140
7182 90
7183 133
7184 140
7185 169
7186 142
7187 155
7188 138
7189 163
7190 114
7191 122
7192 123
7193 112
7194 143
7195 148
7196 97
7197 162
7198 138
7199 117
7200 133
7201 98
7202 129
7203 178
7204 147
7205 107
7206 131
7207 138
7208 139
7209 133
7210 138
7211 128
7212 194
7213 140
7214 111
7215 104
7216 162
7217 143
7218 147
7219 101
7220 134
7221 161
7222 143
7223 143
7224 139
7225 127
7226 111
7227 166
7228 114
7229 149
7230 145
7231 114
7232 110
7233 159
7234 163
7235 132
7236 126
7237 124
7238 145
7239 149
7240 139
7241 185
7242 138
7243 139
7244 144
7245 133
7246 126
7247 122
7248 122
7249 136
7250 141
7251 114
7252 124
7253 111
7254 94
7255 126
7256 133
7257 151
7258 130
7259 126
7260 189
7261 118
7262 114
7263 175
7264 97
7265 164
7266 112
7267 162
7268 114
7269 156
7270 76
7271 152
7272 160
7273 125
7274 130
7275 120
7276 128
7277 114
7278 113
7279 135
7280 88
7281 132
7282 122
7283 112
7284 64
7285 105
7286 149
7287 106
7288 129
7289 155
7290 93
7291 145
7292 116
7293 128
7294 119
7295 149
7296 121
7297 113
7298 117
7299 125
7300 145
7301 129
7302 126
7303 130
7304 105
7305 154
7306 133
7307 143
7308 144
7309 148
7310 153
7311 101
7312 130
7313 147
7314 120
7315 159
7316 108
7317 131
7318 130
7319 157
7320 128
7321 117
7322 130
7323 181
7324 120
7325 127
7326 123
7327 85
7328 200
7329 117
7330 159
7331 98
7332 145
7333 129
7334 124
7335 104
7336 148
7337 164
7338 187
7339 123
7340 134
7341 160
7342 120
7343 134
7344 169
7345 142
7346 124
7347 97
7348 95
7349 118
7350 148
7351 151
7352 102
7353 98
7354 145
7355 133
7356 130
7357 58
7358 190
7359 124
7360 124
7361 113
7362 128
7363 57
7364 114
7365 198
7366 108
7367 149
7368 76
7369 155
7370 134
7371 160
7372 146
7373 122
7374 138
7375 90
7376 129
7377 142
7378 96
7379 148
7380 101
7381 148
7382 116
7383 139
7384 113
7385 182
7386 153
7387 128
7388 85
7389 160
7390 123
7391 145
7392 86
7393 203
7394 120
7395 130
7396 102
7397 164
7398 117
7399 73
7400 135
7401 106
7402 140
7403 118
7404 112
7405 137
7406 125
7407 79
7408 159
7409 117
7410 108
7411 157
7412 153
7413 103
7414 165
7415 164
7416 123
7417 147
7418 118
7419 123
7420 93
7421 121
7422 163
7423 165
7424 166
7425 147
7426 71
7427 105
7428 111
7429 97
7430 164
7431 115
7432 90
7433 110
7434 125
7435 107
7436 161
7437 95
7438 146
7439 143
7440 168
7441 144
7442 140
7443 132
7444 160
7445 168
7446 160
7447 166
7448 138
7449 124
7450 103
7451 93
7452 133
7453 156
7454 91
7455 223
7456 145
7457 120
7458 154
7459 148
7460 74
7461 115
7462 159
7463 149
7464 136
7465 79
7466 152
7467 108
7468 121
7469 152
7470 147
7471 65
7472 139
7473 139
7474 140
7475 130
7476 103
7477 122
7478 136
7479 129
7480 40
7481 129
7482 113
7483 145
7484 62
7485 139
7486 108
7487 181
7488 105
7489 141
7490 96
7491 151
7492 144
7493 146
7494 110
7495 142
7496 125
7497 133
7498 131
7499 118
7500 147
7501 142
7502 114
7503 165
7504 131
7505 155
7506 105
7507 121
7508 162
7509 77
7510 83
7511 142
7512 113
7513 146
7514 140
7515 145
7516 148
7517 134
7518 129
7519 126
7520 99
7521 143
7522 139
7523 142
7524 106
7525 125
7526 158
7527 129
7528 166
7529 123
7530 119
7531 174
7532 103
7533 145
7534 126
7535 131
7536 131
7537 149
7538 118
7539 145
7540 139
7541 139
7542 173
7543 113
7544 174
7545 119
7546 135
7547 139
7548 140
7549 149
7550 141
7551 156
7552 116
7553 128
7554 180
7555 131
7556 150
7557 91
7558 123
7559 176
7560 137
7561 107
7562 126
7563 183
7564 94
7565 98
7566 148
7567 134
7568 109
7569 155
7570 87
7571 135
7572 125
7573 136
7574 148
7575 140
7576 130
7577 105
7578 127
7579 135
7580 150
7581 171
7582 131
7583 120
7584 102
7585 109
7586 155
7587 125
7588 141
7589 166
7590 113
7591 153
7592 166
7593 197
7594 150
7595 132
7596 174
7597 104
7598 111
7599 182
7600 127
7601 98
7602 177
7603 82
7604 148
7605 150
7606 144
7607 141
7608 90
7609 109
7610 126
7611 135
7612 106
7613 126
7614 139
7615 128
7616 107
7617 86
7618 110
7619 134
7620 115
7621 142
7622 129
7623 89
7624 122
7625 123
7626 170
7627 106
7628 82
7629 159
7630 155
7631 141
7632 194
7633 129
7634 158
7635 166
7636 114
7637 131
7638 150
7639 137
7640 144
7641 99
7642 63
7643 167
7644 137
7645 141
7646 152
7647 147
7648 188
7649 126
7650 153
7651 126
7652 125
7653 126
7654 134
7655 142
7656 125
7657 166
7658 152
7659 128
7660 150
7661 106
7662 161
7663 90
7664 105
7665 135
7666 106
7667 157
7668 114
7669 128
7670 139
7671 146
7672 108
7673 149
7674 142
7675 84
7676 132
7677 125
7678 146
7679 77
7680 128
7681 118
7682 145
7683 119
7684 127
7685 109
7686 86
7687 151
7688 131
7689 184
7690 130
7691 159
7692 90
7693 188
7694 168
7695 130
7696 140
7697 69
7698 141
7699 125
7700 154
7701 101
7702 115
7703 127
7704 154
7705 115
7706 136
7707 151
7708 129
7709 59
7710 159
7711 83
7712 146
7713 111
7714 148
7715 170
7716 89
7717 150
7718 144
7719 111
7720 144
7721 103
7722 76
7723 146
7724 118
7725 142
7726 118
7727 98
7728 120
7729 97
7730 142
7731 141
7732 134
7733 119
7734 118
7735 143
7736 100
7737 92
7738 119
7739 121
7740 157
7741 126
7742 147
7743 210
7744 188
7745 161
7746 107
7747 171
7748 152
7749 129
7750 129
7751 101
7752 131
7753 77
7754 151
7755 148
7756 154
7757 192
7758 155
7759 149
7760 132
7761 122
7762 107
7763 130
7764 149
7765 171
7766 148
7767 110
7768 168
7769 140
7770 116
7771 142
7772 135
7773 91
7774 110
7775 114
7776 134
7777 115
7778 168
7779 169
7780 161
7781 134
7782 137
7783 128
7784 112
7785 128
7786 139
7787 131
7788 119
7789 152
7790 156
7791 154
7792 155
7793 108
7794 87
7795 120
7796 193
7797 126
7798 131
7799 166
7800 115
7801 113
7802 119
7803 179
7804 122
7805 63
7806 150
7807 118
7808 116
7809 120
7810 133
7811 149
7812 123
7813 119
7814 157
7815 136
7816 149
7817 145
7818 111
7819 136
7820 129
7821 174
7822 88
7823 127
7824 145
7825 128
7826 148
7827 91
7828 117
7829 159
7830 104
7831 128
7832 152
7833 155
7834 163
7835 193
7836 159
7837 106
7838 83
7839 127
7840 109
7841 131
7842 111
7843 156
7844 148
7845 155
7846 185
7847 142
7848 124
7849 141
7850 110
7851 116
7852 143
7853 137
7854 174
7855 119
7856 123
7857 112
7858 149
7859 128
7860 122
7861 120
7862 147
7863 161
7864 129
7865 169
7866 121
7867 141
7868 114
7869 131
7870 139
7871 114
7872 90
7873 116
7874 150
7875 141
7876 139
7877 143
7878 109
7879 169
7880 139
7881 116
7882 89
7883 142
7884 175
7885 188
7886 119
7887 164
7888 176
7889 121
7890 111
7891 159
7892 106
7893 169
7894 164
7895 143
7896 179
7897 128
7898 164
7899 128
7900 174
7901 116
7902 111
7903 91
7904 149
7905 146
7906 109
7907 141
7908 104
7909 71
7910 98
7911 148
7912 149
7913 103
7914 104
7915 137
7916 136
7917 152
7918 149
7919 141
7920 70
7921 190
7922 130
7923 136
7924 155
7925 124
7926 150
7927 137
7928 171
7929 159
7930 154
7931 139
7932 221
7933 101
7934 156
7935 133
7936 164
7937 113
7938 179
7939 99
7940 130
7941 131
7942 125
7943 121
7944 156
7945 137
7946 154
7947 77
7948 153
7949 77
7950 140
7951 112
7952 85
7953 127
7954 129
7955 131
7956 141
7957 122
7958 164
7959 120
7960 152
7961 85
7962 162
7963 184
7964 132
7965 151
7966 149
7967 124
7968 117
7969 143
7970 156
7971 160
7972 146
7973 134
7974 94
7975 116
7976 106
7977 134
7978 117
7979 100
7980 89
7981 55
7982 143
7983 154
7984 152
7985 176
7986 137
7987 82
7988 147
7989 134
7990 184
7991 145
7992 127
7993 113
7994 86
7995 155
7996 152
7997 121
7998 132
7999 157
8000 134
8001 132
8002 165
8003 132
8004 115
8005 166
8006 116
8007 139
8008 209
8009 163
8010 102
8011 62
8012 119
8013 133
8014 137
8015 138
8016 137
8017 172
8018 133
8019 181
8020 148
8021 135
8022 178
8023 122
8024 49
8025 163
8026 160
8027 122
8028 121
8029 142
8030 121
8031 128
8032 136
8033 121
8034 87
8035 135
8036 160
8037 112
8038 112
8039 142
8040 152
8041 138
8042 109
8043 152
8044 148
8045 127
8046 136
8047 101
8048 155
8049 148
8050 117
8051 162
8052 109
8053 97
8054 115
8055 145
8056 137
8057 98
8058 170
8059 117
8060 126
8061 188
8062 136
8063 142
8064 108
8065 116
8066 143
8067 119
8068 134
8069 130
8070 125
8071 127
8072 118
8073 124
8074 132
8075 139
8076 167
8077 136
8078 147
8079 118
8080 118
8081 128
8082 113
8083 153
8084 162
8085 131
8086 177
8087 133
8088 131
8089 70
8090 139
8091 134
8092 135
8093 133
8094 140
8095 123
8096 155
8097 112
8098 125
8099 153
8100 163
8101 129
8102 106
8103 110
8104 153
8105 145
8106 135
8107 139
8108 176
8109 167
8110 125
8111 135
8112 135
8113 161
8114 140
8115 152
8116 107
8117 109
8118 151
8119 94
8120 80
8121 141
8122 113
8123 91
8124 130
8125 133
8126 136
8127 114
8128 112
8129 189
8130 99
8131 172
8132 142
8133 113
8134 122
8135 184
8136 143
8137 123
8138 109
8139 141
8140 117
8141 100
8142 105
8143 146
8144 101
8145 127
8146 122
8147 85
8148 111
8149 174
8150 135
8151 137
8152 90
8153 148
8154 149
8155 127
8156 113
8157 114
8158 114
8159 152
8160 100
8161 152
8162 146
8163 114
8164 97
8165 111
8166 106
8167 112
8168 94
8169 123
8170 157
8171 116
8172 61
8173 137
8174 112
8175 153
8176 117
8177 167
8178 122
8179 133
8180 123
8181 116
8182 151
8183 141
8184 138
8185 95
8186 132
8187 131
8188 90
8189 136
8190 144
8191 133
8192 112
8193 120
8194 135
8195 155
8196 112
8197 174
8198 141
8199 91
8200 143
8201 159
8202 144
8203 126
8204 154
8205 132
8206 122
8207 136
8208 138
8209 155
8210 144
8211 135
8212 84
8213 98
8214 61
8215 99
8216 104
8217 128
8218 139
8219 137
8220 100
8221 136
8222 96
8223 136
8224 181
8225 132
8226 148
8227 157
8228 133
8229 145
8230 141
8231 136
8232 116
8233 150
8234 176
8235 87
8236 124
8237 172
8238 119
8239 169
8240 140
8241 118
8242 148
8243 154
8244 134
8245 100
8246 173
8247 149
8248 164
8249 97
8250 163
8251 141
8252 129
8253 127
8254 133
8255 126
8256 144
8257 115
8258 140
8259 148
8260 150
8261 125
8262 139
8263 150
8264 117
8265 112
8266 120
8267 103
8268 134
8269 98
8270 153
8271 171
8272 120
8273 141
8274 158
8275 180
8276 114
8277 103
8278 165
8279 148
8280 165
8281 166
8282 130
8283 206
8284 128
8285 173
8286 77
8287 114
8288 153
8289 110
8290 156
8291 107
8292 116
8293 161
8294 95
8295 68
8296 178
8297 132
8298 130
8299 45
8300 151
8301 116
8302 111
8303 128
8304 192
8305 135
8306 133
8307 177
8308 143
8309 121
8310 93
8311 192
8312 128
8313 105
8314 162
8315 114
8316 122
8317 106
8318 124
8319 133
8320 111
8321 172
8322 128
8323 172
8324 149
8325 140
8326 88
8327 142
8328 134
8329 90
8330 98
8331 128
8332 201
8333 157
8334 91
8335 166
8336 130
8337 165
8338 146
8339 151
8340 100
8341 163
8342 136
8343 124
8344 111
8345 103
8346 124
8347 108
8348 101
8349 120
8350 104
8351 115
8352 168
8353 146
8354 115
8355 149
8356 146
8357 135
8358 122
8359 137
8360 120
8361 148
8362 87
8363 137
8364 173
8365 85
8366 136
8367 138
8368 145
8369 126
8370 124
8371 150
8372 162
8373 145
8374 106
8375 118
8376 162
8377 113
8378 100
8379 130
8380 143
8381 175
8382 149
8383 152
8384 105
8385 99
8386 184
8387 114
8388 111
8389 133
8390 141
8391 143
8392 113
8393 149
8394 212
8395 235
8396 117
8397 122
8398 129
8399 115
8400 123
8401 187
8402 135
8403 114
8404 102
8405 108
8406 177
8407 111
8408 119
8409 122
8410 183
8411 187
8412 148
8413 125
8414 125
8415 138
8416 147
8417 139
8418 166
8419 180
8420 126
8421 99
8422 156
8423 148
8424 136
8425 99
8426 96
8427 175
8428 148
8429 147
8430 133
8431 109
8432 145
8433 165
8434 92
8435 166
8436 155
8437 125
8438 121
8439 150
8440 86
8441 138
8442 145
8443 127
8444 144
8445 110
8446 163
8447 112
8448 138
8449 111
8450 145
8451 112
8452 141
8453 121
8454 110
8455 133
8456 55
8457 156
8458 116
8459 152
8460 148
8461 157
8462 132
8463 112
8464 79
8465 121
8466 125
8467 168
8468 106
8469 90
8470 132
8471 105
8472 132
8473 116
8474 147
8475 155
8476 131
8477 219
8478 118
8479 139
8480 166
8481 132
8482 187
8483 122
8484 196
8485 93
8486 119
8487 150
8488 133
8489 125
8490 164
8491 131
8492 116
8493 168
8494 128
8495 116
8496 126
8497 92
8498 157
8499 116
8500 124
8501 85
8502 78
8503 142
8504 135
8505 136
8506 185
8507 104
8508 129
8509 135
8510 126
8511 122
8512 111
8513 150
8514 140
8515 129
8516 118
8517 138
8518 120
8519 134
8520 140
8521 168
8522 147
8523 86
8524 182
8525 161
8526 160
8527 121
8528 155
8529 124
8530 158
8531 98
8532 92
8533 100
8534 162
8535 101
8536 128
8537 149
8538 143
8539 193
8540 140
8541 122
8542 125
8543 154
8544 134
8545 140
8546 108
8547 120
8548 154
8549 115
8550 115
8551 130
8552 168
8553 142
8554 149
8555 136
8556 119
8557 139
8558 124
8559 107
8560 134
8561 146
8562 168
8563 119
8564 137
8565 95
8566 84
8567 127
8568 118
8569 97
8570 103
8571 129
8572 95
8573 120
8574 149
8575 129
8576 90
8577 61
8578 113
8579 140
8580 126
8581 70
8582 155
8583 118
8584 163
8585 168
8586 166
8587 109
8588 144
8589 138
8590 156
8591 100
8592 203
8593 126
8594 102
8595 119
8596 128
8597 140
8598 113
8599 112
8600 86
8601 138
8602 170
8603 161
8604 136
8605 154
8606 174
8607 146
8608 177
8609 170
8610 129
8611 152
8612 150
8613 144
8614 165
8615 161
8616 90
8617 125
8618 114
8619 138
8620 120
8621 133
8622 140
8623 174
8624 130
8625 140
8626 153
8627 168
8628 141
8629 142
8630 176
8631 159
8632 111
8633 97
8634 149
8635 144
8636 154
8637 137
8638 162
8639 117
8640 156
8641 125
8642 112
8643 161
8644 119
8645 145
8646 141
8647 79
8648 87
8649 137
8650 104
8651 128
8652 146
8653 108
8654 118
8655 119
8656 109
8657 116
8658 155
8659 156
8660 104
8661 132
8662 80
8663 134
8664 116
8665 96
8666 194
8667 136
8668 139
8669 146
8670 77
8671 154
8672 117
8673 79
8674 105
8675 169
8676 101
8677 120
8678 113
8679 142
8680 125
8681 103
8682 126
8683 124
8684 146
8685 202
8686 136
8687 132
8688 138
8689 136
8690 164
8691 114
8692 127
8693 122
8694 140
8695 146
8696 135
8697 69
8698 98
8699 151
8700 149
8701 137
8702 122
8703 170
8704 120
8705 114
8706 161
8707 88
8708 119
8709 188
8710 167
8711 131
8712 85
8713 121
8714 137
8715 104
8716 175
8717 142
8718 139
8719 111
8720 118
8721 135
8722 151
8723 142
8724 137
8725 110
8726 126
8727 142
8728 144
8729 65
8730 116
8731 122
8732 128
8733 168
8734 148
8735 118
8736 120
8737 169
8738 120
8739 145
8740 149
8741 104
8742 137
8743 171
8744 146
8745 163
8746 131
8747 87
8748 157
8749 131
8750 145
8751 140
8752 112
8753 134
8754 144
8755 106
8756 130
8757 138
8758 101
8759 144
8760 121
8761 141
8762 105
8763 139
8764 103
8765 160
8766 216
8767 158
8768 135
8769 141
8770 119
8771 128
8772 125
8773 175
8774 111
8775 116
8776 131
8777 129
8778 151
8779 201
8780 159
8781 87
8782 139
8783 149
8784 158
8785 100
8786 188
8787 151
8788 78
8789 142
8790 134
8791 110
8792 130
8793 158
8794 94
8795 130
8796 97
8797 126
8798 112
8799 132
8800 115
8801 112
8802 201
8803 104
8804 137
8805 172
8806 133
8807 143
8808 124
8809 151
8810 121
8811 141
8812 92
8813 92
8814 132
8815 118
8816 143
8817 150
8818 58
8819 92
8820 124
8821 163
8822 125
8823 136
8824 124
8825 139
8826 144
8827 180
8828 153
8829 97
8830 106
8831 132
8832 129
8833 142
8834 125
8835 155
8836 130
8837 135
8838 130
8839 139
8840 132
8841 164
8842 124
8843 136
8844 76
8845 122
8846 172
8847 115
8848 103
8849 108
8850 147
8851 172
8852 117
8853 101
8854 109
8855 128
8856 146
8857 133
8858 127
8859 105
8860 147
8861 173
8862 146
8863 90
8864 106
8865 143
8866 140
8867 85
8868 117
8869 139
8870 115
8871 148
8872 136
8873 107
8874 176
8875 130
8876 132
8877 151
8878 134
8879 148
8880 109
8881 126
8882 128
8883 141
8884 181
8885 149
8886 76
8887 133
8888 160
8889 96
8890 123
8891 159
8892 106
8893 127
8894 151
8895 137
8896 122
8897 176
8898 140
8899 150
8900 149
8901 122
8902 124
8903 126
8904 161
8905 117
8906 121
8907 139
8908 130
8909 160
8910 134
8911 95
8912 107
8913 124
8914 161
8915 83
8916 162
8917 172
8918 124
8919 159
8920 125
8921 128
8922 106
8923 102
8924 160
8925 133
8926 117
8927 108
8928 108
8929 111
8930 80
8931 151
8932 123
8933 75
8934 98
8935 107
8936 113
8937 133
8938 152
8939 142
8940 134
8941 142
8942 108
8943 133
8944 137
8945 168
8946 142
8947 13
8948 122
8949 147
8950 106
8951 77
8952 148
8953 104
8954 134
8955 140
8956 127
8957 105
8958 130
8959 136
8960 127
8961 109
8962 122
8963 153
8964 147
8965 125
8966 137
8967 152
8968 135
8969 149
8970 138
8971 132
8972 141
8973 104
8974 121
8975 137
8976 134
8977 127
8978 96
8979 118
8980 168
8981 19
8982 149
8983 129
8984 131
8985 134
8986 161
8987 129
8988 131
8989 128
8990 173
8991 189
8992 121
8993 140
8994 124
8995 89
8996 189
8997 127
8998 102
8999 115
9000 138
9001 146
9002 163
9003 148
9004 124
9005 106
9006 124
9007 92
9008 78
9009 122
9010 107
9011 136
9012 136
9013 144
9014 167
9015 136
9016 168
9017 91
9018 120
9019 124
9020 142
9021 118
9022 118
9023 114
9024 171
9025 138
9026 142
9027 117
9028 153
9029 135
9030 100
9031 135
9032 123
9033 98
9034 124
9035 134
9036 80
9037 125
9038 83
9039 140
9040 134
9041 148
9042 179
9043 132
9044 158
9045 172
9046 115
9047 119
9048 170
9049 129
9050 61
9051 128
9052 126
9053 99
9054 102
9055 131
9056 165
9057 68
9058 141
9059 123
9060 103
9061 144
9062 98
9063 171
9064 118
9065 125
9066 137
9067 86
9068 152
9069 125
9070 109
9071 149
9072 124
9073 123
9074 114
9075 97
9076 119
9077 115
9078 92
9079 146
9080 154
9081 131
9082 159
9083 213
9084 152
9085 164
9086 26
9087 142
9088 186
9089 145
9090 143
9091 133
9092 158
9093 102
9094 100
9095 110
9096 148
9097 145
9098 117
9099 151
9100 156
9101 133
9102 104
9103 156
9104 101
9105 131
9106 121
9107 135
9108 82
9109 164
9110 148
9111 135
9112 105
9113 145
9114 177
9115 131
9116 181
9117 142
9118 125
9119 262
9120 106
9121 165
9122 100
9123 150
9124 140
9125 120
9126 136
9127 155
9128 98
9129 125
9130 137
9131 116
9132 93
9133 128
9134 161
9135 130
9136 147
9137 125
9138 152
9139 190
9140 153
9141 80
9142 93
9143 173
9144 135
9145 85
9146 86
9147 142
9148 133
9149 152
9150 127
9151 182
9152 106
9153 145
9154 176
9155 117
9156 141
9157 116
9158 118
9159 158
9160 112
9161 131
9162 120
9163 172
9164 128
9165 134
9166 160
9167 131
9168 124
9169 130
9170 115
9171 130
9172 152
9173 127
9174 138
9175 139
9176 140
9177 111
9178 130
9179 124
9180 55
9181 138
9182 140
9183 100
9184 166
9185 118
9186 155
9187 152
9188 101
9189 112
9190 121
9191 159
9192 101
9193 177
9194 135
9195 187
9196 174
9197 152
9198 141
9199 138
9200 150
9201 159
9202 138
9203 149
9204 100
9205 134
9206 132
9207 145
9208 120
9209 121
9210 121
9211 66
9212 185
9213 71
9214 127
9215 154
9216 106
9217 112
9218 141
9219 137
9220 127
9221 93
9222 140
9223 142
9224 122
9225 137
9226 154
9227 152
9228 167
9229 116
9230 136
9231 148
9232 105
9233 163
9234 176
9235 98
9236 132
9237 123
9238 127
9239 151
9240 122
9241 94
9242 132
9243 84
9244 118
9245 121
9246 36
9247 138
9248 99
9249 135
9250 154
9251 98
9252 139
9253 127
9254 140
9255 164
9256 139
9257 195
9258 145
9259 117
9260 116
9261 135
9262 120
9263 128
9264 176
9265 121
9266 126
9267 153
9268 109
9269 128
9270 130
9271 140
9272 129
9273 109
9274 117
9275 140
9276 134
9277 194
9278 113
9279 93
9280 78
9281 113
9282 118
9283 86
9284 117
9285 124
9286 121
9287 118
9288 174
9289 113
9290 120
9291 137
9292 147
9293 119
9294 148
9295 176
9296 133
9297 124
9298 163
9299 144
9300 127
9301 138
9302 148
9303 158
9304 200
9305 126
9306 116
9307 112
9308 115
9309 113
9310 91
9311 128
9312 163
9313 132
9314 183
9315 202
9316 116
9317 112
9318 156
9319 120
9320 158
9321 106
9322 153
9323 116
9324 159
9325 142
9326 83
9327 129
9328 0
9329 133
9330 107
9331 113
9332 149
9333 123
9334 143
9335 93
9336 134
9337 102
9338 119
9339 125
9340 142
9341 131
9342 53
9343 144
9344 149
9345 109
9346 92
9347 84
9348 139
9349 146
9350 98
9351 114
9352 138
9353 94
9354 115
9355 134
9356 118
9357 152
9358 99
9359 149
9360 152
9361 143
9362 147
9363 155
9364 138
9365 129
9366 65
9367 117
9368 137
9369 136
9370 197
9371 128
9372 96
9373 131
9374 110
9375 105
9376 183
9377 132
9378 98
9379 128
9380 129
9381 136
9382 136
9383 148
9384 121
9385 129
9386 120
9387 102
9388 139
9389 95
9390 110
9391 96
9392 165
9393 135
9394 99
9395 108
9396 153
9397 126
9398 137
9399 171
9400 30
9401 128
9402 153
9403 128
9404 146
9405 121
9406 166
9407 103
9408 132
9409 132
9410 164
9411 136
9412 115
9413 127
9414 114
9415 148
9416 125
9417 128
9418 87
9419 136
9420 130
9421 0
9422 105
9423 163
9424 157
9425 137
9426 146
9427 104
9428 157
9429 126
9430 133
9431 142
9432 139
9433 181
9434 140
9435 139
9436 132
9437 115
9438 131
9439 188
9440 157
9441 106
9442 116
9443 131
9444 143
9445 138
9446 150
9447 115
9448 110
9449 142
9450 95
9451 148
9452 160
9453 170
9454 152
9455 165
9456 89
9457 147
9458 139
9459 49
9460 144
9461 125
9462 99
9463 131
9464 122
9465 100
9466 124
9467 150
9468 125
9469 103
9470 132
9471 136
9472 122
9473 129
9474 125
9475 153
9476 120
9477 67
9478 137
9479 139
9480 117
9481 169
9482 165
9483 149
9484 120
9485 130
9486 150
9487 147
9488 136
9489 114
9490 128
9491 121
9492 151
9493 117
9494 121
9495 101
9496 102
9497 133
9498 124
9499 131
9500 118
9501 113
9502 173
9503 123
9504 138
9505 146
9506 130
9507 157
9508 130
9509 178
9510 134
9511 130
9512 170
9513 92
9514 107
9515 181
9516 123
9517 159
9518 85
9519 127
9520 176
9521 127
9522 129
9523 181
9524 118
9525 80
9526 173
9527 189
9528 87
9529 67
9530 135
9531 144
9532 134
9533 94
9534 145
9535 152
9536 109
9537 104
9538 101
9539 76
9540 126
9541 145
9542 155
9543 114
9544 80
9545 146
9546 160
9547 145
9548 117
9549 146
9550 145
9551 155
9552 172
9553 131
9554 105
9555 121
9556 222
9557 174
9558 128
9559 189
9560 119
9561 77
9562 103
9563 97
9564 131
9565 128
9566 74
9567 114
9568 145
9569 133
9570 69
9571 133
9572 75
9573 157
9574 156
9575 164
9576 122
9577 164
9578 131
9579 138
9580 140
9581 135
9582 161
9583 108
9584 123
9585 198
9586 129
9587 112
9588 158
9589 110
9590 84
9591 117
9592 138
9593 132
9594 104
9595 125
9596 138
9597 70
9598 167
9599 117
9600 166
9601 128
9602 138
9603 161
9604 170
9605 160
9606 171
9607 166
9608 144
9609 97
9610 122
9611 142
9612 134
9613 108
9614 135
9615 140
9616 85
9617 131
9618 85
9619 125
9620 160
9621 128
9622 126
9623 136
9624 135
9625 160
9626 97
9627 113
9628 83
9629 85
9630 131
9631 152
9632 106
9633 107
9634 93
9635 125
9636 141
9637 128
9638 160
9639 135
9640 115
9641 124
9642 141
9643 106
9644 107
9645 131
9646 120
9647 132
9648 107
9649 155
9650 132
9651 156
9652 150
9653 115
9654 117
9655 119
9656 168
9657 156
9658 132
9659 135
9660 124
9661 98
9662 113
9663 170
9664 126
9665 111
9666 146
9667 170
9668 121
9669 151
9670 172
9671 72
9672 124
9673 121
9674 115
9675 170
9676 136
9677 148
9678 156
9679 161
9680 118
9681 209
9682 138
9683 116
9684 162
9685 131
9686 113
9687 182
9688 115
9689 136
9690 116
9691 166
9692 128
9693 126
9694 92
9695 110
9696 125
9697 179
9698 72
9699 96
9700 129
9701 161
9702 143
9703 124
9704 134
9705 144
9706 129
9707 131
9708 122
9709 163
9710 166
9711 138
9712 158
9713 134
9714 154
9715 94
9716 124
9717 129
9718 104
9719 135
9720 128
9721 121
9722 129
9723 142
9724 108
9725 136
9726 114
9727 134
9728 103
9729 110
9730 146
9731 110
9732 123
9733 114
9734 125
9735 138
9736 141
9737 147
9738 104
9739 120
9740 143
9741 131
9742 137
9743 125
9744 148
9745 130
9746 119
9747 127
9748 121
9749 159
9750 131
9751 111
9752 117
9753 133
9754 173
9755 191
9756 81
9757 169
9758 112
9759 141
9760 166
9761 183
9762 148
9763 181
9764 166
9765 138
9766 87
9767 143
9768 105
9769 138
9770 133
9771 128
9772 167
9773 137
9774 130
9775 150
9776 151
9777 155
9778 117
9779 143
9780 169
9781 110
9782 136
9783 129
9784 135
9785 134
9786 157
9787 114
9788 124
9789 191
9790 193
9791 152
9792 141
9793 117
9794 124
9795 163
9796 139
9797 160
9798 129
9799 124
