Vertices: 6600
Edges: 46200
Time: 2,903 ms
Iterations: 46131
Vertex Distance
0 0
1 164
2 170
3 214
4 137
5 88
6 144
7 123
8 174
9 154
10 113
11 120
12 148
13 167
14 138
15 115
16 131
17 143
18 141
19 161
20 180
21 0
22 122
23 127
24 197
25 158
26 152
27 149
28 134
29 141
30 88
31 171
32 156
33 145
34 149
35 145
36 161
37 91
38 151
39 167
40 174
41 134
42 145
43 142
44 129
45 131
46 126
47 153
48 157
49 157
50 192
51 171
52 162
53 162
54 156
55 124
56 186
57 149
58 168
59 160
60 125
61 124
62 141
63 147
64 172
65 124
66 157
67 145
68 134
69 154
70 204
71 156
72 108
73 185
74 149
75 152
76 165
77 125
78 109
79 165
80 129
81 143
82 111
83 130
84 155
85 117
86 142
87 168
88 175
89 162
90 172
91 135
92 129
93 148
94 169
95 142
96 156
97 166
98 144
99 163
100 133
101 90
102 159
103 111
104 162
105 136
106 179
107 172
108 153
109 130
110 148
111 174
112 186
113 156
114 172
115 156
116 128
117 128
118 142
119 134
120 137
121 145
122 144
123 135
124 122
125 141
126 141
127 119
128 140
129 172
130 123
131 132
132 155
133 135
134 172
135 171
136 147
137 142
138 129
139 122
140 157
141 131
142 151
143 178
144 125
145 152
146 162
147 159
148 127
149 152
150 136
151 151
152 153
153 148
154 141
155 148
156 143
157 189
158 202
159 184
160 139
161 149
162 111
163 169
164 135
165 166
166 175
167 168
168 132
169 162
170 124
171 165
172 162
173 131
174 134
175 153
176 156
177 146
178 150
179 148
180 170
181 187
182 162
183 135
184 147
185 108
186 148
187 117
188 159
189 155
190 184
191 101
192 142
193 143
194 161
195 135
196 140
197 153
198 166
199 157
200 144
201 134
202 227
203 139
204 175
205 121
206 164
207 179
208 98
209 145
210 144
211 130
212 131
213 188
214 155
215 162
216 151
217 140
218 146
219 161
220 124
221 166
222 108
223 217
224 140
225 133
226 148
227 166
228 147
229 138
230 155
231 120
232 104
233 150
234 147
235 168
236 160
237 148
238 189
239 139
240 144
241 202
242 141
243 140
244 155
245 146
246 157
247 199
248 117
249 139
250 109
251 142
252 142
253 183
254 107
255 134
256 128
257 105
258 134
259 144
260 152
261 133
262 164
263 143
264 88
265 98
266 163
267 131
268 135
269 132
270 146
271 216
272 153
273 130
274 165
275 154
276 153
277 143
278 151
279 144
280 120
281 182
282 120
283 176
284 113
285 99
286 150
287 141
288 164
289 129
290 181
291 125
292 155
293 139
294 160
295 195
296 94
297 158
298 140
299 183
300 153
301 110
302 159
303 140
304 122
305 145
306 142
307 164
308 137
309 122
310 138
311 100
312 149
313 239
314 137
315 145
316 133
317 144
318 92
319 138
320 132
321 148
322 141
323 163
324 125
325 127
326 200
327 170
328 134
329 122
330 105
331 126
332 150
333 115
334 164
335 158
336 197
337 188
338 159
339 173
340 145
341 160
342 118
343 155
344 168
345 108
346 78
347 195
348 174
349 159
350 142
351 132
352 168
353 163
354 180
355 140
356 75
357 117
358 137
359 151
360 141
361 120
362 139
363 150
364 213
365 147
366 115
367 97
368 166
369 175
370 129
371 193
372 154
373 141
374 133
375 163
376 76
377 133
378 174
379 147
380 160
381 171
382 104
383 134
384 150
385 165
386 172
387 117
388 136
389 146
390 147
391 126
392 145
393 147
394 165
395 185
396 169
397 167
398 128
399 142
400 146
401 114
402 136
403 131
404 166
405 145
406 134
407 175
408 182
409 168
410 32
411 123
412 121
413 142
414 138
415 84
416 142
417 122
418 148
419 115
420 163
421 123
422 170
423 206
424 119
425 184
426 126
427 140
428 138
429 223
430 154
431 176
432 136
433 168
434 130
435 132
436 193
437 167
438 138
439 81
440 116
441 133
442 45
443 136
444 132
445 141
446 175
447 131
448 153
449 139
450 124
451 138
452 128
453 112
454 139
455 182
456 150
457 125
458 126
459 109
460 154
461 151
462 154
463 134
464 142
465 139
466 143
467 119
468 102
469 135
470 120
471 178
472 91
473 158
474 121
475 114
476 208
477 150
478 202
479 137
480 118
481 159
482 135
483 144
484 147
485 146
486 158
487 107
488 148
489 92
490 119
491 115
492 121
493 138
494 193
495 161
496 152
497 133
498 154
499 121
500 127
501 166
502 126
503 176
504 132
505 146
506 144
507 178
508 132
509 177
510 157
511 80
512 122
513 114
514 166
515 166
516 151
517 131
518 143
519 166
520 127
521 148
522 134
523 134
524 144
525 154
526 127
527 143
528 113
529 124
530 157
531 101
532 151
533 120
534 180
535 120
536 163
537 133
538 146
539 200
540 165
541 152
542 109
543 128
544 96
545 191
546 164
547 168
548 168
549 139
550 109
551 129
552 136
553 164
554 108
555 115
556 144
557 163
558 98
559 130
560 186
561 194
562 150
563 189
564 103
565 154
566 161
567 133
568 130
569 154
570 149
571 116
572 104
573 152
574 144
575 130
576 144
577 133
578 130
579 132
580 131
581 134
582 129
583 167
584 80
585 106
586 116
587 145
588 113
589 157
590 147
591 146
592 203
593 146
594 114
595 134
596 179
597 184
598 150
599 136
600 156
601 143
602 119
603 209
604 111
605 134
606 111
607 156
608 187
609 184
610 120
611 181
612 165
613 136
614 129
615 162
616 177
617 185
618 119
619 130
620 91
621 108
622 135
623 149
624 140
625 184
626 168
627 181
628 101
629 145
630 170
631 147
632 140
633 145
634 141
635 178
636 114
637 152
638 124
639 154
640 176
641 123
642 115
643 159
644 144
645 131
646 142
647 156
648 145
649 202
650 140
651 153
652 144
653 167
654 156
655 152
656 140
657 136
658 150
659 140
660 110
661 135
662 149
663 124
664 148
665 149
666 144
667 167
668 94
669 92
670 151
671 126
672 208
673 180
674 119
675 187
676 151
677 194
678 137
679 163
680 159
681 90
682 169
683 97
684 168
685 129
686 172
687 241
688 144
689 139
690 173
691 139
692 178
693 135
694 186
695 210
696 167
697 143
698 120
699 88
700 103
701 118
702 158
703 151
704 157
705 140
706 179
707 137
708 137
709 149
710 118
711 131
712 155
713 132
714 137
715 165
716 149
717 138
718 130
719 141
720 157
721 152
722 124
723 156
724 142
725 112
726 200
727 160
728 148
729 127
730 151
731 150
732 121
733 148
734 120
735 160
736 143
737 129
738 130
739 156
740 134
741 156
742 151
743 115
744 138
745 55
746 118
747 144
748 160
749 194
750 150
751 166
752 151
753 138
754 146
755 145
756 155
757 153
758 160
759 129
760 159
761 129
762 127
763 129
764 116
765 159
766 157
767 181
768 142
769 165
770 169
771 151
772 145
773 91
774 167
775 113
776 189
777 152
778 177
779 136
780 149
781 183
782 160
783 71
784 183
785 154
786 135
787 136
788 129
789 171
790 144
791 143
792 121
793 152
794 159
795 141
796 180
797 148
798 166
799 146
800 149
801 92
802 164
803 166
804 123
805 162
806 126
807 174
808 137
809 130
810 163
811 146
812 147
813 141
814 162
815 107
816 166
817 173
818 189
819 144
820 116
821 151
822 221
823 116
824 134
825 126
826 220
827 145
828 149
829 167
830 163
831 180
832 144
833 135
834 156
835 158
836 153
837 122
838 157
839 143
840 103
841 144
842 223
843 170
844 137
845 136
846 123
847 171
848 120
849 149
850 136
851 159
852 134
853 145
854 154
855 101
856 171
857 140
858 164
859 157
860 155
861 164
862 144
863 58
864 145
865 116
866 159
867 125
868 141
869 124
870 156
871 164
872 164
873 109
874 171
875 122
876 135
877 150
878 151
879 134
880 169
881 129
882 116
883 125
884 104
885 166
886 0
887 150
888 166
889 113
890 178
891 167
892 141
893 149
894 181
895 124
896 138
897 152
898 166
899 162
900 150
901 180
902 186
903 152
904 117
905 157
906 207
907 148
908 149
909 168
910 95
911 135
912 146
913 145
914 132
915 121
916 133
917 145
918 136
919 163
920 126
921 135
922 196
923 167
924 153
925 132
926 155
927 83
928 143
929 119
930 147
931 121
932 184
933 147
934 142
935 157
936 156
937 160
938 170
939 145
940 134
941 168
942 137
943 119
944 162
945 147
946 162
947 198
948 170
949 200
950 115
951 135
952 172
953 155
954 180
955 153
956 126
957 123
958 135
959 149
960 139
961 158
962 151
963 147
964 165
965 119
966 116
967 126
968 120
969 120
970 153
971 166
972 144
973 151
974 124
975 161
976 165
977 177
978 125
979 136
980 116
981 146
982 127
983 196
984 137
985 207
986 195
987 163
988 176
989 183
990 153
991 141
992 154
993 130
994 151
995 152
996 158
997 122
998 147
999 156
1000 124
1001 140
1002 154
1003 121
1004 147
1005 167
1006 126
1007 160
1008 159
1009 155
1010 122
1011 183
1012 153
1013 155
1014 193
1015 133
1016 98
1017 156
1018 142
1019 146
1020 144
1021 135
1022 154
1023 151
1024 139
1025 112
1026 127
1027 187
1028 165
1029 158
1030 142
1031 170
1032 191
1033 149
1034 190
1035 128
1036 172
1037 141
1038 147
1039 141
1040 122
1041 152
1042 146
1043 189
1044 134
1045 129
1046 145
1047 168
1048 177
1049 160
1050 182
1051 138
1052 160
1053 136
1054 136
1055 180
1056 151
1057 147
1058 144
1059 129
1060 196
1061 132
1062 141
1063 76
1064 145
1065 117
1066 137
1067 134
1068 132
1069 204
1070 177
1071 112
1072 129
1073 163
1074 147
1075 196
1076 162
1077 155
1078 173
1079 145
1080 130
1081 141
1082 189
1083 160
1084 159
1085 147
1086 146
1087 151
1088 197
1089 143
1090 167
1091 137
1092 147
1093 150
1094 154
1095 196
1096 195
1097 179
1098 98
1099 195
1100 123
1101 182
1102 161
1103 139
1104 145
1105 139
1106 203
1107 157
1108 145
1109 162
1110 158
1111 125
1112 146
1113 161
1114 104
1115 119
1116 165
1117 108
1118 144
1119 132
1120 130
1121 160
1122 202
1123 156
1124 100
1125 116
1126 130
1127 181
1128 135
1129 150
1130 139
1131 134
1132 125
1133 117
1134 117
1135 148
1136 185
1137 191
1138 159
1139 154
1140 143
1141 139
1142 145
1143 153
1144 118
1145 127
1146 135
1147 139
1148 131
1149 187
1150 121
1151 135
1152 131
1153 155
1154 158
1155 103
1156 188
1157 125
1158 141
1159 138
1160 146
1161 163
1162 150
1163 150
1164 99
1165 165
1166 140
1167 155
1168 149
1169 169
1170 200
1171 178
1172 118
1173 144
1174 156
1175 166
1176 168
1177 165
1178 103
1179 148
1180 152
1181 159
1182 177
1183 115
1184 105
1185 135
1186 130
1187 168
1188 143
1189 0
1190 128
1191 124
1192 131
1193 154
1194 119
1195 118
1196 167
1197 197
1198 151
1199 156
1200 153
1201 76
1202 96
1203 142
1204 162
1205 106
1206 160
1207 121
1208 17
1209 147
1210 157
1211 124
1212 179
1213 146
1214 160
1215 131
1216 78
1217 148
1218 118
1219 124
1220 165
1221 181
1222 188
1223 161
1224 151
1225 169
1226 131
1227 139
1228 186
1229 114
1230 165
1231 162
1232 161
1233 121
1234 163
1235 120
1236 150
1237 193
1238 138
1239 149
1240 169
1241 144
1242 158
1243 98
1244 114
1245 167
1246 205
1247 134
1248 130
1249 165
1250 146
1251 215
1252 116
1253 87
1254 119
1255 136
1256 120
1257 142
1258 216
1259 140
1260 119
1261 186
1262 159
1263 148
1264 136
1265 149
1266 160
1267 125
1268 133
1269 113
1270 138
1271 155
1272 186
1273 145
1274 125
1275 122
1276 134
1277 110
1278 116
1279 133
1280 115
1281 147
1282 123
1283 199
1284 122
1285 133
1286 167
1287 157
1288 139
1289 152
1290 144
1291 175
1292 163
1293 144
1294 161
1295 184
1296 160
1297 160
1298 145
1299 108
1300 156
1301 160
1302 152
1303 84
1304 153
1305 169
1306 140
1307 141
1308 203
1309 138
1310 131
1311 205
1312 129
1313 137
1314 155
1315 76
1316 173
1317 153
1318 146
1319 114
1320 135
1321 184
1322 144
1323 127
1324 140
1325 166
1326 221
1327 161
1328 135
1329 119
1330 125
1331 181
1332 144
1333 151
1334 157
1335 146
1336 142
1337 152
1338 168
1339 159
1340 119
1341 173
1342 89
1343 118
1344 158
1345 131
1346 189
1347 177
1348 140
1349 145
1350 145
1351 114
1352 153
1353 163
1354 143
1355 167
1356 105
1357 126
1358 151
1359 181
1360 191
1361 131
1362 182
1363 165
1364 117
1365 118
1366 167
1367 175
1368 145
1369 156
1370 148
1371 141
1372 152
1373 180
1374 136
1375 183
1376 147
1377 141
1378 140
1379 127
1380 161
1381 174
1382 163
1383 180
1384 136
1385 82
1386 81
1387 96
1388 78
1389 132
1390 191
1391 154
1392 136
1393 132
1394 148
1395 126
1396 143
1397 166
1398 147
1399 108
1400 136
1401 129
1402 141
1403 129
1404 164
1405 183
1406 161
1407 191
1408 137
1409 173
1410 160
1411 166
1412 142
1413 111
1414 132
1415 131
1416 162
1417 169
1418 155
1419 141
1420 152
1421 147
1422 148
1423 161
1424 115
1425 190
1426 166
1427 182
1428 141
1429 164
1430 137
1431 141
1432 141
1433 152
1434 135
1435 158
1436 181
1437 154
1438 149
1439 89
1440 155
1441 123
1442 158
1443 132
1444 191
1445 140
1446 189
1447 206
1448 197
1449 148
1450 121
1451 179
1452 167
1453 152
1454 129
1455 163
1456 119
1457 151
1458 111
1459 130
1460 200
1461 114
1462 152
1463 177
1464 132
1465 121
1466 120
1467 120
1468 106
1469 118
1470 151
1471 168
1472 154
1473 152
1474 156
1475 133
1476 167
1477 152
1478 127
1479 201
1480 127
1481 153
1482 186
1483 169
1484 83
1485 143
1486 130
1487 147
1488 151
1489 132
1490 180
1491 183
1492 158
1493 163
1494 151
1495 115
1496 115
1497 156
1498 149
1499 165
1500 126
1501 113
1502 140
1503 150
1504 150
1505 187
1506 168
1507 154
1508 146
1509 122
1510 193
1511 127
1512 170
1513 119
1514 158
1515 147
1516 91
1517 141
1518 172
1519 140
1520 156
1521 131
1522 158
1523 102
1524 177
1525 148
1526 157
1527 0
1528 135
1529 116
1530 179
1531 107
1532 140
1533 119
1534 169
1535 117
1536 118
1537 150
1538 146
1539 154
1540 168
1541 145
1542 166
1543 129
1544 220
1545 176
1546 128
1547 174
1548 149
1549 110
1550 156
1551 121
1552 148
1553 154
1554 137
1555 155
1556 143
1557 103
1558 147
1559 142
1560 117
1561 170
1562 148
1563 166
1564 156
1565 126
1566 190
1567 129
1568 154
1569 141
1570 171
1571 199
1572 122
1573 127
1574 135
1575 199
1576 107
1577 151
1578 181
1579 168
1580 138
1581 151
1582 160
1583 163
1584 173
1585 140
1586 106
1587 112
1588 118
1589 137
1590 163
1591 109
1592 154
1593 135
1594 154
1595 165
1596 137
1597 154
1598 121
1599 146
1600 140
1601 164
1602 175
1603 164
1604 132
1605 102
1606 164
1607 116
1608 192
1609 136
1610 159
1611 140
1612 106
1613 200
1614 150
1615 115
1616 119
1617 98
1618 195
1619 132
1620 140
1621 165
1622 147
1623 145
1624 110
1625 151
1626 127
1627 141
1628 139
1629 182
1630 127
1631 99
1632 174
1633 129
1634 148
1635 125
1636 129
1637 184
1638 148
1639 139
1640 129
1641 165
1642 187
1643 156
1644 144
1645 138
1646 94
1647 167
1648 155
1649 153
1650 181
1651 131
1652 183
1653 156
1654 128
1655 168
1656 177
1657 156
1658 125
1659 131
1660 135
1661 149
1662 184
1663 169
1664 162
1665 124
1666 129
1667 128
1668 149
1669 131
1670 187
1671 132
1672 103
1673 176
1674 151
1675 112
1676 161
1677 162
1678 142
1679 187
1680 138
1681 143
1682 133
1683 152
1684 151
1685 135
1686 136
1687 131
1688 200
1689 158
1690 114
1691 144
1692 140
1693 131
1694 137
1695 136
1696 152
1697 129
1698 158
1699 139
1700 183
1701 112
1702 156
1703 134
1704 170
1705 122
1706 114
1707 152
1708 162
1709 181
1710 134
1711 124
1712 133
1713 160
1714 59
1715 144
1716 168
1717 170
1718 125
1719 185
1720 117
1721 115
1722 167
1723 185
1724 144
1725 124
1726 127
1727 147
1728 160
1729 159
1730 173
1731 164
1732 124
1733 177
1734 125
1735 149
1736 144
1737 148
1738 120
1739 157
1740 171
1741 119
1742 173
1743 149
1744 149
1745 143
1746 144
1747 159
1748 180
1749 149
1750 163
1751 142
1752 186
1753 173
1754 169
1755 110
1756 218
1757 140
1758 158
1759 107
1760 186
1761 146
1762 161
1763 194
1764 141
1765 134
1766 134
1767 158
1768 127
1769 118
1770 147
1771 100
1772 137
1773 136
1774 95
1775 169
1776 135
1777 121
1778 154
1779 214
1780 83
1781 133
1782 169
1783 144
1784 176
1785 148
1786 138
1787 162
1788 137
1789 147
1790 205
1791 100
1792 169
1793 136
1794 69
1795 124
1796 128
1797 123
1798 121
1799 108
1800 124
1801 108
1802 154
1803 129
1804 136
1805 159
1806 137
1807 161
1808 112
1809 136
1810 163
1811 133
1812 168
1813 151
1814 141
1815 158
1816 149
1817 165
1818 152
1819 143
1820 163
1821 148
1822 132
1823 170
1824 202
1825 127
1826 199
1827 177
1828 273
1829 141
1830 136
1831 166
1832 86
1833 114
1834 128
1835 93
1836 160
1837 128
1838 156
1839 183
1840 95
1841 162
1842 164
1843 153
1844 148
1845 160
1846 127
1847 150
1848 139
1849 167
1850 131
1851 165
1852 102
1853 183
1854 96
1855 171
1856 179
1857 168
1858 144
1859 157
1860 141
1861 115
1862 181
1863 139
1864 111
1865 108
1866 146
1867 146
1868 165
1869 136
1870 120
1871 175
1872 139
1873 153
1874 163
1875 144
1876 107
1877 132
1878 178
1879 148
1880 153
1881 196
1882 174
1883 121
1884 130
1885 183
1886 143
1887 141
1888 139
1889 176
1890 154
1891 110
1892 130
1893 82
1894 107
1895 152
1896 128
1897 144
1898 155
1899 120
1900 127
1901 159
1902 151
1903 142
1904 144
1905 122
1906 151
1907 158
1908 69
1909 178
1910 116
1911 168
1912 169
1913 131
1914 127
1915 176
1916 108
1917 80
1918 130
1919 159
1920 136
1921 139
1922 135
1923 246
1924 150
1925 135
1926 172
1927 99
1928 162
1929 138
1930 127
1931 177
1932 131
1933 158
1934 126
1935 131
1936 137
1937 156
1938 135
1939 142
1940 185
1941 151
1942 121
1943 179
1944 113
1945 107
1946 119
1947 174
1948 136
1949 168
1950 138
1951 146
1952 156
1953 132
1954 147
1955 157
1956 138
1957 135
1958 147
1959 152
1960 175
1961 111
1962 141
1963 126
1964 157
1965 121
1966 221
1967 136
1968 168
1969 143
1970 152
1971 133
1972 149
1973 99
1974 145
1975 100
1976 165
1977 98
1978 171
1979 143
1980 114
1981 140
1982 109
1983 159
1984 132
1985 138
1986 143
1987 77
1988 138
1989 143
1990 130
1991 147
1992 154
1993 137
1994 135
1995 170
1996 148
1997 123
1998 116
1999 150
2000 121
2001 170
2002 114
2003 181
2004 156
2005 150
2006 167
2007 126
2008 171
2009 146
2010 136
2011 135
2012 105
2013 137
2014 175
2015 140
2016 177
2017 161
2018 174
2019 133
2020 129
2021 192
2022 148
2023 167
2024 135
2025 138
2026 202
2027 208
2028 189
2029 153
2030 132
2031 141
2032 134
2033 108
2034 155
2035 165
2036 88
2037 164
2038 125
2039 182
2040 132
2041 194
2042 196
2043 154
2044 197
2045 141
2046 181
2047 149
2048 150
2049 132
2050 166
2051 134
2052 49
2053 175
2054 56
2055 170
2056 150
2057 163
2058 154
2059 140
2060 177
2061 151
2062 127
2063 141
2064 128
2065 149
2066 139
2067 138
2068 153
2069 163
2070 178
2071 114
2072 158
2073 112
2074 163
2075 148
2076 147
2077 182
2078 178
2079 127
2080 140
2081 163
2082 130
2083 154
2084 174
2085 179
2086 137
2087 147
2088 119
2089 128
2090 158
2091 187
2092 170
2093 129
2094 163
2095 171
2096 167
2097 164
2098 116
2099 133
2100 141
2101 155
2102 159
2103 143
2104 138
2105 122
2106 209
2107 152
2108 154
2109 184
2110 59
2111 164
2112 111
2113 165
2114 155
2115 159
2116 136
2117 131
2118 142
2119 64
2120 138
2121 180
2122 117
2123 145
2124 156
2125 156
2126 141
2127 173
2128 189
2129 109
2130 168
2131 173
2132 150
2133 142
2134 133
2135 120
2136 171
2137 138
2138 155
2139 156
2140 118
2141 121
2142 153
2143 175
2144 159
2145 159
2146 181
2147 126
2148 122
2149 121
2150 123
2151 163
2152 205
2153 184
2154 127
2155 185
2156 129
2157 170
2158 142
2159 140
2160 113
2161 142
2162 162
2163 141
2164 136
2165 145
2166 145
2167 156
2168 133
2169 163
2170 151
2171 156
2172 169
2173 126
2174 199
2175 182
2176 139
2177 148
2178 121
2179 136
2180 137
2181 188
2182 128
2183 153
2184 158
2185 180
2186 128
2187 189
2188 136
2189 121
2190 173
2191 160
2192 99
2193 199
2194 127
2195 109
2196 135
2197 137
2198 152
2199 106
2200 159
2201 159
2202 125
2203 131
2204 168
2205 149
2206 0
2207 140
2208 168
2209 176
2210 162
2211 149
2212 144
2213 125
2214 188
2215 173
2216 124
2217 167
2218 178
2219 127
2220 160
2221 138
2222 158
2223 136
2224 139
2225 125
2226 139
2227 104
2228 109
2229 153
2230 159
2231 101
2232 148
2233 137
2234 137
2235 156
2236 104
2237 141
2238 108
2239 174
2240 162
2241 147
2242 164
2243 132
2244 185
2245 150
2246 87
2247 157
2248 155
2249 136
2250 136
2251 159
2252 164
2253 134
2254 98
2255 164
2256 173
2257 123
2258 167
2259 125
2260 180
2261 144
2262 126
2263 100
2264 153
2265 171
2266 153
2267 83
2268 179
2269 85
2270 104
2271 151
2272 88
2273 113
2274 134
2275 110
2276 110
2277 119
2278 141
2279 109
2280 151
2281 188
2282 163
2283 136
2284 139
2285 142
2286 181
2287 132
2288 121
2289 166
2290 162
2291 134
2292 136
2293 161
2294 186
2295 158
2296 189
2297 143
2298 111
2299 129
2300 143
2301 143
2302 146
2303 157
2304 159
2305 191
2306 184
2307 171
2308 173
2309 177
2310 167
2311 133
2312 164
2313 135
2314 120
2315 114
2316 172
2317 154
2318 123
2319 186
2320 179
2321 154
2322 156
2323 172
2324 168
2325 124
2326 152
2327 161
2328 138
2329 172
2330 132
2331 151
2332 166
2333 146
2334 128
2335 84
2336 177
2337 156
2338 152
2339 147
2340 144
2341 126
2342 138
2343 173
2344 116
2345 138
2346 144
2347 150
2348 116
2349 159
2350 150
2351 123
2352 153
2353 152
2354 137
2355 215
2356 166
2357 90
2358 192
2359 125
2360 146
2361 127
2362 127
2363 146
2364 167
2365 191
2366 191
2367 144
2368 139
2369 121
2370 157
2371 104
2372 152
2373 147
2374 138
2375 140
2376 139
2377 120
2378 82
2379 117
2380 147
2381 151
2382 123
2383 151
2384 173
2385 115
2386 140
2387 140
2388 150
2389 151
2390 151
2391 142
2392 138
2393 157
2394 97
2395 199
2396 141
2397 147
2398 165
2399 173
2400 93
2401 134
2402 151
2403 144
2404 100
2405 140
2406 169
2407 151
2408 136
2409 123
2410 180
2411 171
2412 142
2413 169
2414 55
2415 144
2416 167
2417 151
2418 160
2419 177
2420 130
2421 158
2422 116
2423 180
2424 166
2425 161
2426 145
2427 110
2428 149
2429 162
2430 170
2431 153
2432 127
2433 132
2434 115
2435 178
2436 154
2437 150
2438 152
2439 147
2440 145
2441 154
2442 146
2443 162
2444 153
2445 121
2446 151
2447 125
2448 133
2449 138
2450 151
2451 203
2452 178
2453 162
2454 98
2455 78
2456 146
2457 127
2458 182
2459 136
2460 164
2461 149
2462 157
2463 140
2464 147
2465 146
2466 113
2467 149
2468 131
2469 140
2470 154
2471 159
2472 139
2473 175
2474 160
2475 80
2476 138
2477 139
2478 186
2479 160
2480 165
2481 119
2482 104
2483 163
2484 140
2485 110
2486 140
2487 161
2488 138
2489 154
2490 157
2491 120
2492 170
2493 138
2494 144
2495 154
2496 151
2497 152
2498 137
2499 120
2500 113
2501 107
2502 153
2503 147
2504 135
2505 165
2506 107
2507 142
2508 117
2509 154
2510 112
2511 185
2512 166
2513 157
2514 151
2515 146
2516 126
2517 154
2518 186
2519 211
2520 169
2521 195
2522 66
2523 87
2524 157
2525 116
2526 131
2527 212
2528 138
2529 127
2530 105
2531 160
2532 140
2533 144
2534 160
2535 152
2536 155
2537 149
2538 141
2539 168
2540 157
2541 137
2542 148
2543 135
2544 193
2545 132
2546 112
2547 129
2548 138
2549 150
2550 163
2551 166
2552 150
2553 158
2554 157
2555 167
2556 147
2557 149
2558 152
2559 154
2560 176
2561 164
2562 161
2563 124
2564 156
2565 120
2566 156
2567 96
2568 153
2569 153
2570 142
2571 143
2572 163
2573 170
2574 148
2575 158
2576 101
2577 147
2578 146
2579 122
2580 151
2581 104
2582 114
2583 120
2584 137
2585 138
2586 101
2587 144
2588 139
2589 139
2590 168
2591 138
2592 170
2593 140
2594 156
2595 200
2596 128
2597 176
2598 142
2599 118
2600 166
2601 120
2602 160
2603 147
2604 156
2605 74
2606 143
2607 173
2608 134
2609 146
2610 137
2611 123
2612 149
2613 152
2614 135
2615 129
2616 134
2617 104
2618 140
2619 142
2620 73
2621 143
2622 152
2623 198
2624 160
2625 137
2626 210
2627 156
2628 176
2629 133
2630 176
2631 170
2632 134
2633 118
2634 149
2635 126
2636 127
2637 173
2638 189
2639 126
2640 131
2641 150
2642 164
2643 170
2644 141
2645 106
2646 146
2647 164
2648 119
2649 185
2650 161
2651 153
2652 162
2653 110
2654 132
2655 147
2656 147
2657 156
2658 133
2659 169
2660 148
2661 145
2662 156
2663 108
2664 113
2665 159
2666 137
2667 134
2668 182
2669 193
2670 145
2671 149
2672 148
2673 145
2674 159
2675 156
2676 142
2677 146
2678 158
2679 117
2680 134
2681 153
2682 102
2683 142
2684 144
2685 158
2686 145
2687 138
2688 153
2689 153
2690 199
2691 123
2692 161
2693 95
2694 203
2695 159
2696 147
2697 135
2698 155
2699 207
2700 150
2701 107
2702 147
2703 182
2704 116
2705 174
2706 168
2707 179
2708 148
2709 187
2710 150
2711 155
2712 109
2713 143
2714 154
2715 152
2716 144
2717 160
2718 87
2719 126
2720 163
2721 122
2722 177
2723 174
2724 163
2725 173
2726 103
2727 155
2728 131
2729 132
2730 131
2731 201
2732 147
2733 153
2734 166
2735 138
2736 180
2737 188
2738 149
2739 136
2740 166
2741 170
2742 97
2743 162
2744 144
2745 144
2746 146
2747 167
2748 225
2749 159
2750 173
2751 142
2752 125
2753 140
2754 100
2755 146
2756 111
2757 95
2758 143
2759 175
2760 147
2761 105
2762 121
2763 140
2764 173
2765 136
2766 164
2767 149
2768 164
2769 146
2770 143
2771 115
2772 134
2773 134
2774 114
2775 182
2776 192
2777 99
2778 124
2779 169
2780 145
2781 159
2782 161
2783 130
2784 173
2785 185
2786 155
2787 161
2788 165
2789 155
2790 164
2791 157
2792 112
2793 107
2794 100
2795 148
2796 147
2797 152
2798 124
2799 113
2800 140
2801 164
2802 128
2803 203
2804 169
2805 222
2806 126
2807 174
2808 131
2809 148
2810 155
2811 130
2812 144
2813 138
2814 167
2815 213
2816 130
2817 97
2818 143
2819 130
2820 133
2821 178
2822 126
2823 109
2824 123
2825 195
2826 117
2827 164
2828 135
2829 141
2830 146
2831 188
2832 146
2833 127
2834 189
2835 155
2836 179
2837 122
2838 131
2839 133
2840 143
2841 148
2842 195
2843 163
2844 103
2845 156
2846 161
2847 131
2848 102
2849 126
2850 125
2851 160
2852 110
2853 119
2854 142
2855 122
2856 152
2857 120
2858 111
2859 152
2860 132
2861 156
2862 142
2863 131
2864 177
2865 157
2866 145
2867 135
2868 126
2869 139
2870 106
2871 174
2872 160
2873 95
2874 94
2875 119
2876 123
2877 164
2878 112
2879 232
2880 182
2881 127
2882 110
2883 36
2884 158
2885 166
2886 136
2887 127
2888 198
2889 97
2890 149
2891 163
2892 226
2893 140
2894 194
2895 168
2896 100
2897 127
2898 136
2899 127
2900 128
2901 118
2902 103
2903 198
2904 163
2905 132
2906 126
2907 129
2908 137
2909 148
2910 154
2911 120
2912 110
2913 100
2914 129
2915 151
2916 108
2917 191
2918 162
2919 159
2920 152
2921 131
2922 173
2923 138
2924 134
2925 141
2926 136
2927 131
2928 92
2929 151
2930 159
2931 212
2932 132
2933 148
2934 144
2935 150
2936 154
2937 233
2938 165
2939 127
2940 137
2941 145
2942 140
2943 134
2944 114
2945 111
2946 118
2947 154
2948 153
2949 72
2950 191
2951 189
2952 155
2953 166
2954 167
2955 92
2956 139
2957 136
2958 144
2959 170
2960 148
2961 191
2962 146
2963 144
2964 99
2965 192
2966 157
2967 137
2968 153
2969 132
2970 164
2971 126
2972 106
2973 173
2974 125
2975 158
2976 154
2977 141
2978 150
2979 191
2980 112
2981 135
2982 138
2983 43
2984 144
2985 151
2986 92
2987 131
2988 154
2989 146
2990 151
2991 139
2992 164
2993 165
2994 140
2995 183
2996 51
2997 160
2998 124
2999 144
3000 142
3001 119
3002 102
3003 138
3004 145
3005 128
3006 147
3007 168
3008 177
3009 102
3010 151
3011 119
3012 126
3013 156
3014 186
3015 153
3016 173
3017 156
3018 162
3019 127
3020 156
3021 122
3022 135
3023 165
3024 145
3025 148
3026 138
3027 127
3028 158
3029 126
3030 119
3031 171
3032 130
3033 121
3034 145
3035 158
3036 130
3037 92
3038 154
3039 178
3040 172
3041 85
3042 149
3043 134
3044 174
3045 149
3046 158
3047 89
3048 174
3049 130
3050 131
3051 129
3052 138
3053 121
3054 193
3055 130
3056 216
3057 181
3058 168
3059 147
3060 108
3061 174
3062 178
3063 138
3064 114
3065 147
3066 124
3067 213
3068 164
3069 140
3070 162
3071 146
3072 90
3073 117
3074 149
3075 146
3076 85
3077 145
3078 128
3079 153
3080 110
3081 153
3082 162
3083 161
3084 174
3085 161
3086 145
3087 128
3088 105
3089 181
3090 144
3091 136
3092 151
3093 180
3094 208
3095 158
3096 170
3097 137
3098 164
3099 162
3100 132
3101 139
3102 153
3103 99
3104 147
3105 146
3106 148
3107 110
3108 168
3109 145
3110 157
3111 105
3112 183
3113 107
3114 136
3115 153
3116 158
3117 180
3118 175
3119 150
3120 224
3121 158
3122 150
3123 147
3124 128
3125 150
3126 126
3127 164
3128 161
3129 172
3130 152
3131 177
3132 117
3133 112
3134 161
3135 132
3136 132
3137 169
3138 166
3139 110
3140 73
3141 115
3142 144
3143 132
3144 135
3145 99
3146 177
3147 115
3148 155
3149 181
3150 91
3151 159
3152 193
3153 92
3154 135
3155 175
3156 182
3157 128
3158 118
3159 127
3160 105
3161 172
3162 0
3163 125
3164 136
3165 135
3166 166
3167 207
3168 156
3169 125
3170 136
3171 200
3172 178
3173 145
3174 109
3175 193
3176 170
3177 165
3178 153
3179 150
3180 192
3181 147
3182 132
3183 134
3184 186
3185 166
3186 144
3187 138
3188 143
3189 162
3190 140
3191 179
3192 138
3193 169
3194 92
3195 153
3196 144
3197 149
3198 117
3199 168
3200 112
3201 98
3202 165
3203 125
3204 168
3205 174
3206 190
3207 186
3208 133
3209 134
3210 180
3211 155
3212 148
3213 187
3214 109
3215 124
3216 151
3217 149
3218 106
3219 0
3220 148
3221 222
3222 155
3223 163
3224 118
3225 123
3226 143
3227 164
3228 170
3229 149
3230 205
3231 155
3232 151
3233 129
3234 103
3235 158
3236 193
3237 160
3238 163
3239 148
3240 114
3241 173
3242 115
3243 159
3244 111
3245 144
3246 185
3247 153
3248 202
3249 109
3250 149
3251 211
3252 135
3253 149
3254 187
3255 101
3256 117
3257 173
3258 171
3259 186
3260 127
3261 149
3262 121
3263 183
3264 129
3265 147
3266 148
3267 145
3268 136
3269 148
3270 164
3271 183
3272 168
3273 179
3274 129
3275 123
3276 146
3277 143
3278 170
3279 149
3280 168
3281 172
3282 166
3283 146
3284 154
3285 185
3286 133
3287 247
3288 126
3289 168
3290 128
3291 133
3292 154
3293 173
3294 111
3295 154
3296 153
3297 165
3298 186
3299 136
3300 154
3301 164
3302 139
3303 145
3304 114
3305 140
3306 194
3307 153
3308 133
3309 169
3310 137
3311 194
3312 226
3313 168
3314 161
3315 163
3316 115
3317 168
3318 155
3319 162
3320 165
3321 160
3322 129
3323 150
3324 149
3325 154
3326 134
3327 152
3328 170
3329 129
3330 133
3331 101
3332 168
3333 137
3334 139
3335 194
3336 185
3337 109
3338 163
3339 186
3340 140
3341 128
3342 151
3343 136
3344 141
3345 166
3346 199
3347 169
3348 181
3349 139
3350 147
3351 150
3352 89
3353 156
3354 178
3355 141
3356 146
3357 104
3358 72
3359 183
3360 172
3361 142
3362 125
3363 105
3364 169
3365 152
3366 119
3367 95
3368 157
3369 149
3370 149
3371 135
3372 146
3373 110
3374 176
3375 158
3376 153
3377 166
3378 123
3379 157
3380 124
3381 204
3382 176
3383 115
3384 106
3385 108
3386 131
3387 142
3388 139
3389 166
3390 148
3391 162
3392 116
3393 141
3394 193
3395 153
3396 125
3397 168
3398 142
3399 181
3400 165
3401 111
3402 150
3403 124
3404 165
3405 142
3406 153
3407 164
3408 158
3409 170
3410 127
3411 137
3412 137
3413 131
3414 105
3415 163
3416 188
3417 143
3418 130
3419 145
3420 149
3421 165
3422 145
3423 156
3424 137
3425 96
3426 159
3427 135
3428 152
3429 144
3430 290
3431 114
3432 114
3433 146
3434 176
3435 130
3436 142
3437 158
3438 157
3439 124
3440 128
3441 198
3442 131
3443 139
3444 156
3445 121
3446 87
3447 189
3448 144
3449 164
3450 141
3451 122
3452 176
3453 123
3454 126
3455 65
3456 135
3457 109
3458 163
3459 142
3460 183
3461 150
3462 171
3463 158
3464 169
3465 138
3466 174
3467 174
3468 175
3469 186
3470 185
3471 176
3472 133
3473 140
3474 149
3475 113
3476 90
3477 167
3478 144
3479 157
3480 157
3481 165
3482 145
3483 138
3484 128
3485 139
3486 198
3487 168
3488 148
3489 86
3490 153
3491 155
3492 117
3493 159
3494 129
3495 165
3496 174
3497 102
3498 87
3499 152
3500 109
3501 117
3502 130
3503 92
3504 137
3505 131
3506 108
3507 133
3508 168
3509 153
3510 139
3511 132
3512 161
3513 181
3514 158
3515 164
3516 162
3517 149
3518 6
3519 147
3520 134
3521 99
3522 193
3523 138
3524 134
3525 145
3526 228
3527 153
3528 132
3529 169
3530 125
3531 127
3532 163
3533 263
3534 104
3535 173
3536 151
3537 173
3538 179
3539 107
3540 154
3541 195
3542 167
3543 163
3544 147
3545 165
3546 100
3547 137
3548 122
3549 132
3550 139
3551 108
3552 131
3553 121
3554 138
3555 142
3556 185
3557 167
3558 109
3559 180
3560 152
3561 140
3562 162
3563 164
3564 128
3565 145
3566 123
3567 155
3568 169
3569 130
3570 135
3571 136
3572 136
3573 153
3574 154
3575 130
3576 97
3577 101
3578 147
3579 174
3580 188
3581 141
3582 78
3583 141
3584 123
3585 160
3586 165
3587 165
3588 123
3589 169
3590 138
3591 136
3592 176
3593 138
3594 236
3595 136
3596 189
3597 127
3598 114
3599 140
3600 162
3601 191
3602 133
3603 145
3604 174
3605 119
3606 117
3607 149
3608 95
3609 144
3610 189
3611 164
3612 101
3613 132
3614 104
3615 113
3616 134
3617 115
3618 208
3619 114
3620 146
3621 197
3622 137
3623 165
3624 121
3625 125
3626 151
3627 125
3628 143
3629 105
3630 147
3631 173
3632 121
3633 164
3634 147
3635 143
3636 159
3637 138
3638 139
3639 156
3640 133
3641 107
3642 176
3643 127
3644 148
3645 141
3646 125
3647 160
3648 151
3649 188
3650 104
3651 127
3652 137
3653 147
3654 169
3655 130
3656 97
3657 166
3658 167
3659 147
3660 168
3661 135
3662 207
3663 142
3664 97
3665 175
3666 162
3667 124
3668 143
3669 140
3670 149
3671 180
3672 177
3673 154
3674 157
3675 128
3676 60
3677 144
3678 137
3679 103
3680 153
3681 146
3682 168
3683 153
3684 196
3685 132
3686 96
3687 127
3688 90
3689 158
3690 126
3691 157
3692 122
3693 108
3694 140
3695 77
3696 216
3697 118
3698 181
3699 134
3700 181
3701 145
3702 182
3703 149
3704 103
3705 156
3706 134
3707 175
3708 159
3709 156
3710 178
3711 146
3712 140
3713 147
3714 141
3715 130
3716 202
3717 173
3718 155
3719 123
3720 166
3721 142
3722 164
3723 158
3724 150
3725 201
3726 143
3727 147
3728 191
3729 147
3730 111
3731 110
3732 142
3733 183
3734 134
3735 131
3736 119
3737 143
3738 131
3739 160
3740 119
3741 157
3742 143
3743 163
3744 118
3745 146
3746 149
3747 132
3748 163
3749 146
3750 118
3751 172
3752 137
3753 134
3754 138
3755 154
3756 146
3757 160
3758 126
3759 161
3760 143
3761 128
3762 114
3763 148
3764 112
3765 131
3766 163
3767 136
3768 140
3769 155
3770 150
3771 130
3772 130
3773 136
3774 145
3775 154
3776 116
3777 164
3778 152
3779 214
3780 158
3781 133
3782 102
3783 139
3784 189
3785 137
3786 120
3787 139
3788 100
3789 161
3790 150
3791 101
3792 168
3793 145
3794 143
3795 138
3796 136
3797 162
3798 177
3799 130
3800 147
3801 182
3802 173
3803 158
3804 145
3805 146
3806 188
3807 75
3808 172
3809 164
3810 129
3811 152
3812 163
3813 153
3814 144
3815 152
3816 74
3817 135
3818 199
3819 137
3820 147
3821 171
3822 135
3823 144
3824 135
3825 149
3826 139
3827 169
3828 153
3829 79
3830 145
3831 163
3832 134
3833 197
3834 155
3835 142
3836 124
3837 164
3838 177
3839 181
3840 163
3841 182
3842 125
3843 151
3844 160
3845 153
3846 140
3847 179
3848 177
3849 163
3850 173
3851 144
3852 152
3853 130
3854 144
3855 133
3856 148
3857 147
3858 133
3859 177
3860 161
3861 130
3862 141
3863 143
3864 107
3865 110
3866 160
3867 74
3868 122
3869 151
3870 90
3871 205
3872 131
3873 134
3874 189
3875 87
3876 153
3877 175
3878 135
3879 142
3880 121
3881 126
3882 113
3883 130
3884 108
3885 155
3886 162
3887 119
3888 147
3889 161
3890 134
3891 157
3892 160
3893 178
3894 140
3895 187
3896 134
3897 80
3898 183
3899 129
3900 149
3901 198
3902 138
3903 131
3904 154
3905 119
3906 163
3907 148
3908 164
3909 150
3910 168
3911 110
3912 168
3913 164
3914 138
3915 175
3916 173
3917 176
3918 130
3919 168
3920 109
3921 189
3922 173
3923 134
3924 136
3925 132
3926 170
3927 174
3928 95
3929 117
3930 159
3931 104
3932 156
3933 148
3934 145
3935 168
3936 135
3937 145
3938 143
3939 132
3940 120
3941 105
3942 158
3943 111
3944 133
3945 186
3946 141
3947 141
3948 138
3949 142
3950 112
3951 128
3952 142
3953 179
3954 132
3955 151
3956 175
3957 137
3958 149
3959 88
3960 135
3961 138
3962 136
3963 146
3964 132
3965 133
3966 159
3967 173
3968 153
3969 108
3970 139
3971 152
3972 187
3973 165
3974 124
3975 106
3976 149
3977 170
3978 153
3979 131
3980 181
3981 109
3982 170
3983 236
3984 139
3985 131
3986 120
3987 162
3988 115
3989 149
3990 148
3991 108
3992 217
3993 189
3994 159
3995 150
3996 164
3997 149
3998 145
3999 177
4000 172
4001 125
4002 159
4003 152
4004 149
4005 163
4006 122
4007 168
4008 99
4009 138
4010 140
4011 166
4012 148
4013 162
4014 122
4015 181
4016 187
4017 146
4018 150
4019 156
4020 97
4021 117
4022 112
4023 151
4024 221
4025 114
4026 156
4027 135
4028 128
4029 153
4030 166
4031 163
4032 143
4033 134
4034 163
4035 127
4036 165
4037 189
4038 124
4039 154
4040 152
4041 131
4042 152
4043 148
4044 157
4045 106
4046 141
4047 143
4048 98
4049 151
4050 165
4051 200
4052 145
4053 148
4054 148
4055 156
4056 112
4057 117
4058 54
4059 146
4060 159
4061 148
4062 139
4063 154
4064 178
4065 131
4066 129
4067 138
4068 178
4069 167
4070 150
4071 166
4072 100
4073 140
4074 130
4075 158
4076 177
4077 159
4078 142
4079 158
4080 156
4081 103
4082 178
4083 128
4084 139
4085 129
4086 176
4087 120
4088 172
4089 121
4090 108
4091 135
4092 106
4093 143
4094 132
4095 117
4096 148
4097 140
4098 122
4099 117
4100 153
4101 111
4102 135
4103 162
4104 186
4105 142
4106 135
4107 183
4108 127
4109 93
4110 202
4111 163
4112 131
4113 167
4114 131
4115 99
4116 108
4117 202
4118 116
4119 190
4120 168
4121 142
4122 171
4123 162
4124 143
4125 164
4126 124
4127 96
4128 146
4129 140
4130 181
4131 135
4132 138
4133 144
4134 143
4135 141
4136 129
4137 180
4138 131
4139 135
4140 148
4141 138
4142 200
4143 104
4144 168
4145 155
4146 124
4147 125
4148 149
4149 139
4150 133
4151 153
4152 172
4153 140
4154 110
4155 150
4156 165
4157 122
4158 141
4159 140
4160 148
4161 170
4162 165
4163 80
4164 118
4165 158
4166 166
4167 143
4168 157
4169 142
4170 99
4171 162
4172 137
4173 164
4174 154
4175 148
4176 149
4177 198
4178 134
4179 149
4180 116
4181 115
4182 103
4183 152
4184 102
4185 164
4186 185
4187 86
4188 175
4189 144
4190 170
4191 150
4192 144
4193 163
4194 118
4195 160
4196 166
4197 126
4198 123
4199 157
4200 115
4201 152
4202 155
4203 134
4204 169
4205 114
4206 161
4207 129
4208 126
4209 127
4210 146
4211 146
4212 113
4213 136
4214 114
4215 160
4216 180
4217 131
4218 157
4219 68
4220 162
4221 214
4222 195
4223 214
4224 136
4225 102
4226 135
4227 165
4228 174
4229 184
4230 114
4231 161
4232 140
4233 143
4234 142
4235 142
4236 146
4237 169
4238 154
4239 139
4240 103
4241 146
4242 173
4243 106
4244 135
4245 179
4246 98
4247 130
4248 130
4249 171
4250 141
4251 77
4252 138
4253 162
4254 130
4255 159
4256 154
4257 192
4258 171
4259 174
4260 88
4261 117
4262 147
4263 163
4264 153
4265 165
4266 149
4267 143
4268 107
4269 143
4270 176
4271 133
4272 172
4273 128
4274 172
4275 110
4276 194
4277 153
4278 153
4279 58
4280 146
4281 141
4282 134
4283 131
4284 150
4285 211
4286 119
4287 169
4288 191
4289 101
4290 154
4291 144
4292 162
4293 195
4294 183
4295 155
4296 156
4297 175
4298 187
4299 172
4300 146
4301 137
4302 135
4303 125
4304 157
4305 141
4306 167
4307 187
4308 134
4309 150
4310 133
4311 158
4312 108
4313 123
4314 151
4315 184
4316 136
4317 139
4318 152
4319 125
4320 135
4321 152
4322 153
4323 122
4324 146
4325 150
4326 157
4327 102
4328 188
4329 166
4330 175
4331 169
4332 133
4333 122
4334 170
4335 121
4336 156
4337 187
4338 138
4339 133
4340 151
4341 173
4342 136
4343 186
4344 174
4345 111
4346 149
4347 140
4348 167
4349 139
4350 128
4351 117
4352 171
4353 163
4354 181
4355 129
4356 162
4357 205
4358 140
4359 115
4360 124
4361 140
4362 136
4363 147
4364 125
4365 139
4366 166
4367 123
4368 146
4369 160
4370 161
4371 155
4372 152
4373 158
4374 103
4375 104
4376 170
4377 139
4378 168
4379 148
4380 141
4381 33
4382 169
4383 121
4384 142
4385 153
4386 139
4387 136
4388 165
4389 180
4390 156
4391 128
4392 131
4393 152
4394 127
4395 128
4396 181
4397 156
4398 137
4399 169
4400 143
4401 119
4402 136
4403 167
4404 123
4405 177
4406 150
4407 174
4408 176
4409 114
4410 149
4411 152
4412 115
4413 132
4414 159
4415 184
4416 110
4417 137
4418 123
4419 137
4420 194
4421 123
4422 157
4423 148
4424 177
4425 157
4426 155
4427 135
4428 147
4429 193
4430 176
4431 152
4432 156
4433 140
4434 170
4435 126
4436 157
4437 138
4438 119
4439 144
4440 110
4441 151
4442 120
4443 122
4444 109
4445 141
4446 176
4447 141
4448 129
4449 91
4450 131
4451 145
4452 145
4453 163
4454 95
4455 136
4456 116
4457 155
4458 127
4459 148
4460 140
4461 158
4462 206
4463 153
4464 121
4465 133
4466 163
4467 140
4468 142
4469 136
4470 124
4471 168
4472 139
4473 139
4474 103
4475 125
4476 154
4477 156
4478 151
4479 156
4480 123
4481 131
4482 145
4483 140
4484 134
4485 136
4486 146
4487 163
4488 153
4489 160
4490 163
4491 160
4492 161
4493 143
4494 131
4495 115
4496 185
4497 121
4498 150
4499 153
4500 175
4501 146
4502 120
4503 112
4504 151
4505 83
4506 116
4507 153
4508 113
4509 124
4510 125
4511 163
4512 150
4513 105
4514 130
4515 104
4516 187
4517 142
4518 113
4519 127
4520 131
4521 156
4522 151
4523 204
4524 144
4525 123
4526 170
4527 193
4528 172
4529 140
4530 163
4531 146
4532 157
4533 138
4534 139
4535 206
4536 183
4537 165
4538 130
4539 148
4540 122
4541 159
4542 80
4543 135
4544 150
4545 134
4546 106
4547 130
4548 142
4549 102
4550 158
4551 146
4552 150
4553 181
4554 160
4555 110
4556 142
4557 134
4558 143
4559 206
4560 118
4561 161
4562 127
4563 144
4564 169
4565 170
4566 121
4567 136
4568 156
4569 141
4570 144
4571 140
4572 157
4573 136
4574 126
4575 202
4576 174
4577 194
4578 160
4579 211
4580 135
4581 142
4582 129
4583 150
4584 147
4585 135
4586 132
4587 146
4588 176
4589 129
4590 163
4591 178
4592 184
4593 190
4594 114
4595 162
4596 157
4597 148
4598 145
4599 143
4600 129
4601 186
4602 169
4603 143
4604 146
4605 174
4606 120
4607 152
4608 172
4609 153
4610 166
4611 110
4612 193
4613 127
4614 207
4615 130
4616 96
4617 159
4618 152
4619 132
4620 92
4621 125
4622 90
4623 111
4624 193
4625 170
4626 159
4627 157
4628 127
4629 98
4630 232
4631 116
4632 220
4633 191
4634 154
4635 119
4636 129
4637 177
4638 101
4639 82
4640 125
4641 149
4642 106
4643 144
4644 130
4645 145
4646 97
4647 163
4648 154
4649 187
4650 137
4651 157
4652 158
4653 122
4654 140
4655 134
4656 111
4657 172
4658 85
4659 220
4660 155
4661 109
4662 161
4663 139
4664 91
4665 157
4666 164
4667 109
4668 168
4669 155
4670 150
4671 95
4672 157
4673 143
4674 166
4675 135
4676 151
4677 188
4678 185
4679 142
4680 118
4681 114
4682 124
4683 142
4684 130
4685 115
4686 112
4687 187
4688 127
4689 116
4690 85
4691 161
4692 147
4693 145
4694 134
4695 141
4696 118
4697 113
4698 142
4699 117
4700 157
4701 173
4702 159
4703 136
4704 148
4705 124
4706 127
4707 172
4708 167
4709 144
4710 170
4711 173
4712 155
4713 140
4714 155
4715 166
4716 164
4717 174
4718 173
4719 171
4720 140
4721 244
4722 122
4723 132
4724 168
4725 58
4726 154
4727 192
4728 120
4729 121
4730 141
4731 183
4732 141
4733 119
4734 183
4735 177
4736 148
4737 257
4738 159
4739 150
4740 133
4741 179
4742 148
4743 100
4744 143
4745 150
4746 130
4747 160
4748 150
4749 137
4750 179
4751 160
4752 164
4753 147
4754 127
4755 116
4756 160
4757 136
4758 193
4759 162
4760 140
4761 123
4762 157
4763 171
4764 200
4765 93
4766 157
4767 132
4768 220
4769 172
4770 134
4771 186
4772 161
4773 164
4774 154
4775 115
4776 158
4777 172
4778 150
4779 174
4780 121
4781 132
4782 162
4783 202
4784 157
4785 173
4786 126
4787 132
4788 152
4789 143
4790 162
4791 105
4792 132
4793 123
4794 143
4795 168
4796 157
4797 132
4798 170
4799 117
4800 164
4801 139
4802 136
4803 131
4804 157
4805 160
4806 169
4807 143
4808 147
4809 143
4810 144
4811 169
4812 183
4813 142
4814 151
4815 137
4816 102
4817 105
4818 142
4819 146
4820 121
4821 174
4822 189
4823 157
4824 188
4825 123
4826 140
4827 169
4828 211
4829 190
4830 140
4831 161
4832 183
4833 176
4834 150
4835 166
4836 160
4837 153
4838 144
4839 168
4840 97
4841 116
4842 167
4843 116
4844 125
4845 135
4846 167
4847 154
4848 186
4849 130
4850 145
4851 157
4852 117
4853 136
4854 178
4855 124
4856 116
4857 145
4858 165
4859 129
4860 137
4861 165
4862 191
4863 132
4864 235
4865 153
4866 139
4867 142
4868 71
4869 208
4870 166
4871 94
4872 152
4873 146
4874 164
4875 166
4876 125
4877 141
4878 165
4879 159
4880 131
4881 104
4882 135
4883 167
4884 111
4885 155
4886 128
4887 122
4888 147
4889 104
4890 151
4891 137
4892 168
4893 183
4894 134
4895 140
4896 170
4897 142
4898 161
4899 133
4900 143
4901 161
4902 177
4903 242
4904 167
4905 187
4906 152
4907 150
4908 172
4909 139
4910 150
4911 167
4912 140
4913 177
4914 161
4915 129
4916 144
4917 181
4918 185
4919 124
4920 109
4921 163
4922 172
4923 131
4924 132
4925 130
4926 94
4927 125
4928 124
4929 181
4930 164
4931 120
4932 136
4933 192
4934 171
4935 154
4936 194
4937 99
4938 163
4939 46
4940 147
4941 91
4942 137
4943 142
4944 138
4945 142
4946 122
4947 147
4948 135
4949 148
4950 117
4951 143
4952 161
4953 128
4954 137
4955 169
4956 121
4957 162
4958 132
4959 185
4960 157
4961 173
4962 153
4963 150
4964 156
4965 143
4966 173
4967 161
4968 162
4969 136
4970 139
4971 161
4972 142
4973 153
4974 170
4975 121
4976 156
4977 146
4978 154
4979 143
4980 131
4981 105
4982 163
4983 75
4984 148
4985 175
4986 151
4987 146
4988 119
4989 158
4990 116
4991 201
4992 117
4993 156
4994 124
4995 198
4996 122
4997 186
4998 149
4999 135
5000 133
5001 117
5002 157
5003 135
5004 151
5005 130
5006 129
5007 180
5008 145
5009 159
5010 155
5011 135
5012 123
5013 103
5014 72
5015 133
5016 121
5017 147
5018 151
5019 160
5020 50
5021 126
5022 148
5023 178
5024 170
5025 127
5026 215
5027 145
5028 155
5029 111
5030 173
5031 151
5032 189
5033 77
5034 153
5035 169
5036 139
5037 152
5038 155
5039 142
5040 128
5041 151
5042 153
5043 83
5044 131
5045 151
5046 154
5047 164
5048 109
5049 137
5050 149
5051 156
5052 131
5053 180
5054 138
5055 184
5056 147
5057 164
5058 136
5059 150
5060 129
5061 156
5062 176
5063 179
5064 167
5065 149
5066 121
5067 161
5068 157
5069 67
5070 140
5071 188
5072 144
5073 141
5074 162
5075 170
5076 135
5077 182
5078 165
5079 196
5080 117
5081 144
5082 77
5083 135
5084 156
5085 138
5086 118
5087 144
5088 148
5089 157
5090 101
5091 138
5092 123
5093 161
5094 98
5095 157
5096 136
5097 134
5098 155
5099 176
5100 161
5101 143
5102 151
5103 138
5104 179
5105 142
5106 130
5107 181
5108 148
5109 170
5110 163
5111 113
5112 174
5113 171
5114 140
5115 96
5116 145
5117 147
5118 159
5119 131
5120 136
5121 156
5122 151
5123 156
5124 175
5125 127
5126 108
5127 138
5128 121
5129 143
5130 187
5131 157
5132 79
5133 150
5134 229
5135 145
5136 155
5137 148
5138 146
5139 160
5140 145
5141 137
5142 145
5143 113
5144 144
5145 125
5146 135
5147 153
5148 165
5149 178
5150 148
5151 160
5152 132
5153 166
5154 134
5155 158
5156 112
5157 196
5158 171
5159 129
5160 133
5161 189
5162 141
5163 140
5164 165
5165 144
5166 126
5167 140
5168 139
5169 102
5170 108
5171 119
5172 139
5173 125
5174 162
5175 177
5176 156
5177 157
5178 187
5179 149
5180 130
5181 177
5182 167
5183 178
5184 81
5185 190
5186 177
5187 112
5188 153
5189 161
5190 176
5191 177
5192 133
5193 146
5194 148
5195 149
5196 117
5197 142
5198 155
5199 175
5200 176
5201 154
5202 169
5203 173
5204 184
5205 133
5206 154
5207 176
5208 163
5209 165
5210 150
5211 155
5212 153
5213 99
5214 135
5215 147
5216 147
5217 141
5218 144
5219 160
5220 196
5221 114
5222 161
5223 115
5224 143
5225 222
5226 151
5227 143
5228 180
5229 148
5230 146
5231 155
5232 151
5233 111
5234 135
5235 126
5236 154
5237 167
5238 130
5239 150
5240 143
5241 89
5242 176
5243 140
5244 184
5245 151
5246 175
5247 91
5248 172
5249 152
5250 168
5251 152
5252 147
5253 169
5254 168
5255 130
5256 172
5257 154
5258 145
5259 159
5260 136
5261 165
5262 148
5263 133
5264 145
5265 163
5266 109
5267 156
5268 165
5269 188
5270 126
5271 122
5272 190
5273 137
5274 170
5275 142
5276 135
5277 75
5278 149
5279 161
5280 116
5281 147
5282 136
5283 147
5284 130
5285 146
5286 105
5287 141
5288 89
5289 131
5290 111
5291 142
5292 143
5293 148
5294 111
5295 134
5296 133
5297 109
5298 183
5299 158
5300 100
5301 174
5302 172
5303 125
5304 126
5305 148
5306 159
5307 180
5308 142
5309 175
5310 148
5311 133
5312 123
5313 134
5314 153
5315 165
5316 120
5317 149
5318 145
5319 186
5320 148
5321 141
5322 143
5323 146
5324 146
5325 171
5326 110
5327 88
5328 164
5329 146
5330 148
5331 138
5332 140
5333 125
5334 188
5335 106
5336 143
5337 143
5338 121
5339 109
5340 177
5341 169
5342 151
5343 119
5344 110
5345 192
5346 127
5347 53
5348 110
5349 159
5350 136
5351 150
5352 136
5353 148
5354 155
5355 129
5356 121
5357 204
5358 157
5359 140
5360 166
5361 133
5362 176
5363 138
5364 128
5365 114
5366 133
5367 141
5368 149
5369 155
5370 161
5371 146
5372 108
5373 122
5374 165
5375 155
5376 93
5377 105
5378 124
5379 139
5380 257
5381 142
5382 182
5383 150
5384 149
5385 128
5386 151
5387 221
5388 138
5389 148
5390 133
5391 142
5392 124
5393 93
5394 159
5395 114
5396 147
5397 124
5398 162
5399 173
5400 151
5401 156
5402 119
5403 158
5404 122
5405 150
5406 147
5407 121
5408 150
5409 104
5410 168
5411 170
5412 134
5413 105
5414 170
5415 120
5416 113
5417 184
5418 118
5419 127
5420 149
5421 127
5422 119
5423 167
5424 97
5425 145
5426 135
5427 126
5428 210
5429 123
5430 169
5431 115
5432 124
5433 138
5434 174
5435 127
5436 93
5437 135
5438 164
5439 177
5440 152
5441 0
5442 139
5443 142
5444 129
5445 114
5446 145
5447 160
5448 159
5449 154
5450 178
5451 142
5452 132
5453 169
5454 121
5455 128
5456 124
5457 129
5458 179
5459 132
5460 164
5461 172
5462 104
5463 151
5464 105
5465 86
5466 151
5467 140
5468 163
5469 164
5470 167
5471 135
5472 150
5473 140
5474 130
5475 156
5476 191
5477 89
5478 167
5479 109
5480 114
5481 157
5482 165
5483 139
5484 102
5485 120
5486 154
5487 160
5488 111
5489 141
5490 139
5491 154
5492 166
5493 155
5494 114
5495 151
5496 176
5497 155
5498 152
5499 153
5500 149
5501 147
5502 151
5503 84
5504 165
5505 110
5506 153
5507 153
5508 201
5509 175
5510 136
5511 40
5512 165
5513 183
5514 127
5515 125
5516 148
5517 169
5518 125
5519 140
5520 139
5521 131
5522 178
5523 155
5524 146
5525 148
5526 159
5527 155
5528 212
5529 133
5530 177
5531 169
5532 143
5533 132
5534 135
5535 152
5536 152
5537 131
5538 137
5539 132
5540 144
5541 139
5542 181
5543 129
5544 143
5545 157
5546 115
5547 133
5548 130
5549 144
5550 125
5551 139
5552 183
5553 165
5554 101
5555 126
5556 154
5557 168
5558 154
5559 103
5560 102
5561 145
5562 155
5563 153
5564 123
5565 135
5566 153
5567 143
5568 155
5569 143
5570 160
5571 151
5572 134
5573 103
5574 153
5575 131
5576 163
5577 139
5578 113
5579 135
5580 123
5581 146
5582 155
5583 134
5584 119
5585 217
5586 171
5587 180
5588 133
5589 132
5590 137
5591 123
5592 114
5593 156
5594 150
5595 129
5596 156
5597 162
5598 159
5599 151
5600 115
5601 119
5602 198
5603 181
5604 95
5605 149
5606 137
5607 136
5608 110
5609 118
5610 154
5611 160
5612 163
5613 178
5614 151
5615 139
5616 203
5617 114
5618 193
5619 122
5620 168
5621 165
5622 157
5623 136
5624 210
5625 139
5626 211
5627 171
5628 166
5629 131
5630 136
5631 136
5632 69
5633 134
5634 142
5635 160
5636 164
5637 180
5638 151
5639 130
5640 140
5641 130
5642 192
5643 129
5644 144
5645 165
5646 158
5647 144
5648 125
5649 83
5650 134
5651 173
5652 139
5653 119
5654 125
5655 139
5656 135
5657 140
5658 123
5659 167
5660 164
5661 167
5662 118
5663 186
5664 203
5665 145
5666 193
5667 145
5668 133
5669 141
5670 117
5671 121
5672 176
5673 168
5674 167
5675 140
5676 110
5677 180
5678 172
5679 83
5680 176
5681 179
5682 164
5683 182
5684 168
5685 159
5686 108
5687 172
5688 109
5689 162
5690 175
5691 141
5692 149
5693 153
5694 138
5695 141
5696 119
5697 99
5698 131
5699 176
5700 209
5701 165
5702 182
5703 159
5704 162
5705 99
5706 114
5707 147
5708 94
5709 159
5710 163
5711 158
5712 171
5713 160
5714 144
5715 133
5716 145
5717 101
5718 114
5719 139
5720 107
5721 130
5722 167
5723 147
5724 178
5725 205
5726 120
5727 164
5728 210
5729 143
5730 105
5731 106
5732 107
5733 160
5734 176
5735 180
5736 89
5737 175
5738 143
5739 167
5740 161
5741 156
5742 87
5743 121
5744 147
5745 137
5746 130
5747 150
5748 139
5749 183
5750 177
5751 96
5752 139
5753 148
5754 152
5755 152
5756 134
5757 146
5758 109
5759 104
5760 146
5761 166
5762 112
5763 138
5764 119
5765 119
5766 162
5767 130
5768 151
5769 148
5770 144
5771 152
5772 194
5773 143
5774 154
5775 133
5776 147
5777 134
5778 179
5779 135
5780 166
5781 85
5782 152
5783 116
5784 136
5785 159
5786 178
5787 111
5788 152
5789 156
5790 132
5791 152
5792 120
5793 90
5794 97
5795 118
5796 138
5797 143
5798 144
5799 135
5800 138
5801 159
5802 132
5803 143
5804 149
5805 66
5806 156
5807 120
5808 156
5809 128
5810 155
5811 144
5812 171
5813 163
5814 97
5815 119
5816 167
5817 157
5818 155
5819 153
5820 144
5821 141
5822 149
5823 131
5824 178
5825 166
5826 167
5827 121
5828 153
5829 124
5830 154
5831 109
5832 155
5833 157
5834 155
5835 177
5836 139
5837 128
5838 205
5839 154
5840 145
5841 153
5842 152
5843 135
5844 122
5845 149
5846 175
5847 154
5848 127
5849 141
5850 176
5851 139
5852 153
5853 132
5854 139
5855 152
5856 143
5857 121
5858 182
5859 129
5860 152
5861 193
5862 148
5863 161
5864 156
5865 135
5866 148
5867 143
5868 61
5869 176
5870 194
5871 147
5872 141
5873 129
5874 169
5875 202
5876 128
5877 150
5878 132
5879 144
5880 68
5881 185
5882 120
5883 0
5884 142
5885 94
5886 125
5887 162
5888 149
5889 163
5890 146
5891 173
5892 91
5893 81
5894 164
5895 131
5896 117
5897 180
5898 148
5899 197
5900 132
5901 169
5902 188
5903 116
5904 143
5905 139
5906 146
5907 122
5908 141
5909 148
5910 96
5911 130
5912 145
5913 71
5914 99
5915 140
5916 137
5917 120
5918 164
5919 166
5920 122
5921 147
5922 134
5923 115
5924 134
5925 134
5926 156
5927 141
5928 162
5929 188
5930 139
5931 172
5932 109
5933 85
5934 99
5935 154
5936 112
5937 161
5938 324
5939 146
5940 165
5941 105
5942 180
5943 95
5944 144
5945 178
5946 172
5947 158
5948 132
5949 159
5950 149
5951 131
5952 91
5953 146
5954 160
5955 178
5956 151
5957 163
5958 148
5959 155
5960 145
5961 139
5962 158
5963 151
5964 164
5965 201
5966 109
5967 107
5968 170
5969 106
5970 162
5971 138
5972 120
5973 171
5974 137
5975 160
5976 164
5977 138
5978 122
5979 178
5980 135
5981 178
5982 132
5983 146
5984 160
5985 170
5986 73
5987 142
5988 180
5989 146
5990 126
5991 173
5992 150
5993 134
5994 199
5995 110
5996 95
5997 128
5998 171
5999 141
6000 115
6001 120
6002 160
6003 137
6004 151
6005 157
6006 159
6007 149
6008 156
6009 162
6010 196
6011 142
6012 187
6013 169
6014 134
6015 166
6016 172
6017 162
6018 117
6019 135
6020 111
6021 164
6022 137
6023 149
6024 140
6025 150
6026 146
6027 116
6028 151
6029 159
6030 143
6031 139
6032 122
6033 148
6034 131
6035 161
6036 132
6037 167
6038 181
6039 190
6040 150
6041 156
6042 125
6043 156
6044 147
6045 136
6046 141
6047 115
6048 195
6049 160
6050 175
6051 110
6052 104
6053 157
6054 169
6055 158
6056 159
6057 141
6058 155
6059 167
6060 123
6061 115
6062 144
6063 181
6064 152
6065 139
6066 169
6067 127
6068 177
6069 115
6070 100
6071 115
6072 124
6073 172
6074 160
6075 167
6076 172
6077 183
6078 167
6079 121
6080 134
6081 114
6082 134
6083 126
6084 159
6085 119
6086 124
6087 134
6088 138
6089 93
6090 105
6091 125
6092 160
6093 139
6094 138
6095 123
6096 116
6097 82
6098 151
6099 122
6100 158
6101 159
6102 167
6103 155
6104 171
6105 130
6106 156
6107 148
6108 153
6109 139
6110 141
6111 161
6112 181
6113 130
6114 144
6115 151
6116 141
6117 151
6118 139
6119 143
6120 132
6121 88
6122 129
6123 113
6124 131
6125 135
6126 119
6127 149
6128 162
6129 86
6130 155
6131 190
6132 94
6133 208
6134 126
6135 144
6136 127
6137 175
6138 159
6139 108
6140 165
6141 173
6142 142
6143 146
6144 136
6145 118
6146 154
6147 155
6148 136
6149 118
6150 176
6151 169
6152 149
6153 170
6154 124
6155 160
6156 127
6157 109
6158 155
6159 132
6160 214
6161 174
6162 170
6163 187
6164 62
6165 142
6166 134
6167 177
6168 127
6169 108
6170 154
6171 122
6172 137
6173 165
6174 168
6175 124
6176 157
6177 155
6178 152
6179 147
6180 168
6181 128
6182 109
6183 151
6184 114
6185 161
6186 146
6187 164
6188 210
6189 121
6190 185
6191 175
6192 137
6193 115
6194 97
6195 201
6196 164
6197 157
6198 144
6199 131
6200 185
6201 133
6202 116
6203 171
6204 143
6205 109
6206 134
6207 131
6208 146
6209 158
6210 163
6211 150
6212 143
6213 117
6214 146
6215 175
6216 146
6217 201
6218 106
6219 79
6220 164
6221 167
6222 137
6223 157
6224 133
6225 137
6226 212
6227 171
6228 160
6229 138
6230 132
6231 147
6232 177
6233 148
6234 155
6235 147
6236 121
6237 154
6238 158
6239 244
6240 107
6241 204
6242 145
6243 153
6244 159
6245 119
6246 159
6247 142
6248 171
6249 137
6250 130
6251 111
6252 140
6253 144
6254 186
6255 191
6256 161
6257 159
6258 150
6259 140
6260 155
6261 132
6262 115
6263 125
6264 148
6265 157
6266 200
6267 162
6268 121
6269 124
6270 130
6271 126
6272 195
6273 146
6274 133
6275 109
6276 128
6277 157
6278 132
6279 122
6280 181
6281 218
6282 129
6283 80
6284 223
6285 122
6286 170
6287 124
6288 145
6289 133
6290 139
6291 136
6292 128
6293 164
6294 124
6295 144
6296 204
6297 161
6298 174
6299 48
6300 156
6301 164
6302 139
6303 141
6304 150
6305 246
6306 145
6307 177
6308 130
6309 151
6310 141
6311 176
6312 132
6313 153
6314 152
6315 131
6316 130
6317 142
6318 178
6319 127
6320 156
6321 123
6322 123
6323 176
6324 133
6325 167
6326 137
6327 148
6328 108
6329 141
6330 234
6331 154
6332 171
6333 150
6334 143
6335 204
6336 157
6337 190
6338 127
6339 209
6340 127
6341 155
6342 166
6343 207
6344 142
6345 140
6346 150
6347 104
6348 124
6349 111
6350 107
6351 144
6352 152
6353 139
6354 105
6355 133
6356 129
6357 149
6358 128
6359 66
6360 82
6361 105
6362 188
6363 110
6364 142
6365 117
6366 144
6367 158
6368 162
6369 175
6370 176
6371 62
6372 193
6373 140
6374 189
6375 150
6376 155
6377 171
6378 145
6379 111
6380 49
6381 157
6382 179
6383 149
6384 144
6385 182
6386 134
6387 158
6388 177
6389 144
6390 164
6391 166
6392 161
6393 107
6394 171
6395 124
6396 160
6397 169
6398 161
6399 164
6400 154
6401 102
6402 133
6403 177
6404 143
6405 139
6406 163
6407 185
6408 158
6409 206
6410 197
6411 131
6412 139
6413 125
6414 113
6415 151
6416 139
6417 150
6418 161
6419 153
6420 161
6421 128
6422 146
6423 202
6424 153
6425 111
6426 158
6427 145
6428 113
6429 110
6430 128
6431 138
6432 152
6433 164
6434 149
6435 125
6436 142
6437 142
6438 143
6439 118
6440 110
6441 119
6442 164
6443 174
6444 151
6445 163
6446 157
6447 195
6448 170
6449 175
6450 145
6451 180
6452 161
6453 135
6454 150
6455 171
6456 171
6457 105
6458 136
6459 141
6460 107
6461 170
6462 116
6463 101
6464 75
6465 116
6466 156
6467 176
6468 189
6469 155
6470 162
6471 128
6472 177
6473 155
6474 158
6475 152
6476 149
6477 144
6478 145
6479 137
6480 166
6481 181
6482 138
6483 140
6484 163
6485 147
6486 157
6487 137
6488 123
6489 152
6490 142
6491 92
6492 154
6493 101
6494 190
6495 156
6496 112
6497 194
6498 123
6499 152
6500 160
6501 154
6502 127
6503 153
6504 186
6505 122
6506 149
6507 131
6508 141
6509 160
6510 82
6511 108
6512 129
6513 144
6514 176
6515 136
6516 158
6517 104
6518 146
6519 163
6520 158
6521 170
6522 158
6523 116
6524 134
6525 169
6526 162
6527 134
6528 133
6529 107
6530 119
6531 104
6532 177
6533 147
6534 63
6535 145
6536 66
6537 163
6538 104
6539 168
6540 144
6541 94
6542 138
6543 169
6544 174
6545 186
6546 164
6547 133
6548 155
6549 99
6550 157
6551 110
6552 137
6553 170
6554 177
6555 150
6556 163
6557 134
6558 171
6559 149
6560 170
6561 158
6562 148
6563 172
6564 126
6565 120
6566 160
6567 139
6568 143
6569 172
6570 132
6571 183
6572 126
6573 144
6574 166
6575 130
6576 173
6577 94
6578 143
6579 107
6580 118
6581 138
6582 134
6583 121
6584 97
6585 149
6586 202
6587 138
6588 167
6589 156
6590 147
6591 130
6592 155
6593 161
6594 147
6595 150
6596 129
6597 139
6598 164
6599 93
