Vertices: 4500
Edges: 31500
Time: 3,455 ms
Iterations: 31466
Vertex Distance
0 0
1 157
2 131
3 127
4 115
5 201
6 125
7 154
8 129
9 119
10 141
11 145
12 155
13 115
14 165
15 149
16 159
17 162
18 170
19 160
20 104
21 118
22 164
23 116
24 108
25 154
26 130
27 127
28 177
29 160
30 151
31 145
32 157
33 101
34 128
35 142
36 175
37 134
38 116
39 121
40 153
41 165
42 147
43 116
44 136
45 136
46 123
47 131
48 201
49 143
50 126
51 125
52 206
53 119
54 140
55 115
56 149
57 120
58 148
59 132
60 141
61 114
62 115
63 149
64 133
65 142
66 143
67 136
68 146
69 126
70 138
71 158
72 180
73 146
74 135
75 70
76 157
77 132
78 132
79 116
80 107
81 216
82 167
83 172
84 132
85 119
86 138
87 183
88 153
89 126
90 149
91 108
92 137
93 167
94 152
95 150
96 180
97 127
98 147
99 188
100 254
101 153
102 125
103 136
104 167
105 94
106 118
107 119
108 142
109 140
110 177
111 154
112 152
113 183
114 141
115 137
116 160
117 131
118 125
119 114
120 157
121 136
122 131
123 170
124 122
125 141
126 133
127 124
128 163
129 124
130 112
131 153
132 102
133 127
134 127
135 113
136 173
137 190
138 129
139 154
140 148
141 181
142 154
143 155
144 177
145 129
146 115
147 150
148 96
149 115
150 95
151 154
152 143
153 156
154 159
155 150
156 165
157 161
158 154
159 138
160 136
161 137
162 102
163 147
164 139
165 130
166 162
167 109
168 143
169 167
170 118
171 130
172 132
173 163
174 146
175 156
176 216
177 166
178 154
179 89
180 156
181 193
182 161
183 108
184 162
185 170
186 131
187 128
188 114
189 128
190 152
191 102
192 154
193 119
194 141
195 161
196 108
197 137
198 144
199 162
200 98
201 113
202 120
203 138
204 166
205 149
206 221
207 87
208 57
209 161
210 144
211 143
212 145
213 136
214 122
215 185
216 162
217 167
218 161
219 173
220 132
221 136
222 137
223 124
224 127
225 120
226 149
227 125
228 115
229 179
230 148
231 137
232 162
233 161
234 81
235 77
236 109
237 118
238 157
239 130
240 207
241 144
242 129
243 163
244 212
245 134
246 150
247 164
248 157
249 161
250 167
251 163
252 154
253 68
254 105
255 153
256 104
257 140
258 147
259 155
260 142
261 118
262 124
263 151
264 126
265 165
266 126
267 126
268 118
269 150
270 130
271 142
272 106
273 132
274 140
275 134
276 110
277 152
278 186
279 142
280 205
281 149
282 136
283 113
284 153
285 139
286 124
287 131
288 162
289 155
290 137
291 169
292 113
293 93
294 149
295 160
296 108
297 137
298 127
299 137
300 95
301 144
302 145
303 154
304 140
305 129
306 149
307 122
308 104
309 136
310 154
311 171
312 157
313 135
314 127
315 136
316 152
317 155
318 144
319 115
320 129
321 141
322 159
323 178
324 184
325 120
326 115
327 200
328 146
329 108
330 97
331 90
332 108
333 164
334 152
335 156
336 128
337 157
338 128
339 109
340 81
341 166
342 190
343 93
344 133
345 146
346 135
347 158
348 141
349 129
350 150
351 99
352 130
353 116
354 123
355 149
356 166
357 131
358 161
359 152
360 137
361 182
362 149
363 123
364 140
365 134
366 182
367 157
368 128
369 36
370 121
371 119
372 127
373 132
374 87
375 119
376 157
377 110
378 94
379 116
380 128
381 147
382 154
383 143
384 137
385 131
386 114
387 140
388 127
389 142
390 79
391 135
392 134
393 152
394 214
395 129
396 103
397 136
398 74
399 208
400 170
401 131
402 173
403 151
404 150
405 107
406 129
407 154
408 121
409 151
410 126
411 143
412 106
413 149
414 134
415 106
416 154
417 142
418 99
419 186
420 163
421 126
422 217
423 166
424 162
425 133
426 71
427 177
428 204
429 146
430 144
431 105
432 97
433 133
434 145
435 182
436 146
437 146
438 171
439 133
440 146
441 158
442 122
443 146
444 133
445 132
446 139
447 161
448 123
449 128
450 129
451 175
452 145
453 152
454 165
455 92
456 147
457 79
458 120
459 120
460 148
461 161
462 153
463 169
464 131
465 157
466 124
467 124
468 141
469 130
470 122
471 112
472 198
473 148
474 141
475 141
476 170
477 138
478 143
479 171
480 159
481 139
482 137
483 177
484 171
485 140
486 116
487 135
488 136
489 157
490 124
491 165
492 96
493 122
494 163
495 103
496 167
497 172
498 135
499 97
500 160
501 108
502 135
503 155
504 148
505 228
506 159
507 156
508 157
509 141
510 171
511 135
512 0
513 125
514 95
515 105
516 155
517 126
518 148
519 181
520 147
521 177
522 140
523 133
524 150
525 131
526 169
527 144
528 136
529 161
530 153
531 113
532 123
533 131
534 127
535 139
536 122
537 124
538 142
539 136
540 114
541 114
542 142
543 159
544 114
545 141
546 88
547 137
548 147
549 115
550 125
551 133
552 140
553 134
554 169
555 161
556 137
557 182
558 138
559 115
560 120
561 129
562 141
563 176
564 141
565 163
566 133
567 117
568 142
569 135
570 109
571 158
572 117
573 107
574 170
575 149
576 148
577 155
578 192
579 131
580 122
581 111
582 131
583 115
584 148
585 159
586 119
587 172
588 101
589 137
590 150
591 151
592 165
593 127
594 142
595 96
596 137
597 141
598 136
599 142
600 173
601 155
602 165
603 132
604 145
605 146
606 163
607 93
608 150
609 134
610 91
611 134
612 146
613 133
614 122
615 167
616 118
617 119
618 191
619 99
620 117
621 128
622 123
623 169
624 140
625 102
626 146
627 146
628 129
629 130
630 150
631 100
632 126
633 93
634 152
635 119
636 152
637 144
638 114
639 141
640 163
641 106
642 114
643 185
644 124
645 144
646 143
647 142
648 151
649 155
650 141
651 118
652 130
653 154
654 122
655 120
656 157
657 151
658 148
659 133
660 220
661 122
662 151
663 192
664 181
665 158
666 110
667 159
668 192
669 134
670 119
671 141
672 149
673 160
674 78
675 173
676 148
677 96
678 181
679 152
680 121
681 146
682 177
683 94
684 126
685 124
686 146
687 117
688 185
689 143
690 128
691 158
692 160
693 174
694 143
695 128
696 163
697 135
698 126
699 129
700 158
701 101
702 133
703 151
704 123
705 103
706 147
707 128
708 136
709 105
710 126
711 140
712 143
713 107
714 158
715 137
716 143
717 105
718 171
719 177
720 164
721 229
722 138
723 135
724 180
725 161
726 128
727 137
728 182
729 101
730 160
731 150
732 107
733 128
734 133
735 166
736 145
737 123
738 124
739 145
740 172
741 131
742 159
743 163
744 111
745 167
746 114
747 145
748 115
749 127
750 152
751 126
752 145
753 131
754 83
755 74
756 115
757 145
758 158
759 131
760 120
761 115
762 153
763 140
764 117
765 102
766 158
767 194
768 118
769 133
770 105
771 148
772 167
773 110
774 150
775 129
776 148
777 135
778 159
779 135
780 120
781 145
782 138
783 145
784 170
785 166
786 124
787 134
788 118
789 176
790 181
791 130
792 140
793 119
794 113
795 160
796 91
797 170
798 145
799 85
800 133
801 156
802 175
803 146
804 139
805 144
806 189
807 184
808 116
809 115
810 132
811 136
812 173
813 168
814 83
815 115
816 145
817 142
818 127
819 120
820 128
821 142
822 154
823 127
824 146
825 106
826 109
827 140
828 131
829 100
830 142
831 132
832 155
833 108
834 178
835 137
836 145
837 115
838 97
839 143
840 139
841 189
842 165
843 106
844 161
845 109
846 213
847 132
848 176
849 137
850 107
851 126
852 128
853 99
854 143
855 111
856 130
857 141
858 121
859 220
860 149
861 115
862 109
863 158
864 196
865 147
866 136
867 169
868 120
869 107
870 114
871 143
872 166
873 136
874 142
875 149
876 138
877 133
878 139
879 137
880 150
881 130
882 178
883 108
884 152
885 171
886 110
887 153
888 148
889 147
890 94
891 144
892 96
893 137
894 125
895 121
896 120
897 147
898 120
899 150
900 132
901 130
902 118
903 156
904 140
905 127
906 261
907 123
908 136
909 133
910 138
911 71
912 138
913 127
914 160
915 88
916 116
917 71
918 128
919 158
920 138
921 136
922 125
923 128
924 135
925 165
926 175
927 134
928 132
929 101
930 132
931 134
932 138
933 125
934 106
935 185
936 117
937 144
938 172
939 161
940 140
941 146
942 150
943 131
944 118
945 161
946 129
947 103
948 129
949 151
950 126
951 173
952 101
953 113
954 122
955 147
956 112
957 138
958 160
959 122
960 116
961 133
962 157
963 73
964 148
965 160
966 148
967 191
968 141
969 167
970 110
971 155
972 101
973 118
974 137
975 91
976 119
977 170
978 154
979 136
980 81
981 136
982 115
983 115
984 116
985 157
986 144
987 161
988 135
989 164
990 130
991 119
992 239
993 184
994 126
995 102
996 129
997 162
998 155
999 107
1000 173
1001 138
1002 130
1003 143
1004 85
1005 119
1006 127
1007 145
1008 119
1009 153
1010 130
1011 145
1012 130
1013 116
1014 137
1015 101
1016 136
1017 164
1018 190
1019 145
1020 127
1021 137
1022 98
1023 99
1024 155
1025 184
1026 155
1027 138
1028 140
1029 124
1030 120
1031 138
1032 169
1033 152
1034 146
1035 131
1036 155
1037 163
1038 164
1039 138
1040 127
1041 152
1042 117
1043 126
1044 132
1045 140
1046 147
1047 120
1048 184
1049 132
1050 88
1051 133
1052 120
1053 84
1054 115
1055 147
1056 170
1057 128
1058 163
1059 151
1060 144
1061 194
1062 80
1063 105
1064 134
1065 142
1066 115
1067 194
1068 174
1069 129
1070 175
1071 108
1072 135
1073 126
1074 118
1075 133
1076 79
1077 143
1078 149
1079 150
1080 93
1081 139
1082 129
1083 145
1084 128
1085 141
1086 141
1087 113
1088 167
1089 128
1090 194
1091 121
1092 147
1093 196
1094 130
1095 152
1096 105
1097 106
1098 165
1099 147
1100 105
1101 161
1102 131
1103 195
1104 158
1105 153
1106 127
1107 138
1108 133
1109 146
1110 95
1111 169
1112 123
1113 172
1114 112
1115 135
1116 100
1117 192
1118 123
1119 211
1120 133
1121 145
1122 136
1123 114
1124 112
1125 129
1126 113
1127 123
1128 192
1129 148
1130 140
1131 126
1132 195
1133 145
1134 172
1135 136
1136 134
1137 102
1138 110
1139 152
1140 172
1141 121
1142 147
1143 144
1144 175
1145 124
1146 156
1147 99
1148 166
1149 151
1150 132
1151 139
1152 171
1153 152
1154 141
1155 113
1156 106
1157 153
1158 147
1159 170
1160 103
1161 111
1162 136
1163 142
1164 130
1165 121
1166 124
1167 135
1168 142
1169 161
1170 101
1171 150
1172 145
1173 139
1174 135
1175 138
1176 157
1177 97
1178 111
1179 153
1180 117
1181 143
1182 151
1183 113
1184 140
1185 89
1186 61
1187 133
1188 119
1189 129
1190 135
1191 133
1192 92
1193 174
1194 130
1195 120
1196 119
1197 143
1198 132
1199 134
1200 161
1201 115
1202 151
1203 132
1204 179
1205 169
1206 190
1207 144
1208 163
1209 81
1210 135
1211 182
1212 100
1213 147
1214 126
1215 140
1216 164
1217 109
1218 133
1219 102
1220 145
1221 139
1222 137
1223 152
1224 89
1225 142
1226 130
1227 114
1228 182
1229 171
1230 141
1231 167
1232 97
1233 141
1234 144
1235 136
1236 120
1237 133
1238 133
1239 162
1240 140
1241 168
1242 116
1243 139
1244 149
1245 126
1246 142
1247 120
1248 141
1249 127
1250 122
1251 57
1252 139
1253 122
1254 232
1255 131
1256 130
1257 156
1258 125
1259 149
1260 121
1261 111
1262 121
1263 150
1264 141
1265 129
1266 121
1267 235
1268 140
1269 130
1270 167
1271 88
1272 139
1273 130
1274 110
1275 131
1276 159
1277 137
1278 138
1279 133
1280 124
1281 119
1282 133
1283 141
1284 204
1285 140
1286 144
1287 116
1288 138
1289 131
1290 198
1291 180
1292 115
1293 139
1294 122
1295 222
1296 97
1297 171
1298 133
1299 141
1300 171
1301 156
1302 144
1303 153
1304 119
1305 123
1306 96
1307 141
1308 87
1309 124
1310 165
1311 100
1312 161
1313 142
1314 145
1315 67
1316 155
1317 134
1318 120
1319 135
1320 185
1321 140
1322 164
1323 104
1324 139
1325 164
1326 133
1327 167
1328 137
1329 157
1330 126
1331 127
1332 136
1333 157
1334 145
1335 208
1336 128
1337 144
1338 70
1339 148
1340 149
1341 117
1342 139
1343 124
1344 139
1345 115
1346 131
1347 148
1348 91
1349 143
1350 127
1351 131
1352 151
1353 106
1354 172
1355 155
1356 139
1357 133
1358 134
1359 147
1360 129
1361 136
1362 127
1363 86
1364 163
1365 140
1366 183
1367 142
1368 126
1369 151
1370 157
1371 129
1372 158
1373 130
1374 175
1375 128
1376 125
1377 145
1378 178
1379 167
1380 149
1381 142
1382 132
1383 155
1384 179
1385 151
1386 118
1387 146
1388 136
1389 135
1390 177
1391 152
1392 179
1393 161
1394 141
1395 142
1396 147
1397 132
1398 143
1399 133
1400 106
1401 151
1402 145
1403 156
1404 170
1405 125
1406 152
1407 117
1408 121
1409 117
1410 149
1411 190
1412 136
1413 148
1414 124
1415 108
1416 115
1417 121
1418 85
1419 129
1420 183
1421 153
1422 138
1423 107
1424 116
1425 141
1426 157
1427 141
1428 136
1429 179
1430 162
1431 123
1432 138
1433 136
1434 149
1435 144
1436 118
1437 148
1438 108
1439 154
1440 107
1441 174
1442 132
1443 108
1444 82
1445 139
1446 115
1447 161
1448 139
1449 122
1450 168
1451 150
1452 107
1453 164
1454 140
1455 174
1456 162
1457 155
1458 134
1459 142
1460 145
1461 117
1462 128
1463 225
1464 118
1465 117
1466 163
1467 120
1468 150
1469 150
1470 115
1471 147
1472 160
1473 130
1474 156
1475 111
1476 158
1477 184
1478 99
1479 183
1480 128
1481 169
1482 107
1483 147
1484 141
1485 91
1486 143
1487 141
1488 118
1489 168
1490 179
1491 153
1492 96
1493 182
1494 137
1495 167
1496 143
1497 131
1498 119
1499 154
1500 124
1501 139
1502 151
1503 142
1504 144
1505 98
1506 134
1507 190
1508 140
1509 108
1510 98
1511 113
1512 122
1513 118
1514 131
1515 148
1516 67
1517 160
1518 97
1519 176
1520 166
1521 119
1522 163
1523 114
1524 171
1525 127
1526 140
1527 157
1528 131
1529 93
1530 124
1531 164
1532 124
1533 138
1534 140
1535 188
1536 112
1537 121
1538 152
1539 147
1540 138
1541 128
1542 95
1543 137
1544 131
1545 138
1546 118
1547 176
1548 138
1549 96
1550 107
1551 144
1552 139
1553 91
1554 103
1555 151
1556 174
1557 138
1558 149
1559 103
1560 121
1561 124
1562 118
1563 133
1564 149
1565 180
1566 155
1567 130
1568 94
1569 127
1570 179
1571 119
1572 149
1573 171
1574 128
1575 158
1576 116
1577 140
1578 135
1579 117
1580 133
1581 114
1582 143
1583 133
1584 161
1585 132
1586 168
1587 111
1588 164
1589 183
1590 96
1591 147
1592 170
1593 181
1594 115
1595 153
1596 114
1597 156
1598 110
1599 127
1600 143
1601 125
1602 132
1603 124
1604 149
1605 127
1606 127
1607 147
1608 165
1609 152
1610 128
1611 144
1612 147
1613 133
1614 148
1615 108
1616 135
1617 121
1618 149
1619 153
1620 130
1621 138
1622 111
1623 135
1624 95
1625 126
1626 149
1627 145
1628 128
1629 143
1630 138
1631 124
1632 152
1633 134
1634 176
1635 150
1636 144
1637 152
1638 158
1639 150
1640 218
1641 162
1642 167
1643 137
1644 136
1645 139
1646 159
1647 150
1648 143
1649 89
1650 166
1651 144
1652 139
1653 146
1654 101
1655 89
1656 127
1657 115
1658 139
1659 105
1660 98
1661 114
1662 118
1663 143
1664 181
1665 156
1666 165
1667 118
1668 131
1669 144
1670 133
1671 177
1672 152
1673 133
1674 159
1675 117
1676 125
1677 133
1678 139
1679 185
1680 132
1681 127
1682 120
1683 131
1684 146
1685 163
1686 145
1687 124
1688 134
1689 152
1690 127
1691 199
1692 140
1693 109
1694 137
1695 136
1696 162
1697 96
1698 133
1699 161
1700 155
1701 137
1702 146
1703 121
1704 116
1705 186
1706 65
1707 118
1708 60
1709 111
1710 183
1711 153
1712 89
1713 141
1714 116
1715 124
1716 171
1717 130
1718 116
1719 127
1720 119
1721 103
1722 174
1723 147
1724 103
1725 242
1726 130
1727 142
1728 117
1729 143
1730 153
1731 146
1732 124
1733 142
1734 210
1735 115
1736 119
1737 150
1738 146
1739 184
1740 144
1741 121
1742 161
1743 137
1744 152
1745 113
1746 156
1747 176
1748 108
1749 121
1750 153
1751 153
1752 198
1753 159
1754 130
1755 148
1756 123
1757 176
1758 126
1759 123
1760 88
1761 117
1762 137
1763 195
1764 142
1765 144
1766 138
1767 133
1768 165
1769 82
1770 187
1771 120
1772 113
1773 142
1774 151
1775 138
1776 153
1777 114
1778 142
1779 66
1780 112
1781 125
1782 118
1783 122
1784 130
1785 156
1786 113
1787 125
1788 108
1789 140
1790 146
1791 157
1792 138
1793 142
1794 110
1795 138
1796 112
1797 120
1798 127
1799 86
1800 95
1801 130
1802 164
1803 135
1804 94
1805 160
1806 136
1807 150
1808 143
1809 145
1810 152
1811 164
1812 154
1813 119
1814 98
1815 182
1816 0
1817 179
1818 144
1819 110
1820 100
1821 60
1822 106
1823 114
1824 157
1825 163
1826 121
1827 167
1828 170
1829 127
1830 131
1831 131
1832 165
1833 136
1834 145
1835 84
1836 143
1837 156
1838 148
1839 117
1840 172
1841 139
1842 146
1843 121
1844 160
1845 175
1846 74
1847 104
1848 119
1849 177
1850 142
1851 146
1852 142
1853 151
1854 131
1855 160
1856 136
1857 153
1858 178
1859 96
1860 166
1861 102
1862 95
1863 170
1864 147
1865 152
1866 117
1867 128
1868 113
1869 137
1870 135
1871 142
1872 125
1873 111
1874 115
1875 184
1876 141
1877 141
1878 79
1879 78
1880 142
1881 88
1882 220
1883 161
1884 129
1885 141
1886 166
1887 160
1888 152
1889 142
1890 99
1891 117
1892 163
1893 147
1894 171
1895 161
1896 114
1897 140
1898 132
1899 127
1900 154
1901 161
1902 129
1903 142
1904 148
1905 136
1906 150
1907 141
1908 231
1909 199
1910 139
1911 158
1912 104
1913 161
1914 130
1915 172
1916 192
1917 108
1918 164
1919 119
1920 139
1921 137
1922 183
1923 181
1924 132
1925 147
1926 124
1927 143
1928 153
1929 126
1930 163
1931 192
1932 133
1933 151
1934 127
1935 150
1936 119
1937 92
1938 134
1939 135
1940 116
1941 193
1942 140
1943 145
1944 82
1945 161
1946 121
1947 138
1948 152
1949 146
1950 81
1951 183
1952 157
1953 130
1954 191
1955 135
1956 159
1957 111
1958 159
1959 137
1960 118
1961 119
1962 158
1963 126
1964 194
1965 142
1966 110
1967 141
1968 157
1969 125
1970 204
1971 159
1972 124
1973 125
1974 173
1975 157
1976 144
1977 157
1978 134
1979 143
1980 173
1981 87
1982 103
1983 204
1984 152
1985 142
1986 157
1987 59
1988 144
1989 179
1990 119
1991 166
1992 154
1993 136
1994 138
1995 173
1996 131
1997 169
1998 161
1999 146
2000 147
2001 161
2002 168
2003 139
2004 166
2005 94
2006 148
2007 80
2008 168
2009 117
2010 169
2011 163
2012 131
2013 126
2014 133
2015 48
2016 106
2017 120
2018 156
2019 168
2020 117
2021 98
2022 109
2023 135
2024 178
2025 146
2026 140
2027 188
2028 135
2029 150
2030 177
2031 158
2032 114
2033 159
2034 180
2035 116
2036 190
2037 140
2038 109
2039 115
2040 146
2041 95
2042 67
2043 140
2044 179
2045 157
2046 103
2047 148
2048 106
2049 168
2050 129
2051 120
2052 132
2053 134
2054 84
2055 152
2056 153
2057 153
2058 166
2059 139
2060 176
2061 171
2062 127
2063 119
2064 156
2065 137
2066 148
2067 152
2068 152
2069 147
2070 172
2071 128
2072 127
2073 127
2074 138
2075 125
2076 158
2077 183
2078 126
2079 122
2080 155
2081 145
2082 131
2083 123
2084 112
2085 134
2086 125
2087 112
2088 192
2089 164
2090 117
2091 174
2092 144
2093 104
2094 133
2095 111
2096 131
2097 138
2098 126
2099 137
2100 163
2101 104
2102 140
2103 152
2104 205
2105 139
2106 118
2107 127
2108 117
2109 117
2110 198
2111 165
2112 152
2113 102
2114 126
2115 155
2116 141
2117 138
2118 125
2119 108
2120 152
2121 107
2122 168
2123 117
2124 96
2125 145
2126 159
2127 171
2128 109
2129 164
2130 236
2131 121
2132 93
2133 128
2134 173
2135 172
2136 163
2137 124
2138 118
2139 190
2140 143
2141 160
2142 116
2143 155
2144 183
2145 137
2146 150
2147 123
2148 220
2149 118
2150 130
2151 94
2152 137
2153 144
2154 159
2155 234
2156 114
2157 146
2158 147
2159 178
2160 116
2161 131
2162 140
2163 96
2164 146
2165 124
2166 186
2167 138
2168 129
2169 147
2170 108
2171 121
2172 252
2173 191
2174 113
2175 152
2176 158
2177 136
2178 126
2179 110
2180 127
2181 146
2182 159
2183 85
2184 142
2185 181
2186 168
2187 121
2188 153
2189 165
2190 144
2191 149
2192 112
2193 155
2194 131
2195 169
2196 123
2197 119
2198 146
2199 126
2200 141
2201 176
2202 146
2203 152
2204 146
2205 0
2206 168
2207 104
2208 138
2209 139
2210 159
2211 124
2212 128
2213 131
2214 167
2215 220
2216 92
2217 127
2218 136
2219 144
2220 117
2221 74
2222 130
2223 145
2224 170
2225 146
2226 142
2227 144
2228 140
2229 154
2230 127
2231 157
2232 123
2233 146
2234 121
2235 125
2236 114
2237 149
2238 88
2239 119
2240 166
2241 98
2242 107
2243 120
2244 143
2245 148
2246 112
2247 164
2248 123
2249 186
2250 128
2251 138
2252 114
2253 134
2254 124
2255 126
2256 121
2257 127
2258 148
2259 125
2260 134
2261 126
2262 156
2263 134
2264 140
2265 173
2266 160
2267 115
2268 132
2269 134
2270 157
2271 127
2272 156
2273 167
2274 133
2275 153
2276 137
2277 144
2278 169
2279 140
2280 133
2281 149
2282 161
2283 121
2284 131
2285 142
2286 138
2287 109
2288 129
2289 123
2290 154
2291 146
2292 163
2293 137
2294 139
2295 162
2296 138
2297 184
2298 133
2299 172
2300 124
2301 125
2302 173
2303 152
2304 146
2305 155
2306 154
2307 183
2308 132
2309 102
2310 136
2311 107
2312 103
2313 154
2314 129
2315 146
2316 93
2317 146
2318 127
2319 112
2320 128
2321 144
2322 133
2323 125
2324 144
2325 139
2326 143
2327 176
2328 123
2329 149
2330 139
2331 72
2332 131
2333 150
2334 155
2335 78
2336 149
2337 170
2338 116
2339 143
2340 137
2341 147
2342 162
2343 120
2344 138
2345 73
2346 177
2347 142
2348 136
2349 93
2350 120
2351 108
2352 122
2353 139
2354 160
2355 128
2356 176
2357 116
2358 130
2359 131
2360 65
2361 168
2362 145
2363 127
2364 134
2365 140
2366 123
2367 105
2368 175
2369 125
2370 131
2371 140
2372 99
2373 130
2374 170
2375 182
2376 123
2377 79
2378 142
2379 180
2380 135
2381 131
2382 150
2383 112
2384 128
2385 209
2386 140
2387 133
2388 180
2389 158
2390 117
2391 123
2392 131
2393 156
2394 163
2395 152
2396 107
2397 151
2398 138
2399 151
2400 113
2401 118
2402 172
2403 128
2404 119
2405 124
2406 132
2407 154
2408 107
2409 106
2410 148
2411 126
2412 116
2413 158
2414 136
2415 145
2416 158
2417 128
2418 158
2419 123
2420 164
2421 119
2422 125
2423 171
2424 135
2425 131
2426 90
2427 154
2428 203
2429 168
2430 175
2431 165
2432 145
2433 137
2434 65
2435 152
2436 106
2437 146
2438 153
2439 135
2440 140
2441 62
2442 159
2443 112
2444 122
2445 201
2446 141
2447 135
2448 146
2449 149
2450 102
2451 114
2452 114
2453 146
2454 136
2455 150
2456 91
2457 152
2458 138
2459 109
2460 119
2461 125
2462 166
2463 159
2464 140
2465 164
2466 166
2467 170
2468 138
2469 165
2470 169
2471 143
2472 120
2473 145
2474 155
2475 143
2476 146
2477 172
2478 164
2479 130
2480 122
2481 150
2482 131
2483 99
2484 125
2485 116
2486 83
2487 146
2488 133
2489 136
2490 124
2491 164
2492 123
2493 129
2494 168
2495 115
2496 135
2497 138
2498 158
2499 119
2500 95
2501 125
2502 150
2503 122
2504 69
2505 166
2506 101
2507 125
2508 72
2509 130
2510 94
2511 118
2512 133
2513 135
2514 103
2515 140
2516 107
2517 105
2518 147
2519 90
2520 126
2521 135
2522 165
2523 87
2524 119
2525 126
2526 163
2527 97
2528 61
2529 153
2530 177
2531 125
2532 209
2533 126
2534 108
2535 113
2536 121
2537 170
2538 167
2539 140
2540 123
2541 112
2542 140
2543 127
2544 174
2545 118
2546 195
2547 137
2548 130
2549 157
2550 190
2551 179
2552 87
2553 103
2554 86
2555 142
2556 141
2557 164
2558 189
2559 130
2560 178
2561 119
2562 135
2563 118
2564 74
2565 157
2566 132
2567 162
2568 127
2569 149
2570 164
2571 142
2572 141
2573 173
2574 162
2575 129
2576 115
2577 157
2578 130
2579 146
2580 185
2581 121
2582 161
2583 108
2584 145
2585 125
2586 138
2587 193
2588 141
2589 134
2590 155
2591 112
2592 186
2593 119
2594 236
2595 124
2596 123
2597 130
2598 165
2599 140
2600 139
2601 141
2602 106
2603 94
2604 164
2605 126
2606 173
2607 161
2608 113
2609 165
2610 108
2611 155
2612 149
2613 132
2614 158
2615 154
2616 145
2617 157
2618 157
2619 134
2620 145
2621 163
2622 149
2623 146
2624 128
2625 118
2626 113
2627 131
2628 131
2629 131
2630 159
2631 143
2632 145
2633 43
2634 136
2635 134
2636 146
2637 154
2638 170
2639 129
2640 143
2641 202
2642 161
2643 159
2644 129
2645 179
2646 90
2647 144
2648 119
2649 137
2650 125
2651 164
2652 142
2653 133
2654 124
2655 121
2656 143
2657 111
2658 175
2659 143
2660 102
2661 141
2662 148
2663 170
2664 192
2665 164
2666 156
2667 129
2668 128
2669 159
2670 127
2671 131
2672 132
2673 158
2674 135
2675 199
2676 136
2677 123
2678 115
2679 135
2680 155
2681 84
2682 157
2683 148
2684 141
2685 142
2686 97
2687 123
2688 160
2689 147
2690 152
2691 133
2692 146
2693 131
2694 138
2695 113
2696 142
2697 165
2698 114
2699 164
2700 94
2701 109
2702 80
2703 121
2704 159
2705 124
2706 123
2707 127
2708 93
2709 106
2710 162
2711 144
2712 141
2713 130
2714 118
2715 184
2716 158
2717 134
2718 125
2719 165
2720 188
2721 87
2722 130
2723 178
2724 91
2725 140
2726 102
2727 172
2728 103
2729 88
2730 140
2731 169
2732 167
2733 162
2734 159
2735 125
2736 125
2737 135
2738 178
2739 160
2740 139
2741 112
2742 123
2743 135
2744 151
2745 160
2746 129
2747 142
2748 167
2749 155
2750 120
2751 116
2752 138
2753 166
2754 132
2755 166
2756 168
2757 126
2758 86
2759 46
2760 160
2761 229
2762 145
2763 159
2764 94
2765 139
2766 163
2767 100
2768 163
2769 156
2770 152
2771 116
2772 101
2773 175
2774 98
2775 167
2776 145
2777 147
2778 142
2779 113
2780 157
2781 118
2782 151
2783 124
2784 130
2785 160
2786 124
2787 177
2788 141
2789 158
2790 165
2791 109
2792 146
2793 123
2794 141
2795 152
2796 165
2797 164
2798 155
2799 170
2800 122
2801 128
2802 182
2803 155
2804 144
2805 151
2806 159
2807 117
2808 76
2809 117
2810 114
2811 133
2812 152
2813 167
2814 121
2815 150
2816 137
2817 145
2818 131
2819 100
2820 179
2821 97
2822 158
2823 142
2824 139
2825 141
2826 179
2827 165
2828 150
2829 127
2830 168
2831 142
2832 64
2833 122
2834 136
2835 151
2836 126
2837 149
2838 120
2839 141
2840 121
2841 129
2842 171
2843 138
2844 154
2845 167
2846 139
2847 197
2848 145
2849 127
2850 57
2851 125
2852 119
2853 116
2854 102
2855 156
2856 116
2857 79
2858 118
2859 67
2860 166
2861 167
2862 141
2863 134
2864 152
2865 166
2866 138
2867 133
2868 144
2869 109
2870 160
2871 117
2872 174
2873 194
2874 132
2875 151
2876 142
2877 164
2878 142
2879 91
2880 171
2881 138
2882 139
2883 115
2884 116
2885 153
2886 145
2887 144
2888 168
2889 109
2890 132
2891 156
2892 133
2893 158
2894 105
2895 126
2896 175
2897 211
2898 144
2899 146
2900 175
2901 126
2902 111
2903 124
2904 172
2905 104
2906 148
2907 141
2908 121
2909 137
2910 174
2911 115
2912 169
2913 129
2914 144
2915 157
2916 135
2917 126
2918 153
2919 149
2920 171
2921 155
2922 97
2923 152
2924 158
2925 153
2926 137
2927 126
2928 91
2929 135
2930 158
2931 107
2932 166
2933 115
2934 145
2935 170
2936 129
2937 84
2938 113
2939 127
2940 165
2941 158
2942 129
2943 129
2944 185
2945 103
2946 128
2947 139
2948 100
2949 162
2950 114
2951 125
2952 160
2953 183
2954 129
2955 133
2956 122
2957 168
2958 122
2959 151
2960 183
2961 139
2962 114
2963 138
2964 137
2965 147
2966 112
2967 155
2968 122
2969 153
2970 111
2971 183
2972 191
2973 148
2974 136
2975 116
2976 129
2977 92
2978 130
2979 111
2980 138
2981 112
2982 125
2983 131
2984 135
2985 145
2986 116
2987 161
2988 132
2989 89
2990 104
2991 161
2992 106
2993 178
2994 69
2995 170
2996 161
2997 155
2998 134
2999 149
3000 148
3001 93
3002 111
3003 162
3004 153
3005 102
3006 142
3007 165
3008 70
3009 150
3010 194
3011 137
3012 96
3013 123
3014 129
3015 137
3016 146
3017 119
3018 144
3019 155
3020 170
3021 154
3022 126
3023 146
3024 151
3025 133
3026 149
3027 108
3028 97
3029 139
3030 138
3031 168
3032 132
3033 147
3034 125
3035 124
3036 57
3037 135
3038 228
3039 138
3040 127
3041 130
3042 160
3043 99
3044 139
3045 138
3046 171
3047 125
3048 169
3049 158
3050 136
3051 178
3052 148
3053 128
3054 137
3055 125
3056 150
3057 125
3058 147
3059 165
3060 115
3061 101
3062 183
3063 173
3064 163
3065 217
3066 128
3067 126
3068 143
3069 127
3070 113
3071 111
3072 169
3073 156
3074 106
3075 113
3076 117
3077 157
3078 162
3079 140
3080 115
3081 134
3082 131
3083 115
3084 145
3085 131
3086 83
3087 84
3088 159
3089 138
3090 135
3091 168
3092 126
3093 90
3094 88
3095 154
3096 212
3097 132
3098 103
3099 105
3100 183
3101 134
3102 144
3103 98
3104 165
3105 145
3106 131
3107 156
3108 173
3109 166
3110 149
3111 139
3112 137
3113 127
3114 132
3115 138
3116 124
3117 162
3118 134
3119 169
3120 165
3121 133
3122 0
3123 88
3124 125
3125 181
3126 139
3127 120
3128 132
3129 105
3130 107
3131 106
3132 103
3133 111
3134 121
3135 159
3136 117
3137 169
3138 175
3139 132
3140 131
3141 152
3142 132
3143 144
3144 137
3145 130
3146 114
3147 167
3148 137
3149 157
3150 177
3151 65
3152 114
3153 149
3154 118
3155 171
3156 95
3157 144
3158 108
3159 126
3160 116
3161 102
3162 183
3163 158
3164 133
3165 130
3166 164
3167 122
3168 170
3169 158
3170 136
3171 123
3172 215
3173 165
3174 143
3175 146
3176 164
3177 146
3178 101
3179 139
3180 111
3181 123
3182 161
3183 161
3184 120
3185 132
3186 123
3187 125
3188 126
3189 167
3190 113
3191 125
3192 138
3193 141
3194 182
3195 154
3196 163
3197 123
3198 125
3199 171
3200 164
3201 122
3202 104
3203 194
3204 126
3205 74
3206 205
3207 149
3208 159
3209 213
3210 103
3211 148
3212 161
3213 181
3214 85
3215 133
3216 123
3217 153
3218 70
3219 158
3220 145
3221 134
3222 139
3223 107
3224 118
3225 127
3226 187
3227 132
3228 103
3229 160
3230 111
3231 124
3232 94
3233 140
3234 169
3235 162
3236 160
3237 154
3238 181
3239 135
3240 150
3241 155
3242 134
3243 138
3244 133
3245 80
3246 165
3247 138
3248 124
3249 152
3250 154
3251 96
3252 130
3253 147
3254 95
3255 148
3256 161
3257 129
3258 149
3259 142
3260 128
3261 121
3262 159
3263 128
3264 141
3265 128
3266 132
3267 99
3268 143
3269 89
3270 148
3271 165
3272 115
3273 117
3274 95
3275 141
3276 114
3277 168
3278 162
3279 160
3280 92
3281 160
3282 132
3283 124
3284 171
3285 120
3286 85
3287 113
3288 154
3289 165
3290 183
3291 162
3292 158
3293 151
3294 167
3295 155
3296 106
3297 122
3298 135
3299 116
3300 175
3301 144
3302 102
3303 149
3304 134
3305 121
3306 143
3307 153
3308 131
3309 167
3310 182
3311 139
3312 102
3313 118
3314 110
3315 186
3316 104
3317 129
3318 214
3319 155
3320 144
3321 141
3322 150
3323 133
3324 142
3325 130
3326 125
3327 100
3328 142
3329 107
3330 96
3331 72
3332 142
3333 209
3334 169
3335 124
3336 120
3337 114
3338 146
3339 114
3340 160
3341 142
3342 161
3343 111
3344 151
3345 132
3346 132
3347 169
3348 162
3349 152
3350 109
3351 95
3352 123
3353 100
3354 162
3355 156
3356 142
3357 177
3358 155
3359 171
3360 106
3361 154
3362 137
3363 128
3364 146
3365 120
3366 110
3367 138
3368 114
3369 119
3370 161
3371 111
3372 155
3373 137
3374 165
3375 127
3376 75
3377 145
3378 133
3379 133
3380 151
3381 158
3382 171
3383 118
3384 155
3385 157
3386 137
3387 173
3388 122
3389 147
3390 149
3391 151
3392 130
3393 130
3394 139
3395 104
3396 167
3397 170
3398 169
3399 137
3400 142
3401 157
3402 131
3403 138
3404 116
3405 168
3406 148
3407 130
3408 148
3409 173
3410 185
3411 128
3412 142
3413 149
3414 164
3415 135
3416 151
3417 126
3418 146
3419 146
3420 83
3421 158
3422 126
3423 169
3424 87
3425 151
3426 142
3427 114
3428 177
3429 167
3430 161
3431 159
3432 152
3433 95
3434 226
3435 138
3436 153
3437 152
3438 133
3439 155
3440 163
3441 145
3442 140
3443 203
3444 129
3445 105
3446 186
3447 134
3448 209
3449 142
3450 120
3451 140
3452 180
3453 157
3454 79
3455 124
3456 112
3457 152
3458 138
3459 158
3460 105
3461 164
3462 143
3463 100
3464 137
3465 132
3466 139
3467 174
3468 180
3469 145
3470 133
3471 154
3472 154
3473 111
3474 147
3475 117
3476 148
3477 129
3478 97
3479 193
3480 137
3481 151
3482 130
3483 147
3484 96
3485 166
3486 120
3487 107
3488 82
3489 133
3490 124
3491 139
3492 145
3493 190
3494 145
3495 120
3496 136
3497 132
3498 129
3499 141
3500 141
3501 92
3502 137
3503 86
3504 168
3505 163
3506 156
3507 145
3508 104
3509 151
3510 159
3511 167
3512 168
3513 151
3514 164
3515 160
3516 99
3517 167
3518 124
3519 135
3520 98
3521 103
3522 146
3523 137
3524 148
3525 131
3526 137
3527 172
3528 125
3529 122
3530 143
3531 173
3532 106
3533 200
3534 170
3535 117
3536 199
3537 125
3538 161
3539 115
3540 134
3541 139
3542 145
3543 119
3544 159
3545 114
3546 179
3547 119
3548 140
3549 179
3550 134
3551 118
3552 162
3553 160
3554 146
3555 206
3556 147
3557 121
3558 154
3559 117
3560 113
3561 125
3562 139
3563 82
3564 121
3565 158
3566 147
3567 124
3568 120
3569 119
3570 127
3571 131
3572 157
3573 170
3574 131
3575 122
3576 140
3577 184
3578 127
3579 152
3580 145
3581 124
3582 96
3583 130
3584 140
3585 124
3586 153
3587 113
3588 110
3589 124
3590 126
3591 123
3592 129
3593 167
3594 73
3595 97
3596 148
3597 146
3598 106
3599 116
3600 123
3601 122
3602 148
3603 80
3604 144
3605 132
3606 124
3607 0
3608 125
3609 150
3610 171
3611 160
3612 119
3613 122
3614 127
3615 104
3616 185
3617 111
3618 133
3619 130
3620 141
3621 147
3622 142
3623 85
3624 152
3625 147
3626 116
3627 139
3628 99
3629 131
3630 119
3631 142
3632 146
3633 91
3634 146
3635 181
3636 235
3637 180
3638 208
3639 116
3640 127
3641 164
3642 153
3643 125
3644 132
3645 115
3646 158
3647 180
3648 164
3649 199
3650 193
3651 158
3652 152
3653 120
3654 167
3655 160
3656 163
3657 143
3658 163
3659 179
3660 165
3661 118
3662 127
3663 140
3664 77
3665 101
3666 120
3667 141
3668 189
3669 171
3670 137
3671 93
3672 137
3673 145
3674 119
3675 119
3676 162
3677 179
3678 155
3679 133
3680 124
3681 71
3682 112
3683 105
3684 129
3685 188
3686 138
3687 130
3688 141
3689 124
3690 128
3691 127
3692 136
3693 186
3694 157
3695 127
3696 144
3697 126
3698 135
3699 90
3700 121
3701 209
3702 122
3703 130
3704 124
3705 166
3706 130
3707 163
3708 134
3709 119
3710 141
3711 158
3712 149
3713 100
3714 123
3715 131
3716 112
3717 164
3718 112
3719 199
3720 151
3721 145
3722 150
3723 81
3724 108
3725 98
3726 197
3727 164
3728 148
3729 105
3730 137
3731 153
3732 99
3733 160
3734 118
3735 157
3736 108
3737 172
3738 147
3739 139
3740 158
3741 120
3742 149
3743 121
3744 141
3745 136
3746 142
3747 145
3748 149
3749 111
3750 154
3751 168
3752 130
3753 104
3754 139
3755 147
3756 151
3757 168
3758 115
3759 130
3760 110
3761 177
3762 136
3763 191
3764 151
3765 170
3766 103
3767 137
3768 107
3769 117
3770 159
3771 144
3772 131
3773 137
3774 138
3775 185
3776 142
3777 173
3778 156
3779 97
3780 150
3781 122
3782 127
3783 193
3784 148
3785 128
3786 141
3787 125
3788 187
3789 153
3790 125
3791 134
3792 142
3793 124
3794 171
3795 160
3796 149
3797 110
3798 108
3799 83
3800 123
3801 134
3802 158
3803 88
3804 163
3805 188
3806 183
3807 136
3808 90
3809 139
3810 170
3811 138
3812 110
3813 118
3814 145
3815 156
3816 142
3817 125
3818 148
3819 114
3820 131
3821 105
3822 119
3823 184
3824 149
3825 141
3826 95
3827 145
3828 165
3829 175
3830 125
3831 136
3832 138
3833 131
3834 109
3835 168
3836 92
3837 157
3838 136
3839 142
3840 156
3841 142
3842 119
3843 125
3844 105
3845 132
3846 129
3847 169
3848 187
3849 170
3850 113
3851 110
3852 117
3853 145
3854 197
3855 146
3856 109
3857 143
3858 129
3859 125
3860 172
3861 163
3862 85
3863 140
3864 147
3865 152
3866 127
3867 121
3868 167
3869 101
3870 150
3871 165
3872 140
3873 119
3874 143
3875 101
3876 133
3877 129
3878 144
3879 150
3880 129
3881 141
3882 117
3883 89
3884 151
3885 105
3886 130
3887 141
3888 137
3889 158
3890 148
3891 169
3892 135
3893 115
3894 102
3895 146
3896 108
3897 92
3898 105
3899 125
3900 122
3901 153
3902 132
3903 146
3904 150
3905 137
3906 88
3907 105
3908 137
3909 174
3910 124
3911 114
3912 189
3913 110
3914 135
3915 137
3916 139
3917 135
3918 163
3919 121
3920 104
3921 156
3922 155
3923 159
3924 168
3925 161
3926 133
3927 119
3928 141
3929 153
3930 130
3931 146
3932 98
3933 203
3934 187
3935 141
3936 126
3937 137
3938 122
3939 218
3940 118
3941 176
3942 145
3943 131
3944 125
3945 142
3946 137
3947 119
3948 122
3949 119
3950 91
3951 128
3952 144
3953 126
3954 128
3955 152
3956 115
3957 131
3958 176
3959 109
3960 110
3961 159
3962 169
3963 144
3964 133
3965 116
3966 133
3967 128
3968 153
3969 118
3970 163
3971 154
3972 110
3973 135
3974 122
3975 180
3976 145
3977 133
3978 105
3979 128
3980 128
3981 133
3982 56
3983 104
3984 137
3985 92
3986 186
3987 120
3988 124
3989 100
3990 67
3991 192
3992 142
3993 163
3994 113
3995 144
3996 152
3997 173
3998 133
3999 104
4000 149
4001 118
4002 120
4003 128
4004 173
4005 168
4006 104
4007 163
4008 168
4009 122
4010 115
4011 179
4012 137
4013 125
4014 109
4015 141
4016 123
4017 133
4018 170
4019 100
4020 132
4021 150
4022 136
4023 151
4024 87
4025 139
4026 137
4027 142
4028 199
4029 158
4030 138
4031 148
4032 71
4033 83
4034 121
4035 142
4036 153
4037 139
4038 142
4039 138
4040 155
4041 135
4042 123
4043 148
4044 135
4045 108
4046 108
4047 113
4048 175
4049 153
4050 121
4051 122
4052 139
4053 166
4054 119
4055 139
4056 150
4057 105
4058 130
4059 136
4060 130
4061 161
4062 130
4063 143
4064 160
4065 162
4066 160
4067 111
4068 79
4069 207
4070 141
4071 154
4072 152
4073 138
4074 130
4075 145
4076 143
4077 137
4078 145
4079 171
4080 131
4081 113
4082 180
4083 143
4084 145
4085 161
4086 171
4087 170
4088 121
4089 147
4090 165
4091 160
4092 159
4093 140
4094 74
4095 118
4096 182
4097 159
4098 155
4099 142
4100 154
4101 125
4102 170
4103 123
4104 149
4105 150
4106 135
4107 136
4108 158
4109 171
4110 97
4111 138
4112 183
4113 121
4114 164
4115 129
4116 124
4117 182
4118 161
4119 126
4120 118
4121 131
4122 84
4123 147
4124 157
4125 138
4126 128
4127 167
4128 164
4129 184
4130 105
4131 158
4132 139
4133 111
4134 86
4135 121
4136 95
4137 147
4138 168
4139 153
4140 122
4141 166
4142 110
4143 145
4144 151
4145 106
4146 163
4147 117
4148 179
4149 113
4150 165
4151 131
4152 138
4153 119
4154 153
4155 124
4156 151
4157 141
4158 99
4159 124
4160 156
4161 135
4162 193
4163 167
4164 160
4165 152
4166 137
4167 125
4168 168
4169 138
4170 99
4171 215
4172 173
4173 145
4174 147
4175 158
4176 124
4177 155
4178 147
4179 121
4180 104
4181 113
4182 167
4183 134
4184 128
4185 140
4186 185
4187 129
4188 128
4189 105
4190 142
4191 155
4192 143
4193 123
4194 148
4195 121
4196 185
4197 126
4198 123
4199 135
4200 165
4201 135
4202 124
4203 124
4204 153
4205 163
4206 108
4207 173
4208 141
4209 163
4210 148
4211 115
4212 8
4213 198
4214 160
4215 107
4216 158
4217 141
4218 139
4219 151
4220 112
4221 99
4222 151
4223 156
4224 155
4225 163
4226 150
4227 144
4228 131
4229 142
4230 134
4231 152
4232 170
4233 139
4234 111
4235 183
4236 103
4237 95
4238 137
4239 103
4240 86
4241 138
4242 159
4243 192
4244 102
4245 150
4246 169
4247 138
4248 122
4249 169
4250 150
4251 156
4252 115
4253 158
4254 127
4255 154
4256 122
4257 118
4258 125
4259 181
4260 172
4261 144
4262 150
4263 148
4264 135
4265 187
4266 119
4267 124
4268 133
4269 143
4270 137
4271 75
4272 111
4273 135
4274 140
4275 181
4276 131
4277 113
4278 180
4279 108
4280 144
4281 86
4282 71
4283 152
4284 131
4285 114
4286 120
4287 130
4288 141
4289 180
4290 125
4291 116
4292 77
4293 164
4294 146
4295 199
4296 189
4297 136
4298 108
4299 133
4300 107
4301 176
4302 118
4303 141
4304 156
4305 138
4306 126
4307 92
4308 146
4309 177
4310 128
4311 137
4312 118
4313 167
4314 106
4315 124
4316 142
4317 134
4318 151
4319 153
4320 136
4321 103
4322 95
4323 176
4324 139
4325 110
4326 114
4327 191
4328 146
4329 156
4330 151
4331 89
4332 61
4333 89
4334 157
4335 152
4336 152
4337 136
4338 104
4339 141
4340 114
4341 130
4342 97
4343 201
4344 171
4345 167
4346 122
4347 76
4348 117
4349 136
4350 149
4351 121
4352 135
4353 152
4354 162
4355 110
4356 136
4357 123
4358 126
4359 134
4360 113
4361 146
4362 139
4363 112
4364 205
4365 150
4366 113
4367 115
4368 162
4369 120
4370 122
4371 143
4372 138
4373 155
4374 149
4375 145
4376 153
4377 137
4378 95
4379 135
4380 118
4381 139
4382 183
4383 126
4384 180
4385 119
4386 148
4387 136
4388 154
4389 135
4390 162
4391 141
4392 142
4393 174
4394 110
4395 119
4396 150
4397 108
4398 189
4399 144
4400 155
4401 142
4402 168
4403 109
4404 120
4405 146
4406 144
4407 132
4408 144
4409 182
4410 87
4411 172
4412 123
4413 161
4414 87
4415 145
4416 154
4417 147
4418 101
4419 150
4420 155
4421 97
4422 147
4423 148
4424 108
4425 188
4426 142
4427 182
4428 104
4429 148
4430 159
4431 177
4432 148
4433 142
4434 164
4435 156
4436 133
4437 133
4438 131
4439 137
4440 143
4441 124
4442 142
4443 144
4444 126
4445 141
4446 142
4447 149
4448 153
4449 140
4450 98
4451 139
4452 143
4453 176
4454 122
4455 186
4456 139
4457 116
4458 155
4459 150
4460 154
4461 133
4462 136
4463 115
4464 129
4465 158
4466 121
4467 113
4468 145
4469 182
4470 142
4471 111
4472 114
4473 88
4474 142
4475 130
4476 153
4477 135
4478 156
4479 199
4480 140
4481 134
4482 151
4483 170
4484 129
4485 43
4486 173
4487 154
4488 162
4489 131
4490 129
4491 98
4492 113
4493 161
4494 97
4495 132
4496 130
4497 154
4498 126
4499 142
