Vertices: 200
Edges: 1400
Time: 0,356 ms
Iterations: 1400
Vertex Distance
0 0
1 91
2 91
3 113
4 68
5 122
6 104
7 87
8 95
9 130
10 60
11 127
12 91
13 103
14 109
15 118
16 99
17 81
18 101
19 98
20 127
21 91
22 115
23 113
24 105
25 153
26 62
27 106
28 81
29 100
30 104
31 125
32 107
33 20
34 58
35 69
36 116
37 82
38 109
39 127
40 30
41 94
42 125
43 39
44 125
45 105
46 143
47 88
48 54
49 98
50 83
51 121
52 84
53 108
54 104
55 65
56 94
57 115
58 95
59 150
60 125
61 112
62 125
63 105
64 102
65 95
66 101
67 112
68 104
69 150
70 102
71 79
72 110
73 117
74 32
75 122
76 101
77 90
78 84
79 41
80 82
81 90
82 108
83 93
84 81
85 112
86 111
87 100
88 81
89 84
90 82
91 94
92 71
93 112
94 83
95 91
96 87
97 123
98 80
99 109
100 75
101 118
102 58
103 133
104 94
105 79
106 106
107 74
108 46
109 84
110 104
111 94
112 94
113 107
114 109
115 100
116 60
117 103
118 160
119 57
120 137
121 115
122 102
123 136
124 97
125 112
126 83
127 87
128 130
129 118
130 122
131 95
132 135
133 93
134 126
135 126
136 67
137 107
138 101
139 130
140 113
141 94
142 141
143 104
144 158
145 109
146 64
147 107
148 53
149 71
150 105
151 125
152 95
153 131
154 118
155 86
156 78
157 94
158 83
159 98
160 95
161 146
162 95
163 135
164 73
165 64
166 70
167 128
168 140
169 52
170 89
171 93
172 164
173 93
174 110
175 101
176 84
177 104
178 67
179 87
180 89
181 75
182 88
183 104
184 134
185 81
186 126
187 122
188 109
189 100
190 130
191 82
192 94
193 107
194 99
195 83
196 114
197 88
198 64
199 122
