Vertices: 6400
Edges: 44800
Time: 3,545 ms
Iterations: 44762
Vertex Distance
0 0
1 132
2 123
3 154
4 120
5 130
6 118
7 92
8 166
9 132
10 117
11 140
12 109
13 117
14 109
15 146
16 138
17 133
18 116
19 139
20 149
21 109
22 117
23 136
24 117
25 88
26 104
27 104
28 90
29 120
30 100
31 83
32 95
33 122
34 155
35 86
36 137
37 93
38 102
39 120
40 145
41 93
42 109
43 133
44 129
45 125
46 123
47 169
48 138
49 141
50 68
51 109
52 138
53 86
54 137
55 103
56 104
57 170
58 164
59 97
60 139
61 158
62 130
63 182
64 98
65 151
66 91
67 133
68 86
69 130
70 146
71 115
72 110
73 162
74 121
75 122
76 119
77 71
78 105
79 131
80 162
81 119
82 117
83 128
84 115
85 149
86 70
87 127
88 82
89 139
90 132
91 94
92 104
93 73
94 106
95 100
96 125
97 89
98 139
99 128
100 183
101 126
102 109
103 125
104 138
105 97
106 158
107 103
108 126
109 134
110 164
111 102
112 140
113 190
114 129
115 103
116 128
117 120
118 88
119 142
120 138
121 157
122 93
123 157
124 115
125 89
126 55
127 98
128 137
129 107
130 117
131 75
132 114
133 116
134 110
135 116
136 154
137 62
138 134
139 95
140 110
141 135
142 89
143 110
144 107
145 113
146 91
147 109
148 158
149 137
150 133
151 114
152 159
153 157
154 119
155 110
156 101
157 117
158 120
159 154
160 49
161 135
162 75
163 127
164 101
165 120
166 95
167 147
168 138
169 84
170 133
171 116
172 122
173 141
174 156
175 85
176 146
177 128
178 122
179 134
180 138
181 155
182 152
183 85
184 121
185 134
186 72
187 165
188 59
189 96
190 106
191 103
192 109
193 124
194 89
195 129
196 121
197 149
198 144
199 71
200 99
201 125
202 139
203 125
204 156
205 125
206 82
207 109
208 119
209 118
210 157
211 66
212 125
213 119
214 97
215 150
216 103
217 112
218 124
219 148
220 83
221 117
222 83
223 97
224 125
225 122
226 59
227 87
228 132
229 139
230 114
231 151
232 102
233 135
234 118
235 91
236 77
237 79
238 105
239 164
240 118
241 151
242 136
243 116
244 115
245 93
246 146
247 116
248 142
249 108
250 101
251 102
252 111
253 110
254 177
255 144
256 126
257 165
258 128
259 71
260 118
261 100
262 85
263 135
264 114
265 171
266 163
267 110
268 126
269 107
270 105
271 155
272 85
273 129
274 126
275 74
276 108
277 181
278 129
279 158
280 84
281 162
282 110
283 131
284 100
285 136
286 114
287 87
288 106
289 142
290 143
291 121
292 111
293 183
294 168
295 110
296 126
297 131
298 123
299 133
300 137
301 123
302 114
303 142
304 124
305 112
306 118
307 155
308 93
309 91
310 143
311 132
312 87
313 142
314 118
315 108
316 154
317 149
318 105
319 106
320 124
321 132
322 112
323 94
324 156
325 117
326 76
327 131
328 137
329 154
330 136
331 143
332 97
333 165
334 116
335 66
336 134
337 41
338 137
339 94
340 92
341 89
342 123
343 105
344 111
345 112
346 130
347 108
348 119
349 52
350 99
351 158
352 124
353 118
354 132
355 64
356 123
357 146
358 102
359 114
360 69
361 114
362 111
363 103
364 165
365 154
366 100
367 97
368 140
369 107
370 120
371 91
372 122
373 142
374 133
375 103
376 40
377 109
378 140
379 109
380 117
381 120
382 200
383 130
384 104
385 153
386 94
387 87
388 126
389 121
390 101
391 134
392 98
393 117
394 112
395 154
396 123
397 114
398 91
399 112
400 26
401 90
402 102
403 127
404 125
405 113
406 135
407 126
408 122
409 84
410 125
411 117
412 131
413 131
414 130
415 128
416 106
417 153
418 132
419 102
420 153
421 136
422 107
423 110
424 152
425 96
426 119
427 76
428 160
429 112
430 158
431 104
432 91
433 131
434 97
435 98
436 44
437 91
438 127
439 132
440 142
441 84
442 134
443 178
444 97
445 87
446 119
447 130
448 122
449 128
450 96
451 103
452 111
453 132
454 156
455 131
456 142
457 112
458 89
459 73
460 141
461 99
462 123
463 111
464 111
465 136
466 136
467 158
468 114
469 80
470 140
471 134
472 141
473 126
474 60
475 98
476 80
477 131
478 140
479 115
480 94
481 103
482 129
483 114
484 134
485 140
486 75
487 92
488 87
489 129
490 150
491 146
492 154
493 92
494 114
495 121
496 81
497 122
498 59
499 148
500 49
501 129
502 85
503 102
504 101
505 110
506 119
507 185
508 110
509 123
510 117
511 30
512 132
513 92
514 155
515 131
516 126
517 122
518 144
519 127
520 133
521 125
522 131
523 105
524 109
525 112
526 93
527 109
528 111
529 100
530 135
531 127
532 141
533 117
534 121
535 128
536 127
537 88
538 133
539 97
540 126
541 122
542 111
543 111
544 78
545 130
546 148
547 101
548 125
549 86
550 99
551 184
552 132
553 122
554 100
555 136
556 103
557 112
558 117
559 134
560 113
561 117
562 122
563 89
564 142
565 133
566 79
567 116
568 99
569 124
570 153
571 133
572 128
573 155
574 141
575 125
576 124
577 91
578 108
579 107
580 115
581 99
582 152
583 122
584 142
585 70
586 109
587 137
588 120
589 88
590 164
591 142
592 138
593 133
594 101
595 94
596 97
597 135
598 133
599 145
600 133
601 124
602 133
603 137
604 114
605 145
606 84
607 107
608 114
609 111
610 131
611 130
612 105
613 156
614 154
615 102
616 138
617 127
618 106
619 130
620 18
621 110
622 83
623 52
624 112
625 126
626 85
627 174
628 170
629 140
630 129
631 147
632 176
633 169
634 101
635 119
636 167
637 135
638 144
639 117
640 111
641 97
642 108
643 145
644 115
645 131
646 146
647 121
648 105
649 121
650 130
651 121
652 103
653 127
654 152
655 136
656 134
657 149
658 141
659 151
660 126
661 128
662 98
663 97
664 134
665 119
666 94
667 118
668 128
669 134
670 151
671 147
672 124
673 134
674 164
675 82
676 117
677 113
678 121
679 151
680 97
681 137
682 151
683 132
684 167
685 113
686 129
687 117
688 81
689 128
690 128
691 119
692 158
693 149
694 110
695 73
696 118
697 121
698 135
699 100
700 102
701 180
702 43
703 139
704 87
705 70
706 188
707 165
708 166
709 113
710 123
711 103
712 134
713 126
714 131
715 116
716 134
717 91
718 96
719 120
720 140
721 109
722 142
723 77
724 111
725 97
726 115
727 151
728 91
729 121
730 142
731 129
732 131
733 145
734 113
735 136
736 113
737 138
738 121
739 131
740 175
741 107
742 113
743 151
744 89
745 124
746 100
747 94
748 188
749 89
750 142
751 98
752 132
753 173
754 113
755 111
756 117
757 149
758 160
759 156
760 107
761 96
762 83
763 94
764 137
765 91
766 125
767 73
768 84
769 96
770 113
771 92
772 133
773 153
774 48
775 141
776 106
777 158
778 82
779 133
780 117
781 76
782 126
783 95
784 129
785 123
786 112
787 104
788 112
789 138
790 157
791 84
792 89
793 51
794 105
795 127
796 153
797 109
798 98
799 113
800 119
801 181
802 105
803 183
804 144
805 152
806 133
807 100
808 116
809 113
810 123
811 83
812 101
813 127
814 94
815 95
816 102
817 110
818 116
819 75
820 152
821 149
822 118
823 141
824 172
825 130
826 125
827 107
828 160
829 103
830 149
831 142
832 144
833 127
834 69
835 147
836 170
837 135
838 89
839 119
840 114
841 131
842 122
843 139
844 154
845 129
846 121
847 127
848 138
849 110
850 131
851 166
852 144
853 94
854 78
855 127
856 132
857 111
858 95
859 106
860 127
861 67
862 123
863 134
864 134
865 128
866 93
867 132
868 82
869 100
870 64
871 119
872 107
873 110
874 99
875 135
876 63
877 123
878 118
879 94
880 122
881 115
882 144
883 89
884 89
885 118
886 129
887 102
888 125
889 111
890 156
891 125
892 131
893 64
894 115
895 125
896 141
897 91
898 117
899 118
900 123
901 83
902 77
903 107
904 114
905 91
906 95
907 105
908 52
909 126
910 199
911 142
912 90
913 95
914 111
915 153
916 102
917 153
918 120
919 123
920 131
921 142
922 122
923 115
924 95
925 113
926 123
927 93
928 131
929 83
930 122
931 135
932 122
933 141
934 131
935 143
936 114
937 113
938 88
939 123
940 119
941 141
942 93
943 63
944 103
945 113
946 173
947 91
948 41
949 132
950 115
951 111
952 136
953 148
954 161
955 86
956 102
957 102
958 162
959 69
960 106
961 67
962 111
963 150
964 71
965 107
966 103
967 94
968 143
969 152
970 146
971 121
972 166
973 101
974 122
975 83
976 108
977 138
978 71
979 121
980 135
981 77
982 140
983 111
984 154
985 93
986 134
987 124
988 150
989 125
990 96
991 148
992 103
993 112
994 135
995 146
996 134
997 71
998 132
999 146
1000 106
1001 168
1002 157
1003 98
1004 133
1005 103
1006 101
1007 89
1008 123
1009 106
1010 115
1011 115
1012 145
1013 111
1014 96
1015 117
1016 114
1017 136
1018 73
1019 106
1020 55
1021 149
1022 133
1023 121
1024 140
1025 74
1026 161
1027 118
1028 117
1029 120
1030 94
1031 128
1032 128
1033 114
1034 151
1035 140
1036 158
1037 120
1038 111
1039 115
1040 118
1041 114
1042 140
1043 140
1044 125
1045 125
1046 160
1047 131
1048 138
1049 160
1050 143
1051 103
1052 180
1053 135
1054 179
1055 96
1056 138
1057 101
1058 150
1059 114
1060 139
1061 90
1062 129
1063 111
1064 103
1065 116
1066 122
1067 134
1068 78
1069 119
1070 143
1071 149
1072 130
1073 141
1074 138
1075 140
1076 120
1077 149
1078 127
1079 144
1080 122
1081 118
1082 134
1083 139
1084 144
1085 111
1086 102
1087 114
1088 83
1089 128
1090 175
1091 136
1092 111
1093 124
1094 134
1095 136
1096 78
1097 120
1098 109
1099 95
1100 136
1101 127
1102 77
1103 90
1104 104
1105 172
1106 112
1107 142
1108 111
1109 112
1110 118
1111 135
1112 106
1113 97
1114 152
1115 110
1116 88
1117 162
1118 130
1119 186
1120 124
1121 165
1122 146
1123 140
1124 0
1125 122
1126 118
1127 110
1128 144
1129 136
1130 74
1131 163
1132 113
1133 75
1134 186
1135 103
1136 121
1137 91
1138 111
1139 118
1140 96
1141 136
1142 121
1143 68
1144 108
1145 122
1146 115
1147 146
1148 126
1149 119
1150 94
1151 100
1152 79
1153 101
1154 172
1155 107
1156 46
1157 98
1158 142
1159 64
1160 106
1161 99
1162 136
1163 95
1164 127
1165 114
1166 165
1167 110
1168 136
1169 81
1170 140
1171 138
1172 112
1173 136
1174 171
1175 125
1176 58
1177 71
1178 121
1179 54
1180 142
1181 130
1182 103
1183 115
1184 110
1185 134
1186 137
1187 159
1188 132
1189 137
1190 108
1191 146
1192 119
1193 147
1194 103
1195 88
1196 13
1197 134
1198 128
1199 115
1200 121
1201 112
1202 98
1203 101
1204 53
1205 125
1206 110
1207 111
1208 137
1209 183
1210 106
1211 111
1212 68
1213 139
1214 117
1215 128
1216 103
1217 104
1218 46
1219 78
1220 69
1221 86
1222 120
1223 119
1224 155
1225 112
1226 133
1227 109
1228 146
1229 177
1230 120
1231 189
1232 150
1233 174
1234 130
1235 145
1236 74
1237 104
1238 124
1239 111
1240 149
1241 96
1242 110
1243 102
1244 80
1245 167
1246 58
1247 90
1248 118
1249 105
1250 62
1251 118
1252 122
1253 112
1254 127
1255 60
1256 87
1257 114
1258 146
1259 87
1260 119
1261 111
1262 123
1263 137
1264 155
1265 105
1266 160
1267 134
1268 49
1269 90
1270 157
1271 120
1272 148
1273 126
1274 90
1275 114
1276 153
1277 136
1278 113
1279 143
1280 111
1281 93
1282 99
1283 94
1284 81
1285 112
1286 110
1287 125
1288 188
1289 127
1290 118
1291 119
1292 53
1293 103
1294 105
1295 132
1296 128
1297 105
1298 68
1299 101
1300 101
1301 117
1302 165
1303 96
1304 128
1305 142
1306 153
1307 141
1308 185
1309 63
1310 139
1311 110
1312 119
1313 140
1314 112
1315 123
1316 105
1317 120
1318 77
1319 63
1320 148
1321 136
1322 174
1323 112
1324 156
1325 102
1326 140
1327 111
1328 123
1329 114
1330 163
1331 147
1332 125
1333 158
1334 118
1335 92
1336 83
1337 98
1338 146
1339 118
1340 125
1341 131
1342 103
1343 113
1344 182
1345 140
1346 127
1347 126
1348 144
1349 52
1350 132
1351 119
1352 143
1353 118
1354 153
1355 108
1356 131
1357 95
1358 133
1359 139
1360 128
1361 98
1362 111
1363 119
1364 127
1365 167
1366 129
1367 129
1368 100
1369 123
1370 106
1371 86
1372 126
1373 159
1374 91
1375 144
1376 139
1377 111
1378 111
1379 137
1380 120
1381 174
1382 92
1383 117
1384 128
1385 153
1386 113
1387 109
1388 76
1389 105
1390 120
1391 135
1392 125
1393 107
1394 89
1395 128
1396 106
1397 131
1398 132
1399 108
1400 136
1401 123
1402 132
1403 131
1404 143
1405 90
1406 132
1407 48
1408 112
1409 113
1410 114
1411 155
1412 124
1413 128
1414 117
1415 133
1416 124
1417 107
1418 77
1419 105
1420 103
1421 117
1422 129
1423 123
1424 138
1425 115
1426 121
1427 101
1428 106
1429 192
1430 127
1431 134
1432 147
1433 116
1434 108
1435 74
1436 92
1437 65
1438 124
1439 107
1440 135
1441 92
1442 146
1443 133
1444 146
1445 98
1446 108
1447 130
1448 97
1449 143
1450 168
1451 147
1452 47
1453 140
1454 133
1455 120
1456 149
1457 150
1458 38
1459 131
1460 137
1461 107
1462 101
1463 78
1464 106
1465 83
1466 139
1467 122
1468 93
1469 130
1470 97
1471 147
1472 120
1473 116
1474 121
1475 148
1476 0
1477 90
1478 118
1479 137
1480 154
1481 125
1482 145
1483 125
1484 80
1485 88
1486 109
1487 24
1488 99
1489 146
1490 119
1491 116
1492 85
1493 135
1494 164
1495 155
1496 71
1497 126
1498 81
1499 136
1500 85
1501 124
1502 131
1503 86
1504 157
1505 62
1506 130
1507 107
1508 124
1509 134
1510 137
1511 99
1512 108
1513 125
1514 83
1515 137
1516 136
1517 136
1518 121
1519 100
1520 95
1521 134
1522 110
1523 89
1524 133
1525 127
1526 168
1527 131
1528 106
1529 126
1530 119
1531 136
1532 102
1533 120
1534 81
1535 112
1536 130
1537 99
1538 102
1539 133
1540 113
1541 117
1542 146
1543 148
1544 86
1545 94
1546 113
1547 112
1548 117
1549 84
1550 83
1551 113
1552 120
1553 94
1554 130
1555 110
1556 110
1557 116
1558 150
1559 130
1560 130
1561 125
1562 144
1563 126
1564 148
1565 144
1566 107
1567 154
1568 105
1569 116
1570 162
1571 131
1572 119
1573 122
1574 93
1575 107
1576 112
1577 134
1578 88
1579 116
1580 94
1581 144
1582 104
1583 114
1584 83
1585 109
1586 122
1587 129
1588 114
1589 124
1590 97
1591 112
1592 137
1593 105
1594 63
1595 116
1596 136
1597 113
1598 120
1599 100
1600 125
1601 99
1602 112
1603 58
1604 137
1605 130
1606 79
1607 132
1608 138
1609 149
1610 143
1611 75
1612 97
1613 92
1614 123
1615 135
1616 121
1617 105
1618 91
1619 139
1620 173
1621 125
1622 88
1623 132
1624 126
1625 95
1626 124
1627 107
1628 122
1629 118
1630 113
1631 140
1632 111
1633 98
1634 146
1635 147
1636 109
1637 81
1638 136
1639 69
1640 200
1641 102
1642 109
1643 115
1644 119
1645 90
1646 81
1647 122
1648 127
1649 134
1650 127
1651 98
1652 96
1653 119
1654 99
1655 90
1656 148
1657 104
1658 96
1659 132
1660 68
1661 88
1662 159
1663 94
1664 123
1665 104
1666 79
1667 123
1668 115
1669 132
1670 95
1671 115
1672 115
1673 143
1674 57
1675 228
1676 137
1677 137
1678 129
1679 162
1680 91
1681 117
1682 86
1683 105
1684 130
1685 139
1686 120
1687 111
1688 97
1689 169
1690 149
1691 112
1692 114
1693 166
1694 111
1695 125
1696 126
1697 130
1698 96
1699 128
1700 107
1701 80
1702 133
1703 147
1704 80
1705 105
1706 76
1707 160
1708 147
1709 136
1710 120
1711 124
1712 132
1713 114
1714 167
1715 103
1716 180
1717 126
1718 86
1719 112
1720 114
1721 128
1722 108
1723 134
1724 68
1725 128
1726 127
1727 111
1728 150
1729 179
1730 128
1731 180
1732 180
1733 176
1734 171
1735 107
1736 81
1737 56
1738 89
1739 128
1740 110
1741 97
1742 113
1743 136
1744 112
1745 158
1746 125
1747 130
1748 20
1749 108
1750 98
1751 138
1752 100
1753 121
1754 141
1755 139
1756 126
1757 136
1758 82
1759 139
1760 106
1761 146
1762 36
1763 84
1764 86
1765 122
1766 98
1767 100
1768 125
1769 116
1770 168
1771 58
1772 111
1773 116
1774 94
1775 111
1776 124
1777 101
1778 116
1779 137
1780 122
1781 162
1782 151
1783 126
1784 122
1785 127
1786 129
1787 99
1788 113
1789 146
1790 121
1791 130
1792 140
1793 96
1794 138
1795 49
1796 119
1797 121
1798 95
1799 129
1800 109
1801 91
1802 126
1803 113
1804 129
1805 141
1806 136
1807 105
1808 93
1809 122
1810 117
1811 154
1812 121
1813 132
1814 132
1815 99
1816 96
1817 109
1818 107
1819 109
1820 120
1821 130
1822 145
1823 104
1824 122
1825 168
1826 149
1827 139
1828 103
1829 150
1830 114
1831 151
1832 100
1833 93
1834 126
1835 117
1836 122
1837 94
1838 106
1839 152
1840 106
1841 77
1842 123
1843 138
1844 106
1845 128
1846 102
1847 136
1848 142
1849 142
1850 111
1851 106
1852 111
1853 86
1854 185
1855 106
1856 183
1857 132
1858 123
1859 122
1860 99
1861 187
1862 122
1863 142
1864 102
1865 94
1866 102
1867 115
1868 124
1869 148
1870 99
1871 118
1872 124
1873 113
1874 153
1875 119
1876 94
1877 121
1878 113
1879 143
1880 142
1881 136
1882 119
1883 108
1884 116
1885 82
1886 103
1887 106
1888 136
1889 178
1890 93
1891 81
1892 93
1893 111
1894 68
1895 146
1896 93
1897 152
1898 101
1899 152
1900 81
1901 66
1902 112
1903 132
1904 149
1905 119
1906 111
1907 120
1908 182
1909 81
1910 108
1911 118
1912 95
1913 97
1914 112
1915 130
1916 90
1917 123
1918 143
1919 149
1920 88
1921 95
1922 116
1923 100
1924 112
1925 136
1926 121
1927 152
1928 126
1929 113
1930 126
1931 108
1932 95
1933 119
1934 106
1935 94
1936 133
1937 149
1938 131
1939 165
1940 119
1941 148
1942 95
1943 93
1944 121
1945 137
1946 129
1947 174
1948 155
1949 73
1950 107
1951 78
1952 106
1953 163
1954 160
1955 110
1956 110
1957 97
1958 128
1959 152
1960 135
1961 119
1962 81
1963 141
1964 117
1965 111
1966 119
1967 104
1968 144
1969 113
1970 117
1971 136
1972 98
1973 122
1974 138
1975 89
1976 162
1977 136
1978 90
1979 123
1980 94
1981 124
1982 152
1983 142
1984 129
1985 118
1986 120
1987 107
1988 147
1989 98
1990 116
1991 114
1992 48
1993 90
1994 136
1995 134
1996 120
1997 71
1998 87
1999 88
2000 124
2001 133
2002 143
2003 162
2004 101
2005 130
2006 106
2007 122
2008 117
2009 119
2010 113
2011 137
2012 121
2013 124
2014 111
2015 134
2016 109
2017 108
2018 129
2019 71
2020 124
2021 150
2022 99
2023 131
2024 137
2025 117
2026 136
2027 146
2028 117
2029 71
2030 140
2031 123
2032 131
2033 130
2034 116
2035 141
2036 143
2037 115
2038 124
2039 108
2040 116
2041 144
2042 195
2043 120
2044 132
2045 109
2046 123
2047 138
2048 129
2049 75
2050 148
2051 172
2052 116
2053 83
2054 173
2055 130
2056 101
2057 89
2058 129
2059 88
2060 107
2061 150
2062 124
2063 79
2064 133
2065 150
2066 135
2067 144
2068 107
2069 155
2070 98
2071 121
2072 147
2073 128
2074 71
2075 75
2076 89
2077 129
2078 117
2079 148
2080 170
2081 121
2082 137
2083 120
2084 105
2085 146
2086 89
2087 109
2088 79
2089 118
2090 146
2091 116
2092 139
2093 114
2094 137
2095 122
2096 78
2097 127
2098 141
2099 182
2100 76
2101 128
2102 75
2103 122
2104 67
2105 96
2106 114
2107 112
2108 101
2109 152
2110 115
2111 123
2112 180
2113 150
2114 169
2115 185
2116 27
2117 74
2118 155
2119 79
2120 131
2121 149
2122 108
2123 134
2124 131
2125 127
2126 98
2127 104
2128 115
2129 93
2130 129
2131 131
2132 160
2133 114
2134 93
2135 141
2136 141
2137 140
2138 109
2139 123
2140 161
2141 68
2142 102
2143 121
2144 108
2145 129
2146 101
2147 122
2148 135
2149 102
2150 137
2151 104
2152 109
2153 125
2154 122
2155 125
2156 170
2157 129
2158 99
2159 139
2160 126
2161 113
2162 73
2163 114
2164 168
2165 116
2166 159
2167 179
2168 144
2169 122
2170 172
2171 111
2172 118
2173 127
2174 116
2175 69
2176 109
2177 82
2178 127
2179 70
2180 133
2181 86
2182 104
2183 119
2184 157
2185 171
2186 84
2187 118
2188 166
2189 116
2190 140
2191 121
2192 91
2193 137
2194 140
2195 116
2196 98
2197 126
2198 90
2199 76
2200 117
2201 85
2202 120
2203 89
2204 107
2205 89
2206 131
2207 103
2208 140
2209 144
2210 136
2211 96
2212 131
2213 144
2214 126
2215 123
2216 132
2217 106
2218 127
2219 117
2220 131
2221 119
2222 111
2223 121
2224 95
2225 158
2226 132
2227 96
2228 101
2229 92
2230 145
2231 138
2232 101
2233 226
2234 88
2235 121
2236 119
2237 131
2238 94
2239 138
2240 87
2241 151
2242 85
2243 166
2244 158
2245 139
2246 115
2247 135
2248 123
2249 116
2250 188
2251 178
2252 103
2253 126
2254 113
2255 110
2256 85
2257 95
2258 120
2259 144
2260 116
2261 133
2262 61
2263 135
2264 126
2265 80
2266 45
2267 128
2268 107
2269 108
2270 62
2271 109
2272 105
2273 132
2274 110
2275 125
2276 108
2277 113
2278 106
2279 103
2280 107
2281 94
2282 83
2283 147
2284 128
2285 148
2286 127
2287 124
2288 92
2289 107
2290 112
2291 92
2292 117
2293 128
2294 133
2295 111
2296 121
2297 144
2298 112
2299 109
2300 111
2301 127
2302 124
2303 118
2304 134
2305 132
2306 64
2307 122
2308 112
2309 164
2310 94
2311 117
2312 85
2313 89
2314 120
2315 122
2316 96
2317 101
2318 111
2319 129
2320 127
2321 132
2322 132
2323 118
2324 136
2325 110
2326 111
2327 149
2328 90
2329 126
2330 101
2331 160
2332 85
2333 134
2334 83
2335 121
2336 107
2337 95
2338 127
2339 165
2340 123
2341 92
2342 150
2343 108
2344 150
2345 146
2346 98
2347 153
2348 115
2349 150
2350 100
2351 104
2352 171
2353 95
2354 118
2355 75
2356 130
2357 132
2358 97
2359 149
2360 115
2361 50
2362 68
2363 52
2364 101
2365 98
2366 62
2367 128
2368 125
2369 140
2370 115
2371 131
2372 127
2373 122
2374 102
2375 138
2376 69
2377 154
2378 149
2379 113
2380 122
2381 76
2382 19
2383 152
2384 183
2385 71
2386 135
2387 103
2388 166
2389 119
2390 156
2391 75
2392 106
2393 105
2394 148
2395 94
2396 103
2397 170
2398 111
2399 116
2400 119
2401 135
2402 81
2403 104
2404 114
2405 158
2406 59
2407 73
2408 163
2409 173
2410 47
2411 133
2412 109
2413 119
2414 98
2415 123
2416 117
2417 128
2418 122
2419 119
2420 146
2421 81
2422 86
2423 118
2424 51
2425 90
2426 128
2427 94
2428 129
2429 134
2430 126
2431 127
2432 92
2433 99
2434 140
2435 116
2436 109
2437 124
2438 133
2439 127
2440 112
2441 151
2442 138
2443 106
2444 138
2445 71
2446 136
2447 135
2448 161
2449 127
2450 58
2451 177
2452 147
2453 132
2454 140
2455 118
2456 104
2457 72
2458 91
2459 148
2460 124
2461 74
2462 79
2463 140
2464 107
2465 73
2466 111
2467 93
2468 135
2469 87
2470 95
2471 140
2472 145
2473 86
2474 132
2475 126
2476 118
2477 131
2478 163
2479 138
2480 102
2481 100
2482 128
2483 106
2484 108
2485 127
2486 127
2487 138
2488 117
2489 118
2490 140
2491 77
2492 102
2493 141
2494 119
2495 115
2496 111
2497 148
2498 124
2499 91
2500 110
2501 140
2502 125
2503 95
2504 141
2505 85
2506 136
2507 152
2508 141
2509 150
2510 115
2511 138
2512 121
2513 151
2514 191
2515 83
2516 94
2517 121
2518 88
2519 110
2520 76
2521 96
2522 90
2523 111
2524 87
2525 123
2526 137
2527 109
2528 82
2529 112
2530 100
2531 121
2532 110
2533 122
2534 42
2535 153
2536 104
2537 130
2538 113
2539 130
2540 128
2541 112
2542 151
2543 96
2544 122
2545 95
2546 127
2547 149
2548 86
2549 107
2550 124
2551 139
2552 113
2553 114
2554 111
2555 145
2556 103
2557 110
2558 97
2559 170
2560 114
2561 148
2562 99
2563 123
2564 119
2565 142
2566 129
2567 130
2568 134
2569 85
2570 88
2571 161
2572 89
2573 115
2574 139
2575 76
2576 118
2577 155
2578 105
2579 111
2580 113
2581 116
2582 148
2583 140
2584 120
2585 79
2586 175
2587 143
2588 91
2589 133
2590 123
2591 127
2592 139
2593 135
2594 157
2595 134
2596 131
2597 149
2598 67
2599 120
2600 154
2601 142
2602 96
2603 121
2604 115
2605 133
2606 145
2607 117
2608 95
2609 121
2610 153
2611 124
2612 127
2613 161
2614 129
2615 93
2616 87
2617 85
2618 126
2619 78
2620 130
2621 120
2622 103
2623 105
2624 144
2625 105
2626 115
2627 111
2628 101
2629 106
2630 103
2631 114
2632 94
2633 96
2634 110
2635 99
2636 94
2637 114
2638 94
2639 91
2640 87
2641 141
2642 114
2643 151
2644 162
2645 126
2646 156
2647 138
2648 109
2649 136
2650 105
2651 101
2652 102
2653 103
2654 111
2655 141
2656 101
2657 121
2658 125
2659 138
2660 134
2661 117
2662 83
2663 96
2664 108
2665 158
2666 126
2667 139
2668 107
2669 114
2670 118
2671 105
2672 126
2673 113
2674 124
2675 130
2676 95
2677 113
2678 125
2679 140
2680 126
2681 152
2682 137
2683 152
2684 91
2685 126
2686 138
2687 86
2688 123
2689 117
2690 52
2691 157
2692 97
2693 94
2694 141
2695 133
2696 124
2697 152
2698 109
2699 153
2700 110
2701 118
2702 35
2703 118
2704 120
2705 171
2706 102
2707 120
2708 115
2709 123
2710 116
2711 152
2712 140
2713 111
2714 116
2715 135
2716 117
2717 110
2718 93
2719 111
2720 162
2721 151
2722 131
2723 120
2724 143
2725 125
2726 136
2727 90
2728 107
2729 158
2730 130
2731 123
2732 57
2733 115
2734 150
2735 103
2736 76
2737 129
2738 119
2739 106
2740 116
2741 86
2742 109
2743 164
2744 150
2745 109
2746 81
2747 160
2748 151
2749 77
2750 129
2751 102
2752 104
2753 114
2754 84
2755 116
2756 133
2757 141
2758 125
2759 135
2760 147
2761 127
2762 143
2763 90
2764 129
2765 119
2766 88
2767 87
2768 117
2769 135
2770 43
2771 125
2772 128
2773 82
2774 74
2775 114
2776 95
2777 80
2778 98
2779 114
2780 144
2781 118
2782 88
2783 110
2784 129
2785 124
2786 90
2787 125
2788 127
2789 42
2790 105
2791 149
2792 101
2793 82
2794 180
2795 144
2796 184
2797 111
2798 124
2799 121
2800 126
2801 124
2802 121
2803 115
2804 121
2805 135
2806 130
2807 134
2808 165
2809 126
2810 90
2811 117
2812 150
2813 127
2814 193
2815 134
2816 118
2817 116
2818 106
2819 115
2820 77
2821 139
2822 117
2823 127
2824 101
2825 154
2826 142
2827 143
2828 119
2829 107
2830 64
2831 117
2832 79
2833 143
2834 152
2835 89
2836 137
2837 102
2838 101
2839 108
2840 160
2841 119
2842 103
2843 109
2844 97
2845 111
2846 152
2847 78
2848 114
2849 143
2850 127
2851 157
2852 123
2853 104
2854 58
2855 126
2856 132
2857 92
2858 131
2859 108
2860 77
2861 197
2862 147
2863 146
2864 80
2865 83
2866 115
2867 149
2868 139
2869 121
2870 123
2871 138
2872 125
2873 114
2874 123
2875 85
2876 113
2877 113
2878 138
2879 108
2880 92
2881 102
2882 155
2883 104
2884 101
2885 130
2886 123
2887 112
2888 99
2889 91
2890 93
2891 118
2892 121
2893 114
2894 105
2895 104
2896 158
2897 109
2898 67
2899 139
2900 130
2901 105
2902 121
2903 165
2904 143
2905 104
2906 106
2907 101
2908 107
2909 106
2910 141
2911 123
2912 114
2913 112
2914 86
2915 137
2916 129
2917 191
2918 117
2919 111
2920 138
2921 143
2922 113
2923 106
2924 105
2925 142
2926 123
2927 133
2928 136
2929 95
2930 132
2931 116
2932 116
2933 126
2934 99
2935 135
2936 110
2937 104
2938 130
2939 116
2940 92
2941 133
2942 115
2943 150
2944 129
2945 113
2946 110
2947 136
2948 109
2949 121
2950 99
2951 139
2952 97
2953 112
2954 160
2955 136
2956 155
2957 119
2958 80
2959 153
2960 124
2961 149
2962 142
2963 130
2964 138
2965 132
2966 116
2967 75
2968 101
2969 117
2970 142
2971 123
2972 117
2973 125
2974 131
2975 113
2976 158
2977 133
2978 149
2979 177
2980 107
2981 84
2982 150
2983 125
2984 108
2985 127
2986 192
2987 110
2988 131
2989 98
2990 75
2991 128
2992 95
2993 123
2994 168
2995 97
2996 125
2997 122
2998 138
2999 113
3000 79
3001 131
3002 95
3003 130
3004 129
3005 125
3006 82
3007 148
3008 146
3009 107
3010 105
3011 94
3012 71
3013 110
3014 158
3015 130
3016 110
3017 102
3018 121
3019 145
3020 125
3021 106
3022 123
3023 112
3024 122
3025 110
3026 133
3027 140
3028 100
3029 162
3030 90
3031 101
3032 111
3033 135
3034 119
3035 126
3036 143
3037 93
3038 140
3039 92
3040 123
3041 128
3042 125
3043 119
3044 143
3045 113
3046 79
3047 18
3048 132
3049 97
3050 131
3051 149
3052 126
3053 116
3054 123
3055 97
3056 111
3057 98
3058 79
3059 112
3060 134
3061 157
3062 143
3063 99
3064 88
3065 123
3066 122
3067 99
3068 123
3069 110
3070 144
3071 121
3072 158
3073 106
3074 140
3075 111
3076 100
3077 120
3078 119
3079 124
3080 130
3081 155
3082 97
3083 135
3084 148
3085 124
3086 91
3087 118
3088 101
3089 112
3090 142
3091 93
3092 102
3093 97
3094 94
3095 114
3096 99
3097 125
3098 125
3099 106
3100 92
3101 123
3102 120
3103 129
3104 168
3105 110
3106 16
3107 139
3108 136
3109 89
3110 105
3111 128
3112 203
3113 152
3114 115
3115 94
3116 103
3117 111
3118 112
3119 146
3120 176
3121 144
3122 140
3123 68
3124 99
3125 141
3126 95
3127 138
3128 123
3129 101
3130 76
3131 138
3132 112
3133 112
3134 148
3135 130
3136 122
3137 87
3138 131
3139 124
3140 123
3141 137
3142 122
3143 119
3144 134
3145 133
3146 125
3147 130
3148 128
3149 113
3150 126
3151 127
3152 115
3153 151
3154 130
3155 52
3156 155
3157 102
3158 127
3159 105
3160 107
3161 137
3162 103
3163 145
3164 133
3165 99
3166 134
3167 109
3168 119
3169 96
3170 132
3171 129
3172 94
3173 118
3174 70
3175 152
3176 73
3177 141
3178 154
3179 171
3180 93
3181 104
3182 98
3183 112
3184 131
3185 152
3186 128
3187 121
3188 88
3189 103
3190 153
3191 111
3192 125
3193 152
3194 132
3195 119
3196 118
3197 108
3198 114
3199 152
3200 84
3201 149
3202 98
3203 117
3204 51
3205 142
3206 121
3207 165
3208 97
3209 135
3210 151
3211 107
3212 103
3213 135
3214 160
3215 124
3216 166
3217 105
3218 117
3219 86
3220 143
3221 124
3222 108
3223 139
3224 143
3225 99
3226 145
3227 138
3228 81
3229 76
3230 102
3231 128
3232 97
3233 162
3234 128
3235 116
3236 126
3237 126
3238 93
3239 151
3240 135
3241 117
3242 117
3243 104
3244 190
3245 119
3246 107
3247 129
3248 159
3249 28
3250 117
3251 114
3252 103
3253 90
3254 122
3255 92
3256 119
3257 172
3258 110
3259 111
3260 102
3261 86
3262 115
3263 117
3264 144
3265 84
3266 124
3267 147
3268 87
3269 142
3270 114
3271 105
3272 117
3273 140
3274 94
3275 162
3276 107
3277 132
3278 138
3279 116
3280 159
3281 123
3282 162
3283 106
3284 147
3285 125
3286 126
3287 147
3288 100
3289 89
3290 136
3291 145
3292 117
3293 57
3294 80
3295 128
3296 151
3297 138
3298 131
3299 150
3300 135
3301 128
3302 105
3303 103
3304 148
3305 87
3306 142
3307 112
3308 135
3309 128
3310 85
3311 134
3312 136
3313 94
3314 119
3315 137
3316 117
3317 107
3318 141
3319 150
3320 122
3321 80
3322 143
3323 136
3324 154
3325 98
3326 155
3327 110
3328 129
3329 153
3330 102
3331 102
3332 144
3333 123
3334 50
3335 104
3336 93
3337 113
3338 107
3339 119
3340 180
3341 110
3342 116
3343 65
3344 132
3345 135
3346 123
3347 113
3348 146
3349 88
3350 137
3351 115
3352 173
3353 144
3354 117
3355 96
3356 131
3357 185
3358 178
3359 138
3360 111
3361 109
3362 173
3363 111
3364 95
3365 108
3366 119
3367 115
3368 101
3369 114
3370 135
3371 136
3372 100
3373 123
3374 141
3375 137
3376 109
3377 131
3378 67
3379 84
3380 56
3381 113
3382 146
3383 138
3384 134
3385 121
3386 120
3387 124
3388 134
3389 137
3390 99
3391 151
3392 131
3393 139
3394 109
3395 143
3396 124
3397 97
3398 145
3399 137
3400 65
3401 123
3402 91
3403 65
3404 104
3405 156
3406 145
3407 137
3408 119
3409 123
3410 86
3411 104
3412 113
3413 131
3414 98
3415 143
3416 152
3417 105
3418 101
3419 164
3420 104
3421 108
3422 147
3423 55
3424 125
3425 86
3426 120
3427 80
3428 120
3429 115
3430 134
3431 99
3432 108
3433 73
3434 111
3435 135
3436 156
3437 120
3438 97
3439 105
3440 118
3441 153
3442 98
3443 88
3444 115
3445 106
3446 95
3447 114
3448 128
3449 113
3450 111
3451 98
3452 111
3453 158
3454 92
3455 102
3456 122
3457 121
3458 142
3459 116
3460 103
3461 78
3462 75
3463 110
3464 129
3465 175
3466 136
3467 142
3468 140
3469 106
3470 90
3471 93
3472 116
3473 87
3474 140
3475 127
3476 89
3477 180
3478 121
3479 123
3480 51
3481 104
3482 133
3483 142
3484 124
3485 127
3486 158
3487 88
3488 92
3489 96
3490 106
3491 119
3492 124
3493 91
3494 94
3495 229
3496 118
3497 101
3498 147
3499 112
3500 121
3501 172
3502 93
3503 123
3504 186
3505 87
3506 100
3507 127
3508 114
3509 94
3510 180
3511 147
3512 133
3513 198
3514 177
3515 123
3516 37
3517 110
3518 144
3519 175
3520 93
3521 126
3522 106
3523 97
3524 127
3525 116
3526 114
3527 110
3528 116
3529 136
3530 110
3531 105
3532 155
3533 105
3534 55
3535 136
3536 137
3537 120
3538 144
3539 126
3540 106
3541 180
3542 108
3543 91
3544 83
3545 144
3546 163
3547 73
3548 85
3549 102
3550 144
3551 86
3552 139
3553 105
3554 119
3555 119
3556 148
3557 119
3558 144
3559 116
3560 127
3561 132
3562 102
3563 110
3564 218
3565 122
3566 143
3567 143
3568 96
3569 114
3570 135
3571 112
3572 75
3573 101
3574 126
3575 100
3576 93
3577 109
3578 125
3579 97
3580 78
3581 91
3582 121
3583 109
3584 136
3585 122
3586 120
3587 87
3588 128
3589 122
3590 114
3591 117
3592 120
3593 136
3594 83
3595 128
3596 125
3597 120
3598 160
3599 157
3600 99
3601 126
3602 151
3603 129
3604 118
3605 110
3606 123
3607 130
3608 74
3609 116
3610 71
3611 128
3612 106
3613 130
3614 131
3615 120
3616 94
3617 133
3618 113
3619 116
3620 127
3621 127
3622 92
3623 135
3624 115
3625 98
3626 160
3627 149
3628 162
3629 118
3630 85
3631 72
3632 109
3633 146
3634 87
3635 107
3636 129
3637 117
3638 130
3639 30
3640 133
3641 123
3642 92
3643 103
3644 104
3645 94
3646 155
3647 116
3648 148
3649 117
3650 128
3651 129
3652 133
3653 74
3654 135
3655 148
3656 136
3657 113
3658 129
3659 142
3660 90
3661 174
3662 91
3663 50
3664 158
3665 120
3666 116
3667 85
3668 113
3669 134
3670 110
3671 87
3672 123
3673 105
3674 128
3675 129
3676 92
3677 78
3678 141
3679 101
3680 96
3681 140
3682 126
3683 172
3684 125
3685 83
3686 104
3687 101
3688 153
3689 127
3690 118
3691 101
3692 113
3693 96
3694 108
3695 148
3696 0
3697 111
3698 106
3699 153
3700 135
3701 131
3702 110
3703 74
3704 114
3705 103
3706 106
3707 97
3708 123
3709 99
3710 107
3711 100
3712 140
3713 158
3714 147
3715 108
3716 94
3717 101
3718 123
3719 173
3720 99
3721 73
3722 140
3723 166
3724 99
3725 76
3726 105
3727 96
3728 142
3729 155
3730 176
3731 80
3732 124
3733 118
3734 156
3735 129
3736 149
3737 107
3738 114
3739 122
3740 141
3741 97
3742 123
3743 125
3744 110
3745 91
3746 93
3747 124
3748 97
3749 129
3750 0
3751 106
3752 113
3753 117
3754 136
3755 126
3756 130
3757 115
3758 134
3759 145
3760 134
3761 102
3762 133
3763 140
3764 144
3765 126
3766 103
3767 135
3768 109
3769 143
3770 122
3771 114
3772 155
3773 122
3774 166
3775 119
3776 143
3777 78
3778 75
3779 128
3780 109
3781 134
3782 126
3783 141
3784 111
3785 121
3786 93
3787 93
3788 78
3789 102
3790 86
3791 94
3792 140
3793 105
3794 144
3795 155
3796 114
3797 105
3798 94
3799 139
3800 118
3801 111
3802 155
3803 101
3804 131
3805 82
3806 124
3807 129
3808 116
3809 135
3810 102
3811 161
3812 126
3813 184
3814 143
3815 151
3816 93
3817 86
3818 110
3819 138
3820 105
3821 103
3822 102
3823 182
3824 106
3825 81
3826 108
3827 106
3828 126
3829 97
3830 131
3831 55
3832 106
3833 63
3834 143
3835 104
3836 85
3837 138
3838 85
3839 108
3840 108
3841 128
3842 147
3843 125
3844 109
3845 144
3846 114
3847 126
3848 103
3849 118
3850 118
3851 69
3852 147
3853 123
3854 116
3855 147
3856 124
3857 141
3858 121
3859 107
3860 116
3861 155
3862 119
3863 116
3864 144
3865 103
3866 119
3867 142
3868 133
3869 109
3870 151
3871 111
3872 122
3873 143
3874 100
3875 137
3876 97
3877 134
3878 106
3879 118
3880 119
3881 133
3882 153
3883 113
3884 106
3885 245
3886 89
3887 140
3888 90
3889 151
3890 123
3891 98
3892 127
3893 98
3894 98
3895 68
3896 74
3897 85
3898 76
3899 213
3900 112
3901 115
3902 108
3903 77
3904 112
3905 115
3906 151
3907 130
3908 120
3909 95
3910 139
3911 162
3912 118
3913 140
3914 162
3915 109
3916 128
3917 81
3918 118
3919 102
3920 111
3921 133
3922 116
3923 144
3924 122
3925 86
3926 115
3927 167
3928 76
3929 141
3930 104
3931 113
3932 140
3933 82
3934 131
3935 156
3936 127
3937 114
3938 107
3939 104
3940 150
3941 103
3942 108
3943 125
3944 74
3945 159
3946 157
3947 107
3948 112
3949 95
3950 114
3951 100
3952 145
3953 132
3954 113
3955 67
3956 120
3957 40
3958 75
3959 67
3960 111
3961 144
3962 76
3963 110
3964 127
3965 116
3966 107
3967 119
3968 12
3969 113
3970 110
3971 98
3972 111
3973 121
3974 102
3975 106
3976 174
3977 154
3978 135
3979 171
3980 152
3981 130
3982 64
3983 106
3984 121
3985 136
3986 129
3987 113
3988 124
3989 135
3990 125
3991 172
3992 135
3993 135
3994 115
3995 134
3996 140
3997 129
3998 108
3999 47
4000 114
4001 54
4002 135
4003 116
4004 181
4005 181
4006 133
4007 155
4008 120
4009 113
4010 130
4011 133
4012 110
4013 191
4014 106
4015 85
4016 147
4017 124
4018 111
4019 133
4020 107
4021 111
4022 112
4023 127
4024 97
4025 89
4026 110
4027 123
4028 116
4029 106
4030 147
4031 115
4032 110
4033 171
4034 133
4035 114
4036 108
4037 116
4038 98
4039 59
4040 102
4041 113
4042 123
4043 103
4044 110
4045 113
4046 129
4047 127
4048 119
4049 119
4050 141
4051 121
4052 136
4053 104
4054 125
4055 103
4056 110
4057 125
4058 106
4059 103
4060 110
4061 162
4062 120
4063 141
4064 106
4065 123
4066 153
4067 126
4068 116
4069 144
4070 86
4071 100
4072 111
4073 65
4074 114
4075 67
4076 144
4077 138
4078 116
4079 139
4080 121
4081 165
4082 129
4083 95
4084 115
4085 133
4086 197
4087 31
4088 130
4089 80
4090 84
4091 69
4092 170
4093 112
4094 110
4095 57
4096 116
4097 62
4098 67
4099 116
4100 128
4101 56
4102 69
4103 132
4104 124
4105 107
4106 99
4107 129
4108 139
4109 110
4110 101
4111 121
4112 126
4113 132
4114 124
4115 132
4116 149
4117 178
4118 143
4119 124
4120 121
4121 111
4122 141
4123 123
4124 128
4125 89
4126 128
4127 132
4128 87
4129 130
4130 126
4131 108
4132 128
4133 168
4134 123
4135 146
4136 155
4137 67
4138 114
4139 125
4140 103
4141 104
4142 125
4143 146
4144 92
4145 162
4146 126
4147 132
4148 118
4149 151
4150 89
4151 118
4152 76
4153 115
4154 90
4155 95
4156 71
4157 74
4158 133
4159 111
4160 76
4161 74
4162 87
4163 133
4164 135
4165 129
4166 143
4167 91
4168 138
4169 134
4170 109
4171 125
4172 95
4173 140
4174 57
4175 131
4176 115
4177 145
4178 148
4179 148
4180 133
4181 141
4182 138
4183 72
4184 75
4185 101
4186 141
4187 103
4188 147
4189 108
4190 90
4191 98
4192 90
4193 80
4194 128
4195 140
4196 122
4197 104
4198 117
4199 161
4200 139
4201 43
4202 135
4203 119
4204 115
4205 112
4206 170
4207 99
4208 117
4209 119
4210 118
4211 124
4212 131
4213 120
4214 108
4215 120
4216 106
4217 143
4218 120
4219 128
4220 116
4221 128
4222 113
4223 100
4224 103
4225 69
4226 87
4227 115
4228 126
4229 99
4230 129
4231 145
4232 105
4233 153
4234 110
4235 142
4236 139
4237 132
4238 150
4239 126
4240 124
4241 120
4242 113
4243 114
4244 122
4245 131
4246 120
4247 144
4248 100
4249 91
4250 128
4251 166
4252 113
4253 112
4254 91
4255 115
4256 114
4257 151
4258 121
4259 118
4260 116
4261 131
4262 113
4263 92
4264 103
4265 179
4266 126
4267 101
4268 107
4269 89
4270 152
4271 133
4272 82
4273 86
4274 146
4275 165
4276 126
4277 120
4278 120
4279 115
4280 61
4281 100
4282 124
4283 148
4284 127
4285 105
4286 97
4287 172
4288 135
4289 118
4290 117
4291 60
4292 118
4293 135
4294 120
4295 105
4296 111
4297 150
4298 113
4299 115
4300 112
4301 133
4302 155
4303 130
4304 147
4305 107
4306 77
4307 116
4308 124
4309 149
4310 127
4311 121
4312 120
4313 97
4314 114
4315 131
4316 106
4317 131
4318 123
4319 88
4320 125
4321 123
4322 107
4323 90
4324 149
4325 119
4326 102
4327 129
4328 158
4329 144
4330 110
4331 124
4332 94
4333 142
4334 130
4335 135
4336 47
4337 129
4338 164
4339 95
4340 88
4341 88
4342 117
4343 121
4344 114
4345 112
4346 127
4347 126
4348 94
4349 129
4350 152
4351 127
4352 159
4353 124
4354 118
4355 150
4356 152
4357 109
4358 85
4359 20
4360 60
4361 118
4362 101
4363 109
4364 155
4365 139
4366 106
4367 141
4368 44
4369 144
4370 109
4371 136
4372 106
4373 149
4374 107
4375 142
4376 122
4377 106
4378 149
4379 125
4380 125
4381 130
4382 81
4383 104
4384 118
4385 143
4386 72
4387 129
4388 199
4389 59
4390 128
4391 73
4392 109
4393 91
4394 108
4395 142
4396 67
4397 138
4398 107
4399 103
4400 138
4401 102
4402 125
4403 109
4404 119
4405 78
4406 89
4407 139
4408 97
4409 108
4410 66
4411 138
4412 121
4413 133
4414 101
4415 167
4416 141
4417 94
4418 135
4419 143
4420 153
4421 65
4422 103
4423 110
4424 182
4425 155
4426 130
4427 102
4428 91
4429 127
4430 149
4431 146
4432 131
4433 118
4434 109
4435 135
4436 138
4437 124
4438 148
4439 153
4440 61
4441 160
4442 114
4443 93
4444 91
4445 153
4446 123
4447 129
4448 138
4449 122
4450 139
4451 114
4452 145
4453 145
4454 124
4455 112
4456 104
4457 106
4458 113
4459 128
4460 112
4461 136
4462 105
4463 119
4464 114
4465 97
4466 140
4467 109
4468 140
4469 136
4470 117
4471 93
4472 112
4473 159
4474 83
4475 121
4476 95
4477 90
4478 134
4479 91
4480 92
4481 123
4482 100
4483 131
4484 59
4485 94
4486 103
4487 104
4488 0
4489 116
4490 125
4491 118
4492 93
4493 116
4494 101
4495 88
4496 117
4497 120
4498 107
4499 73
4500 114
4501 122
4502 168
4503 104
4504 148
4505 110
4506 115
4507 93
4508 134
4509 80
4510 114
4511 125
4512 122
4513 146
4514 122
4515 124
4516 114
4517 109
4518 129
4519 120
4520 131
4521 91
4522 118
4523 147
4524 123
4525 174
4526 62
4527 157
4528 117
4529 98
4530 113
4531 122
4532 126
4533 119
4534 75
4535 113
4536 129
4537 127
4538 94
4539 97
4540 130
4541 90
4542 136
4543 119
4544 104
4545 156
4546 67
4547 105
4548 90
4549 119
4550 126
4551 122
4552 75
4553 156
4554 95
4555 140
4556 110
4557 155
4558 134
4559 109
4560 129
4561 117
4562 50
4563 101
4564 152
4565 121
4566 94
4567 104
4568 126
4569 108
4570 86
4571 162
4572 148
4573 124
4574 131
4575 155
4576 77
4577 102
4578 103
4579 132
4580 79
4581 92
4582 126
4583 115
4584 126
4585 122
4586 91
4587 141
4588 98
4589 60
4590 136
4591 107
4592 114
4593 126
4594 139
4595 128
4596 173
4597 113
4598 117
4599 134
4600 139
4601 150
4602 136
4603 136
4604 94
4605 139
4606 98
4607 117
4608 153
4609 165
4610 139
4611 105
4612 134
4613 140
4614 70
4615 89
4616 63
4617 113
4618 100
4619 107
4620 116
4621 120
4622 122
4623 119
4624 77
4625 142
4626 110
4627 118
4628 24
4629 63
4630 130
4631 158
4632 129
4633 134
4634 135
4635 170
4636 121
4637 100
4638 106
4639 97
4640 117
4641 144
4642 114
4643 168
4644 94
4645 136
4646 141
4647 150
4648 132
4649 125
4650 122
4651 147
4652 94
4653 117
4654 104
4655 116
4656 125
4657 94
4658 173
4659 102
4660 102
4661 117
4662 105
4663 149
4664 116
4665 141
4666 147
4667 138
4668 122
4669 153
4670 164
4671 121
4672 97
4673 135
4674 119
4675 73
4676 107
4677 139
4678 123
4679 139
4680 110
4681 168
4682 130
4683 132
4684 133
4685 115
4686 131
4687 147
4688 111
4689 100
4690 106
4691 160
4692 125
4693 110
4694 134
4695 141
4696 154
4697 138
4698 96
4699 138
4700 121
4701 145
4702 91
4703 147
4704 108
4705 159
4706 114
4707 58
4708 98
4709 120
4710 148
4711 137
4712 71
4713 104
4714 43
4715 131
4716 114
4717 35
4718 112
4719 108
4720 123
4721 110
4722 137
4723 105
4724 70
4725 139
4726 58
4727 103
4728 104
4729 132
4730 151
4731 147
4732 126
4733 108
4734 128
4735 115
4736 115
4737 137
4738 87
4739 110
4740 113
4741 171
4742 107
4743 135
4744 132
4745 95
4746 130
4747 103
4748 119
4749 124
4750 114
4751 135
4752 134
4753 88
4754 97
4755 141
4756 169
4757 156
4758 116
4759 115
4760 110
4761 110
4762 95
4763 127
4764 183
4765 113
4766 65
4767 114
4768 133
4769 119
4770 148
4771 113
4772 132
4773 174
4774 110
4775 138
4776 117
4777 116
4778 123
4779 123
4780 118
4781 138
4782 122
4783 144
4784 124
4785 140
4786 123
4787 118
4788 181
4789 134
4790 109
4791 91
4792 128
4793 105
4794 132
4795 83
4796 99
4797 142
4798 128
4799 127
4800 145
4801 134
4802 109
4803 59
4804 120
4805 82
4806 162
4807 69
4808 108
4809 96
4810 127
4811 123
4812 139
4813 140
4814 146
4815 73
4816 111
4817 131
4818 120
4819 111
4820 109
4821 107
4822 161
4823 131
4824 122
4825 122
4826 123
4827 137
4828 98
4829 100
4830 159
4831 105
4832 117
4833 97
4834 81
4835 92
4836 54
4837 120
4838 157
4839 134
4840 111
4841 124
4842 124
4843 151
4844 118
4845 95
4846 139
4847 93
4848 141
4849 125
4850 86
4851 134
4852 84
4853 109
4854 114
4855 117
4856 109
4857 179
4858 111
4859 120
4860 120
4861 127
4862 180
4863 139
4864 67
4865 131
4866 214
4867 83
4868 145
4869 119
4870 129
4871 149
4872 112
4873 110
4874 119
4875 136
4876 124
4877 128
4878 127
4879 132
4880 104
4881 66
4882 133
4883 115
4884 87
4885 129
4886 93
4887 118
4888 134
4889 166
4890 82
4891 89
4892 115
4893 120
4894 99
4895 131
4896 139
4897 112
4898 133
4899 135
4900 155
4901 103
4902 99
4903 138
4904 114
4905 113
4906 128
4907 75
4908 118
4909 28
4910 116
4911 109
4912 158
4913 129
4914 112
4915 172
4916 104
4917 109
4918 119
4919 99
4920 152
4921 120
4922 109
4923 100
4924 95
4925 106
4926 143
4927 121
4928 114
4929 86
4930 101
4931 94
4932 121
4933 132
4934 155
4935 103
4936 109
4937 88
4938 134
4939 97
4940 141
4941 89
4942 119
4943 107
4944 100
4945 97
4946 79
4947 95
4948 91
4949 123
4950 73
4951 116
4952 108
4953 147
4954 129
4955 133
4956 127
4957 125
4958 123
4959 87
4960 154
4961 107
4962 89
4963 111
4964 126
4965 99
4966 93
4967 152
4968 114
4969 141
4970 198
4971 118
4972 121
4973 118
4974 83
4975 134
4976 97
4977 99
4978 173
4979 119
4980 142
4981 87
4982 146
4983 79
4984 78
4985 102
4986 107
4987 142
4988 110
4989 119
4990 102
4991 129
4992 158
4993 109
4994 94
4995 86
4996 67
4997 150
4998 107
4999 165
5000 123
5001 127
5002 121
5003 105
5004 130
5005 137
5006 119
5007 123
5008 103
5009 146
5010 122
5011 107
5012 104
5013 122
5014 148
5015 74
5016 121
5017 126
5018 106
5019 115
5020 41
5021 137
5022 95
5023 127
5024 117
5025 121
5026 107
5027 99
5028 77
5029 138
5030 197
5031 107
5032 143
5033 99
5034 142
5035 170
5036 131
5037 152
5038 124
5039 102
5040 142
5041 107
5042 122
5043 153
5044 114
5045 112
5046 152
5047 152
5048 117
5049 118
5050 91
5051 168
5052 166
5053 125
5054 116
5055 141
5056 88
5057 124
5058 134
5059 115
5060 143
5061 125
5062 126
5063 145
5064 126
5065 121
5066 109
5067 124
5068 94
5069 143
5070 129
5071 48
5072 127
5073 141
5074 102
5075 149
5076 112
5077 119
5078 149
5079 67
5080 122
5081 124
5082 58
5083 114
5084 76
5085 142
5086 120
5087 122
5088 125
5089 143
5090 104
5091 174
5092 114
5093 120
5094 130
5095 130
5096 110
5097 137
5098 107
5099 86
5100 113
5101 133
5102 102
5103 118
5104 137
5105 100
5106 86
5107 123
5108 111
5109 134
5110 139
5111 152
5112 125
5113 128
5114 132
5115 116
5116 137
5117 108
5118 133
5119 137
5120 113
5121 156
5122 42
5123 152
5124 123
5125 165
5126 102
5127 129
5128 117
5129 124
5130 63
5131 202
5132 140
5133 96
5134 118
5135 82
5136 127
5137 93
5138 190
5139 116
5140 80
5141 121
5142 121
5143 139
5144 116
5145 47
5146 150
5147 100
5148 124
5149 120
5150 117
5151 122
5152 88
5153 162
5154 119
5155 114
5156 153
5157 110
5158 74
5159 112
5160 161
5161 107
5162 96
5163 136
5164 82
5165 132
5166 111
5167 96
5168 95
5169 126
5170 85
5171 122
5172 112
5173 155
5174 114
5175 157
5176 109
5177 132
5178 116
5179 110
5180 147
5181 118
5182 95
5183 95
5184 91
5185 146
5186 113
5187 94
5188 77
5189 131
5190 85
5191 112
5192 112
5193 124
5194 123
5195 103
5196 101
5197 104
5198 72
5199 101
5200 105
5201 118
5202 96
5203 130
5204 103
5205 145
5206 160
5207 100
5208 98
5209 137
5210 146
5211 106
5212 124
5213 146
5214 110
5215 114
5216 38
5217 119
5218 121
5219 86
5220 142
5221 45
5222 126
5223 102
5224 98
5225 131
5226 122
5227 114
5228 87
5229 116
5230 171
5231 105
5232 114
5233 114
5234 125
5235 124
5236 141
5237 92
5238 93
5239 101
5240 155
5241 142
5242 107
5243 143
5244 162
5245 130
5246 111
5247 126
5248 116
5249 78
5250 99
5251 202
5252 85
5253 113
5254 128
5255 123
5256 148
5257 133
5258 109
5259 151
5260 153
5261 112
5262 117
5263 147
5264 162
5265 121
5266 87
5267 112
5268 166
5269 101
5270 135
5271 183
5272 108
5273 171
5274 151
5275 117
5276 81
5277 108
5278 125
5279 93
5280 121
5281 92
5282 193
5283 137
5284 126
5285 110
5286 102
5287 125
5288 119
5289 153
5290 122
5291 149
5292 121
5293 81
5294 125
5295 77
5296 139
5297 106
5298 99
5299 117
5300 129
5301 84
5302 97
5303 123
5304 184
5305 110
5306 119
5307 106
5308 150
5309 110
5310 136
5311 129
5312 154
5313 110
5314 111
5315 161
5316 137
5317 128
5318 172
5319 105
5320 115
5321 136
5322 124
5323 106
5324 136
5325 138
5326 158
5327 111
5328 76
5329 112
5330 82
5331 95
5332 165
5333 99
5334 158
5335 80
5336 112
5337 116
5338 143
5339 102
5340 121
5341 95
5342 121
5343 114
5344 133
5345 129
5346 118
5347 170
5348 67
5349 137
5350 151
5351 95
5352 136
5353 96
5354 107
5355 126
5356 123
5357 154
5358 113
5359 132
5360 136
5361 88
5362 132
5363 135
5364 112
5365 144
5366 124
5367 130
5368 164
5369 141
5370 150
5371 138
5372 110
5373 67
5374 102
5375 79
5376 143
5377 111
5378 157
5379 111
5380 76
5381 125
5382 132
5383 121
5384 149
5385 146
5386 103
5387 164
5388 103
5389 81
5390 101
5391 144
5392 134
5393 112
5394 138
5395 131
5396 178
5397 121
5398 121
5399 149
5400 133
5401 102
5402 109
5403 165
5404 119
5405 91
5406 125
5407 118
5408 99
5409 103
5410 87
5411 101
5412 109
5413 107
5414 111
5415 108
5416 117
5417 180
5418 92
5419 114
5420 127
5421 112
5422 113
5423 92
5424 112
5425 128
5426 104
5427 115
5428 179
5429 100
5430 119
5431 73
5432 104
5433 148
5434 152
5435 158
5436 108
5437 119
5438 119
5439 98
5440 132
5441 95
5442 149
5443 123
5444 136
5445 71
5446 137
5447 116
5448 70
5449 173
5450 105
5451 79
5452 113
5453 108
5454 134
5455 139
5456 201
5457 105
5458 156
5459 131
5460 172
5461 97
5462 143
5463 105
5464 130
5465 146
5466 109
5467 91
5468 142
5469 135
5470 84
5471 74
5472 88
5473 70
5474 177
5475 106
5476 96
5477 78
5478 109
5479 115
5480 151
5481 103
5482 136
5483 123
5484 95
5485 126
5486 148
5487 150
5488 111
5489 103
5490 107
5491 138
5492 80
5493 122
5494 123
5495 137
5496 111
5497 114
5498 130
5499 136
5500 157
5501 93
5502 141
5503 131
5504 125
5505 172
5506 109
5507 149
5508 140
5509 46
5510 165
5511 88
5512 114
5513 137
5514 113
5515 76
5516 132
5517 114
5518 100
5519 162
5520 142
5521 117
5522 112
5523 114
5524 173
5525 134
5526 128
5527 134
5528 131
5529 100
5530 106
5531 144
5532 104
5533 94
5534 74
5535 50
5536 121
5537 120
5538 85
5539 135
5540 94
5541 127
5542 130
5543 87
5544 125
5545 63
5546 135
5547 141
5548 127
5549 91
5550 115
5551 126
5552 107
5553 111
5554 112
5555 121
5556 94
5557 124
5558 144
5559 120
5560 122
5561 125
5562 123
5563 120
5564 123
5565 80
5566 123
5567 148
5568 128
5569 83
5570 77
5571 93
5572 120
5573 114
5574 120
5575 133
5576 125
5577 129
5578 87
5579 93
5580 132
5581 98
5582 106
5583 149
5584 80
5585 97
5586 104
5587 98
5588 123
5589 101
5590 102
5591 94
5592 135
5593 133
5594 131
5595 111
5596 143
5597 131
5598 108
5599 152
5600 109
5601 132
5602 183
5603 140
5604 108
5605 128
5606 126
5607 133
5608 73
5609 96
5610 75
5611 122
5612 135
5613 94
5614 126
5615 111
5616 85
5617 75
5618 174
5619 118
5620 141
5621 80
5622 120
5623 83
5624 126
5625 78
5626 115
5627 111
5628 129
5629 131
5630 121
5631 111
5632 145
5633 117
5634 127
5635 136
5636 109
5637 147
5638 102
5639 103
5640 156
5641 116
5642 173
5643 119
5644 118
5645 90
5646 160
5647 98
5648 135
5649 0
5650 122
5651 98
5652 111
5653 116
5654 115
5655 118
5656 144
5657 139
5658 118
5659 90
5660 97
5661 124
5662 133
5663 131
5664 118
5665 90
5666 128
5667 93
5668 138
5669 119
5670 134
5671 156
5672 92
5673 84
5674 122
5675 154
5676 127
5677 120
5678 209
5679 132
5680 97
5681 120
5682 133
5683 138
5684 111
5685 170
5686 110
5687 120
5688 101
5689 98
5690 120
5691 142
5692 134
5693 74
5694 83
5695 107
5696 129
5697 161
5698 94
5699 91
5700 115
5701 118
5702 161
5703 126
5704 137
5705 113
5706 110
5707 141
5708 142
5709 108
5710 117
5711 130
5712 140
5713 135
5714 98
5715 107
5716 138
5717 124
5718 122
5719 113
5720 78
5721 122
5722 131
5723 77
5724 74
5725 113
5726 100
5727 124
5728 133
5729 82
5730 112
5731 123
5732 121
5733 151
5734 155
5735 149
5736 80
5737 184
5738 123
5739 138
5740 136
5741 99
5742 132
5743 109
5744 109
5745 166
5746 166
5747 159
5748 148
5749 142
5750 89
5751 154
5752 73
5753 95
5754 133
5755 106
5756 133
5757 153
5758 121
5759 153
5760 197
5761 147
5762 138
5763 135
5764 93
5765 105
5766 128
5767 71
5768 126
5769 95
5770 89
5771 139
5772 97
5773 93
5774 98
5775 151
5776 133
5777 107
5778 53
5779 89
5780 185
5781 103
5782 111
5783 109
5784 113
5785 95
5786 144
5787 115
5788 96
5789 120
5790 82
5791 103
5792 130
5793 130
5794 80
5795 117
5796 122
5797 81
5798 125
5799 113
5800 111
5801 130
5802 84
5803 126
5804 192
5805 120
5806 87
5807 143
5808 96
5809 132
5810 132
5811 101
5812 158
5813 160
5814 141
5815 112
5816 113
5817 131
5818 160
5819 85
5820 129
5821 119
5822 98
5823 146
5824 100
5825 158
5826 83
5827 129
5828 121
5829 119
5830 135
5831 85
5832 97
5833 71
5834 119
5835 104
5836 111
5837 117
5838 29
5839 109
5840 97
5841 125
5842 118
5843 128
5844 103
5845 137
5846 70
5847 135
5848 159
5849 103
5850 142
5851 120
5852 130
5853 142
5854 143
5855 115
5856 137
5857 130
5858 143
5859 53
5860 122
5861 129
5862 109
5863 170
5864 140
5865 128
5866 129
5867 113
5868 102
5869 116
5870 142
5871 136
5872 104
5873 129
5874 102
5875 122
5876 89
5877 114
5878 47
5879 153
5880 138
5881 116
5882 97
5883 123
5884 120
5885 77
5886 137
5887 99
5888 131
5889 76
5890 136
5891 130
5892 45
5893 129
5894 126
5895 99
5896 107
5897 129
5898 89
5899 119
5900 118
5901 102
5902 122
5903 121
5904 159
5905 136
5906 153
5907 139
5908 137
5909 95
5910 107
5911 23
5912 154
5913 144
5914 120
5915 152
5916 141
5917 129
5918 56
5919 84
5920 97
5921 123
5922 105
5923 142
5924 108
5925 118
5926 112
5927 125
5928 116
5929 108
5930 83
5931 75
5932 117
5933 127
5934 110
5935 141
5936 136
5937 128
5938 136
5939 152
5940 107
5941 80
5942 121
5943 11
5944 95
5945 141
5946 120
5947 45
5948 111
5949 152
5950 131
5951 98
5952 179
5953 154
5954 99
5955 132
5956 135
5957 56
5958 97
5959 112
5960 89
5961 132
5962 106
5963 97
5964 122
5965 124
5966 139
5967 112
5968 83
5969 80
5970 136
5971 180
5972 107
5973 72
5974 131
5975 181
5976 139
5977 133
5978 96
5979 162
5980 126
5981 107
5982 118
5983 123
5984 109
5985 127
5986 119
5987 120
5988 100
5989 125
5990 107
5991 132
5992 123
5993 87
5994 144
5995 100
5996 126
5997 112
5998 111
5999 90
6000 113
6001 114
6002 98
6003 120
6004 99
6005 123
6006 140
6007 133
6008 118
6009 3
6010 139
6011 133
6012 101
6013 179
6014 140
6015 129
6016 108
6017 76
6018 84
6019 124
6020 115
6021 132
6022 111
6023 120
6024 92
6025 104
6026 88
6027 151
6028 117
6029 126
6030 93
6031 144
6032 104
6033 134
6034 174
6035 114
6036 91
6037 121
6038 114
6039 112
6040 164
6041 96
6042 128
6043 118
6044 146
6045 72
6046 0
6047 66
6048 111
6049 152
6050 115
6051 124
6052 117
6053 98
6054 122
6055 130
6056 112
6057 62
6058 140
6059 111
6060 80
6061 79
6062 127
6063 107
6064 125
6065 128
6066 134
6067 149
6068 102
6069 135
6070 125
6071 133
6072 126
6073 134
6074 110
6075 94
6076 141
6077 104
6078 135
6079 112
6080 114
6081 128
6082 135
6083 99
6084 133
6085 188
6086 58
6087 132
6088 151
6089 124
6090 147
6091 155
6092 113
6093 86
6094 174
6095 128
6096 77
6097 118
6098 139
6099 117
6100 111
6101 121
6102 100
6103 99
6104 101
6105 111
6106 119
6107 156
6108 71
6109 65
6110 117
6111 105
6112 105
6113 137
6114 143
6115 57
6116 86
6117 103
6118 103
6119 106
6120 117
6121 136
6122 127
6123 90
6124 86
6125 138
6126 120
6127 104
6128 122
6129 114
6130 107
6131 123
6132 71
6133 99
6134 105
6135 117
6136 135
6137 130
6138 125
6139 102
6140 119
6141 133
6142 142
6143 112
6144 125
6145 102
6146 152
6147 99
6148 124
6149 103
6150 148
6151 125
6152 108
6153 119
6154 98
6155 79
6156 113
6157 121
6158 140
6159 93
6160 138
6161 141
6162 96
6163 116
6164 65
6165 98
6166 152
6167 107
6168 104
6169 120
6170 120
6171 105
6172 204
6173 141
6174 67
6175 116
6176 116
6177 106
6178 120
6179 106
6180 105
6181 137
6182 9
6183 141
6184 92
6185 136
6186 127
6187 124
6188 126
6189 138
6190 121
6191 137
6192 129
6193 80
6194 109
6195 144
6196 114
6197 114
6198 105
6199 181
6200 114
6201 114
6202 127
6203 154
6204 99
6205 95
6206 118
6207 96
6208 139
6209 133
6210 150
6211 99
6212 69
6213 126
6214 158
6215 181
6216 138
6217 108
6218 115
6219 141
6220 105
6221 136
6222 122
6223 128
6224 89
6225 132
6226 115
6227 110
6228 122
6229 161
6230 108
6231 88
6232 123
6233 100
6234 102
6235 127
6236 91
6237 87
6238 127
6239 79
6240 106
6241 125
6242 124
6243 121
6244 132
6245 104
6246 170
6247 135
6248 126
6249 121
6250 117
6251 92
6252 130
6253 129
6254 126
6255 123
6256 136
6257 141
6258 116
6259 214
6260 126
6261 148
6262 97
6263 112
6264 118
6265 64
6266 115
6267 106
6268 149
6269 124
6270 79
6271 117
6272 120
6273 141
6274 159
6275 132
6276 87
6277 91
6278 111
6279 135
6280 125
6281 133
6282 169
6283 172
6284 113
6285 132
6286 120
6287 165
6288 98
6289 101
6290 89
6291 118
6292 105
6293 92
6294 149
6295 95
6296 126
6297 97
6298 109
6299 93
6300 125
6301 129
6302 92
6303 111
6304 157
6305 104
6306 113
6307 106
6308 177
6309 69
6310 113
6311 159
6312 106
6313 99
6314 118
6315 100
6316 128
6317 134
6318 137
6319 144
6320 121
6321 136
6322 130
6323 158
6324 74
6325 130
6326 148
6327 92
6328 113
6329 199
6330 125
6331 113
6332 122
6333 139
6334 133
6335 134
6336 62
6337 104
6338 109
6339 99
6340 113
6341 106
6342 114
6343 103
6344 82
6345 153
6346 123
6347 112
6348 169
6349 86
6350 96
6351 80
6352 113
6353 133
6354 182
6355 117
6356 132
6357 123
6358 147
6359 123
6360 138
6361 87
6362 118
6363 138
6364 99
6365 135
6366 102
6367 84
6368 125
6369 120
6370 147
6371 207
6372 103
6373 157
6374 116
6375 144
6376 71
6377 139
6378 118
6379 116
6380 152
6381 119
6382 109
6383 119
6384 125
6385 88
6386 117
6387 132
6388 118
6389 146
6390 100
6391 125
6392 137
6393 75
6394 151
6395 88
6396 142
6397 94
6398 155
6399 125
