Vertices: 7800
Edges: 54600
Time: 2,220 ms
Iterations: 54539
Vertex Distance
0 0
1 204
2 199
3 234
4 199
5 185
6 175
7 209
8 216
9 214
10 218
11 201
12 195
13 171
14 216
15 201
16 240
17 194
18 179
19 201
20 183
21 240
22 222
23 208
24 217
25 188
26 187
27 197
28 125
29 214
30 175
31 244
32 177
33 245
34 239
35 222
36 112
37 212
38 220
39 195
40 154
41 209
42 243
43 194
44 189
45 216
46 259
47 194
48 240
49 223
50 213
51 276
52 0
53 199
54 214
55 215
56 182
57 205
58 211
59 233
60 135
61 214
62 167
63 214
64 210
65 241
66 208
67 226
68 209
69 153
70 243
71 222
72 192
73 221
74 189
75 230
76 212
77 251
78 226
79 241
80 193
81 230
82 208
83 239
84 239
85 208
86 223
87 209
88 206
89 182
90 204
91 262
92 232
93 214
94 211
95 204
96 219
97 216
98 189
99 227
100 254
101 176
102 244
103 201
104 156
105 208
106 234
107 244
108 192
109 225
110 217
111 220
112 222
113 224
114 187
115 240
116 214
117 303
118 210
119 233
120 213
121 200
122 230
123 197
124 190
125 197
126 200
127 279
128 143
129 244
130 224
131 229
132 237
133 196
134 226
135 263
136 236
137 217
138 191
139 220
140 152
141 199
142 204
143 232
144 223
145 211
146 244
147 217
148 240
149 211
150 203
151 238
152 212
153 228
154 219
155 190
156 274
157 233
158 180
159 196
160 213
161 178
162 238
163 178
164 206
165 194
166 189
167 224
168 232
169 208
170 193
171 205
172 196
173 216
174 190
175 190
176 185
177 193
178 224
179 217
180 187
181 238
182 206
183 191
184 182
185 233
186 200
187 206
188 206
189 159
190 212
191 152
192 229
193 171
194 223
195 217
196 217
197 216
198 212
199 197
200 188
201 189
202 214
203 238
204 207
205 217
206 240
207 214
208 183
209 217
210 201
211 199
212 200
213 240
214 260
215 239
216 218
217 241
218 223
219 186
220 181
221 211
222 210
223 216
224 197
225 250
226 217
227 208
228 217
229 211
230 223
231 157
232 221
233 227
234 217
235 218
236 199
237 217
238 212
239 250
240 219
241 188
242 266
243 198
244 194
245 171
246 225
247 141
248 234
249 195
250 176
251 227
252 187
253 278
254 200
255 170
256 206
257 227
258 193
259 216
260 201
261 206
262 213
263 237
264 200
265 223
266 200
267 211
268 208
269 209
270 203
271 234
272 229
273 219
274 203
275 187
276 188
277 186
278 197
279 195
280 129
281 174
282 210
283 192
284 237
285 181
286 231
287 224
288 204
289 180
290 174
291 160
292 199
293 226
294 211
295 238
296 230
297 160
298 217
299 220
300 190
301 202
302 191
303 190
304 219
305 266
306 224
307 200
308 221
309 220
310 235
311 202
312 206
313 234
314 203
315 207
316 253
317 188
318 199
319 205
320 145
321 182
322 216
323 231
324 198
325 206
326 218
327 199
328 176
329 218
330 224
331 235
332 201
333 209
334 241
335 233
336 179
337 216
338 203
339 163
340 253
341 225
342 210
343 139
344 222
345 266
346 166
347 161
348 191
349 201
350 210
351 218
352 203
353 200
354 232
355 196
356 201
357 175
358 219
359 204
360 219
361 189
362 215
363 266
364 232
365 213
366 228
367 199
368 203
369 209
370 201
371 236
372 237
373 214
374 217
375 176
376 198
377 184
378 208
379 246
380 221
381 225
382 241
383 194
384 167
385 169
386 199
387 253
388 196
389 209
390 213
391 243
392 213
393 194
394 211
395 171
396 215
397 259
398 237
399 187
400 183
401 207
402 226
403 216
404 189
405 240
406 230
407 190
408 203
409 205
410 207
411 211
412 172
413 209
414 218
415 180
416 264
417 209
418 217
419 258
420 170
421 174
422 203
423 235
424 221
425 231
426 163
427 197
428 181
429 207
430 179
431 224
432 188
433 213
434 158
435 202
436 254
437 229
438 221
439 250
440 221
441 178
442 188
443 201
444 251
445 209
446 194
447 244
448 233
449 211
450 222
451 168
452 258
453 226
454 227
455 209
456 213
457 219
458 181
459 208
460 216
461 258
462 229
463 218
464 155
465 213
466 195
467 227
468 149
469 178
470 178
471 236
472 226
473 201
474 216
475 205
476 240
477 184
478 211
479 192
480 222
481 199
482 206
483 187
484 175
485 219
486 262
487 202
488 173
489 207
490 195
491 197
492 219
493 221
494 221
495 227
496 197
497 206
498 215
499 238
500 224
501 201
502 189
503 214
504 189
505 207
506 218
507 216
508 210
509 234
510 205
511 206
512 237
513 222
514 140
515 200
516 220
517 231
518 210
519 212
520 196
521 236
522 199
523 217
524 169
525 214
526 197
527 188
528 191
529 168
530 216
531 174
532 186
533 190
534 186
535 237
536 240
537 229
538 167
539 202
540 219
541 241
542 210
543 272
544 224
545 188
546 177
547 219
548 228
549 203
550 258
551 243
552 215
553 194
554 205
555 186
556 252
557 214
558 199
559 187
560 225
561 238
562 227
563 206
564 158
565 196
566 215
567 239
568 239
569 202
570 212
571 202
572 164
573 170
574 221
575 210
576 168
577 177
578 211
579 191
580 192
581 222
582 235
583 226
584 189
585 219
586 181
587 235
588 229
589 216
590 225
591 163
592 240
593 211
594 207
595 229
596 201
597 198
598 211
599 207
600 246
601 214
602 169
603 182
604 231
605 208
606 252
607 159
608 192
609 204
610 227
611 253
612 180
613 200
614 240
615 197
616 176
617 249
618 239
619 228
620 241
621 198
622 258
623 199
624 181
625 188
626 183
627 243
628 190
629 236
630 245
631 245
632 225
633 223
634 253
635 221
636 202
637 216
638 184
639 183
640 241
641 207
642 201
643 206
644 215
645 225
646 178
647 182
648 150
649 278
650 234
651 242
652 212
653 165
654 225
655 207
656 200
657 220
658 207
659 187
660 192
661 175
662 194
663 161
664 181
665 216
666 226
667 237
668 223
669 207
670 226
671 258
672 168
673 215
674 250
675 272
676 201
677 225
678 238
679 191
680 203
681 244
682 220
683 208
684 207
685 224
686 227
687 190
688 216
689 190
690 220
691 209
692 125
693 240
694 187
695 171
696 189
697 234
698 186
699 214
700 189
701 247
702 182
703 198
704 223
705 226
706 159
707 208
708 201
709 241
710 209
711 203
712 237
713 205
714 215
715 211
716 225
717 195
718 209
719 210
720 244
721 156
722 223
723 229
724 195
725 264
726 144
727 227
728 205
729 196
730 172
731 248
732 220
733 245
734 216
735 198
736 221
737 247
738 210
739 208
740 151
741 175
742 230
743 263
744 254
745 191
746 182
747 212
748 245
749 188
750 208
751 257
752 160
753 228
754 195
755 214
756 222
757 203
758 197
759 192
760 234
761 211
762 188
763 185
764 205
765 192
766 206
767 211
768 167
769 222
770 246
771 144
772 222
773 189
774 150
775 223
776 189
777 201
778 186
779 201
780 242
781 212
782 204
783 189
784 245
785 218
786 208
787 229
788 225
789 223
790 215
791 216
792 181
793 238
794 247
795 177
796 226
797 232
798 189
799 191
800 202
801 189
802 224
803 150
804 172
805 203
806 196
807 168
808 228
809 208
810 198
811 204
812 214
813 236
814 257
815 251
816 243
817 193
818 205
819 184
820 231
821 237
822 210
823 196
824 204
825 196
826 186
827 194
828 254
829 211
830 198
831 203
832 203
833 239
834 173
835 257
836 217
837 158
838 250
839 193
840 203
841 247
842 216
843 214
844 181
845 206
846 0
847 183
848 246
849 233
850 228
851 213
852 177
853 207
854 196
855 250
856 267
857 238
858 219
859 212
860 168
861 229
862 210
863 181
864 240
865 211
866 214
867 174
868 190
869 219
870 223
871 209
872 166
873 240
874 211
875 226
876 199
877 223
878 225
879 179
880 187
881 195
882 221
883 186
884 222
885 221
886 210
887 210
888 166
889 202
890 204
891 195
892 202
893 193
894 199
895 208
896 233
897 203
898 185
899 240
900 219
901 235
902 194
903 234
904 164
905 209
906 191
907 199
908 248
909 195
910 199
911 161
912 178
913 196
914 154
915 224
916 213
917 201
918 199
919 211
920 183
921 184
922 203
923 215
924 185
925 204
926 192
927 165
928 250
929 210
930 168
931 193
932 196
933 170
934 195
935 174
936 203
937 206
938 176
939 192
940 172
941 200
942 192
943 218
944 178
945 213
946 235
947 227
948 220
949 232
950 221
951 148
952 247
953 200
954 218
955 162
956 189
957 154
958 175
959 164
960 238
961 210
962 242
963 184
964 225
965 208
966 232
967 237
968 233
969 210
970 213
971 212
972 204
973 256
974 233
975 227
976 208
977 182
978 253
979 207
980 198
981 215
982 249
983 163
984 196
985 233
986 249
987 201
988 192
989 253
990 268
991 185
992 227
993 214
994 244
995 158
996 214
997 186
998 145
999 214
1000 226
1001 254
1002 195
1003 205
1004 193
1005 169
1006 197
1007 250
1008 178
1009 228
1010 165
1011 235
1012 244
1013 189
1014 190
1015 193
1016 185
1017 209
1018 181
1019 239
1020 192
1021 242
1022 213
1023 240
1024 188
1025 181
1026 208
1027 213
1028 214
1029 214
1030 217
1031 245
1032 199
1033 219
1034 194
1035 256
1036 243
1037 178
1038 181
1039 212
1040 190
1041 278
1042 202
1043 243
1044 192
1045 217
1046 168
1047 197
1048 199
1049 204
1050 184
1051 219
1052 215
1053 226
1054 217
1055 195
1056 209
1057 180
1058 216
1059 183
1060 182
1061 251
1062 284
1063 183
1064 180
1065 144
1066 220
1067 223
1068 235
1069 209
1070 183
1071 241
1072 192
1073 231
1074 184
1075 259
1076 209
1077 169
1078 196
1079 214
1080 224
1081 189
1082 206
1083 269
1084 163
1085 223
1086 242
1087 257
1088 209
1089 231
1090 199
1091 228
1092 172
1093 153
1094 221
1095 214
1096 258
1097 210
1098 192
1099 202
1100 200
1101 207
1102 191
1103 209
1104 233
1105 203
1106 225
1107 250
1108 215
1109 228
1110 211
1111 182
1112 186
1113 216
1114 233
1115 192
1116 186
1117 183
1118 170
1119 201
1120 206
1121 222
1122 172
1123 224
1124 195
1125 144
1126 216
1127 283
1128 192
1129 204
1130 207
1131 280
1132 201
1133 176
1134 251
1135 213
1136 214
1137 176
1138 231
1139 147
1140 177
1141 207
1142 215
1143 185
1144 190
1145 194
1146 175
1147 235
1148 166
1149 207
1150 197
1151 266
1152 176
1153 197
1154 199
1155 208
1156 208
1157 216
1158 207
1159 214
1160 222
1161 235
1162 198
1163 189
1164 234
1165 253
1166 188
1167 212
1168 201
1169 156
1170 210
1171 189
1172 173
1173 184
1174 216
1175 214
1176 252
1177 209
1178 215
1179 206
1180 210
1181 181
1182 223
1183 159
1184 238
1185 206
1186 272
1187 175
1188 172
1189 186
1190 242
1191 181
1192 225
1193 194
1194 259
1195 186
1196 208
1197 186
1198 201
1199 209
1200 241
1201 214
1202 229
1203 229
1204 170
1205 223
1206 212
1207 248
1208 240
1209 238
1210 206
1211 213
1212 221
1213 173
1214 210
1215 198
1216 231
1217 199
1218 238
1219 239
1220 201
1221 188
1222 191
1223 231
1224 183
1225 227
1226 204
1227 210
1228 221
1229 211
1230 228
1231 213
1232 192
1233 213
1234 203
1235 194
1236 187
1237 199
1238 190
1239 227
1240 192
1241 200
1242 207
1243 183
1244 185
1245 46
1246 203
1247 242
1248 210
1249 168
1250 211
1251 163
1252 227
1253 230
1254 251
1255 197
1256 227
1257 187
1258 231
1259 209
1260 167
1261 236
1262 232
1263 239
1264 155
1265 181
1266 215
1267 191
1268 208
1269 188
1270 206
1271 227
1272 188
1273 206
1274 177
1275 230
1276 222
1277 137
1278 301
1279 214
1280 197
1281 169
1282 261
1283 192
1284 50
1285 188
1286 221
1287 202
1288 197
1289 202
1290 212
1291 245
1292 208
1293 200
1294 184
1295 208
1296 201
1297 164
1298 179
1299 162
1300 242
1301 220
1302 202
1303 236
1304 228
1305 246
1306 215
1307 195
1308 216
1309 198
1310 209
1311 174
1312 207
1313 189
1314 185
1315 207
1316 169
1317 184
1318 193
1319 218
1320 218
1321 189
1322 269
1323 213
1324 223
1325 190
1326 208
1327 213
1328 237
1329 240
1330 200
1331 191
1332 214
1333 240
1334 227
1335 219
1336 226
1337 226
1338 182
1339 184
1340 234
1341 246
1342 215
1343 209
1344 208
1345 220
1346 235
1347 188
1348 139
1349 193
1350 161
1351 195
1352 222
1353 207
1354 238
1355 210
1356 198
1357 202
1358 208
1359 145
1360 213
1361 187
1362 148
1363 201
1364 198
1365 211
1366 179
1367 199
1368 221
1369 216
1370 223
1371 168
1372 179
1373 203
1374 244
1375 173
1376 192
1377 205
1378 228
1379 175
1380 216
1381 212
1382 267
1383 183
1384 211
1385 174
1386 215
1387 172
1388 211
1389 203
1390 206
1391 215
1392 203
1393 191
1394 210
1395 219
1396 175
1397 186
1398 247
1399 197
1400 215
1401 201
1402 228
1403 254
1404 238
1405 216
1406 187
1407 183
1408 160
1409 204
1410 201
1411 195
1412 212
1413 230
1414 190
1415 253
1416 202
1417 255
1418 213
1419 182
1420 195
1421 194
1422 204
1423 226
1424 231
1425 192
1426 215
1427 198
1428 183
1429 180
1430 178
1431 193
1432 217
1433 208
1434 188
1435 176
1436 208
1437 194
1438 222
1439 197
1440 224
1441 198
1442 225
1443 234
1444 211
1445 216
1446 199
1447 207
1448 216
1449 205
1450 176
1451 229
1452 248
1453 218
1454 190
1455 195
1456 255
1457 222
1458 254
1459 228
1460 217
1461 222
1462 208
1463 218
1464 213
1465 208
1466 217
1467 209
1468 241
1469 210
1470 175
1471 202
1472 225
1473 195
1474 157
1475 195
1476 192
1477 198
1478 278
1479 203
1480 245
1481 172
1482 181
1483 202
1484 207
1485 204
1486 160
1487 220
1488 213
1489 215
1490 156
1491 255
1492 240
1493 188
1494 227
1495 224
1496 224
1497 220
1498 192
1499 185
1500 147
1501 196
1502 208
1503 161
1504 133
1505 207
1506 143
1507 164
1508 199
1509 217
1510 112
1511 218
1512 202
1513 222
1514 205
1515 224
1516 187
1517 205
1518 229
1519 224
1520 242
1521 217
1522 248
1523 266
1524 190
1525 188
1526 210
1527 224
1528 261
1529 208
1530 208
1531 242
1532 240
1533 155
1534 237
1535 200
1536 178
1537 223
1538 211
1539 208
1540 230
1541 239
1542 185
1543 234
1544 167
1545 218
1546 245
1547 205
1548 205
1549 193
1550 218
1551 185
1552 210
1553 207
1554 194
1555 213
1556 231
1557 217
1558 213
1559 228
1560 224
1561 183
1562 226
1563 220
1564 223
1565 132
1566 182
1567 164
1568 208
1569 204
1570 215
1571 185
1572 206
1573 162
1574 219
1575 227
1576 200
1577 213
1578 237
1579 201
1580 159
1581 193
1582 225
1583 199
1584 185
1585 169
1586 217
1587 197
1588 211
1589 191
1590 230
1591 205
1592 188
1593 223
1594 228
1595 244
1596 238
1597 179
1598 202
1599 190
1600 211
1601 193
1602 218
1603 205
1604 170
1605 164
1606 237
1607 208
1608 210
1609 208
1610 207
1611 206
1612 193
1613 227
1614 225
1615 224
1616 225
1617 210
1618 247
1619 203
1620 176
1621 182
1622 206
1623 187
1624 215
1625 210
1626 204
1627 192
1628 202
1629 187
1630 255
1631 217
1632 348
1633 214
1634 227
1635 233
1636 216
1637 239
1638 192
1639 231
1640 227
1641 197
1642 199
1643 225
1644 198
1645 204
1646 224
1647 196
1648 190
1649 218
1650 253
1651 215
1652 178
1653 200
1654 215
1655 239
1656 198
1657 172
1658 200
1659 184
1660 211
1661 204
1662 209
1663 258
1664 215
1665 214
1666 204
1667 187
1668 120
1669 209
1670 207
1671 163
1672 163
1673 216
1674 227
1675 232
1676 213
1677 236
1678 193
1679 187
1680 188
1681 244
1682 209
1683 195
1684 201
1685 161
1686 235
1687 213
1688 207
1689 198
1690 184
1691 208
1692 254
1693 242
1694 218
1695 218
1696 201
1697 247
1698 224
1699 218
1700 211
1701 212
1702 175
1703 238
1704 180
1705 203
1706 197
1707 261
1708 180
1709 197
1710 262
1711 199
1712 260
1713 213
1714 233
1715 195
1716 252
1717 173
1718 180
1719 201
1720 228
1721 204
1722 206
1723 190
1724 217
1725 229
1726 222
1727 223
1728 211
1729 177
1730 211
1731 217
1732 200
1733 206
1734 177
1735 173
1736 204
1737 222
1738 234
1739 218
1740 197
1741 209
1742 208
1743 201
1744 149
1745 231
1746 191
1747 213
1748 209
1749 170
1750 190
1751 239
1752 223
1753 222
1754 195
1755 212
1756 211
1757 128
1758 212
1759 215
1760 201
1761 195
1762 196
1763 234
1764 163
1765 225
1766 196
1767 206
1768 226
1769 217
1770 213
1771 167
1772 200
1773 271
1774 197
1775 170
1776 216
1777 231
1778 184
1779 197
1780 200
1781 210
1782 169
1783 243
1784 190
1785 200
1786 205
1787 191
1788 243
1789 192
1790 227
1791 223
1792 221
1793 204
1794 197
1795 214
1796 196
1797 218
1798 218
1799 197
1800 220
1801 221
1802 198
1803 222
1804 214
1805 215
1806 222
1807 228
1808 212
1809 214
1810 195
1811 202
1812 194
1813 267
1814 232
1815 180
1816 232
1817 213
1818 200
1819 205
1820 209
1821 216
1822 207
1823 215
1824 213
1825 215
1826 232
1827 220
1828 218
1829 228
1830 214
1831 206
1832 174
1833 221
1834 221
1835 205
1836 187
1837 254
1838 167
1839 192
1840 172
1841 209
1842 201
1843 200
1844 210
1845 229
1846 220
1847 206
1848 191
1849 214
1850 213
1851 181
1852 219
1853 195
1854 210
1855 226
1856 202
1857 201
1858 189
1859 237
1860 238
1861 209
1862 213
1863 245
1864 226
1865 168
1866 204
1867 246
1868 258
1869 232
1870 180
1871 213
1872 204
1873 226
1874 231
1875 265
1876 237
1877 249
1878 197
1879 242
1880 267
1881 235
1882 162
1883 221
1884 193
1885 233
1886 209
1887 220
1888 201
1889 247
1890 197
1891 199
1892 179
1893 215
1894 216
1895 190
1896 215
1897 272
1898 170
1899 195
1900 227
1901 198
1902 161
1903 202
1904 209
1905 207
1906 148
1907 247
1908 233
1909 244
1910 210
1911 200
1912 209
1913 204
1914 208
1915 245
1916 252
1917 202
1918 214
1919 204
1920 185
1921 230
1922 211
1923 226
1924 154
1925 242
1926 176
1927 237
1928 222
1929 188
1930 160
1931 186
1932 200
1933 254
1934 256
1935 201
1936 219
1937 214
1938 264
1939 207
1940 224
1941 184
1942 190
1943 226
1944 207
1945 211
1946 246
1947 182
1948 209
1949 206
1950 189
1951 163
1952 221
1953 202
1954 215
1955 221
1956 243
1957 221
1958 198
1959 240
1960 237
1961 220
1962 212
1963 222
1964 200
1965 198
1966 195
1967 201
1968 200
1969 187
1970 264
1971 198
1972 182
1973 232
1974 188
1975 230
1976 166
1977 224
1978 185
1979 206
1980 165
1981 219
1982 206
1983 229
1984 179
1985 195
1986 203
1987 148
1988 207
1989 235
1990 187
1991 191
1992 194
1993 204
1994 189
1995 239
1996 228
1997 189
1998 191
1999 212
2000 189
2001 225
2002 237
2003 163
2004 234
2005 273
2006 224
2007 198
2008 206
2009 221
2010 192
2011 202
2012 252
2013 173
2014 260
2015 201
2016 202
2017 218
2018 209
2019 201
2020 215
2021 227
2022 276
2023 199
2024 188
2025 160
2026 223
2027 217
2028 205
2029 192
2030 234
2031 225
2032 172
2033 161
2034 200
2035 226
2036 167
2037 214
2038 186
2039 178
2040 192
2041 201
2042 222
2043 159
2044 191
2045 224
2046 235
2047 212
2048 221
2049 240
2050 206
2051 203
2052 222
2053 197
2054 207
2055 166
2056 198
2057 214
2058 211
2059 149
2060 256
2061 226
2062 196
2063 203
2064 195
2065 294
2066 211
2067 245
2068 208
2069 177
2070 212
2071 177
2072 233
2073 240
2074 213
2075 177
2076 226
2077 194
2078 224
2079 211
2080 243
2081 204
2082 191
2083 231
2084 214
2085 187
2086 233
2087 196
2088 199
2089 221
2090 222
2091 188
2092 221
2093 208
2094 235
2095 235
2096 195
2097 189
2098 184
2099 162
2100 154
2101 202
2102 204
2103 215
2104 254
2105 231
2106 208
2107 246
2108 202
2109 163
2110 215
2111 105
2112 211
2113 170
2114 204
2115 188
2116 207
2117 207
2118 179
2119 206
2120 188
2121 235
2122 180
2123 202
2124 221
2125 246
2126 219
2127 196
2128 212
2129 198
2130 212
2131 191
2132 174
2133 229
2134 245
2135 191
2136 216
2137 214
2138 227
2139 193
2140 219
2141 213
2142 214
2143 190
2144 218
2145 193
2146 111
2147 249
2148 204
2149 182
2150 222
2151 204
2152 190
2153 184
2154 220
2155 216
2156 217
2157 176
2158 207
2159 205
2160 222
2161 178
2162 217
2163 199
2164 217
2165 137
2166 163
2167 203
2168 201
2169 213
2170 214
2171 192
2172 217
2173 196
2174 207
2175 227
2176 199
2177 220
2178 221
2179 220
2180 238
2181 236
2182 198
2183 196
2184 210
2185 238
2186 243
2187 192
2188 231
2189 225
2190 211
2191 286
2192 202
2193 233
2194 186
2195 190
2196 243
2197 202
2198 223
2199 237
2200 185
2201 222
2202 207
2203 210
2204 225
2205 215
2206 190
2207 229
2208 226
2209 189
2210 224
2211 213
2212 252
2213 197
2214 199
2215 204
2216 219
2217 204
2218 188
2219 217
2220 191
2221 208
2222 176
2223 225
2224 194
2225 176
2226 240
2227 222
2228 196
2229 223
2230 219
2231 163
2232 195
2233 283
2234 201
2235 240
2236 230
2237 222
2238 237
2239 182
2240 268
2241 198
2242 192
2243 219
2244 191
2245 220
2246 188
2247 215
2248 173
2249 202
2250 220
2251 180
2252 183
2253 215
2254 219
2255 208
2256 229
2257 164
2258 191
2259 195
2260 155
2261 190
2262 170
2263 197
2264 178
2265 207
2266 207
2267 219
2268 187
2269 214
2270 222
2271 237
2272 217
2273 187
2274 157
2275 223
2276 144
2277 184
2278 235
2279 208
2280 224
2281 187
2282 210
2283 209
2284 206
2285 183
2286 212
2287 185
2288 201
2289 217
2290 212
2291 225
2292 227
2293 242
2294 212
2295 196
2296 201
2297 208
2298 217
2299 189
2300 177
2301 204
2302 190
2303 206
2304 225
2305 177
2306 255
2307 166
2308 212
2309 221
2310 184
2311 123
2312 251
2313 203
2314 211
2315 199
2316 220
2317 255
2318 195
2319 218
2320 194
2321 185
2322 200
2323 182
2324 214
2325 226
2326 226
2327 221
2328 201
2329 196
2330 214
2331 214
2332 189
2333 229
2334 244
2335 198
2336 199
2337 185
2338 259
2339 214
2340 242
2341 194
2342 217
2343 191
2344 201
2345 232
2346 203
2347 182
2348 205
2349 226
2350 229
2351 164
2352 160
2353 200
2354 304
2355 237
2356 211
2357 197
2358 260
2359 207
2360 185
2361 231
2362 203
2363 181
2364 183
2365 200
2366 235
2367 163
2368 188
2369 163
2370 185
2371 229
2372 200
2373 220
2374 221
2375 196
2376 193
2377 159
2378 177
2379 225
2380 252
2381 212
2382 197
2383 219
2384 232
2385 240
2386 250
2387 245
2388 243
2389 206
2390 201
2391 162
2392 214
2393 226
2394 215
2395 169
2396 193
2397 230
2398 246
2399 211
2400 238
2401 255
2402 225
2403 253
2404 218
2405 219
2406 211
2407 234
2408 178
2409 198
2410 201
2411 188
2412 214
2413 183
2414 244
2415 159
2416 195
2417 194
2418 275
2419 242
2420 238
2421 246
2422 220
2423 214
2424 196
2425 179
2426 232
2427 214
2428 237
2429 192
2430 193
2431 229
2432 213
2433 204
2434 197
2435 250
2436 220
2437 187
2438 204
2439 218
2440 201
2441 196
2442 218
2443 271
2444 262
2445 215
2446 170
2447 216
2448 234
2449 187
2450 221
2451 243
2452 225
2453 225
2454 192
2455 201
2456 189
2457 189
2458 265
2459 224
2460 212
2461 227
2462 180
2463 256
2464 219
2465 195
2466 176
2467 218
2468 240
2469 223
2470 213
2471 208
2472 201
2473 204
2474 199
2475 215
2476 171
2477 217
2478 215
2479 218
2480 238
2481 203
2482 201
2483 193
2484 231
2485 247
2486 221
2487 222
2488 242
2489 219
2490 232
2491 181
2492 202
2493 225
2494 175
2495 159
2496 212
2497 218
2498 200
2499 202
2500 229
2501 215
2502 231
2503 206
2504 239
2505 218
2506 168
2507 192
2508 207
2509 236
2510 231
2511 228
2512 228
2513 182
2514 183
2515 175
2516 185
2517 216
2518 205
2519 249
2520 203
2521 209
2522 225
2523 229
2524 212
2525 222
2526 271
2527 228
2528 228
2529 216
2530 217
2531 176
2532 215
2533 179
2534 180
2535 226
2536 263
2537 165
2538 230
2539 204
2540 204
2541 242
2542 221
2543 178
2544 222
2545 276
2546 211
2547 198
2548 197
2549 245
2550 227
2551 190
2552 220
2553 199
2554 188
2555 199
2556 220
2557 214
2558 195
2559 229
2560 216
2561 209
2562 212
2563 214
2564 235
2565 205
2566 203
2567 186
2568 219
2569 213
2570 206
2571 190
2572 201
2573 199
2574 220
2575 192
2576 244
2577 206
2578 207
2579 238
2580 213
2581 216
2582 245
2583 193
2584 206
2585 215
2586 197
2587 228
2588 178
2589 217
2590 216
2591 245
2592 190
2593 208
2594 214
2595 206
2596 201
2597 174
2598 238
2599 190
2600 163
2601 222
2602 174
2603 244
2604 232
2605 207
2606 236
2607 204
2608 207
2609 197
2610 242
2611 188
2612 266
2613 215
2614 157
2615 201
2616 219
2617 185
2618 202
2619 220
2620 206
2621 216
2622 204
2623 222
2624 222
2625 179
2626 178
2627 216
2628 176
2629 189
2630 224
2631 181
2632 208
2633 144
2634 253
2635 223
2636 179
2637 232
2638 258
2639 214
2640 211
2641 208
2642 193
2643 193
2644 218
2645 204
2646 205
2647 209
2648 197
2649 230
2650 185
2651 231
2652 212
2653 194
2654 212
2655 283
2656 211
2657 196
2658 176
2659 236
2660 237
2661 218
2662 178
2663 202
2664 197
2665 246
2666 207
2667 186
2668 154
2669 250
2670 166
2671 162
2672 201
2673 212
2674 282
2675 219
2676 202
2677 233
2678 211
2679 220
2680 243
2681 184
2682 186
2683 175
2684 208
2685 219
2686 224
2687 223
2688 213
2689 220
2690 209
2691 271
2692 207
2693 189
2694 206
2695 260
2696 238
2697 215
2698 223
2699 210
2700 215
2701 199
2702 232
2703 205
2704 204
2705 207
2706 235
2707 177
2708 218
2709 192
2710 220
2711 172
2712 208
2713 233
2714 206
2715 206
2716 225
2717 175
2718 185
2719 218
2720 215
2721 208
2722 233
2723 213
2724 242
2725 181
2726 204
2727 190
2728 193
2729 207
2730 201
2731 201
2732 207
2733 143
2734 234
2735 222
2736 201
2737 186
2738 169
2739 217
2740 208
2741 197
2742 222
2743 185
2744 203
2745 172
2746 0
2747 189
2748 191
2749 199
2750 219
2751 181
2752 217
2753 270
2754 206
2755 245
2756 284
2757 176
2758 203
2759 228
2760 203
2761 196
2762 208
2763 176
2764 219
2765 195
2766 219
2767 205
2768 199
2769 227
2770 214
2771 214
2772 192
2773 180
2774 184
2775 228
2776 186
2777 216
2778 227
2779 186
2780 190
2781 207
2782 218
2783 220
2784 174
2785 220
2786 210
2787 215
2788 167
2789 195
2790 211
2791 176
2792 224
2793 212
2794 207
2795 214
2796 218
2797 195
2798 210
2799 201
2800 225
2801 217
2802 216
2803 224
2804 198
2805 212
2806 193
2807 199
2808 191
2809 176
2810 221
2811 235
2812 207
2813 247
2814 237
2815 245
2816 145
2817 163
2818 197
2819 223
2820 187
2821 217
2822 250
2823 232
2824 240
2825 214
2826 229
2827 224
2828 208
2829 198
2830 202
2831 219
2832 160
2833 165
2834 237
2835 222
2836 230
2837 230
2838 219
2839 206
2840 186
2841 214
2842 209
2843 170
2844 208
2845 206
2846 175
2847 254
2848 229
2849 211
2850 166
2851 197
2852 236
2853 240
2854 249
2855 219
2856 222
2857 198
2858 216
2859 216
2860 221
2861 207
2862 190
2863 190
2864 215
2865 219
2866 94
2867 239
2868 205
2869 187
2870 206
2871 137
2872 247
2873 211
2874 245
2875 270
2876 184
2877 215
2878 184
2879 201
2880 208
2881 206
2882 189
2883 198
2884 223
2885 207
2886 211
2887 222
2888 244
2889 170
2890 216
2891 220
2892 201
2893 196
2894 206
2895 233
2896 211
2897 183
2898 236
2899 202
2900 178
2901 185
2902 211
2903 209
2904 251
2905 215
2906 222
2907 219
2908 222
2909 233
2910 205
2911 191
2912 219
2913 202
2914 218
2915 194
2916 223
2917 222
2918 261
2919 228
2920 238
2921 249
2922 155
2923 245
2924 169
2925 226
2926 172
2927 221
2928 262
2929 211
2930 212
2931 202
2932 231
2933 205
2934 256
2935 198
2936 252
2937 280
2938 185
2939 213
2940 222
2941 192
2942 203
2943 218
2944 187
2945 190
2946 207
2947 226
2948 208
2949 190
2950 214
2951 184
2952 191
2953 216
2954 264
2955 236
2956 129
2957 202
2958 174
2959 210
2960 177
2961 219
2962 185
2963 240
2964 173
2965 196
2966 209
2967 184
2968 211
2969 207
2970 197
2971 236
2972 269
2973 214
2974 221
2975 204
2976 240
2977 249
2978 241
2979 191
2980 123
2981 201
2982 208
2983 199
2984 194
2985 203
2986 210
2987 256
2988 196
2989 244
2990 247
2991 209
2992 226
2993 253
2994 217
2995 218
2996 195
2997 191
2998 180
2999 236
3000 185
3001 190
3002 210
3003 220
3004 204
3005 210
3006 177
3007 201
3008 189
3009 129
3010 231
3011 210
3012 196
3013 218
3014 235
3015 200
3016 219
3017 131
3018 180
3019 206
3020 267
3021 215
3022 272
3023 203
3024 203
3025 219
3026 216
3027 181
3028 141
3029 194
3030 177
3031 223
3032 197
3033 197
3034 184
3035 214
3036 241
3037 239
3038 219
3039 185
3040 230
3041 223
3042 255
3043 217
3044 320
3045 173
3046 233
3047 244
3048 206
3049 216
3050 231
3051 247
3052 196
3053 223
3054 207
3055 182
3056 191
3057 258
3058 185
3059 240
3060 177
3061 241
3062 218
3063 183
3064 192
3065 205
3066 210
3067 232
3068 203
3069 209
3070 299
3071 246
3072 189
3073 223
3074 197
3075 228
3076 206
3077 169
3078 243
3079 204
3080 178
3081 221
3082 199
3083 208
3084 212
3085 167
3086 198
3087 250
3088 180
3089 205
3090 213
3091 190
3092 214
3093 243
3094 238
3095 181
3096 254
3097 223
3098 220
3099 266
3100 189
3101 200
3102 212
3103 257
3104 227
3105 183
3106 216
3107 216
3108 229
3109 201
3110 232
3111 232
3112 295
3113 196
3114 213
3115 219
3116 130
3117 241
3118 216
3119 224
3120 207
3121 208
3122 139
3123 202
3124 164
3125 218
3126 191
3127 227
3128 231
3129 183
3130 136
3131 218
3132 185
3133 212
3134 243
3135 193
3136 213
3137 215
3138 187
3139 187
3140 241
3141 204
3142 252
3143 219
3144 213
3145 237
3146 209
3147 231
3148 241
3149 160
3150 192
3151 231
3152 204
3153 213
3154 239
3155 173
3156 181
3157 216
3158 275
3159 202
3160 213
3161 210
3162 211
3163 160
3164 194
3165 205
3166 219
3167 191
3168 244
3169 233
3170 187
3171 204
3172 166
3173 178
3174 172
3175 189
3176 221
3177 177
3178 208
3179 191
3180 196
3181 220
3182 228
3183 214
3184 195
3185 189
3186 161
3187 190
3188 212
3189 176
3190 199
3191 142
3192 215
3193 205
3194 217
3195 232
3196 199
3197 203
3198 240
3199 216
3200 201
3201 243
3202 177
3203 258
3204 213
3205 212
3206 220
3207 204
3208 257
3209 231
3210 227
3211 212
3212 156
3213 205
3214 221
3215 137
3216 229
3217 225
3218 237
3219 224
3220 257
3221 191
3222 220
3223 198
3224 236
3225 237
3226 197
3227 247
3228 219
3229 166
3230 242
3231 248
3232 190
3233 190
3234 206
3235 187
3236 188
3237 223
3238 181
3239 175
3240 219
3241 202
3242 252
3243 183
3244 220
3245 235
3246 196
3247 175
3248 228
3249 136
3250 205
3251 239
3252 208
3253 209
3254 219
3255 188
3256 205
3257 228
3258 199
3259 225
3260 200
3261 228
3262 206
3263 199
3264 188
3265 247
3266 137
3267 186
3268 223
3269 233
3270 234
3271 194
3272 212
3273 182
3274 150
3275 187
3276 183
3277 200
3278 238
3279 197
3280 220
3281 218
3282 227
3283 219
3284 181
3285 249
3286 211
3287 203
3288 203
3289 202
3290 185
3291 221
3292 239
3293 245
3294 224
3295 174
3296 158
3297 170
3298 192
3299 258
3300 288
3301 221
3302 218
3303 205
3304 202
3305 231
3306 196
3307 177
3308 212
3309 190
3310 210
3311 217
3312 262
3313 221
3314 184
3315 209
3316 196
3317 239
3318 206
3319 194
3320 209
3321 188
3322 187
3323 171
3324 212
3325 217
3326 239
3327 200
3328 291
3329 212
3330 217
3331 223
3332 220
3333 235
3334 210
3335 228
3336 243
3337 196
3338 217
3339 231
3340 183
3341 176
3342 259
3343 224
3344 198
3345 285
3346 201
3347 237
3348 209
3349 202
3350 196
3351 0
3352 205
3353 212
3354 247
3355 206
3356 194
3357 206
3358 217
3359 215
3360 237
3361 194
3362 235
3363 167
3364 231
3365 207
3366 249
3367 238
3368 203
3369 228
3370 189
3371 162
3372 130
3373 217
3374 233
3375 207
3376 215
3377 220
3378 260
3379 202
3380 217
3381 207
3382 247
3383 193
3384 220
3385 143
3386 203
3387 236
3388 204
3389 215
3390 221
3391 213
3392 187
3393 252
3394 176
3395 237
3396 201
3397 268
3398 206
3399 174
3400 234
3401 181
3402 205
3403 196
3404 194
3405 229
3406 190
3407 227
3408 239
3409 237
3410 197
3411 223
3412 227
3413 198
3414 222
3415 212
3416 265
3417 195
3418 225
3419 218
3420 230
3421 180
3422 200
3423 203
3424 180
3425 158
3426 228
3427 234
3428 209
3429 201
3430 216
3431 157
3432 219
3433 178
3434 203
3435 199
3436 212
3437 206
3438 196
3439 206
3440 239
3441 184
3442 222
3443 179
3444 204
3445 338
3446 198
3447 197
3448 200
3449 205
3450 176
3451 198
3452 244
3453 218
3454 223
3455 192
3456 204
3457 208
3458 206
3459 202
3460 231
3461 168
3462 211
3463 228
3464 218
3465 191
3466 225
3467 213
3468 218
3469 203
3470 206
3471 178
3472 189
3473 154
3474 184
3475 204
3476 230
3477 197
3478 215
3479 158
3480 185
3481 232
3482 244
3483 200
3484 177
3485 197
3486 194
3487 188
3488 164
3489 247
3490 202
3491 209
3492 157
3493 186
3494 222
3495 234
3496 225
3497 194
3498 254
3499 190
3500 234
3501 191
3502 281
3503 230
3504 223
3505 177
3506 242
3507 212
3508 124
3509 254
3510 211
3511 230
3512 203
3513 207
3514 273
3515 206
3516 206
3517 209
3518 211
3519 221
3520 186
3521 196
3522 242
3523 211
3524 200
3525 244
3526 256
3527 209
3528 189
3529 223
3530 241
3531 186
3532 222
3533 210
3534 229
3535 196
3536 193
3537 161
3538 167
3539 191
3540 201
3541 206
3542 181
3543 217
3544 250
3545 125
3546 208
3547 200
3548 186
3549 222
3550 193
3551 216
3552 197
3553 207
3554 246
3555 219
3556 192
3557 213
3558 199
3559 206
3560 227
3561 200
3562 175
3563 205
3564 195
3565 152
3566 220
3567 187
3568 193
3569 227
3570 176
3571 239
3572 230
3573 216
3574 197
3575 155
3576 185
3577 237
3578 209
3579 275
3580 195
3581 193
3582 291
3583 197
3584 192
3585 193
3586 266
3587 242
3588 236
3589 231
3590 250
3591 210
3592 184
3593 260
3594 223
3595 238
3596 217
3597 210
3598 169
3599 214
3600 253
3601 200
3602 202
3603 185
3604 191
3605 195
3606 184
3607 234
3608 212
3609 262
3610 203
3611 252
3612 184
3613 159
3614 187
3615 179
3616 184
3617 184
3618 218
3619 228
3620 188
3621 207
3622 244
3623 214
3624 233
3625 183
3626 170
3627 229
3628 194
3629 255
3630 133
3631 229
3632 206
3633 233
3634 209
3635 179
3636 201
3637 199
3638 197
3639 209
3640 213
3641 172
3642 229
3643 237
3644 186
3645 215
3646 204
3647 188
3648 207
3649 242
3650 225
3651 201
3652 231
3653 195
3654 223
3655 169
3656 189
3657 206
3658 166
3659 215
3660 220
3661 205
3662 238
3663 243
3664 214
3665 138
3666 205
3667 224
3668 188
3669 214
3670 262
3671 188
3672 206
3673 297
3674 197
3675 184
3676 139
3677 224
3678 210
3679 223
3680 250
3681 246
3682 227
3683 219
3684 219
3685 180
3686 225
3687 217
3688 195
3689 190
3690 201
3691 219
3692 231
3693 196
3694 187
3695 225
3696 268
3697 229
3698 195
3699 224
3700 175
3701 213
3702 175
3703 218
3704 209
3705 202
3706 232
3707 197
3708 226
3709 162
3710 174
3711 225
3712 180
3713 186
3714 192
3715 217
3716 202
3717 216
3718 162
3719 195
3720 198
3721 201
3722 213
3723 189
3724 233
3725 221
3726 244
3727 182
3728 187
3729 151
3730 212
3731 201
3732 233
3733 218
3734 213
3735 215
3736 205
3737 243
3738 226
3739 198
3740 202
3741 194
3742 218
3743 224
3744 205
3745 179
3746 174
3747 212
3748 274
3749 185
3750 253
3751 204
3752 209
3753 228
3754 223
3755 191
3756 185
3757 208
3758 178
3759 205
3760 250
3761 191
3762 206
3763 199
3764 226
3765 197
3766 201
3767 186
3768 205
3769 212
3770 242
3771 217
3772 190
3773 268
3774 252
3775 228
3776 229
3777 220
3778 231
3779 200
3780 221
3781 205
3782 175
3783 205
3784 273
3785 215
3786 217
3787 277
3788 191
3789 200
3790 254
3791 198
3792 242
3793 182
3794 241
3795 211
3796 179
3797 238
3798 175
3799 197
3800 224
3801 218
3802 204
3803 213
3804 214
3805 197
3806 209
3807 233
3808 245
3809 187
3810 224
3811 217
3812 144
3813 173
3814 195
3815 225
3816 189
3817 186
3818 216
3819 167
3820 214
3821 215
3822 245
3823 213
3824 212
3825 209
3826 169
3827 215
3828 202
3829 207
3830 202
3831 218
3832 214
3833 230
3834 229
3835 210
3836 194
3837 195
3838 216
3839 169
3840 159
3841 226
3842 194
3843 223
3844 219
3845 224
3846 206
3847 216
3848 196
3849 219
3850 229
3851 212
3852 209
3853 219
3854 205
3855 192
3856 219
3857 207
3858 173
3859 199
3860 196
3861 210
3862 204
3863 223
3864 197
3865 172
3866 236
3867 191
3868 215
3869 286
3870 222
3871 267
3872 142
3873 194
3874 160
3875 221
3876 200
3877 139
3878 210
3879 163
3880 205
3881 214
3882 125
3883 231
3884 177
3885 209
3886 202
3887 209
3888 161
3889 205
3890 202
3891 232
3892 204
3893 260
3894 170
3895 222
3896 223
3897 269
3898 189
3899 214
3900 184
3901 167
3902 214
3903 193
3904 191
3905 202
3906 187
3907 196
3908 232
3909 200
3910 206
3911 203
3912 229
3913 168
3914 196
3915 192
3916 214
3917 219
3918 217
3919 240
3920 211
3921 161
3922 239
3923 238
3924 223
3925 225
3926 181
3927 127
3928 232
3929 189
3930 193
3931 203
3932 211
3933 218
3934 191
3935 156
3936 188
3937 187
3938 212
3939 215
3940 241
3941 201
3942 242
3943 193
3944 154
3945 191
3946 210
3947 234
3948 198
3949 218
3950 212
3951 178
3952 188
3953 238
3954 222
3955 182
3956 208
3957 229
3958 228
3959 248
3960 171
3961 189
3962 175
3963 224
3964 195
3965 218
3966 251
3967 221
3968 214
3969 212
3970 175
3971 214
3972 227
3973 215
3974 250
3975 215
3976 194
3977 190
3978 251
3979 225
3980 196
3981 202
3982 155
3983 185
3984 235
3985 201
3986 210
3987 210
3988 137
3989 194
3990 227
3991 215
3992 237
3993 194
3994 261
3995 234
3996 226
3997 210
3998 237
3999 183
4000 231
4001 188
4002 232
4003 190
4004 228
4005 211
4006 202
4007 214
4008 187
4009 166
4010 221
4011 203
4012 251
4013 193
4014 210
4015 151
4016 200
4017 225
4018 257
4019 228
4020 200
4021 206
4022 181
4023 203
4024 203
4025 195
4026 172
4027 257
4028 205
4029 183
4030 255
4031 176
4032 247
4033 210
4034 199
4035 236
4036 229
4037 196
4038 265
4039 207
4040 287
4041 198
4042 201
4043 211
4044 217
4045 204
4046 183
4047 262
4048 233
4049 207
4050 233
4051 207
4052 203
4053 200
4054 251
4055 165
4056 191
4057 225
4058 222
4059 225
4060 193
4061 177
4062 250
4063 212
4064 217
4065 216
4066 206
4067 177
4068 212
4069 232
4070 233
4071 160
4072 210
4073 180
4074 201
4075 184
4076 160
4077 170
4078 251
4079 272
4080 174
4081 230
4082 241
4083 226
4084 169
4085 230
4086 219
4087 227
4088 203
4089 229
4090 231
4091 196
4092 210
4093 212
4094 210
4095 205
4096 228
4097 217
4098 220
4099 174
4100 267
4101 192
4102 199
4103 163
4104 191
4105 255
4106 186
4107 207
4108 185
4109 220
4110 271
4111 168
4112 218
4113 187
4114 250
4115 199
4116 242
4117 191
4118 240
4119 165
4120 183
4121 176
4122 210
4123 207
4124 189
4125 143
4126 241
4127 214
4128 225
4129 188
4130 242
4131 205
4132 165
4133 194
4134 196
4135 221
4136 179
4137 188
4138 216
4139 205
4140 186
4141 190
4142 232
4143 186
4144 200
4145 183
4146 247
4147 223
4148 205
4149 200
4150 164
4151 213
4152 220
4153 235
4154 233
4155 218
4156 212
4157 154
4158 204
4159 211
4160 191
4161 226
4162 219
4163 249
4164 262
4165 235
4166 180
4167 256
4168 193
4169 205
4170 213
4171 207
4172 194
4173 229
4174 195
4175 206
4176 220
4177 172
4178 205
4179 213
4180 183
4181 178
4182 192
4183 225
4184 191
4185 223
4186 197
4187 183
4188 210
4189 202
4190 215
4191 253
4192 249
4193 233
4194 219
4195 183
4196 216
4197 213
4198 283
4199 179
4200 198
4201 236
4202 146
4203 230
4204 185
4205 176
4206 142
4207 210
4208 237
4209 198
4210 181
4211 207
4212 200
4213 189
4214 197
4215 240
4216 194
4217 173
4218 193
4219 245
4220 216
4221 224
4222 214
4223 237
4224 201
4225 99
4226 194
4227 238
4228 187
4229 235
4230 196
4231 214
4232 229
4233 187
4234 212
4235 152
4236 223
4237 182
4238 208
4239 164
4240 236
4241 214
4242 212
4243 210
4244 241
4245 168
4246 278
4247 195
4248 218
4249 170
4250 214
4251 189
4252 183
4253 187
4254 205
4255 165
4256 197
4257 227
4258 234
4259 235
4260 222
4261 201
4262 212
4263 269
4264 189
4265 182
4266 188
4267 189
4268 202
4269 189
4270 261
4271 211
4272 186
4273 236
4274 226
4275 216
4276 227
4277 216
4278 244
4279 247
4280 209
4281 210
4282 173
4283 211
4284 180
4285 179
4286 211
4287 239
4288 204
4289 178
4290 199
4291 173
4292 202
4293 195
4294 216
4295 229
4296 203
4297 216
4298 182
4299 229
4300 193
4301 213
4302 198
4303 217
4304 198
4305 218
4306 221
4307 197
4308 188
4309 170
4310 220
4311 279
4312 182
4313 175
4314 253
4315 187
4316 203
4317 129
4318 177
4319 235
4320 191
4321 196
4322 197
4323 136
4324 199
4325 198
4326 198
4327 191
4328 251
4329 236
4330 212
4331 189
4332 214
4333 246
4334 206
4335 177
4336 190
4337 189
4338 204
4339 192
4340 179
4341 165
4342 214
4343 257
4344 181
4345 200
4346 245
4347 226
4348 217
4349 193
4350 177
4351 228
4352 177
4353 216
4354 252
4355 254
4356 183
4357 215
4358 207
4359 218
4360 264
4361 203
4362 192
4363 229
4364 223
4365 208
4366 208
4367 240
4368 225
4369 223
4370 219
4371 198
4372 245
4373 208
4374 195
4375 177
4376 253
4377 190
4378 230
4379 223
4380 207
4381 169
4382 158
4383 202
4384 191
4385 271
4386 189
4387 196
4388 234
4389 173
4390 239
4391 190
4392 210
4393 164
4394 203
4395 207
4396 206
4397 208
4398 213
4399 231
4400 204
4401 157
4402 232
4403 198
4404 201
4405 228
4406 159
4407 188
4408 206
4409 201
4410 242
4411 263
4412 205
4413 236
4414 218
4415 191
4416 202
4417 158
4418 192
4419 183
4420 196
4421 238
4422 221
4423 186
4424 217
4425 194
4426 211
4427 194
4428 191
4429 205
4430 245
4431 207
4432 163
4433 166
4434 217
4435 213
4436 156
4437 217
4438 210
4439 197
4440 191
4441 193
4442 161
4443 209
4444 227
4445 179
4446 254
4447 235
4448 213
4449 215
4450 249
4451 280
4452 206
4453 219
4454 203
4455 174
4456 203
4457 231
4458 157
4459 182
4460 212
4461 206
4462 182
4463 216
4464 195
4465 170
4466 226
4467 210
4468 228
4469 208
4470 174
4471 235
4472 224
4473 176
4474 219
4475 207
4476 185
4477 228
4478 125
4479 188
4480 229
4481 199
4482 168
4483 196
4484 204
4485 205
4486 220
4487 232
4488 207
4489 247
4490 226
4491 156
4492 249
4493 207
4494 223
4495 228
4496 210
4497 221
4498 202
4499 191
4500 224
4501 265
4502 197
4503 203
4504 175
4505 238
4506 219
4507 286
4508 195
4509 198
4510 196
4511 203
4512 219
4513 206
4514 210
4515 249
4516 153
4517 239
4518 216
4519 176
4520 220
4521 219
4522 165
4523 253
4524 232
4525 250
4526 207
4527 215
4528 215
4529 213
4530 192
4531 183
4532 222
4533 199
4534 194
4535 153
4536 202
4537 199
4538 219
4539 194
4540 243
4541 210
4542 167
4543 240
4544 174
4545 178
4546 238
4547 237
4548 218
4549 209
4550 208
4551 192
4552 228
4553 213
4554 190
4555 193
4556 123
4557 276
4558 219
4559 237
4560 199
4561 240
4562 181
4563 213
4564 224
4565 216
4566 194
4567 228
4568 231
4569 193
4570 189
4571 241
4572 211
4573 204
4574 208
4575 231
4576 224
4577 190
4578 197
4579 207
4580 194
4581 238
4582 210
4583 184
4584 199
4585 195
4586 218
4587 225
4588 231
4589 188
4590 207
4591 209
4592 190
4593 214
4594 246
4595 240
4596 239
4597 207
4598 224
4599 212
4600 177
4601 194
4602 191
4603 270
4604 144
4605 180
4606 235
4607 196
4608 205
4609 230
4610 190
4611 234
4612 208
4613 210
4614 192
4615 239
4616 227
4617 225
4618 197
4619 225
4620 197
4621 231
4622 189
4623 214
4624 205
4625 225
4626 226
4627 192
4628 191
4629 176
4630 218
4631 177
4632 213
4633 191
4634 211
4635 213
4636 206
4637 213
4638 189
4639 174
4640 219
4641 185
4642 213
4643 200
4644 178
4645 220
4646 215
4647 231
4648 248
4649 216
4650 218
4651 219
4652 207
4653 229
4654 174
4655 217
4656 223
4657 211
4658 190
4659 206
4660 202
4661 215
4662 212
4663 245
4664 191
4665 203
4666 226
4667 203
4668 202
4669 224
4670 213
4671 184
4672 149
4673 214
4674 196
4675 204
4676 227
4677 238
4678 196
4679 207
4680 211
4681 225
4682 221
4683 201
4684 205
4685 158
4686 220
4687 243
4688 161
4689 219
4690 257
4691 200
4692 204
4693 185
4694 238
4695 165
4696 200
4697 231
4698 164
4699 197
4700 248
4701 188
4702 215
4703 219
4704 221
4705 213
4706 228
4707 178
4708 194
4709 195
4710 163
4711 257
4712 229
4713 193
4714 257
4715 138
4716 221
4717 177
4718 207
4719 193
4720 179
4721 257
4722 251
4723 214
4724 196
4725 169
4726 216
4727 214
4728 250
4729 203
4730 209
4731 224
4732 231
4733 202
4734 174
4735 185
4736 205
4737 179
4738 178
4739 225
4740 174
4741 184
4742 288
4743 200
4744 225
4745 228
4746 119
4747 241
4748 183
4749 216
4750 225
4751 307
4752 180
4753 164
4754 189
4755 201
4756 164
4757 168
4758 213
4759 246
4760 232
4761 204
4762 218
4763 193
4764 246
4765 199
4766 244
4767 211
4768 219
4769 223
4770 220
4771 212
4772 189
4773 193
4774 202
4775 193
4776 183
4777 219
4778 160
4779 220
4780 212
4781 207
4782 209
4783 248
4784 227
4785 208
4786 194
4787 179
4788 217
4789 201
4790 253
4791 259
4792 231
4793 84
4794 217
4795 224
4796 241
4797 210
4798 235
4799 220
4800 264
4801 208
4802 222
4803 220
4804 201
4805 207
4806 200
4807 211
4808 186
4809 232
4810 209
4811 182
4812 246
4813 215
4814 176
4815 203
4816 224
4817 116
4818 216
4819 207
4820 152
4821 210
4822 171
4823 256
4824 255
4825 226
4826 209
4827 212
4828 158
4829 152
4830 199
4831 202
4832 205
4833 199
4834 180
4835 220
4836 217
4837 233
4838 243
4839 208
4840 230
4841 222
4842 189
4843 202
4844 212
4845 245
4846 211
4847 167
4848 170
4849 194
4850 188
4851 217
4852 205
4853 229
4854 193
4855 243
4856 201
4857 202
4858 221
4859 228
4860 205
4861 195
4862 203
4863 203
4864 256
4865 251
4866 219
4867 200
4868 120
4869 172
4870 181
4871 216
4872 191
4873 165
4874 233
4875 203
4876 240
4877 252
4878 226
4879 225
4880 245
4881 223
4882 226
4883 207
4884 239
4885 260
4886 221
4887 185
4888 188
4889 194
4890 225
4891 270
4892 220
4893 214
4894 201
4895 190
4896 206
4897 144
4898 207
4899 201
4900 223
4901 242
4902 187
4903 185
4904 223
4905 291
4906 171
4907 219
4908 204
4909 175
4910 221
4911 184
4912 224
4913 262
4914 190
4915 221
4916 242
4917 244
4918 224
4919 209
4920 214
4921 216
4922 208
4923 203
4924 158
4925 182
4926 178
4927 174
4928 239
4929 229
4930 186
4931 209
4932 199
4933 190
4934 190
4935 208
4936 180
4937 238
4938 258
4939 220
4940 221
4941 187
4942 221
4943 189
4944 182
4945 221
4946 166
4947 230
4948 298
4949 211
4950 186
4951 210
4952 246
4953 200
4954 220
4955 194
4956 177
4957 205
4958 227
4959 206
4960 217
4961 170
4962 222
4963 211
4964 198
4965 230
4966 225
4967 206
4968 240
4969 195
4970 224
4971 191
4972 188
4973 258
4974 203
4975 191
4976 210
4977 196
4978 243
4979 237
4980 227
4981 214
4982 202
4983 213
4984 235
4985 183
4986 195
4987 223
4988 178
4989 155
4990 249
4991 205
4992 187
4993 199
4994 217
4995 242
4996 199
4997 139
4998 226
4999 196
5000 198
5001 222
5002 143
5003 228
5004 226
5005 204
5006 236
5007 258
5008 251
5009 186
5010 237
5011 244
5012 209
5013 175
5014 221
5015 225
5016 226
5017 271
5018 175
5019 250
5020 236
5021 221
5022 161
5023 185
5024 181
5025 202
5026 239
5027 209
5028 229
5029 202
5030 194
5031 211
5032 247
5033 183
5034 248
5035 202
5036 223
5037 223
5038 189
5039 223
5040 168
5041 216
5042 211
5043 203
5044 184
5045 215
5046 194
5047 188
5048 231
5049 174
5050 228
5051 195
5052 230
5053 186
5054 216
5055 235
5056 158
5057 199
5058 203
5059 224
5060 236
5061 207
5062 250
5063 214
5064 181
5065 192
5066 212
5067 187
5068 183
5069 197
5070 248
5071 240
5072 243
5073 225
5074 173
5075 185
5076 144
5077 186
5078 165
5079 139
5080 153
5081 172
5082 183
5083 194
5084 187
5085 177
5086 188
5087 291
5088 179
5089 198
5090 207
5091 189
5092 231
5093 212
5094 206
5095 206
5096 225
5097 190
5098 196
5099 175
5100 233
5101 295
5102 212
5103 209
5104 208
5105 174
5106 188
5107 209
5108 255
5109 199
5110 198
5111 241
5112 195
5113 196
5114 182
5115 196
5116 182
5117 233
5118 232
5119 155
5120 200
5121 194
5122 225
5123 232
5124 198
5125 200
5126 205
5127 223
5128 230
5129 210
5130 166
5131 207
5132 234
5133 231
5134 169
5135 220
5136 159
5137 209
5138 207
5139 232
5140 219
5141 203
5142 162
5143 215
5144 187
5145 207
5146 199
5147 240
5148 220
5149 158
5150 235
5151 244
5152 248
5153 206
5154 216
5155 126
5156 214
5157 192
5158 233
5159 232
5160 204
5161 226
5162 206
5163 245
5164 198
5165 203
5166 208
5167 212
5168 220
5169 283
5170 207
5171 207
5172 188
5173 214
5174 220
5175 219
5176 228
5177 199
5178 249
5179 174
5180 214
5181 215
5182 205
5183 186
5184 241
5185 189
5186 213
5187 227
5188 203
5189 223
5190 143
5191 207
5192 218
5193 223
5194 222
5195 196
5196 210
5197 211
5198 241
5199 230
5200 215
5201 190
5202 216
5203 217
5204 199
5205 193
5206 194
5207 209
5208 148
5209 227
5210 193
5211 213
5212 200
5213 239
5214 144
5215 212
5216 239
5217 197
5218 253
5219 137
5220 185
5221 203
5222 224
5223 171
5224 248
5225 256
5226 210
5227 209
5228 200
5229 180
5230 216
5231 187
5232 201
5233 181
5234 177
5235 201
5236 245
5237 205
5238 212
5239 207
5240 229
5241 229
5242 184
5243 203
5244 190
5245 226
5246 206
5247 209
5248 189
5249 251
5250 244
5251 208
5252 197
5253 211
5254 211
5255 229
5256 183
5257 212
5258 218
5259 214
5260 207
5261 212
5262 180
5263 168
5264 229
5265 197
5266 246
5267 214
5268 185
5269 241
5270 227
5271 239
5272 229
5273 240
5274 207
5275 201
5276 224
5277 213
5278 169
5279 217
5280 222
5281 176
5282 200
5283 266
5284 227
5285 210
5286 225
5287 174
5288 194
5289 159
5290 204
5291 210
5292 212
5293 232
5294 166
5295 204
5296 207
5297 184
5298 232
5299 253
5300 225
5301 197
5302 229
5303 222
5304 274
5305 199
5306 193
5307 183
5308 224
5309 237
5310 274
5311 234
5312 246
5313 208
5314 239
5315 220
5316 195
5317 263
5318 189
5319 219
5320 152
5321 148
5322 231
5323 212
5324 201
5325 254
5326 157
5327 187
5328 253
5329 178
5330 207
5331 198
5332 198
5333 249
5334 187
5335 271
5336 193
5337 220
5338 216
5339 231
5340 210
5341 236
5342 183
5343 189
5344 181
5345 210
5346 210
5347 213
5348 188
5349 247
5350 227
5351 230
5352 277
5353 215
5354 207
5355 173
5356 190
5357 222
5358 126
5359 232
5360 218
5361 231
5362 178
5363 160
5364 207
5365 197
5366 197
5367 232
5368 225
5369 191
5370 113
5371 275
5372 192
5373 187
5374 238
5375 171
5376 198
5377 182
5378 225
5379 190
5380 204
5381 262
5382 204
5383 238
5384 222
5385 224
5386 240
5387 219
5388 202
5389 202
5390 245
5391 198
5392 215
5393 247
5394 191
5395 219
5396 185
5397 221
5398 223
5399 196
5400 204
5401 261
5402 218
5403 165
5404 181
5405 225
5406 196
5407 177
5408 218
5409 174
5410 193
5411 214
5412 205
5413 246
5414 202
5415 236
5416 198
5417 197
5418 201
5419 214
5420 285
5421 215
5422 192
5423 207
5424 223
5425 154
5426 248
5427 194
5428 197
5429 221
5430 193
5431 199
5432 222
5433 198
5434 223
5435 255
5436 198
5437 224
5438 216
5439 197
5440 188
5441 200
5442 243
5443 212
5444 225
5445 183
5446 211
5447 196
5448 203
5449 205
5450 257
5451 213
5452 180
5453 225
5454 199
5455 225
5456 189
5457 215
5458 253
5459 280
5460 192
5461 207
5462 218
5463 215
5464 196
5465 238
5466 211
5467 201
5468 212
5469 175
5470 178
5471 180
5472 242
5473 214
5474 240
5475 206
5476 195
5477 180
5478 201
5479 191
5480 188
5481 234
5482 184
5483 250
5484 180
5485 179
5486 248
5487 219
5488 240
5489 188
5490 195
5491 193
5492 219
5493 245
5494 226
5495 192
5496 205
5497 164
5498 175
5499 184
5500 212
5501 246
5502 172
5503 196
5504 154
5505 195
5506 175
5507 231
5508 261
5509 192
5510 174
5511 220
5512 210
5513 283
5514 185
5515 174
5516 220
5517 190
5518 209
5519 218
5520 199
5521 233
5522 254
5523 254
5524 233
5525 233
5526 200
5527 190
5528 246
5529 217
5530 206
5531 243
5532 210
5533 207
5534 192
5535 220
5536 188
5537 200
5538 106
5539 188
5540 263
5541 226
5542 208
5543 205
5544 205
5545 181
5546 220
5547 177
5548 194
5549 201
5550 222
5551 193
5552 187
5553 156
5554 191
5555 227
5556 237
5557 159
5558 211
5559 218
5560 221
5561 216
5562 182
5563 217
5564 202
5565 244
5566 182
5567 193
5568 195
5569 189
5570 228
5571 84
5572 193
5573 216
5574 202
5575 204
5576 245
5577 215
5578 214
5579 203
5580 224
5581 216
5582 221
5583 217
5584 230
5585 149
5586 213
5587 217
5588 226
5589 217
5590 229
5591 215
5592 215
5593 196
5594 215
5595 195
5596 174
5597 208
5598 215
5599 232
5600 203
5601 183
5602 215
5603 204
5604 204
5605 274
5606 103
5607 246
5608 185
5609 170
5610 209
5611 222
5612 198
5613 183
5614 188
5615 199
5616 232
5617 195
5618 202
5619 199
5620 239
5621 142
5622 206
5623 228
5624 186
5625 200
5626 245
5627 200
5628 198
5629 234
5630 274
5631 177
5632 247
5633 186
5634 253
5635 232
5636 192
5637 209
5638 207
5639 169
5640 172
5641 193
5642 210
5643 200
5644 231
5645 213
5646 140
5647 252
5648 168
5649 249
5650 189
5651 210
5652 181
5653 215
5654 138
5655 212
5656 180
5657 182
5658 210
5659 272
5660 226
5661 248
5662 174
5663 172
5664 207
5665 186
5666 170
5667 188
5668 197
5669 196
5670 227
5671 144
5672 243
5673 220
5674 210
5675 221
5676 199
5677 213
5678 233
5679 177
5680 227
5681 229
5682 185
5683 205
5684 225
5685 193
5686 252
5687 197
5688 182
5689 210
5690 237
5691 218
5692 234
5693 172
5694 222
5695 207
5696 216
5697 192
5698 290
5699 212
5700 182
5701 262
5702 217
5703 208
5704 227
5705 214
5706 209
5707 205
5708 165
5709 216
5710 192
5711 186
5712 232
5713 234
5714 217
5715 218
5716 193
5717 218
5718 211
5719 202
5720 223
5721 219
5722 247
5723 213
5724 216
5725 172
5726 214
5727 160
5728 214
5729 198
5730 172
5731 221
5732 266
5733 179
5734 208
5735 196
5736 190
5737 244
5738 214
5739 189
5740 272
5741 204
5742 200
5743 280
5744 207
5745 213
5746 201
5747 193
5748 217
5749 231
5750 205
5751 217
5752 176
5753 214
5754 213
5755 244
5756 194
5757 220
5758 227
5759 224
5760 255
5761 227
5762 220
5763 221
5764 220
5765 206
5766 226
5767 213
5768 247
5769 192
5770 203
5771 243
5772 194
5773 233
5774 280
5775 186
5776 170
5777 177
5778 210
5779 166
5780 162
5781 219
5782 184
5783 219
5784 200
5785 230
5786 237
5787 189
5788 219
5789 209
5790 163
5791 217
5792 249
5793 198
5794 194
5795 205
5796 198
5797 212
5798 207
5799 233
5800 232
5801 209
5802 232
5803 224
5804 200
5805 196
5806 172
5807 223
5808 216
5809 217
5810 0
5811 231
5812 223
5813 110
5814 177
5815 198
5816 269
5817 252
5818 163
5819 216
5820 208
5821 205
5822 230
5823 207
5824 212
5825 178
5826 205
5827 222
5828 221
5829 218
5830 237
5831 182
5832 223
5833 219
5834 181
5835 188
5836 218
5837 205
5838 228
5839 211
5840 194
5841 164
5842 226
5843 177
5844 186
5845 191
5846 168
5847 196
5848 193
5849 225
5850 211
5851 214
5852 202
5853 226
5854 216
5855 185
5856 179
5857 180
5858 237
5859 197
5860 201
5861 192
5862 162
5863 211
5864 205
5865 194
5866 235
5867 237
5868 243
5869 228
5870 203
5871 235
5872 217
5873 219
5874 195
5875 212
5876 210
5877 193
5878 204
5879 242
5880 207
5881 187
5882 228
5883 186
5884 206
5885 216
5886 207
5887 234
5888 211
5889 255
5890 208
5891 220
5892 190
5893 224
5894 196
5895 243
5896 233
5897 209
5898 176
5899 238
5900 208
5901 243
5902 204
5903 206
5904 200
5905 215
5906 212
5907 248
5908 192
5909 208
5910 218
5911 217
5912 252
5913 218
5914 207
5915 221
5916 200
5917 218
5918 192
5919 237
5920 206
5921 215
5922 216
5923 211
5924 166
5925 157
5926 219
5927 207
5928 234
5929 207
5930 188
5931 159
5932 159
5933 188
5934 218
5935 213
5936 201
5937 188
5938 173
5939 213
5940 215
5941 168
5942 213
5943 223
5944 202
5945 203
5946 162
5947 182
5948 219
5949 185
5950 215
5951 240
5952 221
5953 190
5954 219
5955 203
5956 222
5957 197
5958 173
5959 227
5960 231
5961 196
5962 134
5963 216
5964 210
5965 251
5966 214
5967 211
5968 193
5969 219
5970 187
5971 204
5972 194
5973 207
5974 193
5975 210
5976 211
5977 195
5978 215
5979 131
5980 198
5981 221
5982 242
5983 203
5984 240
5985 223
5986 209
5987 224
5988 197
5989 189
5990 212
5991 218
5992 205
5993 222
5994 201
5995 205
5996 255
5997 228
5998 194
5999 199
6000 232
6001 159
6002 252
6003 211
6004 221
6005 181
6006 243
6007 206
6008 233
6009 224
6010 278
6011 152
6012 178
6013 211
6014 179
6015 184
6016 208
6017 208
6018 233
6019 204
6020 192
6021 242
6022 195
6023 198
6024 251
6025 216
6026 189
6027 206
6028 177
6029 212
6030 196
6031 180
6032 224
6033 207
6034 207
6035 213
6036 193
6037 218
6038 229
6039 215
6040 151
6041 245
6042 210
6043 235
6044 233
6045 193
6046 211
6047 250
6048 189
6049 217
6050 205
6051 211
6052 204
6053 175
6054 225
6055 224
6056 207
6057 234
6058 199
6059 179
6060 218
6061 190
6062 196
6063 227
6064 189
6065 161
6066 224
6067 206
6068 233
6069 193
6070 225
6071 191
6072 185
6073 231
6074 227
6075 241
6076 220
6077 226
6078 200
6079 220
6080 197
6081 237
6082 270
6083 215
6084 194
6085 237
6086 192
6087 209
6088 181
6089 208
6090 246
6091 216
6092 191
6093 228
6094 190
6095 185
6096 215
6097 192
6098 239
6099 163
6100 207
6101 213
6102 184
6103 204
6104 205
6105 249
6106 197
6107 176
6108 197
6109 173
6110 175
6111 169
6112 199
6113 168
6114 208
6115 256
6116 222
6117 218
6118 238
6119 222
6120 232
6121 217
6122 203
6123 226
6124 180
6125 236
6126 235
6127 233
6128 251
6129 188
6130 204
6131 174
6132 220
6133 242
6134 205
6135 193
6136 180
6137 204
6138 198
6139 195
6140 230
6141 215
6142 221
6143 212
6144 194
6145 195
6146 157
6147 216
6148 207
6149 197
6150 212
6151 226
6152 211
6153 163
6154 214
6155 238
6156 240
6157 142
6158 226
6159 235
6160 173
6161 232
6162 242
6163 172
6164 189
6165 205
6166 220
6167 210
6168 187
6169 227
6170 263
6171 204
6172 209
6173 208
6174 218
6175 204
6176 216
6177 256
6178 218
6179 147
6180 217
6181 189
6182 217
6183 216
6184 219
6185 244
6186 254
6187 170
6188 232
6189 232
6190 265
6191 198
6192 209
6193 230
6194 224
6195 192
6196 227
6197 176
6198 213
6199 230
6200 207
6201 182
6202 207
6203 228
6204 223
6205 187
6206 123
6207 209
6208 235
6209 205
6210 225
6211 169
6212 209
6213 226
6214 219
6215 231
6216 232
6217 229
6218 208
6219 175
6220 217
6221 205
6222 199
6223 277
6224 213
6225 185
6226 253
6227 237
6228 190
6229 228
6230 224
6231 242
6232 202
6233 258
6234 244
6235 225
6236 213
6237 179
6238 193
6239 220
6240 227
6241 190
6242 211
6243 250
6244 172
6245 206
6246 211
6247 218
6248 205
6249 233
6250 259
6251 223
6252 199
6253 193
6254 202
6255 191
6256 241
6257 211
6258 228
6259 191
6260 273
6261 212
6262 233
6263 229
6264 179
6265 190
6266 195
6267 232
6268 171
6269 204
6270 183
6271 288
6272 154
6273 194
6274 229
6275 258
6276 205
6277 206
6278 231
6279 116
6280 220
6281 188
6282 256
6283 174
6284 191
6285 246
6286 199
6287 195
6288 205
6289 181
6290 215
6291 181
6292 217
6293 241
6294 220
6295 240
6296 201
6297 206
6298 204
6299 211
6300 196
6301 175
6302 209
6303 229
6304 176
6305 298
6306 215
6307 212
6308 235
6309 202
6310 177
6311 247
6312 148
6313 178
6314 232
6315 218
6316 228
6317 202
6318 200
6319 210
6320 152
6321 214
6322 261
6323 206
6324 247
6325 203
6326 242
6327 222
6328 173
6329 191
6330 235
6331 217
6332 244
6333 209
6334 207
6335 231
6336 196
6337 188
6338 204
6339 245
6340 217
6341 191
6342 186
6343 186
6344 249
6345 216
6346 229
6347 221
6348 203
6349 215
6350 224
6351 223
6352 187
6353 247
6354 187
6355 217
6356 211
6357 244
6358 206
6359 217
6360 247
6361 191
6362 205
6363 277
6364 199
6365 280
6366 229
6367 222
6368 209
6369 211
6370 184
6371 0
6372 193
6373 184
6374 242
6375 197
6376 215
6377 245
6378 206
6379 148
6380 209
6381 264
6382 192
6383 188
6384 214
6385 175
6386 211
6387 213
6388 280
6389 274
6390 240
6391 215
6392 201
6393 163
6394 202
6395 252
6396 220
6397 235
6398 203
6399 164
6400 202
6401 230
6402 230
6403 229
6404 184
6405 207
6406 198
6407 221
6408 268
6409 204
6410 221
6411 244
6412 205
6413 229
6414 213
6415 209
6416 257
6417 185
6418 238
6419 217
6420 215
6421 212
6422 188
6423 150
6424 224
6425 158
6426 219
6427 186
6428 187
6429 175
6430 222
6431 213
6432 200
6433 209
6434 235
6435 215
6436 187
6437 192
6438 233
6439 178
6440 202
6441 204
6442 220
6443 214
6444 261
6445 222
6446 199
6447 215
6448 195
6449 196
6450 207
6451 210
6452 201
6453 229
6454 219
6455 197
6456 225
6457 192
6458 171
6459 206
6460 222
6461 221
6462 208
6463 242
6464 177
6465 199
6466 203
6467 227
6468 176
6469 263
6470 223
6471 223
6472 214
6473 171
6474 169
6475 265
6476 206
6477 111
6478 196
6479 207
6480 186
6481 197
6482 202
6483 259
6484 217
6485 185
6486 234
6487 221
6488 219
6489 204
6490 190
6491 253
6492 223
6493 163
6494 188
6495 197
6496 207
6497 213
6498 207
6499 172
6500 222
6501 222
6502 238
6503 167
6504 145
6505 187
6506 258
6507 168
6508 224
6509 218
6510 165
6511 225
6512 208
6513 189
6514 263
6515 232
6516 253
6517 169
6518 286
6519 252
6520 166
6521 148
6522 199
6523 229
6524 153
6525 253
6526 226
6527 186
6528 244
6529 191
6530 190
6531 221
6532 193
6533 205
6534 170
6535 192
6536 184
6537 178
6538 206
6539 246
6540 194
6541 213
6542 195
6543 250
6544 194
6545 221
6546 186
6547 199
6548 209
6549 231
6550 201
6551 210
6552 260
6553 202
6554 228
6555 219
6556 252
6557 186
6558 182
6559 233
6560 192
6561 186
6562 192
6563 206
6564 239
6565 262
6566 226
6567 228
6568 260
6569 188
6570 154
6571 223
6572 232
6573 219
6574 182
6575 214
6576 193
6577 272
6578 195
6579 214
6580 218
6581 253
6582 212
6583 198
6584 179
6585 216
6586 237
6587 195
6588 209
6589 198
6590 206
6591 193
6592 198
6593 211
6594 188
6595 195
6596 217
6597 174
6598 257
6599 261
6600 193
6601 208
6602 137
6603 189
6604 226
6605 229
6606 228
6607 181
6608 225
6609 200
6610 229
6611 219
6612 217
6613 220
6614 268
6615 211
6616 208
6617 181
6618 187
6619 194
6620 213
6621 218
6622 228
6623 225
6624 204
6625 252
6626 189
6627 275
6628 268
6629 166
6630 204
6631 226
6632 220
6633 205
6634 160
6635 203
6636 215
6637 127
6638 203
6639 218
6640 186
6641 202
6642 192
6643 158
6644 236
6645 185
6646 227
6647 188
6648 215
6649 97
6650 204
6651 200
6652 193
6653 193
6654 201
6655 220
6656 210
6657 185
6658 198
6659 199
6660 196
6661 214
6662 197
6663 209
6664 190
6665 186
6666 250
6667 194
6668 183
6669 185
6670 198
6671 227
6672 217
6673 216
6674 192
6675 244
6676 251
6677 136
6678 192
6679 202
6680 260
6681 211
6682 193
6683 201
6684 279
6685 236
6686 264
6687 221
6688 239
6689 221
6690 189
6691 166
6692 191
6693 259
6694 251
6695 195
6696 190
6697 226
6698 203
6699 204
6700 201
6701 208
6702 134
6703 205
6704 211
6705 249
6706 194
6707 239
6708 196
6709 226
6710 278
6711 116
6712 182
6713 195
6714 212
6715 175
6716 186
6717 200
6718 236
6719 230
6720 204
6721 161
6722 219
6723 227
6724 169
6725 245
6726 236
6727 221
6728 187
6729 206
6730 208
6731 160
6732 213
6733 223
6734 186
6735 198
6736 192
6737 201
6738 188
6739 220
6740 284
6741 233
6742 226
6743 210
6744 205
6745 183
6746 220
6747 203
6748 163
6749 215
6750 184
6751 218
6752 223
6753 169
6754 205
6755 245
6756 168
6757 220
6758 210
6759 210
6760 215
6761 232
6762 183
6763 0
6764 217
6765 216
6766 228
6767 166
6768 236
6769 185
6770 199
6771 207
6772 214
6773 226
6774 211
6775 203
6776 205
6777 232
6778 216
6779 213
6780 225
6781 186
6782 214
6783 212
6784 239
6785 229
6786 201
6787 233
6788 215
6789 234
6790 207
6791 206
6792 210
6793 162
6794 237
6795 185
6796 202
6797 228
6798 208
6799 161
6800 233
6801 194
6802 258
6803 200
6804 228
6805 191
6806 222
6807 156
6808 194
6809 205
6810 215
6811 214
6812 214
6813 183
6814 207
6815 214
6816 213
6817 188
6818 243
6819 223
6820 205
6821 201
6822 224
6823 200
6824 175
6825 160
6826 211
6827 200
6828 227
6829 225
6830 220
6831 193
6832 182
6833 213
6834 218
6835 182
6836 208
6837 208
6838 203
6839 204
6840 168
6841 198
6842 185
6843 231
6844 209
6845 243
6846 192
6847 216
6848 163
6849 191
6850 198
6851 239
6852 211
6853 216
6854 132
6855 256
6856 238
6857 192
6858 210
6859 222
6860 196
6861 256
6862 231
6863 190
6864 232
6865 209
6866 192
6867 233
6868 201
6869 204
6870 163
6871 185
6872 206
6873 194
6874 215
6875 223
6876 194
6877 226
6878 167
6879 132
6880 225
6881 203
6882 134
6883 209
6884 191
6885 233
6886 192
6887 192
6888 218
6889 215
6890 255
6891 255
6892 226
6893 214
6894 230
6895 172
6896 246
6897 194
6898 195
6899 209
6900 194
6901 233
6902 211
6903 171
6904 181
6905 179
6906 249
6907 173
6908 194
6909 209
6910 187
6911 227
6912 193
6913 180
6914 197
6915 0
6916 219
6917 205
6918 187
6919 208
6920 202
6921 231
6922 197
6923 171
6924 234
6925 233
6926 187
6927 241
6928 200
6929 193
6930 243
6931 227
6932 182
6933 162
6934 204
6935 185
6936 193
6937 222
6938 191
6939 172
6940 229
6941 198
6942 169
6943 215
6944 260
6945 255
6946 228
6947 189
6948 226
6949 234
6950 184
6951 219
6952 188
6953 231
6954 284
6955 0
6956 227
6957 216
6958 188
6959 213
6960 204
6961 219
6962 197
6963 250
6964 219
6965 217
6966 148
6967 194
6968 194
6969 170
6970 187
6971 211
6972 216
6973 237
6974 149
6975 242
6976 199
6977 198
6978 184
6979 249
6980 175
6981 169
6982 214
6983 193
6984 205
6985 153
6986 195
6987 219
6988 144
6989 207
6990 199
6991 208
6992 244
6993 191
6994 206
6995 249
6996 217
6997 256
6998 191
6999 190
7000 158
7001 188
7002 177
7003 231
7004 205
7005 218
7006 222
7007 201
7008 177
7009 225
7010 192
7011 224
7012 200
7013 255
7014 195
7015 223
7016 219
7017 231
7018 265
7019 230
7020 228
7021 221
7022 211
7023 190
7024 198
7025 236
7026 201
7027 183
7028 196
7029 261
7030 179
7031 161
7032 220
7033 219
7034 152
7035 152
7036 186
7037 247
7038 239
7039 230
7040 213
7041 194
7042 201
7043 204
7044 207
7045 225
7046 210
7047 183
7048 245
7049 235
7050 233
7051 196
7052 184
7053 199
7054 239
7055 229
7056 240
7057 234
7058 209
7059 204
7060 202
7061 199
7062 216
7063 216
7064 219
7065 209
7066 190
7067 246
7068 181
7069 215
7070 276
7071 229
7072 268
7073 220
7074 201
7075 193
7076 240
7077 203
7078 203
7079 228
7080 259
7081 221
7082 204
7083 193
7084 208
7085 165
7086 237
7087 195
7088 200
7089 186
7090 183
7091 194
7092 210
7093 182
7094 218
7095 235
7096 225
7097 227
7098 167
7099 208
7100 273
7101 208
7102 177
7103 196
7104 207
7105 120
7106 225
7107 174
7108 202
7109 179
7110 165
7111 232
7112 188
7113 173
7114 230
7115 181
7116 201
7117 231
7118 197
7119 186
7120 199
7121 227
7122 201
7123 225
7124 256
7125 183
7126 223
7127 184
7128 203
7129 242
7130 203
7131 199
7132 218
7133 202
7134 256
7135 217
7136 201
7137 212
7138 216
7139 200
7140 233
7141 195
7142 224
7143 220
7144 216
7145 182
7146 214
7147 231
7148 202
7149 207
7150 158
7151 193
7152 166
7153 157
7154 188
7155 203
7156 217
7157 235
7158 202
7159 225
7160 233
7161 182
7162 230
7163 188
7164 201
7165 190
7166 195
7167 217
7168 231
7169 209
7170 180
7171 174
7172 197
7173 208
7174 158
7175 237
7176 207
7177 202
7178 198
7179 261
7180 197
7181 286
7182 227
7183 215
7184 189
7185 241
7186 212
7187 234
7188 195
7189 226
7190 207
7191 186
7192 206
7193 229
7194 212
7195 228
7196 201
7197 216
7198 227
7199 197
7200 247
7201 244
7202 210
7203 207
7204 234
7205 184
7206 213
7207 225
7208 239
7209 199
7210 283
7211 269
7212 185
7213 200
7214 179
7215 216
7216 222
7217 175
7218 212
7219 223
7220 238
7221 214
7222 218
7223 201
7224 215
7225 216
7226 226
7227 206
7228 214
7229 268
7230 216
7231 209
7232 216
7233 208
7234 210
7235 252
7236 203
7237 185
7238 172
7239 192
7240 212
7241 226
7242 191
7243 197
7244 166
7245 209
7246 208
7247 262
7248 183
7249 244
7250 217
7251 168
7252 218
7253 239
7254 205
7255 214
7256 273
7257 224
7258 220
7259 220
7260 184
7261 170
7262 190
7263 189
7264 202
7265 214
7266 198
7267 182
7268 178
7269 171
7270 219
7271 237
7272 231
7273 227
7274 205
7275 251
7276 203
7277 182
7278 203
7279 209
7280 183
7281 211
7282 217
7283 237
7284 155
7285 205
7286 146
7287 253
7288 208
7289 201
7290 188
7291 207
7292 214
7293 203
7294 155
7295 198
7296 215
7297 196
7298 177
7299 195
7300 230
7301 195
7302 215
7303 161
7304 234
7305 234
7306 213
7307 248
7308 193
7309 213
7310 254
7311 231
7312 207
7313 175
7314 238
7315 204
7316 232
7317 220
7318 231
7319 199
7320 220
7321 220
7322 242
7323 227
7324 240
7325 287
7326 205
7327 150
7328 213
7329 192
7330 182
7331 192
7332 188
7333 232
7334 258
7335 255
7336 200
7337 207
7338 222
7339 186
7340 238
7341 230
7342 192
7343 202
7344 225
7345 248
7346 228
7347 193
7348 269
7349 199
7350 218
7351 205
7352 221
7353 210
7354 226
7355 202
7356 172
7357 210
7358 188
7359 217
7360 196
7361 228
7362 226
7363 179
7364 172
7365 214
7366 151
7367 257
7368 191
7369 234
7370 225
7371 242
7372 202
7373 200
7374 211
7375 194
7376 221
7377 251
7378 215
7379 209
7380 223
7381 195
7382 126
7383 150
7384 264
7385 236
7386 192
7387 220
7388 216
7389 183
7390 199
7391 236
7392 149
7393 212
7394 230
7395 190
7396 230
7397 198
7398 251
7399 156
7400 223
7401 161
7402 221
7403 236
7404 182
7405 207
7406 272
7407 216
7408 256
7409 177
7410 175
7411 206
7412 220
7413 208
7414 213
7415 245
7416 213
7417 212
7418 209
7419 184
7420 262
7421 248
7422 182
7423 195
7424 193
7425 205
7426 220
7427 200
7428 243
7429 183
7430 239
7431 156
7432 202
7433 218
7434 158
7435 238
7436 197
7437 240
7438 175
7439 188
7440 219
7441 217
7442 172
7443 202
7444 213
7445 188
7446 210
7447 231
7448 188
7449 243
7450 248
7451 217
7452 235
7453 201
7454 245
7455 249
7456 187
7457 228
7458 124
7459 213
7460 237
7461 226
7462 198
7463 169
7464 212
7465 191
7466 242
7467 181
7468 207
7469 223
7470 184
7471 233
7472 225
7473 228
7474 188
7475 195
7476 186
7477 192
7478 182
7479 215
7480 200
7481 246
7482 172
7483 215
7484 217
7485 199
7486 234
7487 124
7488 186
7489 217
7490 212
7491 195
7492 215
7493 224
7494 205
7495 207
7496 200
7497 193
7498 210
7499 202
7500 227
7501 223
7502 157
7503 179
7504 158
7505 273
7506 211
7507 167
7508 217
7509 205
7510 207
7511 185
7512 196
7513 183
7514 215
7515 182
7516 229
7517 211
7518 235
7519 223
7520 234
7521 210
7522 194
7523 237
7524 222
7525 222
7526 255
7527 218
7528 206
7529 216
7530 199
7531 174
7532 160
7533 176
7534 172
7535 207
7536 203
7537 217
7538 251
7539 188
7540 161
7541 186
7542 185
7543 220
7544 196
7545 213
7546 169
7547 199
7548 230
7549 214
7550 188
7551 237
7552 192
7553 183
7554 199
7555 176
7556 246
7557 209
7558 202
7559 204
7560 241
7561 217
7562 220
7563 175
7564 177
7565 212
7566 190
7567 196
7568 153
7569 183
7570 186
7571 217
7572 182
7573 192
7574 224
7575 172
7576 236
7577 211
7578 192
7579 257
7580 190
7581 200
7582 192
7583 177
7584 224
7585 218
7586 183
7587 202
7588 188
7589 32
7590 230
7591 211
7592 181
7593 187
7594 171
7595 168
7596 222
7597 212
7598 196
7599 216
7600 149
7601 228
7602 214
7603 200
7604 209
7605 202
7606 209
7607 238
7608 216
7609 223
7610 202
7611 220
7612 186
7613 192
7614 178
7615 198
7616 204
7617 174
7618 263
7619 168
7620 222
7621 251
7622 208
7623 247
7624 182
7625 192
7626 181
7627 276
7628 252
7629 191
7630 181
7631 180
7632 171
7633 219
7634 225
7635 183
7636 227
7637 252
7638 197
7639 195
7640 203
7641 195
7642 191
7643 247
7644 167
7645 252
7646 177
7647 171
7648 210
7649 216
7650 249
7651 215
7652 228
7653 205
7654 169
7655 220
7656 211
7657 248
7658 197
7659 228
7660 165
7661 210
7662 174
7663 192
7664 229
7665 215
7666 214
7667 210
7668 217
7669 212
7670 214
7671 218
7672 223
7673 238
7674 215
7675 221
7676 182
7677 203
7678 216
7679 209
7680 197
7681 216
7682 246
7683 196
7684 218
7685 182
7686 228
7687 170
7688 216
7689 199
7690 187
7691 199
7692 187
7693 182
7694 155
7695 206
7696 174
7697 231
7698 189
7699 178
7700 191
7701 174
7702 219
7703 218
7704 237
7705 240
7706 236
7707 253
7708 163
7709 226
7710 250
7711 187
7712 257
7713 204
7714 217
7715 247
7716 204
7717 227
7718 200
7719 224
7720 243
7721 221
7722 199
7723 218
7724 200
7725 180
7726 206
7727 201
7728 221
7729 206
7730 197
7731 200
7732 195
7733 228
7734 232
7735 239
7736 235
7737 166
7738 202
7739 258
7740 216
7741 235
7742 196
7743 197
7744 252
7745 227
7746 248
7747 203
7748 226
7749 245
7750 193
7751 249
7752 183
7753 229
7754 190
7755 186
7756 192
7757 225
7758 191
7759 194
7760 164
7761 233
7762 272
7763 202
7764 214
7765 182
7766 223
7767 226
7768 218
7769 194
7770 184
7771 236
7772 211
7773 233
7774 209
7775 210
7776 223
7777 219
7778 238
7779 192
7780 217
7781 248
7782 243
7783 216
7784 248
7785 223
7786 207
7787 238
7788 170
7789 217
7790 221
7791 224
7792 205
7793 231
7794 106
7795 210
7796 168
7797 198
7798 222
7799 218
