Vertices: 600
Edges: 4200
Time: 0,464 ms
Iterations: 4200
Vertex Distance
0 0
1 99
2 84
3 97
4 124
5 111
6 108
7 103
8 96
9 104
10 105
11 93
12 82
13 107
14 92
15 149
16 84
17 96
18 67
19 113
20 111
21 106
22 143
23 138
24 93
25 115
26 111
27 98
28 106
29 83
30 124
31 147
32 106
33 127
34 103
35 107
36 120
37 91
38 187
39 60
40 51
41 98
42 124
43 77
44 129
45 119
46 100
47 128
48 109
49 94
50 120
51 78
52 104
53 93
54 122
55 109
56 134
57 124
58 84
59 71
60 127
61 116
62 134
63 92
64 92
65 144
66 106
67 120
68 129
69 157
70 128
71 170
72 102
73 83
74 84
75 127
76 130
77 104
78 122
79 104
80 97
81 86
82 85
83 156
84 67
85 126
86 121
87 117
88 83
89 88
90 107
91 41
92 121
93 92
94 96
95 126
96 86
97 122
98 97
99 105
100 91
101 128
102 141
103 122
104 144
105 128
106 55
107 109
108 100
109 108
110 93
111 97
112 113
113 112
114 112
115 120
116 147
117 118
118 103
119 99
120 109
121 97
122 145
123 76
124 57
125 106
126 86
127 135
128 117
129 85
130 86
131 92
132 116
133 100
134 99
135 64
136 168
137 127
138 127
139 164
140 105
141 95
142 111
143 149
144 123
145 103
146 116
147 98
148 100
149 89
150 116
151 135
152 85
153 123
154 116
155 126
156 102
157 97
158 193
159 128
160 95
161 113
162 73
163 73
164 144
165 137
166 90
167 78
168 97
169 102
170 99
171 214
172 106
173 80
174 120
175 132
176 119
177 151
178 136
179 62
180 96
181 106
182 109
183 111
184 92
185 73
186 79
187 110
188 110
189 131
190 121
191 149
192 78
193 104
194 48
195 119
196 92
197 84
198 89
199 102
200 52
201 87
202 75
203 63
204 69
205 97
206 92
207 118
208 123
209 117
210 92
211 112
212 107
213 105
214 116
215 80
216 68
217 44
218 118
219 119
220 96
221 130
222 107
223 111
224 84
225 98
226 130
227 117
228 91
229 89
230 55
231 123
232 108
233 121
234 84
235 100
236 116
237 117
238 87
239 121
240 126
241 117
242 125
243 106
244 93
245 93
246 94
247 141
248 66
249 80
250 142
251 129
252 87
253 121
254 108
255 39
256 45
257 130
258 96
259 87
260 87
261 121
262 102
263 134
264 61
265 99
266 84
267 111
268 129
269 87
270 107
271 87
272 107
273 102
274 42
275 77
276 96
277 94
278 104
279 89
280 120
281 121
282 59
283 117
284 103
285 151
286 97
287 71
288 94
289 67
290 116
291 116
292 113
293 130
294 55
295 110
296 101
297 99
298 123
299 136
300 81
301 66
302 58
303 67
304 90
305 47
306 120
307 130
308 117
309 99
310 79
311 98
312 108
313 88
314 78
315 51
316 117
317 109
318 112
319 128
320 138
321 126
322 114
323 85
324 96
325 65
326 63
327 73
328 103
329 109
330 136
331 151
332 126
333 106
334 75
335 128
336 134
337 89
338 110
339 139
340 113
341 141
342 97
343 127
344 95
345 101
346 108
347 80
348 111
349 88
350 111
351 111
352 122
353 104
354 129
355 121
356 94
357 108
358 116
359 112
360 78
361 113
362 11
363 107
364 97
365 155
366 119
367 107
368 134
369 64
370 92
371 98
372 130
373 123
374 35
375 125
376 24
377 89
378 76
379 86
380 101
381 103
382 99
383 95
384 103
385 76
386 97
387 108
388 85
389 101
390 122
391 113
392 102
393 110
394 90
395 71
396 88
397 125
398 108
399 125
400 104
401 112
402 118
403 100
404 133
405 119
406 105
407 82
408 97
409 116
410 79
411 61
412 92
413 87
414 98
415 81
416 171
417 112
418 83
419 158
420 105
421 128
422 92
423 96
424 126
425 123
426 58
427 86
428 116
429 102
430 123
431 91
432 108
433 166
434 95
435 88
436 95
437 159
438 108
439 103
440 110
441 122
442 81
443 59
444 123
445 139
446 105
447 134
448 136
449 111
450 28
451 142
452 113
453 114
454 100
455 100
456 106
457 107
458 68
459 133
460 100
461 102
462 150
463 105
464 118
465 127
466 143
467 119
468 91
469 108
470 86
471 95
472 81
473 126
474 108
475 111
476 112
477 100
478 92
479 53
480 31
481 108
482 106
483 110
484 105
485 148
486 114
487 81
488 134
489 115
490 81
491 119
492 135
493 92
494 120
495 99
496 112
497 82
498 122
499 102
500 119
501 108
502 89
503 109
504 154
505 87
506 114
507 92
508 119
509 59
510 47
511 107
512 90
513 104
514 150
515 102
516 157
517 118
518 149
519 72
520 112
521 63
522 79
523 133
524 144
525 117
526 117
527 89
528 100
529 74
530 116
531 113
532 107
533 138
534 111
535 105
536 112
537 143
538 116
539 114
540 105
541 110
542 119
543 82
544 133
545 94
546 116
547 109
548 88
549 111
550 94
551 152
552 77
553 115
554 87
555 150
556 122
557 129
558 80
559 86
560 143
561 135
562 102
563 111
564 119
565 78
566 96
567 135
568 95
569 147
570 94
571 96
572 78
573 97
574 85
575 73
576 124
577 117
578 93
579 125
580 99
581 89
582 94
583 129
584 72
585 138
586 147
587 97
588 136
589 122
590 49
591 96
592 97
593 70
594 108
595 64
596 186
597 119
598 131
599 116
