Vertices: 4300
Edges: 30100
Time: 1,796 ms
Iterations: 30074
Vertex Distance
0 0
1 153
2 130
3 167
4 128
5 105
6 148
7 119
8 137
9 97
10 131
11 145
12 163
13 129
14 117
15 123
16 135
17 93
18 158
19 116
20 109
21 154
22 175
23 124
24 159
25 144
26 150
27 111
28 126
29 114
30 110
31 124
32 130
33 98
34 144
35 142
36 133
37 149
38 148
39 128
40 130
41 133
42 138
43 85
44 134
45 165
46 127
47 132
48 219
49 124
50 91
51 128
52 166
53 130
54 101
55 100
56 134
57 121
58 173
59 133
60 95
61 144
62 132
63 137
64 104
65 126
66 76
67 126
68 83
69 102
70 114
71 102
72 117
73 127
74 58
75 125
76 130
77 145
78 154
79 101
80 116
81 124
82 73
83 77
84 128
85 145
86 145
87 135
88 134
89 144
90 112
91 115
92 129
93 131
94 99
95 175
96 130
97 113
98 135
99 147
100 98
101 88
102 85
103 117
104 142
105 141
106 176
107 104
108 121
109 103
110 163
111 134
112 144
113 139
114 131
115 162
116 98
117 159
118 56
119 149
120 104
121 152
122 109
123 99
124 120
125 118
126 89
127 143
128 129
129 117
130 135
131 144
132 126
133 125
134 133
135 158
136 119
137 113
138 123
139 124
140 134
141 120
142 122
143 138
144 124
145 154
146 125
147 107
148 138
149 157
150 77
151 70
152 117
153 134
154 136
155 120
156 97
157 152
158 116
159 122
160 60
161 126
162 143
163 118
164 86
165 101
166 136
167 112
168 160
169 138
170 139
171 120
172 126
173 139
174 140
175 114
176 165
177 118
178 110
179 166
180 151
181 91
182 111
183 93
184 102
185 85
186 133
187 124
188 131
189 126
190 141
191 67
192 107
193 108
194 153
195 137
196 162
197 92
198 144
199 152
200 120
201 88
202 120
203 129
204 158
205 123
206 159
207 177
208 129
209 135
210 114
211 124
212 160
213 90
214 163
215 148
216 134
217 99
218 131
219 114
220 137
221 129
222 89
223 119
224 144
225 162
226 133
227 147
228 156
229 96
230 139
231 127
232 112
233 131
234 152
235 136
236 115
237 110
238 128
239 140
240 121
241 115
242 119
243 143
244 128
245 123
246 120
247 124
248 145
249 116
250 158
251 115
252 147
253 123
254 107
255 116
256 103
257 119
258 119
259 114
260 137
261 137
262 113
263 113
264 148
265 139
266 96
267 132
268 131
269 125
270 160
271 141
272 150
273 107
274 86
275 125
276 88
277 98
278 152
279 99
280 117
281 128
282 123
283 137
284 130
285 108
286 143
287 136
288 96
289 130
290 182
291 143
292 102
293 112
294 128
295 115
296 138
297 133
298 58
299 127
300 146
301 145
302 137
303 146
304 119
305 92
306 133
307 0
308 170
309 100
310 97
311 166
312 106
313 153
314 155
315 106
316 129
317 135
318 133
319 138
320 168
321 116
322 115
323 40
324 115
325 181
326 99
327 144
328 139
329 131
330 147
331 80
332 120
333 107
334 86
335 138
336 216
337 132
338 150
339 62
340 118
341 145
342 52
343 112
344 135
345 126
346 115
347 192
348 112
349 106
350 119
351 121
352 179
353 126
354 154
355 176
356 137
357 117
358 134
359 145
360 107
361 128
362 145
363 136
364 153
365 140
366 126
367 160
368 152
369 130
370 110
371 172
372 120
373 146
374 80
375 153
376 111
377 161
378 155
379 102
380 175
381 130
382 112
383 103
384 65
385 114
386 145
387 144
388 174
389 123
390 113
391 137
392 156
393 87
394 106
395 61
396 118
397 113
398 134
399 104
400 155
401 136
402 128
403 131
404 139
405 144
406 140
407 125
408 134
409 124
410 99
411 36
412 109
413 170
414 145
415 123
416 136
417 126
418 117
419 140
420 115
421 107
422 119
423 97
424 167
425 115
426 130
427 133
428 99
429 153
430 119
431 202
432 87
433 209
434 113
435 140
436 121
437 135
438 129
439 100
440 100
441 129
442 100
443 137
444 106
445 154
446 127
447 104
448 128
449 135
450 139
451 98
452 124
453 131
454 137
455 140
456 158
457 104
458 95
459 168
460 130
461 113
462 127
463 150
464 118
465 113
466 118
467 137
468 166
469 153
470 91
471 128
472 114
473 123
474 108
475 101
476 81
477 124
478 124
479 124
480 144
481 117
482 130
483 90
484 145
485 134
486 83
487 180
488 137
489 144
490 152
491 151
492 106
493 115
494 86
495 132
496 127
497 146
498 117
499 147
500 124
501 229
502 132
503 77
504 125
505 116
506 119
507 159
508 155
509 168
510 114
511 115
512 144
513 155
514 126
515 105
516 141
517 127
518 125
519 143
520 126
521 145
522 135
523 116
524 133
525 96
526 107
527 137
528 147
529 131
530 150
531 77
532 121
533 141
534 140
535 126
536 121
537 135
538 145
539 162
540 157
541 101
542 87
543 122
544 99
545 148
546 95
547 130
548 119
549 153
550 155
551 159
552 121
553 158
554 157
555 183
556 141
557 127
558 138
559 144
560 132
561 127
562 212
563 103
564 147
565 125
566 140
567 118
568 166
569 159
570 123
571 107
572 120
573 155
574 104
575 111
576 109
577 160
578 112
579 127
580 144
581 120
582 145
583 89
584 115
585 156
586 115
587 88
588 116
589 152
590 112
591 134
592 126
593 146
594 125
595 158
596 127
597 124
598 137
599 91
600 107
601 137
602 104
603 108
604 171
605 132
606 121
607 123
608 114
609 84
610 139
611 108
612 137
613 86
614 133
615 131
616 176
617 125
618 151
619 91
620 133
621 121
622 135
623 116
624 122
625 69
626 146
627 141
628 105
629 134
630 84
631 70
632 162
633 128
634 143
635 63
636 122
637 146
638 144
639 107
640 191
641 130
642 144
643 184
644 131
645 132
646 117
647 198
648 136
649 131
650 140
651 100
652 123
653 141
654 141
655 118
656 109
657 132
658 106
659 152
660 119
661 133
662 115
663 115
664 129
665 148
666 135
667 133
668 111
669 125
670 106
671 143
672 113
673 154
674 134
675 134
676 124
677 131
678 136
679 133
680 119
681 141
682 149
683 151
684 156
685 155
686 117
687 135
688 78
689 110
690 167
691 100
692 34
693 146
694 83
695 129
696 122
697 142
698 157
699 131
700 155
701 149
702 99
703 173
704 114
705 89
706 145
707 178
708 178
709 118
710 59
711 120
712 121
713 87
714 155
715 129
716 109
717 69
718 119
719 108
720 121
721 140
722 138
723 114
724 131
725 130
726 151
727 114
728 147
729 130
730 113
731 168
732 97
733 108
734 121
735 116
736 123
737 143
738 134
739 115
740 110
741 151
742 57
743 134
744 164
745 136
746 115
747 131
748 121
749 134
750 122
751 92
752 87
753 170
754 148
755 130
756 103
757 114
758 171
759 177
760 104
761 96
762 118
763 114
764 114
765 61
766 169
767 128
768 105
769 128
770 132
771 111
772 126
773 125
774 97
775 176
776 144
777 117
778 111
779 125
780 128
781 149
782 136
783 104
784 157
785 117
786 129
787 140
788 129
789 134
790 175
791 93
792 98
793 111
794 112
795 147
796 142
797 106
798 115
799 136
800 127
801 126
802 151
803 112
804 141
805 133
806 60
807 77
808 111
809 110
810 121
811 114
812 106
813 131
814 136
815 138
816 113
817 147
818 105
819 130
820 137
821 89
822 132
823 130
824 77
825 64
826 136
827 191
828 80
829 129
830 89
831 118
832 90
833 125
834 101
835 153
836 80
837 123
838 119
839 142
840 115
841 138
842 114
843 135
844 135
845 153
846 153
847 137
848 136
849 142
850 148
851 141
852 98
853 154
854 127
855 100
856 175
857 134
858 136
859 157
860 76
861 110
862 138
863 175
864 157
865 97
866 143
867 135
868 174
869 122
870 128
871 142
872 86
873 168
874 95
875 112
876 121
877 121
878 126
879 114
880 84
881 102
882 125
883 183
884 111
885 89
886 104
887 174
888 114
889 141
890 141
891 99
892 108
893 108
894 128
895 151
896 121
897 70
898 118
899 125
900 137
901 116
902 145
903 95
904 72
905 96
906 171
907 123
908 72
909 131
910 102
911 115
912 81
913 125
914 103
915 126
916 105
917 128
918 121
919 107
920 96
921 126
922 127
923 176
924 161
925 147
926 127
927 155
928 106
929 139
930 119
931 138
932 125
933 121
934 115
935 98
936 147
937 158
938 62
939 88
940 122
941 111
942 154
943 110
944 129
945 138
946 143
947 139
948 136
949 134
950 130
951 117
952 90
953 143
954 132
955 99
956 123
957 120
958 115
959 77
960 159
961 87
962 129
963 174
964 167
965 204
966 136
967 153
968 132
969 104
970 107
971 87
972 125
973 141
974 79
975 99
976 129
977 159
978 138
979 117
980 168
981 127
982 124
983 135
984 67
985 147
986 107
987 165
988 151
989 117
990 114
991 98
992 139
993 114
994 138
995 111
996 140
997 115
998 123
999 106
1000 100
1001 130
1002 72
1003 130
1004 110
1005 87
1006 101
1007 146
1008 138
1009 132
1010 139
1011 173
1012 112
1013 134
1014 64
1015 81
1016 111
1017 104
1018 81
1019 120
1020 191
1021 169
1022 130
1023 147
1024 51
1025 136
1026 165
1027 131
1028 133
1029 105
1030 119
1031 131
1032 129
1033 144
1034 127
1035 134
1036 112
1037 154
1038 130
1039 134
1040 89
1041 131
1042 147
1043 151
1044 125
1045 136
1046 158
1047 111
1048 127
1049 135
1050 112
1051 128
1052 162
1053 114
1054 133
1055 160
1056 135
1057 147
1058 91
1059 119
1060 112
1061 117
1062 133
1063 118
1064 116
1065 106
1066 108
1067 131
1068 123
1069 117
1070 144
1071 128
1072 135
1073 137
1074 111
1075 162
1076 97
1077 140
1078 187
1079 134
1080 120
1081 123
1082 149
1083 132
1084 109
1085 131
1086 139
1087 0
1088 127
1089 115
1090 129
1091 58
1092 129
1093 167
1094 156
1095 110
1096 97
1097 112
1098 165
1099 155
1100 142
1101 136
1102 126
1103 131
1104 121
1105 114
1106 151
1107 146
1108 157
1109 160
1110 136
1111 99
1112 108
1113 141
1114 100
1115 95
1116 150
1117 157
1118 118
1119 125
1120 141
1121 152
1122 119
1123 153
1124 170
1125 121
1126 173
1127 123
1128 119
1129 154
1130 185
1131 178
1132 152
1133 108
1134 93
1135 122
1136 81
1137 119
1138 118
1139 132
1140 106
1141 112
1142 143
1143 102
1144 134
1145 103
1146 172
1147 114
1148 135
1149 137
1150 206
1151 90
1152 134
1153 134
1154 77
1155 96
1156 116
1157 131
1158 136
1159 122
1160 100
1161 61
1162 123
1163 110
1164 129
1165 115
1166 148
1167 144
1168 125
1169 150
1170 162
1171 138
1172 154
1173 126
1174 98
1175 106
1176 117
1177 138
1178 122
1179 153
1180 127
1181 146
1182 129
1183 142
1184 148
1185 109
1186 128
1187 136
1188 133
1189 80
1190 160
1191 123
1192 147
1193 150
1194 118
1195 170
1196 135
1197 156
1198 146
1199 125
1200 117
1201 101
1202 114
1203 152
1204 112
1205 96
1206 134
1207 120
1208 104
1209 105
1210 126
1211 110
1212 119
1213 154
1214 100
1215 144
1216 130
1217 146
1218 105
1219 100
1220 135
1221 106
1222 151
1223 112
1224 119
1225 178
1226 87
1227 66
1228 160
1229 155
1230 105
1231 101
1232 116
1233 125
1234 119
1235 129
1236 146
1237 37
1238 135
1239 84
1240 121
1241 91
1242 154
1243 134
1244 95
1245 158
1246 130
1247 92
1248 113
1249 124
1250 174
1251 127
1252 167
1253 131
1254 112
1255 108
1256 146
1257 110
1258 155
1259 127
1260 88
1261 185
1262 116
1263 119
1264 143
1265 166
1266 73
1267 142
1268 133
1269 171
1270 136
1271 126
1272 165
1273 147
1274 121
1275 155
1276 151
1277 134
1278 167
1279 133
1280 155
1281 143
1282 120
1283 101
1284 109
1285 110
1286 93
1287 130
1288 129
1289 147
1290 94
1291 74
1292 110
1293 115
1294 89
1295 128
1296 127
1297 134
1298 167
1299 103
1300 118
1301 151
1302 138
1303 151
1304 144
1305 141
1306 124
1307 103
1308 144
1309 118
1310 122
1311 131
1312 117
1313 104
1314 108
1315 81
1316 132
1317 111
1318 112
1319 114
1320 138
1321 94
1322 126
1323 131
1324 164
1325 142
1326 130
1327 151
1328 112
1329 123
1330 127
1331 96
1332 117
1333 98
1334 131
1335 37
1336 124
1337 134
1338 124
1339 156
1340 121
1341 183
1342 137
1343 105
1344 150
1345 150
1346 88
1347 109
1348 147
1349 139
1350 131
1351 125
1352 135
1353 131
1354 123
1355 101
1356 157
1357 106
1358 127
1359 110
1360 118
1361 127
1362 110
1363 102
1364 93
1365 156
1366 153
1367 143
1368 114
1369 149
1370 132
1371 138
1372 159
1373 114
1374 97
1375 91
1376 130
1377 117
1378 154
1379 101
1380 105
1381 179
1382 131
1383 132
1384 99
1385 136
1386 147
1387 147
1388 148
1389 113
1390 99
1391 74
1392 189
1393 193
1394 73
1395 108
1396 146
1397 75
1398 120
1399 156
1400 109
1401 76
1402 144
1403 109
1404 162
1405 170
1406 129
1407 133
1408 130
1409 118
1410 127
1411 128
1412 137
1413 131
1414 149
1415 135
1416 102
1417 115
1418 122
1419 159
1420 119
1421 147
1422 163
1423 153
1424 141
1425 159
1426 120
1427 176
1428 130
1429 126
1430 136
1431 122
1432 130
1433 147
1434 130
1435 152
1436 161
1437 153
1438 99
1439 148
1440 100
1441 110
1442 128
1443 130
1444 66
1445 126
1446 156
1447 131
1448 139
1449 174
1450 97
1451 144
1452 173
1453 117
1454 115
1455 146
1456 148
1457 63
1458 168
1459 117
1460 114
1461 107
1462 123
1463 130
1464 122
1465 139
1466 190
1467 133
1468 178
1469 113
1470 115
1471 45
1472 140
1473 149
1474 164
1475 154
1476 118
1477 123
1478 142
1479 131
1480 125
1481 96
1482 131
1483 192
1484 118
1485 142
1486 125
1487 144
1488 180
1489 111
1490 119
1491 137
1492 99
1493 85
1494 87
1495 83
1496 143
1497 94
1498 125
1499 91
1500 145
1501 139
1502 103
1503 80
1504 159
1505 155
1506 158
1507 139
1508 129
1509 130
1510 132
1511 131
1512 135
1513 120
1514 134
1515 151
1516 103
1517 157
1518 120
1519 109
1520 131
1521 121
1522 135
1523 106
1524 77
1525 163
1526 122
1527 115
1528 132
1529 133
1530 0
1531 117
1532 122
1533 177
1534 127
1535 118
1536 110
1537 112
1538 116
1539 115
1540 138
1541 141
1542 148
1543 106
1544 151
1545 146
1546 92
1547 105
1548 154
1549 132
1550 120
1551 137
1552 146
1553 95
1554 130
1555 78
1556 118
1557 109
1558 119
1559 108
1560 186
1561 107
1562 106
1563 112
1564 149
1565 138
1566 130
1567 70
1568 126
1569 113
1570 121
1571 134
1572 133
1573 145
1574 106
1575 140
1576 86
1577 146
1578 145
1579 160
1580 123
1581 129
1582 140
1583 151
1584 159
1585 106
1586 153
1587 107
1588 142
1589 121
1590 121
1591 133
1592 135
1593 134
1594 140
1595 148
1596 111
1597 172
1598 113
1599 174
1600 133
1601 112
1602 91
1603 116
1604 105
1605 153
1606 96
1607 110
1608 99
1609 124
1610 126
1611 135
1612 104
1613 142
1614 122
1615 123
1616 118
1617 148
1618 129
1619 137
1620 147
1621 104
1622 115
1623 111
1624 184
1625 100
1626 97
1627 124
1628 142
1629 109
1630 175
1631 119
1632 122
1633 155
1634 121
1635 117
1636 108
1637 159
1638 110
1639 111
1640 127
1641 137
1642 84
1643 167
1644 125
1645 150
1646 93
1647 153
1648 98
1649 190
1650 129
1651 62
1652 83
1653 126
1654 131
1655 101
1656 103
1657 103
1658 116
1659 147
1660 114
1661 113
1662 141
1663 154
1664 104
1665 141
1666 138
1667 122
1668 119
1669 115
1670 151
1671 183
1672 103
1673 78
1674 154
1675 131
1676 125
1677 113
1678 149
1679 153
1680 126
1681 122
1682 82
1683 157
1684 58
1685 166
1686 91
1687 112
1688 124
1689 101
1690 116
1691 117
1692 155
1693 122
1694 141
1695 105
1696 107
1697 110
1698 153
1699 83
1700 136
1701 154
1702 102
1703 103
1704 129
1705 130
1706 112
1707 145
1708 99
1709 116
1710 189
1711 163
1712 155
1713 142
1714 127
1715 112
1716 120
1717 155
1718 141
1719 160
1720 147
1721 129
1722 143
1723 110
1724 134
1725 150
1726 114
1727 78
1728 133
1729 127
1730 84
1731 150
1732 142
1733 81
1734 133
1735 121
1736 122
1737 142
1738 147
1739 136
1740 140
1741 80
1742 92
1743 116
1744 125
1745 124
1746 113
1747 93
1748 127
1749 123
1750 142
1751 124
1752 116
1753 104
1754 127
1755 195
1756 80
1757 83
1758 185
1759 139
1760 121
1761 148
1762 136
1763 129
1764 112
1765 86
1766 111
1767 124
1768 167
1769 150
1770 63
1771 130
1772 149
1773 132
1774 75
1775 132
1776 114
1777 124
1778 129
1779 132
1780 127
1781 153
1782 121
1783 149
1784 119
1785 151
1786 136
1787 160
1788 164
1789 143
1790 125
1791 153
1792 114
1793 100
1794 83
1795 127
1796 152
1797 109
1798 181
1799 109
1800 111
1801 105
1802 156
1803 159
1804 84
1805 101
1806 142
1807 126
1808 107
1809 115
1810 120
1811 121
1812 128
1813 108
1814 136
1815 144
1816 118
1817 129
1818 134
1819 99
1820 111
1821 147
1822 118
1823 114
1824 152
1825 119
1826 107
1827 62
1828 134
1829 52
1830 151
1831 118
1832 66
1833 105
1834 94
1835 189
1836 128
1837 149
1838 117
1839 167
1840 121
1841 105
1842 142
1843 133
1844 134
1845 101
1846 143
1847 134
1848 131
1849 139
1850 159
1851 143
1852 142
1853 185
1854 77
1855 108
1856 135
1857 111
1858 157
1859 171
1860 144
1861 154
1862 118
1863 82
1864 145
1865 132
1866 115
1867 111
1868 111
1869 120
1870 105
1871 129
1872 122
1873 133
1874 155
1875 142
1876 90
1877 103
1878 153
1879 119
1880 128
1881 107
1882 134
1883 140
1884 180
1885 95
1886 123
1887 124
1888 57
1889 143
1890 154
1891 126
1892 127
1893 113
1894 151
1895 104
1896 113
1897 156
1898 97
1899 74
1900 121
1901 132
1902 130
1903 96
1904 120
1905 97
1906 125
1907 141
1908 125
1909 71
1910 137
1911 113
1912 131
1913 131
1914 146
1915 164
1916 142
1917 118
1918 116
1919 200
1920 130
1921 132
1922 113
1923 101
1924 131
1925 135
1926 139
1927 165
1928 131
1929 121
1930 109
1931 128
1932 119
1933 185
1934 108
1935 133
1936 139
1937 113
1938 95
1939 149
1940 128
1941 128
1942 130
1943 169
1944 110
1945 137
1946 134
1947 115
1948 151
1949 89
1950 101
1951 115
1952 145
1953 89
1954 127
1955 158
1956 143
1957 80
1958 127
1959 91
1960 102
1961 150
1962 160
1963 86
1964 110
1965 97
1966 119
1967 0
1968 123
1969 152
1970 127
1971 127
1972 134
1973 128
1974 126
1975 133
1976 129
1977 121
1978 128
1979 75
1980 115
1981 119
1982 124
1983 130
1984 90
1985 104
1986 119
1987 116
1988 195
1989 118
1990 109
1991 174
1992 115
1993 91
1994 138
1995 125
1996 136
1997 129
1998 127
1999 121
2000 153
2001 127
2002 120
2003 116
2004 117
2005 156
2006 162
2007 167
2008 111
2009 129
2010 146
2011 148
2012 111
2013 132
2014 116
2015 139
2016 132
2017 107
2018 157
2019 137
2020 125
2021 107
2022 154
2023 110
2024 133
2025 132
2026 49
2027 73
2028 155
2029 108
2030 186
2031 156
2032 90
2033 149
2034 162
2035 151
2036 124
2037 144
2038 141
2039 133
2040 94
2041 101
2042 148
2043 149
2044 152
2045 112
2046 119
2047 81
2048 123
2049 141
2050 121
2051 82
2052 99
2053 153
2054 144
2055 147
2056 136
2057 103
2058 157
2059 178
2060 143
2061 119
2062 119
2063 176
2064 120
2065 127
2066 103
2067 122
2068 100
2069 119
2070 110
2071 117
2072 100
2073 123
2074 120
2075 163
2076 86
2077 95
2078 126
2079 122
2080 138
2081 123
2082 162
2083 126
2084 132
2085 115
2086 151
2087 127
2088 129
2089 88
2090 136
2091 95
2092 194
2093 144
2094 158
2095 135
2096 112
2097 124
2098 138
2099 123
2100 117
2101 162
2102 100
2103 111
2104 127
2105 122
2106 138
2107 137
2108 166
2109 85
2110 139
2111 128
2112 113
2113 126
2114 131
2115 139
2116 111
2117 71
2118 114
2119 117
2120 115
2121 136
2122 85
2123 81
2124 163
2125 126
2126 142
2127 127
2128 170
2129 143
2130 169
2131 146
2132 130
2133 137
2134 123
2135 120
2136 112
2137 163
2138 118
2139 134
2140 95
2141 155
2142 105
2143 133
2144 141
2145 134
2146 117
2147 132
2148 141
2149 137
2150 162
2151 159
2152 108
2153 108
2154 69
2155 120
2156 163
2157 168
2158 100
2159 79
2160 98
2161 127
2162 156
2163 136
2164 118
2165 136
2166 134
2167 133
2168 155
2169 110
2170 115
2171 135
2172 103
2173 172
2174 146
2175 127
2176 123
2177 95
2178 100
2179 108
2180 141
2181 201
2182 170
2183 85
2184 180
2185 141
2186 86
2187 183
2188 81
2189 129
2190 148
2191 137
2192 86
2193 97
2194 122
2195 125
2196 142
2197 219
2198 82
2199 137
2200 117
2201 174
2202 137
2203 114
2204 140
2205 127
2206 126
2207 173
2208 116
2209 140
2210 164
2211 175
2212 130
2213 182
2214 151
2215 124
2216 80
2217 144
2218 142
2219 155
2220 110
2221 169
2222 97
2223 127
2224 116
2225 150
2226 203
2227 118
2228 108
2229 123
2230 123
2231 146
2232 123
2233 50
2234 125
2235 137
2236 111
2237 151
2238 135
2239 137
2240 132
2241 130
2242 110
2243 83
2244 108
2245 151
2246 129
2247 85
2248 150
2249 112
2250 99
2251 200
2252 132
2253 135
2254 145
2255 129
2256 136
2257 149
2258 167
2259 130
2260 162
2261 137
2262 122
2263 136
2264 102
2265 105
2266 159
2267 83
2268 112
2269 99
2270 134
2271 134
2272 137
2273 114
2274 109
2275 150
2276 125
2277 109
2278 161
2279 132
2280 123
2281 117
2282 138
2283 103
2284 107
2285 134
2286 165
2287 178
2288 92
2289 106
2290 128
2291 115
2292 151
2293 102
2294 90
2295 136
2296 100
2297 126
2298 153
2299 150
2300 111
2301 108
2302 129
2303 120
2304 135
2305 129
2306 114
2307 92
2308 169
2309 87
2310 118
2311 142
2312 145
2313 114
2314 148
2315 106
2316 151
2317 130
2318 115
2319 125
2320 110
2321 128
2322 124
2323 141
2324 167
2325 134
2326 108
2327 159
2328 97
2329 169
2330 110
2331 135
2332 150
2333 114
2334 112
2335 109
2336 104
2337 139
2338 133
2339 111
2340 160
2341 115
2342 145
2343 126
2344 123
2345 80
2346 104
2347 169
2348 133
2349 125
2350 107
2351 98
2352 110
2353 121
2354 92
2355 132
2356 99
2357 136
2358 144
2359 111
2360 119
2361 111
2362 75
2363 19
2364 88
2365 9
2366 100
2367 137
2368 116
2369 117
2370 114
2371 109
2372 137
2373 123
2374 146
2375 175
2376 125
2377 117
2378 136
2379 104
2380 100
2381 111
2382 166
2383 103
2384 137
2385 161
2386 47
2387 132
2388 159
2389 234
2390 184
2391 125
2392 83
2393 152
2394 98
2395 119
2396 130
2397 142
2398 146
2399 109
2400 151
2401 143
2402 103
2403 112
2404 108
2405 129
2406 122
2407 113
2408 127
2409 152
2410 135
2411 129
2412 133
2413 143
2414 70
2415 139
2416 126
2417 116
2418 123
2419 97
2420 130
2421 128
2422 77
2423 131
2424 156
2425 144
2426 146
2427 98
2428 154
2429 148
2430 148
2431 198
2432 131
2433 129
2434 162
2435 124
2436 101
2437 106
2438 117
2439 121
2440 130
2441 122
2442 165
2443 138
2444 33
2445 100
2446 116
2447 117
2448 135
2449 121
2450 101
2451 151
2452 132
2453 119
2454 131
2455 125
2456 122
2457 94
2458 141
2459 139
2460 220
2461 125
2462 133
2463 97
2464 114
2465 142
2466 74
2467 124
2468 177
2469 141
2470 118
2471 129
2472 145
2473 138
2474 134
2475 148
2476 115
2477 116
2478 82
2479 115
2480 142
2481 118
2482 122
2483 125
2484 153
2485 132
2486 130
2487 137
2488 118
2489 102
2490 135
2491 146
2492 92
2493 125
2494 133
2495 137
2496 128
2497 113
2498 120
2499 109
2500 105
2501 79
2502 124
2503 130
2504 118
2505 104
2506 160
2507 143
2508 127
2509 114
2510 136
2511 128
2512 82
2513 181
2514 144
2515 134
2516 149
2517 124
2518 107
2519 134
2520 88
2521 141
2522 144
2523 137
2524 134
2525 106
2526 116
2527 118
2528 128
2529 81
2530 179
2531 125
2532 131
2533 138
2534 128
2535 117
2536 121
2537 90
2538 81
2539 99
2540 133
2541 111
2542 116
2543 133
2544 164
2545 136
2546 104
2547 99
2548 138
2549 91
2550 179
2551 105
2552 75
2553 127
2554 139
2555 66
2556 104
2557 123
2558 109
2559 122
2560 128
2561 120
2562 106
2563 122
2564 116
2565 151
2566 145
2567 126
2568 143
2569 167
2570 93
2571 175
2572 134
2573 113
2574 94
2575 109
2576 118
2577 119
2578 114
2579 82
2580 107
2581 134
2582 113
2583 131
2584 128
2585 105
2586 164
2587 148
2588 166
2589 97
2590 158
2591 124
2592 120
2593 135
2594 116
2595 68
2596 125
2597 120
2598 143
2599 139
2600 158
2601 127
2602 103
2603 63
2604 178
2605 139
2606 69
2607 88
2608 115
2609 138
2610 142
2611 134
2612 137
2613 138
2614 120
2615 110
2616 118
2617 132
2618 89
2619 175
2620 135
2621 170
2622 75
2623 113
2624 174
2625 96
2626 122
2627 115
2628 132
2629 91
2630 116
2631 108
2632 136
2633 109
2634 101
2635 152
2636 93
2637 160
2638 117
2639 144
2640 98
2641 113
2642 144
2643 160
2644 174
2645 129
2646 105
2647 126
2648 85
2649 124
2650 140
2651 139
2652 155
2653 141
2654 147
2655 137
2656 93
2657 124
2658 105
2659 134
2660 95
2661 172
2662 128
2663 125
2664 124
2665 134
2666 130
2667 142
2668 115
2669 118
2670 145
2671 131
2672 141
2673 107
2674 168
2675 134
2676 149
2677 158
2678 147
2679 43
2680 138
2681 140
2682 134
2683 146
2684 119
2685 177
2686 101
2687 118
2688 133
2689 103
2690 141
2691 107
2692 135
2693 130
2694 139
2695 133
2696 142
2697 124
2698 132
2699 158
2700 119
2701 122
2702 133
2703 118
2704 121
2705 147
2706 118
2707 118
2708 119
2709 138
2710 123
2711 159
2712 160
2713 120
2714 108
2715 125
2716 139
2717 147
2718 127
2719 119
2720 104
2721 121
2722 118
2723 176
2724 154
2725 136
2726 103
2727 153
2728 95
2729 155
2730 123
2731 138
2732 226
2733 150
2734 138
2735 120
2736 88
2737 95
2738 125
2739 117
2740 159
2741 112
2742 134
2743 173
2744 134
2745 114
2746 142
2747 99
2748 143
2749 83
2750 168
2751 101
2752 109
2753 124
2754 127
2755 96
2756 149
2757 75
2758 65
2759 143
2760 127
2761 140
2762 113
2763 105
2764 99
2765 80
2766 113
2767 136
2768 119
2769 153
2770 109
2771 133
2772 78
2773 131
2774 148
2775 143
2776 122
2777 130
2778 147
2779 107
2780 110
2781 69
2782 160
2783 110
2784 177
2785 113
2786 153
2787 158
2788 138
2789 134
2790 115
2791 90
2792 138
2793 101
2794 121
2795 130
2796 154
2797 132
2798 121
2799 117
2800 207
2801 100
2802 121
2803 169
2804 100
2805 143
2806 114
2807 140
2808 104
2809 58
2810 147
2811 101
2812 128
2813 133
2814 122
2815 124
2816 79
2817 126
2818 127
2819 131
2820 161
2821 114
2822 143
2823 122
2824 130
2825 98
2826 106
2827 69
2828 89
2829 133
2830 128
2831 125
2832 171
2833 109
2834 101
2835 119
2836 125
2837 107
2838 111
2839 155
2840 95
2841 140
2842 94
2843 129
2844 127
2845 197
2846 131
2847 104
2848 128
2849 131
2850 83
2851 146
2852 156
2853 163
2854 92
2855 137
2856 162
2857 112
2858 130
2859 163
2860 143
2861 152
2862 58
2863 135
2864 91
2865 112
2866 141
2867 142
2868 115
2869 111
2870 102
2871 114
2872 158
2873 94
2874 98
2875 144
2876 139
2877 149
2878 119
2879 144
2880 126
2881 164
2882 112
2883 118
2884 102
2885 111
2886 108
2887 108
2888 131
2889 83
2890 99
2891 145
2892 144
2893 145
2894 112
2895 131
2896 143
2897 152
2898 100
2899 143
2900 165
2901 140
2902 162
2903 135
2904 135
2905 153
2906 145
2907 122
2908 157
2909 128
2910 90
2911 113
2912 102
2913 128
2914 106
2915 140
2916 108
2917 156
2918 80
2919 112
2920 164
2921 70
2922 137
2923 135
2924 140
2925 113
2926 93
2927 113
2928 93
2929 126
2930 132
2931 112
2932 137
2933 141
2934 127
2935 66
2936 122
2937 102
2938 88
2939 120
2940 177
2941 104
2942 115
2943 138
2944 122
2945 122
2946 120
2947 141
2948 117
2949 125
2950 144
2951 142
2952 193
2953 103
2954 149
2955 177
2956 182
2957 122
2958 161
2959 152
2960 138
2961 148
2962 120
2963 121
2964 133
2965 105
2966 126
2967 124
2968 137
2969 128
2970 149
2971 113
2972 120
2973 88
2974 110
2975 89
2976 136
2977 126
2978 162
2979 156
2980 172
2981 156
2982 117
2983 116
2984 110
2985 113
2986 182
2987 105
2988 137
2989 184
2990 124
2991 160
2992 113
2993 135
2994 119
2995 143
2996 231
2997 183
2998 91
2999 145
3000 141
3001 113
3002 85
3003 185
3004 151
3005 138
3006 110
3007 95
3008 127
3009 133
3010 133
3011 172
3012 107
3013 125
3014 128
3015 114
3016 129
3017 151
3018 126
3019 135
3020 129
3021 109
3022 96
3023 135
3024 123
3025 139
3026 124
3027 124
3028 189
3029 137
3030 120
3031 125
3032 147
3033 107
3034 91
3035 111
3036 204
3037 61
3038 145
3039 126
3040 116
3041 124
3042 144
3043 139
3044 155
3045 118
3046 99
3047 126
3048 162
3049 120
3050 114
3051 143
3052 156
3053 197
3054 181
3055 91
3056 119
3057 111
3058 114
3059 132
3060 117
3061 152
3062 124
3063 136
3064 71
3065 92
3066 124
3067 87
3068 115
3069 115
3070 89
3071 89
3072 118
3073 121
3074 95
3075 137
3076 132
3077 145
3078 96
3079 181
3080 80
3081 132
3082 114
3083 76
3084 134
3085 132
3086 134
3087 99
3088 227
3089 136
3090 119
3091 114
3092 161
3093 128
3094 126
3095 135
3096 113
3097 162
3098 144
3099 164
3100 147
3101 152
3102 80
3103 81
3104 110
3105 142
3106 149
3107 143
3108 62
3109 118
3110 146
3111 156
3112 111
3113 123
3114 51
3115 123
3116 76
3117 115
3118 131
3119 115
3120 133
3121 123
3122 127
3123 115
3124 112
3125 134
3126 52
3127 149
3128 74
3129 101
3130 146
3131 106
3132 125
3133 154
3134 106
3135 122
3136 138
3137 119
3138 89
3139 97
3140 120
3141 123
3142 136
3143 53
3144 117
3145 96
3146 131
3147 120
3148 129
3149 129
3150 138
3151 81
3152 159
3153 150
3154 140
3155 101
3156 148
3157 118
3158 147
3159 102
3160 154
3161 110
3162 111
3163 94
3164 174
3165 129
3166 138
3167 71
3168 192
3169 121
3170 117
3171 137
3172 156
3173 121
3174 149
3175 110
3176 111
3177 142
3178 87
3179 103
3180 152
3181 155
3182 107
3183 118
3184 122
3185 141
3186 161
3187 140
3188 162
3189 127
3190 128
3191 156
3192 101
3193 101
3194 123
3195 158
3196 120
3197 123
3198 152
3199 115
3200 120
3201 111
3202 127
3203 180
3204 142
3205 104
3206 134
3207 141
3208 119
3209 136
3210 143
3211 84
3212 123
3213 195
3214 147
3215 133
3216 124
3217 112
3218 126
3219 164
3220 132
3221 131
3222 90
3223 131
3224 107
3225 139
3226 150
3227 106
3228 107
3229 124
3230 87
3231 139
3232 173
3233 103
3234 127
3235 137
3236 132
3237 195
3238 132
3239 115
3240 130
3241 144
3242 95
3243 111
3244 116
3245 152
3246 137
3247 132
3248 136
3249 120
3250 145
3251 87
3252 135
3253 101
3254 135
3255 131
3256 184
3257 46
3258 164
3259 149
3260 102
3261 130
3262 151
3263 159
3264 124
3265 121
3266 125
3267 123
3268 190
3269 120
3270 70
3271 99
3272 118
3273 131
3274 135
3275 115
3276 145
3277 135
3278 108
3279 125
3280 116
3281 134
3282 125
3283 136
3284 127
3285 135
3286 123
3287 126
3288 116
3289 125
3290 130
3291 141
3292 158
3293 123
3294 96
3295 56
3296 119
3297 75
3298 151
3299 122
3300 104
3301 111
3302 111
3303 119
3304 123
3305 125
3306 126
3307 126
3308 73
3309 91
3310 161
3311 60
3312 129
3313 127
3314 142
3315 122
3316 132
3317 122
3318 63
3319 212
3320 98
3321 112
3322 115
3323 155
3324 119
3325 138
3326 100
3327 110
3328 104
3329 109
3330 149
3331 96
3332 132
3333 153
3334 129
3335 125
3336 166
3337 161
3338 203
3339 138
3340 102
3341 96
3342 127
3343 143
3344 168
3345 128
3346 78
3347 127
3348 144
3349 101
3350 45
3351 114
3352 154
3353 111
3354 141
3355 131
3356 129
3357 150
3358 144
3359 85
3360 153
3361 95
3362 135
3363 98
3364 158
3365 90
3366 159
3367 167
3368 118
3369 156
3370 115
3371 108
3372 126
3373 125
3374 144
3375 137
3376 142
3377 130
3378 97
3379 136
3380 96
3381 138
3382 129
3383 103
3384 116
3385 117
3386 117
3387 88
3388 133
3389 142
3390 116
3391 120
3392 117
3393 157
3394 152
3395 118
3396 145
3397 153
3398 108
3399 111
3400 169
3401 131
3402 135
3403 150
3404 137
3405 138
3406 128
3407 84
3408 100
3409 106
3410 129
3411 106
3412 114
3413 91
3414 55
3415 112
3416 115
3417 149
3418 47
3419 83
3420 158
3421 138
3422 106
3423 149
3424 126
3425 117
3426 182
3427 172
3428 145
3429 121
3430 152
3431 110
3432 189
3433 155
3434 122
3435 116
3436 128
3437 154
3438 150
3439 108
3440 116
3441 131
3442 71
3443 100
3444 110
3445 120
3446 110
3447 155
3448 137
3449 105
3450 145
3451 111
3452 161
3453 100
3454 14
3455 99
3456 80
3457 168
3458 132
3459 137
3460 158
3461 150
3462 122
3463 104
3464 89
3465 132
3466 119
3467 125
3468 148
3469 124
3470 133
3471 117
3472 130
3473 102
3474 138
3475 219
3476 94
3477 131
3478 125
3479 142
3480 112
3481 165
3482 126
3483 76
3484 125
3485 131
3486 120
3487 171
3488 137
3489 152
3490 123
3491 89
3492 146
3493 144
3494 121
3495 114
3496 113
3497 111
3498 172
3499 147
3500 178
3501 101
3502 133
3503 132
3504 149
3505 89
3506 128
3507 173
3508 142
3509 143
3510 124
3511 134
3512 159
3513 111
3514 145
3515 132
3516 117
3517 164
3518 148
3519 112
3520 114
3521 121
3522 104
3523 165
3524 88
3525 138
3526 167
3527 134
3528 106
3529 122
3530 93
3531 102
3532 157
3533 121
3534 122
3535 169
3536 131
3537 95
3538 140
3539 132
3540 90
3541 153
3542 156
3543 138
3544 127
3545 134
3546 124
3547 118
3548 122
3549 134
3550 140
3551 132
3552 121
3553 121
3554 148
3555 152
3556 152
3557 106
3558 95
3559 114
3560 136
3561 103
3562 98
3563 157
3564 101
3565 135
3566 146
3567 122
3568 182
3569 117
3570 112
3571 72
3572 148
3573 129
3574 128
3575 120
3576 128
3577 127
3578 115
3579 57
3580 12
3581 105
3582 143
3583 122
3584 91
3585 128
3586 146
3587 107
3588 107
3589 190
3590 129
3591 93
3592 133
3593 133
3594 77
3595 131
3596 148
3597 118
3598 143
3599 160
3600 114
3601 76
3602 125
3603 85
3604 93
3605 145
3606 108
3607 115
3608 162
3609 125
3610 118
3611 104
3612 149
3613 119
3614 163
3615 92
3616 145
3617 156
3618 155
3619 86
3620 107
3621 150
3622 107
3623 42
3624 127
3625 141
3626 154
3627 153
3628 117
3629 166
3630 129
3631 144
3632 122
3633 127
3634 117
3635 64
3636 102
3637 114
3638 66
3639 112
3640 117
3641 139
3642 118
3643 104
3644 117
3645 147
3646 112
3647 142
3648 105
3649 73
3650 152
3651 118
3652 110
3653 116
3654 135
3655 103
3656 123
3657 147
3658 66
3659 115
3660 119
3661 113
3662 171
3663 108
3664 108
3665 93
3666 134
3667 117
3668 135
3669 152
3670 140
3671 133
3672 121
3673 117
3674 129
3675 163
3676 182
3677 98
3678 157
3679 156
3680 111
3681 120
3682 67
3683 81
3684 85
3685 123
3686 127
3687 121
3688 157
3689 151
3690 139
3691 116
3692 116
3693 122
3694 180
3695 118
3696 142
3697 176
3698 155
3699 100
3700 122
3701 98
3702 114
3703 110
3704 125
3705 136
3706 121
3707 144
3708 119
3709 137
3710 98
3711 136
3712 185
3713 138
3714 105
3715 120
3716 90
3717 133
3718 94
3719 133
3720 156
3721 122
3722 128
3723 138
3724 108
3725 158
3726 110
3727 130
3728 201
3729 203
3730 118
3731 140
3732 195
3733 150
3734 142
3735 174
3736 133
3737 125
3738 147
3739 129
3740 126
3741 144
3742 94
3743 87
3744 145
3745 131
3746 158
3747 115
3748 165
3749 81
3750 161
3751 139
3752 143
3753 108
3754 138
3755 122
3756 120
3757 79
3758 143
3759 94
3760 126
3761 157
3762 112
3763 123
3764 118
3765 160
3766 171
3767 115
3768 97
3769 122
3770 122
3771 119
3772 110
3773 70
3774 117
3775 132
3776 121
3777 169
3778 134
3779 190
3780 116
3781 130
3782 156
3783 141
3784 144
3785 131
3786 133
3787 75
3788 199
3789 147
3790 131
3791 138
3792 176
3793 124
3794 180
3795 114
3796 126
3797 118
3798 132
3799 126
3800 138
3801 113
3802 135
3803 136
3804 131
3805 120
3806 131
3807 121
3808 189
3809 113
3810 150
3811 99
3812 170
3813 150
3814 168
3815 117
3816 154
3817 163
3818 116
3819 99
3820 124
3821 90
3822 148
3823 141
3824 135
3825 104
3826 122
3827 107
3828 153
3829 87
3830 145
3831 130
3832 99
3833 135
3834 130
3835 100
3836 78
3837 98
3838 120
3839 138
3840 121
3841 106
3842 152
3843 148
3844 96
3845 123
3846 146
3847 137
3848 153
3849 108
3850 156
3851 156
3852 105
3853 29
3854 164
3855 159
3856 123
3857 137
3858 208
3859 108
3860 136
3861 122
3862 122
3863 126
3864 151
3865 106
3866 123
3867 163
3868 146
3869 131
3870 136
3871 131
3872 125
3873 128
3874 147
3875 112
3876 113
3877 131
3878 154
3879 129
3880 121
3881 118
3882 101
3883 82
3884 118
3885 151
3886 113
3887 161
3888 136
3889 116
3890 124
3891 138
3892 127
3893 116
3894 125
3895 107
3896 120
3897 140
3898 64
3899 130
3900 146
3901 150
3902 113
3903 125
3904 149
3905 109
3906 165
3907 142
3908 134
3909 131
3910 122
3911 123
3912 149
3913 121
3914 117
3915 163
3916 107
3917 147
3918 102
3919 138
3920 136
3921 132
3922 116
3923 143
3924 135
3925 168
3926 162
3927 60
3928 129
3929 128
3930 118
3931 130
3932 154
3933 152
3934 113
3935 116
3936 131
3937 147
3938 130
3939 116
3940 229
3941 141
3942 134
3943 125
3944 120
3945 182
3946 106
3947 136
3948 141
3949 160
3950 154
3951 119
3952 133
3953 76
3954 106
3955 109
3956 132
3957 114
3958 107
3959 92
3960 131
3961 142
3962 153
3963 111
3964 119
3965 132
3966 89
3967 108
3968 132
3969 144
3970 116
3971 103
3972 116
3973 158
3974 132
3975 128
3976 171
3977 105
3978 110
3979 149
3980 134
3981 114
3982 117
3983 178
3984 129
3985 113
3986 140
3987 154
3988 141
3989 161
3990 146
3991 91
3992 102
3993 115
3994 154
3995 114
3996 164
3997 119
3998 110
3999 119
4000 119
4001 133
4002 144
4003 96
4004 104
4005 140
4006 141
4007 106
4008 144
4009 143
4010 84
4011 133
4012 148
4013 135
4014 145
4015 118
4016 139
4017 135
4018 81
4019 152
4020 121
4021 170
4022 131
4023 126
4024 103
4025 139
4026 78
4027 126
4028 165
4029 106
4030 167
4031 145
4032 50
4033 164
4034 160
4035 132
4036 125
4037 76
4038 168
4039 112
4040 103
4041 133
4042 118
4043 124
4044 125
4045 113
4046 119
4047 114
4048 145
4049 145
4050 157
4051 112
4052 189
4053 117
4054 139
4055 131
4056 121
4057 166
4058 145
4059 110
4060 101
4061 130
4062 134
4063 31
4064 136
4065 138
4066 151
4067 134
4068 74
4069 99
4070 115
4071 105
4072 161
4073 129
4074 114
4075 116
4076 131
4077 139
4078 116
4079 127
4080 120
4081 150
4082 91
4083 98
4084 134
4085 131
4086 122
4087 150
4088 84
4089 132
4090 61
4091 148
4092 172
4093 119
4094 129
4095 132
4096 164
4097 127
4098 118
4099 89
4100 119
4101 106
4102 150
4103 227
4104 114
4105 151
4106 104
4107 55
4108 159
4109 115
4110 111
4111 138
4112 140
4113 143
4114 153
4115 115
4116 148
4117 112
4118 84
4119 161
4120 109
4121 162
4122 158
4123 198
4124 213
4125 84
4126 147
4127 139
4128 127
4129 153
4130 156
4131 154
4132 124
4133 148
4134 131
4135 105
4136 125
4137 157
4138 179
4139 154
4140 142
4141 141
4142 146
4143 148
4144 98
4145 133
4146 150
4147 129
4148 146
4149 136
4150 142
4151 112
4152 123
4153 155
4154 75
4155 24
4156 134
4157 111
4158 103
4159 144
4160 161
4161 118
4162 94
4163 99
4164 147
4165 143
4166 108
4167 125
4168 143
4169 144
4170 112
4171 155
4172 163
4173 204
4174 138
4175 84
4176 118
4177 156
4178 90
4179 116
4180 65
4181 97
4182 108
4183 155
4184 127
4185 122
4186 123
4187 120
4188 121
4189 100
4190 120
4191 139
4192 96
4193 92
4194 152
4195 98
4196 117
4197 122
4198 114
4199 155
4200 122
4201 139
4202 142
4203 109
4204 109
4205 157
4206 179
4207 141
4208 113
4209 104
4210 164
4211 108
4212 117
4213 139
4214 118
4215 141
4216 58
4217 125
4218 139
4219 111
4220 121
4221 120
4222 118
4223 128
4224 128
4225 132
4226 146
4227 172
4228 140
4229 85
4230 116
4231 108
4232 128
4233 144
4234 102
4235 134
4236 166
4237 98
4238 134
4239 109
4240 111
4241 104
4242 99
4243 104
4244 158
4245 88
4246 119
4247 131
4248 127
4249 95
4250 137
4251 106
4252 123
4253 147
4254 108
4255 121
4256 130
4257 168
4258 143
4259 123
4260 111
4261 119
4262 115
4263 140
4264 147
4265 104
4266 129
4267 132
4268 144
4269 135
4270 115
4271 123
4272 131
4273 128
4274 148
4275 156
4276 122
4277 141
4278 150
4279 164
4280 133
4281 127
4282 96
4283 140
4284 146
4285 126
4286 102
4287 131
4288 194
4289 138
4290 132
4291 148
4292 103
4293 145
4294 123
4295 98
4296 116
4297 159
4298 108
4299 153
