Vertices: 1200
Edges: 8400
Time: 0,490 ms
Iterations: 8400
Vertex Distance
0 0
1 118
2 158
3 133
4 123
5 102
6 123
7 129
8 64
9 118
10 137
11 104
12 160
13 133
14 137
15 105
16 112
17 167
18 134
19 142
20 112
21 140
22 153
23 172
24 141
25 133
26 157
27 48
28 197
29 143
30 110
31 157
32 105
33 131
34 106
35 147
36 115
37 147
38 159
39 77
40 160
41 124
42 165
43 132
44 130
45 150
46 152
47 156
48 135
49 161
50 123
51 129
52 122
53 89
54 169
55 138
56 131
57 86
58 123
59 119
60 145
61 122
62 170
63 189
64 127
65 92
66 128
67 184
68 149
69 143
70 157
71 136
72 125
73 112
74 127
75 75
76 125
77 104
78 129
79 177
80 132
81 136
82 124
83 97
84 83
85 116
86 112
87 121
88 140
89 126
90 111
91 146
92 128
93 124
94 126
95 120
96 120
97 170
98 137
99 147
100 127
101 147
102 110
103 151
104 128
105 183
106 117
107 141
108 117
109 166
110 120
111 128
112 152
113 110
114 129
115 122
116 126
117 130
118 146
119 124
120 207
121 169
122 79
123 112
124 160
125 143
126 110
127 132
128 103
129 159
130 137
131 125
132 141
133 129
134 109
135 176
136 128
137 119
138 139
139 126
140 142
141 143
142 94
143 119
144 112
145 155
146 118
147 140
148 110
149 117
150 105
151 125
152 114
153 203
154 136
155 144
156 156
157 155
158 88
159 131
160 101
161 178
162 112
163 108
164 123
165 89
166 152
167 122
168 150
169 36
170 153
171 128
172 154
173 114
174 130
175 134
176 97
177 137
178 150
179 124
180 181
181 122
182 133
183 106
184 146
185 144
186 150
187 123
188 124
189 121
190 134
191 73
192 131
193 178
194 113
195 144
196 127
197 129
198 67
199 132
200 136
201 143
202 160
203 135
204 81
205 108
206 164
207 126
208 159
209 127
210 159
211 56
212 118
213 56
214 115
215 138
216 103
217 127
218 101
219 111
220 227
221 114
222 151
223 149
224 143
225 110
226 130
227 138
228 134
229 115
230 156
231 59
232 140
233 117
234 134
235 131
236 148
237 134
238 116
239 145
240 131
241 114
242 99
243 142
244 172
245 159
246 158
247 123
248 97
249 121
250 132
251 107
252 63
253 227
254 146
255 123
256 128
257 161
258 101
259 153
260 141
261 91
262 87
263 137
264 150
265 139
266 153
267 134
268 130
269 136
270 127
271 106
272 120
273 140
274 137
275 161
276 164
277 167
278 109
279 136
280 125
281 124
282 110
283 156
284 122
285 101
286 64
287 110
288 168
289 93
290 103
291 98
292 122
293 150
294 93
295 145
296 207
297 150
298 165
299 144
300 132
301 145
302 154
303 149
304 132
305 158
306 112
307 132
308 150
309 128
310 140
311 162
312 131
313 150
314 151
315 150
316 147
317 167
318 125
319 130
320 113
321 135
322 129
323 131
324 133
325 134
326 124
327 139
328 156
329 122
330 137
331 174
332 147
333 133
334 94
335 123
336 144
337 162
338 125
339 129
340 113
341 158
342 129
343 178
344 158
345 75
346 191
347 160
348 63
349 125
350 140
351 109
352 92
353 96
354 139
355 147
356 159
357 127
358 116
359 112
360 100
361 146
362 119
363 118
364 125
365 169
366 144
367 157
368 121
369 146
370 124
371 108
372 179
373 87
374 152
375 162
376 104
377 147
378 228
379 150
380 126
381 127
382 126
383 139
384 145
385 85
386 65
387 136
388 133
389 178
390 109
391 92
392 128
393 151
394 145
395 160
396 155
397 135
398 88
399 168
400 62
401 122
402 135
403 103
404 92
405 146
406 134
407 137
408 115
409 130
410 83
411 130
412 129
413 106
414 165
415 148
416 83
417 148
418 119
419 110
420 148
421 172
422 133
423 114
424 165
425 140
426 107
427 145
428 128
429 164
430 192
431 147
432 137
433 185
434 125
435 145
436 143
437 100
438 124
439 111
440 98
441 104
442 130
443 158
444 125
445 137
446 175
447 77
448 115
449 101
450 136
451 149
452 143
453 137
454 124
455 82
456 99
457 113
458 145
459 165
460 156
461 155
462 73
463 131
464 121
465 130
466 144
467 124
468 148
469 163
470 124
471 112
472 123
473 136
474 70
475 165
476 158
477 98
478 101
479 109
480 120
481 125
482 94
483 160
484 134
485 113
486 131
487 120
488 127
489 124
490 88
491 158
492 96
493 157
494 105
495 118
496 107
497 106
498 120
499 179
500 118
501 86
502 68
503 98
504 99
505 89
506 141
507 138
508 113
509 121
510 155
511 85
512 139
513 189
514 165
515 116
516 106
517 143
518 130
519 172
520 133
521 159
522 122
523 128
524 105
525 120
526 136
527 87
528 124
529 132
530 117
531 91
532 123
533 183
534 146
535 138
536 126
537 166
538 114
539 118
540 100
541 128
542 114
543 52
544 79
545 102
546 150
547 98
548 125
549 127
550 92
551 160
552 153
553 129
554 121
555 127
556 167
557 136
558 115
559 141
560 149
561 124
562 155
563 136
564 136
565 110
566 115
567 99
568 145
569 138
570 110
571 106
572 132
573 153
574 132
575 191
576 111
577 135
578 91
579 117
580 115
581 91
582 160
583 116
584 128
585 103
586 142
587 136
588 119
589 119
590 133
591 130
592 116
593 145
594 137
595 126
596 164
597 116
598 143
599 171
600 117
601 180
602 61
603 144
604 151
605 122
606 131
607 128
608 125
609 121
610 109
611 149
612 127
613 126
614 98
615 138
616 124
617 142
618 167
619 147
620 151
621 122
622 180
623 146
624 152
625 83
626 91
627 106
628 178
629 110
630 158
631 108
632 113
633 91
634 142
635 89
636 84
637 186
638 101
639 85
640 145
641 141
642 126
643 123
644 119
645 137
646 121
647 142
648 48
649 156
650 164
651 132
652 127
653 138
654 122
655 133
656 153
657 168
658 141
659 124
660 84
661 151
662 113
663 116
664 137
665 180
666 120
667 151
668 122
669 192
670 83
671 137
672 138
673 140
674 126
675 159
676 143
677 132
678 133
679 72
680 114
681 114
682 116
683 118
684 93
685 127
686 131
687 125
688 201
689 124
690 171
691 143
692 37
693 109
694 183
695 127
696 142
697 130
698 160
699 121
700 104
701 96
702 123
703 96
704 99
705 144
706 116
707 108
708 106
709 111
710 133
711 147
712 114
713 146
714 135
715 120
716 141
717 121
718 74
719 121
720 147
721 114
722 110
723 120
724 101
725 131
726 111
727 126
728 208
729 120
730 185
731 153
732 117
733 137
734 167
735 139
736 120
737 157
738 133
739 125
740 136
741 89
742 108
743 139
744 125
745 140
746 164
747 125
748 140
749 107
750 125
751 147
752 104
753 132
754 128
755 143
756 129
757 133
758 100
759 89
760 124
761 146
762 71
763 115
764 135
765 130
766 139
767 105
768 106
769 145
770 111
771 91
772 154
773 107
774 88
775 162
776 139
777 175
778 148
779 84
780 120
781 132
782 125
783 110
784 74
785 51
786 133
787 85
788 153
789 136
790 129
791 70
792 167
793 122
794 66
795 133
796 99
797 129
798 116
799 240
800 171
801 155
802 135
803 110
804 90
805 116
806 150
807 152
808 145
809 115
810 140
811 145
812 192
813 143
814 125
815 198
816 121
817 116
818 107
819 113
820 167
821 58
822 97
823 60
824 110
825 124
826 170
827 140
828 131
829 129
830 161
831 129
832 157
833 124
834 139
835 145
836 156
837 143
838 124
839 48
840 135
841 133
842 128
843 151
844 157
845 110
846 96
847 174
848 136
849 134
850 144
851 176
852 122
853 107
854 87
855 166
856 150
857 181
858 154
859 109
860 135
861 116
862 151
863 85
864 158
865 137
866 158
867 139
868 127
869 91
870 95
871 140
872 84
873 124
874 118
875 118
876 97
877 135
878 126
879 85
880 122
881 113
882 99
883 127
884 131
885 202
886 182
887 125
888 138
889 140
890 152
891 130
892 133
893 156
894 120
895 152
896 161
897 117
898 116
899 137
900 144
901 123
902 117
903 127
904 120
905 151
906 128
907 165
908 148
909 133
910 132
911 124
912 101
913 120
914 118
915 154
916 150
917 130
918 160
919 124
920 123
921 118
922 131
923 151
924 127
925 98
926 140
927 153
928 139
929 173
930 97
931 143
932 106
933 177
934 100
935 134
936 132
937 151
938 115
939 130
940 100
941 164
942 93
943 122
944 151
945 175
946 123
947 43
948 118
949 117
950 148
951 97
952 138
953 114
954 149
955 151
956 82
957 131
958 145
959 153
960 127
961 112
962 155
963 121
964 107
965 170
966 131
967 121
968 117
969 83
970 160
971 122
972 93
973 165
974 144
975 225
976 196
977 112
978 166
979 133
980 95
981 144
982 139
983 162
984 72
985 175
986 118
987 137
988 125
989 112
990 117
991 186
992 126
993 135
994 77
995 118
996 157
997 128
998 124
999 103
1000 113
1001 87
1002 106
1003 107
1004 108
1005 122
1006 125
1007 126
1008 134
1009 117
1010 108
1011 118
1012 135
1013 108
1014 130
1015 123
1016 138
1017 148
1018 123
1019 100
1020 126
1021 183
1022 81
1023 149
1024 101
1025 179
1026 95
1027 132
1028 150
1029 211
1030 136
1031 99
1032 113
1033 105
1034 55
1035 109
1036 149
1037 141
1038 131
1039 121
1040 118
1041 112
1042 60
1043 136
1044 121
1045 136
1046 83
1047 164
1048 98
1049 130
1050 149
1051 152
1052 147
1053 143
1054 113
1055 163
1056 163
1057 108
1058 130
1059 122
1060 129
1061 121
1062 150
1063 87
1064 141
1065 92
1066 128
1067 153
1068 117
1069 158
1070 35
1071 109
1072 128
1073 90
1074 102
1075 92
1076 98
1077 137
1078 121
1079 148
1080 135
1081 113
1082 136
1083 160
1084 97
1085 149
1086 149
1087 106
1088 117
1089 153
1090 130
1091 179
1092 122
1093 142
1094 117
1095 159
1096 162
1097 129
1098 162
1099 109
1100 84
1101 159
1102 130
1103 91
1104 139
1105 115
1106 80
1107 156
1108 168
1109 112
1110 95
1111 122
1112 126
1113 171
1114 148
1115 161
1116 145
1117 94
1118 125
1119 141
1120 129
1121 152
1122 156
1123 135
1124 131
1125 101
1126 134
1127 138
1128 153
1129 167
1130 166
1131 127
1132 95
1133 126
1134 177
1135 127
1136 148
1137 124
1138 137
1139 121
1140 131
1141 123
1142 155
1143 101
1144 122
1145 106
1146 119
1147 149
1148 106
1149 157
1150 151
1151 126
1152 146
1153 134
1154 139
1155 103
1156 139
1157 89
1158 114
1159 131
1160 105
1161 129
1162 98
1163 146
1164 113
1165 110
1166 112
1167 142
1168 112
1169 107
1170 151
1171 138
1172 149
1173 185
1174 76
1175 138
1176 101
1177 168
1178 116
1179 126
1180 127
1181 155
1182 135
1183 133
1184 144
1185 126
1186 118
1187 158
1188 128
1189 91
1190 97
1191 140
1192 170
1193 136
1194 123
1195 105
1196 83
1197 128
1198 121
1199 157
