Vertices: 9400
Edges: 65800
Time: 4,425 ms
Iterations: 65706
Vertex Distance
0 0
1 205
2 168
3 182
4 169
5 213
6 193
7 146
8 177
9 175
10 135
11 182
12 190
13 126
14 203
15 170
16 129
17 173
18 156
19 156
20 164
21 185
22 193
23 104
24 133
25 157
26 130
27 143
28 159
29 191
30 152
31 160
32 181
33 201
34 141
35 147
36 186
37 151
38 144
39 134
40 165
41 144
42 145
43 169
44 171
45 174
46 134
47 194
48 140
49 136
50 108
51 150
52 165
53 129
54 180
55 161
56 143
57 151
58 219
59 139
60 194
61 171
62 121
63 121
64 167
65 158
66 161
67 141
68 136
69 170
70 185
71 160
72 159
73 105
74 176
75 134
76 143
77 174
78 169
79 194
80 193
81 167
82 151
83 167
84 155
85 165
86 169
87 122
88 146
89 133
90 140
91 110
92 157
93 132
94 136
95 205
96 153
97 152
98 179
99 155
100 160
101 130
102 180
103 122
104 158
105 175
106 174
107 126
108 150
109 176
110 124
111 166
112 133
113 196
114 135
115 185
116 113
117 149
118 188
119 153
120 188
121 174
122 177
123 127
124 117
125 142
126 172
127 129
128 173
129 147
130 161
131 140
132 119
133 191
134 159
135 149
136 225
137 141
138 132
139 173
140 162
141 184
142 163
143 144
144 179
145 153
146 143
147 161
148 124
149 131
150 157
151 109
152 180
153 133
154 151
155 140
156 154
157 170
158 204
159 137
160 184
161 172
162 147
163 117
164 155
165 161
166 0
167 151
168 106
169 158
170 158
171 118
172 137
173 165
174 182
175 180
176 151
177 102
178 165
179 150
180 104
181 153
182 141
183 120
184 147
185 127
186 127
187 134
188 165
189 145
190 143
191 113
192 171
193 152
194 175
195 103
196 153
197 160
198 196
199 130
200 163
201 159
202 150
203 190
204 149
205 148
206 136
207 133
208 176
209 182
210 161
211 166
212 147
213 174
214 160
215 164
216 150
217 175
218 198
219 165
220 149
221 142
222 194
223 166
224 119
225 118
226 171
227 183
228 191
229 146
230 158
231 164
232 159
233 177
234 155
235 138
236 147
237 149
238 170
239 158
240 206
241 151
242 148
243 154
244 179
245 151
246 141
247 193
248 151
249 141
250 161
251 182
252 166
253 185
254 152
255 140
256 179
257 133
258 194
259 153
260 140
261 119
262 175
263 138
264 150
265 163
266 135
267 159
268 171
269 138
270 141
271 119
272 146
273 90
274 202
275 165
276 104
277 121
278 169
279 145
280 148
281 143
282 125
283 125
284 99
285 143
286 160
287 164
288 137
289 180
290 181
291 142
292 161
293 142
294 147
295 157
296 150
297 190
298 152
299 169
300 141
301 190
302 168
303 186
304 149
305 161
306 160
307 174
308 156
309 169
310 120
311 111
312 141
313 164
314 160
315 125
316 147
317 160
318 171
319 180
320 172
321 127
322 158
323 175
324 156
325 227
326 163
327 144
328 137
329 180
330 131
331 159
332 169
333 218
334 159
335 88
336 134
337 133
338 155
339 107
340 178
341 201
342 191
343 160
344 165
345 167
346 159
347 173
348 168
349 206
350 183
351 116
352 150
353 127
354 194
355 139
356 142
357 157
358 189
359 146
360 177
361 186
362 149
363 180
364 173
365 165
366 177
367 139
368 145
369 167
370 161
371 215
372 134
373 213
374 162
375 213
376 150
377 187
378 183
379 165
380 129
381 150
382 158
383 174
384 160
385 148
386 172
387 145
388 149
389 168
390 181
391 173
392 191
393 142
394 145
395 159
396 161
397 131
398 177
399 137
400 175
401 141
402 158
403 145
404 148
405 176
406 180
407 173
408 147
409 158
410 187
411 146
412 180
413 165
414 146
415 191
416 177
417 139
418 196
419 178
420 127
421 129
422 186
423 157
424 163
425 153
426 144
427 156
428 162
429 171
430 192
431 158
432 138
433 140
434 153
435 163
436 201
437 137
438 148
439 158
440 167
441 184
442 152
443 146
444 151
445 181
446 148
447 161
448 132
449 153
450 134
451 128
452 134
453 173
454 172
455 196
456 164
457 160
458 166
459 207
460 167
461 172
462 184
463 173
464 173
465 166
466 167
467 127
468 125
469 175
470 179
471 151
472 112
473 162
474 144
475 194
476 165
477 104
478 126
479 179
480 176
481 164
482 145
483 127
484 178
485 158
486 131
487 122
488 285
489 118
490 171
491 151
492 158
493 156
494 207
495 155
496 144
497 158
498 189
499 186
500 130
501 200
502 163
503 144
504 164
505 160
506 157
507 159
508 143
509 209
510 152
511 135
512 52
513 175
514 167
515 174
516 175
517 173
518 173
519 201
520 170
521 144
522 142
523 183
524 145
525 117
526 162
527 217
528 153
529 184
530 127
531 174
532 155
533 168
534 161
535 225
536 164
537 193
538 118
539 185
540 107
541 171
542 93
543 144
544 156
545 102
546 176
547 136
548 185
549 116
550 171
551 174
552 176
553 167
554 152
555 155
556 169
557 159
558 142
559 109
560 140
561 111
562 123
563 145
564 162
565 131
566 161
567 191
568 176
569 171
570 156
571 145
572 107
573 247
574 218
575 170
576 186
577 162
578 166
579 128
580 138
581 135
582 120
583 130
584 136
585 161
586 250
587 172
588 140
589 167
590 134
591 175
592 148
593 158
594 198
595 145
596 150
597 167
598 147
599 146
600 170
601 152
602 134
603 154
604 134
605 159
606 159
607 145
608 208
609 171
610 172
611 169
612 153
613 216
614 149
615 160
616 180
617 163
618 168
619 142
620 150
621 162
622 221
623 147
624 197
625 144
626 170
627 181
628 92
629 154
630 150
631 153
632 157
633 163
634 103
635 163
636 144
637 150
638 157
639 142
640 158
641 156
642 173
643 149
644 140
645 129
646 178
647 117
648 140
649 112
650 184
651 150
652 157
653 147
654 163
655 129
656 148
657 184
658 143
659 142
660 127
661 150
662 130
663 168
664 156
665 170
666 189
667 173
668 132
669 168
670 123
671 183
672 154
673 136
674 137
675 178
676 159
677 134
678 132
679 153
680 158
681 165
682 144
683 147
684 92
685 139
686 126
687 152
688 143
689 134
690 173
691 178
692 159
693 148
694 156
695 184
696 163
697 167
698 181
699 158
700 169
701 172
702 165
703 129
704 258
705 141
706 144
707 150
708 180
709 172
710 185
711 176
712 157
713 166
714 69
715 84
716 155
717 235
718 176
719 168
720 173
721 152
722 155
723 150
724 206
725 89
726 139
727 135
728 155
729 101
730 200
731 102
732 150
733 179
734 165
735 188
736 189
737 177
738 189
739 175
740 110
741 216
742 167
743 151
744 162
745 186
746 179
747 196
748 165
749 168
750 107
751 135
752 143
753 118
754 157
755 164
756 119
757 115
758 111
759 187
760 202
761 176
762 168
763 165
764 195
765 166
766 152
767 143
768 204
769 167
770 150
771 148
772 178
773 146
774 167
775 135
776 88
777 161
778 161
779 115
780 171
781 125
782 202
783 207
784 146
785 109
786 195
787 148
788 161
789 140
790 168
791 137
792 135
793 182
794 149
795 163
796 190
797 131
798 146
799 136
800 206
801 162
802 155
803 141
804 191
805 141
806 157
807 224
808 161
809 128
810 168
811 195
812 125
813 185
814 180
815 170
816 151
817 210
818 182
819 192
820 196
821 144
822 141
823 124
824 94
825 167
826 90
827 173
828 132
829 151
830 176
831 154
832 124
833 205
834 138
835 142
836 151
837 170
838 168
839 176
840 192
841 141
842 168
843 179
844 162
845 140
846 178
847 180
848 121
849 138
850 137
851 184
852 142
853 147
854 184
855 133
856 145
857 164
858 163
859 156
860 156
861 126
862 162
863 93
864 163
865 164
866 137
867 165
868 191
869 153
870 168
871 177
872 102
873 165
874 159
875 166
876 169
877 225
878 157
879 116
880 142
881 164
882 159
883 204
884 139
885 200
886 169
887 158
888 123
889 159
890 185
891 171
892 132
893 158
894 171
895 153
896 154
897 127
898 152
899 130
900 156
901 148
902 149
903 171
904 207
905 170
906 179
907 210
908 155
909 135
910 181
911 183
912 187
913 197
914 195
915 201
916 170
917 164
918 114
919 102
920 176
921 97
922 122
923 181
924 149
925 148
926 124
927 176
928 143
929 184
930 162
931 142
932 159
933 177
934 152
935 143
936 159
937 154
938 188
939 182
940 186
941 135
942 111
943 154
944 169
945 142
946 118
947 157
948 158
949 173
950 171
951 162
952 118
953 111
954 171
955 134
956 144
957 178
958 156
959 158
960 146
961 159
962 150
963 167
964 117
965 148
966 156
967 137
968 166
969 158
970 171
971 198
972 149
973 172
974 168
975 119
976 178
977 165
978 174
979 172
980 135
981 160
982 195
983 150
984 166
985 158
986 155
987 171
988 153
989 142
990 200
991 126
992 163
993 100
994 119
995 154
996 168
997 174
998 146
999 165
1000 192
1001 159
1002 202
1003 161
1004 198
1005 144
1006 163
1007 158
1008 184
1009 167
1010 144
1011 129
1012 117
1013 158
1014 147
1015 124
1016 188
1017 110
1018 202
1019 121
1020 151
1021 176
1022 142
1023 168
1024 136
1025 142
1026 146
1027 163
1028 186
1029 165
1030 161
1031 148
1032 197
1033 195
1034 159
1035 175
1036 139
1037 149
1038 163
1039 176
1040 109
1041 155
1042 155
1043 145
1044 150
1045 161
1046 149
1047 194
1048 188
1049 184
1050 122
1051 132
1052 169
1053 159
1054 175
1055 167
1056 195
1057 149
1058 96
1059 17
1060 150
1061 164
1062 114
1063 184
1064 151
1065 136
1066 142
1067 138
1068 158
1069 148
1070 133
1071 154
1072 155
1073 153
1074 172
1075 184
1076 137
1077 162
1078 175
1079 203
1080 178
1081 160
1082 176
1083 152
1084 130
1085 149
1086 171
1087 0
1088 211
1089 169
1090 143
1091 202
1092 161
1093 104
1094 144
1095 159
1096 171
1097 170
1098 172
1099 186
1100 173
1101 133
1102 143
1103 171
1104 156
1105 147
1106 163
1107 196
1108 161
1109 162
1110 139
1111 153
1112 178
1113 148
1114 122
1115 166
1116 179
1117 179
1118 169
1119 190
1120 195
1121 134
1122 184
1123 162
1124 159
1125 131
1126 144
1127 139
1128 162
1129 183
1130 223
1131 165
1132 105
1133 169
1134 55
1135 164
1136 147
1137 192
1138 163
1139 151
1140 160
1141 173
1142 133
1143 118
1144 144
1145 175
1146 152
1147 135
1148 139
1149 173
1150 156
1151 139
1152 176
1153 162
1154 174
1155 154
1156 153
1157 160
1158 167
1159 150
1160 135
1161 185
1162 165
1163 147
1164 159
1165 157
1166 138
1167 125
1168 182
1169 157
1170 100
1171 168
1172 182
1173 153
1174 152
1175 155
1176 170
1177 163
1178 164
1179 177
1180 171
1181 145
1182 171
1183 117
1184 179
1185 190
1186 116
1187 146
1188 158
1189 139
1190 139
1191 126
1192 151
1193 155
1194 157
1195 170
1196 155
1197 164
1198 162
1199 193
1200 146
1201 186
1202 113
1203 158
1204 146
1205 144
1206 156
1207 188
1208 134
1209 154
1210 161
1211 161
1212 148
1213 119
1214 162
1215 146
1216 149
1217 127
1218 158
1219 146
1220 123
1221 202
1222 160
1223 111
1224 159
1225 161
1226 155
1227 166
1228 157
1229 196
1230 114
1231 149
1232 202
1233 195
1234 189
1235 179
1236 219
1237 189
1238 160
1239 131
1240 171
1241 176
1242 126
1243 169
1244 173
1245 160
1246 151
1247 137
1248 170
1249 167
1250 142
1251 153
1252 196
1253 106
1254 161
1255 195
1256 161
1257 159
1258 138
1259 161
1260 192
1261 181
1262 160
1263 183
1264 104
1265 132
1266 150
1267 163
1268 172
1269 186
1270 205
1271 129
1272 163
1273 151
1274 161
1275 137
1276 161
1277 116
1278 162
1279 150
1280 158
1281 163
1282 142
1283 159
1284 194
1285 111
1286 153
1287 173
1288 112
1289 151
1290 134
1291 182
1292 160
1293 139
1294 174
1295 179
1296 153
1297 175
1298 137
1299 136
1300 162
1301 138
1302 137
1303 168
1304 153
1305 114
1306 165
1307 146
1308 160
1309 188
1310 194
1311 163
1312 163
1313 179
1314 180
1315 105
1316 138
1317 173
1318 146
1319 172
1320 166
1321 153
1322 153
1323 160
1324 147
1325 199
1326 116
1327 155
1328 129
1329 146
1330 168
1331 149
1332 171
1333 145
1334 206
1335 173
1336 149
1337 164
1338 161
1339 172
1340 147
1341 147
1342 178
1343 154
1344 167
1345 173
1346 133
1347 199
1348 153
1349 152
1350 160
1351 176
1352 117
1353 146
1354 150
1355 188
1356 163
1357 139
1358 79
1359 145
1360 146
1361 176
1362 165
1363 138
1364 137
1365 111
1366 134
1367 169
1368 145
1369 180
1370 140
1371 163
1372 171
1373 166
1374 189
1375 161
1376 156
1377 177
1378 171
1379 152
1380 0
1381 148
1382 163
1383 174
1384 169
1385 152
1386 105
1387 202
1388 169
1389 158
1390 138
1391 152
1392 120
1393 179
1394 190
1395 152
1396 138
1397 91
1398 185
1399 190
1400 126
1401 167
1402 177
1403 164
1404 151
1405 155
1406 180
1407 164
1408 116
1409 188
1410 156
1411 116
1412 152
1413 161
1414 115
1415 135
1416 122
1417 108
1418 144
1419 169
1420 98
1421 270
1422 151
1423 145
1424 130
1425 151
1426 170
1427 159
1428 172
1429 166
1430 149
1431 179
1432 171
1433 138
1434 150
1435 191
1436 177
1437 169
1438 163
1439 144
1440 79
1441 142
1442 160
1443 180
1444 153
1445 195
1446 156
1447 167
1448 158
1449 132
1450 127
1451 176
1452 158
1453 144
1454 132
1455 123
1456 140
1457 163
1458 163
1459 140
1460 178
1461 154
1462 156
1463 152
1464 122
1465 169
1466 165
1467 145
1468 152
1469 168
1470 126
1471 121
1472 167
1473 166
1474 165
1475 170
1476 124
1477 185
1478 200
1479 145
1480 161
1481 162
1482 146
1483 176
1484 208
1485 154
1486 163
1487 132
1488 158
1489 124
1490 180
1491 189
1492 116
1493 148
1494 157
1495 167
1496 135
1497 147
1498 196
1499 163
1500 157
1501 127
1502 141
1503 185
1504 180
1505 188
1506 184
1507 149
1508 142
1509 155
1510 133
1511 153
1512 145
1513 116
1514 154
1515 144
1516 129
1517 160
1518 155
1519 195
1520 157
1521 176
1522 135
1523 167
1524 178
1525 151
1526 177
1527 173
1528 158
1529 154
1530 235
1531 222
1532 141
1533 198
1534 111
1535 170
1536 173
1537 137
1538 162
1539 137
1540 133
1541 186
1542 151
1543 169
1544 143
1545 200
1546 172
1547 141
1548 168
1549 190
1550 183
1551 189
1552 165
1553 196
1554 172
1555 205
1556 176
1557 165
1558 206
1559 151
1560 191
1561 172
1562 161
1563 153
1564 172
1565 139
1566 134
1567 188
1568 164
1569 192
1570 118
1571 149
1572 137
1573 182
1574 167
1575 165
1576 158
1577 184
1578 162
1579 163
1580 148
1581 151
1582 146
1583 104
1584 123
1585 184
1586 166
1587 194
1588 146
1589 208
1590 167
1591 139
1592 179
1593 153
1594 137
1595 148
1596 166
1597 170
1598 137
1599 153
1600 130
1601 137
1602 197
1603 178
1604 163
1605 140
1606 154
1607 217
1608 154
1609 136
1610 148
1611 125
1612 143
1613 161
1614 193
1615 145
1616 119
1617 135
1618 107
1619 162
1620 154
1621 114
1622 199
1623 188
1624 161
1625 219
1626 181
1627 134
1628 119
1629 166
1630 124
1631 164
1632 178
1633 168
1634 158
1635 130
1636 163
1637 145
1638 128
1639 187
1640 120
1641 183
1642 157
1643 159
1644 178
1645 164
1646 141
1647 172
1648 150
1649 186
1650 140
1651 130
1652 134
1653 196
1654 131
1655 170
1656 174
1657 118
1658 164
1659 195
1660 171
1661 204
1662 180
1663 181
1664 136
1665 167
1666 196
1667 171
1668 157
1669 188
1670 152
1671 162
1672 163
1673 156
1674 155
1675 121
1676 161
1677 161
1678 164
1679 168
1680 165
1681 175
1682 166
1683 109
1684 171
1685 124
1686 128
1687 142
1688 163
1689 133
1690 175
1691 186
1692 168
1693 139
1694 169
1695 198
1696 203
1697 149
1698 131
1699 173
1700 182
1701 193
1702 126
1703 183
1704 178
1705 105
1706 137
1707 112
1708 169
1709 125
1710 166
1711 165
1712 174
1713 120
1714 168
1715 185
1716 174
1717 162
1718 176
1719 155
1720 139
1721 164
1722 149
1723 181
1724 159
1725 163
1726 104
1727 154
1728 158
1729 141
1730 142
1731 135
1732 180
1733 182
1734 166
1735 148
1736 154
1737 160
1738 219
1739 187
1740 156
1741 157
1742 163
1743 131
1744 142
1745 146
1746 170
1747 166
1748 131
1749 150
1750 190
1751 141
1752 124
1753 140
1754 188
1755 108
1756 168
1757 152
1758 175
1759 151
1760 146
1761 147
1762 156
1763 220
1764 118
1765 150
1766 169
1767 114
1768 167
1769 168
1770 67
1771 158
1772 155
1773 162
1774 169
1775 145
1776 182
1777 131
1778 123
1779 150
1780 170
1781 176
1782 155
1783 137
1784 150
1785 174
1786 118
1787 151
1788 179
1789 180
1790 170
1791 131
1792 140
1793 150
1794 211
1795 160
1796 174
1797 150
1798 162
1799 146
1800 166
1801 221
1802 139
1803 139
1804 164
1805 160
1806 139
1807 188
1808 147
1809 187
1810 185
1811 0
1812 133
1813 178
1814 153
1815 164
1816 124
1817 156
1818 192
1819 114
1820 134
1821 150
1822 183
1823 146
1824 173
1825 144
1826 140
1827 138
1828 132
1829 166
1830 128
1831 136
1832 166
1833 153
1834 154
1835 162
1836 154
1837 225
1838 148
1839 162
1840 168
1841 178
1842 164
1843 112
1844 166
1845 155
1846 137
1847 174
1848 136
1849 138
1850 113
1851 148
1852 168
1853 134
1854 166
1855 129
1856 176
1857 149
1858 112
1859 165
1860 167
1861 123
1862 117
1863 164
1864 146
1865 136
1866 151
1867 167
1868 85
1869 133
1870 131
1871 165
1872 159
1873 194
1874 135
1875 172
1876 122
1877 237
1878 165
1879 162
1880 168
1881 115
1882 199
1883 95
1884 159
1885 158
1886 177
1887 188
1888 162
1889 152
1890 135
1891 176
1892 160
1893 190
1894 153
1895 157
1896 175
1897 136
1898 196
1899 107
1900 162
1901 126
1902 143
1903 225
1904 185
1905 188
1906 129
1907 143
1908 147
1909 147
1910 186
1911 127
1912 96
1913 140
1914 76
1915 124
1916 112
1917 218
1918 148
1919 148
1920 170
1921 143
1922 182
1923 172
1924 91
1925 138
1926 136
1927 137
1928 184
1929 155
1930 128
1931 150
1932 177
1933 197
1934 152
1935 177
1936 138
1937 155
1938 108
1939 168
1940 158
1941 156
1942 219
1943 155
1944 147
1945 177
1946 136
1947 151
1948 96
1949 209
1950 165
1951 156
1952 169
1953 152
1954 182
1955 179
1956 192
1957 161
1958 163
1959 162
1960 118
1961 154
1962 195
1963 167
1964 196
1965 147
1966 170
1967 141
1968 165
1969 167
1970 138
1971 168
1972 156
1973 148
1974 145
1975 150
1976 187
1977 173
1978 170
1979 184
1980 146
1981 228
1982 138
1983 156
1984 148
1985 148
1986 149
1987 178
1988 140
1989 169
1990 140
1991 178
1992 145
1993 153
1994 162
1995 156
1996 151
1997 167
1998 113
1999 189
2000 149
2001 179
2002 159
2003 118
2004 152
2005 158
2006 171
2007 173
2008 151
2009 146
2010 162
2011 175
2012 139
2013 136
2014 154
2015 148
2016 116
2017 202
2018 146
2019 120
2020 165
2021 153
2022 71
2023 169
2024 150
2025 160
2026 167
2027 162
2028 176
2029 154
2030 152
2031 97
2032 202
2033 79
2034 168
2035 126
2036 171
2037 159
2038 130
2039 189
2040 150
2041 110
2042 169
2043 167
2044 166
2045 156
2046 173
2047 185
2048 164
2049 138
2050 143
2051 168
2052 168
2053 186
2054 120
2055 181
2056 156
2057 152
2058 209
2059 150
2060 124
2061 148
2062 154
2063 167
2064 120
2065 178
2066 145
2067 176
2068 162
2069 128
2070 181
2071 185
2072 128
2073 171
2074 166
2075 132
2076 161
2077 140
2078 193
2079 156
2080 110
2081 120
2082 178
2083 136
2084 191
2085 203
2086 141
2087 165
2088 179
2089 162
2090 216
2091 185
2092 158
2093 165
2094 176
2095 150
2096 174
2097 160
2098 149
2099 160
2100 178
2101 151
2102 179
2103 127
2104 149
2105 155
2106 120
2107 120
2108 178
2109 194
2110 111
2111 125
2112 145
2113 158
2114 127
2115 202
2116 175
2117 171
2118 153
2119 142
2120 166
2121 87
2122 126
2123 149
2124 130
2125 176
2126 186
2127 175
2128 188
2129 167
2130 141
2131 151
2132 169
2133 168
2134 121
2135 173
2136 138
2137 115
2138 205
2139 141
2140 155
2141 164
2142 175
2143 165
2144 171
2145 181
2146 159
2147 80
2148 208
2149 215
2150 155
2151 152
2152 157
2153 157
2154 166
2155 174
2156 164
2157 139
2158 132
2159 149
2160 141
2161 131
2162 193
2163 154
2164 125
2165 110
2166 160
2167 130
2168 158
2169 184
2170 159
2171 159
2172 134
2173 144
2174 154
2175 116
2176 149
2177 163
2178 167
2179 137
2180 169
2181 198
2182 157
2183 170
2184 143
2185 179
2186 153
2187 122
2188 130
2189 187
2190 188
2191 185
2192 177
2193 180
2194 168
2195 184
2196 161
2197 99
2198 162
2199 140
2200 178
2201 156
2202 172
2203 156
2204 161
2205 69
2206 178
2207 164
2208 166
2209 186
2210 165
2211 179
2212 141
2213 186
2214 165
2215 163
2216 151
2217 162
2218 156
2219 152
2220 153
2221 185
2222 175
2223 146
2224 166
2225 172
2226 181
2227 160
2228 155
2229 141
2230 168
2231 192
2232 176
2233 164
2234 139
2235 150
2236 171
2237 136
2238 145
2239 168
2240 208
2241 155
2242 194
2243 166
2244 166
2245 155
2246 189
2247 153
2248 144
2249 166
2250 192
2251 181
2252 163
2253 187
2254 142
2255 160
2256 186
2257 139
2258 148
2259 124
2260 209
2261 158
2262 122
2263 148
2264 165
2265 156
2266 135
2267 155
2268 191
2269 123
2270 141
2271 154
2272 135
2273 168
2274 203
2275 139
2276 191
2277 162
2278 96
2279 171
2280 138
2281 179
2282 163
2283 149
2284 134
2285 134
2286 159
2287 150
2288 132
2289 149
2290 159
2291 174
2292 151
2293 118
2294 182
2295 202
2296 153
2297 162
2298 154
2299 134
2300 161
2301 181
2302 185
2303 186
2304 147
2305 80
2306 121
2307 140
2308 160
2309 126
2310 165
2311 136
2312 159
2313 145
2314 144
2315 185
2316 192
2317 149
2318 200
2319 168
2320 143
2321 107
2322 160
2323 168
2324 173
2325 170
2326 194
2327 128
2328 202
2329 163
2330 177
2331 173
2332 166
2333 152
2334 165
2335 154
2336 141
2337 162
2338 168
2339 162
2340 193
2341 147
2342 184
2343 140
2344 145
2345 153
2346 161
2347 136
2348 189
2349 202
2350 151
2351 101
2352 129
2353 168
2354 154
2355 182
2356 152
2357 150
2358 142
2359 149
2360 130
2361 175
2362 141
2363 188
2364 177
2365 180
2366 189
2367 116
2368 148
2369 174
2370 220
2371 171
2372 139
2373 139
2374 145
2375 188
2376 155
2377 186
2378 87
2379 150
2380 138
2381 152
2382 135
2383 113
2384 135
2385 187
2386 149
2387 120
2388 200
2389 157
2390 116
2391 141
2392 216
2393 124
2394 140
2395 160
2396 165
2397 160
2398 126
2399 186
2400 186
2401 152
2402 147
2403 160
2404 143
2405 125
2406 142
2407 165
2408 170
2409 160
2410 171
2411 214
2412 144
2413 158
2414 159
2415 130
2416 166
2417 181
2418 150
2419 154
2420 151
2421 230
2422 201
2423 163
2424 172
2425 153
2426 159
2427 149
2428 146
2429 142
2430 168
2431 163
2432 115
2433 148
2434 208
2435 139
2436 158
2437 142
2438 206
2439 146
2440 144
2441 125
2442 181
2443 152
2444 205
2445 127
2446 170
2447 110
2448 154
2449 130
2450 142
2451 172
2452 170
2453 139
2454 126
2455 173
2456 155
2457 155
2458 173
2459 122
2460 167
2461 133
2462 161
2463 173
2464 169
2465 166
2466 156
2467 136
2468 122
2469 166
2470 182
2471 192
2472 130
2473 146
2474 153
2475 146
2476 150
2477 146
2478 141
2479 150
2480 193
2481 172
2482 166
2483 119
2484 144
2485 180
2486 146
2487 82
2488 144
2489 143
2490 154
2491 161
2492 163
2493 178
2494 191
2495 126
2496 158
2497 188
2498 194
2499 154
2500 109
2501 232
2502 167
2503 186
2504 173
2505 141
2506 106
2507 153
2508 162
2509 124
2510 152
2511 190
2512 180
2513 164
2514 79
2515 145
2516 156
2517 163
2518 168
2519 156
2520 97
2521 176
2522 137
2523 149
2524 189
2525 150
2526 159
2527 151
2528 152
2529 177
2530 120
2531 193
2532 213
2533 179
2534 142
2535 157
2536 164
2537 163
2538 116
2539 177
2540 129
2541 137
2542 116
2543 146
2544 141
2545 149
2546 211
2547 156
2548 163
2549 155
2550 185
2551 165
2552 134
2553 121
2554 170
2555 164
2556 157
2557 128
2558 155
2559 163
2560 141
2561 129
2562 193
2563 189
2564 156
2565 187
2566 128
2567 168
2568 147
2569 134
2570 136
2571 165
2572 177
2573 148
2574 197
2575 146
2576 142
2577 147
2578 181
2579 192
2580 127
2581 155
2582 86
2583 164
2584 190
2585 139
2586 179
2587 188
2588 151
2589 147
2590 150
2591 166
2592 133
2593 156
2594 177
2595 157
2596 112
2597 173
2598 183
2599 166
2600 177
2601 131
2602 180
2603 143
2604 126
2605 154
2606 140
2607 125
2608 181
2609 214
2610 166
2611 67
2612 156
2613 141
2614 197
2615 244
2616 164
2617 164
2618 169
2619 217
2620 143
2621 156
2622 179
2623 156
2624 144
2625 192
2626 148
2627 149
2628 153
2629 169
2630 75
2631 178
2632 114
2633 168
2634 138
2635 194
2636 163
2637 186
2638 162
2639 113
2640 154
2641 181
2642 160
2643 161
2644 150
2645 138
2646 146
2647 162
2648 96
2649 143
2650 152
2651 157
2652 145
2653 142
2654 154
2655 131
2656 171
2657 162
2658 177
2659 142
2660 175
2661 163
2662 115
2663 162
2664 159
2665 162
2666 144
2667 167
2668 155
2669 166
2670 135
2671 179
2672 149
2673 206
2674 142
2675 208
2676 169
2677 173
2678 122
2679 122
2680 184
2681 210
2682 158
2683 155
2684 190
2685 166
2686 170
2687 153
2688 149
2689 201
2690 158
2691 152
2692 151
2693 176
2694 140
2695 119
2696 103
2697 152
2698 142
2699 156
2700 151
2701 137
2702 162
2703 170
2704 138
2705 172
2706 146
2707 155
2708 187
2709 161
2710 195
2711 171
2712 148
2713 129
2714 186
2715 184
2716 153
2717 170
2718 151
2719 117
2720 191
2721 156
2722 161
2723 149
2724 162
2725 189
2726 168
2727 149
2728 146
2729 83
2730 160
2731 192
2732 145
2733 182
2734 175
2735 146
2736 143
2737 168
2738 157
2739 171
2740 205
2741 150
2742 181
2743 162
2744 131
2745 144
2746 140
2747 208
2748 114
2749 155
2750 153
2751 149
2752 162
2753 136
2754 110
2755 147
2756 131
2757 147
2758 167
2759 161
2760 138
2761 177
2762 164
2763 139
2764 158
2765 203
2766 180
2767 126
2768 132
2769 160
2770 146
2771 78
2772 143
2773 145
2774 163
2775 147
2776 135
2777 180
2778 118
2779 155
2780 183
2781 171
2782 165
2783 165
2784 177
2785 139
2786 136
2787 127
2788 124
2789 142
2790 151
2791 132
2792 173
2793 176
2794 120
2795 155
2796 124
2797 166
2798 132
2799 142
2800 155
2801 188
2802 198
2803 159
2804 157
2805 194
2806 119
2807 174
2808 202
2809 174
2810 158
2811 124
2812 106
2813 150
2814 118
2815 199
2816 188
2817 170
2818 143
2819 192
2820 205
2821 141
2822 156
2823 170
2824 150
2825 148
2826 162
2827 164
2828 151
2829 126
2830 98
2831 143
2832 149
2833 154
2834 178
2835 138
2836 125
2837 154
2838 174
2839 162
2840 182
2841 166
2842 187
2843 140
2844 213
2845 145
2846 172
2847 159
2848 158
2849 150
2850 140
2851 135
2852 155
2853 43
2854 178
2855 124
2856 154
2857 69
2858 133
2859 150
2860 193
2861 136
2862 158
2863 150
2864 163
2865 153
2866 162
2867 140
2868 156
2869 139
2870 213
2871 171
2872 219
2873 184
2874 152
2875 138
2876 190
2877 171
2878 141
2879 165
2880 121
2881 75
2882 129
2883 137
2884 145
2885 164
2886 179
2887 162
2888 150
2889 169
2890 164
2891 160
2892 195
2893 172
2894 163
2895 113
2896 148
2897 106
2898 132
2899 145
2900 162
2901 127
2902 146
2903 161
2904 165
2905 164
2906 142
2907 193
2908 139
2909 152
2910 165
2911 141
2912 184
2913 161
2914 131
2915 152
2916 194
2917 163
2918 132
2919 160
2920 210
2921 175
2922 132
2923 135
2924 156
2925 191
2926 168
2927 175
2928 198
2929 157
2930 111
2931 169
2932 167
2933 194
2934 145
2935 195
2936 144
2937 126
2938 142
2939 144
2940 178
2941 151
2942 141
2943 153
2944 152
2945 156
2946 162
2947 137
2948 177
2949 142
2950 153
2951 210
2952 137
2953 117
2954 152
2955 188
2956 144
2957 150
2958 195
2959 191
2960 158
2961 168
2962 168
2963 162
2964 170
2965 176
2966 167
2967 159
2968 181
2969 155
2970 105
2971 177
2972 199
2973 174
2974 173
2975 204
2976 220
2977 0
2978 174
2979 149
2980 155
2981 159
2982 174
2983 156
2984 159
2985 150
2986 208
2987 154
2988 158
2989 153
2990 172
2991 139
2992 176
2993 167
2994 130
2995 174
2996 153
2997 153
2998 164
2999 178
3000 144
3001 142
3002 144
3003 133
3004 152
3005 127
3006 122
3007 178
3008 151
3009 135
3010 165
3011 179
3012 86
3013 96
3014 167
3015 159
3016 136
3017 146
3018 169
3019 158
3020 135
3021 156
3022 160
3023 182
3024 186
3025 179
3026 140
3027 149
3028 173
3029 179
3030 143
3031 102
3032 160
3033 184
3034 149
3035 189
3036 192
3037 154
3038 194
3039 151
3040 155
3041 148
3042 193
3043 81
3044 176
3045 200
3046 193
3047 156
3048 144
3049 172
3050 168
3051 147
3052 147
3053 159
3054 166
3055 201
3056 158
3057 141
3058 176
3059 171
3060 183
3061 208
3062 185
3063 155
3064 147
3065 151
3066 134
3067 163
3068 177
3069 170
3070 156
3071 155
3072 166
3073 158
3074 144
3075 157
3076 198
3077 153
3078 104
3079 161
3080 127
3081 152
3082 171
3083 155
3084 125
3085 156
3086 110
3087 149
3088 191
3089 131
3090 189
3091 164
3092 186
3093 166
3094 219
3095 151
3096 130
3097 141
3098 175
3099 170
3100 143
3101 168
3102 166
3103 150
3104 141
3105 143
3106 168
3107 138
3108 161
3109 194
3110 173
3111 163
3112 150
3113 145
3114 186
3115 154
3116 163
3117 159
3118 115
3119 176
3120 132
3121 140
3122 170
3123 181
3124 174
3125 137
3126 154
3127 90
3128 153
3129 146
3130 189
3131 157
3132 187
3133 170
3134 191
3135 208
3136 180
3137 181
3138 176
3139 112
3140 173
3141 158
3142 136
3143 159
3144 169
3145 171
3146 154
3147 160
3148 166
3149 207
3150 153
3151 149
3152 175
3153 165
3154 168
3155 151
3156 177
3157 152
3158 187
3159 148
3160 181
3161 223
3162 194
3163 183
3164 86
3165 162
3166 162
3167 174
3168 174
3169 164
3170 143
3171 198
3172 163
3173 172
3174 175
3175 150
3176 145
3177 144
3178 170
3179 201
3180 126
3181 185
3182 145
3183 158
3184 135
3185 138
3186 130
3187 137
3188 171
3189 125
3190 147
3191 133
3192 116
3193 151
3194 175
3195 106
3196 180
3197 122
3198 161
3199 147
3200 151
3201 109
3202 163
3203 177
3204 213
3205 161
3206 139
3207 167
3208 118
3209 153
3210 189
3211 163
3212 148
3213 164
3214 150
3215 143
3216 112
3217 214
3218 140
3219 195
3220 186
3221 139
3222 174
3223 239
3224 147
3225 147
3226 173
3227 186
3228 193
3229 189
3230 144
3231 152
3232 175
3233 159
3234 115
3235 139
3236 186
3237 141
3238 152
3239 183
3240 184
3241 176
3242 138
3243 137
3244 115
3245 208
3246 166
3247 151
3248 130
3249 183
3250 92
3251 202
3252 274
3253 128
3254 145
3255 146
3256 151
3257 186
3258 170
3259 151
3260 136
3261 156
3262 97
3263 157
3264 142
3265 143
3266 176
3267 153
3268 175
3269 198
3270 166
3271 138
3272 150
3273 161
3274 194
3275 147
3276 134
3277 135
3278 167
3279 197
3280 194
3281 138
3282 131
3283 141
3284 203
3285 154
3286 157
3287 143
3288 145
3289 164
3290 127
3291 146
3292 167
3293 190
3294 235
3295 169
3296 129
3297 103
3298 129
3299 143
3300 145
3301 139
3302 158
3303 213
3304 141
3305 139
3306 148
3307 148
3308 96
3309 146
3310 130
3311 132
3312 166
3313 174
3314 148
3315 178
3316 162
3317 153
3318 157
3319 151
3320 181
3321 160
3322 164
3323 143
3324 153
3325 123
3326 164
3327 145
3328 143
3329 175
3330 149
3331 119
3332 182
3333 143
3334 182
3335 101
3336 191
3337 127
3338 48
3339 170
3340 126
3341 185
3342 207
3343 185
3344 135
3345 120
3346 132
3347 109
3348 120
3349 131
3350 158
3351 183
3352 179
3353 153
3354 174
3355 179
3356 170
3357 149
3358 167
3359 163
3360 168
3361 163
3362 162
3363 172
3364 194
3365 175
3366 159
3367 153
3368 144
3369 165
3370 197
3371 140
3372 122
3373 159
3374 151
3375 165
3376 151
3377 157
3378 211
3379 115
3380 160
3381 159
3382 138
3383 182
3384 164
3385 179
3386 190
3387 160
3388 158
3389 137
3390 173
3391 141
3392 191
3393 187
3394 164
3395 94
3396 143
3397 173
3398 172
3399 229
3400 278
3401 157
3402 132
3403 150
3404 154
3405 175
3406 152
3407 164
3408 149
3409 184
3410 154
3411 111
3412 193
3413 166
3414 160
3415 127
3416 147
3417 175
3418 206
3419 120
3420 192
3421 193
3422 192
3423 146
3424 109
3425 120
3426 173
3427 135
3428 165
3429 159
3430 178
3431 128
3432 149
3433 168
3434 175
3435 112
3436 178
3437 149
3438 187
3439 142
3440 126
3441 201
3442 106
3443 156
3444 134
3445 142
3446 151
3447 135
3448 145
3449 126
3450 141
3451 162
3452 138
3453 157
3454 151
3455 157
3456 152
3457 152
3458 148
3459 0
3460 146
3461 196
3462 135
3463 163
3464 171
3465 147
3466 180
3467 164
3468 162
3469 148
3470 163
3471 245
3472 0
3473 172
3474 216
3475 202
3476 149
3477 137
3478 174
3479 161
3480 146
3481 149
3482 208
3483 151
3484 93
3485 155
3486 203
3487 151
3488 149
3489 193
3490 148
3491 161
3492 159
3493 145
3494 131
3495 195
3496 167
3497 128
3498 147
3499 172
3500 170
3501 218
3502 187
3503 171
3504 192
3505 190
3506 164
3507 138
3508 155
3509 208
3510 108
3511 128
3512 147
3513 130
3514 129
3515 111
3516 152
3517 148
3518 191
3519 168
3520 106
3521 153
3522 241
3523 185
3524 105
3525 157
3526 157
3527 181
3528 131
3529 143
3530 114
3531 141
3532 169
3533 184
3534 106
3535 168
3536 165
3537 155
3538 167
3539 120
3540 156
3541 174
3542 137
3543 165
3544 137
3545 94
3546 181
3547 116
3548 144
3549 155
3550 166
3551 200
3552 162
3553 155
3554 211
3555 168
3556 187
3557 126
3558 167
3559 146
3560 189
3561 172
3562 160
3563 169
3564 132
3565 152
3566 149
3567 168
3568 162
3569 126
3570 153
3571 135
3572 145
3573 216
3574 142
3575 112
3576 171
3577 155
3578 136
3579 156
3580 150
3581 170
3582 172
3583 123
3584 174
3585 180
3586 181
3587 159
3588 182
3589 152
3590 155
3591 138
3592 149
3593 150
3594 147
3595 152
3596 213
3597 160
3598 144
3599 180
3600 181
3601 121
3602 123
3603 130
3604 195
3605 128
3606 160
3607 156
3608 132
3609 202
3610 154
3611 171
3612 152
3613 147
3614 154
3615 162
3616 80
3617 167
3618 149
3619 166
3620 176
3621 103
3622 130
3623 108
3624 189
3625 99
3626 152
3627 175
3628 184
3629 156
3630 137
3631 159
3632 196
3633 177
3634 165
3635 191
3636 151
3637 164
3638 179
3639 169
3640 195
3641 173
3642 152
3643 172
3644 161
3645 154
3646 157
3647 139
3648 113
3649 208
3650 140
3651 119
3652 171
3653 164
3654 168
3655 175
3656 138
3657 176
3658 128
3659 131
3660 162
3661 141
3662 151
3663 175
3664 170
3665 129
3666 135
3667 134
3668 165
3669 154
3670 163
3671 185
3672 152
3673 129
3674 143
3675 150
3676 145
3677 159
3678 116
3679 159
3680 229
3681 157
3682 94
3683 144
3684 161
3685 126
3686 138
3687 178
3688 196
3689 118
3690 129
3691 183
3692 173
3693 151
3694 141
3695 169
3696 201
3697 98
3698 171
3699 158
3700 118
3701 121
3702 162
3703 147
3704 138
3705 142
3706 162
3707 166
3708 132
3709 190
3710 154
3711 205
3712 215
3713 142
3714 156
3715 186
3716 120
3717 143
3718 160
3719 153
3720 193
3721 143
3722 144
3723 155
3724 120
3725 166
3726 168
3727 157
3728 214
3729 164
3730 191
3731 160
3732 125
3733 135
3734 186
3735 166
3736 134
3737 139
3738 196
3739 151
3740 144
3741 183
3742 226
3743 141
3744 152
3745 180
3746 167
3747 126
3748 156
3749 118
3750 163
3751 141
3752 174
3753 161
3754 198
3755 159
3756 175
3757 147
3758 141
3759 135
3760 188
3761 127
3762 159
3763 106
3764 150
3765 182
3766 120
3767 162
3768 220
3769 170
3770 169
3771 177
3772 116
3773 151
3774 160
3775 161
3776 177
3777 159
3778 191
3779 175
3780 136
3781 209
3782 163
3783 165
3784 116
3785 156
3786 159
3787 176
3788 193
3789 124
3790 129
3791 124
3792 186
3793 162
3794 174
3795 160
3796 156
3797 165
3798 241
3799 170
3800 166
3801 143
3802 170
3803 180
3804 161
3805 195
3806 140
3807 133
3808 122
3809 122
3810 152
3811 187
3812 176
3813 152
3814 160
3815 164
3816 172
3817 156
3818 156
3819 188
3820 165
3821 182
3822 165
3823 148
3824 152
3825 147
3826 156
3827 170
3828 191
3829 141
3830 170
3831 149
3832 148
3833 164
3834 167
3835 133
3836 158
3837 160
3838 172
3839 259
3840 175
3841 152
3842 134
3843 123
3844 157
3845 201
3846 142
3847 168
3848 177
3849 162
3850 144
3851 144
3852 143
3853 178
3854 186
3855 136
3856 210
3857 107
3858 148
3859 190
3860 112
3861 112
3862 182
3863 161
3864 162
3865 176
3866 153
3867 167
3868 111
3869 123
3870 211
3871 188
3872 178
3873 124
3874 148
3875 160
3876 111
3877 127
3878 165
3879 157
3880 157
3881 165
3882 159
3883 154
3884 152
3885 195
3886 155
3887 150
3888 136
3889 154
3890 159
3891 127
3892 184
3893 131
3894 153
3895 186
3896 162
3897 142
3898 171
3899 118
3900 114
3901 140
3902 161
3903 150
3904 145
3905 155
3906 107
3907 125
3908 146
3909 123
3910 140
3911 148
3912 142
3913 163
3914 152
3915 164
3916 154
3917 181
3918 199
3919 164
3920 149
3921 138
3922 177
3923 196
3924 176
3925 156
3926 154
3927 189
3928 168
3929 155
3930 152
3931 179
3932 128
3933 172
3934 150
3935 148
3936 165
3937 132
3938 159
3939 159
3940 143
3941 170
3942 76
3943 159
3944 131
3945 157
3946 179
3947 191
3948 154
3949 166
3950 176
3951 195
3952 160
3953 143
3954 165
3955 114
3956 147
3957 125
3958 85
3959 156
3960 158
3961 131
3962 121
3963 140
3964 174
3965 176
3966 136
3967 153
3968 181
3969 205
3970 152
3971 129
3972 183
3973 168
3974 160
3975 161
3976 144
3977 167
3978 145
3979 147
3980 224
3981 156
3982 189
3983 177
3984 158
3985 191
3986 140
3987 168
3988 144
3989 126
3990 149
3991 151
3992 123
3993 112
3994 151
3995 171
3996 151
3997 134
3998 188
3999 99
4000 145
4001 157
4002 148
4003 213
4004 149
4005 139
4006 170
4007 152
4008 161
4009 156
4010 158
4011 138
4012 140
4013 171
4014 148
4015 159
4016 193
4017 125
4018 107
4019 146
4020 200
4021 165
4022 144
4023 174
4024 183
4025 161
4026 151
4027 94
4028 97
4029 144
4030 139
4031 182
4032 146
4033 152
4034 161
4035 141
4036 121
4037 87
4038 82
4039 180
4040 143
4041 121
4042 123
4043 174
4044 180
4045 176
4046 164
4047 178
4048 193
4049 197
4050 147
4051 199
4052 163
4053 157
4054 153
4055 150
4056 80
4057 145
4058 141
4059 191
4060 153
4061 91
4062 153
4063 156
4064 159
4065 93
4066 146
4067 200
4068 163
4069 122
4070 111
4071 147
4072 159
4073 127
4074 137
4075 159
4076 185
4077 181
4078 107
4079 156
4080 156
4081 177
4082 105
4083 162
4084 146
4085 143
4086 127
4087 160
4088 172
4089 164
4090 156
4091 164
4092 142
4093 128
4094 173
4095 195
4096 116
4097 142
4098 135
4099 138
4100 167
4101 104
4102 105
4103 170
4104 123
4105 218
4106 168
4107 143
4108 129
4109 185
4110 143
4111 170
4112 151
4113 167
4114 142
4115 184
4116 156
4117 158
4118 168
4119 194
4120 138
4121 141
4122 0
4123 130
4124 206
4125 175
4126 91
4127 167
4128 83
4129 155
4130 122
4131 156
4132 204
4133 180
4134 137
4135 150
4136 131
4137 155
4138 129
4139 134
4140 151
4141 124
4142 109
4143 164
4144 134
4145 155
4146 174
4147 125
4148 165
4149 126
4150 195
4151 140
4152 154
4153 186
4154 164
4155 180
4156 148
4157 221
4158 187
4159 148
4160 176
4161 163
4162 114
4163 159
4164 142
4165 168
4166 120
4167 119
4168 121
4169 127
4170 185
4171 171
4172 160
4173 120
4174 131
4175 152
4176 151
4177 151
4178 160
4179 146
4180 145
4181 136
4182 121
4183 117
4184 173
4185 121
4186 151
4187 182
4188 183
4189 125
4190 162
4191 112
4192 165
4193 154
4194 164
4195 163
4196 134
4197 175
4198 116
4199 156
4200 165
4201 154
4202 128
4203 140
4204 156
4205 191
4206 122
4207 162
4208 176
4209 197
4210 172
4211 148
4212 163
4213 161
4214 162
4215 145
4216 147
4217 159
4218 186
4219 172
4220 159
4221 152
4222 168
4223 146
4224 162
4225 170
4226 166
4227 129
4228 149
4229 139
4230 138
4231 147
4232 137
4233 147
4234 145
4235 121
4236 164
4237 158
4238 161
4239 87
4240 139
4241 105
4242 137
4243 151
4244 159
4245 188
4246 163
4247 145
4248 143
4249 176
4250 184
4251 186
4252 185
4253 87
4254 171
4255 124
4256 133
4257 156
4258 114
4259 132
4260 178
4261 135
4262 226
4263 153
4264 179
4265 144
4266 151
4267 153
4268 136
4269 159
4270 175
4271 110
4272 141
4273 176
4274 177
4275 146
4276 154
4277 216
4278 219
4279 167
4280 156
4281 138
4282 135
4283 156
4284 153
4285 171
4286 150
4287 111
4288 124
4289 183
4290 142
4291 155
4292 169
4293 138
4294 127
4295 127
4296 141
4297 149
4298 171
4299 156
4300 82
4301 177
4302 167
4303 120
4304 158
4305 212
4306 147
4307 145
4308 191
4309 138
4310 167
4311 161
4312 125
4313 155
4314 155
4315 163
4316 196
4317 194
4318 139
4319 167
4320 171
4321 175
4322 182
4323 116
4324 104
4325 247
4326 140
4327 176
4328 159
4329 159
4330 167
4331 151
4332 136
4333 168
4334 143
4335 127
4336 165
4337 147
4338 172
4339 143
4340 163
4341 157
4342 132
4343 193
4344 178
4345 156
4346 144
4347 211
4348 153
4349 172
4350 172
4351 111
4352 183
4353 150
4354 159
4355 134
4356 169
4357 132
4358 134
4359 114
4360 178
4361 166
4362 152
4363 192
4364 185
4365 186
4366 176
4367 126
4368 181
4369 167
4370 161
4371 100
4372 168
4373 164
4374 163
4375 135
4376 153
4377 151
4378 165
4379 94
4380 257
4381 147
4382 148
4383 163
4384 162
4385 145
4386 171
4387 162
4388 193
4389 152
4390 160
4391 129
4392 173
4393 133
4394 167
4395 157
4396 159
4397 111
4398 107
4399 169
4400 168
4401 163
4402 151
4403 156
4404 185
4405 167
4406 128
4407 118
4408 156
4409 132
4410 138
4411 180
4412 114
4413 143
4414 201
4415 171
4416 129
4417 167
4418 163
4419 66
4420 177
4421 140
4422 160
4423 136
4424 146
4425 165
4426 160
4427 135
4428 136
4429 158
4430 185
4431 157
4432 159
4433 159
4434 162
4435 142
4436 150
4437 146
4438 166
4439 138
4440 254
4441 153
4442 175
4443 236
4444 184
4445 216
4446 110
4447 165
4448 175
4449 85
4450 209
4451 126
4452 167
4453 164
4454 148
4455 163
4456 148
4457 167
4458 150
4459 166
4460 189
4461 141
4462 148
4463 204
4464 180
4465 174
4466 191
4467 108
4468 151
4469 115
4470 171
4471 153
4472 111
4473 101
4474 150
4475 162
4476 125
4477 102
4478 118
4479 158
4480 199
4481 104
4482 163
4483 137
4484 93
4485 162
4486 145
4487 131
4488 157
4489 174
4490 139
4491 174
4492 161
4493 209
4494 159
4495 201
4496 107
4497 152
4498 191
4499 183
4500 182
4501 195
4502 110
4503 193
4504 153
4505 165
4506 223
4507 126
4508 158
4509 185
4510 150
4511 125
4512 195
4513 168
4514 135
4515 157
4516 150
4517 181
4518 167
4519 137
4520 188
4521 160
4522 127
4523 98
4524 146
4525 113
4526 192
4527 198
4528 156
4529 194
4530 237
4531 133
4532 227
4533 142
4534 162
4535 129
4536 199
4537 144
4538 232
4539 159
4540 184
4541 162
4542 148
4543 165
4544 186
4545 179
4546 133
4547 149
4548 142
4549 159
4550 162
4551 178
4552 191
4553 163
4554 149
4555 137
4556 80
4557 124
4558 186
4559 156
4560 179
4561 157
4562 180
4563 180
4564 106
4565 156
4566 160
4567 127
4568 127
4569 186
4570 140
4571 181
4572 167
4573 141
4574 191
4575 169
4576 161
4577 173
4578 149
4579 156
4580 205
4581 174
4582 161
4583 94
4584 201
4585 98
4586 160
4587 143
4588 114
4589 161
4590 213
4591 144
4592 158
4593 195
4594 155
4595 187
4596 138
4597 140
4598 194
4599 133
4600 138
4601 186
4602 189
4603 189
4604 118
4605 111
4606 142
4607 134
4608 158
4609 151
4610 201
4611 164
4612 186
4613 160
4614 156
4615 163
4616 159
4617 95
4618 171
4619 172
4620 196
4621 185
4622 178
4623 134
4624 183
4625 170
4626 171
4627 138
4628 142
4629 183
4630 149
4631 139
4632 146
4633 127
4634 123
4635 191
4636 174
4637 178
4638 166
4639 162
4640 147
4641 145
4642 120
4643 151
4644 148
4645 173
4646 128
4647 118
4648 176
4649 175
4650 153
4651 143
4652 147
4653 136
4654 149
4655 178
4656 214
4657 149
4658 131
4659 151
4660 146
4661 142
4662 164
4663 138
4664 154
4665 149
4666 180
4667 153
4668 158
4669 160
4670 124
4671 136
4672 122
4673 216
4674 131
4675 137
4676 160
4677 146
4678 149
4679 160
4680 134
4681 213
4682 232
4683 182
4684 170
4685 144
4686 182
4687 197
4688 152
4689 145
4690 142
4691 164
4692 205
4693 149
4694 148
4695 134
4696 181
4697 133
4698 188
4699 183
4700 193
4701 178
4702 173
4703 163
4704 123
4705 160
4706 156
4707 176
4708 175
4709 149
4710 167
4711 139
4712 75
4713 161
4714 152
4715 105
4716 137
4717 130
4718 161
4719 167
4720 170
4721 139
4722 145
4723 171
4724 155
4725 149
4726 168
4727 168
4728 122
4729 173
4730 136
4731 132
4732 139
4733 150
4734 148
4735 157
4736 112
4737 202
4738 186
4739 130
4740 140
4741 131
4742 140
4743 167
4744 177
4745 176
4746 148
4747 199
4748 164
4749 154
4750 156
4751 165
4752 147
4753 174
4754 149
4755 124
4756 180
4757 153
4758 162
4759 166
4760 196
4761 153
4762 128
4763 171
4764 176
4765 174
4766 165
4767 147
4768 171
4769 161
4770 158
4771 136
4772 141
4773 220
4774 175
4775 134
4776 118
4777 224
4778 152
4779 179
4780 169
4781 110
4782 135
4783 130
4784 182
4785 165
4786 163
4787 120
4788 200
4789 134
4790 86
4791 177
4792 156
4793 166
4794 144
4795 165
4796 160
4797 154
4798 192
4799 152
4800 181
4801 189
4802 167
4803 212
4804 174
4805 150
4806 199
4807 153
4808 128
4809 162
4810 207
4811 176
4812 190
4813 168
4814 183
4815 169
4816 159
4817 160
4818 185
4819 130
4820 156
4821 154
4822 139
4823 169
4824 169
4825 157
4826 154
4827 183
4828 166
4829 131
4830 135
4831 124
4832 92
4833 171
4834 161
4835 179
4836 134
4837 174
4838 175
4839 160
4840 133
4841 147
4842 176
4843 128
4844 140
4845 169
4846 140
4847 178
4848 99
4849 155
4850 185
4851 184
4852 159
4853 166
4854 206
4855 182
4856 141
4857 154
4858 219
4859 158
4860 125
4861 176
4862 196
4863 162
4864 139
4865 159
4866 162
4867 181
4868 154
4869 113
4870 148
4871 176
4872 160
4873 157
4874 172
4875 195
4876 151
4877 120
4878 102
4879 117
4880 140
4881 139
4882 149
4883 178
4884 142
4885 135
4886 140
4887 143
4888 132
4889 147
4890 149
4891 154
4892 209
4893 149
4894 155
4895 186
4896 124
4897 157
4898 152
4899 193
4900 186
4901 208
4902 155
4903 205
4904 164
4905 135
4906 148
4907 183
4908 171
4909 167
4910 194
4911 162
4912 158
4913 115
4914 175
4915 177
4916 161
4917 165
4918 167
4919 143
4920 126
4921 209
4922 139
4923 149
4924 159
4925 151
4926 115
4927 117
4928 166
4929 177
4930 176
4931 146
4932 134
4933 209
4934 152
4935 175
4936 189
4937 138
4938 144
4939 167
4940 165
4941 154
4942 160
4943 183
4944 162
4945 136
4946 159
4947 147
4948 213
4949 165
4950 130
4951 149
4952 176
4953 150
4954 146
4955 173
4956 154
4957 142
4958 148
4959 163
4960 132
4961 173
4962 144
4963 136
4964 169
4965 145
4966 181
4967 166
4968 149
4969 121
4970 225
4971 178
4972 162
4973 140
4974 205
4975 140
4976 134
4977 157
4978 163
4979 156
4980 155
4981 151
4982 143
4983 157
4984 150
4985 127
4986 191
4987 167
4988 182
4989 167
4990 90
4991 139
4992 202
4993 171
4994 144
4995 153
4996 188
4997 137
4998 128
4999 140
5000 173
5001 153
5002 113
5003 157
5004 127
5005 183
5006 186
5007 148
5008 113
5009 178
5010 140
5011 165
5012 174
5013 198
5014 122
5015 160
5016 89
5017 197
5018 170
5019 138
5020 140
5021 146
5022 142
5023 157
5024 114
5025 153
5026 154
5027 216
5028 157
5029 149
5030 216
5031 165
5032 172
5033 171
5034 215
5035 141
5036 126
5037 139
5038 106
5039 134
5040 163
5041 145
5042 147
5043 136
5044 144
5045 162
5046 157
5047 150
5048 152
5049 168
5050 183
5051 125
5052 112
5053 174
5054 159
5055 125
5056 168
5057 115
5058 154
5059 129
5060 154
5061 164
5062 180
5063 154
5064 180
5065 178
5066 127
5067 141
5068 145
5069 164
5070 130
5071 169
5072 162
5073 167
5074 164
5075 182
5076 162
5077 162
5078 149
5079 130
5080 147
5081 154
5082 166
5083 167
5084 162
5085 169
5086 154
5087 137
5088 127
5089 152
5090 177
5091 159
5092 128
5093 113
5094 120
5095 144
5096 171
5097 168
5098 170
5099 151
5100 129
5101 172
5102 120
5103 40
5104 156
5105 63
5106 130
5107 153
5108 111
5109 150
5110 165
5111 124
5112 139
5113 173
5114 165
5115 177
5116 160
5117 154
5118 145
5119 191
5120 184
5121 170
5122 168
5123 171
5124 155
5125 131
5126 161
5127 166
5128 190
5129 192
5130 163
5131 174
5132 153
5133 173
5134 82
5135 148
5136 111
5137 161
5138 126
5139 175
5140 145
5141 128
5142 152
5143 165
5144 169
5145 146
5146 166
5147 196
5148 111
5149 145
5150 159
5151 162
5152 126
5153 179
5154 167
5155 191
5156 176
5157 163
5158 169
5159 105
5160 142
5161 141
5162 162
5163 143
5164 122
5165 130
5166 174
5167 175
5168 150
5169 100
5170 162
5171 162
5172 153
5173 156
5174 142
5175 160
5176 170
5177 166
5178 154
5179 166
5180 164
5181 136
5182 67
5183 154
5184 126
5185 187
5186 165
5187 119
5188 151
5189 152
5190 164
5191 141
5192 161
5193 146
5194 179
5195 209
5196 206
5197 91
5198 129
5199 228
5200 184
5201 150
5202 176
5203 137
5204 188
5205 167
5206 167
5207 157
5208 160
5209 107
5210 143
5211 155
5212 92
5213 196
5214 148
5215 156
5216 188
5217 235
5218 116
5219 205
5220 116
5221 215
5222 235
5223 188
5224 192
5225 168
5226 158
5227 158
5228 146
5229 149
5230 146
5231 105
5232 180
5233 131
5234 135
5235 164
5236 175
5237 174
5238 155
5239 140
5240 161
5241 126
5242 187
5243 169
5244 152
5245 138
5246 172
5247 168
5248 157
5249 154
5250 164
5251 155
5252 105
5253 144
5254 149
5255 231
5256 120
5257 129
5258 178
5259 159
5260 145
5261 154
5262 201
5263 165
5264 153
5265 164
5266 153
5267 139
5268 157
5269 144
5270 178
5271 217
5272 154
5273 145
5274 90
5275 165
5276 175
5277 185
5278 133
5279 176
5280 163
5281 207
5282 175
5283 162
5284 151
5285 157
5286 163
5287 56
5288 150
5289 153
5290 127
5291 158
5292 182
5293 186
5294 168
5295 203
5296 187
5297 176
5298 155
5299 155
5300 160
5301 133
5302 130
5303 129
5304 166
5305 150
5306 152
5307 167
5308 186
5309 131
5310 158
5311 167
5312 145
5313 116
5314 151
5315 151
5316 161
5317 188
5318 152
5319 155
5320 157
5321 134
5322 158
5323 129
5324 221
5325 92
5326 125
5327 145
5328 134
5329 152
5330 121
5331 163
5332 186
5333 161
5334 141
5335 156
5336 166
5337 145
5338 95
5339 191
5340 166
5341 158
5342 144
5343 144
5344 201
5345 119
5346 136
5347 168
5348 183
5349 144
5350 144
5351 135
5352 157
5353 114
5354 182
5355 110
5356 160
5357 201
5358 190
5359 128
5360 117
5361 168
5362 152
5363 185
5364 199
5365 177
5366 163
5367 154
5368 146
5369 200
5370 162
5371 194
5372 129
5373 122
5374 178
5375 163
5376 162
5377 176
5378 188
5379 185
5380 198
5381 178
5382 198
5383 134
5384 181
5385 150
5386 143
5387 152
5388 127
5389 127
5390 162
5391 145
5392 216
5393 165
5394 158
5395 117
5396 143
5397 211
5398 97
5399 159
5400 127
5401 139
5402 154
5403 142
5404 168
5405 185
5406 124
5407 145
5408 187
5409 163
5410 129
5411 162
5412 143
5413 143
5414 142
5415 176
5416 173
5417 170
5418 158
5419 170
5420 195
5421 187
5422 144
5423 141
5424 146
5425 158
5426 198
5427 158
5428 137
5429 163
5430 137
5431 191
5432 173
5433 154
5434 220
5435 162
5436 137
5437 165
5438 155
5439 165
5440 151
5441 114
5442 167
5443 163
5444 158
5445 152
5446 163
5447 164
5448 146
5449 138
5450 143
5451 163
5452 156
5453 139
5454 192
5455 168
5456 168
5457 119
5458 158
5459 165
5460 195
5461 144
5462 159
5463 179
5464 152
5465 147
5466 164
5467 138
5468 139
5469 137
5470 175
5471 168
5472 157
5473 187
5474 161
5475 281
5476 178
5477 178
5478 223
5479 124
5480 162
5481 196
5482 139
5483 165
5484 148
5485 175
5486 109
5487 146
5488 172
5489 164
5490 159
5491 169
5492 165
5493 131
5494 204
5495 187
5496 211
5497 177
5498 185
5499 124
5500 154
5501 175
5502 122
5503 123
5504 155
5505 264
5506 175
5507 155
5508 182
5509 164
5510 170
5511 190
5512 149
5513 170
5514 139
5515 154
5516 127
5517 187
5518 138
5519 188
5520 158
5521 132
5522 177
5523 148
5524 157
5525 132
5526 172
5527 144
5528 139
5529 132
5530 184
5531 128
5532 260
5533 152
5534 147
5535 143
5536 189
5537 145
5538 153
5539 152
5540 127
5541 130
5542 193
5543 162
5544 171
5545 151
5546 173
5547 160
5548 145
5549 186
5550 143
5551 155
5552 127
5553 109
5554 139
5555 158
5556 141
5557 170
5558 179
5559 114
5560 165
5561 180
5562 135
5563 171
5564 146
5565 140
5566 119
5567 199
5568 165
5569 178
5570 168
5571 202
5572 183
5573 197
5574 176
5575 161
5576 157
5577 185
5578 197
5579 216
5580 164
5581 169
5582 145
5583 192
5584 112
5585 170
5586 155
5587 179
5588 139
5589 161
5590 165
5591 146
5592 159
5593 198
5594 161
5595 167
5596 163
5597 168
5598 157
5599 186
5600 123
5601 173
5602 205
5603 132
5604 191
5605 191
5606 125
5607 171
5608 152
5609 167
5610 193
5611 210
5612 177
5613 135
5614 169
5615 178
5616 152
5617 113
5618 192
5619 183
5620 115
5621 145
5622 168
5623 172
5624 151
5625 165
5626 157
5627 125
5628 134
5629 159
5630 109
5631 206
5632 180
5633 90
5634 129
5635 185
5636 124
5637 202
5638 155
5639 151
5640 191
5641 155
5642 175
5643 176
5644 174
5645 155
5646 198
5647 149
5648 153
5649 107
5650 199
5651 143
5652 163
5653 115
5654 167
5655 190
5656 91
5657 193
5658 156
5659 169
5660 177
5661 115
5662 178
5663 164
5664 130
5665 148
5666 147
5667 161
5668 158
5669 157
5670 168
5671 179
5672 78
5673 142
5674 126
5675 79
5676 140
5677 174
5678 143
5679 165
5680 149
5681 132
5682 118
5683 92
5684 159
5685 167
5686 139
5687 166
5688 153
5689 155
5690 170
5691 161
5692 153
5693 160
5694 102
5695 197
5696 130
5697 157
5698 162
5699 94
5700 165
5701 126
5702 169
5703 167
5704 193
5705 165
5706 162
5707 223
5708 139
5709 169
5710 143
5711 133
5712 152
5713 158
5714 173
5715 137
5716 131
5717 144
5718 174
5719 222
5720 171
5721 200
5722 171
5723 185
5724 191
5725 136
5726 165
5727 141
5728 165
5729 153
5730 151
5731 143
5732 157
5733 135
5734 165
5735 146
5736 180
5737 143
5738 153
5739 176
5740 197
5741 171
5742 173
5743 134
5744 155
5745 172
5746 167
5747 183
5748 147
5749 188
5750 200
5751 140
5752 162
5753 118
5754 216
5755 150
5756 178
5757 143
5758 198
5759 134
5760 221
5761 161
5762 119
5763 184
5764 165
5765 136
5766 174
5767 182
5768 178
5769 145
5770 146
5771 184
5772 187
5773 172
5774 110
5775 176
5776 122
5777 91
5778 163
5779 135
5780 127
5781 190
5782 173
5783 207
5784 154
5785 139
5786 135
5787 196
5788 142
5789 139
5790 178
5791 201
5792 168
5793 176
5794 155
5795 193
5796 152
5797 137
5798 176
5799 159
5800 184
5801 121
5802 139
5803 220
5804 152
5805 159
5806 152
5807 134
5808 158
5809 155
5810 148
5811 167
5812 142
5813 126
5814 163
5815 165
5816 180
5817 186
5818 138
5819 164
5820 142
5821 180
5822 163
5823 222
5824 159
5825 160
5826 179
5827 175
5828 164
5829 148
5830 141
5831 141
5832 157
5833 157
5834 147
5835 190
5836 195
5837 113
5838 111
5839 175
5840 138
5841 139
5842 180
5843 165
5844 169
5845 157
5846 158
5847 154
5848 170
5849 151
5850 137
5851 169
5852 119
5853 176
5854 155
5855 138
5856 133
5857 197
5858 165
5859 184
5860 169
5861 159
5862 145
5863 157
5864 151
5865 134
5866 163
5867 162
5868 176
5869 152
5870 207
5871 167
5872 155
5873 201
5874 125
5875 153
5876 183
5877 122
5878 175
5879 143
5880 172
5881 137
5882 128
5883 153
5884 181
5885 191
5886 179
5887 184
5888 132
5889 174
5890 184
5891 157
5892 152
5893 177
5894 62
5895 154
5896 165
5897 143
5898 128
5899 153
5900 206
5901 149
5902 169
5903 156
5904 192
5905 230
5906 145
5907 153
5908 173
5909 166
5910 150
5911 157
5912 192
5913 116
5914 146
5915 154
5916 86
5917 181
5918 130
5919 133
5920 148
5921 135
5922 157
5923 124
5924 122
5925 175
5926 153
5927 137
5928 158
5929 149
5930 129
5931 140
5932 96
5933 154
5934 175
5935 166
5936 170
5937 146
5938 160
5939 158
5940 189
5941 132
5942 195
5943 122
5944 150
5945 159
5946 132
5947 193
5948 162
5949 151
5950 126
5951 156
5952 156
5953 116
5954 137
5955 151
5956 142
5957 180
5958 197
5959 0
5960 138
5961 153
5962 66
5963 163
5964 142
5965 175
5966 154
5967 169
5968 157
5969 172
5970 157
5971 61
5972 153
5973 139
5974 206
5975 156
5976 167
5977 159
5978 201
5979 158
5980 154
5981 174
5982 132
5983 86
5984 96
5985 158
5986 166
5987 145
5988 199
5989 161
5990 138
5991 87
5992 174
5993 86
5994 148
5995 199
5996 172
5997 108
5998 191
5999 170
6000 113
6001 168
6002 137
6003 175
6004 172
6005 161
6006 145
6007 185
6008 161
6009 171
6010 150
6011 192
6012 162
6013 208
6014 165
6015 177
6016 145
6017 105
6018 144
6019 142
6020 249
6021 163
6022 172
6023 155
6024 142
6025 186
6026 198
6027 150
6028 159
6029 108
6030 159
6031 163
6032 156
6033 196
6034 123
6035 148
6036 159
6037 137
6038 164
6039 162
6040 163
6041 117
6042 206
6043 225
6044 155
6045 136
6046 149
6047 162
6048 133
6049 149
6050 174
6051 164
6052 94
6053 155
6054 164
6055 176
6056 148
6057 152
6058 229
6059 126
6060 187
6061 137
6062 180
6063 178
6064 206
6065 183
6066 165
6067 151
6068 128
6069 163
6070 108
6071 237
6072 149
6073 169
6074 170
6075 165
6076 105
6077 135
6078 133
6079 207
6080 169
6081 147
6082 133
6083 175
6084 131
6085 146
6086 141
6087 175
6088 188
6089 139
6090 181
6091 170
6092 172
6093 214
6094 171
6095 145
6096 53
6097 179
6098 180
6099 168
6100 118
6101 156
6102 193
6103 165
6104 174
6105 154
6106 168
6107 120
6108 125
6109 170
6110 148
6111 210
6112 173
6113 103
6114 147
6115 155
6116 150
6117 146
6118 167
6119 160
6120 127
6121 144
6122 143
6123 171
6124 186
6125 169
6126 93
6127 141
6128 170
6129 189
6130 189
6131 137
6132 155
6133 154
6134 155
6135 172
6136 183
6137 174
6138 153
6139 173
6140 177
6141 141
6142 149
6143 163
6144 187
6145 164
6146 205
6147 169
6148 157
6149 160
6150 125
6151 132
6152 183
6153 130
6154 123
6155 163
6156 207
6157 121
6158 181
6159 196
6160 206
6161 144
6162 161
6163 147
6164 157
6165 138
6166 149
6167 135
6168 203
6169 187
6170 212
6171 130
6172 146
6173 136
6174 198
6175 151
6176 168
6177 159
6178 176
6179 138
6180 145
6181 193
6182 146
6183 133
6184 163
6185 148
6186 154
6187 147
6188 141
6189 164
6190 103
6191 152
6192 124
6193 172
6194 105
6195 187
6196 183
6197 90
6198 166
6199 166
6200 141
6201 131
6202 144
6203 197
6204 163
6205 173
6206 156
6207 162
6208 214
6209 188
6210 103
6211 189
6212 201
6213 156
6214 181
6215 171
6216 161
6217 181
6218 137
6219 150
6220 135
6221 162
6222 150
6223 143
6224 193
6225 160
6226 117
6227 211
6228 160
6229 151
6230 117
6231 139
6232 137
6233 172
6234 128
6235 188
6236 136
6237 99
6238 171
6239 147
6240 153
6241 157
6242 149
6243 166
6244 106
6245 141
6246 207
6247 97
6248 170
6249 179
6250 185
6251 139
6252 115
6253 134
6254 175
6255 141
6256 147
6257 189
6258 161
6259 211
6260 175
6261 140
6262 165
6263 157
6264 155
6265 167
6266 169
6267 133
6268 157
6269 134
6270 142
6271 150
6272 148
6273 175
6274 185
6275 112
6276 149
6277 157
6278 158
6279 146
6280 177
6281 106
6282 175
6283 158
6284 168
6285 171
6286 84
6287 178
6288 90
6289 222
6290 126
6291 143
6292 108
6293 180
6294 157
6295 132
6296 156
6297 142
6298 186
6299 143
6300 174
6301 211
6302 115
6303 243
6304 142
6305 131
6306 176
6307 167
6308 148
6309 152
6310 169
6311 98
6312 141
6313 140
6314 168
6315 176
6316 134
6317 162
6318 153
6319 156
6320 176
6321 135
6322 158
6323 144
6324 118
6325 138
6326 165
6327 171
6328 121
6329 162
6330 141
6331 180
6332 157
6333 191
6334 156
6335 136
6336 122
6337 164
6338 199
6339 153
6340 128
6341 161
6342 172
6343 192
6344 137
6345 147
6346 130
6347 132
6348 147
6349 151
6350 188
6351 170
6352 146
6353 193
6354 169
6355 152
6356 145
6357 143
6358 146
6359 152
6360 168
6361 129
6362 150
6363 161
6364 182
6365 189
6366 182
6367 186
6368 204
6369 186
6370 222
6371 134
6372 167
6373 116
6374 131
6375 183
6376 184
6377 133
6378 199
6379 161
6380 159
6381 167
6382 124
6383 146
6384 114
6385 126
6386 167
6387 176
6388 165
6389 194
6390 161
6391 209
6392 205
6393 148
6394 126
6395 191
6396 155
6397 165
6398 162
6399 157
6400 163
6401 138
6402 199
6403 167
6404 126
6405 128
6406 117
6407 152
6408 180
6409 171
6410 167
6411 162
6412 174
6413 150
6414 170
6415 198
6416 127
6417 161
6418 151
6419 150
6420 156
6421 139
6422 206
6423 153
6424 172
6425 155
6426 163
6427 170
6428 147
6429 172
6430 155
6431 145
6432 205
6433 167
6434 152
6435 144
6436 162
6437 151
6438 162
6439 129
6440 144
6441 170
6442 109
6443 183
6444 169
6445 108
6446 138
6447 126
6448 177
6449 166
6450 203
6451 155
6452 159
6453 174
6454 165
6455 177
6456 160
6457 143
6458 166
6459 140
6460 182
6461 116
6462 177
6463 65
6464 162
6465 193
6466 128
6467 178
6468 179
6469 128
6470 184
6471 143
6472 156
6473 148
6474 131
6475 191
6476 157
6477 149
6478 144
6479 177
6480 153
6481 180
6482 145
6483 132
6484 225
6485 191
6486 150
6487 157
6488 138
6489 183
6490 157
6491 153
6492 91
6493 178
6494 178
6495 163
6496 146
6497 151
6498 132
6499 172
6500 174
6501 170
6502 143
6503 139
6504 138
6505 191
6506 118
6507 124
6508 134
6509 137
6510 107
6511 194
6512 160
6513 116
6514 126
6515 165
6516 137
6517 174
6518 135
6519 165
6520 151
6521 188
6522 167
6523 128
6524 140
6525 143
6526 155
6527 165
6528 156
6529 124
6530 136
6531 148
6532 172
6533 156
6534 152
6535 145
6536 120
6537 172
6538 184
6539 170
6540 139
6541 148
6542 164
6543 171
6544 136
6545 150
6546 145
6547 171
6548 160
6549 150
6550 174
6551 172
6552 136
6553 152
6554 187
6555 157
6556 104
6557 184
6558 145
6559 88
6560 177
6561 184
6562 147
6563 124
6564 154
6565 121
6566 93
6567 155
6568 160
6569 173
6570 171
6571 156
6572 120
6573 155
6574 143
6575 163
6576 140
6577 153
6578 170
6579 176
6580 167
6581 155
6582 198
6583 121
6584 198
6585 168
6586 178
6587 163
6588 141
6589 183
6590 151
6591 139
6592 100
6593 131
6594 163
6595 159
6596 130
6597 162
6598 150
6599 148
6600 163
6601 182
6602 162
6603 164
6604 139
6605 178
6606 111
6607 259
6608 135
6609 193
6610 196
6611 153
6612 187
6613 137
6614 130
6615 124
6616 125
6617 213
6618 155
6619 172
6620 115
6621 157
6622 155
6623 144
6624 156
6625 143
6626 133
6627 152
6628 157
6629 174
6630 153
6631 174
6632 152
6633 188
6634 146
6635 164
6636 206
6637 105
6638 73
6639 175
6640 98
6641 151
6642 173
6643 135
6644 176
6645 160
6646 151
6647 149
6648 151
6649 171
6650 156
6651 141
6652 188
6653 132
6654 182
6655 144
6656 181
6657 213
6658 192
6659 122
6660 147
6661 152
6662 162
6663 145
6664 149
6665 186
6666 168
6667 178
6668 140
6669 175
6670 152
6671 118
6672 182
6673 128
6674 194
6675 165
6676 162
6677 179
6678 93
6679 142
6680 140
6681 137
6682 215
6683 149
6684 188
6685 144
6686 148
6687 161
6688 147
6689 209
6690 146
6691 181
6692 143
6693 177
6694 158
6695 110
6696 170
6697 190
6698 124
6699 208
6700 117
6701 184
6702 170
6703 160
6704 176
6705 207
6706 157
6707 196
6708 139
6709 204
6710 197
6711 182
6712 138
6713 155
6714 123
6715 171
6716 181
6717 148
6718 178
6719 159
6720 162
6721 156
6722 168
6723 163
6724 151
6725 115
6726 140
6727 165
6728 141
6729 155
6730 182
6731 167
6732 153
6733 169
6734 177
6735 157
6736 168
6737 203
6738 171
6739 117
6740 135
6741 124
6742 174
6743 171
6744 175
6745 150
6746 146
6747 145
6748 149
6749 168
6750 89
6751 157
6752 162
6753 151
6754 155
6755 123
6756 163
6757 173
6758 169
6759 179
6760 150
6761 175
6762 168
6763 57
6764 182
6765 148
6766 129
6767 169
6768 176
6769 174
6770 154
6771 148
6772 164
6773 220
6774 201
6775 151
6776 175
6777 164
6778 121
6779 177
6780 123
6781 198
6782 197
6783 175
6784 141
6785 177
6786 152
6787 148
6788 171
6789 156
6790 160
6791 206
6792 127
6793 168
6794 115
6795 126
6796 169
6797 164
6798 181
6799 163
6800 134
6801 147
6802 176
6803 149
6804 142
6805 171
6806 160
6807 184
6808 163
6809 216
6810 141
6811 172
6812 121
6813 171
6814 164
6815 132
6816 161
6817 204
6818 151
6819 119
6820 132
6821 143
6822 171
6823 173
6824 161
6825 149
6826 137
6827 167
6828 160
6829 168
6830 111
6831 170
6832 184
6833 202
6834 168
6835 153
6836 195
6837 154
6838 149
6839 104
6840 162
6841 175
6842 168
6843 125
6844 127
6845 141
6846 130
6847 204
6848 128
6849 164
6850 210
6851 182
6852 157
6853 196
6854 156
6855 152
6856 167
6857 109
6858 161
6859 190
6860 207
6861 125
6862 182
6863 179
6864 160
6865 157
6866 132
6867 156
6868 184
6869 207
6870 159
6871 171
6872 162
6873 138
6874 174
6875 164
6876 169
6877 127
6878 157
6879 178
6880 215
6881 198
6882 181
6883 152
6884 156
6885 74
6886 192
6887 98
6888 158
6889 155
6890 148
6891 172
6892 157
6893 176
6894 176
6895 199
6896 123
6897 182
6898 155
6899 265
6900 167
6901 134
6902 127
6903 163
6904 147
6905 131
6906 161
6907 133
6908 165
6909 150
6910 128
6911 174
6912 171
6913 169
6914 205
6915 144
6916 179
6917 144
6918 151
6919 147
6920 123
6921 169
6922 165
6923 146
6924 139
6925 194
6926 176
6927 215
6928 184
6929 153
6930 224
6931 105
6932 147
6933 155
6934 163
6935 126
6936 141
6937 140
6938 188
6939 173
6940 142
6941 171
6942 142
6943 151
6944 177
6945 151
6946 156
6947 192
6948 150
6949 146
6950 152
6951 152
6952 151
6953 170
6954 159
6955 187
6956 150
6957 156
6958 163
6959 156
6960 129
6961 124
6962 160
6963 179
6964 165
6965 176
6966 149
6967 125
6968 147
6969 175
6970 162
6971 139
6972 186
6973 125
6974 145
6975 183
6976 173
6977 154
6978 119
6979 134
6980 168
6981 152
6982 201
6983 178
6984 182
6985 167
6986 205
6987 132
6988 195
6989 186
6990 151
6991 169
6992 194
6993 150
6994 126
6995 135
6996 136
6997 150
6998 163
6999 159
7000 183
7001 135
7002 91
7003 171
7004 204
7005 136
7006 130
7007 182
7008 203
7009 163
7010 142
7011 156
7012 172
7013 129
7014 205
7015 133
7016 111
7017 133
7018 142
7019 134
7020 164
7021 186
7022 142
7023 152
7024 134
7025 176
7026 177
7027 137
7028 155
7029 185
7030 176
7031 160
7032 185
7033 170
7034 135
7035 164
7036 128
7037 133
7038 220
7039 176
7040 142
7041 112
7042 124
7043 144
7044 153
7045 166
7046 165
7047 203
7048 113
7049 133
7050 143
7051 177
7052 170
7053 131
7054 134
7055 189
7056 110
7057 116
7058 164
7059 155
7060 144
7061 98
7062 141
7063 161
7064 129
7065 155
7066 202
7067 122
7068 150
7069 161
7070 189
7071 135
7072 189
7073 146
7074 111
7075 153
7076 147
7077 165
7078 206
7079 150
7080 156
7081 159
7082 184
7083 125
7084 125
7085 86
7086 231
7087 151
7088 171
7089 174
7090 144
7091 179
7092 160
7093 137
7094 104
7095 108
7096 113
7097 160
7098 214
7099 145
7100 186
7101 227
7102 162
7103 200
7104 153
7105 134
7106 100
7107 174
7108 149
7109 145
7110 156
7111 117
7112 139
7113 190
7114 161
7115 162
7116 190
7117 151
7118 182
7119 175
7120 159
7121 158
7122 199
7123 164
7124 149
7125 153
7126 157
7127 159
7128 174
7129 186
7130 154
7131 184
7132 123
7133 121
7134 151
7135 145
7136 111
7137 109
7138 164
7139 162
7140 134
7141 130
7142 154
7143 158
7144 132
7145 167
7146 148
7147 166
7148 216
7149 162
7150 265
7151 108
7152 152
7153 153
7154 124
7155 138
7156 135
7157 119
7158 146
7159 171
7160 164
7161 146
7162 151
7163 149
7164 155
7165 162
7166 193
7167 212
7168 179
7169 94
7170 146
7171 151
7172 122
7173 130
7174 164
7175 140
7176 187
7177 175
7178 207
7179 192
7180 195
7181 129
7182 154
7183 202
7184 167
7185 210
7186 128
7187 172
7188 179
7189 145
7190 142
7191 190
7192 132
7193 149
7194 182
7195 143
7196 146
7197 190
7198 185
7199 179
7200 125
7201 138
7202 148
7203 137
7204 143
7205 162
7206 128
7207 158
7208 197
7209 128
7210 157
7211 132
7212 158
7213 165
7214 190
7215 193
7216 131
7217 175
7218 158
7219 103
7220 163
7221 170
7222 177
7223 131
7224 149
7225 198
7226 157
7227 219
7228 187
7229 133
7230 114
7231 161
7232 78
7233 142
7234 168
7235 190
7236 184
7237 137
7238 170
7239 153
7240 142
7241 148
7242 183
7243 162
7244 171
7245 164
7246 144
7247 130
7248 157
7249 139
7250 152
7251 135
7252 129
7253 117
7254 175
7255 145
7256 147
7257 143
7258 149
7259 139
7260 184
7261 183
7262 183
7263 139
7264 170
7265 163
7266 158
7267 168
7268 136
7269 144
7270 134
7271 179
7272 124
7273 189
7274 159
7275 115
7276 166
7277 209
7278 110
7279 164
7280 140
7281 132
7282 113
7283 169
7284 106
7285 162
7286 166
7287 181
7288 190
7289 181
7290 147
7291 189
7292 156
7293 191
7294 123
7295 118
7296 195
7297 134
7298 161
7299 155
7300 135
7301 169
7302 161
7303 150
7304 129
7305 135
7306 179
7307 167
7308 176
7309 114
7310 166
7311 157
7312 169
7313 184
7314 106
7315 154
7316 151
7317 167
7318 135
7319 154
7320 146
7321 151
7322 190
7323 147
7324 158
7325 159
7326 174
7327 104
7328 194
7329 171
7330 212
7331 168
7332 167
7333 179
7334 163
7335 166
7336 184
7337 137
7338 151
7339 166
7340 161
7341 144
7342 194
7343 174
7344 142
7345 157
7346 141
7347 194
7348 159
7349 203
7350 124
7351 150
7352 137
7353 160
7354 133
7355 145
7356 140
7357 144
7358 111
7359 158
7360 178
7361 176
7362 167
7363 146
7364 145
7365 141
7366 172
7367 187
7368 131
7369 176
7370 176
7371 182
7372 117
7373 132
7374 129
7375 140
7376 199
7377 138
7378 185
7379 175
7380 144
7381 159
7382 172
7383 122
7384 95
7385 172
7386 187
7387 142
7388 162
7389 158
7390 163
7391 117
7392 161
7393 119
7394 167
7395 166
7396 160
7397 150
7398 182
7399 164
7400 183
7401 197
7402 107
7403 184
7404 178
7405 171
7406 171
7407 187
7408 201
7409 154
7410 145
7411 152
7412 140
7413 120
7414 157
7415 150
7416 167
7417 139
7418 166
7419 133
7420 159
7421 152
7422 162
7423 166
7424 148
7425 162
7426 172
7427 190
7428 168
7429 169
7430 126
7431 184
7432 170
7433 180
7434 151
7435 241
7436 144
7437 229
7438 181
7439 164
7440 155
7441 167
7442 113
7443 154
7444 157
7445 190
7446 123
7447 170
7448 161
7449 97
7450 190
7451 143
7452 183
7453 182
7454 160
7455 160
7456 138
7457 194
7458 176
7459 163
7460 138
7461 121
7462 174
7463 164
7464 119
7465 204
7466 54
7467 142
7468 132
7469 141
7470 111
7471 148
7472 122
7473 186
7474 185
7475 169
7476 199
7477 152
7478 143
7479 188
7480 179
7481 100
7482 171
7483 162
7484 175
7485 171
7486 140
7487 162
7488 152
7489 158
7490 200
7491 157
7492 207
7493 128
7494 171
7495 162
7496 155
7497 163
7498 103
7499 163
7500 177
7501 184
7502 189
7503 147
7504 192
7505 154
7506 154
7507 103
7508 206
7509 139
7510 141
7511 150
7512 77
7513 170
7514 159
7515 96
7516 125
7517 158
7518 174
7519 164
7520 159
7521 177
7522 143
7523 177
7524 170
7525 165
7526 147
7527 174
7528 206
7529 164
7530 116
7531 164
7532 155
7533 178
7534 161
7535 129
7536 157
7537 108
7538 180
7539 144
7540 157
7541 191
7542 143
7543 125
7544 172
7545 154
7546 150
7547 132
7548 139
7549 141
7550 176
7551 228
7552 190
7553 130
7554 210
7555 153
7556 181
7557 181
7558 190
7559 151
7560 152
7561 135
7562 104
7563 155
7564 164
7565 157
7566 172
7567 180
7568 142
7569 138
7570 205
7571 156
7572 156
7573 157
7574 150
7575 127
7576 163
7577 127
7578 166
7579 150
7580 167
7581 160
7582 165
7583 166
7584 143
7585 127
7586 193
7587 192
7588 128
7589 134
7590 175
7591 147
7592 210
7593 196
7594 187
7595 150
7596 139
7597 154
7598 111
7599 163
7600 172
7601 124
7602 126
7603 105
7604 171
7605 173
7606 118
7607 102
7608 129
7609 157
7610 131
7611 0
7612 162
7613 156
7614 119
7615 124
7616 176
7617 129
7618 138
7619 160
7620 163
7621 173
7622 147
7623 142
7624 139
7625 166
7626 186
7627 130
7628 162
7629 164
7630 197
7631 189
7632 119
7633 148
7634 151
7635 161
7636 173
7637 186
7638 142
7639 139
7640 132
7641 115
7642 56
7643 170
7644 182
7645 224
7646 147
7647 159
7648 146
7649 196
7650 212
7651 172
7652 113
7653 146
7654 158
7655 184
7656 196
7657 148
7658 122
7659 185
7660 107
7661 178
7662 152
7663 171
7664 180
7665 148
7666 153
7667 145
7668 155
7669 135
7670 167
7671 159
7672 168
7673 178
7674 176
7675 147
7676 149
7677 166
7678 161
7679 183
7680 92
7681 184
7682 160
7683 179
7684 166
7685 175
7686 194
7687 154
7688 177
7689 163
7690 126
7691 107
7692 128
7693 205
7694 207
7695 158
7696 151
7697 145
7698 143
7699 157
7700 166
7701 173
7702 158
7703 141
7704 208
7705 167
7706 187
7707 58
7708 176
7709 158
7710 161
7711 135
7712 109
7713 127
7714 152
7715 131
7716 125
7717 163
7718 174
7719 143
7720 152
7721 168
7722 166
7723 172
7724 149
7725 123
7726 171
7727 215
7728 135
7729 151
7730 147
7731 176
7732 114
7733 162
7734 140
7735 145
7736 181
7737 155
7738 162
7739 172
7740 155
7741 162
7742 184
7743 138
7744 142
7745 164
7746 154
7747 175
7748 190
7749 156
7750 129
7751 171
7752 151
7753 152
7754 141
7755 137
7756 148
7757 122
7758 120
7759 197
7760 189
7761 158
7762 193
7763 160
7764 151
7765 137
7766 125
7767 172
7768 148
7769 112
7770 130
7771 115
7772 158
7773 154
7774 184
7775 132
7776 165
7777 161
7778 182
7779 178
7780 162
7781 129
7782 152
7783 140
7784 123
7785 159
7786 145
7787 121
7788 159
7789 167
7790 124
7791 156
7792 153
7793 170
7794 173
7795 115
7796 225
7797 188
7798 112
7799 158
7800 153
7801 131
7802 146
7803 148
7804 182
7805 138
7806 132
7807 95
7808 128
7809 153
7810 148
7811 150
7812 157
7813 179
7814 155
7815 189
7816 112
7817 125
7818 113
7819 167
7820 106
7821 120
7822 155
7823 149
7824 196
7825 138
7826 155
7827 147
7828 178
7829 158
7830 166
7831 184
7832 190
7833 155
7834 187
7835 161
7836 124
7837 142
7838 159
7839 163
7840 203
7841 120
7842 168
7843 151
7844 161
7845 148
7846 145
7847 155
7848 148
7849 151
7850 190
7851 137
7852 168
7853 170
7854 213
7855 122
7856 193
7857 140
7858 138
7859 178
7860 179
7861 181
7862 195
7863 86
7864 142
7865 160
7866 134
7867 155
7868 172
7869 151
7870 132
7871 168
7872 182
7873 201
7874 119
7875 163
7876 119
7877 184
7878 175
7879 208
7880 150
7881 141
7882 164
7883 167
7884 139
7885 140
7886 165
7887 155
7888 168
7889 138
7890 153
7891 164
7892 150
7893 112
7894 181
7895 146
7896 167
7897 147
7898 199
7899 170
7900 172
7901 109
7902 161
7903 157
7904 152
7905 187
7906 128
7907 145
7908 189
7909 175
7910 134
7911 149
7912 158
7913 156
7914 151
7915 142
7916 133
7917 217
7918 181
7919 133
7920 151
7921 205
7922 148
7923 208
7924 158
7925 185
7926 166
7927 177
7928 184
7929 173
7930 127
7931 156
7932 173
7933 173
7934 166
7935 163
7936 145
7937 169
7938 230
7939 166
7940 129
7941 160
7942 147
7943 170
7944 168
7945 183
7946 126
7947 165
7948 138
7949 156
7950 192
7951 150
7952 150
7953 211
7954 142
7955 143
7956 105
7957 166
7958 154
7959 154
7960 156
7961 172
7962 135
7963 171
7964 154
7965 215
7966 176
7967 114
7968 140
7969 163
7970 173
7971 154
7972 132
7973 184
7974 158
7975 117
7976 163
7977 219
7978 121
7979 142
7980 134
7981 133
7982 180
7983 147
7984 140
7985 179
7986 143
7987 160
7988 152
7989 159
7990 138
7991 121
7992 217
7993 124
7994 154
7995 126
7996 155
7997 177
7998 142
7999 168
8000 172
8001 138
8002 148
8003 168
8004 209
8005 151
8006 154
8007 151
8008 174
8009 149
8010 138
8011 151
8012 144
8013 160
8014 151
8015 174
8016 150
8017 148
8018 181
8019 140
8020 159
8021 148
8022 177
8023 149
8024 193
8025 215
8026 161
8027 157
8028 136
8029 169
8030 140
8031 187
8032 169
8033 189
8034 130
8035 137
8036 91
8037 95
8038 179
8039 211
8040 161
8041 148
8042 170
8043 149
8044 148
8045 166
8046 155
8047 140
8048 159
8049 149
8050 150
8051 175
8052 178
8053 158
8054 163
8055 158
8056 214
8057 146
8058 223
8059 171
8060 156
8061 145
8062 151
8063 171
8064 142
8065 178
8066 149
8067 159
8068 153
8069 170
8070 230
8071 138
8072 166
8073 122
8074 178
8075 137
8076 182
8077 138
8078 144
8079 150
8080 184
8081 130
8082 182
8083 191
8084 149
8085 159
8086 130
8087 110
8088 128
8089 148
8090 173
8091 178
8092 217
8093 173
8094 173
8095 141
8096 156
8097 187
8098 167
8099 201
8100 190
8101 175
8102 158
8103 188
8104 190
8105 151
8106 174
8107 190
8108 141
8109 178
8110 137
8111 129
8112 201
8113 98
8114 112
8115 105
8116 170
8117 152
8118 191
8119 152
8120 166
8121 142
8122 136
8123 103
8124 149
8125 191
8126 143
8127 161
8128 210
8129 141
8130 139
8131 145
8132 129
8133 176
8134 154
8135 110
8136 174
8137 158
8138 92
8139 178
8140 132
8141 169
8142 166
8143 157
8144 117
8145 178
8146 198
8147 190
8148 178
8149 182
8150 137
8151 115
8152 127
8153 163
8154 151
8155 164
8156 140
8157 180
8158 167
8159 142
8160 143
8161 165
8162 157
8163 193
8164 129
8165 110
8166 167
8167 136
8168 117
8169 129
8170 170
8171 145
8172 163
8173 123
8174 165
8175 215
8176 110
8177 151
8178 143
8179 149
8180 160
8181 172
8182 98
8183 170
8184 161
8185 138
8186 210
8187 137
8188 166
8189 134
8190 170
8191 156
8192 143
8193 113
8194 145
8195 138
8196 158
8197 191
8198 138
8199 178
8200 142
8201 161
8202 107
8203 141
8204 83
8205 156
8206 189
8207 154
8208 170
8209 161
8210 137
8211 213
8212 176
8213 170
8214 89
8215 132
8216 128
8217 145
8218 142
8219 106
8220 184
8221 161
8222 141
8223 145
8224 176
8225 132
8226 147
8227 181
8228 161
8229 160
8230 133
8231 179
8232 168
8233 197
8234 162
8235 154
8236 156
8237 173
8238 174
8239 133
8240 169
8241 201
8242 101
8243 190
8244 189
8245 150
8246 134
8247 169
8248 161
8249 176
8250 195
8251 131
8252 103
8253 172
8254 173
8255 171
8256 165
8257 169
8258 138
8259 218
8260 142
8261 180
8262 174
8263 122
8264 177
8265 168
8266 159
8267 162
8268 141
8269 168
8270 213
8271 169
8272 109
8273 142
8274 184
8275 143
8276 156
8277 137
8278 154
8279 179
8280 161
8281 178
8282 120
8283 142
8284 158
8285 134
8286 158
8287 120
8288 181
8289 147
8290 119
8291 163
8292 194
8293 136
8294 129
8295 134
8296 92
8297 97
8298 151
8299 167
8300 135
8301 141
8302 163
8303 131
8304 172
8305 148
8306 143
8307 168
8308 157
8309 156
8310 91
8311 135
8312 179
8313 137
8314 151
8315 160
8316 155
8317 125
8318 122
8319 160
8320 156
8321 167
8322 112
8323 154
8324 117
8325 158
8326 147
8327 140
8328 83
8329 91
8330 155
8331 128
8332 135
8333 160
8334 123
8335 144
8336 131
8337 132
8338 139
8339 133
8340 161
8341 159
8342 185
8343 164
8344 137
8345 153
8346 190
8347 188
8348 162
8349 156
8350 153
8351 224
8352 129
8353 165
8354 153
8355 158
8356 189
8357 159
8358 150
8359 175
8360 188
8361 131
8362 143
8363 185
8364 146
8365 146
8366 199
8367 144
8368 186
8369 165
8370 146
8371 155
8372 164
8373 129
8374 159
8375 174
8376 141
8377 141
8378 130
8379 178
8380 146
8381 88
8382 108
8383 156
8384 151
8385 170
8386 163
8387 165
8388 159
8389 147
8390 136
8391 157
8392 176
8393 159
8394 168
8395 170
8396 186
8397 144
8398 146
8399 165
8400 167
8401 152
8402 141
8403 180
8404 163
8405 200
8406 154
8407 176
8408 144
8409 167
8410 155
8411 165
8412 163
8413 131
8414 157
8415 163
8416 171
8417 146
8418 166
8419 191
8420 186
8421 179
8422 85
8423 145
8424 182
8425 148
8426 166
8427 173
8428 53
8429 131
8430 215
8431 128
8432 205
8433 167
8434 160
8435 198
8436 150
8437 131
8438 173
8439 166
8440 198
8441 180
8442 179
8443 125
8444 166
8445 187
8446 127
8447 196
8448 154
8449 138
8450 129
8451 150
8452 202
8453 154
8454 113
8455 184
8456 159
8457 169
8458 133
8459 172
8460 134
8461 51
8462 178
8463 156
8464 197
8465 159
8466 94
8467 160
8468 155
8469 144
8470 141
8471 152
8472 167
8473 127
8474 162
8475 161
8476 178
8477 177
8478 135
8479 161
8480 119
8481 167
8482 85
8483 170
8484 143
8485 78
8486 139
8487 122
8488 164
8489 174
8490 165
8491 119
8492 161
8493 123
8494 130
8495 154
8496 162
8497 195
8498 150
8499 173
8500 137
8501 165
8502 171
8503 158
8504 173
8505 127
8506 140
8507 133
8508 183
8509 128
8510 175
8511 150
8512 178
8513 167
8514 155
8515 138
8516 181
8517 161
8518 190
8519 139
8520 190
8521 154
8522 156
8523 141
8524 182
8525 155
8526 167
8527 143
8528 113
8529 204
8530 143
8531 134
8532 171
8533 130
8534 192
8535 163
8536 156
8537 159
8538 165
8539 183
8540 158
8541 180
8542 155
8543 148
8544 149
8545 176
8546 163
8547 185
8548 187
8549 140
8550 183
8551 129
8552 139
8553 143
8554 101
8555 169
8556 136
8557 172
8558 171
8559 118
8560 197
8561 189
8562 150
8563 167
8564 177
8565 178
8566 169
8567 138
8568 168
8569 217
8570 103
8571 135
8572 153
8573 142
8574 147
8575 136
8576 171
8577 201
8578 173
8579 144
8580 173
8581 171
8582 106
8583 165
8584 148
8585 174
8586 183
8587 171
8588 151
8589 150
8590 158
8591 168
8592 169
8593 141
8594 171
8595 146
8596 113
8597 165
8598 117
8599 163
8600 131
8601 140
8602 136
8603 152
8604 199
8605 195
8606 156
8607 182
8608 174
8609 200
8610 165
8611 164
8612 186
8613 176
8614 171
8615 162
8616 163
8617 204
8618 134
8619 173
8620 134
8621 122
8622 155
8623 171
8624 195
8625 162
8626 146
8627 173
8628 174
8629 180
8630 134
8631 186
8632 139
8633 162
8634 150
8635 150
8636 193
8637 154
8638 149
8639 122
8640 153
8641 151
8642 122
8643 175
8644 173
8645 106
8646 127
8647 175
8648 149
8649 137
8650 151
8651 190
8652 169
8653 123
8654 107
8655 127
8656 170
8657 184
8658 123
8659 142
8660 172
8661 185
8662 143
8663 143
8664 128
8665 140
8666 148
8667 176
8668 158
8669 137
8670 108
8671 159
8672 223
8673 165
8674 142
8675 156
8676 149
8677 173
8678 92
8679 133
8680 145
8681 185
8682 175
8683 176
8684 142
8685 152
8686 211
8687 252
8688 150
8689 145
8690 187
8691 170
8692 146
8693 163
8694 176
8695 137
8696 183
8697 166
8698 131
8699 137
8700 130
8701 140
8702 214
8703 171
8704 152
8705 177
8706 131
8707 169
8708 163
8709 173
8710 128
8711 194
8712 126
8713 152
8714 203
8715 119
8716 126
8717 197
8718 137
8719 154
8720 154
8721 150
8722 160
8723 149
8724 136
8725 153
8726 185
8727 138
8728 136
8729 164
8730 155
8731 163
8732 132
8733 153
8734 137
8735 129
8736 179
8737 183
8738 123
8739 162
8740 139
8741 151
8742 210
8743 143
8744 141
8745 164
8746 129
8747 168
8748 196
8749 157
8750 143
8751 165
8752 154
8753 192
8754 144
8755 131
8756 127
8757 138
8758 196
8759 155
8760 136
8761 167
8762 155
8763 143
8764 149
8765 163
8766 152
8767 143
8768 155
8769 158
8770 168
8771 159
8772 190
8773 116
8774 176
8775 156
8776 134
8777 141
8778 203
8779 138
8780 195
8781 148
8782 225
8783 160
8784 146
8785 168
8786 105
8787 174
8788 138
8789 122
8790 118
8791 171
8792 173
8793 170
8794 166
8795 163
8796 188
8797 124
8798 194
8799 146
8800 171
8801 163
8802 126
8803 175
8804 144
8805 169
8806 156
8807 145
8808 210
8809 153
8810 198
8811 184
8812 149
8813 154
8814 172
8815 130
8816 149
8817 130
8818 193
8819 105
8820 176
8821 174
8822 130
8823 164
8824 173
8825 195
8826 133
8827 160
8828 110
8829 183
8830 76
8831 152
8832 130
8833 155
8834 179
8835 153
8836 155
8837 163
8838 181
8839 207
8840 140
8841 173
8842 191
8843 152
8844 223
8845 167
8846 172
8847 94
8848 0
8849 133
8850 129
8851 112
8852 149
8853 152
8854 163
8855 183
8856 150
8857 133
8858 166
8859 213
8860 171
8861 175
8862 169
8863 173
8864 186
8865 125
8866 194
8867 159
8868 159
8869 156
8870 167
8871 170
8872 140
8873 190
8874 167
8875 121
8876 129
8877 123
8878 174
8879 127
8880 166
8881 139
8882 169
8883 151
8884 166
8885 163
8886 211
8887 115
8888 155
8889 154
8890 130
8891 136
8892 132
8893 145
8894 126
8895 159
8896 167
8897 177
8898 146
8899 154
8900 200
8901 187
8902 142
8903 161
8904 137
8905 207
8906 160
8907 209
8908 165
8909 122
8910 144
8911 181
8912 157
8913 162
8914 176
8915 201
8916 187
8917 161
8918 151
8919 181
8920 136
8921 139
8922 126
8923 172
8924 184
8925 122
8926 169
8927 162
8928 130
8929 158
8930 151
8931 151
8932 121
8933 160
8934 175
8935 120
8936 137
8937 135
8938 221
8939 160
8940 165
8941 167
8942 164
8943 147
8944 155
8945 132
8946 177
8947 186
8948 165
8949 107
8950 142
8951 157
8952 124
8953 146
8954 159
8955 183
8956 178
8957 111
8958 170
8959 162
8960 196
8961 198
8962 139
8963 148
8964 171
8965 178
8966 185
8967 127
8968 174
8969 112
8970 176
8971 155
8972 149
8973 172
8974 169
8975 144
8976 147
8977 147
8978 121
8979 155
8980 171
8981 139
8982 133
8983 116
8984 126
8985 150
8986 145
8987 160
8988 186
8989 122
8990 145
8991 132
8992 195
8993 140
8994 166
8995 134
8996 173
8997 143
8998 152
8999 153
9000 178
9001 153
9002 169
9003 162
9004 157
9005 173
9006 175
9007 146
9008 166
9009 175
9010 174
9011 159
9012 122
9013 198
9014 161
9015 161
9016 114
9017 137
9018 176
9019 168
9020 157
9021 150
9022 175
9023 134
9024 181
9025 123
9026 151
9027 147
9028 160
9029 130
9030 141
9031 118
9032 169
9033 144
9034 149
9035 219
9036 175
9037 145
9038 213
9039 159
9040 159
9041 184
9042 162
9043 161
9044 199
9045 199
9046 152
9047 108
9048 147
9049 148
9050 216
9051 158
9052 140
9053 141
9054 184
9055 135
9056 176
9057 194
9058 159
9059 139
9060 177
9061 168
9062 216
9063 141
9064 144
9065 140
9066 147
9067 149
9068 155
9069 105
9070 154
9071 115
9072 227
9073 137
9074 152
9075 115
9076 176
9077 196
9078 121
9079 145
9080 198
9081 166
9082 82
9083 205
9084 179
9085 154
9086 155
9087 141
9088 178
9089 189
9090 177
9091 146
9092 175
9093 183
9094 182
9095 136
9096 119
9097 165
9098 174
9099 145
9100 171
9101 176
9102 179
9103 190
9104 164
9105 174
9106 173
9107 149
9108 152
9109 158
9110 186
9111 234
9112 139
9113 148
9114 167
9115 150
9116 99
9117 192
9118 153
9119 173
9120 172
9121 114
9122 174
9123 174
9124 168
9125 134
9126 121
9127 146
9128 201
9129 133
9130 160
9131 183
9132 172
9133 210
9134 115
9135 157
9136 142
9137 183
9138 162
9139 159
9140 161
9141 165
9142 142
9143 162
9144 172
9145 155
9146 177
9147 169
9148 154
9149 127
9150 146
9151 111
9152 159
9153 179
9154 150
9155 131
9156 102
9157 127
9158 163
9159 133
9160 132
9161 124
9162 143
9163 174
9164 140
9165 124
9166 64
9167 190
9168 149
9169 166
9170 163
9171 231
9172 164
9173 161
9174 149
9175 165
9176 140
9177 119
9178 162
9179 136
9180 163
9181 163
9182 166
9183 152
9184 187
9185 157
9186 192
9187 162
9188 82
9189 130
9190 157
9191 171
9192 170
9193 143
9194 117
9195 158
9196 164
9197 177
9198 139
9199 147
9200 205
9201 136
9202 128
9203 184
9204 139
9205 181
9206 162
9207 153
9208 187
9209 137
9210 195
9211 131
9212 172
9213 161
9214 169
9215 137
9216 144
9217 145
9218 193
9219 193
9220 202
9221 163
9222 139
9223 139
9224 146
9225 167
9226 158
9227 123
9228 193
9229 161
9230 167
9231 169
9232 135
9233 134
9234 168
9235 163
9236 138
9237 168
9238 176
9239 169
9240 98
9241 122
9242 167
9243 131
9244 140
9245 150
9246 134
9247 145
9248 148
9249 164
9250 122
9251 149
9252 153
9253 105
9254 164
9255 158
9256 198
9257 172
9258 155
9259 196
9260 138
9261 162
9262 151
9263 183
9264 147
9265 141
9266 171
9267 135
9268 170
9269 149
9270 148
9271 160
9272 155
9273 122
9274 149
9275 158
9276 156
9277 145
9278 139
9279 125
9280 208
9281 148
9282 191
9283 154
9284 145
9285 134
9286 175
9287 162
9288 177
9289 139
9290 146
9291 136
9292 115
9293 181
9294 174
9295 127
9296 182
9297 140
9298 163
9299 152
9300 135
9301 138
9302 137
9303 143
9304 164
9305 151
9306 161
9307 142
9308 144
9309 138
9310 189
9311 159
9312 179
9313 196
9314 188
9315 148
9316 177
9317 166
9318 189
9319 190
9320 159
9321 124
9322 177
9323 135
9324 110
9325 150
9326 187
9327 148
9328 152
9329 141
9330 151
9331 169
9332 163
9333 154
9334 135
9335 184
9336 141
9337 157
9338 113
9339 183
9340 179
9341 170
9342 148
9343 183
9344 122
9345 136
9346 160
9347 147
9348 182
9349 171
9350 223
9351 200
9352 191
9353 125
9354 120
9355 126
9356 129
9357 169
9358 189
9359 141
9360 269
9361 139
9362 110
9363 139
9364 158
9365 152
9366 159
9367 174
9368 159
9369 121
9370 158
9371 167
9372 209
9373 130
9374 152
9375 157
9376 140
9377 160
9378 152
9379 164
9380 143
9381 128
9382 179
9383 165
9384 157
9385 126
9386 145
9387 160
9388 171
9389 138
9390 185
9391 192
9392 134
9393 154
9394 150
9395 167
9396 170
9397 134
9398 239
9399 167
