Vertices: 2600
Edges: 18200
Time: 1,484 ms
Iterations: 18181
Vertex Distance
0 0
1 154
2 146
3 140
4 143
5 172
6 135
7 120
8 188
9 130
10 143
11 117
12 145
13 104
14 180
15 77
16 139
17 125
18 167
19 170
20 159
21 125
22 134
23 149
24 112
25 169
26 125
27 102
28 120
29 144
30 107
31 116
32 130
33 143
34 136
35 175
36 145
37 105
38 170
39 112
40 138
41 130
42 171
43 175
44 140
45 106
46 103
47 137
48 158
49 148
50 146
51 173
52 147
53 135
54 129
55 176
56 147
57 132
58 139
59 136
60 168
61 147
62 140
63 143
64 131
65 158
66 113
67 133
68 138
69 139
70 170
71 188
72 114
73 161
74 125
75 152
76 86
77 128
78 102
79 65
80 156
81 170
82 135
83 147
84 163
85 160
86 103
87 148
88 152
89 128
90 165
91 158
92 118
93 186
94 132
95 167
96 165
97 142
98 112
99 152
100 148
101 127
102 107
103 144
104 145
105 72
106 162
107 93
108 124
109 134
110 152
111 145
112 120
113 152
114 127
115 200
116 166
117 116
118 92
119 130
120 128
121 131
122 146
123 117
124 151
125 167
126 170
127 164
128 150
129 141
130 141
131 121
132 134
133 111
134 152
135 95
136 142
137 127
138 134
139 143
140 111
141 120
142 122
143 161
144 134
145 170
146 129
147 154
148 129
149 142
150 163
151 147
152 158
153 124
154 98
155 156
156 185
157 157
158 187
159 134
160 98
161 120
162 128
163 143
164 134
165 80
166 149
167 114
168 147
169 143
170 172
171 160
172 109
173 135
174 146
175 84
176 132
177 124
178 127
179 112
180 152
181 256
182 153
183 175
184 141
185 100
186 145
187 131
188 112
189 134
190 231
191 153
192 156
193 111
194 125
195 169
196 126
197 179
198 125
199 170
200 138
201 148
202 211
203 188
204 95
205 139
206 174
207 106
208 159
209 153
210 59
211 95
212 124
213 186
214 123
215 150
216 111
217 122
218 143
219 142
220 157
221 145
222 161
223 110
224 161
225 138
226 169
227 148
228 129
229 182
230 141
231 128
232 163
233 115
234 108
235 130
236 130
237 98
238 165
239 152
240 120
241 138
242 132
243 109
244 171
245 201
246 91
247 93
248 148
249 119
250 180
251 123
252 38
253 134
254 167
255 133
256 105
257 135
258 168
259 84
260 144
261 112
262 145
263 135
264 136
265 165
266 188
267 142
268 131
269 79
270 122
271 151
272 159
273 156
274 110
275 122
276 134
277 153
278 135
279 81
280 156
281 111
282 158
283 161
284 158
285 156
286 131
287 202
288 160
289 177
290 143
291 145
292 146
293 150
294 94
295 138
296 83
297 145
298 141
299 125
300 107
301 133
302 126
303 156
304 139
305 159
306 149
307 142
308 143
309 141
310 155
311 139
312 112
313 217
314 144
315 159
316 148
317 157
318 148
319 128
320 136
321 146
322 140
323 160
324 126
325 182
326 173
327 150
328 175
329 101
330 146
331 151
332 130
333 128
334 37
335 122
336 112
337 118
338 122
339 117
340 185
341 105
342 139
343 180
344 178
345 175
346 139
347 118
348 189
349 151
350 116
351 122
352 158
353 141
354 140
355 65
356 170
357 146
358 182
359 190
360 143
361 105
362 175
363 151
364 136
365 147
366 165
367 128
368 211
369 156
370 194
371 146
372 127
373 103
374 147
375 109
376 128
377 191
378 145
379 158
380 109
381 139
382 118
383 137
384 147
385 79
386 147
387 133
388 180
389 124
390 156
391 148
392 100
393 136
394 74
395 135
396 130
397 150
398 194
399 117
400 136
401 140
402 172
403 134
404 141
405 139
406 114
407 141
408 181
409 88
410 133
411 175
412 114
413 90
414 133
415 140
416 112
417 147
418 119
419 155
420 125
421 139
422 120
423 138
424 118
425 119
426 143
427 178
428 94
429 195
430 155
431 136
432 146
433 107
434 136
435 132
436 138
437 134
438 136
439 129
440 146
441 122
442 140
443 140
444 155
445 151
446 145
447 135
448 193
449 96
450 119
451 176
452 145
453 49
454 131
455 155
456 146
457 117
458 174
459 153
460 114
461 136
462 149
463 187
464 150
465 172
466 142
467 152
468 171
469 129
470 90
471 136
472 78
473 130
474 172
475 154
476 128
477 148
478 154
479 86
480 155
481 123
482 123
483 147
484 148
485 142
486 160
487 78
488 52
489 149
490 198
491 145
492 122
493 145
494 111
495 88
496 153
497 125
498 139
499 66
500 149
501 120
502 130
503 139
504 147
505 132
506 193
507 163
508 69
509 151
510 140
511 147
512 136
513 142
514 195
515 150
516 103
517 118
518 151
519 138
520 169
521 124
522 108
523 93
524 165
525 157
526 133
527 157
528 146
529 143
530 114
531 157
532 155
533 177
534 149
535 110
536 154
537 164
538 138
539 160
540 149
541 147
542 136
543 135
544 109
545 95
546 152
547 155
548 135
549 178
550 142
551 138
552 164
553 110
554 139
555 78
556 148
557 155
558 163
559 133
560 133
561 138
562 125
563 112
564 183
565 178
566 52
567 135
568 157
569 112
570 124
571 0
572 143
573 127
574 159
575 127
576 160
577 186
578 124
579 162
580 142
581 107
582 159
583 144
584 109
585 100
586 101
587 150
588 149
589 141
590 141
591 144
592 205
593 134
594 164
595 67
596 127
597 125
598 151
599 137
600 104
601 153
602 146
603 123
604 126
605 122
606 135
607 135
608 179
609 56
610 170
611 111
612 169
613 137
614 129
615 115
616 140
617 126
618 122
619 123
620 146
621 149
622 147
623 176
624 118
625 122
626 125
627 141
628 168
629 149
630 141
631 115
632 159
633 126
634 123
635 157
636 159
637 133
638 190
639 115
640 135
641 117
642 126
643 151
644 165
645 123
646 150
647 85
648 116
649 106
650 106
651 117
652 130
653 71
654 156
655 153
656 173
657 135
658 135
659 120
660 115
661 157
662 94
663 117
664 113
665 132
666 145
667 157
668 141
669 181
670 185
671 159
672 138
673 154
674 159
675 152
676 163
677 146
678 156
679 114
680 188
681 84
682 152
683 117
684 162
685 61
686 160
687 143
688 87
689 120
690 129
691 139
692 144
693 170
694 133
695 75
696 119
697 114
698 172
699 72
700 90
701 122
702 110
703 123
704 112
705 129
706 159
707 161
708 150
709 139
710 146
711 174
712 138
713 144
714 131
715 94
716 150
717 155
718 154
719 169
720 141
721 145
722 149
723 162
724 147
725 195
726 124
727 112
728 152
729 140
730 150
731 157
732 73
733 134
734 135
735 140
736 157
737 124
738 164
739 84
740 159
741 132
742 139
743 122
744 141
745 130
746 160
747 138
748 85
749 131
750 133
751 155
752 116
753 187
754 118
755 160
756 139
757 100
758 154
759 133
760 165
761 184
762 115
763 182
764 183
765 172
766 157
767 138
768 139
769 116
770 128
771 153
772 150
773 155
774 75
775 111
776 151
777 180
778 153
779 157
780 161
781 136
782 123
783 112
784 135
785 143
786 154
787 119
788 183
789 146
790 102
791 152
792 181
793 217
794 139
795 127
796 120
797 127
798 99
799 97
800 144
801 79
802 162
803 105
804 149
805 149
806 159
807 150
808 164
809 143
810 131
811 117
812 137
813 131
814 128
815 145
816 148
817 176
818 149
819 165
820 97
821 134
822 145
823 191
824 60
825 135
826 126
827 173
828 202
829 134
830 109
831 148
832 113
833 107
834 83
835 106
836 106
837 229
838 130
839 136
840 124
841 129
842 103
843 94
844 119
845 191
846 171
847 143
848 121
849 125
850 80
851 166
852 60
853 140
854 151
855 154
856 128
857 150
858 145
859 154
860 133
861 185
862 134
863 139
864 141
865 100
866 117
867 154
868 149
869 147
870 175
871 132
872 84
873 161
874 127
875 108
876 143
877 122
878 113
879 140
880 154
881 120
882 150
883 145
884 122
885 127
886 134
887 107
888 154
889 138
890 190
891 100
892 167
893 149
894 158
895 153
896 122
897 132
898 157
899 99
900 169
901 149
902 104
903 149
904 90
905 208
906 135
907 119
908 114
909 148
910 128
911 102
912 209
913 135
914 139
915 122
916 138
917 151
918 119
919 176
920 58
921 164
922 145
923 119
924 149
925 125
926 158
927 140
928 104
929 108
930 140
931 130
932 111
933 118
934 232
935 170
936 148
937 134
938 114
939 186
940 128
941 194
942 140
943 147
944 123
945 109
946 116
947 144
948 170
949 138
950 136
951 145
952 151
953 213
954 99
955 100
956 121
957 166
958 128
959 161
960 140
961 128
962 175
963 123
964 162
965 120
966 164
967 122
968 96
969 125
970 162
971 192
972 113
973 142
974 186
975 138
976 146
977 101
978 138
979 85
980 180
981 122
982 158
983 148
984 128
985 133
986 144
987 161
988 139
989 179
990 137
991 109
992 103
993 119
994 131
995 126
996 175
997 168
998 134
999 142
1000 57
1001 128
1002 85
1003 97
1004 169
1005 158
1006 150
1007 218
1008 96
1009 143
1010 115
1011 145
1012 118
1013 150
1014 94
1015 152
1016 149
1017 116
1018 172
1019 147
1020 127
1021 155
1022 105
1023 146
1024 135
1025 140
1026 134
1027 132
1028 140
1029 100
1030 136
1031 158
1032 119
1033 129
1034 147
1035 156
1036 187
1037 149
1038 187
1039 166
1040 113
1041 130
1042 158
1043 145
1044 140
1045 179
1046 113
1047 112
1048 137
1049 117
1050 162
1051 76
1052 151
1053 136
1054 168
1055 152
1056 110
1057 126
1058 183
1059 179
1060 170
1061 124
1062 144
1063 121
1064 112
1065 127
1066 191
1067 121
1068 107
1069 112
1070 179
1071 129
1072 141
1073 140
1074 106
1075 157
1076 171
1077 154
1078 87
1079 137
1080 141
1081 105
1082 139
1083 139
1084 123
1085 121
1086 117
1087 100
1088 164
1089 132
1090 119
1091 138
1092 143
1093 149
1094 167
1095 163
1096 137
1097 149
1098 116
1099 147
1100 156
1101 91
1102 154
1103 102
1104 129
1105 114
1106 138
1107 125
1108 122
1109 148
1110 139
1111 148
1112 198
1113 140
1114 128
1115 136
1116 133
1117 129
1118 129
1119 189
1120 184
1121 137
1122 111
1123 195
1124 153
1125 118
1126 157
1127 132
1128 131
1129 180
1130 127
1131 145
1132 139
1133 125
1134 125
1135 128
1136 144
1137 64
1138 115
1139 149
1140 185
1141 127
1142 176
1143 142
1144 137
1145 177
1146 165
1147 151
1148 178
1149 109
1150 107
1151 154
1152 155
1153 171
1154 140
1155 135
1156 151
1157 157
1158 148
1159 113
1160 134
1161 141
1162 136
1163 114
1164 142
1165 126
1166 143
1167 123
1168 188
1169 169
1170 104
1171 66
1172 143
1173 170
1174 137
1175 132
1176 129
1177 208
1178 149
1179 138
1180 133
1181 126
1182 157
1183 138
1184 161
1185 167
1186 133
1187 177
1188 101
1189 98
1190 86
1191 202
1192 152
1193 115
1194 183
1195 145
1196 147
1197 148
1198 216
1199 154
1200 131
1201 166
1202 143
1203 167
1204 135
1205 191
1206 143
1207 133
1208 165
1209 170
1210 185
1211 131
1212 74
1213 131
1214 160
1215 118
1216 117
1217 150
1218 131
1219 132
1220 141
1221 167
1222 144
1223 118
1224 127
1225 126
1226 131
1227 140
1228 112
1229 141
1230 163
1231 101
1232 169
1233 134
1234 138
1235 184
1236 110
1237 171
1238 154
1239 117
1240 141
1241 136
1242 157
1243 111
1244 128
1245 148
1246 154
1247 133
1248 131
1249 125
1250 151
1251 154
1252 122
1253 130
1254 137
1255 106
1256 145
1257 144
1258 148
1259 156
1260 184
1261 177
1262 150
1263 134
1264 145
1265 187
1266 174
1267 83
1268 128
1269 125
1270 160
1271 147
1272 151
1273 130
1274 202
1275 129
1276 104
1277 102
1278 94
1279 110
1280 157
1281 91
1282 127
1283 152
1284 72
1285 145
1286 120
1287 132
1288 102
1289 106
1290 136
1291 130
1292 172
1293 152
1294 182
1295 133
1296 144
1297 118
1298 149
1299 150
1300 129
1301 228
1302 136
1303 123
1304 170
1305 160
1306 108
1307 162
1308 127
1309 123
1310 145
1311 121
1312 143
1313 118
1314 190
1315 104
1316 169
1317 150
1318 136
1319 49
1320 140
1321 120
1322 145
1323 158
1324 143
1325 130
1326 128
1327 138
1328 183
1329 139
1330 138
1331 142
1332 123
1333 133
1334 151
1335 125
1336 144
1337 201
1338 155
1339 173
1340 160
1341 142
1342 119
1343 116
1344 156
1345 125
1346 192
1347 125
1348 110
1349 137
1350 89
1351 135
1352 122
1353 127
1354 131
1355 162
1356 156
1357 157
1358 111
1359 144
1360 116
1361 121
1362 125
1363 115
1364 112
1365 66
1366 140
1367 111
1368 142
1369 160
1370 138
1371 126
1372 164
1373 153
1374 153
1375 133
1376 120
1377 128
1378 146
1379 134
1380 156
1381 118
1382 140
1383 128
1384 157
1385 188
1386 155
1387 180
1388 129
1389 136
1390 115
1391 147
1392 132
1393 114
1394 112
1395 144
1396 171
1397 127
1398 146
1399 109
1400 163
1401 86
1402 141
1403 123
1404 96
1405 133
1406 151
1407 145
1408 117
1409 171
1410 113
1411 132
1412 173
1413 126
1414 150
1415 139
1416 142
1417 144
1418 93
1419 140
1420 160
1421 135
1422 140
1423 130
1424 162
1425 148
1426 151
1427 169
1428 137
1429 127
1430 153
1431 147
1432 104
1433 154
1434 147
1435 165
1436 127
1437 148
1438 157
1439 109
1440 114
1441 176
1442 125
1443 133
1444 136
1445 122
1446 136
1447 151
1448 0
1449 128
1450 157
1451 161
1452 186
1453 155
1454 150
1455 132
1456 164
1457 164
1458 138
1459 135
1460 158
1461 140
1462 136
1463 166
1464 126
1465 143
1466 144
1467 160
1468 132
1469 103
1470 138
1471 156
1472 46
1473 135
1474 128
1475 129
1476 169
1477 115
1478 187
1479 121
1480 170
1481 143
1482 186
1483 144
1484 126
1485 91
1486 105
1487 155
1488 150
1489 108
1490 90
1491 149
1492 139
1493 148
1494 143
1495 165
1496 77
1497 184
1498 168
1499 184
1500 128
1501 127
1502 153
1503 105
1504 144
1505 123
1506 180
1507 149
1508 141
1509 134
1510 108
1511 134
1512 105
1513 194
1514 153
1515 149
1516 126
1517 138
1518 154
1519 155
1520 174
1521 176
1522 117
1523 145
1524 102
1525 200
1526 160
1527 144
1528 152
1529 157
1530 157
1531 118
1532 118
1533 228
1534 126
1535 118
1536 138
1537 159
1538 126
1539 109
1540 129
1541 142
1542 141
1543 147
1544 125
1545 185
1546 112
1547 173
1548 167
1549 192
1550 130
1551 129
1552 130
1553 124
1554 66
1555 133
1556 136
1557 101
1558 154
1559 113
1560 119
1561 106
1562 132
1563 129
1564 152
1565 181
1566 175
1567 140
1568 178
1569 142
1570 82
1571 163
1572 191
1573 118
1574 214
1575 144
1576 145
1577 135
1578 126
1579 124
1580 103
1581 136
1582 175
1583 134
1584 135
1585 91
1586 130
1587 150
1588 142
1589 150
1590 119
1591 129
1592 121
1593 139
1594 180
1595 122
1596 155
1597 169
1598 150
1599 131
1600 158
1601 107
1602 128
1603 151
1604 113
1605 145
1606 125
1607 109
1608 132
1609 0
1610 181
1611 80
1612 144
1613 110
1614 153
1615 196
1616 154
1617 117
1618 144
1619 191
1620 107
1621 143
1622 151
1623 140
1624 110
1625 136
1626 102
1627 118
1628 164
1629 158
1630 93
1631 222
1632 175
1633 167
1634 122
1635 178
1636 154
1637 122
1638 141
1639 55
1640 127
1641 181
1642 132
1643 177
1644 159
1645 181
1646 158
1647 151
1648 110
1649 173
1650 156
1651 135
1652 140
1653 168
1654 197
1655 132
1656 109
1657 134
1658 135
1659 195
1660 81
1661 155
1662 132
1663 122
1664 152
1665 142
1666 178
1667 157
1668 64
1669 93
1670 116
1671 151
1672 147
1673 157
1674 82
1675 158
1676 160
1677 128
1678 151
1679 175
1680 86
1681 154
1682 134
1683 141
1684 114
1685 145
1686 136
1687 144
1688 178
1689 161
1690 104
1691 144
1692 132
1693 130
1694 97
1695 161
1696 103
1697 177
1698 145
1699 164
1700 190
1701 149
1702 168
1703 150
1704 125
1705 114
1706 125
1707 188
1708 124
1709 160
1710 103
1711 167
1712 175
1713 164
1714 139
1715 146
1716 195
1717 154
1718 118
1719 122
1720 133
1721 127
1722 144
1723 158
1724 123
1725 152
1726 178
1727 160
1728 131
1729 148
1730 155
1731 127
1732 147
1733 121
1734 205
1735 140
1736 142
1737 157
1738 164
1739 123
1740 116
1741 76
1742 108
1743 101
1744 134
1745 163
1746 154
1747 153
1748 122
1749 140
1750 137
1751 145
1752 157
1753 121
1754 128
1755 100
1756 165
1757 178
1758 122
1759 191
1760 101
1761 155
1762 131
1763 179
1764 112
1765 132
1766 146
1767 132
1768 169
1769 103
1770 152
1771 194
1772 117
1773 112
1774 84
1775 128
1776 155
1777 131
1778 137
1779 134
1780 220
1781 104
1782 149
1783 152
1784 147
1785 143
1786 128
1787 138
1788 112
1789 5
1790 139
1791 161
1792 115
1793 144
1794 132
1795 140
1796 133
1797 172
1798 136
1799 124
1800 93
1801 132
1802 122
1803 152
1804 148
1805 113
1806 163
1807 139
1808 184
1809 75
1810 193
1811 118
1812 206
1813 116
1814 96
1815 128
1816 168
1817 206
1818 174
1819 208
1820 131
1821 118
1822 148
1823 132
1824 157
1825 159
1826 177
1827 159
1828 160
1829 123
1830 139
1831 146
1832 123
1833 136
1834 157
1835 165
1836 191
1837 160
1838 151
1839 95
1840 159
1841 179
1842 144
1843 142
1844 64
1845 174
1846 164
1847 179
1848 143
1849 142
1850 169
1851 125
1852 94
1853 145
1854 162
1855 186
1856 117
1857 116
1858 126
1859 154
1860 145
1861 128
1862 180
1863 154
1864 140
1865 158
1866 108
1867 123
1868 220
1869 112
1870 146
1871 124
1872 82
1873 163
1874 165
1875 127
1876 159
1877 116
1878 140
1879 122
1880 141
1881 180
1882 189
1883 144
1884 150
1885 138
1886 101
1887 156
1888 137
1889 163
1890 119
1891 131
1892 180
1893 145
1894 103
1895 148
1896 144
1897 79
1898 178
1899 160
1900 106
1901 152
1902 186
1903 77
1904 146
1905 157
1906 131
1907 141
1908 76
1909 161
1910 160
1911 117
1912 155
1913 138
1914 163
1915 168
1916 141
1917 130
1918 128
1919 140
1920 101
1921 106
1922 142
1923 118
1924 148
1925 136
1926 150
1927 118
1928 132
1929 164
1930 152
1931 113
1932 150
1933 152
1934 89
1935 146
1936 108
1937 109
1938 213
1939 106
1940 174
1941 151
1942 158
1943 131
1944 180
1945 142
1946 107
1947 144
1948 149
1949 116
1950 160
1951 174
1952 153
1953 153
1954 146
1955 163
1956 124
1957 177
1958 133
1959 156
1960 123
1961 207
1962 102
1963 134
1964 156
1965 101
1966 203
1967 205
1968 134
1969 166
1970 155
1971 150
1972 128
1973 127
1974 127
1975 116
1976 178
1977 261
1978 135
1979 145
1980 162
1981 108
1982 175
1983 112
1984 123
1985 173
1986 117
1987 154
1988 157
1989 114
1990 151
1991 97
1992 140
1993 151
1994 132
1995 173
1996 161
1997 148
1998 138
1999 129
2000 175
2001 127
2002 135
2003 128
2004 149
2005 152
2006 156
2007 133
2008 173
2009 142
2010 176
2011 150
2012 146
2013 151
2014 143
2015 179
2016 162
2017 130
2018 142
2019 143
2020 134
2021 166
2022 149
2023 127
2024 158
2025 111
2026 168
2027 193
2028 116
2029 150
2030 166
2031 130
2032 186
2033 103
2034 129
2035 127
2036 131
2037 163
2038 157
2039 148
2040 118
2041 164
2042 148
2043 122
2044 155
2045 153
2046 128
2047 217
2048 115
2049 107
2050 154
2051 146
2052 153
2053 125
2054 96
2055 168
2056 178
2057 155
2058 132
2059 136
2060 156
2061 141
2062 174
2063 170
2064 162
2065 193
2066 118
2067 153
2068 181
2069 129
2070 141
2071 140
2072 108
2073 201
2074 102
2075 121
2076 126
2077 143
2078 122
2079 145
2080 126
2081 147
2082 141
2083 73
2084 139
2085 122
2086 112
2087 145
2088 136
2089 131
2090 88
2091 151
2092 147
2093 178
2094 152
2095 181
2096 142
2097 161
2098 146
2099 139
2100 131
2101 172
2102 76
2103 138
2104 161
2105 81
2106 143
2107 185
2108 147
2109 157
2110 109
2111 184
2112 143
2113 94
2114 144
2115 57
2116 157
2117 205
2118 175
2119 208
2120 159
2121 143
2122 89
2123 140
2124 146
2125 126
2126 151
2127 136
2128 134
2129 142
2130 120
2131 172
2132 126
2133 119
2134 178
2135 165
2136 148
2137 97
2138 172
2139 118
2140 191
2141 128
2142 156
2143 175
2144 175
2145 162
2146 105
2147 133
2148 161
2149 120
2150 135
2151 171
2152 133
2153 118
2154 157
2155 130
2156 148
2157 128
2158 168
2159 153
2160 149
2161 159
2162 107
2163 194
2164 137
2165 100
2166 148
2167 137
2168 91
2169 139
2170 132
2171 208
2172 144
2173 154
2174 149
2175 141
2176 137
2177 107
2178 169
2179 152
2180 119
2181 114
2182 133
2183 156
2184 169
2185 131
2186 166
2187 148
2188 143
2189 155
2190 145
2191 141
2192 137
2193 141
2194 122
2195 130
2196 161
2197 133
2198 151
2199 59
2200 138
2201 101
2202 106
2203 106
2204 154
2205 162
2206 133
2207 123
2208 218
2209 107
2210 133
2211 133
2212 124
2213 133
2214 138
2215 168
2216 128
2217 146
2218 127
2219 113
2220 147
2221 151
2222 145
2223 199
2224 112
2225 130
2226 101
2227 128
2228 204
2229 98
2230 66
2231 136
2232 120
2233 116
2234 196
2235 123
2236 137
2237 175
2238 125
2239 140
2240 139
2241 152
2242 121
2243 175
2244 136
2245 152
2246 166
2247 136
2248 186
2249 110
2250 176
2251 108
2252 132
2253 179
2254 130
2255 155
2256 120
2257 143
2258 211
2259 145
2260 128
2261 147
2262 158
2263 132
2264 131
2265 135
2266 138
2267 155
2268 133
2269 120
2270 163
2271 121
2272 191
2273 80
2274 176
2275 188
2276 202
2277 172
2278 150
2279 164
2280 168
2281 129
2282 131
2283 169
2284 180
2285 135
2286 134
2287 140
2288 116
2289 132
2290 157
2291 118
2292 154
2293 114
2294 165
2295 127
2296 148
2297 127
2298 162
2299 159
2300 113
2301 184
2302 154
2303 157
2304 129
2305 109
2306 135
2307 152
2308 163
2309 124
2310 149
2311 70
2312 105
2313 182
2314 111
2315 138
2316 131
2317 110
2318 106
2319 134
2320 52
2321 138
2322 95
2323 159
2324 118
2325 251
2326 200
2327 133
2328 141
2329 136
2330 162
2331 131
2332 170
2333 131
2334 154
2335 174
2336 159
2337 97
2338 126
2339 153
2340 163
2341 41
2342 182
2343 131
2344 102
2345 148
2346 108
2347 140
2348 240
2349 119
2350 106
2351 146
2352 157
2353 169
2354 83
2355 146
2356 94
2357 151
2358 115
2359 176
2360 188
2361 152
2362 106
2363 192
2364 139
2365 139
2366 168
2367 110
2368 168
2369 118
2370 172
2371 166
2372 170
2373 161
2374 121
2375 89
2376 85
2377 243
2378 154
2379 114
2380 160
2381 132
2382 181
2383 131
2384 135
2385 147
2386 107
2387 135
2388 154
2389 94
2390 172
2391 130
2392 96
2393 132
2394 92
2395 115
2396 158
2397 138
2398 127
2399 106
2400 157
2401 139
2402 151
2403 161
2404 148
2405 152
2406 134
2407 126
2408 156
2409 138
2410 135
2411 137
2412 168
2413 103
2414 188
2415 153
2416 138
2417 145
2418 134
2419 155
2420 111
2421 142
2422 77
2423 159
2424 168
2425 144
2426 142
2427 113
2428 154
2429 142
2430 184
2431 147
2432 187
2433 127
2434 107
2435 104
2436 146
2437 129
2438 239
2439 127
2440 136
2441 130
2442 99
2443 115
2444 148
2445 113
2446 119
2447 118
2448 188
2449 82
2450 148
2451 110
2452 126
2453 142
2454 167
2455 114
2456 85
2457 173
2458 136
2459 194
2460 181
2461 128
2462 180
2463 155
2464 152
2465 145
2466 154
2467 184
2468 84
2469 125
2470 121
2471 140
2472 147
2473 139
2474 158
2475 156
2476 139
2477 160
2478 111
2479 144
2480 90
2481 165
2482 121
2483 93
2484 89
2485 101
2486 166
2487 141
2488 168
2489 166
2490 133
2491 149
2492 141
2493 154
2494 129
2495 121
2496 83
2497 99
2498 165
2499 107
2500 68
2501 135
2502 100
2503 112
2504 133
2505 140
2506 159
2507 166
2508 149
2509 129
2510 174
2511 180
2512 112
2513 164
2514 167
2515 140
2516 114
2517 130
2518 134
2519 168
2520 116
2521 119
2522 139
2523 119
2524 141
2525 131
2526 137
2527 116
2528 162
2529 165
2530 141
2531 128
2532 138
2533 132
2534 137
2535 83
2536 122
2537 139
2538 128
2539 136
2540 148
2541 128
2542 155
2543 123
2544 144
2545 150
2546 152
2547 99
2548 138
2549 115
2550 153
2551 76
2552 83
2553 140
2554 124
2555 183
2556 184
2557 145
2558 140
2559 114
2560 134
2561 101
2562 153
2563 150
2564 129
2565 135
2566 171
2567 147
2568 122
2569 166
2570 164
2571 54
2572 73
2573 156
2574 80
2575 147
2576 156
2577 123
2578 180
2579 204
2580 157
2581 143
2582 133
2583 130
2584 141
2585 130
2586 164
2587 140
2588 143
2589 156
2590 131
2591 129
2592 119
2593 128
2594 142
2595 144
2596 91
2597 164
2598 170
2599 132
