Vertices: 2100
Edges: 14700
Time: 1,654 ms
Iterations: 14686
Vertex Distance
0 0
1 154
2 122
3 151
4 221
5 158
6 167
7 140
8 105
9 133
10 155
11 158
12 156
13 150
14 137
15 163
16 170
17 152
18 150
19 157
20 142
21 122
22 172
23 188
24 168
25 89
26 157
27 126
28 145
29 117
30 146
31 147
32 202
33 156
34 172
35 147
36 130
37 156
38 117
39 141
40 71
41 162
42 160
43 144
44 123
45 111
46 146
47 154
48 116
49 166
50 161
51 164
52 155
53 154
54 147
55 153
56 110
57 161
58 129
59 101
60 155
61 140
62 94
63 145
64 147
65 144
66 99
67 133
68 135
69 120
70 125
71 137
72 164
73 143
74 179
75 165
76 170
77 165
78 131
79 143
80 151
81 181
82 150
83 132
84 155
85 119
86 169
87 113
88 139
89 140
90 175
91 142
92 111
93 204
94 112
95 141
96 120
97 153
98 116
99 203
100 165
101 167
102 153
103 158
104 112
105 93
106 132
107 180
108 128
109 116
110 145
111 155
112 126
113 100
114 159
115 99
116 125
117 155
118 135
119 111
120 135
121 140
122 131
123 132
124 114
125 103
126 147
127 124
128 118
129 176
130 174
131 165
132 137
133 147
134 136
135 152
136 207
137 88
138 133
139 171
140 160
141 175
142 170
143 166
144 148
145 228
146 146
147 155
148 131
149 141
150 103
151 161
152 181
153 177
154 81
155 133
156 133
157 134
158 152
159 199
160 110
161 238
162 168
163 145
164 128
165 166
166 211
167 143
168 167
169 174
170 177
171 159
172 113
173 137
174 91
175 175
176 158
177 130
178 158
179 133
180 180
181 179
182 128
183 124
184 140
185 117
186 137
187 108
188 168
189 161
190 204
191 114
192 150
193 151
194 171
195 137
196 164
197 134
198 133
199 124
200 139
201 147
202 124
203 116
204 184
205 113
206 162
207 149
208 157
209 96
210 110
211 146
212 109
213 123
214 104
215 120
216 170
217 149
218 144
219 153
220 125
221 166
222 131
223 149
224 143
225 163
226 121
227 160
228 99
229 126
230 165
231 161
232 154
233 141
234 181
235 152
236 155
237 141
238 150
239 140
240 178
241 170
242 132
243 140
244 91
245 144
246 168
247 186
248 186
249 144
250 152
251 175
252 159
253 152
254 160
255 153
256 149
257 165
258 151
259 136
260 188
261 149
262 132
263 186
264 149
265 123
266 154
267 94
268 144
269 132
270 121
271 191
272 129
273 121
274 125
275 119
276 141
277 112
278 130
279 141
280 146
281 146
282 123
283 174
284 149
285 154
286 146
287 158
288 160
289 138
290 123
291 178
292 98
293 137
294 157
295 140
296 178
297 152
298 104
299 122
300 195
301 153
302 164
303 101
304 148
305 143
306 134
307 174
308 157
309 164
310 119
311 128
312 118
313 112
314 154
315 176
316 137
317 140
318 147
319 93
320 137
321 112
322 166
323 189
324 155
325 136
326 238
327 147
328 145
329 111
330 131
331 182
332 175
333 126
334 137
335 132
336 151
337 173
338 140
339 139
340 162
341 151
342 165
343 127
344 141
345 120
346 152
347 143
348 132
349 162
350 91
351 167
352 137
353 154
354 152
355 150
356 151
357 89
358 133
359 101
360 93
361 152
362 162
363 145
364 107
365 179
366 129
367 162
368 150
369 150
370 138
371 151
372 133
373 133
374 120
375 166
376 186
377 130
378 115
379 154
380 183
381 97
382 148
383 187
384 144
385 164
386 129
387 151
388 152
389 131
390 179
391 150
392 141
393 142
394 141
395 106
396 87
397 145
398 126
399 168
400 24
401 192
402 88
403 163
404 139
405 166
406 137
407 121
408 131
409 54
410 145
411 113
412 151
413 129
414 134
415 158
416 127
417 149
418 169
419 134
420 164
421 129
422 139
423 148
424 91
425 122
426 170
427 171
428 169
429 199
430 118
431 132
432 147
433 134
434 113
435 136
436 180
437 132
438 191
439 145
440 154
441 134
442 193
443 138
444 130
445 138
446 155
447 142
448 128
449 119
450 162
451 141
452 133
453 123
454 180
455 113
456 149
457 145
458 192
459 175
460 126
461 208
462 193
463 179
464 120
465 147
466 141
467 161
468 122
469 171
470 134
471 138
472 138
473 75
474 131
475 137
476 114
477 128
478 138
479 155
480 200
481 105
482 52
483 159
484 143
485 113
486 194
487 123
488 141
489 143
490 157
491 205
492 152
493 192
494 70
495 171
496 140
497 177
498 173
499 152
500 157
501 173
502 189
503 131
504 143
505 169
506 169
507 105
508 182
509 132
510 143
511 106
512 179
513 159
514 139
515 109
516 113
517 130
518 146
519 130
520 134
521 176
522 148
523 164
524 103
525 119
526 181
527 234
528 67
529 173
530 197
531 119
532 103
533 194
534 84
535 133
536 180
537 170
538 151
539 166
540 171
541 177
542 160
543 196
544 117
545 128
546 147
547 101
548 176
549 140
550 142
551 161
552 164
553 133
554 168
555 179
556 150
557 150
558 151
559 172
560 146
561 146
562 125
563 125
564 162
565 62
566 124
567 178
568 148
569 112
570 108
571 161
572 139
573 194
574 123
575 123
576 165
577 131
578 123
579 135
580 118
581 159
582 68
583 147
584 146
585 169
586 157
587 125
588 139
589 148
590 95
591 166
592 123
593 121
594 132
595 110
596 116
597 185
598 141
599 154
600 177
601 157
602 119
603 140
604 135
605 107
606 91
607 114
608 70
609 136
610 179
611 148
612 156
613 169
614 151
615 138
616 126
617 124
618 104
619 132
620 171
621 128
622 69
623 94
624 157
625 122
626 200
627 160
628 145
629 107
630 144
631 110
632 138
633 156
634 120
635 137
636 154
637 158
638 136
639 155
640 164
641 182
642 108
643 158
644 117
645 160
646 128
647 112
648 163
649 117
650 145
651 173
652 136
653 127
654 193
655 160
656 135
657 157
658 120
659 183
660 168
661 140
662 150
663 162
664 95
665 136
666 174
667 179
668 143
669 170
670 114
671 155
672 139
673 149
674 149
675 162
676 118
677 170
678 169
679 97
680 179
681 102
682 143
683 142
684 107
685 149
686 125
687 129
688 133
689 195
690 148
691 141
692 130
693 146
694 135
695 143
696 178
697 180
698 132
699 126
700 161
701 137
702 144
703 114
704 215
705 125
706 121
707 106
708 107
709 206
710 149
711 114
712 143
713 142
714 147
715 146
716 191
717 103
718 127
719 140
720 147
721 165
722 125
723 152
724 165
725 171
726 125
727 158
728 152
729 183
730 174
731 116
732 137
733 144
734 138
735 164
736 151
737 209
738 147
739 215
740 169
741 166
742 122
743 135
744 148
745 147
746 118
747 112
748 87
749 149
750 140
751 148
752 107
753 79
754 124
755 204
756 163
757 162
758 114
759 130
760 144
761 180
762 136
763 117
764 151
765 150
766 139
767 228
768 189
769 142
770 142
771 113
772 156
773 153
774 181
775 151
776 154
777 160
778 124
779 118
780 175
781 110
782 145
783 170
784 125
785 127
786 97
787 152
788 99
789 96
790 176
791 142
792 183
793 184
794 198
795 203
796 166
797 148
798 151
799 136
800 133
801 132
802 165
803 111
804 169
805 161
806 147
807 170
808 134
809 133
810 159
811 151
812 93
813 150
814 137
815 144
816 169
817 179
818 146
819 144
820 138
821 142
822 122
823 138
824 189
825 154
826 174
827 83
828 152
829 158
830 134
831 152
832 154
833 209
834 150
835 125
836 153
837 151
838 173
839 173
840 171
841 180
842 138
843 99
844 145
845 176
846 168
847 138
848 178
849 97
850 148
851 162
852 147
853 76
854 121
855 130
856 165
857 136
858 145
859 158
860 137
861 138
862 171
863 164
864 146
865 140
866 237
867 115
868 161
869 123
870 201
871 151
872 125
873 197
874 96
875 134
876 137
877 152
878 160
879 124
880 146
881 154
882 145
883 132
884 147
885 152
886 175
887 157
888 154
889 114
890 173
891 139
892 147
893 121
894 162
895 144
896 158
897 157
898 127
899 103
900 132
901 107
902 145
903 128
904 146
905 121
906 201
907 173
908 138
909 128
910 187
911 169
912 132
913 197
914 163
915 126
916 174
917 117
918 162
919 122
920 120
921 141
922 111
923 152
924 157
925 159
926 137
927 160
928 180
929 173
930 139
931 120
932 158
933 137
934 98
935 73
936 129
937 143
938 174
939 129
940 116
941 127
942 136
943 115
944 94
945 139
946 118
947 175
948 113
949 176
950 151
951 127
952 92
953 53
954 138
955 97
956 152
957 142
958 154
959 150
960 156
961 145
962 197
963 104
964 147
965 144
966 117
967 196
968 97
969 140
970 128
971 102
972 149
973 148
974 148
975 143
976 121
977 141
978 149
979 169
980 100
981 122
982 143
983 133
984 150
985 139
986 121
987 150
988 142
989 122
990 148
991 134
992 119
993 139
994 133
995 153
996 200
997 131
998 146
999 107
1000 145
1001 132
1002 169
1003 142
1004 132
1005 161
1006 136
1007 171
1008 179
1009 145
1010 157
1011 172
1012 112
1013 115
1014 133
1015 136
1016 174
1017 164
1018 123
1019 157
1020 142
1021 134
1022 176
1023 107
1024 128
1025 147
1026 193
1027 157
1028 154
1029 153
1030 126
1031 146
1032 113
1033 218
1034 143
1035 129
1036 147
1037 180
1038 127
1039 116
1040 175
1041 127
1042 114
1043 108
1044 124
1045 115
1046 130
1047 160
1048 121
1049 165
1050 79
1051 156
1052 149
1053 125
1054 134
1055 134
1056 92
1057 148
1058 125
1059 101
1060 109
1061 160
1062 122
1063 53
1064 198
1065 206
1066 125
1067 155
1068 121
1069 163
1070 136
1071 81
1072 141
1073 189
1074 132
1075 164
1076 163
1077 129
1078 147
1079 171
1080 170
1081 157
1082 186
1083 144
1084 158
1085 151
1086 129
1087 211
1088 156
1089 148
1090 117
1091 121
1092 76
1093 151
1094 112
1095 163
1096 141
1097 97
1098 177
1099 160
1100 131
1101 94
1102 169
1103 144
1104 166
1105 162
1106 138
1107 115
1108 130
1109 121
1110 107
1111 135
1112 138
1113 135
1114 179
1115 127
1116 81
1117 145
1118 149
1119 154
1120 105
1121 107
1122 143
1123 150
1124 175
1125 153
1126 102
1127 147
1128 155
1129 152
1130 125
1131 148
1132 172
1133 153
1134 124
1135 126
1136 175
1137 184
1138 108
1139 150
1140 149
1141 135
1142 179
1143 130
1144 167
1145 169
1146 115
1147 114
1148 143
1149 88
1150 121
1151 169
1152 94
1153 129
1154 121
1155 113
1156 146
1157 139
1158 161
1159 123
1160 138
1161 139
1162 149
1163 139
1164 151
1165 71
1166 179
1167 130
1168 119
1169 153
1170 163
1171 142
1172 194
1173 226
1174 180
1175 204
1176 103
1177 89
1178 156
1179 135
1180 135
1181 173
1182 126
1183 159
1184 154
1185 109
1186 162
1187 139
1188 191
1189 143
1190 177
1191 159
1192 130
1193 196
1194 140
1195 156
1196 154
1197 157
1198 135
1199 157
1200 132
1201 154
1202 117
1203 141
1204 149
1205 131
1206 142
1207 155
1208 150
1209 153
1210 146
1211 168
1212 152
1213 119
1214 117
1215 150
1216 145
1217 139
1218 131
1219 128
1220 153
1221 148
1222 134
1223 134
1224 171
1225 175
1226 104
1227 86
1228 162
1229 148
1230 122
1231 105
1232 158
1233 171
1234 153
1235 133
1236 153
1237 192
1238 125
1239 151
1240 108
1241 176
1242 166
1243 127
1244 142
1245 137
1246 140
1247 144
1248 142
1249 159
1250 126
1251 163
1252 125
1253 126
1254 142
1255 129
1256 171
1257 104
1258 123
1259 162
1260 186
1261 141
1262 100
1263 138
1264 151
1265 121
1266 109
1267 144
1268 175
1269 142
1270 136
1271 129
1272 121
1273 127
1274 103
1275 235
1276 154
1277 118
1278 153
1279 166
1280 158
1281 85
1282 138
1283 130
1284 155
1285 189
1286 189
1287 215
1288 133
1289 155
1290 130
1291 80
1292 85
1293 147
1294 160
1295 107
1296 121
1297 97
1298 128
1299 179
1300 150
1301 151
1302 135
1303 163
1304 144
1305 145
1306 151
1307 113
1308 175
1309 135
1310 167
1311 125
1312 178
1313 109
1314 122
1315 139
1316 160
1317 217
1318 164
1319 155
1320 85
1321 94
1322 79
1323 126
1324 169
1325 159
1326 153
1327 158
1328 139
1329 203
1330 148
1331 151
1332 129
1333 126
1334 154
1335 167
1336 174
1337 150
1338 174
1339 117
1340 127
1341 193
1342 143
1343 149
1344 103
1345 140
1346 102
1347 110
1348 130
1349 145
1350 183
1351 183
1352 133
1353 172
1354 168
1355 152
1356 144
1357 157
1358 139
1359 171
1360 125
1361 131
1362 147
1363 104
1364 155
1365 158
1366 131
1367 114
1368 152
1369 154
1370 123
1371 166
1372 122
1373 131
1374 119
1375 92
1376 138
1377 137
1378 145
1379 241
1380 142
1381 133
1382 97
1383 132
1384 188
1385 152
1386 204
1387 136
1388 156
1389 161
1390 163
1391 155
1392 130
1393 121
1394 133
1395 146
1396 162
1397 161
1398 136
1399 146
1400 140
1401 158
1402 152
1403 131
1404 177
1405 128
1406 104
1407 112
1408 138
1409 134
1410 61
1411 135
1412 154
1413 67
1414 152
1415 248
1416 85
1417 185
1418 153
1419 148
1420 170
1421 168
1422 119
1423 121
1424 150
1425 111
1426 172
1427 125
1428 149
1429 105
1430 195
1431 140
1432 145
1433 143
1434 158
1435 137
1436 139
1437 63
1438 136
1439 143
1440 132
1441 135
1442 117
1443 114
1444 121
1445 142
1446 181
1447 128
1448 138
1449 154
1450 133
1451 165
1452 142
1453 146
1454 124
1455 139
1456 161
1457 161
1458 162
1459 198
1460 150
1461 159
1462 224
1463 145
1464 134
1465 96
1466 130
1467 120
1468 149
1469 129
1470 143
1471 129
1472 161
1473 173
1474 119
1475 136
1476 193
1477 114
1478 147
1479 146
1480 141
1481 121
1482 133
1483 140
1484 247
1485 95
1486 94
1487 131
1488 149
1489 149
1490 164
1491 145
1492 136
1493 132
1494 136
1495 172
1496 146
1497 149
1498 155
1499 106
1500 172
1501 143
1502 146
1503 139
1504 136
1505 130
1506 176
1507 146
1508 154
1509 136
1510 155
1511 144
1512 125
1513 161
1514 217
1515 148
1516 105
1517 169
1518 141
1519 150
1520 136
1521 135
1522 192
1523 153
1524 228
1525 139
1526 143
1527 144
1528 141
1529 96
1530 139
1531 138
1532 159
1533 113
1534 149
1535 130
1536 166
1537 218
1538 139
1539 136
1540 149
1541 158
1542 173
1543 138
1544 142
1545 140
1546 148
1547 132
1548 162
1549 168
1550 151
1551 144
1552 116
1553 132
1554 138
1555 136
1556 181
1557 146
1558 127
1559 80
1560 173
1561 168
1562 192
1563 117
1564 125
1565 89
1566 140
1567 140
1568 128
1569 173
1570 166
1571 122
1572 136
1573 175
1574 168
1575 111
1576 164
1577 149
1578 84
1579 146
1580 147
1581 132
1582 190
1583 146
1584 133
1585 0
1586 129
1587 120
1588 204
1589 162
1590 103
1591 113
1592 185
1593 141
1594 116
1595 128
1596 110
1597 147
1598 67
1599 125
1600 122
1601 167
1602 130
1603 104
1604 155
1605 140
1606 115
1607 152
1608 159
1609 136
1610 95
1611 212
1612 154
1613 129
1614 164
1615 146
1616 136
1617 181
1618 172
1619 130
1620 114
1621 147
1622 153
1623 160
1624 162
1625 168
1626 123
1627 153
1628 139
1629 154
1630 129
1631 105
1632 102
1633 144
1634 131
1635 193
1636 160
1637 150
1638 132
1639 187
1640 174
1641 110
1642 164
1643 186
1644 171
1645 140
1646 151
1647 146
1648 150
1649 138
1650 178
1651 133
1652 120
1653 177
1654 158
1655 145
1656 138
1657 153
1658 157
1659 127
1660 171
1661 119
1662 236
1663 112
1664 127
1665 161
1666 104
1667 194
1668 167
1669 121
1670 126
1671 164
1672 183
1673 170
1674 96
1675 133
1676 138
1677 125
1678 108
1679 146
1680 172
1681 117
1682 142
1683 226
1684 131
1685 148
1686 154
1687 82
1688 127
1689 153
1690 134
1691 180
1692 121
1693 164
1694 118
1695 150
1696 176
1697 195
1698 152
1699 177
1700 155
1701 175
1702 141
1703 134
1704 157
1705 212
1706 144
1707 152
1708 128
1709 112
1710 112
1711 125
1712 111
1713 128
1714 139
1715 119
1716 158
1717 143
1718 138
1719 153
1720 140
1721 161
1722 171
1723 162
1724 196
1725 166
1726 156
1727 142
1728 110
1729 150
1730 136
1731 138
1732 137
1733 131
1734 112
1735 154
1736 137
1737 162
1738 158
1739 122
1740 131
1741 164
1742 198
1743 116
1744 163
1745 134
1746 133
1747 116
1748 177
1749 109
1750 111
1751 135
1752 161
1753 136
1754 147
1755 145
1756 163
1757 172
1758 185
1759 169
1760 130
1761 158
1762 140
1763 172
1764 123
1765 124
1766 121
1767 160
1768 137
1769 130
1770 130
1771 145
1772 182
1773 148
1774 142
1775 145
1776 158
1777 130
1778 161
1779 96
1780 128
1781 151
1782 140
1783 159
1784 165
1785 150
1786 164
1787 179
1788 126
1789 114
1790 154
1791 155
1792 170
1793 159
1794 148
1795 169
1796 112
1797 93
1798 157
1799 146
1800 195
1801 76
1802 152
1803 150
1804 133
1805 163
1806 166
1807 123
1808 114
1809 157
1810 127
1811 86
1812 134
1813 161
1814 126
1815 181
1816 163
1817 144
1818 110
1819 164
1820 168
1821 159
1822 112
1823 154
1824 117
1825 146
1826 96
1827 173
1828 162
1829 137
1830 172
1831 156
1832 123
1833 180
1834 148
1835 139
1836 147
1837 132
1838 122
1839 147
1840 131
1841 192
1842 155
1843 140
1844 138
1845 160
1846 134
1847 141
1848 150
1849 131
1850 155
1851 112
1852 140
1853 135
1854 157
1855 83
1856 131
1857 101
1858 193
1859 134
1860 143
1861 136
1862 137
1863 138
1864 146
1865 182
1866 135
1867 122
1868 158
1869 195
1870 164
1871 146
1872 141
1873 175
1874 154
1875 147
1876 163
1877 151
1878 153
1879 130
1880 152
1881 163
1882 167
1883 144
1884 116
1885 148
1886 133
1887 172
1888 134
1889 90
1890 166
1891 141
1892 122
1893 103
1894 121
1895 55
1896 140
1897 139
1898 128
1899 175
1900 153
1901 136
1902 141
1903 127
1904 159
1905 190
1906 160
1907 189
1908 153
1909 170
1910 114
1911 137
1912 111
1913 150
1914 126
1915 154
1916 170
1917 149
1918 177
1919 113
1920 164
1921 153
1922 159
1923 0
1924 116
1925 155
1926 197
1927 127
1928 133
1929 195
1930 132
1931 133
1932 145
1933 223
1934 76
1935 137
1936 158
1937 119
1938 134
1939 157
1940 120
1941 179
1942 110
1943 140
1944 130
1945 98
1946 142
1947 147
1948 169
1949 157
1950 119
1951 150
1952 164
1953 148
1954 172
1955 128
1956 140
1957 136
1958 138
1959 146
1960 141
1961 115
1962 142
1963 100
1964 108
1965 114
1966 149
1967 117
1968 131
1969 149
1970 137
1971 159
1972 167
1973 102
1974 162
1975 161
1976 145
1977 134
1978 127
1979 116
1980 137
1981 163
1982 143
1983 126
1984 139
1985 132
1986 137
1987 113
1988 129
1989 158
1990 116
1991 173
1992 118
1993 123
1994 146
1995 149
1996 139
1997 99
1998 121
1999 190
2000 132
2001 136
2002 160
2003 110
2004 152
2005 131
2006 181
2007 163
2008 146
2009 122
2010 176
2011 183
2012 75
2013 137
2014 154
2015 105
2016 93
2017 153
2018 121
2019 188
2020 160
2021 131
2022 129
2023 134
2024 139
2025 138
2026 99
2027 185
2028 192
2029 195
2030 121
2031 152
2032 45
2033 144
2034 133
2035 148
2036 128
2037 184
2038 142
2039 142
2040 156
2041 165
2042 141
2043 177
2044 160
2045 154
2046 154
2047 125
2048 113
2049 196
2050 217
2051 108
2052 135
2053 58
2054 139
2055 156
2056 156
2057 153
2058 99
2059 154
2060 150
2061 163
2062 145
2063 166
2064 137
2065 115
2066 117
2067 155
2068 122
2069 145
2070 193
2071 165
2072 90
2073 148
2074 119
2075 97
2076 183
2077 142
2078 157
2079 110
2080 123
2081 130
2082 133
2083 76
2084 144
2085 123
2086 124
2087 161
2088 154
2089 126
2090 152
2091 140
2092 134
2093 113
2094 171
2095 146
2096 109
2097 140
2098 144
2099 136
