Vertices: 9000
Edges: 63000
Time: 2,982 ms
Iterations: 62934
Vertex Distance
0 0
1 159
2 170
3 208
4 162
5 179
6 151
7 141
8 187
9 162
10 187
11 163
12 180
13 156
14 162
15 163
16 159
17 114
18 211
19 159
20 173
21 247
22 122
23 138
24 218
25 131
26 151
27 176
28 172
29 174
30 188
31 137
32 192
33 147
34 203
35 189
36 167
37 177
38 178
39 160
40 151
41 181
42 164
43 140
44 189
45 137
46 153
47 176
48 195
49 139
50 195
51 149
52 228
53 154
54 155
55 179
56 185
57 105
58 168
59 120
60 144
61 190
62 166
63 185
64 164
65 172
66 167
67 159
68 156
69 111
70 145
71 163
72 134
73 154
74 181
75 158
76 155
77 171
78 205
79 134
80 150
81 190
82 141
83 165
84 198
85 109
86 132
87 186
88 173
89 165
90 172
91 174
92 192
93 148
94 153
95 143
96 150
97 161
98 162
99 182
100 181
101 186
102 160
103 146
104 182
105 147
106 203
107 165
108 155
109 166
110 147
111 185
112 169
113 151
114 201
115 157
116 162
117 168
118 166
119 170
120 165
121 143
122 157
123 168
124 185
125 171
126 197
127 175
128 157
129 135
130 97
131 183
132 139
133 128
134 177
135 181
136 156
137 117
138 151
139 178
140 135
141 175
142 154
143 157
144 167
145 154
146 127
147 188
148 179
149 162
150 226
151 187
152 192
153 139
154 145
155 167
156 167
157 158
158 182
159 177
160 127
161 160
162 166
163 152
164 164
165 171
166 182
167 175
168 171
169 150
170 174
171 165
172 189
173 160
174 148
175 180
176 179
177 167
178 178
179 179
180 162
181 194
182 169
183 151
184 172
185 176
186 152
187 166
188 112
189 134
190 133
191 161
192 110
193 193
194 153
195 163
196 144
197 191
198 128
199 179
200 182
201 151
202 169
203 167
204 201
205 185
206 170
207 188
208 171
209 181
210 161
211 159
212 163
213 138
214 208
215 145
216 151
217 175
218 215
219 170
220 136
221 103
222 172
223 179
224 213
225 170
226 189
227 170
228 153
229 166
230 165
231 157
232 156
233 133
234 184
235 192
236 172
237 200
238 156
239 195
240 99
241 171
242 177
243 131
244 108
245 139
246 148
247 180
248 129
249 206
250 127
251 195
252 151
253 168
254 119
255 165
256 152
257 113
258 143
259 141
260 177
261 161
262 138
263 182
264 154
265 168
266 206
267 140
268 128
269 108
270 199
271 172
272 196
273 159
274 171
275 94
276 167
277 165
278 150
279 161
280 172
281 194
282 151
283 162
284 204
285 158
286 152
287 177
288 175
289 141
290 182
291 222
292 180
293 189
294 160
295 229
296 168
297 147
298 206
299 169
300 174
301 162
302 149
303 141
304 131
305 162
306 193
307 167
308 192
309 119
310 161
311 149
312 197
313 157
314 177
315 146
316 194
317 167
318 168
319 162
320 157
321 150
322 154
323 175
324 172
325 148
326 161
327 152
328 188
329 125
330 163
331 163
332 126
333 133
334 114
335 155
336 151
337 148
338 170
339 132
340 110
341 149
342 129
343 150
344 148
345 141
346 121
347 142
348 163
349 224
350 194
351 128
352 134
353 183
354 151
355 182
356 142
357 136
358 149
359 132
360 138
361 136
362 229
363 157
364 167
365 165
366 192
367 131
368 226
369 146
370 162
371 144
372 142
373 164
374 97
375 151
376 203
377 164
378 182
379 163
380 138
381 194
382 128
383 147
384 171
385 151
386 134
387 160
388 143
389 166
390 153
391 166
392 144
393 170
394 146
395 151
396 146
397 197
398 124
399 135
400 151
401 160
402 147
403 176
404 167
405 122
406 181
407 184
408 149
409 168
410 151
411 166
412 168
413 201
414 168
415 167
416 170
417 138
418 185
419 162
420 163
421 141
422 128
423 153
424 165
425 138
426 102
427 193
428 89
429 206
430 159
431 182
432 190
433 161
434 236
435 146
436 105
437 130
438 111
439 158
440 127
441 152
442 178
443 173
444 154
445 141
446 151
447 137
448 214
449 181
450 126
451 167
452 146
453 143
454 145
455 158
456 176
457 157
458 121
459 152
460 102
461 157
462 183
463 167
464 164
465 188
466 172
467 142
468 139
469 152
470 208
471 189
472 165
473 186
474 175
475 151
476 179
477 166
478 131
479 179
480 165
481 179
482 165
483 153
484 157
485 146
486 132
487 142
488 128
489 172
490 202
491 171
492 170
493 153
494 152
495 173
496 91
497 115
498 167
499 150
500 151
501 147
502 168
503 137
504 188
505 131
506 137
507 159
508 133
509 190
510 84
511 169
512 194
513 139
514 144
515 146
516 164
517 178
518 170
519 167
520 155
521 136
522 194
523 211
524 127
525 188
526 197
527 169
528 150
529 132
530 175
531 168
532 98
533 142
534 142
535 249
536 168
537 211
538 144
539 99
540 169
541 170
542 192
543 147
544 156
545 183
546 137
547 181
548 180
549 181
550 181
551 165
552 155
553 168
554 162
555 151
556 183
557 138
558 178
559 130
560 163
561 138
562 147
563 173
564 158
565 123
566 149
567 132
568 207
569 117
570 169
571 167
572 165
573 166
574 179
575 199
576 176
577 173
578 147
579 178
580 183
581 126
582 180
583 143
584 167
585 111
586 169
587 149
588 149
589 159
590 173
591 107
592 202
593 147
594 164
595 176
596 174
597 171
598 137
599 141
600 177
601 140
602 125
603 165
604 106
605 164
606 156
607 139
608 146
609 163
610 187
611 136
612 156
613 176
614 167
615 159
616 182
617 173
618 126
619 171
620 157
621 176
622 137
623 161
624 144
625 139
626 121
627 137
628 194
629 179
630 98
631 179
632 146
633 161
634 167
635 155
636 165
637 179
638 148
639 209
640 174
641 181
642 151
643 161
644 126
645 170
646 155
647 106
648 144
649 189
650 175
651 127
652 163
653 168
654 115
655 180
656 173
657 184
658 120
659 163
660 192
661 151
662 192
663 179
664 165
665 170
666 169
667 110
668 150
669 112
670 133
671 176
672 153
673 196
674 147
675 144
676 142
677 140
678 152
679 147
680 167
681 160
682 162
683 157
684 69
685 181
686 172
687 0
688 139
689 165
690 161
691 162
692 184
693 145
694 187
695 165
696 137
697 138
698 209
699 195
700 171
701 110
702 159
703 135
704 127
705 143
706 194
707 149
708 184
709 123
710 131
711 167
712 168
713 143
714 145
715 140
716 155
717 138
718 188
719 172
720 145
721 156
722 181
723 123
724 132
725 169
726 163
727 148
728 135
729 146
730 166
731 191
732 191
733 122
734 162
735 141
736 191
737 169
738 167
739 129
740 181
741 201
742 155
743 176
744 147
745 194
746 142
747 166
748 134
749 211
750 135
751 162
752 181
753 116
754 131
755 134
756 174
757 188
758 180
759 170
760 190
761 170
762 166
763 139
764 158
765 130
766 149
767 148
768 195
769 156
770 143
771 177
772 129
773 156
774 158
775 138
776 124
777 137
778 148
779 67
780 164
781 170
782 160
783 204
784 144
785 128
786 159
787 166
788 182
789 136
790 119
791 108
792 154
793 91
794 139
795 143
796 162
797 160
798 144
799 134
800 127
801 155
802 167
803 164
804 130
805 192
806 161
807 161
808 165
809 142
810 210
811 161
812 137
813 96
814 193
815 154
816 161
817 160
818 173
819 165
820 149
821 115
822 179
823 191
824 150
825 161
826 148
827 143
828 245
829 159
830 221
831 203
832 113
833 138
834 181
835 166
836 112
837 160
838 194
839 156
840 166
841 154
842 172
843 144
844 154
845 184
846 142
847 163
848 217
849 169
850 162
851 109
852 140
853 186
854 178
855 133
856 125
857 194
858 186
859 217
860 198
861 192
862 143
863 221
864 163
865 115
866 151
867 172
868 172
869 159
870 158
871 173
872 105
873 179
874 129
875 166
876 157
877 100
878 192
879 218
880 109
881 178
882 149
883 179
884 162
885 182
886 169
887 143
888 200
889 196
890 156
891 144
892 147
893 129
894 202
895 184
896 112
897 171
898 174
899 170
900 214
901 144
902 162
903 155
904 165
905 186
906 149
907 172
908 175
909 122
910 168
911 116
912 165
913 188
914 174
915 154
916 156
917 180
918 175
919 154
920 158
921 148
922 131
923 163
924 196
925 202
926 130
927 158
928 149
929 156
930 127
931 154
932 162
933 165
934 165
935 64
936 124
937 132
938 161
939 152
940 193
941 106
942 202
943 168
944 147
945 138
946 163
947 153
948 157
949 177
950 166
951 162
952 222
953 169
954 184
955 132
956 183
957 200
958 204
959 141
960 142
961 113
962 146
963 160
964 92
965 157
966 180
967 162
968 141
969 158
970 133
971 156
972 204
973 172
974 159
975 166
976 165
977 180
978 216
979 134
980 120
981 260
982 184
983 157
984 162
985 177
986 156
987 164
988 142
989 206
990 120
991 140
992 166
993 110
994 172
995 173
996 145
997 145
998 183
999 182
1000 146
1001 192
1002 186
1003 168
1004 162
1005 195
1006 148
1007 177
1008 140
1009 150
1010 187
1011 153
1012 65
1013 158
1014 163
1015 228
1016 216
1017 152
1018 134
1019 117
1020 194
1021 176
1022 208
1023 131
1024 158
1025 166
1026 154
1027 193
1028 136
1029 145
1030 200
1031 147
1032 154
1033 154
1034 130
1035 201
1036 180
1037 150
1038 191
1039 136
1040 160
1041 195
1042 184
1043 164
1044 130
1045 185
1046 198
1047 207
1048 157
1049 153
1050 184
1051 159
1052 191
1053 133
1054 167
1055 155
1056 104
1057 205
1058 125
1059 140
1060 186
1061 152
1062 163
1063 213
1064 155
1065 159
1066 145
1067 131
1068 143
1069 168
1070 177
1071 159
1072 161
1073 124
1074 179
1075 115
1076 182
1077 111
1078 154
1079 176
1080 159
1081 156
1082 157
1083 147
1084 173
1085 171
1086 175
1087 176
1088 173
1089 198
1090 175
1091 140
1092 170
1093 158
1094 160
1095 210
1096 138
1097 139
1098 136
1099 192
1100 171
1101 171
1102 185
1103 175
1104 177
1105 148
1106 176
1107 139
1108 135
1109 142
1110 175
1111 164
1112 216
1113 195
1114 162
1115 142
1116 139
1117 150
1118 181
1119 191
1120 162
1121 149
1122 161
1123 139
1124 179
1125 213
1126 135
1127 174
1128 81
1129 177
1130 142
1131 170
1132 99
1133 136
1134 153
1135 167
1136 166
1137 104
1138 167
1139 181
1140 153
1141 118
1142 145
1143 139
1144 202
1145 176
1146 153
1147 187
1148 232
1149 114
1150 147
1151 207
1152 184
1153 167
1154 179
1155 189
1156 189
1157 205
1158 169
1159 172
1160 113
1161 122
1162 155
1163 133
1164 135
1165 121
1166 138
1167 152
1168 125
1169 162
1170 139
1171 101
1172 159
1173 188
1174 155
1175 147
1176 187
1177 143
1178 179
1179 183
1180 180
1181 187
1182 153
1183 209
1184 170
1185 148
1186 169
1187 165
1188 140
1189 192
1190 157
1191 174
1192 143
1193 167
1194 164
1195 153
1196 163
1197 173
1198 156
1199 168
1200 170
1201 174
1202 197
1203 160
1204 124
1205 172
1206 172
1207 168
1208 157
1209 174
1210 151
1211 190
1212 167
1213 155
1214 149
1215 153
1216 153
1217 165
1218 235
1219 159
1220 165
1221 96
1222 125
1223 208
1224 151
1225 139
1226 115
1227 156
1228 189
1229 197
1230 123
1231 104
1232 153
1233 202
1234 141
1235 151
1236 155
1237 171
1238 195
1239 172
1240 191
1241 158
1242 119
1243 128
1244 175
1245 173
1246 144
1247 146
1248 146
1249 210
1250 153
1251 142
1252 171
1253 141
1254 255
1255 147
1256 112
1257 176
1258 165
1259 154
1260 151
1261 152
1262 169
1263 164
1264 168
1265 164
1266 127
1267 144
1268 206
1269 160
1270 163
1271 198
1272 176
1273 164
1274 156
1275 201
1276 155
1277 192
1278 159
1279 158
1280 137
1281 137
1282 178
1283 157
1284 160
1285 141
1286 183
1287 169
1288 174
1289 155
1290 147
1291 159
1292 176
1293 151
1294 113
1295 169
1296 148
1297 172
1298 154
1299 161
1300 146
1301 152
1302 113
1303 172
1304 182
1305 189
1306 151
1307 185
1308 144
1309 104
1310 118
1311 157
1312 165
1313 174
1314 165
1315 159
1316 163
1317 141
1318 147
1319 197
1320 116
1321 147
1322 218
1323 182
1324 214
1325 142
1326 190
1327 175
1328 180
1329 111
1330 178
1331 149
1332 175
1333 158
1334 139
1335 122
1336 123
1337 209
1338 114
1339 196
1340 164
1341 126
1342 164
1343 132
1344 173
1345 164
1346 169
1347 158
1348 180
1349 149
1350 210
1351 134
1352 185
1353 112
1354 147
1355 138
1356 160
1357 155
1358 112
1359 140
1360 140
1361 155
1362 173
1363 139
1364 118
1365 207
1366 151
1367 164
1368 167
1369 167
1370 66
1371 191
1372 155
1373 168
1374 154
1375 165
1376 181
1377 163
1378 188
1379 159
1380 186
1381 133
1382 153
1383 116
1384 145
1385 214
1386 116
1387 155
1388 182
1389 154
1390 125
1391 148
1392 129
1393 149
1394 147
1395 167
1396 142
1397 173
1398 141
1399 149
1400 120
1401 158
1402 135
1403 177
1404 208
1405 159
1406 137
1407 157
1408 127
1409 158
1410 156
1411 151
1412 164
1413 187
1414 162
1415 188
1416 179
1417 171
1418 151
1419 149
1420 203
1421 195
1422 167
1423 194
1424 145
1425 172
1426 72
1427 131
1428 165
1429 146
1430 89
1431 181
1432 176
1433 169
1434 170
1435 191
1436 144
1437 161
1438 148
1439 164
1440 160
1441 189
1442 150
1443 202
1444 154
1445 110
1446 189
1447 160
1448 169
1449 154
1450 164
1451 194
1452 171
1453 207
1454 132
1455 144
1456 175
1457 160
1458 162
1459 161
1460 181
1461 174
1462 153
1463 139
1464 191
1465 145
1466 139
1467 162
1468 154
1469 169
1470 194
1471 163
1472 141
1473 151
1474 142
1475 115
1476 178
1477 167
1478 138
1479 106
1480 168
1481 159
1482 173
1483 128
1484 142
1485 177
1486 193
1487 165
1488 168
1489 145
1490 176
1491 143
1492 171
1493 151
1494 160
1495 163
1496 177
1497 219
1498 164
1499 161
1500 146
1501 122
1502 207
1503 194
1504 187
1505 198
1506 156
1507 140
1508 135
1509 142
1510 80
1511 127
1512 175
1513 199
1514 150
1515 139
1516 124
1517 178
1518 133
1519 147
1520 174
1521 178
1522 159
1523 191
1524 155
1525 197
1526 160
1527 162
1528 146
1529 201
1530 129
1531 150
1532 141
1533 125
1534 155
1535 184
1536 229
1537 190
1538 187
1539 149
1540 177
1541 159
1542 135
1543 235
1544 148
1545 164
1546 230
1547 204
1548 108
1549 162
1550 185
1551 139
1552 192
1553 141
1554 142
1555 170
1556 132
1557 149
1558 160
1559 167
1560 153
1561 132
1562 137
1563 176
1564 190
1565 162
1566 181
1567 177
1568 186
1569 121
1570 159
1571 173
1572 165
1573 115
1574 148
1575 217
1576 187
1577 144
1578 149
1579 170
1580 138
1581 187
1582 172
1583 244
1584 167
1585 157
1586 165
1587 185
1588 168
1589 131
1590 148
1591 169
1592 178
1593 156
1594 130
1595 170
1596 177
1597 173
1598 158
1599 144
1600 154
1601 146
1602 161
1603 178
1604 148
1605 170
1606 167
1607 194
1608 160
1609 195
1610 167
1611 151
1612 185
1613 140
1614 151
1615 152
1616 166
1617 181
1618 120
1619 138
1620 158
1621 168
1622 151
1623 149
1624 182
1625 135
1626 113
1627 140
1628 178
1629 183
1630 163
1631 153
1632 178
1633 156
1634 153
1635 187
1636 127
1637 165
1638 146
1639 190
1640 177
1641 160
1642 168
1643 168
1644 148
1645 166
1646 129
1647 231
1648 200
1649 142
1650 180
1651 125
1652 178
1653 152
1654 110
1655 145
1656 136
1657 159
1658 145
1659 181
1660 175
1661 180
1662 149
1663 119
1664 142
1665 181
1666 137
1667 183
1668 161
1669 169
1670 176
1671 170
1672 138
1673 169
1674 146
1675 180
1676 135
1677 141
1678 139
1679 187
1680 187
1681 130
1682 188
1683 213
1684 166
1685 132
1686 137
1687 170
1688 175
1689 172
1690 143
1691 176
1692 163
1693 166
1694 142
1695 154
1696 177
1697 181
1698 163
1699 116
1700 184
1701 195
1702 132
1703 172
1704 184
1705 172
1706 152
1707 133
1708 185
1709 199
1710 163
1711 161
1712 166
1713 158
1714 147
1715 157
1716 163
1717 175
1718 143
1719 173
1720 204
1721 147
1722 172
1723 200
1724 130
1725 155
1726 163
1727 135
1728 174
1729 174
1730 164
1731 192
1732 168
1733 178
1734 147
1735 121
1736 163
1737 188
1738 175
1739 135
1740 187
1741 156
1742 149
1743 189
1744 159
1745 122
1746 117
1747 191
1748 141
1749 146
1750 220
1751 187
1752 155
1753 148
1754 148
1755 137
1756 152
1757 193
1758 147
1759 146
1760 192
1761 233
1762 157
1763 166
1764 185
1765 140
1766 157
1767 161
1768 168
1769 206
1770 148
1771 152
1772 160
1773 139
1774 126
1775 113
1776 120
1777 174
1778 123
1779 162
1780 148
1781 173
1782 150
1783 168
1784 129
1785 130
1786 133
1787 194
1788 188
1789 144
1790 155
1791 165
1792 190
1793 176
1794 134
1795 192
1796 108
1797 162
1798 136
1799 178
1800 178
1801 178
1802 173
1803 130
1804 120
1805 188
1806 149
1807 192
1808 173
1809 184
1810 159
1811 188
1812 158
1813 199
1814 165
1815 123
1816 196
1817 193
1818 107
1819 149
1820 160
1821 178
1822 119
1823 234
1824 163
1825 186
1826 192
1827 98
1828 202
1829 159
1830 190
1831 190
1832 179
1833 156
1834 155
1835 156
1836 162
1837 226
1838 141
1839 147
1840 184
1841 142
1842 198
1843 176
1844 115
1845 150
1846 140
1847 178
1848 143
1849 180
1850 216
1851 191
1852 162
1853 136
1854 134
1855 164
1856 192
1857 125
1858 150
1859 238
1860 201
1861 153
1862 173
1863 160
1864 162
1865 139
1866 181
1867 110
1868 175
1869 152
1870 38
1871 180
1872 173
1873 187
1874 179
1875 106
1876 178
1877 147
1878 166
1879 140
1880 182
1881 161
1882 166
1883 180
1884 156
1885 189
1886 99
1887 151
1888 201
1889 166
1890 174
1891 117
1892 174
1893 178
1894 175
1895 151
1896 171
1897 125
1898 197
1899 161
1900 149
1901 154
1902 167
1903 98
1904 151
1905 162
1906 160
1907 192
1908 85
1909 164
1910 160
1911 172
1912 179
1913 134
1914 126
1915 198
1916 113
1917 178
1918 140
1919 130
1920 127
1921 144
1922 247
1923 207
1924 165
1925 176
1926 182
1927 116
1928 170
1929 128
1930 176
1931 85
1932 164
1933 97
1934 175
1935 195
1936 131
1937 140
1938 179
1939 144
1940 165
1941 152
1942 178
1943 145
1944 130
1945 137
1946 132
1947 170
1948 102
1949 129
1950 148
1951 170
1952 159
1953 202
1954 183
1955 152
1956 165
1957 145
1958 160
1959 182
1960 164
1961 149
1962 187
1963 103
1964 166
1965 193
1966 136
1967 206
1968 206
1969 160
1970 141
1971 179
1972 153
1973 177
1974 150
1975 133
1976 160
1977 138
1978 140
1979 160
1980 184
1981 165
1982 175
1983 164
1984 156
1985 142
1986 146
1987 153
1988 169
1989 197
1990 216
1991 0
1992 190
1993 159
1994 165
1995 84
1996 164
1997 205
1998 150
1999 155
2000 159
2001 161
2002 145
2003 167
2004 166
2005 197
2006 0
2007 174
2008 156
2009 144
2010 166
2011 176
2012 115
2013 185
2014 165
2015 112
2016 148
2017 130
2018 144
2019 216
2020 152
2021 126
2022 161
2023 126
2024 171
2025 139
2026 86
2027 161
2028 164
2029 142
2030 157
2031 92
2032 130
2033 136
2034 164
2035 228
2036 169
2037 185
2038 149
2039 207
2040 138
2041 205
2042 191
2043 170
2044 169
2045 153
2046 165
2047 203
2048 77
2049 147
2050 150
2051 148
2052 151
2053 150
2054 157
2055 101
2056 195
2057 171
2058 198
2059 134
2060 90
2061 198
2062 176
2063 171
2064 190
2065 154
2066 169
2067 135
2068 138
2069 159
2070 185
2071 180
2072 58
2073 168
2074 155
2075 77
2076 168
2077 198
2078 191
2079 188
2080 119
2081 175
2082 147
2083 169
2084 168
2085 141
2086 145
2087 150
2088 108
2089 162
2090 220
2091 174
2092 193
2093 149
2094 180
2095 124
2096 166
2097 162
2098 154
2099 158
2100 136
2101 174
2102 158
2103 252
2104 172
2105 146
2106 188
2107 77
2108 169
2109 145
2110 141
2111 170
2112 171
2113 154
2114 172
2115 152
2116 160
2117 178
2118 186
2119 132
2120 157
2121 169
2122 161
2123 195
2124 122
2125 178
2126 160
2127 138
2128 197
2129 172
2130 176
2131 136
2132 147
2133 148
2134 146
2135 147
2136 191
2137 171
2138 163
2139 119
2140 212
2141 148
2142 198
2143 160
2144 120
2145 118
2146 211
2147 190
2148 162
2149 163
2150 147
2151 172
2152 156
2153 156
2154 173
2155 221
2156 176
2157 171
2158 157
2159 144
2160 152
2161 175
2162 132
2163 185
2164 97
2165 177
2166 155
2167 119
2168 163
2169 158
2170 156
2171 162
2172 199
2173 171
2174 145
2175 173
2176 165
2177 180
2178 164
2179 189
2180 153
2181 165
2182 148
2183 172
2184 169
2185 157
2186 206
2187 167
2188 158
2189 86
2190 136
2191 190
2192 120
2193 132
2194 211
2195 119
2196 107
2197 162
2198 156
2199 195
2200 145
2201 180
2202 168
2203 149
2204 119
2205 105
2206 131
2207 130
2208 102
2209 159
2210 136
2211 118
2212 151
2213 157
2214 179
2215 144
2216 154
2217 167
2218 145
2219 183
2220 191
2221 183
2222 138
2223 224
2224 180
2225 181
2226 166
2227 212
2228 159
2229 171
2230 148
2231 148
2232 141
2233 184
2234 183
2235 162
2236 141
2237 201
2238 136
2239 146
2240 219
2241 164
2242 134
2243 124
2244 171
2245 150
2246 140
2247 146
2248 155
2249 148
2250 168
2251 162
2252 189
2253 173
2254 149
2255 163
2256 167
2257 146
2258 142
2259 142
2260 145
2261 183
2262 161
2263 141
2264 165
2265 159
2266 168
2267 134
2268 157
2269 151
2270 189
2271 196
2272 194
2273 120
2274 178
2275 168
2276 212
2277 170
2278 229
2279 174
2280 109
2281 123
2282 226
2283 138
2284 165
2285 159
2286 152
2287 167
2288 136
2289 185
2290 170
2291 143
2292 163
2293 171
2294 141
2295 147
2296 175
2297 163
2298 174
2299 201
2300 145
2301 161
2302 64
2303 147
2304 157
2305 172
2306 205
2307 164
2308 185
2309 219
2310 116
2311 152
2312 148
2313 116
2314 160
2315 179
2316 171
2317 185
2318 131
2319 189
2320 247
2321 195
2322 167
2323 152
2324 164
2325 119
2326 147
2327 191
2328 165
2329 163
2330 169
2331 162
2332 183
2333 128
2334 144
2335 167
2336 165
2337 154
2338 147
2339 121
2340 161
2341 153
2342 157
2343 170
2344 175
2345 136
2346 198
2347 184
2348 183
2349 150
2350 188
2351 179
2352 153
2353 139
2354 140
2355 201
2356 170
2357 159
2358 152
2359 220
2360 183
2361 172
2362 122
2363 163
2364 192
2365 93
2366 192
2367 158
2368 140
2369 190
2370 131
2371 150
2372 202
2373 156
2374 171
2375 167
2376 65
2377 140
2378 164
2379 161
2380 155
2381 163
2382 162
2383 191
2384 169
2385 115
2386 153
2387 206
2388 202
2389 141
2390 161
2391 148
2392 167
2393 135
2394 152
2395 170
2396 144
2397 163
2398 147
2399 198
2400 159
2401 153
2402 154
2403 190
2404 179
2405 185
2406 156
2407 208
2408 155
2409 160
2410 192
2411 167
2412 93
2413 159
2414 125
2415 143
2416 156
2417 165
2418 187
2419 159
2420 181
2421 160
2422 172
2423 190
2424 158
2425 157
2426 134
2427 196
2428 167
2429 155
2430 169
2431 192
2432 157
2433 158
2434 157
2435 158
2436 139
2437 131
2438 224
2439 131
2440 137
2441 163
2442 132
2443 198
2444 219
2445 174
2446 191
2447 162
2448 165
2449 132
2450 202
2451 137
2452 178
2453 130
2454 148
2455 121
2456 177
2457 146
2458 143
2459 171
2460 165
2461 80
2462 179
2463 173
2464 150
2465 143
2466 167
2467 152
2468 196
2469 163
2470 136
2471 146
2472 173
2473 188
2474 157
2475 162
2476 150
2477 135
2478 132
2479 135
2480 145
2481 156
2482 190
2483 169
2484 110
2485 178
2486 154
2487 153
2488 123
2489 199
2490 179
2491 158
2492 188
2493 148
2494 160
2495 162
2496 170
2497 170
2498 143
2499 155
2500 163
2501 149
2502 157
2503 197
2504 133
2505 127
2506 156
2507 220
2508 182
2509 194
2510 218
2511 162
2512 176
2513 198
2514 181
2515 168
2516 152
2517 184
2518 177
2519 145
2520 169
2521 167
2522 194
2523 161
2524 150
2525 192
2526 204
2527 169
2528 132
2529 137
2530 180
2531 195
2532 170
2533 180
2534 161
2535 151
2536 169
2537 168
2538 173
2539 210
2540 161
2541 183
2542 153
2543 206
2544 102
2545 163
2546 154
2547 156
2548 166
2549 140
2550 47
2551 114
2552 159
2553 166
2554 163
2555 134
2556 75
2557 195
2558 156
2559 171
2560 147
2561 206
2562 136
2563 145
2564 147
2565 164
2566 171
2567 146
2568 196
2569 173
2570 155
2571 154
2572 140
2573 187
2574 201
2575 164
2576 157
2577 154
2578 135
2579 196
2580 122
2581 152
2582 165
2583 171
2584 170
2585 214
2586 160
2587 182
2588 163
2589 174
2590 189
2591 171
2592 160
2593 165
2594 167
2595 181
2596 136
2597 157
2598 179
2599 113
2600 148
2601 146
2602 155
2603 163
2604 162
2605 141
2606 147
2607 172
2608 124
2609 156
2610 139
2611 106
2612 169
2613 183
2614 108
2615 174
2616 85
2617 157
2618 150
2619 147
2620 184
2621 168
2622 175
2623 146
2624 183
2625 183
2626 200
2627 123
2628 114
2629 118
2630 169
2631 144
2632 160
2633 189
2634 125
2635 136
2636 171
2637 163
2638 110
2639 169
2640 159
2641 188
2642 150
2643 118
2644 245
2645 159
2646 158
2647 138
2648 164
2649 153
2650 128
2651 158
2652 161
2653 128
2654 194
2655 169
2656 166
2657 168
2658 178
2659 137
2660 146
2661 130
2662 170
2663 135
2664 166
2665 182
2666 137
2667 180
2668 158
2669 154
2670 158
2671 196
2672 143
2673 61
2674 229
2675 136
2676 141
2677 171
2678 158
2679 167
2680 177
2681 176
2682 196
2683 160
2684 200
2685 167
2686 132
2687 191
2688 132
2689 177
2690 166
2691 174
2692 172
2693 151
2694 150
2695 150
2696 177
2697 210
2698 165
2699 147
2700 163
2701 141
2702 123
2703 142
2704 153
2705 134
2706 160
2707 183
2708 123
2709 152
2710 174
2711 136
2712 180
2713 155
2714 154
2715 146
2716 150
2717 171
2718 150
2719 170
2720 156
2721 233
2722 111
2723 152
2724 170
2725 131
2726 141
2727 162
2728 129
2729 176
2730 195
2731 207
2732 140
2733 143
2734 165
2735 156
2736 127
2737 172
2738 156
2739 99
2740 112
2741 187
2742 201
2743 126
2744 129
2745 154
2746 129
2747 175
2748 173
2749 155
2750 195
2751 186
2752 186
2753 113
2754 159
2755 182
2756 180
2757 183
2758 117
2759 160
2760 130
2761 182
2762 111
2763 143
2764 137
2765 144
2766 181
2767 147
2768 217
2769 146
2770 170
2771 162
2772 160
2773 150
2774 134
2775 142
2776 93
2777 152
2778 130
2779 230
2780 163
2781 150
2782 155
2783 184
2784 196
2785 191
2786 143
2787 203
2788 137
2789 137
2790 90
2791 182
2792 198
2793 124
2794 173
2795 154
2796 196
2797 118
2798 215
2799 121
2800 179
2801 191
2802 184
2803 140
2804 170
2805 178
2806 207
2807 116
2808 147
2809 173
2810 145
2811 137
2812 180
2813 173
2814 196
2815 114
2816 138
2817 149
2818 125
2819 191
2820 159
2821 169
2822 159
2823 147
2824 158
2825 163
2826 178
2827 169
2828 189
2829 149
2830 145
2831 196
2832 157
2833 0
2834 168
2835 150
2836 164
2837 156
2838 140
2839 138
2840 118
2841 197
2842 159
2843 157
2844 171
2845 201
2846 127
2847 146
2848 131
2849 167
2850 144
2851 155
2852 110
2853 148
2854 148
2855 185
2856 215
2857 198
2858 173
2859 202
2860 156
2861 149
2862 180
2863 130
2864 139
2865 127
2866 194
2867 167
2868 135
2869 145
2870 144
2871 95
2872 146
2873 132
2874 151
2875 162
2876 183
2877 172
2878 153
2879 168
2880 196
2881 168
2882 190
2883 121
2884 223
2885 157
2886 61
2887 131
2888 193
2889 148
2890 203
2891 161
2892 161
2893 146
2894 179
2895 153
2896 159
2897 164
2898 128
2899 162
2900 115
2901 173
2902 138
2903 111
2904 173
2905 155
2906 133
2907 150
2908 177
2909 141
2910 173
2911 190
2912 148
2913 133
2914 189
2915 128
2916 175
2917 174
2918 212
2919 138
2920 149
2921 125
2922 155
2923 193
2924 163
2925 149
2926 156
2927 216
2928 198
2929 166
2930 126
2931 156
2932 169
2933 187
2934 139
2935 170
2936 160
2937 178
2938 153
2939 154
2940 143
2941 146
2942 151
2943 168
2944 158
2945 178
2946 155
2947 184
2948 42
2949 151
2950 159
2951 154
2952 160
2953 150
2954 204
2955 190
2956 149
2957 196
2958 146
2959 157
2960 187
2961 123
2962 191
2963 198
2964 102
2965 170
2966 150
2967 168
2968 150
2969 126
2970 177
2971 130
2972 136
2973 116
2974 160
2975 197
2976 143
2977 139
2978 119
2979 158
2980 150
2981 131
2982 163
2983 89
2984 188
2985 95
2986 140
2987 160
2988 164
2989 110
2990 145
2991 187
2992 193
2993 170
2994 125
2995 171
2996 166
2997 150
2998 144
2999 162
3000 186
3001 163
3002 124
3003 180
3004 169
3005 177
3006 112
3007 168
3008 117
3009 161
3010 132
3011 147
3012 183
3013 149
3014 160
3015 177
3016 157
3017 152
3018 143
3019 155
3020 199
3021 148
3022 178
3023 150
3024 154
3025 176
3026 197
3027 150
3028 194
3029 135
3030 166
3031 183
3032 159
3033 175
3034 152
3035 199
3036 183
3037 151
3038 176
3039 159
3040 146
3041 121
3042 101
3043 165
3044 167
3045 165
3046 199
3047 168
3048 161
3049 160
3050 155
3051 144
3052 230
3053 143
3054 144
3055 150
3056 190
3057 150
3058 169
3059 192
3060 150
3061 129
3062 155
3063 130
3064 172
3065 222
3066 219
3067 136
3068 146
3069 153
3070 166
3071 142
3072 148
3073 105
3074 183
3075 147
3076 204
3077 166
3078 156
3079 166
3080 193
3081 175
3082 163
3083 136
3084 142
3085 0
3086 169
3087 245
3088 163
3089 176
3090 147
3091 150
3092 151
3093 165
3094 156
3095 159
3096 227
3097 173
3098 129
3099 138
3100 167
3101 167
3102 225
3103 166
3104 143
3105 144
3106 168
3107 180
3108 137
3109 134
3110 162
3111 135
3112 160
3113 148
3114 184
3115 185
3116 199
3117 229
3118 163
3119 187
3120 176
3121 90
3122 171
3123 168
3124 152
3125 203
3126 166
3127 163
3128 162
3129 161
3130 145
3131 179
3132 174
3133 145
3134 209
3135 172
3136 204
3137 186
3138 145
3139 179
3140 131
3141 119
3142 176
3143 143
3144 177
3145 139
3146 140
3147 121
3148 140
3149 234
3150 163
3151 156
3152 165
3153 135
3154 153
3155 121
3156 124
3157 163
3158 111
3159 167
3160 184
3161 180
3162 182
3163 177
3164 170
3165 245
3166 155
3167 167
3168 179
3169 160
3170 172
3171 180
3172 168
3173 146
3174 195
3175 170
3176 156
3177 168
3178 173
3179 171
3180 161
3181 134
3182 185
3183 166
3184 152
3185 156
3186 193
3187 165
3188 156
3189 174
3190 168
3191 157
3192 153
3193 202
3194 190
3195 114
3196 225
3197 153
3198 198
3199 162
3200 158
3201 162
3202 120
3203 160
3204 148
3205 223
3206 142
3207 198
3208 174
3209 195
3210 137
3211 102
3212 167
3213 115
3214 193
3215 136
3216 174
3217 157
3218 163
3219 131
3220 147
3221 139
3222 151
3223 155
3224 176
3225 174
3226 153
3227 139
3228 126
3229 171
3230 140
3231 190
3232 165
3233 159
3234 136
3235 138
3236 157
3237 179
3238 168
3239 177
3240 161
3241 134
3242 163
3243 119
3244 152
3245 147
3246 161
3247 181
3248 204
3249 160
3250 157
3251 151
3252 182
3253 167
3254 157
3255 157
3256 180
3257 159
3258 167
3259 179
3260 170
3261 157
3262 139
3263 137
3264 167
3265 168
3266 162
3267 133
3268 174
3269 216
3270 142
3271 164
3272 155
3273 165
3274 77
3275 154
3276 180
3277 142
3278 180
3279 159
3280 130
3281 176
3282 137
3283 186
3284 193
3285 176
3286 146
3287 148
3288 138
3289 163
3290 178
3291 162
3292 203
3293 163
3294 178
3295 178
3296 157
3297 165
3298 165
3299 173
3300 124
3301 169
3302 164
3303 189
3304 170
3305 136
3306 153
3307 140
3308 107
3309 154
3310 189
3311 164
3312 160
3313 152
3314 141
3315 151
3316 155
3317 169
3318 145
3319 158
3320 150
3321 122
3322 154
3323 168
3324 161
3325 191
3326 165
3327 162
3328 175
3329 148
3330 153
3331 121
3332 224
3333 151
3334 186
3335 188
3336 168
3337 141
3338 159
3339 164
3340 173
3341 179
3342 140
3343 175
3344 148
3345 180
3346 143
3347 145
3348 144
3349 158
3350 144
3351 122
3352 190
3353 181
3354 171
3355 133
3356 162
3357 113
3358 127
3359 150
3360 190
3361 149
3362 143
3363 209
3364 177
3365 168
3366 140
3367 159
3368 124
3369 169
3370 192
3371 106
3372 192
3373 165
3374 167
3375 203
3376 230
3377 160
3378 169
3379 134
3380 154
3381 150
3382 129
3383 148
3384 200
3385 219
3386 147
3387 140
3388 148
3389 144
3390 169
3391 206
3392 156
3393 139
3394 171
3395 143
3396 158
3397 142
3398 158
3399 148
3400 132
3401 115
3402 156
3403 159
3404 146
3405 205
3406 178
3407 148
3408 154
3409 183
3410 143
3411 208
3412 164
3413 169
3414 205
3415 168
3416 130
3417 150
3418 170
3419 131
3420 184
3421 149
3422 192
3423 145
3424 118
3425 144
3426 149
3427 168
3428 153
3429 156
3430 208
3431 134
3432 166
3433 204
3434 122
3435 161
3436 157
3437 198
3438 189
3439 152
3440 133
3441 111
3442 141
3443 123
3444 178
3445 165
3446 146
3447 162
3448 127
3449 159
3450 154
3451 150
3452 164
3453 186
3454 183
3455 150
3456 143
3457 243
3458 159
3459 185
3460 182
3461 188
3462 206
3463 173
3464 172
3465 185
3466 188
3467 167
3468 178
3469 176
3470 172
3471 132
3472 130
3473 206
3474 154
3475 173
3476 119
3477 155
3478 188
3479 163
3480 117
3481 180
3482 208
3483 177
3484 143
3485 146
3486 171
3487 137
3488 151
3489 104
3490 166
3491 155
3492 164
3493 128
3494 162
3495 187
3496 216
3497 107
3498 176
3499 167
3500 144
3501 162
3502 134
3503 152
3504 142
3505 146
3506 213
3507 194
3508 124
3509 116
3510 165
3511 153
3512 147
3513 149
3514 178
3515 167
3516 194
3517 177
3518 169
3519 148
3520 164
3521 191
3522 163
3523 149
3524 171
3525 145
3526 161
3527 168
3528 153
3529 170
3530 213
3531 187
3532 200
3533 194
3534 153
3535 190
3536 162
3537 163
3538 233
3539 172
3540 176
3541 154
3542 140
3543 177
3544 123
3545 157
3546 180
3547 139
3548 118
3549 170
3550 191
3551 129
3552 132
3553 175
3554 181
3555 108
3556 163
3557 146
3558 186
3559 155
3560 115
3561 209
3562 122
3563 161
3564 114
3565 146
3566 171
3567 144
3568 126
3569 147
3570 189
3571 185
3572 175
3573 123
3574 169
3575 131
3576 145
3577 126
3578 151
3579 193
3580 166
3581 230
3582 154
3583 214
3584 143
3585 174
3586 143
3587 225
3588 180
3589 175
3590 168
3591 155
3592 174
3593 151
3594 150
3595 152
3596 126
3597 164
3598 181
3599 155
3600 152
3601 159
3602 165
3603 200
3604 152
3605 155
3606 171
3607 177
3608 160
3609 209
3610 171
3611 182
3612 174
3613 166
3614 145
3615 147
3616 153
3617 142
3618 163
3619 170
3620 129
3621 206
3622 119
3623 182
3624 160
3625 173
3626 184
3627 258
3628 164
3629 165
3630 129
3631 185
3632 113
3633 166
3634 158
3635 121
3636 179
3637 146
3638 144
3639 252
3640 155
3641 162
3642 153
3643 150
3644 131
3645 183
3646 132
3647 174
3648 175
3649 156
3650 166
3651 105
3652 138
3653 129
3654 196
3655 205
3656 182
3657 181
3658 174
3659 133
3660 179
3661 128
3662 126
3663 176
3664 169
3665 130
3666 99
3667 143
3668 157
3669 189
3670 148
3671 174
3672 164
3673 184
3674 176
3675 137
3676 121
3677 150
3678 163
3679 209
3680 160
3681 151
3682 181
3683 192
3684 169
3685 189
3686 156
3687 209
3688 184
3689 150
3690 183
3691 174
3692 145
3693 162
3694 166
3695 228
3696 181
3697 183
3698 195
3699 181
3700 173
3701 176
3702 106
3703 163
3704 161
3705 158
3706 192
3707 199
3708 127
3709 179
3710 176
3711 158
3712 221
3713 184
3714 172
3715 99
3716 130
3717 159
3718 196
3719 163
3720 124
3721 179
3722 168
3723 140
3724 166
3725 144
3726 202
3727 175
3728 184
3729 223
3730 149
3731 203
3732 153
3733 162
3734 160
3735 149
3736 160
3737 144
3738 186
3739 175
3740 204
3741 158
3742 154
3743 181
3744 151
3745 151
3746 159
3747 155
3748 196
3749 214
3750 149
3751 200
3752 193
3753 166
3754 143
3755 141
3756 218
3757 163
3758 188
3759 148
3760 169
3761 137
3762 112
3763 174
3764 235
3765 197
3766 183
3767 180
3768 193
3769 158
3770 155
3771 244
3772 188
3773 141
3774 146
3775 147
3776 123
3777 210
3778 163
3779 58
3780 172
3781 155
3782 193
3783 144
3784 137
3785 166
3786 128
3787 163
3788 147
3789 103
3790 142
3791 169
3792 126
3793 125
3794 125
3795 167
3796 165
3797 122
3798 184
3799 154
3800 106
3801 186
3802 165
3803 84
3804 175
3805 136
3806 182
3807 138
3808 142
3809 163
3810 160
3811 187
3812 168
3813 165
3814 143
3815 169
3816 169
3817 158
3818 210
3819 179
3820 140
3821 171
3822 153
3823 189
3824 191
3825 165
3826 152
3827 198
3828 164
3829 117
3830 155
3831 188
3832 148
3833 145
3834 184
3835 146
3836 183
3837 129
3838 143
3839 145
3840 172
3841 130
3842 171
3843 168
3844 191
3845 141
3846 145
3847 162
3848 183
3849 181
3850 159
3851 127
3852 171
3853 177
3854 183
3855 143
3856 156
3857 174
3858 138
3859 206
3860 156
3861 168
3862 183
3863 163
3864 134
3865 117
3866 151
3867 158
3868 150
3869 126
3870 177
3871 180
3872 138
3873 159
3874 182
3875 159
3876 129
3877 157
3878 182
3879 193
3880 147
3881 122
3882 119
3883 170
3884 148
3885 206
3886 164
3887 153
3888 205
3889 183
3890 143
3891 157
3892 153
3893 158
3894 126
3895 183
3896 148
3897 124
3898 157
3899 170
3900 168
3901 167
3902 158
3903 161
3904 163
3905 174
3906 164
3907 195
3908 150
3909 194
3910 103
3911 133
3912 154
3913 197
3914 160
3915 124
3916 145
3917 137
3918 145
3919 195
3920 142
3921 171
3922 251
3923 125
3924 131
3925 178
3926 165
3927 152
3928 132
3929 240
3930 132
3931 154
3932 141
3933 175
3934 156
3935 183
3936 151
3937 169
3938 157
3939 191
3940 169
3941 164
3942 161
3943 167
3944 139
3945 145
3946 161
3947 231
3948 185
3949 214
3950 168
3951 160
3952 132
3953 159
3954 151
3955 144
3956 165
3957 164
3958 191
3959 164
3960 142
3961 176
3962 211
3963 155
3964 164
3965 204
3966 166
3967 118
3968 216
3969 182
3970 142
3971 178
3972 180
3973 192
3974 161
3975 166
3976 171
3977 136
3978 154
3979 161
3980 127
3981 165
3982 144
3983 152
3984 135
3985 138
3986 197
3987 213
3988 138
3989 158
3990 145
3991 125
3992 162
3993 166
3994 154
3995 93
3996 176
3997 201
3998 143
3999 127
4000 154
4001 194
4002 201
4003 179
4004 131
4005 185
4006 183
4007 257
4008 132
4009 142
4010 202
4011 160
4012 157
4013 167
4014 174
4015 130
4016 125
4017 149
4018 151
4019 161
4020 146
4021 199
4022 191
4023 152
4024 167
4025 174
4026 157
4027 141
4028 158
4029 184
4030 196
4031 152
4032 151
4033 176
4034 194
4035 163
4036 162
4037 168
4038 149
4039 149
4040 121
4041 170
4042 170
4043 136
4044 149
4045 150
4046 186
4047 163
4048 149
4049 197
4050 139
4051 178
4052 201
4053 149
4054 148
4055 165
4056 129
4057 188
4058 159
4059 172
4060 161
4061 147
4062 204
4063 138
4064 187
4065 166
4066 151
4067 145
4068 166
4069 203
4070 228
4071 188
4072 144
4073 142
4074 153
4075 164
4076 172
4077 188
4078 148
4079 144
4080 189
4081 174
4082 144
4083 160
4084 153
4085 145
4086 149
4087 147
4088 211
4089 178
4090 164
4091 177
4092 213
4093 145
4094 154
4095 168
4096 182
4097 184
4098 186
4099 179
4100 147
4101 158
4102 90
4103 182
4104 149
4105 174
4106 143
4107 175
4108 153
4109 161
4110 127
4111 121
4112 182
4113 164
4114 70
4115 196
4116 166
4117 121
4118 166
4119 165
4120 144
4121 103
4122 189
4123 178
4124 119
4125 112
4126 195
4127 187
4128 97
4129 189
4130 152
4131 144
4132 177
4133 201
4134 108
4135 148
4136 165
4137 155
4138 153
4139 156
4140 142
4141 170
4142 144
4143 185
4144 134
4145 132
4146 181
4147 144
4148 92
4149 133
4150 168
4151 147
4152 167
4153 191
4154 167
4155 172
4156 170
4157 111
4158 180
4159 194
4160 168
4161 143
4162 114
4163 191
4164 223
4165 180
4166 177
4167 126
4168 163
4169 166
4170 147
4171 203
4172 124
4173 204
4174 191
4175 157
4176 148
4177 156
4178 156
4179 116
4180 190
4181 174
4182 87
4183 144
4184 148
4185 138
4186 176
4187 186
4188 167
4189 196
4190 172
4191 150
4192 183
4193 178
4194 191
4195 201
4196 158
4197 131
4198 129
4199 153
4200 187
4201 177
4202 180
4203 188
4204 159
4205 138
4206 174
4207 157
4208 135
4209 182
4210 164
4211 184
4212 157
4213 214
4214 156
4215 169
4216 161
4217 158
4218 148
4219 172
4220 123
4221 158
4222 148
4223 172
4224 156
4225 174
4226 137
4227 173
4228 192
4229 200
4230 141
4231 184
4232 140
4233 147
4234 229
4235 182
4236 230
4237 162
4238 150
4239 160
4240 134
4241 191
4242 147
4243 146
4244 195
4245 143
4246 144
4247 163
4248 171
4249 191
4250 162
4251 162
4252 190
4253 155
4254 221
4255 105
4256 152
4257 138
4258 146
4259 175
4260 152
4261 141
4262 162
4263 145
4264 214
4265 150
4266 119
4267 152
4268 145
4269 91
4270 142
4271 186
4272 161
4273 159
4274 135
4275 164
4276 187
4277 146
4278 221
4279 144
4280 186
4281 142
4282 148
4283 178
4284 92
4285 172
4286 172
4287 130
4288 187
4289 143
4290 147
4291 159
4292 195
4293 150
4294 146
4295 162
4296 165
4297 148
4298 151
4299 157
4300 148
4301 176
4302 190
4303 133
4304 155
4305 102
4306 173
4307 166
4308 191
4309 164
4310 190
4311 163
4312 154
4313 172
4314 184
4315 195
4316 154
4317 212
4318 128
4319 174
4320 169
4321 160
4322 141
4323 185
4324 154
4325 176
4326 166
4327 174
4328 169
4329 145
4330 172
4331 164
4332 116
4333 193
4334 171
4335 188
4336 164
4337 153
4338 224
4339 150
4340 127
4341 182
4342 232
4343 139
4344 173
4345 130
4346 145
4347 143
4348 140
4349 188
4350 159
4351 156
4352 194
4353 116
4354 164
4355 164
4356 179
4357 129
4358 183
4359 164
4360 161
4361 184
4362 148
4363 188
4364 130
4365 135
4366 127
4367 179
4368 190
4369 104
4370 139
4371 171
4372 171
4373 156
4374 169
4375 155
4376 204
4377 222
4378 124
4379 184
4380 151
4381 177
4382 155
4383 167
4384 161
4385 133
4386 158
4387 187
4388 143
4389 166
4390 169
4391 159
4392 209
4393 173
4394 173
4395 148
4396 170
4397 164
4398 206
4399 133
4400 139
4401 165
4402 143
4403 210
4404 167
4405 162
4406 99
4407 152
4408 139
4409 165
4410 159
4411 185
4412 151
4413 170
4414 140
4415 141
4416 175
4417 174
4418 182
4419 176
4420 186
4421 144
4422 144
4423 133
4424 144
4425 137
4426 184
4427 172
4428 164
4429 105
4430 154
4431 140
4432 184
4433 160
4434 151
4435 107
4436 202
4437 145
4438 183
4439 169
4440 162
4441 173
4442 129
4443 157
4444 161
4445 162
4446 164
4447 118
4448 158
4449 209
4450 111
4451 172
4452 172
4453 151
4454 136
4455 163
4456 175
4457 191
4458 162
4459 169
4460 172
4461 229
4462 182
4463 136
4464 180
4465 141
4466 192
4467 151
4468 150
4469 148
4470 159
4471 180
4472 164
4473 161
4474 204
4475 150
4476 181
4477 221
4478 167
4479 171
4480 191
4481 166
4482 174
4483 195
4484 136
4485 124
4486 185
4487 166
4488 153
4489 117
4490 171
4491 67
4492 126
4493 147
4494 162
4495 175
4496 159
4497 181
4498 200
4499 128
4500 136
4501 114
4502 189
4503 171
4504 127
4505 106
4506 156
4507 174
4508 201
4509 160
4510 169
4511 160
4512 201
4513 189
4514 96
4515 164
4516 151
4517 180
4518 168
4519 137
4520 156
4521 141
4522 165
4523 151
4524 147
4525 139
4526 160
4527 116
4528 129
4529 155
4530 138
4531 141
4532 144
4533 185
4534 158
4535 147
4536 202
4537 171
4538 195
4539 168
4540 167
4541 179
4542 171
4543 109
4544 159
4545 138
4546 194
4547 178
4548 152
4549 142
4550 195
4551 167
4552 151
4553 169
4554 78
4555 216
4556 175
4557 129
4558 149
4559 146
4560 140
4561 112
4562 145
4563 151
4564 175
4565 198
4566 143
4567 154
4568 142
4569 130
4570 188
4571 161
4572 163
4573 156
4574 95
4575 220
4576 168
4577 123
4578 128
4579 162
4580 188
4581 139
4582 156
4583 131
4584 175
4585 157
4586 140
4587 111
4588 147
4589 154
4590 163
4591 150
4592 157
4593 153
4594 165
4595 167
4596 160
4597 144
4598 166
4599 203
4600 250
4601 107
4602 144
4603 169
4604 156
4605 150
4606 142
4607 152
4608 167
4609 158
4610 156
4611 149
4612 200
4613 192
4614 113
4615 118
4616 137
4617 169
4618 164
4619 170
4620 128
4621 129
4622 94
4623 199
4624 136
4625 195
4626 140
4627 161
4628 154
4629 163
4630 183
4631 146
4632 162
4633 186
4634 219
4635 163
4636 139
4637 190
4638 160
4639 172
4640 219
4641 183
4642 239
4643 183
4644 175
4645 205
4646 216
4647 185
4648 147
4649 158
4650 140
4651 183
4652 144
4653 169
4654 156
4655 108
4656 157
4657 194
4658 184
4659 141
4660 144
4661 200
4662 121
4663 181
4664 162
4665 172
4666 157
4667 144
4668 149
4669 147
4670 172
4671 178
4672 118
4673 184
4674 197
4675 144
4676 139
4677 142
4678 177
4679 161
4680 134
4681 154
4682 100
4683 168
4684 151
4685 157
4686 170
4687 166
4688 162
4689 182
4690 185
4691 152
4692 155
4693 174
4694 137
4695 133
4696 121
4697 180
4698 153
4699 130
4700 167
4701 217
4702 152
4703 111
4704 139
4705 144
4706 143
4707 179
4708 161
4709 194
4710 132
4711 147
4712 140
4713 162
4714 157
4715 156
4716 175
4717 155
4718 166
4719 150
4720 139
4721 191
4722 124
4723 121
4724 185
4725 134
4726 140
4727 168
4728 127
4729 163
4730 119
4731 159
4732 149
4733 160
4734 150
4735 156
4736 151
4737 139
4738 191
4739 179
4740 162
4741 195
4742 175
4743 145
4744 158
4745 163
4746 143
4747 179
4748 177
4749 202
4750 167
4751 124
4752 138
4753 150
4754 126
4755 162
4756 147
4757 127
4758 128
4759 123
4760 152
4761 131
4762 138
4763 181
4764 175
4765 182
4766 142
4767 165
4768 164
4769 143
4770 187
4771 171
4772 188
4773 173
4774 170
4775 201
4776 212
4777 156
4778 139
4779 149
4780 187
4781 153
4782 122
4783 148
4784 177
4785 185
4786 169
4787 156
4788 164
4789 131
4790 138
4791 184
4792 73
4793 159
4794 181
4795 176
4796 149
4797 134
4798 189
4799 166
4800 173
4801 160
4802 156
4803 155
4804 182
4805 144
4806 120
4807 131
4808 193
4809 148
4810 167
4811 161
4812 188
4813 227
4814 191
4815 178
4816 145
4817 144
4818 145
4819 184
4820 157
4821 128
4822 194
4823 140
4824 143
4825 171
4826 153
4827 149
4828 166
4829 169
4830 214
4831 131
4832 158
4833 144
4834 141
4835 153
4836 171
4837 108
4838 167
4839 147
4840 130
4841 157
4842 167
4843 173
4844 172
4845 135
4846 127
4847 197
4848 123
4849 181
4850 183
4851 166
4852 174
4853 164
4854 192
4855 125
4856 167
4857 164
4858 170
4859 173
4860 153
4861 122
4862 126
4863 201
4864 162
4865 148
4866 132
4867 161
4868 151
4869 208
4870 152
4871 122
4872 238
4873 175
4874 153
4875 127
4876 119
4877 207
4878 149
4879 177
4880 174
4881 179
4882 154
4883 172
4884 179
4885 155
4886 171
4887 131
4888 194
4889 160
4890 179
4891 158
4892 160
4893 147
4894 127
4895 135
4896 174
4897 148
4898 178
4899 143
4900 158
4901 175
4902 167
4903 127
4904 171
4905 155
4906 116
4907 148
4908 155
4909 156
4910 71
4911 174
4912 115
4913 196
4914 155
4915 151
4916 118
4917 156
4918 138
4919 152
4920 143
4921 215
4922 148
4923 145
4924 170
4925 158
4926 174
4927 148
4928 185
4929 133
4930 133
4931 147
4932 132
4933 150
4934 146
4935 169
4936 190
4937 141
4938 171
4939 231
4940 141
4941 191
4942 197
4943 184
4944 158
4945 180
4946 200
4947 118
4948 163
4949 147
4950 136
4951 156
4952 203
4953 154
4954 177
4955 133
4956 179
4957 148
4958 175
4959 157
4960 149
4961 165
4962 120
4963 132
4964 126
4965 129
4966 190
4967 166
4968 184
4969 200
4970 153
4971 146
4972 171
4973 175
4974 204
4975 169
4976 178
4977 113
4978 141
4979 139
4980 184
4981 143
4982 229
4983 136
4984 168
4985 152
4986 169
4987 173
4988 140
4989 178
4990 170
4991 194
4992 138
4993 182
4994 180
4995 141
4996 196
4997 146
4998 157
4999 153
5000 139
5001 124
5002 113
5003 132
5004 171
5005 169
5006 169
5007 159
5008 161
5009 170
5010 146
5011 156
5012 171
5013 174
5014 176
5015 113
5016 105
5017 148
5018 205
5019 158
5020 195
5021 174
5022 178
5023 121
5024 139
5025 162
5026 184
5027 119
5028 161
5029 132
5030 187
5031 145
5032 103
5033 164
5034 157
5035 162
5036 142
5037 145
5038 156
5039 156
5040 162
5041 174
5042 139
5043 185
5044 140
5045 163
5046 116
5047 184
5048 152
5049 133
5050 128
5051 136
5052 167
5053 171
5054 149
5055 128
5056 252
5057 130
5058 152
5059 123
5060 141
5061 183
5062 180
5063 181
5064 189
5065 215
5066 196
5067 179
5068 160
5069 169
5070 181
5071 213
5072 197
5073 226
5074 212
5075 184
5076 182
5077 142
5078 210
5079 208
5080 175
5081 213
5082 174
5083 175
5084 110
5085 183
5086 205
5087 128
5088 197
5089 187
5090 165
5091 196
5092 129
5093 191
5094 141
5095 180
5096 206
5097 171
5098 141
5099 160
5100 179
5101 179
5102 205
5103 195
5104 186
5105 116
5106 153
5107 118
5108 136
5109 183
5110 183
5111 145
5112 158
5113 159
5114 138
5115 132
5116 142
5117 182
5118 130
5119 155
5120 133
5121 169
5122 174
5123 177
5124 174
5125 181
5126 169
5127 136
5128 206
5129 146
5130 142
5131 148
5132 173
5133 166
5134 161
5135 162
5136 192
5137 147
5138 177
5139 173
5140 134
5141 143
5142 186
5143 145
5144 187
5145 117
5146 190
5147 152
5148 163
5149 165
5150 156
5151 181
5152 142
5153 144
5154 136
5155 122
5156 151
5157 189
5158 166
5159 180
5160 182
5161 152
5162 164
5163 214
5164 167
5165 154
5166 162
5167 150
5168 176
5169 143
5170 187
5171 168
5172 266
5173 173
5174 173
5175 153
5176 148
5177 183
5178 112
5179 203
5180 172
5181 170
5182 231
5183 207
5184 146
5185 154
5186 183
5187 123
5188 152
5189 179
5190 156
5191 179
5192 237
5193 190
5194 185
5195 146
5196 158
5197 184
5198 178
5199 35
5200 173
5201 175
5202 145
5203 156
5204 190
5205 166
5206 131
5207 154
5208 142
5209 131
5210 153
5211 119
5212 140
5213 147
5214 194
5215 158
5216 161
5217 193
5218 172
5219 171
5220 201
5221 145
5222 153
5223 222
5224 154
5225 162
5226 148
5227 181
5228 218
5229 151
5230 185
5231 157
5232 172
5233 170
5234 168
5235 195
5236 136
5237 165
5238 147
5239 172
5240 198
5241 129
5242 122
5243 158
5244 149
5245 169
5246 155
5247 191
5248 153
5249 163
5250 187
5251 177
5252 161
5253 156
5254 164
5255 183
5256 139
5257 132
5258 236
5259 166
5260 158
5261 155
5262 177
5263 190
5264 191
5265 182
5266 149
5267 138
5268 126
5269 170
5270 157
5271 125
5272 149
5273 172
5274 148
5275 158
5276 153
5277 168
5278 166
5279 212
5280 172
5281 127
5282 162
5283 176
5284 170
5285 141
5286 185
5287 238
5288 163
5289 170
5290 176
5291 186
5292 100
5293 157
5294 164
5295 155
5296 164
5297 163
5298 127
5299 162
5300 132
5301 161
5302 146
5303 185
5304 139
5305 187
5306 168
5307 143
5308 167
5309 141
5310 135
5311 187
5312 164
5313 169
5314 152
5315 215
5316 199
5317 177
5318 192
5319 228
5320 148
5321 146
5322 136
5323 172
5324 220
5325 143
5326 110
5327 126
5328 193
5329 177
5330 178
5331 155
5332 161
5333 158
5334 152
5335 168
5336 192
5337 164
5338 152
5339 181
5340 179
5341 203
5342 185
5343 169
5344 198
5345 188
5346 146
5347 159
5348 212
5349 148
5350 133
5351 158
5352 178
5353 182
5354 123
5355 194
5356 187
5357 145
5358 184
5359 156
5360 179
5361 151
5362 175
5363 173
5364 139
5365 187
5366 178
5367 152
5368 217
5369 129
5370 150
5371 147
5372 155
5373 150
5374 193
5375 161
5376 172
5377 183
5378 135
5379 146
5380 149
5381 186
5382 139
5383 169
5384 156
5385 207
5386 207
5387 130
5388 146
5389 105
5390 160
5391 114
5392 192
5393 171
5394 201
5395 164
5396 140
5397 133
5398 140
5399 246
5400 142
5401 199
5402 151
5403 161
5404 153
5405 158
5406 154
5407 147
5408 167
5409 183
5410 180
5411 186
5412 182
5413 144
5414 142
5415 125
5416 159
5417 180
5418 143
5419 181
5420 127
5421 141
5422 184
5423 174
5424 158
5425 183
5426 157
5427 162
5428 108
5429 136
5430 144
5431 199
5432 179
5433 190
5434 151
5435 139
5436 141
5437 141
5438 134
5439 116
5440 169
5441 155
5442 175
5443 148
5444 162
5445 171
5446 154
5447 166
5448 197
5449 174
5450 203
5451 190
5452 198
5453 173
5454 131
5455 204
5456 154
5457 167
5458 164
5459 196
5460 172
5461 153
5462 136
5463 144
5464 154
5465 103
5466 120
5467 202
5468 143
5469 177
5470 156
5471 164
5472 161
5473 204
5474 188
5475 223
5476 171
5477 225
5478 162
5479 164
5480 164
5481 171
5482 163
5483 123
5484 238
5485 176
5486 171
5487 161
5488 170
5489 123
5490 230
5491 190
5492 172
5493 149
5494 157
5495 131
5496 159
5497 155
5498 154
5499 144
5500 120
5501 166
5502 133
5503 176
5504 153
5505 166
5506 160
5507 197
5508 162
5509 167
5510 156
5511 167
5512 163
5513 130
5514 185
5515 178
5516 172
5517 168
5518 188
5519 153
5520 170
5521 161
5522 143
5523 166
5524 148
5525 162
5526 153
5527 181
5528 175
5529 138
5530 168
5531 144
5532 133
5533 160
5534 173
5535 144
5536 123
5537 164
5538 162
5539 177
5540 172
5541 150
5542 175
5543 160
5544 141
5545 202
5546 190
5547 174
5548 176
5549 164
5550 181
5551 129
5552 164
5553 183
5554 147
5555 190
5556 104
5557 164
5558 212
5559 152
5560 166
5561 151
5562 180
5563 167
5564 115
5565 142
5566 144
5567 135
5568 225
5569 149
5570 151
5571 153
5572 179
5573 237
5574 148
5575 133
5576 162
5577 144
5578 127
5579 158
5580 175
5581 117
5582 160
5583 149
5584 148
5585 144
5586 181
5587 151
5588 163
5589 145
5590 155
5591 167
5592 145
5593 131
5594 185
5595 138
5596 153
5597 167
5598 160
5599 179
5600 155
5601 135
5602 165
5603 146
5604 170
5605 146
5606 139
5607 157
5608 152
5609 149
5610 157
5611 127
5612 162
5613 184
5614 130
5615 140
5616 154
5617 195
5618 174
5619 152
5620 158
5621 193
5622 160
5623 179
5624 218
5625 139
5626 176
5627 154
5628 127
5629 193
5630 123
5631 159
5632 122
5633 166
5634 159
5635 154
5636 160
5637 162
5638 136
5639 164
5640 169
5641 195
5642 169
5643 146
5644 195
5645 159
5646 158
5647 203
5648 119
5649 156
5650 162
5651 179
5652 169
5653 187
5654 176
5655 0
5656 166
5657 255
5658 168
5659 143
5660 146
5661 214
5662 153
5663 118
5664 187
5665 234
5666 158
5667 176
5668 145
5669 174
5670 150
5671 174
5672 114
5673 199
5674 147
5675 180
5676 160
5677 162
5678 138
5679 144
5680 184
5681 151
5682 167
5683 178
5684 242
5685 187
5686 183
5687 141
5688 179
5689 170
5690 155
5691 183
5692 169
5693 199
5694 153
5695 126
5696 164
5697 159
5698 184
5699 140
5700 157
5701 164
5702 159
5703 186
5704 148
5705 189
5706 143
5707 118
5708 154
5709 144
5710 185
5711 122
5712 152
5713 105
5714 142
5715 106
5716 114
5717 160
5718 138
5719 156
5720 197
5721 159
5722 158
5723 124
5724 145
5725 157
5726 161
5727 160
5728 177
5729 168
5730 160
5731 133
5732 180
5733 182
5734 153
5735 140
5736 129
5737 158
5738 144
5739 182
5740 130
5741 181
5742 142
5743 130
5744 145
5745 187
5746 135
5747 185
5748 181
5749 148
5750 164
5751 147
5752 158
5753 145
5754 134
5755 167
5756 193
5757 201
5758 152
5759 167
5760 201
5761 184
5762 166
5763 204
5764 161
5765 164
5766 177
5767 129
5768 164
5769 161
5770 112
5771 124
5772 165
5773 179
5774 142
5775 143
5776 224
5777 207
5778 179
5779 163
5780 196
5781 206
5782 189
5783 187
5784 152
5785 175
5786 170
5787 176
5788 208
5789 155
5790 146
5791 185
5792 196
5793 185
5794 109
5795 143
5796 176
5797 161
5798 145
5799 112
5800 131
5801 160
5802 213
5803 160
5804 122
5805 164
5806 138
5807 210
5808 110
5809 144
5810 162
5811 181
5812 154
5813 155
5814 151
5815 185
5816 161
5817 191
5818 182
5819 167
5820 136
5821 175
5822 158
5823 170
5824 127
5825 129
5826 134
5827 108
5828 178
5829 127
5830 132
5831 146
5832 142
5833 151
5834 131
5835 157
5836 172
5837 150
5838 179
5839 156
5840 94
5841 161
5842 182
5843 138
5844 131
5845 189
5846 158
5847 136
5848 195
5849 103
5850 168
5851 146
5852 151
5853 121
5854 143
5855 159
5856 169
5857 131
5858 150
5859 172
5860 117
5861 181
5862 173
5863 147
5864 182
5865 138
5866 172
5867 189
5868 162
5869 158
5870 159
5871 196
5872 182
5873 167
5874 188
5875 189
5876 191
5877 136
5878 161
5879 134
5880 163
5881 141
5882 214
5883 165
5884 155
5885 187
5886 157
5887 158
5888 153
5889 160
5890 141
5891 152
5892 125
5893 155
5894 171
5895 219
5896 122
5897 145
5898 117
5899 171
5900 172
5901 172
5902 234
5903 166
5904 207
5905 129
5906 165
5907 141
5908 158
5909 135
5910 181
5911 208
5912 166
5913 187
5914 121
5915 174
5916 135
5917 172
5918 145
5919 190
5920 150
5921 214
5922 158
5923 168
5924 141
5925 179
5926 159
5927 150
5928 127
5929 166
5930 193
5931 169
5932 136
5933 175
5934 186
5935 212
5936 141
5937 145
5938 169
5939 190
5940 175
5941 146
5942 160
5943 142
5944 145
5945 200
5946 117
5947 149
5948 140
5949 162
5950 141
5951 150
5952 197
5953 153
5954 128
5955 183
5956 0
5957 196
5958 128
5959 194
5960 165
5961 139
5962 177
5963 167
5964 177
5965 193
5966 179
5967 157
5968 173
5969 156
5970 173
5971 147
5972 125
5973 124
5974 182
5975 147
5976 172
5977 180
5978 179
5979 158
5980 167
5981 114
5982 162
5983 170
5984 151
5985 154
5986 156
5987 156
5988 153
5989 202
5990 134
5991 147
5992 166
5993 157
5994 192
5995 134
5996 184
5997 182
5998 184
5999 183
6000 171
6001 178
6002 197
6003 161
6004 156
6005 157
6006 143
6007 152
6008 147
6009 152
6010 102
6011 134
6012 116
6013 257
6014 160
6015 144
6016 206
6017 160
6018 167
6019 156
6020 153
6021 178
6022 130
6023 143
6024 122
6025 205
6026 140
6027 194
6028 134
6029 155
6030 238
6031 176
6032 187
6033 200
6034 195
6035 209
6036 156
6037 161
6038 145
6039 133
6040 133
6041 156
6042 90
6043 201
6044 170
6045 164
6046 165
6047 180
6048 163
6049 134
6050 136
6051 151
6052 176
6053 143
6054 178
6055 201
6056 147
6057 156
6058 182
6059 155
6060 163
6061 142
6062 206
6063 166
6064 179
6065 164
6066 158
6067 131
6068 153
6069 150
6070 130
6071 160
6072 194
6073 130
6074 151
6075 168
6076 146
6077 194
6078 141
6079 175
6080 134
6081 162
6082 155
6083 170
6084 133
6085 150
6086 170
6087 176
6088 161
6089 180
6090 194
6091 171
6092 126
6093 158
6094 215
6095 157
6096 197
6097 157
6098 147
6099 162
6100 201
6101 132
6102 173
6103 102
6104 157
6105 193
6106 175
6107 140
6108 107
6109 140
6110 139
6111 216
6112 178
6113 158
6114 190
6115 134
6116 151
6117 154
6118 135
6119 177
6120 174
6121 174
6122 142
6123 152
6124 158
6125 167
6126 186
6127 131
6128 191
6129 153
6130 163
6131 172
6132 214
6133 174
6134 163
6135 170
6136 187
6137 208
6138 179
6139 181
6140 146
6141 121
6142 118
6143 167
6144 135
6145 176
6146 167
6147 158
6148 174
6149 201
6150 187
6151 159
6152 219
6153 140
6154 140
6155 183
6156 153
6157 132
6158 183
6159 129
6160 104
6161 193
6162 174
6163 196
6164 142
6165 195
6166 171
6167 145
6168 148
6169 171
6170 138
6171 212
6172 147
6173 144
6174 161
6175 144
6176 207
6177 171
6178 152
6179 177
6180 176
6181 154
6182 201
6183 168
6184 144
6185 170
6186 158
6187 150
6188 123
6189 169
6190 162
6191 131
6192 172
6193 165
6194 154
6195 138
6196 193
6197 168
6198 149
6199 147
6200 180
6201 230
6202 219
6203 133
6204 219
6205 191
6206 169
6207 184
6208 176
6209 137
6210 76
6211 153
6212 161
6213 152
6214 144
6215 209
6216 103
6217 170
6218 177
6219 160
6220 155
6221 172
6222 110
6223 138
6224 181
6225 129
6226 238
6227 173
6228 192
6229 158
6230 176
6231 156
6232 159
6233 86
6234 209
6235 159
6236 174
6237 194
6238 151
6239 135
6240 178
6241 182
6242 45
6243 228
6244 202
6245 151
6246 165
6247 186
6248 150
6249 137
6250 146
6251 155
6252 182
6253 181
6254 220
6255 135
6256 180
6257 26
6258 155
6259 162
6260 160
6261 189
6262 160
6263 198
6264 155
6265 178
6266 170
6267 146
6268 185
6269 144
6270 184
6271 161
6272 155
6273 180
6274 154
6275 150
6276 171
6277 151
6278 218
6279 141
6280 162
6281 198
6282 189
6283 123
6284 176
6285 156
6286 157
6287 169
6288 163
6289 163
6290 183
6291 148
6292 168
6293 172
6294 154
6295 167
6296 147
6297 142
6298 148
6299 191
6300 195
6301 144
6302 153
6303 147
6304 144
6305 163
6306 168
6307 134
6308 227
6309 145
6310 164
6311 146
6312 200
6313 156
6314 151
6315 186
6316 115
6317 166
6318 184
6319 197
6320 107
6321 208
6322 150
6323 179
6324 148
6325 170
6326 153
6327 154
6328 201
6329 159
6330 167
6331 183
6332 189
6333 162
6334 175
6335 177
6336 117
6337 131
6338 196
6339 162
6340 170
6341 155
6342 161
6343 185
6344 115
6345 151
6346 237
6347 141
6348 183
6349 168
6350 191
6351 150
6352 158
6353 156
6354 185
6355 173
6356 131
6357 100
6358 104
6359 155
6360 207
6361 155
6362 206
6363 157
6364 119
6365 202
6366 110
6367 183
6368 155
6369 223
6370 157
6371 172
6372 130
6373 161
6374 145
6375 146
6376 147
6377 178
6378 95
6379 138
6380 188
6381 141
6382 183
6383 172
6384 195
6385 166
6386 159
6387 170
6388 203
6389 149
6390 149
6391 180
6392 163
6393 167
6394 147
6395 119
6396 149
6397 143
6398 146
6399 154
6400 129
6401 157
6402 134
6403 147
6404 198
6405 158
6406 173
6407 193
6408 172
6409 140
6410 155
6411 144
6412 193
6413 167
6414 164
6415 165
6416 165
6417 166
6418 193
6419 100
6420 189
6421 130
6422 139
6423 194
6424 205
6425 173
6426 124
6427 150
6428 220
6429 155
6430 166
6431 163
6432 155
6433 192
6434 167
6435 135
6436 151
6437 154
6438 106
6439 169
6440 171
6441 167
6442 162
6443 151
6444 153
6445 153
6446 158
6447 186
6448 173
6449 166
6450 166
6451 175
6452 176
6453 144
6454 224
6455 137
6456 161
6457 204
6458 105
6459 118
6460 164
6461 188
6462 159
6463 199
6464 150
6465 173
6466 124
6467 152
6468 148
6469 173
6470 169
6471 148
6472 108
6473 177
6474 149
6475 220
6476 144
6477 189
6478 153
6479 163
6480 145
6481 145
6482 160
6483 145
6484 159
6485 170
6486 115
6487 164
6488 153
6489 161
6490 168
6491 164
6492 184
6493 159
6494 153
6495 170
6496 148
6497 171
6498 129
6499 179
6500 77
6501 194
6502 158
6503 159
6504 150
6505 129
6506 0
6507 172
6508 175
6509 116
6510 152
6511 156
6512 161
6513 122
6514 158
6515 190
6516 164
6517 128
6518 113
6519 158
6520 175
6521 117
6522 167
6523 181
6524 147
6525 131
6526 160
6527 181
6528 204
6529 107
6530 186
6531 179
6532 186
6533 73
6534 188
6535 166
6536 185
6537 129
6538 147
6539 145
6540 126
6541 140
6542 122
6543 151
6544 159
6545 169
6546 57
6547 185
6548 148
6549 137
6550 141
6551 139
6552 161
6553 153
6554 164
6555 196
6556 168
6557 168
6558 186
6559 146
6560 125
6561 130
6562 128
6563 170
6564 158
6565 186
6566 151
6567 135
6568 156
6569 180
6570 172
6571 185
6572 149
6573 155
6574 161
6575 165
6576 153
6577 197
6578 185
6579 137
6580 159
6581 176
6582 152
6583 201
6584 184
6585 119
6586 154
6587 204
6588 126
6589 192
6590 177
6591 142
6592 204
6593 172
6594 170
6595 187
6596 134
6597 164
6598 144
6599 186
6600 155
6601 141
6602 163
6603 141
6604 149
6605 120
6606 167
6607 136
6608 184
6609 149
6610 196
6611 154
6612 174
6613 106
6614 212
6615 157
6616 184
6617 155
6618 153
6619 153
6620 107
6621 137
6622 207
6623 184
6624 154
6625 160
6626 171
6627 184
6628 198
6629 162
6630 204
6631 155
6632 165
6633 196
6634 124
6635 134
6636 117
6637 132
6638 194
6639 165
6640 222
6641 179
6642 192
6643 194
6644 147
6645 172
6646 149
6647 135
6648 138
6649 121
6650 112
6651 159
6652 83
6653 145
6654 175
6655 155
6656 193
6657 199
6658 185
6659 54
6660 130
6661 156
6662 148
6663 157
6664 178
6665 173
6666 157
6667 183
6668 139
6669 182
6670 157
6671 170
6672 161
6673 179
6674 183
6675 150
6676 192
6677 141
6678 198
6679 181
6680 185
6681 152
6682 145
6683 227
6684 253
6685 138
6686 180
6687 162
6688 178
6689 198
6690 92
6691 166
6692 152
6693 147
6694 160
6695 166
6696 181
6697 192
6698 190
6699 172
6700 129
6701 179
6702 205
6703 220
6704 197
6705 133
6706 131
6707 177
6708 147
6709 121
6710 116
6711 157
6712 128
6713 169
6714 130
6715 164
6716 183
6717 148
6718 200
6719 139
6720 147
6721 195
6722 167
6723 198
6724 143
6725 135
6726 190
6727 168
6728 134
6729 157
6730 163
6731 144
6732 148
6733 195
6734 162
6735 118
6736 169
6737 145
6738 164
6739 159
6740 214
6741 160
6742 159
6743 157
6744 213
6745 135
6746 203
6747 100
6748 158
6749 160
6750 195
6751 198
6752 132
6753 148
6754 146
6755 147
6756 147
6757 185
6758 188
6759 141
6760 186
6761 161
6762 128
6763 144
6764 174
6765 163
6766 132
6767 132
6768 161
6769 157
6770 164
6771 182
6772 191
6773 167
6774 165
6775 148
6776 169
6777 70
6778 155
6779 183
6780 152
6781 150
6782 149
6783 150
6784 170
6785 133
6786 133
6787 162
6788 167
6789 159
6790 181
6791 162
6792 164
6793 202
6794 178
6795 192
6796 139
6797 166
6798 206
6799 166
6800 175
6801 144
6802 153
6803 137
6804 156
6805 141
6806 160
6807 179
6808 132
6809 174
6810 76
6811 150
6812 176
6813 168
6814 148
6815 157
6816 170
6817 153
6818 217
6819 130
6820 145
6821 235
6822 134
6823 158
6824 168
6825 183
6826 143
6827 158
6828 178
6829 200
6830 117
6831 179
6832 150
6833 153
6834 132
6835 161
6836 160
6837 173
6838 148
6839 75
6840 161
6841 167
6842 136
6843 163
6844 151
6845 164
6846 164
6847 156
6848 98
6849 155
6850 166
6851 222
6852 130
6853 175
6854 166
6855 153
6856 197
6857 168
6858 157
6859 191
6860 145
6861 135
6862 202
6863 193
6864 170
6865 174
6866 143
6867 171
6868 157
6869 166
6870 125
6871 111
6872 154
6873 176
6874 130
6875 156
6876 173
6877 196
6878 209
6879 174
6880 126
6881 166
6882 165
6883 154
6884 83
6885 154
6886 136
6887 207
6888 146
6889 176
6890 158
6891 142
6892 144
6893 119
6894 189
6895 223
6896 127
6897 173
6898 140
6899 172
6900 130
6901 103
6902 120
6903 185
6904 147
6905 149
6906 153
6907 102
6908 194
6909 139
6910 175
6911 142
6912 141
6913 193
6914 120
6915 195
6916 111
6917 166
6918 195
6919 154
6920 190
6921 137
6922 154
6923 137
6924 145
6925 182
6926 141
6927 171
6928 163
6929 168
6930 156
6931 203
6932 139
6933 85
6934 158
6935 179
6936 178
6937 133
6938 173
6939 178
6940 165
6941 149
6942 184
6943 145
6944 138
6945 123
6946 185
6947 163
6948 166
6949 161
6950 141
6951 165
6952 155
6953 124
6954 153
6955 148
6956 144
6957 121
6958 186
6959 175
6960 157
6961 170
6962 160
6963 137
6964 120
6965 213
6966 0
6967 198
6968 143
6969 206
6970 222
6971 113
6972 158
6973 105
6974 141
6975 166
6976 153
6977 171
6978 157
6979 233
6980 144
6981 159
6982 154
6983 135
6984 238
6985 169
6986 135
6987 113
6988 135
6989 149
6990 186
6991 166
6992 174
6993 157
6994 211
6995 173
6996 101
6997 156
6998 151
6999 185
7000 219
7001 178
7002 178
7003 61
7004 146
7005 158
7006 158
7007 196
7008 153
7009 137
7010 129
7011 208
7012 203
7013 175
7014 166
7015 171
7016 177
7017 123
7018 232
7019 135
7020 131
7021 173
7022 141
7023 152
7024 153
7025 182
7026 212
7027 110
7028 153
7029 174
7030 166
7031 186
7032 158
7033 160
7034 157
7035 148
7036 162
7037 166
7038 111
7039 147
7040 175
7041 213
7042 198
7043 154
7044 156
7045 183
7046 146
7047 167
7048 167
7049 111
7050 130
7051 131
7052 130
7053 207
7054 170
7055 170
7056 180
7057 153
7058 150
7059 102
7060 132
7061 154
7062 167
7063 220
7064 169
7065 161
7066 150
7067 170
7068 127
7069 191
7070 169
7071 152
7072 185
7073 118
7074 153
7075 135
7076 115
7077 170
7078 174
7079 148
7080 173
7081 131
7082 135
7083 161
7084 170
7085 210
7086 160
7087 197
7088 165
7089 120
7090 147
7091 179
7092 191
7093 155
7094 160
7095 168
7096 161
7097 174
7098 166
7099 162
7100 162
7101 159
7102 138
7103 135
7104 155
7105 130
7106 167
7107 212
7108 139
7109 175
7110 169
7111 139
7112 149
7113 192
7114 149
7115 178
7116 158
7117 127
7118 172
7119 138
7120 171
7121 142
7122 160
7123 171
7124 176
7125 170
7126 159
7127 126
7128 156
7129 135
7130 173
7131 139
7132 215
7133 201
7134 150
7135 139
7136 174
7137 107
7138 141
7139 144
7140 191
7141 186
7142 119
7143 163
7144 187
7145 162
7146 154
7147 136
7148 166
7149 177
7150 156
7151 135
7152 172
7153 183
7154 173
7155 178
7156 144
7157 132
7158 175
7159 175
7160 172
7161 155
7162 193
7163 205
7164 151
7165 147
7166 158
7167 77
7168 186
7169 122
7170 156
7171 151
7172 169
7173 169
7174 155
7175 176
7176 158
7177 101
7178 173
7179 160
7180 185
7181 139
7182 164
7183 142
7184 168
7185 158
7186 200
7187 156
7188 159
7189 137
7190 188
7191 161
7192 154
7193 166
7194 103
7195 144
7196 83
7197 170
7198 149
7199 118
7200 187
7201 159
7202 145
7203 147
7204 141
7205 160
7206 184
7207 168
7208 145
7209 150
7210 142
7211 165
7212 158
7213 192
7214 154
7215 188
7216 174
7217 162
7218 175
7219 189
7220 141
7221 197
7222 169
7223 172
7224 198
7225 171
7226 186
7227 172
7228 165
7229 137
7230 154
7231 182
7232 154
7233 165
7234 174
7235 178
7236 172
7237 165
7238 166
7239 146
7240 149
7241 273
7242 148
7243 168
7244 157
7245 156
7246 165
7247 165
7248 186
7249 182
7250 199
7251 144
7252 184
7253 170
7254 155
7255 145
7256 206
7257 173
7258 148
7259 158
7260 157
7261 126
7262 152
7263 167
7264 186
7265 164
7266 197
7267 168
7268 191
7269 198
7270 178
7271 161
7272 146
7273 148
7274 136
7275 140
7276 147
7277 184
7278 122
7279 157
7280 161
7281 171
7282 176
7283 115
7284 142
7285 156
7286 178
7287 176
7288 177
7289 146
7290 160
7291 197
7292 141
7293 168
7294 158
7295 138
7296 109
7297 173
7298 134
7299 171
7300 158
7301 150
7302 155
7303 146
7304 153
7305 174
7306 164
7307 180
7308 176
7309 165
7310 157
7311 102
7312 157
7313 186
7314 174
7315 173
7316 167
7317 168
7318 130
7319 167
7320 150
7321 154
7322 136
7323 160
7324 197
7325 141
7326 222
7327 200
7328 175
7329 155
7330 184
7331 154
7332 178
7333 185
7334 169
7335 159
7336 177
7337 178
7338 188
7339 165
7340 181
7341 147
7342 159
7343 152
7344 134
7345 207
7346 161
7347 146
7348 156
7349 140
7350 167
7351 163
7352 155
7353 200
7354 173
7355 161
7356 205
7357 173
7358 178
7359 162
7360 190
7361 187
7362 103
7363 137
7364 194
7365 159
7366 181
7367 178
7368 147
7369 152
7370 139
7371 112
7372 164
7373 169
7374 186
7375 249
7376 158
7377 136
7378 149
7379 152
7380 183
7381 167
7382 163
7383 164
7384 130
7385 139
7386 141
7387 198
7388 233
7389 177
7390 163
7391 214
7392 142
7393 135
7394 186
7395 160
7396 159
7397 154
7398 136
7399 147
7400 144
7401 189
7402 114
7403 145
7404 154
7405 112
7406 147
7407 153
7408 184
7409 166
7410 156
7411 152
7412 183
7413 178
7414 148
7415 145
7416 125
7417 175
7418 169
7419 159
7420 159
7421 169
7422 198
7423 153
7424 173
7425 171
7426 143
7427 112
7428 157
7429 204
7430 185
7431 162
7432 124
7433 193
7434 198
7435 163
7436 170
7437 141
7438 115
7439 166
7440 177
7441 207
7442 200
7443 163
7444 159
7445 172
7446 174
7447 163
7448 173
7449 166
7450 170
7451 142
7452 209
7453 175
7454 189
7455 135
7456 213
7457 155
7458 181
7459 163
7460 153
7461 114
7462 188
7463 161
7464 150
7465 194
7466 158
7467 175
7468 114
7469 168
7470 184
7471 190
7472 169
7473 182
7474 164
7475 160
7476 147
7477 140
7478 193
7479 188
7480 190
7481 171
7482 141
7483 176
7484 189
7485 157
7486 136
7487 160
7488 169
7489 176
7490 135
7491 182
7492 143
7493 131
7494 186
7495 172
7496 180
7497 161
7498 152
7499 119
7500 157
7501 178
7502 131
7503 185
7504 117
7505 147
7506 158
7507 155
7508 200
7509 150
7510 171
7511 162
7512 161
7513 185
7514 117
7515 152
7516 129
7517 173
7518 191
7519 161
7520 182
7521 141
7522 169
7523 170
7524 217
7525 138
7526 173
7527 151
7528 162
7529 162
7530 160
7531 153
7532 192
7533 204
7534 158
7535 162
7536 181
7537 165
7538 192
7539 161
7540 144
7541 104
7542 173
7543 176
7544 156
7545 149
7546 166
7547 189
7548 145
7549 152
7550 168
7551 148
7552 158
7553 160
7554 154
7555 172
7556 204
7557 174
7558 204
7559 157
7560 147
7561 156
7562 197
7563 171
7564 130
7565 178
7566 91
7567 182
7568 160
7569 173
7570 146
7571 151
7572 194
7573 199
7574 154
7575 106
7576 146
7577 144
7578 133
7579 159
7580 191
7581 160
7582 181
7583 158
7584 130
7585 210
7586 155
7587 152
7588 194
7589 160
7590 138
7591 154
7592 165
7593 162
7594 180
7595 157
7596 146
7597 174
7598 211
7599 180
7600 166
7601 196
7602 240
7603 168
7604 178
7605 122
7606 180
7607 158
7608 157
7609 182
7610 197
7611 141
7612 186
7613 102
7614 239
7615 163
7616 163
7617 177
7618 162
7619 114
7620 167
7621 178
7622 168
7623 154
7624 130
7625 142
7626 181
7627 168
7628 157
7629 210
7630 182
7631 239
7632 122
7633 177
7634 177
7635 168
7636 132
7637 145
7638 134
7639 183
7640 142
7641 130
7642 111
7643 162
7644 167
7645 193
7646 173
7647 135
7648 177
7649 134
7650 193
7651 155
7652 155
7653 161
7654 177
7655 188
7656 144
7657 187
7658 124
7659 196
7660 177
7661 167
7662 167
7663 138
7664 152
7665 161
7666 148
7667 137
7668 167
7669 147
7670 167
7671 218
7672 129
7673 92
7674 170
7675 135
7676 163
7677 161
7678 137
7679 186
7680 175
7681 144
7682 178
7683 191
7684 158
7685 144
7686 144
7687 184
7688 130
7689 158
7690 139
7691 149
7692 168
7693 150
7694 170
7695 160
7696 134
7697 194
7698 151
7699 140
7700 174
7701 133
7702 146
7703 160
7704 159
7705 110
7706 140
7707 112
7708 158
7709 162
7710 167
7711 159
7712 159
7713 171
7714 183
7715 191
7716 190
7717 182
7718 165
7719 207
7720 141
7721 122
7722 149
7723 191
7724 165
7725 130
7726 162
7727 165
7728 137
7729 217
7730 153
7731 193
7732 149
7733 164
7734 152
7735 180
7736 192
7737 140
7738 138
7739 198
7740 131
7741 165
7742 140
7743 154
7744 150
7745 152
7746 148
7747 178
7748 158
7749 134
7750 119
7751 164
7752 175
7753 111
7754 153
7755 162
7756 98
7757 205
7758 170
7759 152
7760 118
7761 193
7762 172
7763 149
7764 175
7765 152
7766 137
7767 235
7768 188
7769 147
7770 142
7771 155
7772 175
7773 174
7774 187
7775 156
7776 210
7777 156
7778 177
7779 120
7780 140
7781 106
7782 192
7783 182
7784 163
7785 182
7786 168
7787 154
7788 169
7789 186
7790 171
7791 97
7792 191
7793 143
7794 195
7795 197
7796 157
7797 182
7798 113
7799 149
7800 166
7801 124
7802 215
7803 170
7804 158
7805 152
7806 171
7807 130
7808 163
7809 217
7810 202
7811 190
7812 176
7813 225
7814 242
7815 157
7816 154
7817 167
7818 171
7819 199
7820 112
7821 159
7822 174
7823 158
7824 151
7825 170
7826 157
7827 167
7828 163
7829 186
7830 177
7831 160
7832 176
7833 135
7834 171
7835 151
7836 202
7837 188
7838 186
7839 190
7840 149
7841 167
7842 163
7843 199
7844 188
7845 127
7846 148
7847 149
7848 179
7849 182
7850 158
7851 171
7852 194
7853 185
7854 198
7855 173
7856 126
7857 74
7858 169
7859 148
7860 175
7861 125
7862 164
7863 145
7864 127
7865 113
7866 180
7867 166
7868 166
7869 210
7870 156
7871 139
7872 158
7873 226
7874 140
7875 191
7876 153
7877 208
7878 128
7879 152
7880 154
7881 146
7882 169
7883 193
7884 158
7885 174
7886 217
7887 110
7888 176
7889 148
7890 166
7891 170
7892 159
7893 139
7894 167
7895 161
7896 179
7897 139
7898 146
7899 120
7900 145
7901 141
7902 133
7903 180
7904 145
7905 116
7906 147
7907 141
7908 145
7909 146
7910 166
7911 161
7912 172
7913 168
7914 207
7915 193
7916 149
7917 161
7918 147
7919 143
7920 166
7921 185
7922 204
7923 148
7924 149
7925 183
7926 171
7927 132
7928 181
7929 210
7930 188
7931 172
7932 145
7933 140
7934 136
7935 174
7936 143
7937 142
7938 122
7939 175
7940 145
7941 148
7942 93
7943 150
7944 128
7945 192
7946 209
7947 177
7948 156
7949 170
7950 146
7951 184
7952 120
7953 133
7954 212
7955 174
7956 174
7957 153
7958 168
7959 136
7960 180
7961 158
7962 204
7963 100
7964 173
7965 172
7966 140
7967 166
7968 144
7969 150
7970 172
7971 180
7972 132
7973 172
7974 185
7975 180
7976 191
7977 172
7978 213
7979 172
7980 159
7981 163
7982 175
7983 192
7984 150
7985 190
7986 166
7987 151
7988 142
7989 120
7990 119
7991 197
7992 168
7993 195
7994 133
7995 123
7996 155
7997 159
7998 165
7999 160
8000 170
8001 198
8002 155
8003 190
8004 141
8005 176
8006 214
8007 194
8008 174
8009 161
8010 165
8011 131
8012 159
8013 157
8014 141
8015 195
8016 160
8017 146
8018 139
8019 114
8020 160
8021 178
8022 118
8023 196
8024 76
8025 160
8026 158
8027 157
8028 140
8029 145
8030 153
8031 187
8032 154
8033 174
8034 143
8035 121
8036 160
8037 116
8038 195
8039 155
8040 151
8041 185
8042 140
8043 155
8044 176
8045 196
8046 54
8047 158
8048 169
8049 158
8050 137
8051 162
8052 153
8053 183
8054 128
8055 148
8056 157
8057 180
8058 110
8059 130
8060 147
8061 165
8062 163
8063 197
8064 147
8065 163
8066 144
8067 151
8068 169
8069 155
8070 128
8071 158
8072 163
8073 116
8074 226
8075 139
8076 152
8077 181
8078 169
8079 151
8080 187
8081 182
8082 130
8083 152
8084 216
8085 177
8086 162
8087 176
8088 195
8089 181
8090 138
8091 192
8092 177
8093 148
8094 154
8095 160
8096 136
8097 147
8098 124
8099 132
8100 177
8101 165
8102 153
8103 165
8104 116
8105 119
8106 172
8107 180
8108 185
8109 178
8110 172
8111 153
8112 143
8113 210
8114 134
8115 167
8116 178
8117 122
8118 185
8119 178
8120 182
8121 148
8122 141
8123 139
8124 182
8125 176
8126 128
8127 127
8128 181
8129 149
8130 128
8131 89
8132 186
8133 152
8134 149
8135 166
8136 143
8137 170
8138 182
8139 209
8140 171
8141 131
8142 157
8143 148
8144 126
8145 157
8146 197
8147 174
8148 156
8149 149
8150 187
8151 139
8152 200
8153 148
8154 195
8155 102
8156 154
8157 180
8158 145
8159 166
8160 166
8161 151
8162 169
8163 161
8164 205
8165 172
8166 189
8167 186
8168 133
8169 177
8170 138
8171 176
8172 163
8173 140
8174 195
8175 198
8176 164
8177 140
8178 155
8179 173
8180 186
8181 175
8182 175
8183 147
8184 161
8185 160
8186 155
8187 176
8188 231
8189 221
8190 180
8191 176
8192 193
8193 172
8194 165
8195 173
8196 140
8197 170
8198 132
8199 152
8200 190
8201 247
8202 168
8203 169
8204 145
8205 114
8206 152
8207 152
8208 151
8209 178
8210 182
8211 157
8212 197
8213 160
8214 182
8215 144
8216 152
8217 161
8218 133
8219 169
8220 159
8221 120
8222 118
8223 179
8224 134
8225 155
8226 150
8227 202
8228 150
8229 157
8230 189
8231 148
8232 127
8233 186
8234 159
8235 141
8236 257
8237 158
8238 202
8239 176
8240 168
8241 168
8242 144
8243 161
8244 175
8245 153
8246 158
8247 172
8248 141
8249 156
8250 158
8251 109
8252 148
8253 190
8254 178
8255 178
8256 161
8257 136
8258 111
8259 150
8260 165
8261 218
8262 142
8263 156
8264 178
8265 147
8266 148
8267 148
8268 212
8269 202
8270 159
8271 209
8272 165
8273 149
8274 203
8275 147
8276 191
8277 146
8278 178
8279 190
8280 200
8281 163
8282 146
8283 135
8284 166
8285 165
8286 143
8287 117
8288 169
8289 138
8290 183
8291 183
8292 98
8293 194
8294 169
8295 180
8296 214
8297 183
8298 148
8299 162
8300 129
8301 140
8302 145
8303 138
8304 200
8305 95
8306 147
8307 171
8308 162
8309 137
8310 211
8311 172
8312 165
8313 165
8314 136
8315 178
8316 179
8317 184
8318 166
8319 186
8320 145
8321 185
8322 148
8323 127
8324 128
8325 178
8326 135
8327 172
8328 173
8329 167
8330 161
8331 173
8332 136
8333 125
8334 157
8335 150
8336 165
8337 151
8338 148
8339 158
8340 0
8341 125
8342 158
8343 154
8344 167
8345 204
8346 159
8347 177
8348 143
8349 124
8350 113
8351 170
8352 152
8353 153
8354 168
8355 158
8356 156
8357 160
8358 156
8359 152
8360 149
8361 213
8362 130
8363 202
8364 118
8365 126
8366 178
8367 187
8368 136
8369 189
8370 169
8371 129
8372 155
8373 134
8374 176
8375 149
8376 162
8377 184
8378 132
8379 167
8380 155
8381 177
8382 178
8383 216
8384 153
8385 224
8386 186
8387 145
8388 171
8389 156
8390 168
8391 109
8392 174
8393 156
8394 161
8395 146
8396 153
8397 106
8398 127
8399 124
8400 153
8401 194
8402 198
8403 199
8404 176
8405 173
8406 167
8407 135
8408 126
8409 184
8410 150
8411 187
8412 142
8413 160
8414 194
8415 157
8416 164
8417 139
8418 200
8419 161
8420 197
8421 181
8422 141
8423 166
8424 151
8425 171
8426 159
8427 172
8428 263
8429 172
8430 161
8431 147
8432 156
8433 135
8434 147
8435 158
8436 181
8437 131
8438 177
8439 151
8440 169
8441 189
8442 155
8443 162
8444 147
8445 148
8446 193
8447 71
8448 134
8449 180
8450 173
8451 181
8452 159
8453 214
8454 159
8455 134
8456 140
8457 143
8458 165
8459 174
8460 166
8461 154
8462 174
8463 162
8464 162
8465 237
8466 175
8467 109
8468 161
8469 140
8470 168
8471 171
8472 165
8473 172
8474 186
8475 87
8476 148
8477 206
8478 161
8479 157
8480 169
8481 154
8482 178
8483 129
8484 162
8485 184
8486 105
8487 169
8488 164
8489 155
8490 204
8491 125
8492 204
8493 109
8494 173
8495 206
8496 204
8497 232
8498 146
8499 182
8500 172
8501 135
8502 167
8503 185
8504 161
8505 132
8506 155
8507 161
8508 158
8509 165
8510 160
8511 196
8512 167
8513 152
8514 161
8515 145
8516 156
8517 176
8518 153
8519 202
8520 160
8521 203
8522 151
8523 223
8524 166
8525 138
8526 166
8527 199
8528 171
8529 161
8530 141
8531 166
8532 214
8533 153
8534 185
8535 190
8536 151
8537 159
8538 195
8539 170
8540 156
8541 144
8542 160
8543 165
8544 170
8545 190
8546 178
8547 118
8548 133
8549 130
8550 142
8551 181
8552 141
8553 177
8554 191
8555 181
8556 160
8557 201
8558 176
8559 155
8560 153
8561 162
8562 162
8563 152
8564 126
8565 166
8566 202
8567 144
8568 141
8569 157
8570 159
8571 139
8572 159
8573 200
8574 161
8575 188
8576 138
8577 136
8578 165
8579 143
8580 160
8581 150
8582 146
8583 176
8584 170
8585 168
8586 131
8587 184
8588 181
8589 157
8590 136
8591 214
8592 132
8593 177
8594 180
8595 150
8596 188
8597 161
8598 167
8599 173
8600 119
8601 139
8602 172
8603 167
8604 176
8605 198
8606 172
8607 159
8608 191
8609 166
8610 180
8611 164
8612 114
8613 168
8614 173
8615 146
8616 137
8617 194
8618 142
8619 98
8620 148
8621 129
8622 148
8623 135
8624 158
8625 147
8626 157
8627 100
8628 189
8629 155
8630 162
8631 166
8632 159
8633 158
8634 162
8635 106
8636 168
8637 166
8638 197
8639 172
8640 197
8641 178
8642 224
8643 152
8644 173
8645 159
8646 171
8647 164
8648 171
8649 179
8650 110
8651 159
8652 192
8653 116
8654 139
8655 189
8656 146
8657 149
8658 153
8659 196
8660 99
8661 189
8662 193
8663 168
8664 144
8665 142
8666 106
8667 146
8668 161
8669 170
8670 123
8671 168
8672 193
8673 206
8674 141
8675 149
8676 150
8677 136
8678 164
8679 183
8680 172
8681 154
8682 142
8683 126
8684 131
8685 237
8686 160
8687 182
8688 182
8689 176
8690 156
8691 127
8692 179
8693 154
8694 154
8695 162
8696 212
8697 131
8698 149
8699 180
8700 171
8701 219
8702 204
8703 152
8704 159
8705 183
8706 177
8707 245
8708 143
8709 151
8710 134
8711 164
8712 138
8713 164
8714 145
8715 163
8716 155
8717 121
8718 127
8719 161
8720 165
8721 174
8722 182
8723 130
8724 160
8725 170
8726 174
8727 190
8728 162
8729 139
8730 191
8731 159
8732 127
8733 158
8734 157
8735 150
8736 139
8737 131
8738 168
8739 180
8740 201
8741 190
8742 151
8743 137
8744 153
8745 206
8746 157
8747 173
8748 126
8749 177
8750 180
8751 154
8752 111
8753 163
8754 150
8755 167
8756 164
8757 168
8758 158
8759 176
8760 148
8761 136
8762 159
8763 163
8764 143
8765 172
8766 158
8767 185
8768 203
8769 192
8770 111
8771 202
8772 139
8773 130
8774 185
8775 192
8776 194
8777 209
8778 184
8779 120
8780 211
8781 115
8782 183
8783 185
8784 159
8785 128
8786 132
8787 174
8788 176
8789 173
8790 116
8791 163
8792 180
8793 164
8794 175
8795 188
8796 212
8797 146
8798 177
8799 102
8800 138
8801 179
8802 175
8803 211
8804 157
8805 169
8806 141
8807 160
8808 160
8809 148
8810 196
8811 187
8812 151
8813 158
8814 154
8815 145
8816 141
8817 151
8818 168
8819 177
8820 197
8821 147
8822 192
8823 156
8824 176
8825 141
8826 185
8827 159
8828 178
8829 78
8830 176
8831 216
8832 121
8833 170
8834 134
8835 181
8836 133
8837 149
8838 128
8839 263
8840 137
8841 172
8842 145
8843 167
8844 135
8845 202
8846 153
8847 163
8848 179
8849 157
8850 136
8851 168
8852 149
8853 166
8854 159
8855 166
8856 190
8857 160
8858 176
8859 193
8860 152
8861 125
8862 121
8863 177
8864 169
8865 169
8866 166
8867 140
8868 133
8869 163
8870 200
8871 153
8872 153
8873 107
8874 158
8875 160
8876 167
8877 133
8878 176
8879 157
8880 226
8881 167
8882 165
8883 159
8884 127
8885 174
8886 200
8887 190
8888 162
8889 183
8890 156
8891 183
8892 132
8893 182
8894 154
8895 209
8896 166
8897 168
8898 158
8899 142
8900 196
8901 157
8902 143
8903 152
8904 130
8905 133
8906 146
8907 145
8908 119
8909 148
8910 118
8911 161
8912 164
8913 144
8914 194
8915 143
8916 180
8917 139
8918 158
8919 154
8920 188
8921 148
8922 169
8923 161
8924 114
8925 165
8926 174
8927 121
8928 225
8929 115
8930 182
8931 210
8932 174
8933 197
8934 166
8935 185
8936 150
8937 158
8938 151
8939 152
8940 180
8941 172
8942 177
8943 163
8944 157
8945 166
8946 166
8947 204
8948 131
8949 145
8950 124
8951 235
8952 186
8953 126
8954 237
8955 129
8956 200
8957 149
8958 155
8959 160
8960 129
8961 161
8962 183
8963 163
8964 236
8965 162
8966 160
8967 181
8968 185
8969 141
8970 184
8971 177
8972 174
8973 156
8974 219
8975 135
8976 157
8977 163
8978 156
8979 134
8980 169
8981 168
8982 164
8983 134
8984 159
8985 164
8986 171
8987 163
8988 165
8989 202
8990 160
8991 179
8992 174
8993 143
8994 166
8995 152
8996 184
8997 181
8998 168
8999 172
