Vertices: 3900
Edges: 27300
Time: 3,275 ms
Iterations: 27268
Vertex Distance
0 0
1 91
2 102
3 109
4 108
5 112
6 121
7 126
8 86
9 100
10 83
11 100
12 134
13 90
14 79
15 122
16 108
17 82
18 143
19 69
20 125
21 213
22 108
23 120
24 142
25 133
26 146
27 143
28 90
29 117
30 131
31 91
32 130
33 80
34 187
35 143
36 82
37 92
38 131
39 98
40 102
41 131
42 144
43 154
44 160
45 114
46 174
47 141
48 113
49 109
50 161
51 121
52 80
53 107
54 139
55 82
56 158
57 99
58 120
59 129
60 142
61 105
62 121
63 113
64 110
65 186
66 130
67 106
68 122
69 169
70 153
71 99
72 130
73 62
74 120
75 169
76 169
77 152
78 119
79 133
80 112
81 117
82 136
83 90
84 167
85 116
86 133
87 129
88 112
89 101
90 86
91 167
92 162
93 138
94 129
95 132
96 165
97 110
98 115
99 95
100 104
101 97
102 152
103 143
104 148
105 109
106 122
107 122
108 159
109 65
110 109
111 180
112 105
113 132
114 177
115 144
116 130
117 50
118 177
119 138
120 113
121 119
122 112
123 113
124 104
125 106
126 127
127 110
128 155
129 110
130 122
131 99
132 103
133 135
134 113
135 120
136 99
137 113
138 113
139 155
140 119
141 0
142 149
143 84
144 134
145 146
146 116
147 120
148 116
149 93
150 150
151 135
152 166
153 127
154 112
155 94
156 107
157 127
158 138
159 133
160 111
161 123
162 120
163 133
164 111
165 104
166 106
167 150
168 103
169 47
170 133
171 57
172 112
173 169
174 135
175 144
176 108
177 147
178 135
179 103
180 152
181 121
182 96
183 106
184 121
185 87
186 87
187 135
188 157
189 84
190 100
191 118
192 136
193 153
194 167
195 85
196 106
197 111
198 133
199 127
200 93
201 63
202 121
203 64
204 117
205 126
206 83
207 117
208 164
209 144
210 127
211 148
212 183
213 89
214 112
215 144
216 91
217 119
218 122
219 110
220 137
221 131
222 87
223 70
224 132
225 109
226 98
227 113
228 140
229 86
230 111
231 111
232 118
233 108
234 138
235 121
236 66
237 145
238 117
239 159
240 73
241 124
242 161
243 158
244 155
245 109
246 137
247 80
248 125
249 79
250 101
251 85
252 170
253 101
254 119
255 91
256 154
257 100
258 76
259 138
260 126
261 68
262 92
263 159
264 111
265 124
266 101
267 112
268 133
269 85
270 145
271 160
272 101
273 78
274 116
275 113
276 111
277 123
278 60
279 94
280 130
281 121
282 115
283 138
284 128
285 104
286 130
287 117
288 78
289 165
290 127
291 136
292 129
293 129
294 62
295 138
296 135
297 170
298 119
299 111
300 150
301 143
302 155
303 101
304 111
305 136
306 124
307 93
308 133
309 118
310 137
311 104
312 118
313 100
314 88
315 122
316 123
317 121
318 141
319 93
320 129
321 127
322 110
323 96
324 143
325 113
326 126
327 124
328 115
329 112
330 123
331 66
332 124
333 111
334 38
335 138
336 155
337 141
338 127
339 142
340 121
341 84
342 136
343 178
344 124
345 165
346 123
347 139
348 104
349 127
350 116
351 133
352 95
353 201
354 78
355 170
356 123
357 131
358 145
359 104
360 85
361 175
362 125
363 191
364 120
365 130
366 142
367 93
368 119
369 147
370 155
371 176
372 144
373 124
374 155
375 131
376 159
377 119
378 63
379 85
380 106
381 128
382 146
383 131
384 86
385 105
386 107
387 98
388 132
389 104
390 118
391 151
392 134
393 43
394 111
395 126
396 107
397 133
398 113
399 103
400 83
401 86
402 61
403 130
404 78
405 129
406 110
407 119
408 87
409 140
410 132
411 151
412 140
413 139
414 77
415 159
416 131
417 123
418 86
419 120
420 167
421 135
422 116
423 122
424 124
425 148
426 123
427 148
428 178
429 115
430 154
431 160
432 116
433 108
434 113
435 143
436 117
437 128
438 98
439 88
440 96
441 104
442 79
443 106
444 122
445 99
446 132
447 149
448 138
449 120
450 130
451 122
452 118
453 89
454 133
455 95
456 157
457 62
458 135
459 116
460 109
461 150
462 118
463 70
464 109
465 137
466 143
467 135
468 89
469 137
470 134
471 134
472 156
473 159
474 149
475 133
476 94
477 131
478 104
479 133
480 116
481 109
482 113
483 123
484 79
485 108
486 146
487 70
488 88
489 67
490 58
491 108
492 113
493 139
494 137
495 139
496 138
497 106
498 101
499 121
500 135
501 149
502 107
503 102
504 174
505 116
506 133
507 133
508 160
509 150
510 130
511 150
512 116
513 100
514 137
515 100
516 104
517 94
518 129
519 115
520 117
521 160
522 132
523 67
524 144
525 111
526 103
527 113
528 120
529 129
530 145
531 83
532 128
533 54
534 127
535 89
536 146
537 125
538 121
539 98
540 147
541 112
542 108
543 127
544 122
545 98
546 158
547 175
548 146
549 152
550 133
551 117
552 131
553 123
554 133
555 133
556 140
557 49
558 135
559 109
560 100
561 117
562 105
563 133
564 97
565 153
566 127
567 145
568 96
569 136
570 82
571 111
572 97
573 78
574 143
575 121
576 102
577 90
578 142
579 154
580 119
581 75
582 134
583 120
584 127
585 141
586 136
587 120
588 127
589 129
590 96
591 112
592 121
593 81
594 99
595 110
596 100
597 87
598 81
599 134
600 135
601 122
602 150
603 138
604 131
605 89
606 115
607 138
608 121
609 165
610 135
611 97
612 141
613 176
614 125
615 136
616 86
617 114
618 63
619 127
620 102
621 191
622 146
623 146
624 113
625 127
626 102
627 141
628 116
629 123
630 115
631 126
632 124
633 107
634 135
635 85
636 82
637 138
638 153
639 100
640 127
641 123
642 129
643 110
644 127
645 145
646 135
647 103
648 117
649 130
650 136
651 123
652 107
653 131
654 113
655 99
656 42
657 122
658 96
659 106
660 84
661 104
662 94
663 118
664 124
665 114
666 135
667 123
668 160
669 89
670 141
671 102
672 133
673 142
674 137
675 69
676 146
677 187
678 80
679 93
680 111
681 124
682 87
683 151
684 117
685 131
686 112
687 134
688 141
689 135
690 119
691 97
692 101
693 148
694 66
695 175
696 134
697 96
698 134
699 78
700 93
701 147
702 80
703 136
704 127
705 120
706 121
707 78
708 126
709 113
710 110
711 76
712 140
713 106
714 116
715 135
716 124
717 162
718 109
719 175
720 192
721 154
722 99
723 143
724 104
725 139
726 182
727 167
728 104
729 139
730 97
731 90
732 179
733 137
734 102
735 151
736 139
737 115
738 145
739 141
740 149
741 89
742 114
743 127
744 125
745 137
746 154
747 78
748 89
749 65
750 147
751 111
752 74
753 140
754 107
755 74
756 138
757 66
758 133
759 124
760 131
761 124
762 96
763 91
764 133
765 149
766 81
767 99
768 146
769 126
770 99
771 109
772 139
773 139
774 124
775 130
776 159
777 131
778 81
779 100
780 129
781 80
782 78
783 105
784 103
785 132
786 102
787 103
788 138
789 101
790 123
791 126
792 92
793 94
794 159
795 128
796 89
797 104
798 95
799 113
800 123
801 24
802 139
803 130
804 111
805 102
806 104
807 170
808 137
809 174
810 140
811 157
812 112
813 99
814 137
815 116
816 127
817 147
818 64
819 122
820 82
821 149
822 113
823 110
824 102
825 48
826 135
827 124
828 128
829 142
830 132
831 152
832 122
833 124
834 147
835 93
836 170
837 89
838 89
839 111
840 102
841 97
842 116
843 96
844 102
845 123
846 60
847 113
848 126
849 147
850 159
851 164
852 151
853 120
854 105
855 126
856 125
857 100
858 133
859 108
860 137
861 113
862 181
863 130
864 114
865 124
866 102
867 148
868 139
869 123
870 131
871 83
872 151
873 144
874 109
875 15
876 123
877 116
878 127
879 105
880 158
881 120
882 106
883 125
884 124
885 101
886 129
887 128
888 108
889 143
890 70
891 115
892 162
893 118
894 145
895 100
896 96
897 147
898 77
899 122
900 135
901 139
902 129
903 116
904 128
905 64
906 120
907 158
908 103
909 125
910 84
911 125
912 167
913 125
914 105
915 127
916 122
917 129
918 122
919 157
920 114
921 87
922 169
923 78
924 126
925 169
926 142
927 144
928 129
929 178
930 124
931 113
932 88
933 84
934 141
935 125
936 140
937 75
938 80
939 112
940 126
941 90
942 106
943 58
944 128
945 136
946 158
947 131
948 112
949 133
950 131
951 100
952 115
953 120
954 118
955 125
956 144
957 98
958 79
959 107
960 157
961 102
962 130
963 87
964 120
965 140
966 135
967 116
968 104
969 125
970 114
971 126
972 104
973 92
974 121
975 134
976 73
977 98
978 112
979 99
980 137
981 148
982 154
983 101
984 144
985 101
986 98
987 142
988 43
989 88
990 117
991 144
992 110
993 127
994 148
995 111
996 149
997 124
998 146
999 111
1000 165
1001 123
1002 138
1003 110
1004 152
1005 101
1006 146
1007 126
1008 142
1009 102
1010 164
1011 101
1012 90
1013 111
1014 97
1015 145
1016 103
1017 119
1018 161
1019 114
1020 92
1021 122
1022 146
1023 124
1024 127
1025 139
1026 111
1027 119
1028 145
1029 136
1030 142
1031 130
1032 94
1033 118
1034 91
1035 106
1036 143
1037 131
1038 102
1039 119
1040 105
1041 114
1042 127
1043 113
1044 121
1045 140
1046 193
1047 117
1048 100
1049 95
1050 161
1051 139
1052 110
1053 125
1054 146
1055 109
1056 106
1057 0
1058 86
1059 75
1060 123
1061 113
1062 70
1063 106
1064 116
1065 146
1066 117
1067 122
1068 119
1069 153
1070 64
1071 111
1072 114
1073 101
1074 101
1075 114
1076 96
1077 161
1078 126
1079 128
1080 90
1081 136
1082 127
1083 151
1084 112
1085 133
1086 126
1087 130
1088 102
1089 75
1090 146
1091 146
1092 117
1093 116
1094 118
1095 143
1096 164
1097 130
1098 136
1099 133
1100 173
1101 103
1102 91
1103 148
1104 130
1105 93
1106 130
1107 74
1108 77
1109 161
1110 112
1111 114
1112 61
1113 140
1114 77
1115 218
1116 169
1117 158
1118 133
1119 89
1120 148
1121 108
1122 175
1123 111
1124 154
1125 120
1126 146
1127 102
1128 175
1129 108
1130 111
1131 157
1132 131
1133 156
1134 124
1135 100
1136 122
1137 133
1138 176
1139 144
1140 132
1141 147
1142 102
1143 95
1144 23
1145 132
1146 68
1147 131
1148 52
1149 122
1150 116
1151 180
1152 89
1153 158
1154 88
1155 139
1156 78
1157 123
1158 121
1159 147
1160 130
1161 121
1162 107
1163 117
1164 128
1165 118
1166 116
1167 113
1168 119
1169 124
1170 137
1171 125
1172 163
1173 83
1174 140
1175 139
1176 102
1177 135
1178 122
1179 130
1180 184
1181 92
1182 144
1183 140
1184 126
1185 84
1186 131
1187 134
1188 119
1189 147
1190 156
1191 171
1192 111
1193 125
1194 128
1195 131
1196 152
1197 89
1198 104
1199 175
1200 133
1201 134
1202 125
1203 121
1204 160
1205 160
1206 158
1207 145
1208 122
1209 107
1210 116
1211 151
1212 183
1213 118
1214 104
1215 161
1216 128
1217 131
1218 139
1219 83
1220 125
1221 155
1222 112
1223 87
1224 112
1225 117
1226 151
1227 99
1228 84
1229 114
1230 168
1231 113
1232 121
1233 92
1234 72
1235 102
1236 101
1237 135
1238 169
1239 95
1240 168
1241 109
1242 110
1243 77
1244 81
1245 86
1246 142
1247 85
1248 115
1249 108
1250 130
1251 148
1252 79
1253 125
1254 141
1255 105
1256 81
1257 125
1258 126
1259 115
1260 131
1261 141
1262 137
1263 117
1264 142
1265 116
1266 117
1267 153
1268 140
1269 138
1270 112
1271 100
1272 103
1273 146
1274 126
1275 87
1276 109
1277 117
1278 83
1279 133
1280 91
1281 111
1282 111
1283 128
1284 70
1285 109
1286 110
1287 123
1288 143
1289 106
1290 124
1291 129
1292 115
1293 82
1294 171
1295 140
1296 136
1297 106
1298 98
1299 148
1300 148
1301 153
1302 157
1303 118
1304 83
1305 94
1306 171
1307 98
1308 83
1309 136
1310 126
1311 143
1312 107
1313 108
1314 124
1315 117
1316 130
1317 96
1318 107
1319 93
1320 107
1321 92
1322 109
1323 70
1324 149
1325 129
1326 115
1327 89
1328 107
1329 50
1330 116
1331 169
1332 205
1333 126
1334 83
1335 140
1336 155
1337 129
1338 129
1339 161
1340 110
1341 121
1342 115
1343 98
1344 119
1345 133
1346 112
1347 101
1348 120
1349 103
1350 127
1351 118
1352 124
1353 126
1354 146
1355 148
1356 108
1357 104
1358 120
1359 86
1360 103
1361 79
1362 141
1363 117
1364 116
1365 147
1366 82
1367 135
1368 126
1369 159
1370 149
1371 132
1372 55
1373 105
1374 112
1375 122
1376 132
1377 60
1378 102
1379 75
1380 133
1381 87
1382 98
1383 104
1384 113
1385 103
1386 157
1387 112
1388 135
1389 49
1390 119
1391 142
1392 117
1393 108
1394 104
1395 110
1396 94
1397 130
1398 142
1399 114
1400 109
1401 116
1402 124
1403 124
1404 154
1405 69
1406 99
1407 125
1408 142
1409 112
1410 118
1411 133
1412 136
1413 101
1414 99
1415 120
1416 115
1417 91
1418 137
1419 121
1420 131
1421 140
1422 90
1423 90
1424 125
1425 114
1426 131
1427 111
1428 107
1429 176
1430 140
1431 121
1432 102
1433 95
1434 102
1435 132
1436 157
1437 89
1438 153
1439 201
1440 134
1441 98
1442 113
1443 124
1444 67
1445 119
1446 142
1447 118
1448 70
1449 123
1450 114
1451 155
1452 145
1453 89
1454 98
1455 151
1456 141
1457 82
1458 78
1459 61
1460 109
1461 150
1462 148
1463 147
1464 139
1465 148
1466 116
1467 125
1468 106
1469 124
1470 115
1471 122
1472 56
1473 126
1474 102
1475 132
1476 151
1477 92
1478 155
1479 153
1480 178
1481 164
1482 151
1483 112
1484 136
1485 117
1486 125
1487 104
1488 81
1489 142
1490 88
1491 108
1492 134
1493 115
1494 99
1495 113
1496 111
1497 129
1498 79
1499 138
1500 126
1501 126
1502 135
1503 112
1504 155
1505 123
1506 160
1507 96
1508 97
1509 147
1510 115
1511 127
1512 113
1513 101
1514 127
1515 147
1516 113
1517 89
1518 163
1519 163
1520 125
1521 116
1522 95
1523 201
1524 90
1525 99
1526 130
1527 129
1528 130
1529 121
1530 117
1531 141
1532 123
1533 123
1534 132
1535 75
1536 97
1537 130
1538 121
1539 120
1540 118
1541 140
1542 110
1543 100
1544 142
1545 139
1546 126
1547 127
1548 147
1549 142
1550 110
1551 137
1552 79
1553 107
1554 73
1555 60
1556 141
1557 142
1558 101
1559 115
1560 150
1561 127
1562 140
1563 132
1564 143
1565 117
1566 116
1567 106
1568 106
1569 84
1570 91
1571 154
1572 125
1573 57
1574 147
1575 131
1576 153
1577 107
1578 132
1579 138
1580 111
1581 93
1582 102
1583 112
1584 104
1585 112
1586 136
1587 115
1588 95
1589 146
1590 79
1591 136
1592 123
1593 104
1594 112
1595 133
1596 123
1597 167
1598 125
1599 106
1600 118
1601 116
1602 211
1603 130
1604 109
1605 79
1606 112
1607 141
1608 155
1609 68
1610 112
1611 79
1612 146
1613 129
1614 138
1615 106
1616 153
1617 109
1618 124
1619 130
1620 120
1621 110
1622 48
1623 112
1624 170
1625 146
1626 134
1627 79
1628 122
1629 94
1630 122
1631 109
1632 147
1633 123
1634 124
1635 125
1636 129
1637 192
1638 109
1639 131
1640 139
1641 165
1642 119
1643 142
1644 98
1645 141
1646 102
1647 83
1648 82
1649 122
1650 160
1651 96
1652 125
1653 129
1654 103
1655 120
1656 107
1657 149
1658 88
1659 123
1660 148
1661 157
1662 142
1663 180
1664 116
1665 116
1666 145
1667 146
1668 100
1669 123
1670 99
1671 117
1672 140
1673 99
1674 113
1675 95
1676 198
1677 159
1678 92
1679 125
1680 94
1681 114
1682 141
1683 110
1684 117
1685 143
1686 149
1687 122
1688 123
1689 86
1690 135
1691 114
1692 182
1693 142
1694 128
1695 166
1696 125
1697 108
1698 150
1699 130
1700 172
1701 159
1702 131
1703 99
1704 104
1705 125
1706 72
1707 119
1708 124
1709 108
1710 98
1711 85
1712 115
1713 110
1714 98
1715 90
1716 162
1717 135
1718 126
1719 115
1720 106
1721 164
1722 112
1723 185
1724 196
1725 104
1726 132
1727 172
1728 157
1729 79
1730 161
1731 117
1732 114
1733 97
1734 86
1735 98
1736 148
1737 114
1738 115
1739 96
1740 147
1741 136
1742 127
1743 126
1744 108
1745 122
1746 93
1747 119
1748 123
1749 142
1750 122
1751 95
1752 150
1753 138
1754 87
1755 180
1756 129
1757 180
1758 204
1759 114
1760 124
1761 105
1762 138
1763 120
1764 132
1765 124
1766 126
1767 127
1768 96
1769 152
1770 95
1771 103
1772 107
1773 133
1774 118
1775 127
1776 121
1777 82
1778 119
1779 104
1780 93
1781 100
1782 119
1783 112
1784 132
1785 124
1786 93
1787 94
1788 104
1789 82
1790 114
1791 139
1792 168
1793 128
1794 135
1795 158
1796 103
1797 121
1798 114
1799 114
1800 129
1801 104
1802 94
1803 118
1804 166
1805 143
1806 139
1807 110
1808 134
1809 154
1810 140
1811 119
1812 78
1813 117
1814 104
1815 132
1816 92
1817 132
1818 108
1819 141
1820 111
1821 87
1822 166
1823 122
1824 118
1825 108
1826 89
1827 161
1828 50
1829 135
1830 127
1831 124
1832 93
1833 151
1834 102
1835 182
1836 41
1837 109
1838 70
1839 106
1840 122
1841 127
1842 89
1843 125
1844 102
1845 117
1846 104
1847 133
1848 78
1849 116
1850 59
1851 118
1852 118
1853 152
1854 118
1855 113
1856 108
1857 132
1858 110
1859 98
1860 103
1861 182
1862 140
1863 106
1864 113
1865 146
1866 133
1867 80
1868 112
1869 126
1870 120
1871 116
1872 138
1873 132
1874 108
1875 176
1876 134
1877 142
1878 124
1879 144
1880 122
1881 154
1882 120
1883 167
1884 120
1885 100
1886 105
1887 116
1888 143
1889 124
1890 92
1891 82
1892 153
1893 126
1894 152
1895 126
1896 121
1897 40
1898 173
1899 121
1900 113
1901 174
1902 115
1903 123
1904 124
1905 120
1906 85
1907 178
1908 145
1909 38
1910 116
1911 98
1912 105
1913 109
1914 140
1915 125
1916 128
1917 112
1918 151
1919 114
1920 167
1921 154
1922 76
1923 193
1924 76
1925 146
1926 119
1927 123
1928 116
1929 57
1930 90
1931 158
1932 139
1933 94
1934 141
1935 124
1936 75
1937 98
1938 121
1939 167
1940 122
1941 117
1942 89
1943 123
1944 127
1945 111
1946 130
1947 99
1948 129
1949 121
1950 123
1951 149
1952 127
1953 91
1954 104
1955 75
1956 190
1957 141
1958 107
1959 102
1960 129
1961 105
1962 159
1963 120
1964 133
1965 130
1966 146
1967 157
1968 139
1969 122
1970 162
1971 103
1972 93
1973 155
1974 117
1975 102
1976 132
1977 161
1978 134
1979 135
1980 144
1981 96
1982 134
1983 142
1984 128
1985 127
1986 84
1987 180
1988 133
1989 74
1990 136
1991 130
1992 104
1993 110
1994 146
1995 112
1996 151
1997 135
1998 124
1999 66
2000 126
2001 106
2002 156
2003 141
2004 144
2005 95
2006 136
2007 107
2008 153
2009 117
2010 106
2011 197
2012 109
2013 113
2014 106
2015 155
2016 69
2017 128
2018 122
2019 97
2020 127
2021 156
2022 133
2023 163
2024 129
2025 104
2026 24
2027 96
2028 97
2029 118
2030 85
2031 134
2032 155
2033 144
2034 120
2035 87
2036 126
2037 130
2038 155
2039 110
2040 117
2041 124
2042 132
2043 114
2044 167
2045 134
2046 149
2047 173
2048 103
2049 145
2050 105
2051 105
2052 137
2053 165
2054 121
2055 75
2056 101
2057 93
2058 128
2059 140
2060 95
2061 94
2062 44
2063 104
2064 137
2065 133
2066 161
2067 111
2068 113
2069 73
2070 110
2071 173
2072 122
2073 155
2074 104
2075 181
2076 80
2077 117
2078 102
2079 82
2080 153
2081 134
2082 151
2083 105
2084 161
2085 123
2086 65
2087 170
2088 101
2089 57
2090 122
2091 120
2092 136
2093 124
2094 111
2095 132
2096 79
2097 111
2098 98
2099 122
2100 161
2101 99
2102 138
2103 130
2104 118
2105 49
2106 122
2107 99
2108 128
2109 91
2110 131
2111 131
2112 136
2113 127
2114 112
2115 203
2116 114
2117 157
2118 123
2119 82
2120 117
2121 129
2122 202
2123 148
2124 132
2125 135
2126 135
2127 110
2128 106
2129 121
2130 63
2131 116
2132 100
2133 115
2134 110
2135 151
2136 127
2137 162
2138 123
2139 124
2140 115
2141 182
2142 121
2143 125
2144 137
2145 116
2146 142
2147 106
2148 161
2149 112
2150 105
2151 96
2152 129
2153 130
2154 87
2155 153
2156 112
2157 87
2158 105
2159 138
2160 118
2161 91
2162 100
2163 132
2164 126
2165 121
2166 119
2167 114
2168 133
2169 115
2170 125
2171 135
2172 114
2173 94
2174 125
2175 185
2176 115
2177 115
2178 125
2179 125
2180 106
2181 101
2182 192
2183 131
2184 137
2185 147
2186 90
2187 117
2188 115
2189 155
2190 135
2191 124
2192 121
2193 81
2194 147
2195 117
2196 114
2197 142
2198 145
2199 141
2200 120
2201 131
2202 120
2203 116
2204 68
2205 127
2206 71
2207 74
2208 98
2209 151
2210 115
2211 136
2212 142
2213 115
2214 107
2215 155
2216 113
2217 129
2218 90
2219 87
2220 125
2221 176
2222 96
2223 125
2224 130
2225 122
2226 97
2227 108
2228 133
2229 141
2230 136
2231 129
2232 99
2233 124
2234 133
2235 111
2236 141
2237 111
2238 139
2239 73
2240 122
2241 130
2242 123
2243 130
2244 58
2245 117
2246 77
2247 173
2248 135
2249 135
2250 115
2251 109
2252 63
2253 78
2254 147
2255 111
2256 104
2257 135
2258 116
2259 159
2260 122
2261 130
2262 79
2263 115
2264 136
2265 136
2266 106
2267 131
2268 118
2269 108
2270 113
2271 91
2272 164
2273 111
2274 142
2275 97
2276 118
2277 77
2278 91
2279 71
2280 127
2281 97
2282 90
2283 151
2284 74
2285 120
2286 110
2287 182
2288 59
2289 120
2290 84
2291 108
2292 103
2293 116
2294 76
2295 95
2296 90
2297 112
2298 138
2299 165
2300 141
2301 118
2302 153
2303 162
2304 60
2305 123
2306 105
2307 109
2308 114
2309 125
2310 95
2311 55
2312 47
2313 129
2314 107
2315 121
2316 117
2317 116
2318 146
2319 123
2320 90
2321 133
2322 121
2323 140
2324 119
2325 168
2326 102
2327 100
2328 117
2329 113
2330 115
2331 148
2332 115
2333 125
2334 98
2335 108
2336 114
2337 94
2338 81
2339 151
2340 98
2341 182
2342 120
2343 133
2344 186
2345 131
2346 139
2347 94
2348 103
2349 132
2350 106
2351 115
2352 116
2353 127
2354 120
2355 116
2356 118
2357 200
2358 136
2359 109
2360 122
2361 117
2362 109
2363 101
2364 143
2365 155
2366 133
2367 84
2368 101
2369 73
2370 145
2371 191
2372 105
2373 110
2374 127
2375 132
2376 108
2377 116
2378 116
2379 118
2380 109
2381 100
2382 109
2383 86
2384 116
2385 166
2386 100
2387 117
2388 137
2389 114
2390 123
2391 80
2392 140
2393 104
2394 58
2395 117
2396 143
2397 131
2398 143
2399 163
2400 171
2401 134
2402 89
2403 103
2404 143
2405 60
2406 124
2407 75
2408 155
2409 145
2410 120
2411 94
2412 134
2413 114
2414 73
2415 107
2416 144
2417 86
2418 128
2419 147
2420 130
2421 61
2422 82
2423 133
2424 55
2425 129
2426 80
2427 99
2428 144
2429 148
2430 95
2431 76
2432 117
2433 225
2434 123
2435 153
2436 123
2437 102
2438 74
2439 148
2440 130
2441 98
2442 93
2443 94
2444 117
2445 92
2446 144
2447 92
2448 95
2449 127
2450 137
2451 104
2452 130
2453 90
2454 147
2455 126
2456 96
2457 135
2458 120
2459 90
2460 118
2461 145
2462 155
2463 131
2464 125
2465 84
2466 128
2467 102
2468 121
2469 97
2470 127
2471 132
2472 133
2473 99
2474 101
2475 153
2476 87
2477 167
2478 114
2479 98
2480 159
2481 128
2482 74
2483 104
2484 174
2485 106
2486 104
2487 36
2488 93
2489 152
2490 93
2491 99
2492 101
2493 82
2494 85
2495 174
2496 106
2497 115
2498 121
2499 163
2500 134
2501 110
2502 168
2503 134
2504 123
2505 132
2506 127
2507 116
2508 111
2509 127
2510 151
2511 141
2512 124
2513 140
2514 93
2515 152
2516 114
2517 93
2518 160
2519 134
2520 151
2521 95
2522 100
2523 103
2524 78
2525 119
2526 111
2527 126
2528 90
2529 91
2530 114
2531 135
2532 151
2533 135
2534 135
2535 91
2536 122
2537 105
2538 145
2539 140
2540 126
2541 151
2542 107
2543 158
2544 79
2545 122
2546 159
2547 86
2548 156
2549 133
2550 152
2551 151
2552 123
2553 127
2554 131
2555 142
2556 93
2557 154
2558 165
2559 163
2560 97
2561 147
2562 111
2563 101
2564 111
2565 131
2566 45
2567 141
2568 119
2569 174
2570 132
2571 163
2572 116
2573 131
2574 105
2575 142
2576 135
2577 139
2578 132
2579 176
2580 100
2581 117
2582 99
2583 134
2584 91
2585 164
2586 100
2587 109
2588 113
2589 70
2590 102
2591 114
2592 117
2593 146
2594 158
2595 89
2596 96
2597 108
2598 88
2599 111
2600 148
2601 125
2602 100
2603 124
2604 102
2605 133
2606 136
2607 142
2608 218
2609 117
2610 114
2611 138
2612 151
2613 113
2614 131
2615 101
2616 186
2617 156
2618 123
2619 110
2620 146
2621 61
2622 72
2623 208
2624 130
2625 101
2626 157
2627 125
2628 132
2629 174
2630 84
2631 93
2632 121
2633 147
2634 67
2635 141
2636 130
2637 165
2638 108
2639 94
2640 121
2641 88
2642 176
2643 178
2644 85
2645 114
2646 149
2647 87
2648 137
2649 109
2650 73
2651 136
2652 154
2653 139
2654 113
2655 119
2656 158
2657 133
2658 138
2659 152
2660 139
2661 168
2662 131
2663 136
2664 99
2665 126
2666 100
2667 119
2668 95
2669 93
2670 127
2671 77
2672 119
2673 140
2674 90
2675 122
2676 133
2677 112
2678 131
2679 171
2680 116
2681 121
2682 187
2683 162
2684 96
2685 123
2686 139
2687 119
2688 141
2689 167
2690 144
2691 164
2692 89
2693 103
2694 110
2695 121
2696 105
2697 136
2698 119
2699 116
2700 141
2701 123
2702 128
2703 113
2704 125
2705 143
2706 165
2707 98
2708 147
2709 172
2710 69
2711 102
2712 133
2713 108
2714 119
2715 131
2716 117
2717 108
2718 133
2719 104
2720 91
2721 92
2722 122
2723 130
2724 68
2725 116
2726 114
2727 167
2728 97
2729 103
2730 80
2731 61
2732 149
2733 100
2734 132
2735 115
2736 113
2737 137
2738 152
2739 137
2740 157
2741 165
2742 121
2743 125
2744 174
2745 105
2746 100
2747 159
2748 156
2749 153
2750 101
2751 98
2752 128
2753 125
2754 189
2755 114
2756 144
2757 111
2758 132
2759 159
2760 106
2761 95
2762 116
2763 154
2764 95
2765 166
2766 114
2767 198
2768 171
2769 94
2770 138
2771 120
2772 118
2773 114
2774 115
2775 119
2776 127
2777 98
2778 133
2779 98
2780 115
2781 132
2782 118
2783 113
2784 155
2785 123
2786 89
2787 98
2788 137
2789 74
2790 118
2791 48
2792 184
2793 112
2794 132
2795 124
2796 118
2797 129
2798 181
2799 114
2800 103
2801 109
2802 106
2803 118
2804 157
2805 116
2806 104
2807 138
2808 128
2809 128
2810 74
2811 148
2812 141
2813 142
2814 130
2815 93
2816 124
2817 120
2818 115
2819 165
2820 184
2821 114
2822 106
2823 166
2824 76
2825 127
2826 132
2827 143
2828 154
2829 132
2830 72
2831 123
2832 114
2833 110
2834 100
2835 139
2836 113
2837 160
2838 105
2839 172
2840 111
2841 174
2842 101
2843 171
2844 127
2845 94
2846 115
2847 125
2848 90
2849 114
2850 125
2851 98
2852 110
2853 116
2854 60
2855 98
2856 106
2857 126
2858 103
2859 140
2860 98
2861 130
2862 82
2863 78
2864 116
2865 94
2866 147
2867 82
2868 119
2869 148
2870 106
2871 133
2872 195
2873 97
2874 114
2875 88
2876 144
2877 115
2878 130
2879 169
2880 135
2881 55
2882 125
2883 139
2884 65
2885 96
2886 89
2887 128
2888 100
2889 149
2890 148
2891 130
2892 83
2893 116
2894 147
2895 147
2896 153
2897 140
2898 108
2899 168
2900 159
2901 133
2902 118
2903 101
2904 136
2905 117
2906 109
2907 119
2908 126
2909 145
2910 118
2911 115
2912 91
2913 106
2914 185
2915 95
2916 124
2917 130
2918 120
2919 148
2920 107
2921 95
2922 141
2923 126
2924 97
2925 132
2926 135
2927 146
2928 118
2929 91
2930 149
2931 133
2932 142
2933 102
2934 164
2935 142
2936 123
2937 132
2938 95
2939 130
2940 97
2941 183
2942 98
2943 132
2944 131
2945 78
2946 122
2947 109
2948 155
2949 91
2950 127
2951 102
2952 112
2953 102
2954 135
2955 117
2956 138
2957 127
2958 168
2959 131
2960 117
2961 121
2962 121
2963 119
2964 122
2965 121
2966 141
2967 78
2968 131
2969 113
2970 102
2971 121
2972 148
2973 99
2974 121
2975 130
2976 151
2977 141
2978 99
2979 152
2980 101
2981 114
2982 158
2983 150
2984 135
2985 125
2986 165
2987 123
2988 110
2989 95
2990 106
2991 113
2992 136
2993 109
2994 98
2995 87
2996 136
2997 126
2998 109
2999 134
3000 96
3001 137
3002 108
3003 131
3004 103
3005 134
3006 70
3007 134
3008 98
3009 103
3010 143
3011 75
3012 159
3013 131
3014 144
3015 126
3016 129
3017 139
3018 100
3019 138
3020 112
3021 166
3022 170
3023 126
3024 121
3025 131
3026 91
3027 114
3028 35
3029 124
3030 113
3031 127
3032 136
3033 150
3034 100
3035 160
3036 150
3037 153
3038 78
3039 139
3040 128
3041 140
3042 132
3043 118
3044 179
3045 131
3046 146
3047 123
3048 134
3049 133
3050 105
3051 137
3052 145
3053 96
3054 105
3055 122
3056 118
3057 117
3058 75
3059 107
3060 148
3061 130
3062 178
3063 125
3064 102
3065 162
3066 185
3067 122
3068 114
3069 114
3070 142
3071 111
3072 100
3073 145
3074 103
3075 101
3076 92
3077 112
3078 82
3079 129
3080 127
3081 151
3082 108
3083 106
3084 114
3085 114
3086 87
3087 140
3088 112
3089 124
3090 109
3091 189
3092 90
3093 122
3094 130
3095 102
3096 139
3097 164
3098 123
3099 120
3100 125
3101 133
3102 91
3103 121
3104 131
3105 133
3106 131
3107 124
3108 88
3109 134
3110 118
3111 112
3112 138
3113 130
3114 134
3115 97
3116 127
3117 120
3118 153
3119 117
3120 115
3121 157
3122 136
3123 106
3124 164
3125 80
3126 164
3127 119
3128 0
3129 131
3130 155
3131 118
3132 119
3133 85
3134 126
3135 182
3136 147
3137 118
3138 113
3139 143
3140 157
3141 122
3142 157
3143 139
3144 127
3145 139
3146 138
3147 134
3148 143
3149 117
3150 104
3151 106
3152 125
3153 132
3154 127
3155 132
3156 109
3157 115
3158 131
3159 129
3160 115
3161 104
3162 131
3163 158
3164 95
3165 170
3166 117
3167 112
3168 109
3169 97
3170 180
3171 91
3172 65
3173 116
3174 117
3175 151
3176 121
3177 156
3178 121
3179 125
3180 140
3181 69
3182 124
3183 157
3184 102
3185 78
3186 89
3187 117
3188 80
3189 124
3190 125
3191 84
3192 124
3193 98
3194 127
3195 117
3196 103
3197 136
3198 106
3199 112
3200 133
3201 91
3202 116
3203 139
3204 148
3205 56
3206 89
3207 68
3208 143
3209 146
3210 114
3211 142
3212 111
3213 131
3214 113
3215 76
3216 96
3217 114
3218 80
3219 127
3220 100
3221 46
3222 113
3223 100
3224 101
3225 118
3226 177
3227 105
3228 150
3229 119
3230 154
3231 98
3232 82
3233 89
3234 118
3235 149
3236 59
3237 133
3238 135
3239 158
3240 162
3241 113
3242 148
3243 176
3244 123
3245 94
3246 138
3247 119
3248 136
3249 115
3250 153
3251 101
3252 103
3253 175
3254 99
3255 132
3256 127
3257 119
3258 104
3259 145
3260 119
3261 88
3262 125
3263 164
3264 126
3265 117
3266 135
3267 171
3268 98
3269 95
3270 112
3271 110
3272 109
3273 139
3274 190
3275 123
3276 124
3277 118
3278 127
3279 117
3280 103
3281 181
3282 149
3283 130
3284 93
3285 159
3286 127
3287 123
3288 132
3289 127
3290 113
3291 121
3292 119
3293 134
3294 135
3295 110
3296 81
3297 93
3298 80
3299 113
3300 120
3301 124
3302 146
3303 90
3304 110
3305 96
3306 164
3307 88
3308 107
3309 152
3310 102
3311 149
3312 136
3313 84
3314 95
3315 128
3316 134
3317 146
3318 61
3319 163
3320 124
3321 108
3322 104
3323 181
3324 147
3325 135
3326 134
3327 124
3328 93
3329 99
3330 94
3331 126
3332 0
3333 114
3334 128
3335 151
3336 139
3337 135
3338 137
3339 131
3340 132
3341 137
3342 197
3343 114
3344 145
3345 121
3346 144
3347 113
3348 80
3349 115
3350 137
3351 130
3352 152
3353 144
3354 114
3355 95
3356 140
3357 132
3358 166
3359 114
3360 126
3361 117
3362 126
3363 129
3364 122
3365 140
3366 130
3367 115
3368 161
3369 135
3370 136
3371 134
3372 136
3373 136
3374 154
3375 126
3376 88
3377 134
3378 92
3379 102
3380 95
3381 126
3382 127
3383 83
3384 134
3385 117
3386 146
3387 115
3388 104
3389 136
3390 162
3391 121
3392 100
3393 117
3394 125
3395 137
3396 166
3397 99
3398 124
3399 132
3400 98
3401 108
3402 104
3403 153
3404 42
3405 123
3406 165
3407 155
3408 134
3409 100
3410 143
3411 99
3412 127
3413 147
3414 116
3415 114
3416 122
3417 98
3418 117
3419 143
3420 130
3421 98
3422 144
3423 138
3424 95
3425 125
3426 123
3427 88
3428 117
3429 138
3430 130
3431 118
3432 117
3433 100
3434 113
3435 107
3436 137
3437 117
3438 165
3439 136
3440 136
3441 132
3442 147
3443 86
3444 39
3445 122
3446 101
3447 103
3448 123
3449 124
3450 116
3451 160
3452 97
3453 56
3454 115
3455 110
3456 110
3457 140
3458 96
3459 117
3460 116
3461 134
3462 176
3463 131
3464 94
3465 162
3466 141
3467 121
3468 136
3469 52
3470 117
3471 71
3472 185
3473 76
3474 104
3475 99
3476 120
3477 97
3478 138
3479 115
3480 95
3481 162
3482 158
3483 98
3484 121
3485 152
3486 115
3487 139
3488 142
3489 127
3490 96
3491 121
3492 132
3493 88
3494 81
3495 93
3496 85
3497 105
3498 96
3499 158
3500 124
3501 120
3502 115
3503 174
3504 102
3505 142
3506 150
3507 102
3508 151
3509 144
3510 130
3511 117
3512 149
3513 139
3514 119
3515 139
3516 124
3517 106
3518 128
3519 126
3520 134
3521 121
3522 132
3523 121
3524 123
3525 123
3526 145
3527 83
3528 126
3529 142
3530 144
3531 128
3532 158
3533 114
3534 186
3535 136
3536 118
3537 74
3538 102
3539 99
3540 109
3541 114
3542 119
3543 165
3544 101
3545 149
3546 133
3547 141
3548 159
3549 158
3550 122
3551 108
3552 114
3553 113
3554 122
3555 110
3556 199
3557 94
3558 89
3559 102
3560 121
3561 132
3562 142
3563 110
3564 158
3565 102
3566 156
3567 124
3568 135
3569 83
3570 113
3571 110
3572 193
3573 171
3574 119
3575 109
3576 141
3577 199
3578 101
3579 96
3580 95
3581 154
3582 150
3583 133
3584 105
3585 135
3586 79
3587 73
3588 122
3589 140
3590 133
3591 138
3592 122
3593 107
3594 156
3595 120
3596 91
3597 93
3598 117
3599 129
3600 118
3601 122
3602 187
3603 131
3604 136
3605 140
3606 122
3607 126
3608 135
3609 138
3610 89
3611 142
3612 152
3613 121
3614 132
3615 120
3616 110
3617 134
3618 102
3619 76
3620 102
3621 111
3622 145
3623 149
3624 175
3625 111
3626 110
3627 105
3628 116
3629 107
3630 133
3631 76
3632 110
3633 135
3634 158
3635 107
3636 92
3637 94
3638 118
3639 122
3640 116
3641 132
3642 150
3643 127
3644 94
3645 111
3646 141
3647 117
3648 115
3649 178
3650 106
3651 107
3652 116
3653 99
3654 116
3655 151
3656 111
3657 86
3658 144
3659 93
3660 147
3661 137
3662 125
3663 143
3664 160
3665 89
3666 112
3667 112
3668 131
3669 110
3670 124
3671 118
3672 146
3673 92
3674 90
3675 79
3676 104
3677 124
3678 113
3679 117
3680 148
3681 135
3682 104
3683 123
3684 147
3685 140
3686 110
3687 179
3688 116
3689 149
3690 140
3691 66
3692 140
3693 111
3694 112
3695 145
3696 138
3697 115
3698 149
3699 123
3700 103
3701 124
3702 124
3703 125
3704 87
3705 109
3706 148
3707 119
3708 147
3709 103
3710 125
3711 137
3712 175
3713 116
3714 161
3715 102
3716 32
3717 109
3718 76
3719 174
3720 118
3721 105
3722 123
3723 147
3724 126
3725 127
3726 133
3727 106
3728 111
3729 131
3730 114
3731 73
3732 104
3733 110
3734 149
3735 130
3736 124
3737 65
3738 137
3739 113
3740 129
3741 111
3742 128
3743 142
3744 172
3745 92
3746 106
3747 135
3748 153
3749 106
3750 111
3751 136
3752 106
3753 140
3754 154
3755 111
3756 84
3757 90
3758 132
3759 120
3760 111
3761 142
3762 96
3763 124
3764 121
3765 157
3766 103
3767 125
3768 129
3769 138
3770 134
3771 138
3772 156
3773 167
3774 108
3775 36
3776 143
3777 154
3778 123
3779 47
3780 125
3781 137
3782 111
3783 127
3784 110
3785 128
3786 152
3787 91
3788 119
3789 123
3790 106
3791 100
3792 120
3793 117
3794 120
3795 108
3796 138
3797 74
3798 168
3799 182
3800 149
3801 130
3802 152
3803 151
3804 90
3805 98
3806 130
3807 198
3808 107
3809 111
3810 113
3811 139
3812 116
3813 118
3814 117
3815 149
3816 119
3817 71
3818 174
3819 133
3820 148
3821 137
3822 100
3823 122
3824 108
3825 160
3826 109
3827 147
3828 131
3829 97
3830 85
3831 90
3832 164
3833 148
3834 119
3835 112
3836 105
3837 129
3838 118
3839 125
3840 121
3841 136
3842 124
3843 91
3844 122
3845 163
3846 108
3847 163
3848 62
3849 152
3850 117
3851 203
3852 205
3853 100
3854 99
3855 124
3856 109
3857 150
3858 113
3859 116
3860 95
3861 107
3862 147
3863 183
3864 103
3865 146
3866 135
3867 153
3868 132
3869 100
3870 132
3871 117
3872 138
3873 159
3874 138
3875 134
3876 74
3877 92
3878 121
3879 100
3880 102
3881 168
3882 140
3883 129
3884 126
3885 119
3886 107
3887 142
3888 97
3889 128
3890 106
3891 102
3892 95
3893 135
3894 104
3895 117
3896 100
3897 145
3898 141
3899 153
