Vertices: 8900
Edges: 62300
Time: 4,939 ms
Iterations: 62253
Vertex Distance
0 0
1 170
2 157
3 165
4 107
5 167
6 180
7 164
8 178
9 137
10 131
11 154
12 163
13 170
14 170
15 191
16 111
17 177
18 186
19 141
20 154
21 131
22 198
23 129
24 157
25 171
26 158
27 104
28 127
29 176
30 139
31 137
32 157
33 165
34 133
35 145
36 166
37 203
38 118
39 185
40 145
41 181
42 149
43 141
44 183
45 177
46 127
47 194
48 170
49 164
50 149
51 161
52 161
53 169
54 172
55 166
56 157
57 188
58 216
59 169
60 145
61 130
62 149
63 154
64 196
65 116
66 153
67 122
68 188
69 195
70 180
71 140
72 215
73 137
74 177
75 103
76 140
77 175
78 155
79 79
80 147
81 148
82 185
83 179
84 175
85 127
86 140
87 176
88 147
89 168
90 157
91 175
92 143
93 190
94 73
95 150
96 154
97 184
98 163
99 137
100 196
101 162
102 154
103 162
104 98
105 187
106 163
107 178
108 182
109 131
110 150
111 170
112 104
113 164
114 104
115 168
116 177
117 159
118 174
119 158
120 172
121 167
122 180
123 158
124 169
125 176
126 177
127 170
128 212
129 147
130 108
131 171
132 212
133 168
134 158
135 133
136 148
137 182
138 116
139 156
140 170
141 177
142 149
143 184
144 121
145 102
146 190
147 239
148 181
149 163
150 143
151 158
152 178
153 162
154 131
155 167
156 156
157 182
158 190
159 194
160 166
161 168
162 83
163 185
164 173
165 160
166 148
167 167
168 170
169 131
170 160
171 145
172 163
173 90
174 119
175 89
176 164
177 201
178 166
179 208
180 156
181 173
182 175
183 135
184 162
185 154
186 133
187 138
188 185
189 163
190 134
191 185
192 178
193 176
194 149
195 167
196 214
197 196
198 167
199 119
200 148
201 138
202 138
203 219
204 153
205 150
206 148
207 159
208 168
209 173
210 178
211 163
212 112
213 134
214 130
215 76
216 242
217 148
218 156
219 162
220 116
221 178
222 152
223 165
224 156
225 166
226 165
227 174
228 137
229 150
230 155
231 123
232 179
233 160
234 147
235 166
236 137
237 132
238 161
239 155
240 190
241 121
242 150
243 164
244 130
245 136
246 157
247 170
248 200
249 152
250 148
251 166
252 182
253 169
254 178
255 188
256 124
257 198
258 139
259 179
260 165
261 162
262 143
263 179
264 165
265 145
266 212
267 167
268 174
269 147
270 166
271 210
272 161
273 121
274 139
275 188
276 177
277 153
278 171
279 116
280 162
281 197
282 140
283 157
284 183
285 166
286 174
287 168
288 157
289 181
290 170
291 154
292 122
293 151
294 149
295 177
296 178
297 126
298 160
299 182
300 140
301 179
302 197
303 155
304 170
305 137
306 161
307 189
308 125
309 164
310 157
311 140
312 126
313 114
314 116
315 146
316 155
317 138
318 177
319 164
320 163
321 136
322 146
323 184
324 143
325 153
326 227
327 159
328 197
329 161
330 182
331 136
332 147
333 121
334 181
335 158
336 185
337 136
338 186
339 138
340 190
341 150
342 156
343 161
344 178
345 212
346 161
347 129
348 184
349 109
350 120
351 143
352 131
353 122
354 181
355 154
356 157
357 143
358 155
359 195
360 169
361 146
362 98
363 155
364 170
365 158
366 168
367 174
368 153
369 154
370 151
371 145
372 106
373 144
374 115
375 202
376 178
377 201
378 162
379 163
380 184
381 141
382 200
383 166
384 144
385 168
386 166
387 184
388 156
389 151
390 183
391 146
392 130
393 193
394 160
395 178
396 97
397 216
398 140
399 133
400 177
401 144
402 132
403 165
404 142
405 192
406 147
407 140
408 119
409 166
410 117
411 116
412 150
413 183
414 164
415 180
416 210
417 170
418 167
419 164
420 157
421 225
422 209
423 182
424 170
425 155
426 165
427 98
428 208
429 120
430 114
431 56
432 152
433 170
434 129
435 171
436 136
437 188
438 61
439 210
440 168
441 157
442 170
443 215
444 205
445 186
446 166
447 158
448 160
449 110
450 121
451 164
452 148
453 92
454 167
455 152
456 154
457 150
458 148
459 153
460 162
461 273
462 155
463 187
464 149
465 174
466 165
467 161
468 133
469 182
470 155
471 104
472 184
473 151
474 160
475 145
476 139
477 162
478 162
479 120
480 172
481 193
482 173
483 155
484 127
485 166
486 176
487 117
488 169
489 152
490 166
491 173
492 165
493 170
494 161
495 167
496 132
497 136
498 191
499 153
500 165
501 162
502 156
503 191
504 195
505 164
506 162
507 149
508 148
509 178
510 146
511 141
512 135
513 181
514 154
515 160
516 158
517 156
518 189
519 209
520 190
521 214
522 162
523 163
524 158
525 200
526 152
527 194
528 108
529 166
530 162
531 154
532 148
533 134
534 148
535 137
536 174
537 161
538 187
539 124
540 139
541 133
542 146
543 138
544 216
545 130
546 172
547 200
548 156
549 162
550 184
551 175
552 144
553 164
554 157
555 186
556 202
557 103
558 150
559 167
560 149
561 126
562 177
563 126
564 175
565 159
566 145
567 127
568 148
569 145
570 139
571 165
572 182
573 103
574 195
575 131
576 172
577 181
578 156
579 141
580 163
581 158
582 165
583 145
584 142
585 183
586 161
587 144
588 123
589 160
590 167
591 175
592 126
593 107
594 138
595 145
596 137
597 144
598 144
599 206
600 165
601 185
602 137
603 177
604 183
605 171
606 155
607 114
608 149
609 191
610 137
611 202
612 128
613 197
614 161
615 176
616 136
617 159
618 149
619 150
620 163
621 161
622 180
623 147
624 159
625 165
626 128
627 175
628 163
629 159
630 106
631 145
632 158
633 147
634 158
635 111
636 192
637 145
638 123
639 163
640 179
641 146
642 163
643 128
644 167
645 211
646 133
647 131
648 159
649 173
650 173
651 139
652 169
653 198
654 163
655 196
656 131
657 118
658 128
659 172
660 150
661 131
662 164
663 207
664 165
665 179
666 117
667 123
668 151
669 180
670 157
671 134
672 159
673 158
674 172
675 195
676 181
677 180
678 144
679 153
680 181
681 148
682 118
683 184
684 172
685 153
686 108
687 147
688 172
689 180
690 167
691 180
692 148
693 126
694 160
695 130
696 131
697 127
698 161
699 148
700 138
701 201
702 152
703 149
704 164
705 148
706 143
707 185
708 154
709 123
710 164
711 157
712 172
713 118
714 143
715 152
716 157
717 135
718 155
719 143
720 151
721 164
722 169
723 126
724 182
725 166
726 162
727 94
728 107
729 172
730 164
731 129
732 170
733 163
734 169
735 171
736 142
737 141
738 161
739 185
740 161
741 136
742 226
743 179
744 176
745 157
746 142
747 122
748 103
749 161
750 173
751 136
752 145
753 163
754 174
755 159
756 143
757 146
758 188
759 120
760 93
761 157
762 141
763 159
764 163
765 109
766 158
767 157
768 175
769 116
770 168
771 158
772 129
773 180
774 78
775 176
776 190
777 164
778 122
779 145
780 163
781 199
782 159
783 148
784 155
785 139
786 127
787 99
788 130
789 139
790 97
791 160
792 168
793 143
794 130
795 168
796 151
797 148
798 161
799 170
800 116
801 149
802 141
803 152
804 163
805 169
806 152
807 188
808 122
809 179
810 155
811 172
812 152
813 113
814 156
815 228
816 153
817 130
818 162
819 150
820 197
821 145
822 154
823 178
824 143
825 118
826 169
827 161
828 155
829 162
830 142
831 158
832 160
833 186
834 184
835 185
836 218
837 157
838 168
839 212
840 30
841 182
842 159
843 163
844 168
845 144
846 173
847 175
848 162
849 188
850 161
851 160
852 179
853 103
854 164
855 144
856 163
857 106
858 196
859 171
860 131
861 125
862 157
863 144
864 148
865 184
866 168
867 203
868 167
869 173
870 162
871 137
872 162
873 154
874 154
875 146
876 177
877 95
878 156
879 146
880 143
881 161
882 151
883 156
884 202
885 177
886 135
887 177
888 155
889 175
890 163
891 157
892 201
893 173
894 147
895 131
896 158
897 149
898 166
899 133
900 167
901 204
902 174
903 144
904 137
905 164
906 183
907 140
908 179
909 147
910 123
911 133
912 143
913 140
914 131
915 144
916 181
917 178
918 181
919 222
920 164
921 162
922 165
923 183
924 164
925 157
926 179
927 151
928 198
929 132
930 166
931 171
932 138
933 197
934 154
935 152
936 170
937 189
938 170
939 146
940 151
941 197
942 170
943 159
944 186
945 159
946 137
947 174
948 175
949 141
950 82
951 147
952 108
953 145
954 153
955 162
956 122
957 172
958 182
959 173
960 158
961 158
962 203
963 184
964 150
965 134
966 170
967 225
968 151
969 141
970 144
971 135
972 166
973 142
974 144
975 151
976 197
977 216
978 171
979 110
980 165
981 137
982 93
983 169
984 141
985 141
986 158
987 174
988 141
989 107
990 179
991 99
992 156
993 135
994 118
995 185
996 141
997 190
998 172
999 125
1000 159
1001 159
1002 203
1003 143
1004 103
1005 126
1006 192
1007 172
1008 149
1009 162
1010 123
1011 136
1012 144
1013 163
1014 102
1015 188
1016 177
1017 169
1018 134
1019 105
1020 177
1021 106
1022 204
1023 180
1024 131
1025 198
1026 155
1027 145
1028 142
1029 136
1030 210
1031 185
1032 148
1033 142
1034 177
1035 188
1036 130
1037 128
1038 132
1039 150
1040 168
1041 197
1042 163
1043 139
1044 93
1045 207
1046 195
1047 107
1048 110
1049 186
1050 182
1051 163
1052 194
1053 151
1054 156
1055 165
1056 188
1057 189
1058 152
1059 196
1060 125
1061 155
1062 148
1063 182
1064 141
1065 157
1066 176
1067 128
1068 154
1069 110
1070 193
1071 136
1072 138
1073 178
1074 179
1075 162
1076 163
1077 124
1078 165
1079 182
1080 149
1081 153
1082 153
1083 153
1084 167
1085 152
1086 171
1087 223
1088 169
1089 106
1090 148
1091 121
1092 131
1093 175
1094 124
1095 171
1096 191
1097 160
1098 164
1099 110
1100 179
1101 127
1102 167
1103 149
1104 131
1105 119
1106 170
1107 137
1108 166
1109 136
1110 172
1111 157
1112 168
1113 115
1114 124
1115 140
1116 169
1117 135
1118 162
1119 150
1120 187
1121 186
1122 95
1123 150
1124 187
1125 159
1126 157
1127 132
1128 167
1129 130
1130 196
1131 154
1132 137
1133 139
1134 154
1135 147
1136 115
1137 126
1138 146
1139 136
1140 144
1141 172
1142 144
1143 161
1144 145
1145 176
1146 180
1147 149
1148 115
1149 157
1150 143
1151 152
1152 137
1153 154
1154 176
1155 179
1156 184
1157 211
1158 184
1159 139
1160 105
1161 180
1162 155
1163 158
1164 119
1165 134
1166 153
1167 117
1168 120
1169 166
1170 167
1171 193
1172 181
1173 173
1174 154
1175 209
1176 213
1177 135
1178 166
1179 161
1180 138
1181 150
1182 166
1183 85
1184 164
1185 183
1186 160
1187 169
1188 161
1189 185
1190 173
1191 118
1192 189
1193 162
1194 181
1195 194
1196 154
1197 126
1198 142
1199 184
1200 159
1201 173
1202 127
1203 145
1204 185
1205 143
1206 166
1207 170
1208 189
1209 220
1210 132
1211 174
1212 149
1213 199
1214 136
1215 161
1216 162
1217 175
1218 193
1219 126
1220 159
1221 146
1222 142
1223 167
1224 171
1225 160
1226 118
1227 199
1228 175
1229 144
1230 129
1231 166
1232 130
1233 194
1234 136
1235 130
1236 179
1237 163
1238 184
1239 178
1240 207
1241 149
1242 167
1243 220
1244 158
1245 163
1246 178
1247 169
1248 144
1249 175
1250 181
1251 133
1252 148
1253 126
1254 130
1255 148
1256 163
1257 168
1258 200
1259 166
1260 108
1261 160
1262 221
1263 185
1264 184
1265 183
1266 163
1267 158
1268 139
1269 145
1270 158
1271 159
1272 141
1273 172
1274 163
1275 174
1276 129
1277 208
1278 170
1279 166
1280 152
1281 82
1282 177
1283 178
1284 136
1285 134
1286 160
1287 172
1288 115
1289 119
1290 178
1291 163
1292 153
1293 156
1294 139
1295 137
1296 139
1297 114
1298 117
1299 136
1300 173
1301 150
1302 52
1303 123
1304 165
1305 143
1306 133
1307 176
1308 154
1309 173
1310 150
1311 159
1312 147
1313 187
1314 159
1315 121
1316 138
1317 164
1318 156
1319 115
1320 150
1321 119
1322 165
1323 234
1324 111
1325 159
1326 172
1327 171
1328 148
1329 145
1330 144
1331 158
1332 95
1333 169
1334 175
1335 160
1336 144
1337 140
1338 174
1339 173
1340 162
1341 156
1342 155
1343 158
1344 88
1345 172
1346 178
1347 144
1348 135
1349 154
1350 146
1351 158
1352 181
1353 126
1354 154
1355 131
1356 183
1357 120
1358 172
1359 151
1360 184
1361 169
1362 187
1363 162
1364 133
1365 189
1366 160
1367 158
1368 186
1369 143
1370 118
1371 162
1372 146
1373 175
1374 93
1375 124
1376 218
1377 200
1378 140
1379 121
1380 132
1381 154
1382 146
1383 135
1384 160
1385 157
1386 147
1387 157
1388 155
1389 147
1390 116
1391 177
1392 154
1393 153
1394 200
1395 152
1396 171
1397 158
1398 174
1399 138
1400 158
1401 183
1402 140
1403 161
1404 195
1405 117
1406 108
1407 114
1408 184
1409 146
1410 176
1411 194
1412 171
1413 157
1414 159
1415 163
1416 176
1417 180
1418 70
1419 186
1420 158
1421 167
1422 150
1423 133
1424 163
1425 104
1426 178
1427 169
1428 165
1429 132
1430 166
1431 103
1432 172
1433 173
1434 180
1435 184
1436 152
1437 149
1438 100
1439 140
1440 169
1441 157
1442 148
1443 171
1444 158
1445 153
1446 179
1447 123
1448 171
1449 106
1450 154
1451 161
1452 170
1453 193
1454 142
1455 170
1456 192
1457 184
1458 140
1459 175
1460 143
1461 148
1462 135
1463 193
1464 152
1465 138
1466 174
1467 139
1468 156
1469 119
1470 128
1471 136
1472 148
1473 191
1474 144
1475 174
1476 139
1477 165
1478 135
1479 179
1480 154
1481 137
1482 151
1483 162
1484 137
1485 144
1486 165
1487 188
1488 190
1489 163
1490 151
1491 156
1492 179
1493 147
1494 209
1495 154
1496 194
1497 157
1498 110
1499 197
1500 150
1501 133
1502 164
1503 187
1504 168
1505 165
1506 172
1507 174
1508 168
1509 194
1510 156
1511 137
1512 164
1513 159
1514 131
1515 170
1516 214
1517 148
1518 142
1519 175
1520 135
1521 162
1522 146
1523 176
1524 133
1525 162
1526 141
1527 145
1528 157
1529 94
1530 106
1531 155
1532 192
1533 185
1534 168
1535 146
1536 166
1537 116
1538 91
1539 184
1540 182
1541 202
1542 144
1543 202
1544 137
1545 167
1546 172
1547 155
1548 190
1549 150
1550 170
1551 168
1552 171
1553 152
1554 180
1555 149
1556 177
1557 182
1558 140
1559 208
1560 143
1561 170
1562 114
1563 122
1564 138
1565 165
1566 170
1567 187
1568 164
1569 192
1570 151
1571 122
1572 151
1573 166
1574 149
1575 187
1576 155
1577 173
1578 149
1579 163
1580 154
1581 211
1582 143
1583 150
1584 177
1585 148
1586 194
1587 126
1588 196
1589 151
1590 146
1591 116
1592 200
1593 138
1594 182
1595 110
1596 163
1597 174
1598 181
1599 181
1600 133
1601 135
1602 150
1603 157
1604 174
1605 175
1606 154
1607 164
1608 165
1609 166
1610 163
1611 181
1612 134
1613 96
1614 174
1615 129
1616 162
1617 165
1618 206
1619 140
1620 183
1621 140
1622 152
1623 145
1624 179
1625 176
1626 189
1627 164
1628 144
1629 200
1630 154
1631 152
1632 165
1633 163
1634 136
1635 117
1636 173
1637 153
1638 135
1639 117
1640 143
1641 183
1642 174
1643 146
1644 159
1645 161
1646 131
1647 0
1648 150
1649 152
1650 159
1651 158
1652 126
1653 181
1654 147
1655 167
1656 170
1657 168
1658 125
1659 172
1660 161
1661 171
1662 138
1663 157
1664 205
1665 93
1666 138
1667 195
1668 118
1669 146
1670 137
1671 110
1672 171
1673 149
1674 171
1675 141
1676 142
1677 177
1678 102
1679 143
1680 90
1681 122
1682 222
1683 150
1684 141
1685 155
1686 156
1687 166
1688 142
1689 135
1690 149
1691 185
1692 141
1693 199
1694 188
1695 160
1696 135
1697 161
1698 133
1699 147
1700 123
1701 168
1702 145
1703 142
1704 164
1705 131
1706 163
1707 165
1708 175
1709 166
1710 152
1711 163
1712 171
1713 169
1714 127
1715 176
1716 75
1717 129
1718 140
1719 151
1720 146
1721 139
1722 173
1723 130
1724 169
1725 171
1726 135
1727 132
1728 164
1729 114
1730 125
1731 171
1732 203
1733 167
1734 166
1735 174
1736 117
1737 170
1738 174
1739 166
1740 205
1741 106
1742 141
1743 121
1744 137
1745 146
1746 160
1747 156
1748 173
1749 159
1750 161
1751 171
1752 192
1753 152
1754 111
1755 154
1756 147
1757 151
1758 222
1759 187
1760 110
1761 136
1762 238
1763 156
1764 150
1765 125
1766 105
1767 130
1768 159
1769 88
1770 100
1771 145
1772 186
1773 176
1774 79
1775 149
1776 63
1777 200
1778 140
1779 180
1780 161
1781 194
1782 133
1783 152
1784 160
1785 142
1786 149
1787 146
1788 159
1789 192
1790 150
1791 142
1792 154
1793 130
1794 231
1795 132
1796 179
1797 187
1798 179
1799 187
1800 162
1801 174
1802 149
1803 139
1804 134
1805 200
1806 159
1807 154
1808 172
1809 106
1810 149
1811 136
1812 170
1813 169
1814 142
1815 161
1816 134
1817 190
1818 162
1819 142
1820 204
1821 158
1822 160
1823 135
1824 95
1825 146
1826 156
1827 192
1828 146
1829 135
1830 99
1831 148
1832 158
1833 159
1834 175
1835 136
1836 138
1837 184
1838 185
1839 173
1840 145
1841 199
1842 190
1843 170
1844 175
1845 141
1846 165
1847 167
1848 173
1849 140
1850 184
1851 167
1852 121
1853 197
1854 166
1855 184
1856 149
1857 181
1858 146
1859 158
1860 118
1861 190
1862 168
1863 142
1864 157
1865 133
1866 119
1867 175
1868 174
1869 267
1870 196
1871 119
1872 158
1873 176
1874 111
1875 160
1876 203
1877 154
1878 143
1879 156
1880 118
1881 147
1882 148
1883 216
1884 176
1885 168
1886 151
1887 177
1888 147
1889 173
1890 178
1891 116
1892 157
1893 178
1894 174
1895 174
1896 149
1897 169
1898 169
1899 121
1900 132
1901 162
1902 154
1903 137
1904 191
1905 117
1906 171
1907 172
1908 147
1909 168
1910 169
1911 167
1912 171
1913 151
1914 178
1915 178
1916 142
1917 131
1918 139
1919 134
1920 167
1921 169
1922 164
1923 154
1924 159
1925 157
1926 157
1927 114
1928 154
1929 145
1930 149
1931 190
1932 170
1933 163
1934 190
1935 153
1936 190
1937 154
1938 149
1939 126
1940 180
1941 175
1942 142
1943 133
1944 169
1945 167
1946 150
1947 195
1948 196
1949 167
1950 209
1951 200
1952 179
1953 142
1954 150
1955 178
1956 176
1957 143
1958 197
1959 151
1960 204
1961 171
1962 154
1963 142
1964 139
1965 132
1966 150
1967 164
1968 157
1969 212
1970 160
1971 157
1972 163
1973 172
1974 167
1975 144
1976 158
1977 184
1978 162
1979 134
1980 128
1981 185
1982 108
1983 140
1984 191
1985 168
1986 135
1987 173
1988 158
1989 151
1990 156
1991 156
1992 115
1993 171
1994 192
1995 162
1996 209
1997 191
1998 172
1999 123
2000 197
2001 168
2002 168
2003 187
2004 143
2005 138
2006 140
2007 189
2008 92
2009 226
2010 153
2011 158
2012 181
2013 171
2014 124
2015 168
2016 112
2017 140
2018 127
2019 160
2020 165
2021 162
2022 145
2023 149
2024 175
2025 150
2026 170
2027 148
2028 176
2029 134
2030 140
2031 138
2032 140
2033 199
2034 180
2035 160
2036 150
2037 155
2038 172
2039 118
2040 142
2041 145
2042 174
2043 167
2044 155
2045 114
2046 191
2047 158
2048 136
2049 180
2050 173
2051 173
2052 169
2053 190
2054 192
2055 168
2056 118
2057 176
2058 163
2059 171
2060 209
2061 159
2062 157
2063 150
2064 178
2065 168
2066 128
2067 146
2068 183
2069 173
2070 172
2071 173
2072 192
2073 123
2074 170
2075 179
2076 147
2077 205
2078 134
2079 165
2080 153
2081 170
2082 177
2083 145
2084 149
2085 147
2086 139
2087 96
2088 141
2089 167
2090 172
2091 190
2092 180
2093 172
2094 136
2095 149
2096 164
2097 85
2098 218
2099 177
2100 179
2101 160
2102 137
2103 176
2104 163
2105 159
2106 132
2107 162
2108 146
2109 140
2110 135
2111 154
2112 175
2113 173
2114 163
2115 154
2116 129
2117 158
2118 180
2119 191
2120 161
2121 163
2122 165
2123 109
2124 161
2125 152
2126 165
2127 149
2128 135
2129 132
2130 155
2131 201
2132 145
2133 159
2134 131
2135 128
2136 129
2137 139
2138 159
2139 195
2140 118
2141 97
2142 142
2143 191
2144 117
2145 157
2146 168
2147 137
2148 159
2149 165
2150 153
2151 149
2152 143
2153 136
2154 151
2155 147
2156 163
2157 158
2158 194
2159 159
2160 189
2161 172
2162 170
2163 148
2164 228
2165 184
2166 132
2167 181
2168 193
2169 191
2170 121
2171 164
2172 108
2173 147
2174 150
2175 175
2176 145
2177 132
2178 161
2179 104
2180 177
2181 146
2182 148
2183 180
2184 194
2185 125
2186 162
2187 177
2188 189
2189 142
2190 198
2191 168
2192 171
2193 138
2194 168
2195 170
2196 178
2197 176
2198 165
2199 194
2200 174
2201 152
2202 146
2203 135
2204 165
2205 157
2206 134
2207 117
2208 173
2209 203
2210 124
2211 151
2212 129
2213 191
2214 144
2215 149
2216 142
2217 91
2218 169
2219 199
2220 177
2221 160
2222 170
2223 158
2224 153
2225 193
2226 160
2227 61
2228 160
2229 160
2230 166
2231 148
2232 143
2233 223
2234 161
2235 147
2236 200
2237 166
2238 134
2239 113
2240 201
2241 177
2242 132
2243 193
2244 142
2245 147
2246 141
2247 182
2248 146
2249 140
2250 141
2251 185
2252 131
2253 178
2254 127
2255 197
2256 184
2257 135
2258 158
2259 75
2260 180
2261 160
2262 159
2263 187
2264 141
2265 168
2266 133
2267 154
2268 142
2269 178
2270 188
2271 170
2272 163
2273 154
2274 150
2275 157
2276 123
2277 170
2278 138
2279 177
2280 109
2281 143
2282 196
2283 131
2284 154
2285 148
2286 166
2287 141
2288 156
2289 191
2290 185
2291 154
2292 176
2293 172
2294 180
2295 173
2296 138
2297 135
2298 196
2299 136
2300 154
2301 176
2302 158
2303 227
2304 124
2305 124
2306 173
2307 165
2308 184
2309 180
2310 166
2311 144
2312 206
2313 101
2314 156
2315 215
2316 168
2317 161
2318 172
2319 207
2320 194
2321 136
2322 154
2323 200
2324 153
2325 105
2326 159
2327 182
2328 152
2329 168
2330 167
2331 128
2332 183
2333 173
2334 188
2335 162
2336 129
2337 189
2338 181
2339 158
2340 154
2341 156
2342 137
2343 147
2344 134
2345 143
2346 161
2347 126
2348 179
2349 172
2350 136
2351 138
2352 120
2353 142
2354 164
2355 182
2356 81
2357 156
2358 146
2359 124
2360 173
2361 139
2362 154
2363 130
2364 181
2365 166
2366 128
2367 165
2368 95
2369 142
2370 142
2371 155
2372 156
2373 158
2374 223
2375 125
2376 192
2377 153
2378 130
2379 165
2380 179
2381 154
2382 185
2383 164
2384 141
2385 212
2386 158
2387 141
2388 139
2389 184
2390 190
2391 154
2392 168
2393 176
2394 146
2395 152
2396 131
2397 141
2398 177
2399 196
2400 158
2401 159
2402 175
2403 139
2404 171
2405 211
2406 162
2407 140
2408 147
2409 147
2410 156
2411 195
2412 118
2413 117
2414 172
2415 209
2416 152
2417 134
2418 164
2419 236
2420 182
2421 156
2422 203
2423 173
2424 136
2425 144
2426 171
2427 150
2428 177
2429 158
2430 144
2431 133
2432 170
2433 129
2434 112
2435 157
2436 149
2437 79
2438 133
2439 210
2440 104
2441 142
2442 176
2443 167
2444 136
2445 148
2446 199
2447 134
2448 159
2449 152
2450 145
2451 166
2452 113
2453 134
2454 148
2455 182
2456 192
2457 165
2458 153
2459 149
2460 166
2461 163
2462 233
2463 196
2464 134
2465 166
2466 169
2467 194
2468 158
2469 164
2470 141
2471 191
2472 103
2473 130
2474 144
2475 142
2476 160
2477 131
2478 156
2479 167
2480 170
2481 164
2482 164
2483 176
2484 218
2485 212
2486 179
2487 166
2488 215
2489 162
2490 117
2491 126
2492 175
2493 119
2494 162
2495 189
2496 168
2497 182
2498 127
2499 153
2500 164
2501 146
2502 137
2503 152
2504 121
2505 130
2506 115
2507 168
2508 172
2509 139
2510 162
2511 137
2512 158
2513 170
2514 174
2515 154
2516 157
2517 154
2518 148
2519 156
2520 188
2521 129
2522 177
2523 129
2524 133
2525 179
2526 137
2527 155
2528 84
2529 206
2530 203
2531 114
2532 192
2533 155
2534 209
2535 158
2536 182
2537 151
2538 135
2539 144
2540 131
2541 184
2542 256
2543 166
2544 172
2545 139
2546 134
2547 155
2548 166
2549 122
2550 177
2551 160
2552 160
2553 112
2554 124
2555 113
2556 133
2557 154
2558 146
2559 144
2560 190
2561 144
2562 143
2563 191
2564 164
2565 204
2566 146
2567 129
2568 150
2569 141
2570 138
2571 175
2572 114
2573 108
2574 139
2575 167
2576 157
2577 195
2578 160
2579 179
2580 156
2581 115
2582 123
2583 172
2584 146
2585 188
2586 159
2587 154
2588 168
2589 168
2590 147
2591 115
2592 102
2593 160
2594 120
2595 182
2596 197
2597 168
2598 153
2599 143
2600 145
2601 171
2602 164
2603 185
2604 158
2605 147
2606 179
2607 116
2608 121
2609 124
2610 153
2611 163
2612 191
2613 133
2614 142
2615 136
2616 188
2617 197
2618 184
2619 196
2620 206
2621 182
2622 152
2623 149
2624 132
2625 164
2626 177
2627 146
2628 181
2629 183
2630 168
2631 189
2632 141
2633 153
2634 159
2635 102
2636 161
2637 206
2638 149
2639 150
2640 180
2641 162
2642 171
2643 171
2644 150
2645 141
2646 128
2647 178
2648 127
2649 146
2650 185
2651 135
2652 122
2653 163
2654 166
2655 192
2656 169
2657 175
2658 181
2659 156
2660 182
2661 158
2662 202
2663 140
2664 147
2665 153
2666 173
2667 165
2668 187
2669 153
2670 139
2671 234
2672 150
2673 116
2674 110
2675 191
2676 148
2677 189
2678 154
2679 177
2680 145
2681 141
2682 144
2683 142
2684 178
2685 163
2686 164
2687 133
2688 178
2689 117
2690 161
2691 153
2692 159
2693 133
2694 115
2695 176
2696 164
2697 156
2698 188
2699 189
2700 139
2701 176
2702 140
2703 177
2704 127
2705 129
2706 131
2707 179
2708 166
2709 191
2710 133
2711 173
2712 153
2713 128
2714 153
2715 165
2716 110
2717 211
2718 198
2719 162
2720 207
2721 126
2722 184
2723 107
2724 187
2725 141
2726 176
2727 154
2728 209
2729 140
2730 172
2731 163
2732 152
2733 166
2734 165
2735 164
2736 225
2737 136
2738 141
2739 142
2740 171
2741 165
2742 139
2743 177
2744 132
2745 140
2746 152
2747 109
2748 165
2749 177
2750 128
2751 144
2752 173
2753 151
2754 200
2755 160
2756 211
2757 197
2758 155
2759 149
2760 187
2761 144
2762 204
2763 150
2764 186
2765 122
2766 176
2767 177
2768 157
2769 205
2770 171
2771 146
2772 178
2773 137
2774 147
2775 158
2776 210
2777 129
2778 136
2779 126
2780 133
2781 113
2782 181
2783 154
2784 171
2785 172
2786 172
2787 179
2788 157
2789 202
2790 145
2791 159
2792 139
2793 187
2794 114
2795 168
2796 190
2797 145
2798 177
2799 169
2800 149
2801 173
2802 92
2803 149
2804 147
2805 175
2806 124
2807 155
2808 196
2809 186
2810 139
2811 166
2812 189
2813 170
2814 174
2815 153
2816 157
2817 158
2818 119
2819 101
2820 141
2821 183
2822 148
2823 153
2824 130
2825 153
2826 112
2827 166
2828 152
2829 225
2830 190
2831 165
2832 149
2833 169
2834 191
2835 131
2836 206
2837 162
2838 158
2839 141
2840 161
2841 129
2842 175
2843 125
2844 142
2845 182
2846 168
2847 181
2848 162
2849 163
2850 159
2851 152
2852 137
2853 146
2854 176
2855 142
2856 163
2857 177
2858 161
2859 173
2860 125
2861 166
2862 187
2863 193
2864 145
2865 139
2866 157
2867 137
2868 152
2869 150
2870 167
2871 177
2872 119
2873 151
2874 132
2875 110
2876 152
2877 194
2878 185
2879 191
2880 137
2881 178
2882 169
2883 153
2884 152
2885 153
2886 160
2887 128
2888 206
2889 193
2890 181
2891 148
2892 162
2893 187
2894 167
2895 131
2896 150
2897 177
2898 177
2899 213
2900 176
2901 154
2902 168
2903 178
2904 158
2905 88
2906 132
2907 181
2908 128
2909 181
2910 171
2911 146
2912 162
2913 162
2914 162
2915 122
2916 105
2917 123
2918 183
2919 155
2920 171
2921 160
2922 162
2923 121
2924 169
2925 127
2926 130
2927 158
2928 145
2929 150
2930 128
2931 207
2932 146
2933 181
2934 166
2935 157
2936 121
2937 146
2938 145
2939 123
2940 160
2941 120
2942 159
2943 152
2944 178
2945 143
2946 156
2947 65
2948 151
2949 150
2950 157
2951 192
2952 202
2953 162
2954 132
2955 134
2956 177
2957 141
2958 169
2959 201
2960 146
2961 134
2962 147
2963 191
2964 161
2965 130
2966 181
2967 86
2968 174
2969 136
2970 101
2971 130
2972 131
2973 135
2974 161
2975 139
2976 128
2977 138
2978 149
2979 175
2980 140
2981 180
2982 140
2983 188
2984 171
2985 158
2986 130
2987 136
2988 158
2989 181
2990 213
2991 154
2992 154
2993 112
2994 153
2995 154
2996 133
2997 131
2998 70
2999 136
3000 154
3001 142
3002 136
3003 152
3004 178
3005 139
3006 112
3007 187
3008 179
3009 132
3010 134
3011 175
3012 116
3013 160
3014 181
3015 92
3016 158
3017 146
3018 172
3019 143
3020 158
3021 175
3022 153
3023 131
3024 146
3025 120
3026 223
3027 149
3028 163
3029 163
3030 205
3031 114
3032 150
3033 162
3034 173
3035 113
3036 134
3037 152
3038 123
3039 179
3040 141
3041 182
3042 141
3043 136
3044 75
3045 181
3046 117
3047 151
3048 205
3049 170
3050 153
3051 153
3052 156
3053 153
3054 135
3055 180
3056 144
3057 178
3058 142
3059 159
3060 169
3061 142
3062 148
3063 180
3064 168
3065 159
3066 181
3067 144
3068 175
3069 148
3070 165
3071 143
3072 160
3073 151
3074 152
3075 180
3076 172
3077 143
3078 179
3079 176
3080 171
3081 142
3082 168
3083 156
3084 198
3085 164
3086 170
3087 164
3088 191
3089 124
3090 172
3091 138
3092 180
3093 126
3094 156
3095 161
3096 141
3097 128
3098 154
3099 193
3100 162
3101 146
3102 185
3103 126
3104 76
3105 180
3106 175
3107 193
3108 134
3109 154
3110 183
3111 163
3112 100
3113 135
3114 199
3115 102
3116 153
3117 138
3118 165
3119 174
3120 202
3121 0
3122 125
3123 122
3124 186
3125 182
3126 167
3127 123
3128 148
3129 139
3130 158
3131 134
3132 184
3133 190
3134 99
3135 134
3136 155
3137 154
3138 179
3139 173
3140 146
3141 142
3142 154
3143 135
3144 119
3145 142
3146 161
3147 163
3148 176
3149 124
3150 136
3151 154
3152 167
3153 165
3154 143
3155 191
3156 149
3157 214
3158 175
3159 151
3160 183
3161 217
3162 157
3163 160
3164 172
3165 153
3166 136
3167 172
3168 147
3169 195
3170 192
3171 147
3172 206
3173 174
3174 114
3175 153
3176 154
3177 139
3178 159
3179 201
3180 172
3181 137
3182 163
3183 206
3184 96
3185 192
3186 175
3187 111
3188 166
3189 154
3190 138
3191 123
3192 158
3193 177
3194 145
3195 155
3196 205
3197 91
3198 165
3199 137
3200 192
3201 87
3202 177
3203 132
3204 111
3205 162
3206 139
3207 96
3208 167
3209 251
3210 156
3211 164
3212 201
3213 143
3214 150
3215 155
3216 167
3217 157
3218 158
3219 175
3220 157
3221 176
3222 131
3223 171
3224 181
3225 179
3226 137
3227 225
3228 159
3229 131
3230 187
3231 135
3232 158
3233 168
3234 180
3235 128
3236 133
3237 154
3238 176
3239 184
3240 175
3241 130
3242 185
3243 133
3244 169
3245 182
3246 160
3247 144
3248 158
3249 166
3250 198
3251 144
3252 140
3253 131
3254 155
3255 169
3256 171
3257 169
3258 149
3259 181
3260 137
3261 151
3262 114
3263 190
3264 141
3265 182
3266 134
3267 173
3268 115
3269 103
3270 180
3271 197
3272 194
3273 152
3274 196
3275 129
3276 137
3277 171
3278 142
3279 186
3280 146
3281 170
3282 122
3283 154
3284 150
3285 122
3286 164
3287 164
3288 191
3289 137
3290 172
3291 226
3292 167
3293 196
3294 161
3295 178
3296 164
3297 152
3298 162
3299 211
3300 173
3301 123
3302 209
3303 134
3304 179
3305 197
3306 198
3307 195
3308 186
3309 180
3310 186
3311 119
3312 188
3313 196
3314 157
3315 99
3316 141
3317 151
3318 149
3319 0
3320 182
3321 171
3322 142
3323 167
3324 109
3325 180
3326 145
3327 145
3328 87
3329 161
3330 190
3331 184
3332 180
3333 173
3334 0
3335 157
3336 182
3337 126
3338 158
3339 176
3340 122
3341 144
3342 178
3343 183
3344 128
3345 120
3346 199
3347 173
3348 173
3349 162
3350 177
3351 156
3352 172
3353 182
3354 178
3355 133
3356 139
3357 100
3358 175
3359 156
3360 138
3361 157
3362 147
3363 155
3364 195
3365 159
3366 159
3367 201
3368 134
3369 188
3370 160
3371 154
3372 163
3373 142
3374 184
3375 157
3376 141
3377 136
3378 184
3379 156
3380 152
3381 150
3382 129
3383 149
3384 146
3385 166
3386 202
3387 164
3388 182
3389 178
3390 158
3391 187
3392 146
3393 59
3394 181
3395 107
3396 146
3397 143
3398 129
3399 186
3400 170
3401 139
3402 132
3403 180
3404 182
3405 165
3406 162
3407 146
3408 167
3409 139
3410 173
3411 149
3412 160
3413 118
3414 180
3415 151
3416 160
3417 173
3418 175
3419 193
3420 145
3421 164
3422 139
3423 152
3424 156
3425 137
3426 139
3427 162
3428 183
3429 135
3430 145
3431 159
3432 231
3433 121
3434 160
3435 181
3436 107
3437 172
3438 140
3439 161
3440 160
3441 159
3442 157
3443 186
3444 186
3445 185
3446 168
3447 177
3448 189
3449 150
3450 146
3451 187
3452 180
3453 143
3454 196
3455 230
3456 201
3457 127
3458 100
3459 161
3460 187
3461 134
3462 136
3463 169
3464 154
3465 134
3466 176
3467 182
3468 162
3469 178
3470 142
3471 161
3472 149
3473 161
3474 126
3475 122
3476 209
3477 159
3478 207
3479 136
3480 162
3481 169
3482 152
3483 168
3484 147
3485 181
3486 138
3487 177
3488 166
3489 164
3490 154
3491 166
3492 168
3493 197
3494 198
3495 96
3496 133
3497 110
3498 158
3499 187
3500 165
3501 147
3502 170
3503 178
3504 151
3505 175
3506 145
3507 160
3508 135
3509 177
3510 128
3511 143
3512 183
3513 86
3514 165
3515 160
3516 248
3517 145
3518 195
3519 114
3520 156
3521 180
3522 132
3523 165
3524 150
3525 168
3526 199
3527 172
3528 202
3529 159
3530 120
3531 126
3532 141
3533 245
3534 144
3535 149
3536 187
3537 133
3538 169
3539 232
3540 150
3541 138
3542 154
3543 159
3544 154
3545 133
3546 121
3547 159
3548 167
3549 164
3550 164
3551 163
3552 116
3553 153
3554 112
3555 141
3556 175
3557 149
3558 173
3559 168
3560 174
3561 141
3562 183
3563 161
3564 156
3565 184
3566 134
3567 143
3568 161
3569 172
3570 134
3571 143
3572 151
3573 161
3574 169
3575 178
3576 129
3577 139
3578 145
3579 138
3580 103
3581 145
3582 176
3583 150
3584 101
3585 157
3586 177
3587 163
3588 142
3589 116
3590 129
3591 141
3592 182
3593 187
3594 112
3595 163
3596 125
3597 179
3598 160
3599 170
3600 156
3601 152
3602 130
3603 146
3604 165
3605 141
3606 200
3607 145
3608 141
3609 128
3610 177
3611 163
3612 194
3613 139
3614 151
3615 222
3616 160
3617 158
3618 137
3619 126
3620 133
3621 163
3622 160
3623 147
3624 151
3625 118
3626 158
3627 114
3628 189
3629 176
3630 177
3631 136
3632 107
3633 167
3634 130
3635 152
3636 150
3637 204
3638 166
3639 176
3640 185
3641 164
3642 122
3643 122
3644 116
3645 117
3646 171
3647 225
3648 155
3649 185
3650 160
3651 147
3652 172
3653 193
3654 153
3655 128
3656 176
3657 186
3658 129
3659 126
3660 149
3661 117
3662 178
3663 160
3664 197
3665 168
3666 127
3667 166
3668 135
3669 128
3670 140
3671 168
3672 124
3673 153
3674 140
3675 182
3676 142
3677 163
3678 152
3679 156
3680 169
3681 134
3682 204
3683 198
3684 139
3685 164
3686 199
3687 143
3688 140
3689 146
3690 114
3691 154
3692 158
3693 132
3694 153
3695 176
3696 183
3697 134
3698 183
3699 170
3700 142
3701 170
3702 115
3703 168
3704 128
3705 147
3706 199
3707 140
3708 179
3709 183
3710 216
3711 157
3712 160
3713 191
3714 188
3715 149
3716 199
3717 196
3718 146
3719 140
3720 118
3721 192
3722 163
3723 175
3724 148
3725 133
3726 157
3727 130
3728 155
3729 167
3730 146
3731 161
3732 147
3733 151
3734 155
3735 171
3736 161
3737 129
3738 130
3739 177
3740 147
3741 177
3742 144
3743 155
3744 143
3745 189
3746 183
3747 155
3748 132
3749 151
3750 148
3751 210
3752 147
3753 133
3754 173
3755 166
3756 184
3757 167
3758 197
3759 148
3760 179
3761 134
3762 190
3763 172
3764 156
3765 156
3766 189
3767 170
3768 163
3769 152
3770 159
3771 149
3772 118
3773 147
3774 184
3775 132
3776 147
3777 133
3778 126
3779 159
3780 203
3781 33
3782 150
3783 154
3784 154
3785 154
3786 116
3787 171
3788 126
3789 136
3790 147
3791 128
3792 139
3793 174
3794 216
3795 146
3796 49
3797 167
3798 126
3799 161
3800 141
3801 132
3802 211
3803 149
3804 202
3805 187
3806 204
3807 195
3808 194
3809 91
3810 153
3811 162
3812 173
3813 159
3814 150
3815 154
3816 167
3817 91
3818 145
3819 160
3820 143
3821 211
3822 166
3823 162
3824 157
3825 136
3826 210
3827 137
3828 194
3829 135
3830 170
3831 91
3832 179
3833 153
3834 199
3835 176
3836 144
3837 140
3838 148
3839 132
3840 154
3841 137
3842 178
3843 172
3844 134
3845 181
3846 163
3847 155
3848 99
3849 156
3850 168
3851 72
3852 154
3853 151
3854 185
3855 165
3856 154
3857 138
3858 160
3859 128
3860 162
3861 153
3862 182
3863 122
3864 143
3865 156
3866 146
3867 132
3868 188
3869 143
3870 163
3871 162
3872 166
3873 174
3874 159
3875 150
3876 130
3877 175
3878 155
3879 154
3880 197
3881 159
3882 103
3883 156
3884 177
3885 214
3886 107
3887 175
3888 177
3889 114
3890 187
3891 157
3892 184
3893 98
3894 169
3895 170
3896 214
3897 188
3898 152
3899 200
3900 150
3901 158
3902 174
3903 172
3904 129
3905 181
3906 167
3907 172
3908 141
3909 203
3910 141
3911 151
3912 184
3913 171
3914 183
3915 120
3916 178
3917 140
3918 143
3919 184
3920 123
3921 142
3922 172
3923 122
3924 154
3925 128
3926 187
3927 158
3928 147
3929 161
3930 169
3931 172
3932 142
3933 161
3934 125
3935 132
3936 166
3937 147
3938 172
3939 151
3940 167
3941 173
3942 149
3943 163
3944 124
3945 98
3946 155
3947 128
3948 163
3949 105
3950 127
3951 139
3952 166
3953 144
3954 153
3955 164
3956 157
3957 167
3958 191
3959 141
3960 145
3961 163
3962 181
3963 188
3964 179
3965 135
3966 169
3967 171
3968 169
3969 138
3970 147
3971 156
3972 159
3973 143
3974 148
3975 139
3976 170
3977 183
3978 212
3979 175
3980 140
3981 142
3982 186
3983 179
3984 137
3985 160
3986 148
3987 148
3988 188
3989 198
3990 159
3991 204
3992 125
3993 147
3994 143
3995 172
3996 180
3997 106
3998 154
3999 140
4000 199
4001 150
4002 139
4003 142
4004 192
4005 124
4006 154
4007 192
4008 163
4009 154
4010 167
4011 174
4012 149
4013 132
4014 183
4015 154
4016 195
4017 188
4018 150
4019 106
4020 106
4021 149
4022 187
4023 137
4024 122
4025 120
4026 146
4027 117
4028 193
4029 133
4030 139
4031 146
4032 138
4033 161
4034 137
4035 155
4036 134
4037 209
4038 139
4039 142
4040 181
4041 125
4042 128
4043 185
4044 163
4045 154
4046 162
4047 179
4048 154
4049 164
4050 147
4051 90
4052 164
4053 159
4054 175
4055 160
4056 176
4057 134
4058 223
4059 200
4060 169
4061 156
4062 166
4063 205
4064 187
4065 135
4066 172
4067 182
4068 146
4069 160
4070 165
4071 148
4072 154
4073 148
4074 159
4075 145
4076 161
4077 140
4078 198
4079 166
4080 156
4081 170
4082 159
4083 170
4084 163
4085 114
4086 159
4087 202
4088 143
4089 163
4090 145
4091 137
4092 135
4093 171
4094 168
4095 152
4096 165
4097 173
4098 132
4099 170
4100 142
4101 192
4102 138
4103 165
4104 152
4105 145
4106 193
4107 155
4108 163
4109 140
4110 132
4111 146
4112 163
4113 174
4114 191
4115 192
4116 125
4117 194
4118 159
4119 155
4120 125
4121 152
4122 120
4123 169
4124 150
4125 163
4126 134
4127 162
4128 167
4129 129
4130 160
4131 161
4132 161
4133 170
4134 177
4135 166
4136 123
4137 147
4138 211
4139 163
4140 171
4141 137
4142 163
4143 88
4144 165
4145 151
4146 145
4147 146
4148 132
4149 148
4150 151
4151 115
4152 145
4153 150
4154 139
4155 101
4156 162
4157 135
4158 182
4159 147
4160 121
4161 163
4162 139
4163 160
4164 122
4165 157
4166 179
4167 154
4168 210
4169 128
4170 180
4171 117
4172 165
4173 141
4174 185
4175 185
4176 176
4177 174
4178 185
4179 134
4180 160
4181 132
4182 132
4183 159
4184 150
4185 195
4186 161
4187 157
4188 147
4189 152
4190 202
4191 148
4192 133
4193 88
4194 200
4195 177
4196 131
4197 141
4198 172
4199 157
4200 181
4201 179
4202 166
4203 153
4204 201
4205 194
4206 141
4207 170
4208 177
4209 162
4210 164
4211 135
4212 166
4213 83
4214 149
4215 152
4216 173
4217 147
4218 138
4219 106
4220 183
4221 164
4222 173
4223 162
4224 150
4225 161
4226 174
4227 181
4228 176
4229 201
4230 102
4231 138
4232 114
4233 145
4234 185
4235 141
4236 148
4237 168
4238 218
4239 157
4240 161
4241 149
4242 156
4243 131
4244 191
4245 151
4246 182
4247 133
4248 149
4249 125
4250 165
4251 173
4252 176
4253 168
4254 135
4255 190
4256 209
4257 160
4258 182
4259 131
4260 78
4261 169
4262 151
4263 116
4264 164
4265 176
4266 149
4267 166
4268 165
4269 167
4270 168
4271 163
4272 146
4273 151
4274 145
4275 176
4276 219
4277 158
4278 135
4279 198
4280 200
4281 144
4282 184
4283 124
4284 152
4285 126
4286 157
4287 162
4288 132
4289 154
4290 141
4291 245
4292 155
4293 145
4294 162
4295 127
4296 153
4297 148
4298 178
4299 180
4300 210
4301 171
4302 110
4303 168
4304 143
4305 72
4306 161
4307 173
4308 140
4309 165
4310 143
4311 162
4312 144
4313 151
4314 164
4315 142
4316 185
4317 106
4318 169
4319 135
4320 134
4321 149
4322 150
4323 205
4324 188
4325 173
4326 178
4327 139
4328 147
4329 218
4330 161
4331 200
4332 172
4333 133
4334 99
4335 188
4336 190
4337 195
4338 148
4339 177
4340 164
4341 188
4342 168
4343 109
4344 153
4345 170
4346 125
4347 171
4348 130
4349 160
4350 153
4351 156
4352 163
4353 201
4354 94
4355 171
4356 153
4357 178
4358 187
4359 138
4360 182
4361 192
4362 133
4363 196
4364 153
4365 155
4366 158
4367 127
4368 168
4369 150
4370 100
4371 164
4372 135
4373 127
4374 155
4375 183
4376 158
4377 176
4378 135
4379 144
4380 168
4381 173
4382 167
4383 150
4384 201
4385 142
4386 123
4387 162
4388 141
4389 150
4390 166
4391 187
4392 163
4393 155
4394 166
4395 165
4396 134
4397 130
4398 187
4399 162
4400 130
4401 156
4402 174
4403 194
4404 128
4405 134
4406 145
4407 159
4408 139
4409 183
4410 142
4411 171
4412 135
4413 155
4414 142
4415 165
4416 151
4417 125
4418 153
4419 172
4420 178
4421 146
4422 203
4423 119
4424 140
4425 108
4426 79
4427 139
4428 168
4429 158
4430 201
4431 195
4432 169
4433 142
4434 143
4435 205
4436 185
4437 149
4438 159
4439 264
4440 175
4441 156
4442 148
4443 128
4444 161
4445 158
4446 144
4447 155
4448 157
4449 132
4450 143
4451 162
4452 137
4453 170
4454 154
4455 112
4456 189
4457 155
4458 0
4459 113
4460 107
4461 185
4462 194
4463 174
4464 167
4465 119
4466 142
4467 149
4468 167
4469 117
4470 134
4471 182
4472 187
4473 126
4474 166
4475 144
4476 180
4477 198
4478 165
4479 165
4480 160
4481 151
4482 144
4483 141
4484 126
4485 168
4486 121
4487 158
4488 185
4489 171
4490 155
4491 125
4492 129
4493 169
4494 190
4495 121
4496 149
4497 136
4498 148
4499 195
4500 112
4501 156
4502 183
4503 117
4504 142
4505 130
4506 148
4507 147
4508 206
4509 157
4510 180
4511 145
4512 154
4513 174
4514 129
4515 148
4516 214
4517 183
4518 145
4519 179
4520 193
4521 133
4522 178
4523 146
4524 166
4525 154
4526 186
4527 171
4528 166
4529 178
4530 50
4531 165
4532 115
4533 206
4534 161
4535 141
4536 140
4537 210
4538 143
4539 159
4540 163
4541 175
4542 109
4543 135
4544 136
4545 190
4546 151
4547 146
4548 175
4549 147
4550 176
4551 178
4552 150
4553 160
4554 170
4555 130
4556 163
4557 133
4558 131
4559 168
4560 148
4561 171
4562 164
4563 118
4564 150
4565 205
4566 204
4567 163
4568 111
4569 142
4570 153
4571 192
4572 137
4573 164
4574 173
4575 196
4576 164
4577 201
4578 161
4579 179
4580 157
4581 215
4582 142
4583 128
4584 144
4585 177
4586 155
4587 181
4588 166
4589 169
4590 92
4591 178
4592 147
4593 93
4594 157
4595 135
4596 164
4597 126
4598 182
4599 152
4600 206
4601 127
4602 187
4603 113
4604 123
4605 181
4606 105
4607 153
4608 151
4609 192
4610 167
4611 140
4612 116
4613 153
4614 148
4615 163
4616 159
4617 161
4618 179
4619 191
4620 185
4621 162
4622 172
4623 154
4624 160
4625 176
4626 153
4627 142
4628 128
4629 150
4630 122
4631 182
4632 163
4633 166
4634 166
4635 156
4636 133
4637 163
4638 148
4639 177
4640 146
4641 179
4642 157
4643 193
4644 198
4645 88
4646 179
4647 113
4648 158
4649 157
4650 251
4651 149
4652 154
4653 137
4654 155
4655 137
4656 158
4657 176
4658 159
4659 156
4660 165
4661 173
4662 186
4663 142
4664 157
4665 162
4666 141
4667 159
4668 142
4669 170
4670 188
4671 163
4672 117
4673 169
4674 155
4675 191
4676 128
4677 135
4678 110
4679 153
4680 151
4681 144
4682 162
4683 161
4684 139
4685 133
4686 172
4687 123
4688 177
4689 250
4690 142
4691 125
4692 150
4693 128
4694 251
4695 166
4696 135
4697 163
4698 130
4699 151
4700 133
4701 196
4702 187
4703 142
4704 170
4705 172
4706 195
4707 168
4708 88
4709 163
4710 175
4711 170
4712 156
4713 230
4714 161
4715 134
4716 154
4717 150
4718 183
4719 217
4720 138
4721 176
4722 150
4723 139
4724 142
4725 145
4726 185
4727 164
4728 164
4729 149
4730 152
4731 171
4732 172
4733 276
4734 135
4735 177
4736 191
4737 152
4738 115
4739 139
4740 167
4741 135
4742 167
4743 153
4744 154
4745 178
4746 171
4747 166
4748 130
4749 194
4750 113
4751 124
4752 176
4753 153
4754 147
4755 119
4756 144
4757 173
4758 161
4759 150
4760 154
4761 187
4762 194
4763 116
4764 148
4765 121
4766 138
4767 161
4768 141
4769 104
4770 189
4771 179
4772 138
4773 164
4774 154
4775 147
4776 99
4777 145
4778 156
4779 114
4780 142
4781 93
4782 158
4783 199
4784 176
4785 165
4786 160
4787 183
4788 253
4789 166
4790 176
4791 136
4792 177
4793 146
4794 145
4795 140
4796 195
4797 147
4798 160
4799 141
4800 181
4801 152
4802 159
4803 130
4804 160
4805 155
4806 162
4807 136
4808 150
4809 200
4810 134
4811 151
4812 165
4813 115
4814 160
4815 191
4816 154
4817 169
4818 161
4819 150
4820 175
4821 144
4822 175
4823 116
4824 140
4825 179
4826 165
4827 179
4828 144
4829 191
4830 102
4831 183
4832 178
4833 204
4834 68
4835 176
4836 194
4837 125
4838 143
4839 126
4840 131
4841 181
4842 77
4843 155
4844 135
4845 198
4846 163
4847 171
4848 183
4849 159
4850 141
4851 145
4852 118
4853 152
4854 206
4855 142
4856 117
4857 148
4858 215
4859 139
4860 182
4861 158
4862 123
4863 157
4864 157
4865 127
4866 103
4867 138
4868 156
4869 145
4870 122
4871 120
4872 188
4873 160
4874 145
4875 172
4876 141
4877 139
4878 172
4879 151
4880 199
4881 165
4882 152
4883 198
4884 92
4885 169
4886 196
4887 173
4888 169
4889 128
4890 133
4891 170
4892 145
4893 144
4894 150
4895 185
4896 104
4897 168
4898 62
4899 99
4900 154
4901 133
4902 159
4903 155
4904 170
4905 146
4906 135
4907 180
4908 162
4909 165
4910 131
4911 144
4912 108
4913 164
4914 166
4915 85
4916 150
4917 190
4918 163
4919 164
4920 119
4921 189
4922 182
4923 165
4924 177
4925 152
4926 173
4927 161
4928 167
4929 132
4930 170
4931 117
4932 147
4933 179
4934 131
4935 224
4936 181
4937 166
4938 171
4939 162
4940 192
4941 178
4942 147
4943 174
4944 172
4945 168
4946 146
4947 163
4948 182
4949 159
4950 191
4951 182
4952 141
4953 150
4954 121
4955 160
4956 156
4957 126
4958 132
4959 114
4960 136
4961 142
4962 143
4963 175
4964 207
4965 177
4966 142
4967 123
4968 162
4969 157
4970 165
4971 162
4972 176
4973 189
4974 91
4975 184
4976 197
4977 133
4978 141
4979 182
4980 210
4981 146
4982 137
4983 194
4984 180
4985 115
4986 171
4987 157
4988 167
4989 141
4990 124
4991 209
4992 137
4993 173
4994 107
4995 150
4996 177
4997 178
4998 56
4999 183
5000 151
5001 126
5002 152
5003 198
5004 128
5005 159
5006 131
5007 172
5008 160
5009 137
5010 117
5011 174
5012 203
5013 232
5014 174
5015 109
5016 145
5017 133
5018 207
5019 170
5020 113
5021 171
5022 150
5023 134
5024 180
5025 150
5026 151
5027 140
5028 97
5029 169
5030 157
5031 182
5032 172
5033 138
5034 107
5035 153
5036 179
5037 126
5038 128
5039 181
5040 175
5041 133
5042 143
5043 143
5044 91
5045 156
5046 96
5047 181
5048 164
5049 172
5050 152
5051 156
5052 169
5053 145
5054 165
5055 165
5056 131
5057 183
5058 206
5059 147
5060 95
5061 149
5062 158
5063 110
5064 134
5065 135
5066 183
5067 148
5068 102
5069 146
5070 147
5071 192
5072 158
5073 155
5074 153
5075 133
5076 178
5077 160
5078 150
5079 182
5080 178
5081 179
5082 91
5083 156
5084 182
5085 153
5086 173
5087 183
5088 178
5089 130
5090 150
5091 125
5092 147
5093 182
5094 98
5095 117
5096 172
5097 216
5098 152
5099 162
5100 161
5101 139
5102 131
5103 166
5104 166
5105 79
5106 163
5107 199
5108 142
5109 121
5110 131
5111 179
5112 188
5113 155
5114 131
5115 136
5116 161
5117 149
5118 165
5119 138
5120 123
5121 164
5122 161
5123 185
5124 170
5125 176
5126 123
5127 153
5128 174
5129 188
5130 176
5131 146
5132 143
5133 154
5134 175
5135 154
5136 143
5137 166
5138 140
5139 144
5140 166
5141 121
5142 164
5143 153
5144 119
5145 160
5146 183
5147 157
5148 161
5149 171
5150 108
5151 155
5152 150
5153 173
5154 164
5155 145
5156 157
5157 164
5158 157
5159 178
5160 162
5161 148
5162 104
5163 118
5164 109
5165 166
5166 145
5167 139
5168 159
5169 161
5170 151
5171 99
5172 175
5173 160
5174 168
5175 162
5176 142
5177 160
5178 151
5179 141
5180 208
5181 190
5182 204
5183 175
5184 159
5185 189
5186 190
5187 138
5188 138
5189 137
5190 189
5191 164
5192 148
5193 163
5194 190
5195 129
5196 134
5197 143
5198 145
5199 152
5200 170
5201 206
5202 178
5203 190
5204 94
5205 152
5206 174
5207 144
5208 166
5209 181
5210 125
5211 124
5212 115
5213 137
5214 134
5215 158
5216 172
5217 151
5218 138
5219 152
5220 138
5221 159
5222 100
5223 208
5224 152
5225 169
5226 148
5227 157
5228 173
5229 180
5230 157
5231 134
5232 168
5233 206
5234 141
5235 148
5236 171
5237 116
5238 166
5239 160
5240 160
5241 185
5242 184
5243 152
5244 162
5245 145
5246 180
5247 121
5248 230
5249 140
5250 81
5251 161
5252 138
5253 166
5254 187
5255 159
5256 167
5257 150
5258 212
5259 162
5260 165
5261 144
5262 138
5263 189
5264 141
5265 124
5266 168
5267 169
5268 167
5269 134
5270 195
5271 188
5272 161
5273 158
5274 202
5275 188
5276 172
5277 117
5278 195
5279 151
5280 172
5281 176
5282 149
5283 141
5284 133
5285 153
5286 176
5287 132
5288 180
5289 221
5290 181
5291 148
5292 158
5293 182
5294 142
5295 121
5296 127
5297 150
5298 171
5299 197
5300 165
5301 107
5302 146
5303 136
5304 151
5305 178
5306 149
5307 185
5308 151
5309 161
5310 163
5311 179
5312 100
5313 200
5314 135
5315 145
5316 165
5317 146
5318 162
5319 183
5320 145
5321 183
5322 161
5323 185
5324 107
5325 143
5326 106
5327 154
5328 152
5329 189
5330 163
5331 162
5332 151
5333 196
5334 162
5335 120
5336 157
5337 178
5338 127
5339 147
5340 130
5341 205
5342 154
5343 52
5344 119
5345 150
5346 175
5347 164
5348 169
5349 198
5350 170
5351 129
5352 149
5353 156
5354 134
5355 185
5356 184
5357 129
5358 161
5359 146
5360 132
5361 178
5362 204
5363 127
5364 164
5365 158
5366 140
5367 133
5368 154
5369 119
5370 180
5371 154
5372 173
5373 166
5374 154
5375 168
5376 160
5377 168
5378 153
5379 154
5380 220
5381 139
5382 145
5383 167
5384 130
5385 112
5386 154
5387 139
5388 119
5389 127
5390 87
5391 164
5392 176
5393 132
5394 183
5395 153
5396 106
5397 152
5398 163
5399 149
5400 151
5401 186
5402 200
5403 172
5404 179
5405 151
5406 144
5407 148
5408 166
5409 169
5410 156
5411 178
5412 180
5413 137
5414 168
5415 179
5416 167
5417 110
5418 160
5419 162
5420 134
5421 170
5422 174
5423 210
5424 194
5425 173
5426 170
5427 141
5428 147
5429 136
5430 172
5431 156
5432 156
5433 167
5434 154
5435 173
5436 198
5437 155
5438 135
5439 157
5440 163
5441 138
5442 114
5443 160
5444 237
5445 147
5446 166
5447 174
5448 165
5449 201
5450 130
5451 187
5452 137
5453 123
5454 133
5455 129
5456 148
5457 192
5458 135
5459 157
5460 135
5461 129
5462 147
5463 149
5464 170
5465 170
5466 164
5467 201
5468 170
5469 127
5470 162
5471 185
5472 174
5473 222
5474 147
5475 166
5476 201
5477 170
5478 151
5479 137
5480 154
5481 131
5482 146
5483 136
5484 162
5485 146
5486 154
5487 155
5488 63
5489 166
5490 171
5491 155
5492 184
5493 152
5494 135
5495 114
5496 154
5497 143
5498 174
5499 144
5500 162
5501 120
5502 158
5503 176
5504 104
5505 137
5506 123
5507 140
5508 138
5509 169
5510 137
5511 161
5512 174
5513 194
5514 145
5515 152
5516 147
5517 128
5518 135
5519 193
5520 151
5521 156
5522 184
5523 155
5524 158
5525 100
5526 187
5527 132
5528 141
5529 162
5530 198
5531 201
5532 179
5533 142
5534 176
5535 131
5536 211
5537 193
5538 170
5539 178
5540 160
5541 159
5542 144
5543 187
5544 133
5545 148
5546 143
5547 188
5548 197
5549 151
5550 236
5551 136
5552 128
5553 171
5554 127
5555 159
5556 187
5557 131
5558 159
5559 134
5560 186
5561 144
5562 148
5563 241
5564 184
5565 191
5566 175
5567 178
5568 183
5569 125
5570 166
5571 169
5572 183
5573 118
5574 163
5575 142
5576 168
5577 141
5578 164
5579 145
5580 172
5581 147
5582 180
5583 154
5584 167
5585 155
5586 186
5587 113
5588 187
5589 155
5590 174
5591 168
5592 215
5593 161
5594 179
5595 149
5596 109
5597 147
5598 218
5599 113
5600 205
5601 163
5602 188
5603 144
5604 171
5605 196
5606 120
5607 102
5608 146
5609 155
5610 135
5611 154
5612 153
5613 115
5614 137
5615 148
5616 131
5617 177
5618 134
5619 208
5620 125
5621 122
5622 133
5623 163
5624 158
5625 142
5626 106
5627 157
5628 163
5629 125
5630 169
5631 185
5632 169
5633 154
5634 181
5635 173
5636 153
5637 136
5638 144
5639 155
5640 114
5641 177
5642 169
5643 134
5644 166
5645 158
5646 181
5647 164
5648 127
5649 122
5650 119
5651 155
5652 193
5653 191
5654 198
5655 148
5656 193
5657 179
5658 181
5659 130
5660 106
5661 105
5662 125
5663 164
5664 170
5665 138
5666 128
5667 177
5668 153
5669 162
5670 168
5671 140
5672 175
5673 158
5674 98
5675 133
5676 194
5677 212
5678 152
5679 151
5680 160
5681 63
5682 165
5683 167
5684 177
5685 156
5686 150
5687 188
5688 98
5689 155
5690 165
5691 191
5692 157
5693 145
5694 157
5695 139
5696 131
5697 152
5698 192
5699 182
5700 110
5701 182
5702 166
5703 168
5704 152
5705 157
5706 159
5707 141
5708 149
5709 173
5710 132
5711 139
5712 210
5713 179
5714 97
5715 153
5716 119
5717 150
5718 152
5719 158
5720 128
5721 120
5722 179
5723 168
5724 150
5725 161
5726 180
5727 183
5728 170
5729 152
5730 166
5731 143
5732 137
5733 145
5734 157
5735 163
5736 183
5737 172
5738 168
5739 167
5740 149
5741 200
5742 136
5743 156
5744 146
5745 167
5746 189
5747 194
5748 158
5749 139
5750 164
5751 137
5752 83
5753 145
5754 155
5755 126
5756 145
5757 154
5758 182
5759 160
5760 186
5761 183
5762 113
5763 78
5764 130
5765 159
5766 162
5767 163
5768 158
5769 166
5770 183
5771 166
5772 158
5773 124
5774 99
5775 198
5776 148
5777 161
5778 114
5779 136
5780 144
5781 178
5782 160
5783 177
5784 158
5785 125
5786 145
5787 172
5788 232
5789 151
5790 133
5791 140
5792 178
5793 184
5794 173
5795 179
5796 188
5797 141
5798 159
5799 189
5800 162
5801 154
5802 161
5803 165
5804 159
5805 144
5806 165
5807 159
5808 169
5809 174
5810 190
5811 178
5812 180
5813 119
5814 184
5815 134
5816 159
5817 156
5818 208
5819 143
5820 218
5821 101
5822 139
5823 147
5824 164
5825 198
5826 165
5827 144
5828 154
5829 128
5830 140
5831 195
5832 144
5833 168
5834 161
5835 134
5836 152
5837 154
5838 155
5839 164
5840 148
5841 170
5842 186
5843 158
5844 161
5845 151
5846 166
5847 101
5848 166
5849 151
5850 161
5851 131
5852 169
5853 159
5854 145
5855 110
5856 150
5857 145
5858 116
5859 155
5860 134
5861 154
5862 147
5863 130
5864 151
5865 149
5866 160
5867 144
5868 154
5869 150
5870 110
5871 176
5872 202
5873 170
5874 162
5875 157
5876 141
5877 136
5878 150
5879 141
5880 141
5881 167
5882 136
5883 142
5884 156
5885 90
5886 144
5887 179
5888 150
5889 146
5890 156
5891 151
5892 124
5893 139
5894 159
5895 147
5896 150
5897 161
5898 130
5899 142
5900 168
5901 177
5902 186
5903 118
5904 155
5905 235
5906 154
5907 152
5908 172
5909 133
5910 173
5911 142
5912 134
5913 76
5914 155
5915 153
5916 141
5917 162
5918 159
5919 167
5920 181
5921 171
5922 144
5923 152
5924 190
5925 195
5926 139
5927 179
5928 166
5929 191
5930 135
5931 165
5932 136
5933 191
5934 138
5935 160
5936 144
5937 146
5938 156
5939 180
5940 140
5941 148
5942 145
5943 98
5944 165
5945 160
5946 174
5947 141
5948 167
5949 197
5950 148
5951 128
5952 168
5953 153
5954 155
5955 168
5956 150
5957 132
5958 158
5959 130
5960 155
5961 168
5962 176
5963 235
5964 149
5965 160
5966 18
5967 155
5968 177
5969 106
5970 176
5971 182
5972 155
5973 179
5974 158
5975 200
5976 209
5977 125
5978 134
5979 140
5980 161
5981 157
5982 169
5983 158
5984 141
5985 104
5986 189
5987 146
5988 130
5989 167
5990 94
5991 231
5992 127
5993 247
5994 116
5995 168
5996 157
5997 147
5998 162
5999 132
6000 198
6001 202
6002 168
6003 137
6004 193
6005 156
6006 161
6007 153
6008 147
6009 144
6010 126
6011 146
6012 177
6013 167
6014 166
6015 146
6016 103
6017 129
6018 199
6019 165
6020 150
6021 174
6022 163
6023 133
6024 197
6025 181
6026 147
6027 165
6028 87
6029 167
6030 161
6031 140
6032 103
6033 136
6034 176
6035 144
6036 165
6037 184
6038 146
6039 145
6040 192
6041 132
6042 140
6043 157
6044 177
6045 155
6046 163
6047 157
6048 144
6049 152
6050 159
6051 146
6052 162
6053 166
6054 129
6055 147
6056 170
6057 151
6058 175
6059 127
6060 133
6061 101
6062 131
6063 208
6064 203
6065 157
6066 142
6067 141
6068 180
6069 130
6070 151
6071 194
6072 169
6073 201
6074 193
6075 187
6076 147
6077 160
6078 93
6079 99
6080 106
6081 178
6082 169
6083 101
6084 135
6085 175
6086 131
6087 116
6088 94
6089 143
6090 140
6091 201
6092 169
6093 155
6094 112
6095 139
6096 172
6097 148
6098 140
6099 169
6100 197
6101 149
6102 167
6103 162
6104 147
6105 203
6106 127
6107 159
6108 149
6109 229
6110 192
6111 204
6112 158
6113 150
6114 207
6115 160
6116 124
6117 88
6118 123
6119 190
6120 128
6121 169
6122 184
6123 166
6124 166
6125 155
6126 147
6127 187
6128 134
6129 173
6130 150
6131 166
6132 189
6133 175
6134 173
6135 147
6136 198
6137 200
6138 174
6139 144
6140 154
6141 203
6142 170
6143 127
6144 216
6145 97
6146 173
6147 131
6148 123
6149 141
6150 156
6151 180
6152 152
6153 159
6154 181
6155 124
6156 147
6157 167
6158 88
6159 151
6160 206
6161 196
6162 190
6163 169
6164 175
6165 206
6166 139
6167 160
6168 177
6169 137
6170 159
6171 167
6172 186
6173 141
6174 138
6175 138
6176 141
6177 195
6178 167
6179 120
6180 175
6181 171
6182 113
6183 124
6184 141
6185 164
6186 96
6187 155
6188 153
6189 177
6190 156
6191 172
6192 138
6193 221
6194 154
6195 189
6196 144
6197 181
6198 177
6199 162
6200 200
6201 144
6202 149
6203 152
6204 126
6205 116
6206 157
6207 153
6208 140
6209 114
6210 203
6211 191
6212 162
6213 186
6214 107
6215 169
6216 136
6217 224
6218 165
6219 120
6220 139
6221 174
6222 154
6223 159
6224 182
6225 115
6226 159
6227 134
6228 156
6229 148
6230 143
6231 202
6232 144
6233 182
6234 174
6235 163
6236 188
6237 152
6238 217
6239 166
6240 150
6241 116
6242 156
6243 107
6244 173
6245 157
6246 158
6247 170
6248 143
6249 183
6250 154
6251 162
6252 125
6253 167
6254 215
6255 171
6256 160
6257 171
6258 188
6259 124
6260 149
6261 144
6262 180
6263 178
6264 125
6265 205
6266 141
6267 146
6268 3
6269 182
6270 80
6271 129
6272 158
6273 149
6274 132
6275 115
6276 163
6277 165
6278 146
6279 139
6280 167
6281 163
6282 176
6283 141
6284 159
6285 172
6286 187
6287 160
6288 186
6289 175
6290 157
6291 158
6292 157
6293 160
6294 137
6295 165
6296 205
6297 170
6298 191
6299 151
6300 142
6301 171
6302 182
6303 183
6304 154
6305 129
6306 118
6307 148
6308 128
6309 153
6310 142
6311 171
6312 163
6313 188
6314 144
6315 165
6316 128
6317 190
6318 154
6319 145
6320 138
6321 168
6322 136
6323 134
6324 162
6325 170
6326 149
6327 142
6328 128
6329 93
6330 146
6331 146
6332 120
6333 118
6334 209
6335 160
6336 176
6337 173
6338 159
6339 157
6340 139
6341 145
6342 144
6343 148
6344 104
6345 155
6346 136
6347 166
6348 80
6349 150
6350 181
6351 187
6352 197
6353 118
6354 179
6355 159
6356 171
6357 158
6358 184
6359 158
6360 134
6361 158
6362 98
6363 102
6364 159
6365 141
6366 131
6367 139
6368 153
6369 179
6370 73
6371 140
6372 130
6373 154
6374 151
6375 139
6376 167
6377 184
6378 171
6379 162
6380 150
6381 170
6382 145
6383 140
6384 183
6385 161
6386 180
6387 182
6388 96
6389 171
6390 187
6391 109
6392 188
6393 144
6394 197
6395 150
6396 185
6397 127
6398 150
6399 98
6400 147
6401 155
6402 166
6403 156
6404 108
6405 145
6406 147
6407 123
6408 182
6409 130
6410 112
6411 136
6412 170
6413 190
6414 200
6415 143
6416 147
6417 137
6418 104
6419 155
6420 154
6421 180
6422 154
6423 176
6424 142
6425 160
6426 185
6427 166
6428 122
6429 134
6430 163
6431 157
6432 81
6433 124
6434 135
6435 158
6436 133
6437 156
6438 135
6439 145
6440 137
6441 176
6442 135
6443 141
6444 189
6445 183
6446 176
6447 212
6448 132
6449 169
6450 180
6451 103
6452 201
6453 157
6454 165
6455 176
6456 164
6457 172
6458 80
6459 153
6460 125
6461 170
6462 186
6463 166
6464 122
6465 155
6466 159
6467 188
6468 140
6469 140
6470 187
6471 188
6472 182
6473 126
6474 159
6475 136
6476 181
6477 181
6478 171
6479 121
6480 150
6481 124
6482 178
6483 187
6484 151
6485 166
6486 220
6487 167
6488 157
6489 152
6490 149
6491 163
6492 162
6493 120
6494 141
6495 98
6496 137
6497 129
6498 167
6499 174
6500 166
6501 120
6502 164
6503 186
6504 136
6505 185
6506 159
6507 152
6508 143
6509 146
6510 167
6511 109
6512 216
6513 167
6514 186
6515 173
6516 146
6517 136
6518 186
6519 183
6520 159
6521 111
6522 99
6523 170
6524 98
6525 165
6526 162
6527 178
6528 213
6529 175
6530 157
6531 179
6532 164
6533 152
6534 171
6535 140
6536 126
6537 163
6538 160
6539 166
6540 135
6541 204
6542 135
6543 189
6544 148
6545 164
6546 170
6547 119
6548 171
6549 124
6550 133
6551 150
6552 184
6553 167
6554 174
6555 176
6556 126
6557 209
6558 145
6559 150
6560 133
6561 190
6562 167
6563 171
6564 96
6565 158
6566 190
6567 154
6568 180
6569 128
6570 149
6571 107
6572 153
6573 189
6574 183
6575 157
6576 151
6577 140
6578 190
6579 149
6580 154
6581 161
6582 118
6583 155
6584 155
6585 184
6586 101
6587 127
6588 144
6589 126
6590 153
6591 182
6592 133
6593 160
6594 137
6595 195
6596 167
6597 111
6598 170
6599 170
6600 135
6601 160
6602 177
6603 136
6604 111
6605 165
6606 155
6607 154
6608 129
6609 140
6610 190
6611 149
6612 180
6613 134
6614 117
6615 167
6616 158
6617 135
6618 107
6619 162
6620 165
6621 109
6622 162
6623 157
6624 151
6625 168
6626 175
6627 139
6628 94
6629 160
6630 147
6631 126
6632 125
6633 178
6634 205
6635 184
6636 145
6637 120
6638 169
6639 190
6640 168
6641 110
6642 162
6643 199
6644 165
6645 174
6646 138
6647 149
6648 152
6649 151
6650 150
6651 222
6652 176
6653 119
6654 137
6655 140
6656 104
6657 151
6658 135
6659 164
6660 146
6661 139
6662 139
6663 162
6664 155
6665 176
6666 122
6667 135
6668 185
6669 150
6670 162
6671 204
6672 138
6673 155
6674 159
6675 196
6676 141
6677 178
6678 163
6679 185
6680 106
6681 94
6682 142
6683 111
6684 150
6685 174
6686 145
6687 135
6688 97
6689 167
6690 136
6691 158
6692 205
6693 169
6694 163
6695 73
6696 182
6697 62
6698 192
6699 148
6700 157
6701 132
6702 185
6703 130
6704 128
6705 140
6706 152
6707 166
6708 139
6709 125
6710 148
6711 137
6712 165
6713 100
6714 178
6715 153
6716 177
6717 168
6718 158
6719 169
6720 130
6721 169
6722 155
6723 172
6724 229
6725 174
6726 171
6727 166
6728 142
6729 150
6730 133
6731 139
6732 132
6733 202
6734 157
6735 158
6736 112
6737 177
6738 179
6739 165
6740 170
6741 225
6742 139
6743 180
6744 174
6745 131
6746 158
6747 167
6748 150
6749 157
6750 145
6751 158
6752 157
6753 116
6754 192
6755 145
6756 171
6757 192
6758 186
6759 101
6760 163
6761 171
6762 124
6763 154
6764 178
6765 176
6766 191
6767 118
6768 146
6769 162
6770 146
6771 277
6772 150
6773 117
6774 166
6775 153
6776 180
6777 214
6778 139
6779 122
6780 130
6781 163
6782 158
6783 146
6784 149
6785 146
6786 191
6787 132
6788 180
6789 138
6790 132
6791 148
6792 172
6793 141
6794 169
6795 159
6796 151
6797 150
6798 122
6799 143
6800 161
6801 146
6802 137
6803 184
6804 203
6805 167
6806 166
6807 141
6808 166
6809 158
6810 150
6811 174
6812 100
6813 150
6814 173
6815 129
6816 174
6817 152
6818 146
6819 115
6820 142
6821 165
6822 188
6823 128
6824 147
6825 141
6826 104
6827 173
6828 142
6829 151
6830 145
6831 187
6832 182
6833 164
6834 174
6835 155
6836 158
6837 162
6838 177
6839 188
6840 184
6841 130
6842 153
6843 163
6844 152
6845 161
6846 152
6847 163
6848 159
6849 142
6850 216
6851 157
6852 180
6853 169
6854 112
6855 120
6856 96
6857 131
6858 162
6859 127
6860 121
6861 148
6862 123
6863 132
6864 189
6865 150
6866 136
6867 200
6868 134
6869 172
6870 225
6871 142
6872 127
6873 179
6874 155
6875 142
6876 169
6877 111
6878 176
6879 180
6880 137
6881 165
6882 142
6883 206
6884 144
6885 96
6886 187
6887 150
6888 176
6889 181
6890 212
6891 181
6892 164
6893 158
6894 166
6895 126
6896 139
6897 178
6898 120
6899 163
6900 174
6901 162
6902 162
6903 179
6904 161
6905 153
6906 174
6907 154
6908 184
6909 176
6910 222
6911 165
6912 166
6913 101
6914 144
6915 170
6916 151
6917 119
6918 166
6919 171
6920 135
6921 131
6922 150
6923 140
6924 160
6925 138
6926 129
6927 158
6928 134
6929 139
6930 137
6931 87
6932 129
6933 160
6934 164
6935 98
6936 175
6937 152
6938 140
6939 165
6940 151
6941 183
6942 176
6943 173
6944 155
6945 100
6946 221
6947 159
6948 203
6949 155
6950 174
6951 141
6952 149
6953 154
6954 197
6955 157
6956 130
6957 137
6958 166
6959 176
6960 117
6961 201
6962 159
6963 183
6964 74
6965 130
6966 193
6967 154
6968 120
6969 161
6970 199
6971 210
6972 127
6973 183
6974 138
6975 139
6976 166
6977 171
6978 128
6979 133
6980 178
6981 113
6982 143
6983 174
6984 97
6985 165
6986 155
6987 146
6988 193
6989 106
6990 157
6991 149
6992 168
6993 162
6994 182
6995 150
6996 132
6997 87
6998 137
6999 178
7000 151
7001 124
7002 142
7003 184
7004 134
7005 152
7006 167
7007 145
7008 136
7009 221
7010 75
7011 150
7012 155
7013 192
7014 146
7015 160
7016 138
7017 137
7018 155
7019 180
7020 109
7021 180
7022 182
7023 171
7024 161
7025 161
7026 138
7027 182
7028 200
7029 137
7030 161
7031 168
7032 159
7033 136
7034 147
7035 128
7036 121
7037 144
7038 158
7039 147
7040 132
7041 175
7042 171
7043 169
7044 189
7045 120
7046 191
7047 168
7048 171
7049 213
7050 145
7051 187
7052 151
7053 145
7054 123
7055 148
7056 134
7057 161
7058 148
7059 174
7060 152
7061 143
7062 164
7063 156
7064 146
7065 160
7066 164
7067 125
7068 133
7069 169
7070 138
7071 81
7072 172
7073 175
7074 181
7075 209
7076 156
7077 216
7078 158
7079 185
7080 137
7081 206
7082 153
7083 143
7084 154
7085 158
7086 182
7087 156
7088 171
7089 142
7090 173
7091 134
7092 162
7093 151
7094 163
7095 143
7096 162
7097 158
7098 94
7099 115
7100 158
7101 159
7102 149
7103 164
7104 206
7105 143
7106 171
7107 177
7108 156
7109 154
7110 128
7111 104
7112 134
7113 160
7114 176
7115 125
7116 170
7117 128
7118 164
7119 114
7120 175
7121 191
7122 194
7123 162
7124 151
7125 157
7126 160
7127 213
7128 130
7129 156
7130 192
7131 184
7132 187
7133 148
7134 158
7135 191
7136 173
7137 123
7138 177
7139 153
7140 136
7141 129
7142 178
7143 138
7144 191
7145 175
7146 162
7147 177
7148 168
7149 171
7150 147
7151 175
7152 149
7153 143
7154 155
7155 134
7156 110
7157 168
7158 157
7159 153
7160 184
7161 169
7162 160
7163 161
7164 172
7165 178
7166 146
7167 174
7168 166
7169 213
7170 176
7171 172
7172 142
7173 129
7174 159
7175 207
7176 137
7177 154
7178 144
7179 159
7180 151
7181 158
7182 159
7183 114
7184 163
7185 161
7186 123
7187 167
7188 131
7189 175
7190 163
7191 155
7192 155
7193 106
7194 172
7195 163
7196 118
7197 110
7198 128
7199 135
7200 168
7201 208
7202 150
7203 129
7204 139
7205 183
7206 128
7207 213
7208 130
7209 154
7210 157
7211 118
7212 144
7213 170
7214 178
7215 163
7216 141
7217 186
7218 183
7219 129
7220 122
7221 157
7222 155
7223 170
7224 125
7225 155
7226 163
7227 191
7228 124
7229 103
7230 155
7231 174
7232 108
7233 125
7234 122
7235 145
7236 147
7237 157
7238 192
7239 121
7240 192
7241 131
7242 167
7243 165
7244 129
7245 122
7246 153
7247 126
7248 150
7249 165
7250 140
7251 168
7252 148
7253 187
7254 133
7255 181
7256 158
7257 192
7258 175
7259 168
7260 125
7261 165
7262 204
7263 171
7264 183
7265 167
7266 173
7267 143
7268 166
7269 159
7270 175
7271 156
7272 191
7273 158
7274 154
7275 230
7276 163
7277 161
7278 118
7279 126
7280 151
7281 168
7282 162
7283 154
7284 194
7285 186
7286 153
7287 157
7288 158
7289 173
7290 152
7291 168
7292 164
7293 203
7294 169
7295 165
7296 153
7297 190
7298 165
7299 137
7300 220
7301 157
7302 153
7303 123
7304 155
7305 127
7306 190
7307 167
7308 130
7309 137
7310 176
7311 123
7312 205
7313 167
7314 154
7315 166
7316 156
7317 163
7318 142
7319 163
7320 172
7321 180
7322 161
7323 153
7324 186
7325 130
7326 151
7327 174
7328 136
7329 128
7330 161
7331 181
7332 151
7333 164
7334 132
7335 19
7336 145
7337 155
7338 162
7339 216
7340 145
7341 152
7342 161
7343 127
7344 191
7345 171
7346 167
7347 172
7348 152
7349 200
7350 129
7351 198
7352 208
7353 142
7354 158
7355 146
7356 187
7357 197
7358 121
7359 220
7360 169
7361 155
7362 161
7363 139
7364 158
7365 122
7366 153
7367 154
7368 201
7369 176
7370 140
7371 187
7372 108
7373 180
7374 226
7375 203
7376 115
7377 153
7378 123
7379 176
7380 192
7381 177
7382 146
7383 180
7384 163
7385 155
7386 119
7387 124
7388 159
7389 131
7390 195
7391 153
7392 146
7393 183
7394 204
7395 159
7396 181
7397 156
7398 191
7399 182
7400 196
7401 145
7402 115
7403 126
7404 141
7405 126
7406 111
7407 200
7408 138
7409 154
7410 158
7411 138
7412 149
7413 165
7414 148
7415 144
7416 177
7417 190
7418 223
7419 133
7420 125
7421 157
7422 191
7423 149
7424 118
7425 178
7426 181
7427 161
7428 152
7429 200
7430 154
7431 207
7432 157
7433 149
7434 154
7435 175
7436 173
7437 167
7438 113
7439 165
7440 178
7441 151
7442 145
7443 162
7444 153
7445 173
7446 150
7447 172
7448 155
7449 102
7450 130
7451 147
7452 154
7453 137
7454 153
7455 136
7456 136
7457 171
7458 195
7459 133
7460 99
7461 157
7462 161
7463 157
7464 184
7465 170
7466 173
7467 122
7468 154
7469 155
7470 171
7471 199
7472 204
7473 168
7474 127
7475 143
7476 148
7477 181
7478 195
7479 153
7480 179
7481 152
7482 181
7483 185
7484 151
7485 182
7486 157
7487 174
7488 157
7489 174
7490 121
7491 161
7492 136
7493 178
7494 155
7495 132
7496 184
7497 172
7498 157
7499 181
7500 157
7501 208
7502 146
7503 162
7504 172
7505 142
7506 151
7507 107
7508 183
7509 154
7510 157
7511 189
7512 121
7513 202
7514 171
7515 155
7516 114
7517 180
7518 119
7519 164
7520 151
7521 228
7522 160
7523 194
7524 119
7525 154
7526 117
7527 238
7528 138
7529 185
7530 135
7531 124
7532 177
7533 130
7534 221
7535 129
7536 145
7537 161
7538 170
7539 151
7540 125
7541 154
7542 144
7543 115
7544 152
7545 136
7546 188
7547 141
7548 160
7549 133
7550 177
7551 142
7552 78
7553 168
7554 107
7555 161
7556 153
7557 177
7558 167
7559 155
7560 160
7561 143
7562 122
7563 157
7564 188
7565 132
7566 143
7567 179
7568 153
7569 137
7570 193
7571 184
7572 86
7573 170
7574 157
7575 138
7576 131
7577 185
7578 146
7579 127
7580 115
7581 169
7582 192
7583 142
7584 149
7585 149
7586 160
7587 185
7588 175
7589 157
7590 186
7591 124
7592 156
7593 95
7594 161
7595 149
7596 207
7597 166
7598 150
7599 173
7600 149
7601 169
7602 178
7603 190
7604 147
7605 128
7606 179
7607 150
7608 139
7609 170
7610 184
7611 127
7612 183
7613 184
7614 228
7615 108
7616 143
7617 173
7618 148
7619 116
7620 164
7621 196
7622 237
7623 178
7624 145
7625 171
7626 187
7627 112
7628 124
7629 154
7630 157
7631 179
7632 135
7633 153
7634 123
7635 149
7636 143
7637 138
7638 143
7639 121
7640 165
7641 151
7642 167
7643 160
7644 92
7645 207
7646 140
7647 174
7648 131
7649 173
7650 179
7651 185
7652 149
7653 182
7654 175
7655 125
7656 156
7657 230
7658 111
7659 153
7660 127
7661 149
7662 166
7663 151
7664 159
7665 145
7666 165
7667 107
7668 160
7669 123
7670 168
7671 163
7672 250
7673 133
7674 162
7675 122
7676 185
7677 214
7678 160
7679 132
7680 158
7681 154
7682 121
7683 158
7684 111
7685 153
7686 131
7687 188
7688 181
7689 124
7690 141
7691 215
7692 174
7693 154
7694 165
7695 223
7696 142
7697 150
7698 177
7699 128
7700 174
7701 144
7702 180
7703 125
7704 165
7705 194
7706 180
7707 137
7708 117
7709 177
7710 127
7711 159
7712 169
7713 181
7714 163
7715 156
7716 164
7717 134
7718 232
7719 132
7720 146
7721 158
7722 189
7723 203
7724 213
7725 158
7726 150
7727 139
7728 166
7729 137
7730 126
7731 111
7732 178
7733 144
7734 148
7735 212
7736 164
7737 166
7738 171
7739 155
7740 158
7741 140
7742 115
7743 176
7744 147
7745 173
7746 184
7747 178
7748 164
7749 174
7750 180
7751 134
7752 239
7753 183
7754 117
7755 150
7756 190
7757 157
7758 136
7759 156
7760 126
7761 148
7762 131
7763 162
7764 120
7765 52
7766 183
7767 132
7768 188
7769 152
7770 195
7771 147
7772 151
7773 160
7774 147
7775 153
7776 157
7777 142
7778 181
7779 143
7780 144
7781 151
7782 157
7783 82
7784 72
7785 170
7786 172
7787 172
7788 195
7789 160
7790 152
7791 162
7792 116
7793 202
7794 173
7795 142
7796 157
7797 213
7798 148
7799 167
7800 171
7801 160
7802 169
7803 174
7804 205
7805 165
7806 167
7807 137
7808 154
7809 170
7810 192
7811 182
7812 140
7813 206
7814 134
7815 158
7816 167
7817 146
7818 169
7819 186
7820 119
7821 150
7822 140
7823 156
7824 136
7825 161
7826 138
7827 153
7828 181
7829 168
7830 171
7831 151
7832 175
7833 137
7834 158
7835 156
7836 151
7837 198
7838 129
7839 146
7840 121
7841 161
7842 146
7843 108
7844 149
7845 117
7846 163
7847 163
7848 191
7849 153
7850 141
7851 196
7852 192
7853 177
7854 90
7855 137
7856 208
7857 171
7858 164
7859 148
7860 169
7861 159
7862 166
7863 156
7864 148
7865 161
7866 150
7867 155
7868 194
7869 167
7870 151
7871 190
7872 155
7873 154
7874 163
7875 152
7876 147
7877 156
7878 158
7879 189
7880 158
7881 143
7882 144
7883 106
7884 163
7885 114
7886 102
7887 170
7888 158
7889 178
7890 146
7891 175
7892 161
7893 144
7894 164
7895 182
7896 133
7897 159
7898 161
7899 170
7900 156
7901 118
7902 134
7903 81
7904 192
7905 192
7906 153
7907 177
7908 150
7909 134
7910 109
7911 128
7912 178
7913 164
7914 105
7915 106
7916 145
7917 108
7918 190
7919 151
7920 191
7921 141
7922 131
7923 61
7924 128
7925 182
7926 124
7927 126
7928 166
7929 229
7930 159
7931 148
7932 65
7933 147
7934 123
7935 127
7936 150
7937 146
7938 119
7939 157
7940 161
7941 183
7942 178
7943 172
7944 148
7945 145
7946 137
7947 143
7948 180
7949 205
7950 138
7951 151
7952 89
7953 144
7954 146
7955 160
7956 105
7957 154
7958 136
7959 162
7960 139
7961 153
7962 181
7963 144
7964 247
7965 160
7966 160
7967 160
7968 141
7969 148
7970 130
7971 207
7972 129
7973 228
7974 141
7975 212
7976 147
7977 151
7978 109
7979 130
7980 176
7981 203
7982 154
7983 132
7984 161
7985 125
7986 151
7987 113
7988 137
7989 203
7990 168
7991 123
7992 244
7993 134
7994 138
7995 173
7996 153
7997 161
7998 163
7999 168
8000 160
8001 197
8002 214
8003 164
8004 139
8005 145
8006 124
8007 180
8008 160
8009 164
8010 152
8011 167
8012 143
8013 197
8014 147
8015 151
8016 133
8017 168
8018 118
8019 179
8020 147
8021 160
8022 182
8023 163
8024 144
8025 29
8026 152
8027 182
8028 139
8029 140
8030 164
8031 160
8032 248
8033 151
8034 112
8035 134
8036 164
8037 161
8038 181
8039 195
8040 128
8041 152
8042 0
8043 140
8044 188
8045 124
8046 158
8047 160
8048 144
8049 123
8050 149
8051 186
8052 170
8053 136
8054 193
8055 155
8056 131
8057 177
8058 164
8059 136
8060 170
8061 157
8062 184
8063 139
8064 151
8065 168
8066 126
8067 118
8068 163
8069 152
8070 128
8071 147
8072 177
8073 116
8074 130
8075 168
8076 167
8077 152
8078 205
8079 196
8080 177
8081 196
8082 128
8083 191
8084 186
8085 211
8086 193
8087 106
8088 163
8089 142
8090 140
8091 186
8092 168
8093 140
8094 153
8095 144
8096 166
8097 159
8098 150
8099 155
8100 151
8101 117
8102 122
8103 134
8104 176
8105 176
8106 210
8107 157
8108 144
8109 172
8110 130
8111 220
8112 159
8113 158
8114 168
8115 151
8116 185
8117 129
8118 222
8119 193
8120 142
8121 139
8122 149
8123 154
8124 126
8125 165
8126 104
8127 143
8128 136
8129 176
8130 101
8131 181
8132 194
8133 165
8134 78
8135 141
8136 138
8137 215
8138 170
8139 135
8140 158
8141 135
8142 121
8143 167
8144 192
8145 148
8146 153
8147 129
8148 140
8149 126
8150 165
8151 163
8152 159
8153 105
8154 172
8155 131
8156 133
8157 196
8158 167
8159 188
8160 176
8161 176
8162 152
8163 173
8164 208
8165 129
8166 156
8167 152
8168 187
8169 168
8170 193
8171 158
8172 148
8173 159
8174 161
8175 147
8176 152
8177 173
8178 167
8179 154
8180 166
8181 139
8182 202
8183 219
8184 164
8185 149
8186 164
8187 141
8188 152
8189 153
8190 126
8191 133
8192 149
8193 135
8194 183
8195 187
8196 148
8197 170
8198 142
8199 156
8200 170
8201 158
8202 165
8203 163
8204 157
8205 129
8206 159
8207 174
8208 138
8209 143
8210 180
8211 184
8212 180
8213 159
8214 145
8215 188
8216 142
8217 146
8218 138
8219 132
8220 171
8221 194
8222 162
8223 188
8224 175
8225 146
8226 199
8227 137
8228 159
8229 179
8230 136
8231 160
8232 145
8233 144
8234 169
8235 159
8236 151
8237 154
8238 135
8239 136
8240 163
8241 175
8242 188
8243 144
8244 161
8245 163
8246 165
8247 134
8248 157
8249 178
8250 211
8251 142
8252 156
8253 75
8254 148
8255 122
8256 138
8257 142
8258 142
8259 175
8260 140
8261 118
8262 177
8263 153
8264 177
8265 191
8266 162
8267 115
8268 152
8269 161
8270 164
8271 182
8272 150
8273 155
8274 199
8275 168
8276 155
8277 167
8278 160
8279 152
8280 181
8281 134
8282 149
8283 152
8284 168
8285 212
8286 185
8287 195
8288 166
8289 142
8290 165
8291 173
8292 143
8293 190
8294 165
8295 134
8296 137
8297 158
8298 171
8299 163
8300 152
8301 166
8302 120
8303 146
8304 172
8305 172
8306 108
8307 143
8308 81
8309 164
8310 127
8311 152
8312 153
8313 141
8314 203
8315 89
8316 146
8317 206
8318 123
8319 168
8320 158
8321 154
8322 195
8323 136
8324 162
8325 150
8326 183
8327 176
8328 134
8329 178
8330 142
8331 184
8332 183
8333 189
8334 173
8335 136
8336 146
8337 182
8338 150
8339 182
8340 152
8341 152
8342 189
8343 184
8344 159
8345 141
8346 144
8347 165
8348 170
8349 138
8350 108
8351 120
8352 144
8353 150
8354 150
8355 202
8356 238
8357 158
8358 188
8359 181
8360 175
8361 106
8362 166
8363 177
8364 142
8365 175
8366 183
8367 155
8368 153
8369 145
8370 146
8371 106
8372 151
8373 142
8374 176
8375 125
8376 147
8377 149
8378 124
8379 191
8380 156
8381 219
8382 154
8383 180
8384 158
8385 141
8386 130
8387 161
8388 122
8389 183
8390 178
8391 160
8392 133
8393 125
8394 179
8395 106
8396 159
8397 148
8398 145
8399 173
8400 158
8401 140
8402 179
8403 133
8404 177
8405 168
8406 126
8407 193
8408 155
8409 130
8410 123
8411 131
8412 171
8413 134
8414 140
8415 146
8416 180
8417 138
8418 150
8419 171
8420 161
8421 171
8422 159
8423 107
8424 169
8425 121
8426 208
8427 149
8428 32
8429 148
8430 102
8431 144
8432 175
8433 186
8434 117
8435 149
8436 147
8437 181
8438 143
8439 164
8440 180
8441 150
8442 158
8443 168
8444 146
8445 152
8446 139
8447 115
8448 199
8449 182
8450 141
8451 193
8452 154
8453 181
8454 167
8455 129
8456 160
8457 150
8458 177
8459 181
8460 151
8461 138
8462 172
8463 171
8464 118
8465 186
8466 175
8467 195
8468 146
8469 161
8470 181
8471 155
8472 151
8473 109
8474 173
8475 197
8476 214
8477 132
8478 147
8479 153
8480 152
8481 146
8482 174
8483 204
8484 130
8485 205
8486 165
8487 165
8488 153
8489 117
8490 154
8491 156
8492 89
8493 146
8494 154
8495 161
8496 187
8497 143
8498 156
8499 137
8500 163
8501 173
8502 128
8503 149
8504 146
8505 171
8506 164
8507 133
8508 132
8509 156
8510 144
8511 200
8512 129
8513 160
8514 143
8515 159
8516 167
8517 154
8518 181
8519 180
8520 179
8521 148
8522 153
8523 158
8524 108
8525 158
8526 158
8527 150
8528 159
8529 149
8530 128
8531 209
8532 136
8533 151
8534 176
8535 153
8536 185
8537 200
8538 158
8539 141
8540 187
8541 118
8542 177
8543 173
8544 198
8545 135
8546 170
8547 166
8548 223
8549 176
8550 148
8551 119
8552 189
8553 147
8554 145
8555 158
8556 186
8557 166
8558 140
8559 168
8560 185
8561 169
8562 164
8563 167
8564 155
8565 153
8566 149
8567 188
8568 172
8569 158
8570 165
8571 194
8572 157
8573 138
8574 203
8575 163
8576 153
8577 125
8578 133
8579 150
8580 142
8581 171
8582 173
8583 168
8584 161
8585 136
8586 155
8587 125
8588 194
8589 160
8590 164
8591 171
8592 121
8593 170
8594 201
8595 157
8596 149
8597 92
8598 149
8599 89
8600 173
8601 149
8602 132
8603 165
8604 141
8605 122
8606 134
8607 105
8608 161
8609 144
8610 129
8611 150
8612 187
8613 133
8614 162
8615 133
8616 184
8617 152
8618 179
8619 170
8620 173
8621 211
8622 154
8623 127
8624 167
8625 156
8626 142
8627 148
8628 198
8629 140
8630 191
8631 154
8632 177
8633 120
8634 176
8635 170
8636 176
8637 182
8638 162
8639 94
8640 132
8641 111
8642 145
8643 108
8644 160
8645 161
8646 124
8647 154
8648 170
8649 129
8650 201
8651 175
8652 144
8653 183
8654 197
8655 97
8656 129
8657 174
8658 126
8659 143
8660 168
8661 150
8662 153
8663 158
8664 159
8665 137
8666 159
8667 170
8668 171
8669 172
8670 207
8671 185
8672 147
8673 128
8674 171
8675 152
8676 175
8677 141
8678 136
8679 160
8680 168
8681 170
8682 207
8683 120
8684 152
8685 154
8686 207
8687 121
8688 151
8689 194
8690 199
8691 191
8692 155
8693 136
8694 192
8695 148
8696 128
8697 158
8698 196
8699 103
8700 139
8701 129
8702 209
8703 166
8704 116
8705 144
8706 181
8707 100
8708 201
8709 157
8710 154
8711 129
8712 148
8713 235
8714 136
8715 120
8716 138
8717 182
8718 164
8719 157
8720 182
8721 159
8722 178
8723 165
8724 143
8725 198
8726 151
8727 168
8728 79
8729 135
8730 120
8731 160
8732 161
8733 138
8734 176
8735 143
8736 191
8737 150
8738 152
8739 170
8740 173
8741 124
8742 139
8743 175
8744 137
8745 164
8746 147
8747 150
8748 97
8749 113
8750 145
8751 175
8752 179
8753 143
8754 143
8755 174
8756 169
8757 104
8758 162
8759 183
8760 176
8761 117
8762 151
8763 188
8764 146
8765 141
8766 181
8767 128
8768 174
8769 150
8770 148
8771 137
8772 133
8773 142
8774 95
8775 84
8776 124
8777 137
8778 187
8779 226
8780 135
8781 167
8782 135
8783 105
8784 168
8785 112
8786 133
8787 149
8788 153
8789 145
8790 198
8791 146
8792 192
8793 157
8794 148
8795 131
8796 153
8797 204
8798 205
8799 165
8800 159
8801 169
8802 197
8803 150
8804 171
8805 146
8806 119
8807 179
8808 163
8809 140
8810 171
8811 193
8812 131
8813 168
8814 216
8815 159
8816 191
8817 138
8818 101
8819 135
8820 82
8821 155
8822 160
8823 179
8824 138
8825 156
8826 121
8827 153
8828 181
8829 184
8830 112
8831 186
8832 200
8833 167
8834 174
8835 171
8836 181
8837 165
8838 135
8839 170
8840 178
8841 153
8842 159
8843 197
8844 175
8845 162
8846 164
8847 219
8848 156
8849 165
8850 220
8851 138
8852 141
8853 177
8854 203
8855 163
8856 176
8857 146
8858 105
8859 164
8860 134
8861 112
8862 160
8863 162
8864 138
8865 169
8866 206
8867 152
8868 106
8869 124
8870 123
8871 179
8872 137
8873 163
8874 154
8875 170
8876 163
8877 115
8878 96
8879 157
8880 152
8881 153
8882 158
8883 141
8884 208
8885 149
8886 159
8887 180
8888 141
8889 160
8890 133
8891 160
8892 161
8893 159
8894 165
8895 143
8896 156
8897 152
8898 141
8899 125
