Vertices: 7200
Edges: 50400
Time: 3,861 ms
Iterations: 50347
Vertex Distance
0 0
1 141
2 143
3 166
4 111
5 179
6 137
7 174
8 117
9 130
10 148
11 140
12 145
13 156
14 135
15 149
16 109
17 139
18 115
19 120
20 73
21 124
22 164
23 167
24 167
25 144
26 165
27 176
28 180
29 161
30 163
31 160
32 159
33 204
34 82
35 163
36 149
37 178
38 154
39 171
40 135
41 168
42 100
43 143
44 117
45 147
46 180
47 158
48 145
49 221
50 133
51 138
52 138
53 114
54 97
55 132
56 137
57 136
58 144
59 191
60 151
61 160
62 195
63 168
64 141
65 185
66 115
67 138
68 149
69 140
70 149
71 103
72 153
73 107
74 156
75 237
76 147
77 169
78 179
79 139
80 180
81 153
82 162
83 133
84 162
85 139
86 168
87 158
88 207
89 163
90 154
91 168
92 146
93 240
94 181
95 123
96 173
97 135
98 153
99 143
100 194
101 169
102 145
103 167
104 154
105 128
106 102
107 171
108 117
109 169
110 157
111 131
112 172
113 141
114 169
115 128
116 143
117 130
118 124
119 150
120 150
121 138
122 155
123 125
124 139
125 133
126 108
127 114
128 145
129 189
130 142
131 150
132 178
133 138
134 166
135 141
136 112
137 134
138 112
139 128
140 138
141 107
142 169
143 151
144 113
145 109
146 174
147 151
148 113
149 129
150 153
151 114
152 133
153 204
154 147
155 138
156 162
157 133
158 172
159 168
160 160
161 130
162 124
163 142
164 137
165 213
166 176
167 188
168 168
169 119
170 167
171 132
172 139
173 182
174 158
175 138
176 158
177 151
178 166
179 153
180 172
181 145
182 128
183 149
184 211
185 184
186 154
187 149
188 159
189 113
190 97
191 149
192 131
193 159
194 150
195 115
196 176
197 125
198 125
199 101
200 140
201 177
202 106
203 163
204 144
205 154
206 133
207 183
208 133
209 140
210 172
211 162
212 141
213 106
214 139
215 165
216 140
217 180
218 82
219 136
220 134
221 142
222 134
223 145
224 155
225 90
226 167
227 155
228 117
229 134
230 117
231 157
232 70
233 165
234 170
235 155
236 159
237 138
238 162
239 134
240 132
241 139
242 79
243 134
244 116
245 90
246 167
247 142
248 174
249 156
250 123
251 141
252 187
253 177
254 157
255 132
256 169
257 139
258 123
259 162
260 152
261 165
262 187
263 144
264 135
265 169
266 154
267 138
268 147
269 146
270 148
271 159
272 152
273 219
274 161
275 166
276 151
277 161
278 130
279 138
280 108
281 169
282 190
283 186
284 151
285 195
286 163
287 182
288 146
289 134
290 146
291 115
292 148
293 189
294 176
295 211
296 170
297 171
298 140
299 177
300 153
301 142
302 144
303 183
304 124
305 165
306 124
307 139
308 146
309 160
310 132
311 155
312 127
313 142
314 185
315 172
316 162
317 167
318 159
319 163
320 179
321 134
322 172
323 133
324 145
325 199
326 132
327 144
328 124
329 83
330 124
331 140
332 141
333 166
334 144
335 167
336 185
337 171
338 137
339 149
340 156
341 124
342 156
343 164
344 114
345 171
346 178
347 135
348 179
349 81
350 134
351 144
352 147
353 158
354 70
355 162
356 157
357 179
358 168
359 129
360 157
361 158
362 143
363 152
364 142
365 56
366 143
367 185
368 133
369 143
370 141
371 177
372 165
373 163
374 162
375 149
376 154
377 134
378 169
379 136
380 137
381 73
382 115
383 112
384 168
385 148
386 131
387 115
388 141
389 146
390 147
391 164
392 109
393 213
394 136
395 150
396 208
397 156
398 164
399 175
400 153
401 113
402 141
403 156
404 154
405 92
406 65
407 185
408 147
409 141
410 194
411 161
412 172
413 146
414 161
415 176
416 148
417 129
418 171
419 154
420 185
421 184
422 165
423 166
424 117
425 158
426 168
427 128
428 130
429 142
430 153
431 174
432 134
433 199
434 165
435 161
436 122
437 154
438 151
439 143
440 134
441 174
442 154
443 143
444 144
445 155
446 147
447 152
448 167
449 143
450 142
451 192
452 146
453 192
454 121
455 198
456 114
457 160
458 130
459 188
460 200
461 165
462 168
463 163
464 158
465 156
466 131
467 166
468 160
469 172
470 144
471 179
472 126
473 135
474 127
475 104
476 153
477 123
478 180
479 151
480 153
481 152
482 165
483 179
484 140
485 156
486 0
487 179
488 193
489 188
490 148
491 155
492 171
493 160
494 111
495 157
496 143
497 159
498 206
499 138
500 122
501 142
502 148
503 103
504 156
505 133
506 139
507 167
508 168
509 144
510 167
511 125
512 190
513 105
514 134
515 187
516 180
517 102
518 146
519 156
520 150
521 124
522 220
523 121
524 158
525 137
526 85
527 161
528 136
529 163
530 143
531 194
532 107
533 140
534 141
535 169
536 225
537 141
538 113
539 162
540 149
541 175
542 147
543 162
544 71
545 108
546 109
547 178
548 164
549 208
550 131
551 149
552 142
553 173
554 128
555 140
556 126
557 142
558 144
559 146
560 152
561 169
562 122
563 166
564 146
565 165
566 176
567 176
568 181
569 134
570 157
571 166
572 100
573 187
574 133
575 151
576 128
577 129
578 161
579 71
580 143
581 160
582 160
583 143
584 145
585 181
586 133
587 169
588 121
589 162
590 158
591 80
592 132
593 155
594 167
595 146
596 165
597 125
598 154
599 154
600 138
601 184
602 169
603 139
604 123
605 175
606 134
607 122
608 134
609 144
610 147
611 157
612 144
613 128
614 161
615 128
616 140
617 200
618 151
619 179
620 128
621 194
622 175
623 104
624 151
625 174
626 120
627 140
628 168
629 178
630 159
631 153
632 151
633 140
634 166
635 78
636 170
637 178
638 166
639 153
640 127
641 139
642 177
643 173
644 168
645 96
646 205
647 113
648 159
649 133
650 163
651 141
652 170
653 191
654 154
655 144
656 171
657 135
658 171
659 184
660 157
661 188
662 129
663 130
664 153
665 125
666 141
667 110
668 179
669 160
670 155
671 130
672 161
673 143
674 178
675 132
676 156
677 134
678 135
679 145
680 106
681 95
682 124
683 177
684 164
685 161
686 111
687 167
688 172
689 115
690 150
691 134
692 215
693 158
694 162
695 161
696 163
697 146
698 135
699 155
700 152
701 153
702 160
703 132
704 134
705 151
706 203
707 159
708 138
709 113
710 119
711 122
712 155
713 149
714 135
715 139
716 141
717 150
718 174
719 144
720 154
721 138
722 181
723 177
724 174
725 141
726 132
727 158
728 166
729 183
730 185
731 163
732 109
733 227
734 131
735 112
736 219
737 134
738 150
739 161
740 139
741 169
742 132
743 145
744 133
745 140
746 162
747 201
748 153
749 121
750 187
751 149
752 181
753 167
754 200
755 172
756 156
757 234
758 144
759 106
760 158
761 113
762 107
763 137
764 127
765 101
766 157
767 104
768 170
769 142
770 164
771 140
772 135
773 241
774 142
775 145
776 194
777 115
778 114
779 115
780 152
781 181
782 156
783 141
784 176
785 162
786 124
787 145
788 134
789 139
790 148
791 119
792 113
793 168
794 135
795 156
796 179
797 123
798 133
799 130
800 161
801 133
802 143
803 156
804 145
805 123
806 142
807 160
808 144
809 109
810 152
811 147
812 139
813 147
814 150
815 147
816 138
817 152
818 146
819 231
820 186
821 169
822 167
823 139
824 157
825 164
826 197
827 204
828 160
829 132
830 155
831 140
832 218
833 215
834 210
835 190
836 193
837 139
838 172
839 144
840 121
841 170
842 142
843 171
844 108
845 186
846 154
847 149
848 160
849 85
850 89
851 159
852 171
853 156
854 139
855 146
856 154
857 155
858 185
859 143
860 135
861 117
862 162
863 148
864 147
865 173
866 155
867 156
868 155
869 182
870 164
871 150
872 141
873 0
874 163
875 177
876 157
877 139
878 100
879 184
880 127
881 177
882 119
883 127
884 138
885 133
886 191
887 99
888 100
889 204
890 149
891 148
892 168
893 158
894 164
895 144
896 199
897 215
898 170
899 168
900 150
901 182
902 240
903 129
904 167
905 159
906 150
907 136
908 182
909 202
910 180
911 79
912 130
913 156
914 95
915 155
916 140
917 157
918 123
919 155
920 123
921 172
922 92
923 139
924 171
925 175
926 174
927 119
928 172
929 135
930 193
931 111
932 163
933 181
934 191
935 135
936 208
937 171
938 170
939 169
940 173
941 193
942 165
943 168
944 143
945 179
946 144
947 151
948 113
949 140
950 145
951 139
952 120
953 166
954 134
955 186
956 141
957 104
958 198
959 122
960 151
961 133
962 159
963 135
964 167
965 188
966 172
967 152
968 192
969 170
970 163
971 131
972 195
973 170
974 163
975 177
976 193
977 170
978 157
979 151
980 142
981 171
982 143
983 182
984 112
985 142
986 167
987 169
988 135
989 144
990 150
991 108
992 142
993 184
994 153
995 126
996 155
997 145
998 133
999 149
1000 154
1001 136
1002 134
1003 147
1004 114
1005 157
1006 157
1007 143
1008 129
1009 155
1010 119
1011 172
1012 141
1013 162
1014 144
1015 129
1016 168
1017 167
1018 153
1019 199
1020 150
1021 101
1022 124
1023 113
1024 123
1025 141
1026 188
1027 174
1028 153
1029 183
1030 120
1031 167
1032 168
1033 152
1034 117
1035 175
1036 163
1037 167
1038 139
1039 119
1040 160
1041 153
1042 126
1043 147
1044 154
1045 175
1046 183
1047 162
1048 130
1049 108
1050 120
1051 159
1052 136
1053 134
1054 210
1055 135
1056 114
1057 135
1058 161
1059 178
1060 114
1061 129
1062 152
1063 178
1064 174
1065 122
1066 195
1067 143
1068 193
1069 123
1070 167
1071 141
1072 144
1073 142
1074 181
1075 102
1076 159
1077 75
1078 175
1079 165
1080 116
1081 144
1082 144
1083 145
1084 173
1085 184
1086 150
1087 203
1088 120
1089 125
1090 197
1091 170
1092 130
1093 108
1094 125
1095 102
1096 167
1097 180
1098 109
1099 113
1100 146
1101 152
1102 109
1103 126
1104 113
1105 111
1106 117
1107 167
1108 117
1109 120
1110 134
1111 158
1112 150
1113 116
1114 119
1115 162
1116 147
1117 182
1118 175
1119 144
1120 133
1121 169
1122 182
1123 170
1124 115
1125 175
1126 167
1127 96
1128 155
1129 168
1130 143
1131 162
1132 144
1133 164
1134 105
1135 143
1136 272
1137 193
1138 190
1139 188
1140 154
1141 144
1142 224
1143 171
1144 159
1145 155
1146 188
1147 141
1148 158
1149 169
1150 168
1151 183
1152 154
1153 137
1154 122
1155 177
1156 168
1157 165
1158 129
1159 115
1160 167
1161 160
1162 149
1163 172
1164 215
1165 173
1166 129
1167 213
1168 141
1169 110
1170 144
1171 118
1172 171
1173 175
1174 144
1175 135
1176 169
1177 178
1178 200
1179 130
1180 141
1181 140
1182 128
1183 99
1184 141
1185 173
1186 124
1187 131
1188 119
1189 174
1190 166
1191 125
1192 126
1193 141
1194 171
1195 140
1196 176
1197 163
1198 176
1199 176
1200 147
1201 165
1202 161
1203 202
1204 133
1205 157
1206 179
1207 186
1208 164
1209 143
1210 130
1211 148
1212 160
1213 191
1214 150
1215 132
1216 100
1217 159
1218 141
1219 151
1220 146
1221 116
1222 172
1223 174
1224 158
1225 163
1226 129
1227 129
1228 167
1229 168
1230 185
1231 145
1232 174
1233 169
1234 156
1235 160
1236 156
1237 158
1238 110
1239 164
1240 84
1241 165
1242 159
1243 124
1244 142
1245 200
1246 149
1247 156
1248 153
1249 211
1250 145
1251 128
1252 136
1253 166
1254 152
1255 170
1256 133
1257 130
1258 93
1259 177
1260 115
1261 133
1262 146
1263 170
1264 167
1265 123
1266 167
1267 147
1268 83
1269 160
1270 129
1271 112
1272 175
1273 180
1274 141
1275 210
1276 189
1277 157
1278 166
1279 142
1280 161
1281 166
1282 123
1283 173
1284 180
1285 141
1286 151
1287 143
1288 146
1289 112
1290 131
1291 213
1292 120
1293 146
1294 104
1295 149
1296 113
1297 133
1298 125
1299 152
1300 195
1301 90
1302 142
1303 182
1304 156
1305 171
1306 86
1307 111
1308 179
1309 111
1310 132
1311 137
1312 162
1313 161
1314 130
1315 194
1316 117
1317 169
1318 166
1319 171
1320 126
1321 151
1322 111
1323 173
1324 137
1325 152
1326 178
1327 180
1328 140
1329 123
1330 158
1331 133
1332 126
1333 122
1334 138
1335 137
1336 137
1337 167
1338 158
1339 138
1340 117
1341 134
1342 127
1343 141
1344 162
1345 154
1346 140
1347 157
1348 135
1349 185
1350 135
1351 138
1352 99
1353 171
1354 192
1355 170
1356 172
1357 137
1358 140
1359 95
1360 99
1361 138
1362 143
1363 157
1364 180
1365 144
1366 125
1367 148
1368 102
1369 95
1370 176
1371 143
1372 168
1373 178
1374 210
1375 203
1376 177
1377 66
1378 148
1379 141
1380 143
1381 164
1382 126
1383 167
1384 161
1385 122
1386 159
1387 161
1388 127
1389 191
1390 145
1391 129
1392 157
1393 106
1394 71
1395 161
1396 143
1397 188
1398 144
1399 162
1400 141
1401 118
1402 130
1403 152
1404 159
1405 133
1406 135
1407 189
1408 177
1409 145
1410 194
1411 157
1412 175
1413 157
1414 149
1415 157
1416 140
1417 174
1418 144
1419 161
1420 139
1421 185
1422 208
1423 150
1424 175
1425 143
1426 143
1427 131
1428 157
1429 153
1430 139
1431 145
1432 114
1433 120
1434 206
1435 137
1436 201
1437 189
1438 109
1439 163
1440 121
1441 128
1442 175
1443 182
1444 166
1445 144
1446 146
1447 170
1448 165
1449 158
1450 153
1451 154
1452 157
1453 129
1454 130
1455 178
1456 131
1457 150
1458 138
1459 159
1460 126
1461 175
1462 154
1463 113
1464 164
1465 147
1466 161
1467 114
1468 144
1469 137
1470 99
1471 179
1472 160
1473 153
1474 142
1475 89
1476 171
1477 184
1478 85
1479 189
1480 159
1481 192
1482 85
1483 165
1484 195
1485 193
1486 161
1487 149
1488 143
1489 182
1490 129
1491 121
1492 172
1493 138
1494 112
1495 182
1496 157
1497 155
1498 170
1499 197
1500 168
1501 159
1502 174
1503 134
1504 155
1505 153
1506 166
1507 151
1508 105
1509 112
1510 160
1511 148
1512 186
1513 214
1514 141
1515 140
1516 193
1517 155
1518 131
1519 177
1520 107
1521 173
1522 114
1523 138
1524 181
1525 139
1526 134
1527 123
1528 150
1529 155
1530 139
1531 147
1532 204
1533 170
1534 199
1535 139
1536 179
1537 143
1538 181
1539 168
1540 160
1541 140
1542 198
1543 146
1544 137
1545 160
1546 180
1547 154
1548 124
1549 138
1550 158
1551 193
1552 118
1553 232
1554 125
1555 178
1556 128
1557 104
1558 145
1559 161
1560 164
1561 158
1562 96
1563 132
1564 153
1565 158
1566 157
1567 169
1568 164
1569 173
1570 176
1571 222
1572 152
1573 159
1574 170
1575 192
1576 120
1577 221
1578 115
1579 174
1580 177
1581 198
1582 173
1583 205
1584 164
1585 143
1586 122
1587 114
1588 124
1589 154
1590 149
1591 148
1592 180
1593 121
1594 142
1595 148
1596 130
1597 141
1598 160
1599 146
1600 121
1601 137
1602 147
1603 158
1604 123
1605 127
1606 204
1607 152
1608 146
1609 141
1610 156
1611 133
1612 141
1613 138
1614 158
1615 191
1616 107
1617 126
1618 161
1619 173
1620 155
1621 137
1622 154
1623 167
1624 130
1625 134
1626 169
1627 172
1628 145
1629 197
1630 180
1631 157
1632 171
1633 146
1634 144
1635 157
1636 130
1637 146
1638 143
1639 150
1640 205
1641 145
1642 181
1643 122
1644 160
1645 171
1646 126
1647 173
1648 115
1649 161
1650 193
1651 119
1652 114
1653 207
1654 179
1655 151
1656 120
1657 99
1658 97
1659 146
1660 183
1661 186
1662 128
1663 126
1664 149
1665 155
1666 133
1667 191
1668 111
1669 119
1670 147
1671 199
1672 177
1673 44
1674 148
1675 130
1676 159
1677 106
1678 171
1679 156
1680 166
1681 138
1682 146
1683 152
1684 136
1685 194
1686 117
1687 178
1688 102
1689 168
1690 136
1691 185
1692 130
1693 157
1694 155
1695 136
1696 148
1697 143
1698 148
1699 144
1700 159
1701 162
1702 129
1703 147
1704 151
1705 135
1706 145
1707 162
1708 165
1709 118
1710 169
1711 157
1712 176
1713 148
1714 151
1715 149
1716 165
1717 172
1718 171
1719 143
1720 160
1721 143
1722 141
1723 146
1724 195
1725 173
1726 189
1727 176
1728 157
1729 140
1730 141
1731 179
1732 179
1733 181
1734 104
1735 177
1736 127
1737 112
1738 158
1739 149
1740 148
1741 139
1742 186
1743 148
1744 165
1745 172
1746 155
1747 120
1748 110
1749 139
1750 176
1751 146
1752 116
1753 162
1754 174
1755 143
1756 139
1757 112
1758 116
1759 189
1760 163
1761 114
1762 110
1763 175
1764 139
1765 139
1766 126
1767 159
1768 155
1769 154
1770 178
1771 202
1772 121
1773 110
1774 162
1775 128
1776 121
1777 174
1778 147
1779 150
1780 203
1781 172
1782 155
1783 191
1784 178
1785 200
1786 178
1787 129
1788 157
1789 143
1790 152
1791 145
1792 155
1793 186
1794 171
1795 105
1796 143
1797 143
1798 162
1799 136
1800 147
1801 135
1802 142
1803 183
1804 89
1805 164
1806 137
1807 169
1808 128
1809 139
1810 148
1811 112
1812 106
1813 127
1814 125
1815 112
1816 160
1817 161
1818 141
1819 106
1820 164
1821 176
1822 170
1823 145
1824 149
1825 176
1826 86
1827 209
1828 129
1829 173
1830 222
1831 161
1832 170
1833 162
1834 207
1835 139
1836 177
1837 145
1838 117
1839 149
1840 171
1841 166
1842 163
1843 127
1844 174
1845 154
1846 147
1847 170
1848 153
1849 135
1850 122
1851 176
1852 148
1853 127
1854 137
1855 167
1856 176
1857 157
1858 144
1859 212
1860 149
1861 166
1862 142
1863 121
1864 178
1865 155
1866 148
1867 191
1868 123
1869 135
1870 209
1871 155
1872 160
1873 161
1874 179
1875 152
1876 161
1877 153
1878 153
1879 146
1880 122
1881 162
1882 134
1883 141
1884 153
1885 91
1886 154
1887 171
1888 125
1889 139
1890 164
1891 137
1892 118
1893 169
1894 141
1895 204
1896 130
1897 113
1898 157
1899 135
1900 169
1901 99
1902 173
1903 162
1904 159
1905 107
1906 127
1907 155
1908 174
1909 161
1910 157
1911 160
1912 192
1913 145
1914 155
1915 157
1916 172
1917 147
1918 147
1919 117
1920 140
1921 164
1922 150
1923 153
1924 155
1925 151
1926 144
1927 145
1928 144
1929 169
1930 177
1931 145
1932 142
1933 157
1934 174
1935 161
1936 154
1937 110
1938 111
1939 174
1940 123
1941 130
1942 140
1943 144
1944 144
1945 153
1946 156
1947 149
1948 145
1949 166
1950 141
1951 169
1952 173
1953 173
1954 147
1955 150
1956 179
1957 157
1958 123
1959 187
1960 149
1961 169
1962 130
1963 100
1964 191
1965 99
1966 146
1967 145
1968 160
1969 151
1970 149
1971 206
1972 137
1973 162
1974 122
1975 154
1976 176
1977 149
1978 155
1979 166
1980 200
1981 118
1982 179
1983 178
1984 134
1985 143
1986 138
1987 129
1988 149
1989 114
1990 129
1991 137
1992 181
1993 107
1994 123
1995 160
1996 164
1997 146
1998 159
1999 105
2000 161
2001 152
2002 150
2003 143
2004 184
2005 145
2006 151
2007 151
2008 113
2009 171
2010 195
2011 143
2012 180
2013 139
2014 135
2015 139
2016 167
2017 186
2018 176
2019 149
2020 160
2021 126
2022 166
2023 154
2024 155
2025 142
2026 156
2027 175
2028 160
2029 131
2030 158
2031 130
2032 133
2033 154
2034 145
2035 141
2036 93
2037 173
2038 123
2039 157
2040 148
2041 117
2042 147
2043 162
2044 143
2045 145
2046 142
2047 179
2048 152
2049 118
2050 172
2051 168
2052 163
2053 152
2054 134
2055 150
2056 139
2057 161
2058 144
2059 111
2060 170
2061 143
2062 148
2063 137
2064 184
2065 175
2066 167
2067 170
2068 164
2069 155
2070 134
2071 153
2072 152
2073 149
2074 147
2075 143
2076 156
2077 155
2078 101
2079 191
2080 173
2081 150
2082 114
2083 163
2084 143
2085 134
2086 118
2087 182
2088 149
2089 129
2090 132
2091 157
2092 145
2093 118
2094 165
2095 139
2096 156
2097 135
2098 132
2099 133
2100 146
2101 153
2102 140
2103 189
2104 140
2105 214
2106 143
2107 134
2108 79
2109 149
2110 171
2111 165
2112 145
2113 172
2114 137
2115 169
2116 151
2117 146
2118 146
2119 140
2120 153
2121 95
2122 153
2123 131
2124 181
2125 137
2126 163
2127 184
2128 171
2129 125
2130 162
2131 239
2132 91
2133 156
2134 146
2135 153
2136 131
2137 141
2138 145
2139 157
2140 165
2141 164
2142 144
2143 136
2144 179
2145 139
2146 204
2147 186
2148 107
2149 148
2150 166
2151 138
2152 124
2153 144
2154 124
2155 153
2156 147
2157 208
2158 148
2159 173
2160 162
2161 229
2162 125
2163 155
2164 116
2165 171
2166 204
2167 157
2168 105
2169 170
2170 173
2171 159
2172 226
2173 164
2174 130
2175 162
2176 165
2177 153
2178 165
2179 138
2180 165
2181 220
2182 167
2183 192
2184 149
2185 140
2186 111
2187 147
2188 127
2189 171
2190 173
2191 154
2192 135
2193 160
2194 177
2195 183
2196 150
2197 176
2198 141
2199 137
2200 138
2201 147
2202 135
2203 174
2204 132
2205 170
2206 148
2207 190
2208 138
2209 62
2210 134
2211 160
2212 158
2213 143
2214 199
2215 191
2216 136
2217 191
2218 157
2219 129
2220 179
2221 122
2222 86
2223 148
2224 147
2225 139
2226 139
2227 184
2228 151
2229 162
2230 162
2231 134
2232 122
2233 133
2234 167
2235 124
2236 175
2237 166
2238 156
2239 147
2240 165
2241 130
2242 152
2243 153
2244 155
2245 142
2246 169
2247 156
2248 155
2249 183
2250 150
2251 175
2252 199
2253 148
2254 146
2255 140
2256 158
2257 115
2258 181
2259 166
2260 138
2261 133
2262 153
2263 128
2264 168
2265 122
2266 144
2267 161
2268 186
2269 135
2270 157
2271 122
2272 154
2273 133
2274 123
2275 177
2276 135
2277 147
2278 153
2279 98
2280 201
2281 153
2282 158
2283 162
2284 172
2285 131
2286 186
2287 79
2288 151
2289 87
2290 151
2291 135
2292 165
2293 180
2294 139
2295 168
2296 151
2297 213
2298 151
2299 146
2300 173
2301 154
2302 169
2303 149
2304 153
2305 140
2306 112
2307 157
2308 150
2309 187
2310 159
2311 138
2312 145
2313 181
2314 179
2315 146
2316 136
2317 137
2318 129
2319 148
2320 197
2321 150
2322 129
2323 128
2324 153
2325 135
2326 132
2327 132
2328 123
2329 133
2330 153
2331 137
2332 156
2333 144
2334 151
2335 150
2336 204
2337 147
2338 170
2339 149
2340 134
2341 161
2342 184
2343 143
2344 142
2345 166
2346 144
2347 141
2348 134
2349 174
2350 137
2351 129
2352 173
2353 131
2354 153
2355 164
2356 168
2357 132
2358 132
2359 133
2360 107
2361 148
2362 196
2363 182
2364 143
2365 166
2366 127
2367 154
2368 162
2369 153
2370 158
2371 163
2372 148
2373 160
2374 117
2375 129
2376 150
2377 130
2378 151
2379 181
2380 130
2381 124
2382 151
2383 163
2384 138
2385 179
2386 179
2387 115
2388 99
2389 126
2390 152
2391 123
2392 259
2393 90
2394 113
2395 180
2396 140
2397 216
2398 172
2399 173
2400 146
2401 145
2402 158
2403 150
2404 180
2405 157
2406 157
2407 131
2408 155
2409 152
2410 115
2411 131
2412 162
2413 180
2414 138
2415 163
2416 175
2417 176
2418 186
2419 188
2420 143
2421 0
2422 153
2423 194
2424 147
2425 137
2426 167
2427 184
2428 174
2429 117
2430 130
2431 161
2432 217
2433 131
2434 187
2435 136
2436 165
2437 158
2438 184
2439 182
2440 202
2441 158
2442 141
2443 164
2444 142
2445 132
2446 128
2447 159
2448 133
2449 127
2450 153
2451 151
2452 171
2453 227
2454 115
2455 161
2456 179
2457 136
2458 177
2459 149
2460 122
2461 117
2462 146
2463 151
2464 151
2465 162
2466 139
2467 168
2468 140
2469 145
2470 156
2471 177
2472 146
2473 159
2474 139
2475 174
2476 151
2477 168
2478 137
2479 141
2480 133
2481 144
2482 65
2483 136
2484 155
2485 162
2486 141
2487 153
2488 169
2489 143
2490 158
2491 152
2492 189
2493 105
2494 131
2495 138
2496 118
2497 183
2498 175
2499 153
2500 135
2501 105
2502 138
2503 150
2504 161
2505 171
2506 272
2507 125
2508 136
2509 160
2510 146
2511 145
2512 141
2513 196
2514 187
2515 106
2516 168
2517 172
2518 167
2519 153
2520 136
2521 124
2522 157
2523 165
2524 139
2525 121
2526 140
2527 160
2528 88
2529 157
2530 137
2531 194
2532 159
2533 169
2534 163
2535 141
2536 128
2537 159
2538 154
2539 108
2540 107
2541 149
2542 149
2543 175
2544 166
2545 104
2546 150
2547 144
2548 159
2549 109
2550 136
2551 151
2552 216
2553 152
2554 156
2555 137
2556 150
2557 182
2558 156
2559 142
2560 194
2561 139
2562 166
2563 142
2564 146
2565 137
2566 176
2567 133
2568 151
2569 187
2570 146
2571 164
2572 200
2573 115
2574 152
2575 166
2576 157
2577 162
2578 174
2579 171
2580 172
2581 151
2582 153
2583 189
2584 165
2585 206
2586 131
2587 134
2588 153
2589 143
2590 135
2591 152
2592 130
2593 190
2594 164
2595 137
2596 123
2597 109
2598 145
2599 144
2600 97
2601 120
2602 156
2603 150
2604 133
2605 157
2606 139
2607 165
2608 130
2609 184
2610 152
2611 160
2612 141
2613 104
2614 159
2615 121
2616 101
2617 118
2618 164
2619 154
2620 136
2621 153
2622 132
2623 157
2624 206
2625 122
2626 183
2627 188
2628 139
2629 158
2630 144
2631 160
2632 136
2633 166
2634 152
2635 170
2636 186
2637 208
2638 161
2639 152
2640 175
2641 146
2642 165
2643 156
2644 193
2645 167
2646 130
2647 178
2648 162
2649 160
2650 161
2651 130
2652 167
2653 119
2654 170
2655 137
2656 111
2657 126
2658 140
2659 150
2660 125
2661 157
2662 181
2663 137
2664 140
2665 169
2666 126
2667 140
2668 157
2669 136
2670 92
2671 162
2672 175
2673 142
2674 169
2675 116
2676 166
2677 169
2678 164
2679 134
2680 96
2681 146
2682 142
2683 141
2684 218
2685 147
2686 108
2687 117
2688 142
2689 141
2690 173
2691 151
2692 186
2693 179
2694 66
2695 126
2696 181
2697 143
2698 163
2699 124
2700 116
2701 128
2702 153
2703 125
2704 190
2705 191
2706 142
2707 139
2708 177
2709 165
2710 181
2711 138
2712 126
2713 160
2714 150
2715 179
2716 152
2717 155
2718 156
2719 168
2720 153
2721 170
2722 135
2723 143
2724 205
2725 161
2726 166
2727 117
2728 123
2729 140
2730 142
2731 162
2732 190
2733 188
2734 164
2735 162
2736 149
2737 176
2738 146
2739 98
2740 197
2741 106
2742 153
2743 166
2744 123
2745 148
2746 137
2747 137
2748 159
2749 149
2750 161
2751 166
2752 162
2753 126
2754 158
2755 116
2756 150
2757 162
2758 150
2759 152
2760 141
2761 160
2762 161
2763 154
2764 172
2765 198
2766 145
2767 87
2768 166
2769 175
2770 175
2771 140
2772 178
2773 153
2774 135
2775 151
2776 142
2777 129
2778 135
2779 165
2780 144
2781 159
2782 127
2783 157
2784 148
2785 160
2786 203
2787 172
2788 148
2789 151
2790 213
2791 155
2792 162
2793 156
2794 223
2795 160
2796 144
2797 111
2798 175
2799 147
2800 75
2801 169
2802 147
2803 147
2804 164
2805 139
2806 133
2807 141
2808 112
2809 149
2810 140
2811 156
2812 112
2813 139
2814 181
2815 114
2816 146
2817 138
2818 145
2819 114
2820 134
2821 157
2822 134
2823 160
2824 141
2825 121
2826 115
2827 152
2828 152
2829 141
2830 130
2831 150
2832 125
2833 212
2834 195
2835 109
2836 145
2837 163
2838 180
2839 191
2840 149
2841 111
2842 153
2843 127
2844 148
2845 122
2846 150
2847 184
2848 187
2849 132
2850 146
2851 193
2852 164
2853 157
2854 134
2855 142
2856 127
2857 141
2858 134
2859 168
2860 152
2861 97
2862 122
2863 98
2864 177
2865 164
2866 167
2867 77
2868 135
2869 101
2870 130
2871 137
2872 173
2873 122
2874 152
2875 157
2876 143
2877 124
2878 193
2879 153
2880 143
2881 164
2882 128
2883 150
2884 148
2885 157
2886 137
2887 104
2888 184
2889 151
2890 152
2891 171
2892 144
2893 160
2894 136
2895 134
2896 158
2897 127
2898 167
2899 187
2900 140
2901 158
2902 144
2903 174
2904 160
2905 130
2906 157
2907 137
2908 202
2909 131
2910 135
2911 157
2912 135
2913 165
2914 169
2915 148
2916 191
2917 139
2918 136
2919 188
2920 166
2921 133
2922 168
2923 125
2924 160
2925 101
2926 134
2927 100
2928 185
2929 121
2930 155
2931 142
2932 152
2933 114
2934 174
2935 171
2936 163
2937 154
2938 111
2939 143
2940 55
2941 145
2942 126
2943 123
2944 173
2945 122
2946 163
2947 139
2948 79
2949 181
2950 129
2951 98
2952 130
2953 163
2954 115
2955 133
2956 125
2957 135
2958 123
2959 117
2960 189
2961 175
2962 109
2963 140
2964 132
2965 140
2966 114
2967 143
2968 201
2969 158
2970 189
2971 105
2972 163
2973 144
2974 160
2975 156
2976 163
2977 147
2978 194
2979 162
2980 185
2981 184
2982 140
2983 135
2984 165
2985 138
2986 177
2987 159
2988 141
2989 108
2990 180
2991 150
2992 174
2993 99
2994 136
2995 151
2996 165
2997 187
2998 148
2999 152
3000 144
3001 129
3002 170
3003 128
3004 150
3005 163
3006 162
3007 144
3008 166
3009 164
3010 120
3011 181
3012 158
3013 141
3014 159
3015 165
3016 149
3017 172
3018 167
3019 119
3020 149
3021 173
3022 179
3023 179
3024 180
3025 122
3026 203
3027 180
3028 142
3029 104
3030 177
3031 115
3032 157
3033 144
3034 140
3035 125
3036 144
3037 188
3038 141
3039 108
3040 112
3041 161
3042 186
3043 162
3044 164
3045 170
3046 161
3047 123
3048 131
3049 144
3050 142
3051 169
3052 120
3053 140
3054 94
3055 91
3056 183
3057 0
3058 119
3059 159
3060 127
3061 128
3062 130
3063 110
3064 133
3065 150
3066 159
3067 156
3068 167
3069 150
3070 159
3071 143
3072 130
3073 145
3074 162
3075 156
3076 169
3077 129
3078 162
3079 123
3080 149
3081 141
3082 161
3083 137
3084 145
3085 142
3086 153
3087 178
3088 105
3089 147
3090 160
3091 100
3092 101
3093 176
3094 147
3095 165
3096 152
3097 169
3098 138
3099 143
3100 189
3101 118
3102 122
3103 156
3104 164
3105 123
3106 167
3107 162
3108 164
3109 141
3110 36
3111 156
3112 116
3113 160
3114 164
3115 225
3116 103
3117 154
3118 116
3119 130
3120 94
3121 180
3122 165
3123 199
3124 139
3125 170
3126 160
3127 140
3128 149
3129 164
3130 134
3131 132
3132 166
3133 157
3134 145
3135 88
3136 112
3137 167
3138 114
3139 156
3140 150
3141 111
3142 133
3143 139
3144 166
3145 169
3146 124
3147 166
3148 150
3149 114
3150 158
3151 178
3152 165
3153 149
3154 161
3155 131
3156 141
3157 148
3158 137
3159 132
3160 175
3161 165
3162 135
3163 162
3164 150
3165 182
3166 145
3167 124
3168 142
3169 154
3170 154
3171 152
3172 145
3173 183
3174 139
3175 158
3176 180
3177 134
3178 156
3179 172
3180 181
3181 188
3182 124
3183 153
3184 168
3185 144
3186 118
3187 155
3188 114
3189 117
3190 140
3191 152
3192 156
3193 177
3194 173
3195 199
3196 137
3197 141
3198 126
3199 115
3200 94
3201 134
3202 103
3203 157
3204 151
3205 130
3206 171
3207 112
3208 168
3209 173
3210 134
3211 162
3212 181
3213 151
3214 178
3215 127
3216 146
3217 139
3218 158
3219 149
3220 148
3221 158
3222 163
3223 82
3224 136
3225 176
3226 167
3227 94
3228 150
3229 166
3230 142
3231 170
3232 118
3233 164
3234 153
3235 161
3236 158
3237 129
3238 144
3239 124
3240 179
3241 164
3242 152
3243 119
3244 146
3245 175
3246 118
3247 134
3248 146
3249 155
3250 154
3251 127
3252 139
3253 142
3254 140
3255 146
3256 144
3257 128
3258 116
3259 193
3260 145
3261 159
3262 172
3263 208
3264 139
3265 128
3266 126
3267 94
3268 135
3269 135
3270 149
3271 148
3272 159
3273 165
3274 170
3275 139
3276 192
3277 140
3278 167
3279 134
3280 138
3281 128
3282 110
3283 148
3284 155
3285 136
3286 187
3287 127
3288 162
3289 89
3290 168
3291 104
3292 192
3293 173
3294 197
3295 168
3296 128
3297 145
3298 125
3299 146
3300 122
3301 143
3302 159
3303 115
3304 163
3305 184
3306 157
3307 182
3308 163
3309 166
3310 166
3311 136
3312 169
3313 136
3314 151
3315 149
3316 123
3317 156
3318 168
3319 174
3320 194
3321 140
3322 153
3323 136
3324 119
3325 185
3326 190
3327 156
3328 127
3329 155
3330 158
3331 134
3332 171
3333 170
3334 131
3335 146
3336 136
3337 141
3338 149
3339 156
3340 138
3341 191
3342 122
3343 150
3344 162
3345 152
3346 146
3347 167
3348 169
3349 168
3350 186
3351 177
3352 149
3353 180
3354 185
3355 168
3356 184
3357 124
3358 145
3359 164
3360 185
3361 120
3362 151
3363 240
3364 128
3365 131
3366 123
3367 130
3368 187
3369 155
3370 98
3371 129
3372 166
3373 140
3374 106
3375 150
3376 153
3377 136
3378 148
3379 152
3380 109
3381 208
3382 145
3383 211
3384 161
3385 185
3386 155
3387 0
3388 157
3389 149
3390 140
3391 157
3392 148
3393 186
3394 120
3395 142
3396 183
3397 143
3398 143
3399 163
3400 178
3401 164
3402 148
3403 133
3404 106
3405 135
3406 106
3407 144
3408 147
3409 138
3410 180
3411 149
3412 190
3413 176
3414 135
3415 159
3416 148
3417 141
3418 96
3419 124
3420 126
3421 102
3422 163
3423 170
3424 158
3425 178
3426 123
3427 148
3428 193
3429 126
3430 142
3431 157
3432 150
3433 31
3434 205
3435 183
3436 135
3437 141
3438 157
3439 152
3440 174
3441 157
3442 132
3443 171
3444 181
3445 177
3446 191
3447 157
3448 107
3449 159
3450 134
3451 202
3452 165
3453 170
3454 111
3455 131
3456 164
3457 121
3458 159
3459 145
3460 170
3461 194
3462 141
3463 80
3464 198
3465 131
3466 153
3467 146
3468 159
3469 174
3470 138
3471 123
3472 165
3473 184
3474 163
3475 66
3476 136
3477 153
3478 164
3479 117
3480 165
3481 148
3482 169
3483 169
3484 181
3485 172
3486 142
3487 124
3488 118
3489 175
3490 135
3491 127
3492 115
3493 133
3494 143
3495 133
3496 188
3497 109
3498 142
3499 27
3500 132
3501 139
3502 153
3503 215
3504 141
3505 143
3506 118
3507 149
3508 139
3509 168
3510 172
3511 152
3512 157
3513 108
3514 152
3515 128
3516 152
3517 148
3518 126
3519 126
3520 140
3521 141
3522 137
3523 110
3524 108
3525 163
3526 163
3527 101
3528 161
3529 161
3530 156
3531 131
3532 152
3533 165
3534 175
3535 63
3536 150
3537 125
3538 126
3539 120
3540 164
3541 137
3542 165
3543 144
3544 162
3545 165
3546 163
3547 165
3548 185
3549 75
3550 110
3551 133
3552 129
3553 126
3554 149
3555 139
3556 168
3557 184
3558 129
3559 182
3560 189
3561 167
3562 169
3563 133
3564 153
3565 143
3566 118
3567 117
3568 154
3569 172
3570 124
3571 157
3572 145
3573 122
3574 156
3575 177
3576 184
3577 179
3578 154
3579 150
3580 182
3581 144
3582 122
3583 141
3584 158
3585 137
3586 147
3587 184
3588 171
3589 105
3590 141
3591 167
3592 124
3593 174
3594 141
3595 134
3596 162
3597 138
3598 174
3599 123
3600 127
3601 81
3602 156
3603 136
3604 152
3605 181
3606 205
3607 195
3608 160
3609 132
3610 154
3611 104
3612 125
3613 129
3614 131
3615 111
3616 120
3617 120
3618 102
3619 202
3620 147
3621 110
3622 128
3623 118
3624 156
3625 139
3626 171
3627 197
3628 88
3629 161
3630 162
3631 197
3632 147
3633 154
3634 156
3635 145
3636 193
3637 108
3638 80
3639 123
3640 164
3641 114
3642 175
3643 148
3644 128
3645 147
3646 154
3647 153
3648 197
3649 152
3650 159
3651 150
3652 204
3653 166
3654 182
3655 132
3656 137
3657 144
3658 156
3659 170
3660 135
3661 121
3662 149
3663 135
3664 138
3665 186
3666 151
3667 164
3668 100
3669 142
3670 92
3671 156
3672 177
3673 136
3674 226
3675 139
3676 146
3677 117
3678 186
3679 115
3680 177
3681 114
3682 183
3683 115
3684 153
3685 167
3686 191
3687 199
3688 152
3689 165
3690 159
3691 169
3692 138
3693 152
3694 173
3695 150
3696 183
3697 135
3698 155
3699 153
3700 127
3701 158
3702 172
3703 142
3704 132
3705 150
3706 167
3707 149
3708 150
3709 165
3710 195
3711 155
3712 102
3713 131
3714 122
3715 161
3716 142
3717 101
3718 154
3719 154
3720 119
3721 137
3722 162
3723 105
3724 115
3725 103
3726 173
3727 148
3728 133
3729 131
3730 145
3731 122
3732 114
3733 180
3734 179
3735 164
3736 130
3737 143
3738 209
3739 154
3740 153
3741 142
3742 168
3743 140
3744 143
3745 152
3746 103
3747 186
3748 129
3749 97
3750 161
3751 145
3752 209
3753 146
3754 123
3755 162
3756 113
3757 158
3758 155
3759 117
3760 146
3761 147
3762 148
3763 151
3764 173
3765 131
3766 149
3767 155
3768 171
3769 136
3770 135
3771 163
3772 156
3773 170
3774 160
3775 159
3776 149
3777 164
3778 123
3779 150
3780 128
3781 132
3782 125
3783 122
3784 136
3785 173
3786 138
3787 162
3788 106
3789 179
3790 190
3791 123
3792 182
3793 159
3794 147
3795 114
3796 99
3797 188
3798 152
3799 142
3800 154
3801 135
3802 186
3803 176
3804 139
3805 168
3806 145
3807 168
3808 142
3809 136
3810 151
3811 120
3812 187
3813 150
3814 120
3815 137
3816 164
3817 167
3818 172
3819 96
3820 149
3821 154
3822 159
3823 132
3824 192
3825 147
3826 188
3827 166
3828 158
3829 125
3830 194
3831 156
3832 125
3833 124
3834 147
3835 164
3836 176
3837 171
3838 155
3839 159
3840 164
3841 110
3842 138
3843 135
3844 142
3845 189
3846 134
3847 161
3848 155
3849 169
3850 144
3851 140
3852 107
3853 163
3854 118
3855 133
3856 165
3857 204
3858 140
3859 125
3860 153
3861 195
3862 153
3863 169
3864 142
3865 175
3866 175
3867 150
3868 110
3869 171
3870 154
3871 173
3872 173
3873 171
3874 118
3875 126
3876 147
3877 149
3878 173
3879 162
3880 143
3881 168
3882 124
3883 111
3884 187
3885 146
3886 137
3887 143
3888 161
3889 157
3890 152
3891 142
3892 182
3893 140
3894 169
3895 163
3896 138
3897 172
3898 165
3899 147
3900 141
3901 194
3902 157
3903 128
3904 114
3905 162
3906 138
3907 189
3908 147
3909 158
3910 169
3911 94
3912 154
3913 117
3914 163
3915 157
3916 153
3917 137
3918 170
3919 166
3920 154
3921 154
3922 183
3923 125
3924 137
3925 119
3926 96
3927 138
3928 156
3929 157
3930 173
3931 134
3932 147
3933 140
3934 156
3935 144
3936 99
3937 129
3938 131
3939 159
3940 131
3941 144
3942 137
3943 123
3944 114
3945 128
3946 170
3947 152
3948 176
3949 90
3950 155
3951 153
3952 139
3953 107
3954 121
3955 136
3956 171
3957 181
3958 170
3959 160
3960 149
3961 147
3962 121
3963 76
3964 135
3965 182
3966 143
3967 173
3968 100
3969 182
3970 118
3971 160
3972 149
3973 149
3974 149
3975 170
3976 137
3977 132
3978 201
3979 180
3980 139
3981 163
3982 111
3983 116
3984 185
3985 115
3986 177
3987 152
3988 172
3989 153
3990 154
3991 136
3992 140
3993 130
3994 158
3995 158
3996 157
3997 172
3998 142
3999 165
4000 172
4001 143
4002 107
4003 177
4004 163
4005 131
4006 150
4007 140
4008 139
4009 131
4010 125
4011 141
4012 156
4013 183
4014 163
4015 176
4016 142
4017 163
4018 114
4019 168
4020 147
4021 170
4022 156
4023 159
4024 137
4025 110
4026 149
4027 195
4028 150
4029 179
4030 180
4031 137
4032 140
4033 151
4034 206
4035 150
4036 167
4037 198
4038 142
4039 156
4040 128
4041 120
4042 126
4043 46
4044 170
4045 143
4046 163
4047 127
4048 145
4049 161
4050 171
4051 142
4052 154
4053 145
4054 169
4055 154
4056 188
4057 132
4058 194
4059 136
4060 129
4061 132
4062 130
4063 155
4064 168
4065 154
4066 108
4067 126
4068 154
4069 172
4070 190
4071 152
4072 147
4073 149
4074 110
4075 212
4076 176
4077 162
4078 167
4079 154
4080 141
4081 139
4082 159
4083 151
4084 136
4085 162
4086 151
4087 118
4088 151
4089 203
4090 194
4091 146
4092 127
4093 168
4094 141
4095 106
4096 169
4097 127
4098 249
4099 185
4100 179
4101 161
4102 134
4103 118
4104 133
4105 152
4106 144
4107 174
4108 167
4109 106
4110 133
4111 134
4112 133
4113 164
4114 137
4115 192
4116 129
4117 140
4118 185
4119 140
4120 105
4121 114
4122 155
4123 129
4124 151
4125 168
4126 162
4127 170
4128 165
4129 173
4130 180
4131 181
4132 96
4133 128
4134 203
4135 151
4136 150
4137 154
4138 189
4139 167
4140 163
4141 161
4142 105
4143 171
4144 170
4145 158
4146 122
4147 152
4148 143
4149 158
4150 121
4151 137
4152 174
4153 167
4154 138
4155 154
4156 121
4157 121
4158 171
4159 186
4160 161
4161 149
4162 155
4163 166
4164 166
4165 94
4166 159
4167 126
4168 151
4169 136
4170 137
4171 145
4172 141
4173 185
4174 131
4175 92
4176 125
4177 201
4178 136
4179 101
4180 171
4181 164
4182 168
4183 139
4184 152
4185 125
4186 147
4187 145
4188 168
4189 154
4190 165
4191 136
4192 221
4193 134
4194 166
4195 169
4196 100
4197 177
4198 161
4199 128
4200 191
4201 217
4202 115
4203 153
4204 180
4205 126
4206 143
4207 149
4208 165
4209 179
4210 97
4211 177
4212 152
4213 129
4214 139
4215 128
4216 175
4217 149
4218 142
4219 150
4220 140
4221 145
4222 144
4223 165
4224 166
4225 171
4226 127
4227 148
4228 186
4229 103
4230 143
4231 142
4232 130
4233 107
4234 191
4235 203
4236 182
4237 118
4238 195
4239 156
4240 188
4241 126
4242 126
4243 138
4244 180
4245 105
4246 103
4247 153
4248 156
4249 122
4250 124
4251 160
4252 144
4253 143
4254 134
4255 132
4256 138
4257 141
4258 173
4259 178
4260 143
4261 107
4262 162
4263 138
4264 160
4265 158
4266 162
4267 146
4268 154
4269 190
4270 154
4271 155
4272 145
4273 127
4274 162
4275 231
4276 162
4277 208
4278 93
4279 133
4280 199
4281 143
4282 180
4283 150
4284 155
4285 157
4286 223
4287 112
4288 178
4289 209
4290 140
4291 128
4292 170
4293 162
4294 147
4295 192
4296 138
4297 180
4298 166
4299 118
4300 152
4301 206
4302 159
4303 159
4304 178
4305 153
4306 153
4307 160
4308 164
4309 150
4310 107
4311 159
4312 131
4313 155
4314 157
4315 138
4316 179
4317 111
4318 133
4319 151
4320 155
4321 157
4322 177
4323 191
4324 129
4325 140
4326 145
4327 139
4328 166
4329 137
4330 129
4331 114
4332 175
4333 146
4334 212
4335 138
4336 151
4337 117
4338 171
4339 168
4340 133
4341 150
4342 155
4343 133
4344 129
4345 134
4346 171
4347 113
4348 127
4349 149
4350 141
4351 154
4352 125
4353 195
4354 143
4355 172
4356 149
4357 173
4358 128
4359 103
4360 136
4361 135
4362 116
4363 161
4364 145
4365 132
4366 171
4367 150
4368 148
4369 148
4370 172
4371 144
4372 158
4373 161
4374 95
4375 141
4376 187
4377 184
4378 134
4379 191
4380 161
4381 180
4382 178
4383 188
4384 152
4385 162
4386 156
4387 128
4388 166
4389 0
4390 184
4391 142
4392 146
4393 151
4394 154
4395 183
4396 153
4397 128
4398 143
4399 144
4400 118
4401 162
4402 191
4403 177
4404 182
4405 172
4406 169
4407 182
4408 132
4409 169
4410 150
4411 152
4412 121
4413 162
4414 114
4415 155
4416 176
4417 189
4418 209
4419 168
4420 141
4421 90
4422 158
4423 129
4424 157
4425 185
4426 171
4427 131
4428 66
4429 185
4430 145
4431 131
4432 147
4433 159
4434 146
4435 211
4436 187
4437 149
4438 136
4439 181
4440 188
4441 125
4442 123
4443 172
4444 168
4445 175
4446 123
4447 148
4448 190
4449 122
4450 125
4451 173
4452 117
4453 144
4454 136
4455 150
4456 99
4457 110
4458 141
4459 162
4460 109
4461 156
4462 158
4463 149
4464 170
4465 115
4466 48
4467 133
4468 128
4469 144
4470 143
4471 154
4472 148
4473 120
4474 170
4475 124
4476 110
4477 156
4478 153
4479 140
4480 132
4481 158
4482 132
4483 144
4484 193
4485 149
4486 156
4487 141
4488 100
4489 122
4490 193
4491 114
4492 167
4493 166
4494 106
4495 159
4496 175
4497 171
4498 144
4499 174
4500 144
4501 125
4502 156
4503 168
4504 149
4505 145
4506 167
4507 161
4508 142
4509 174
4510 131
4511 161
4512 180
4513 190
4514 170
4515 119
4516 149
4517 133
4518 144
4519 172
4520 157
4521 153
4522 161
4523 93
4524 152
4525 147
4526 127
4527 193
4528 153
4529 154
4530 120
4531 175
4532 163
4533 155
4534 175
4535 137
4536 159
4537 165
4538 141
4539 107
4540 180
4541 158
4542 176
4543 144
4544 156
4545 139
4546 161
4547 211
4548 163
4549 141
4550 220
4551 147
4552 165
4553 170
4554 124
4555 165
4556 145
4557 194
4558 181
4559 125
4560 144
4561 69
4562 169
4563 152
4564 174
4565 174
4566 146
4567 131
4568 170
4569 142
4570 151
4571 138
4572 130
4573 56
4574 173
4575 115
4576 213
4577 161
4578 141
4579 89
4580 134
4581 138
4582 189
4583 124
4584 152
4585 125
4586 116
4587 122
4588 165
4589 143
4590 154
4591 183
4592 173
4593 160
4594 163
4595 151
4596 138
4597 106
4598 196
4599 139
4600 193
4601 176
4602 134
4603 181
4604 141
4605 81
4606 181
4607 144
4608 206
4609 158
4610 153
4611 172
4612 136
4613 120
4614 167
4615 136
4616 112
4617 153
4618 147
4619 130
4620 156
4621 106
4622 175
4623 167
4624 165
4625 139
4626 165
4627 161
4628 138
4629 111
4630 183
4631 124
4632 185
4633 91
4634 138
4635 77
4636 152
4637 154
4638 135
4639 134
4640 203
4641 120
4642 148
4643 108
4644 136
4645 165
4646 151
4647 132
4648 155
4649 143
4650 177
4651 112
4652 153
4653 131
4654 136
4655 95
4656 151
4657 180
4658 134
4659 183
4660 167
4661 185
4662 133
4663 153
4664 147
4665 118
4666 116
4667 164
4668 167
4669 121
4670 123
4671 115
4672 182
4673 107
4674 90
4675 156
4676 167
4677 177
4678 125
4679 143
4680 179
4681 183
4682 169
4683 114
4684 147
4685 167
4686 152
4687 149
4688 133
4689 155
4690 163
4691 168
4692 129
4693 168
4694 159
4695 136
4696 104
4697 142
4698 97
4699 157
4700 176
4701 142
4702 155
4703 153
4704 164
4705 191
4706 198
4707 154
4708 166
4709 158
4710 154
4711 148
4712 133
4713 162
4714 156
4715 138
4716 146
4717 162
4718 152
4719 166
4720 175
4721 163
4722 148
4723 142
4724 141
4725 189
4726 161
4727 172
4728 151
4729 149
4730 158
4731 148
4732 138
4733 169
4734 181
4735 117
4736 168
4737 136
4738 148
4739 144
4740 146
4741 136
4742 129
4743 191
4744 192
4745 175
4746 115
4747 177
4748 98
4749 174
4750 206
4751 159
4752 139
4753 157
4754 134
4755 116
4756 155
4757 149
4758 162
4759 209
4760 150
4761 172
4762 135
4763 102
4764 149
4765 140
4766 160
4767 107
4768 153
4769 180
4770 208
4771 167
4772 98
4773 124
4774 171
4775 157
4776 168
4777 121
4778 162
4779 137
4780 149
4781 186
4782 159
4783 145
4784 152
4785 140
4786 157
4787 215
4788 136
4789 171
4790 133
4791 105
4792 169
4793 132
4794 144
4795 118
4796 138
4797 213
4798 137
4799 149
4800 188
4801 100
4802 165
4803 137
4804 138
4805 142
4806 181
4807 160
4808 158
4809 159
4810 130
4811 153
4812 106
4813 176
4814 133
4815 127
4816 186
4817 164
4818 168
4819 154
4820 154
4821 179
4822 125
4823 220
4824 134
4825 123
4826 114
4827 137
4828 122
4829 152
4830 154
4831 135
4832 122
4833 94
4834 145
4835 142
4836 163
4837 163
4838 118
4839 193
4840 164
4841 198
4842 172
4843 129
4844 162
4845 121
4846 113
4847 162
4848 136
4849 173
4850 162
4851 135
4852 143
4853 150
4854 136
4855 131
4856 136
4857 202
4858 113
4859 197
4860 154
4861 165
4862 172
4863 119
4864 129
4865 193
4866 148
4867 160
4868 137
4869 165
4870 165
4871 180
4872 152
4873 156
4874 121
4875 119
4876 167
4877 102
4878 219
4879 165
4880 164
4881 164
4882 118
4883 126
4884 155
4885 110
4886 151
4887 124
4888 89
4889 153
4890 150
4891 182
4892 189
4893 144
4894 152
4895 160
4896 155
4897 171
4898 151
4899 190
4900 264
4901 185
4902 87
4903 152
4904 124
4905 110
4906 110
4907 142
4908 142
4909 135
4910 125
4911 180
4912 148
4913 138
4914 204
4915 181
4916 160
4917 176
4918 165
4919 187
4920 166
4921 173
4922 140
4923 143
4924 166
4925 169
4926 137
4927 161
4928 171
4929 173
4930 146
4931 154
4932 137
4933 149
4934 172
4935 134
4936 157
4937 206
4938 136
4939 174
4940 149
4941 175
4942 139
4943 106
4944 114
4945 166
4946 206
4947 172
4948 171
4949 168
4950 179
4951 150
4952 107
4953 170
4954 145
4955 167
4956 159
4957 147
4958 149
4959 167
4960 142
4961 132
4962 185
4963 148
4964 106
4965 135
4966 117
4967 90
4968 155
4969 182
4970 174
4971 206
4972 173
4973 164
4974 146
4975 101
4976 136
4977 156
4978 156
4979 158
4980 148
4981 128
4982 142
4983 167
4984 181
4985 159
4986 224
4987 102
4988 148
4989 200
4990 169
4991 130
4992 137
4993 173
4994 154
4995 255
4996 167
4997 156
4998 161
4999 173
5000 143
5001 208
5002 114
5003 116
5004 192
5005 184
5006 181
5007 195
5008 215
5009 178
5010 144
5011 213
5012 115
5013 211
5014 104
5015 177
5016 125
5017 163
5018 143
5019 127
5020 132
5021 132
5022 46
5023 224
5024 214
5025 159
5026 193
5027 177
5028 197
5029 116
5030 172
5031 134
5032 252
5033 191
5034 162
5035 158
5036 148
5037 154
5038 184
5039 106
5040 153
5041 125
5042 181
5043 156
5044 152
5045 156
5046 86
5047 120
5048 150
5049 174
5050 162
5051 139
5052 183
5053 158
5054 156
5055 175
5056 130
5057 107
5058 161
5059 148
5060 161
5061 208
5062 116
5063 153
5064 161
5065 111
5066 186
5067 179
5068 135
5069 135
5070 120
5071 177
5072 116
5073 138
5074 148
5075 165
5076 116
5077 112
5078 144
5079 169
5080 125
5081 170
5082 84
5083 72
5084 146
5085 147
5086 155
5087 155
5088 169
5089 141
5090 153
5091 158
5092 134
5093 138
5094 164
5095 170
5096 130
5097 148
5098 151
5099 171
5100 132
5101 130
5102 165
5103 128
5104 163
5105 162
5106 119
5107 124
5108 159
5109 118
5110 149
5111 147
5112 147
5113 132
5114 137
5115 156
5116 235
5117 89
5118 95
5119 191
5120 150
5121 143
5122 141
5123 107
5124 159
5125 208
5126 157
5127 151
5128 111
5129 189
5130 172
5131 127
5132 158
5133 162
5134 93
5135 124
5136 174
5137 165
5138 160
5139 181
5140 150
5141 85
5142 156
5143 168
5144 96
5145 75
5146 142
5147 144
5148 160
5149 159
5150 103
5151 154
5152 117
5153 178
5154 164
5155 168
5156 163
5157 168
5158 142
5159 123
5160 152
5161 154
5162 116
5163 92
5164 123
5165 153
5166 182
5167 165
5168 141
5169 129
5170 168
5171 148
5172 149
5173 142
5174 158
5175 163
5176 136
5177 112
5178 145
5179 196
5180 217
5181 156
5182 122
5183 170
5184 86
5185 134
5186 173
5187 163
5188 182
5189 162
5190 154
5191 125
5192 141
5193 200
5194 186
5195 123
5196 168
5197 153
5198 144
5199 169
5200 113
5201 153
5202 169
5203 151
5204 156
5205 118
5206 164
5207 175
5208 154
5209 179
5210 138
5211 170
5212 172
5213 138
5214 166
5215 114
5216 180
5217 168
5218 126
5219 170
5220 154
5221 155
5222 166
5223 142
5224 129
5225 131
5226 191
5227 144
5228 189
5229 148
5230 124
5231 129
5232 143
5233 132
5234 131
5235 132
5236 133
5237 145
5238 166
5239 116
5240 182
5241 178
5242 126
5243 91
5244 176
5245 149
5246 170
5247 132
5248 214
5249 180
5250 157
5251 155
5252 129
5253 198
5254 202
5255 201
5256 145
5257 173
5258 146
5259 117
5260 151
5261 180
5262 158
5263 152
5264 160
5265 171
5266 168
5267 135
5268 122
5269 149
5270 116
5271 166
5272 164
5273 128
5274 123
5275 155
5276 131
5277 137
5278 210
5279 153
5280 162
5281 134
5282 97
5283 153
5284 124
5285 102
5286 164
5287 113
5288 133
5289 131
5290 148
5291 122
5292 164
5293 203
5294 192
5295 121
5296 138
5297 132
5298 207
5299 93
5300 184
5301 114
5302 119
5303 156
5304 141
5305 185
5306 251
5307 146
5308 109
5309 159
5310 189
5311 214
5312 107
5313 142
5314 166
5315 138
5316 145
5317 210
5318 161
5319 174
5320 132
5321 143
5322 94
5323 196
5324 169
5325 178
5326 207
5327 150
5328 169
5329 100
5330 175
5331 125
5332 111
5333 154
5334 164
5335 127
5336 177
5337 147
5338 161
5339 132
5340 138
5341 171
5342 171
5343 110
5344 169
5345 173
5346 146
5347 178
5348 157
5349 159
5350 140
5351 137
5352 134
5353 152
5354 137
5355 171
5356 158
5357 139
5358 152
5359 183
5360 138
5361 168
5362 167
5363 158
5364 155
5365 174
5366 170
5367 121
5368 179
5369 155
5370 165
5371 135
5372 155
5373 186
5374 177
5375 191
5376 136
5377 151
5378 107
5379 143
5380 154
5381 110
5382 165
5383 151
5384 209
5385 183
5386 160
5387 141
5388 127
5389 160
5390 118
5391 132
5392 165
5393 63
5394 128
5395 151
5396 128
5397 94
5398 170
5399 164
5400 145
5401 122
5402 158
5403 117
5404 154
5405 171
5406 151
5407 185
5408 178
5409 192
5410 163
5411 178
5412 143
5413 157
5414 131
5415 183
5416 155
5417 135
5418 130
5419 93
5420 118
5421 145
5422 160
5423 142
5424 160
5425 175
5426 130
5427 129
5428 93
5429 129
5430 114
5431 110
5432 162
5433 135
5434 122
5435 192
5436 117
5437 183
5438 139
5439 169
5440 70
5441 162
5442 119
5443 119
5444 171
5445 85
5446 152
5447 133
5448 182
5449 155
5450 169
5451 168
5452 166
5453 141
5454 120
5455 159
5456 134
5457 110
5458 165
5459 142
5460 90
5461 145
5462 156
5463 137
5464 141
5465 175
5466 134
5467 130
5468 122
5469 165
5470 150
5471 162
5472 138
5473 129
5474 93
5475 121
5476 145
5477 143
5478 183
5479 187
5480 148
5481 150
5482 152
5483 168
5484 91
5485 158
5486 173
5487 110
5488 167
5489 138
5490 145
5491 151
5492 145
5493 176
5494 132
5495 150
5496 178
5497 95
5498 124
5499 168
5500 139
5501 177
5502 149
5503 126
5504 123
5505 149
5506 124
5507 162
5508 141
5509 213
5510 178
5511 55
5512 175
5513 108
5514 148
5515 161
5516 85
5517 163
5518 122
5519 141
5520 157
5521 138
5522 92
5523 164
5524 205
5525 149
5526 166
5527 165
5528 172
5529 145
5530 169
5531 139
5532 147
5533 163
5534 178
5535 171
5536 140
5537 125
5538 148
5539 164
5540 139
5541 80
5542 143
5543 124
5544 111
5545 153
5546 118
5547 180
5548 132
5549 122
5550 153
5551 173
5552 158
5553 175
5554 149
5555 198
5556 137
5557 159
5558 129
5559 168
5560 139
5561 196
5562 233
5563 155
5564 131
5565 184
5566 148
5567 171
5568 194
5569 171
5570 159
5571 111
5572 126
5573 164
5574 171
5575 182
5576 161
5577 185
5578 167
5579 166
5580 167
5581 224
5582 132
5583 177
5584 162
5585 168
5586 165
5587 149
5588 187
5589 186
5590 165
5591 140
5592 136
5593 180
5594 118
5595 193
5596 84
5597 152
5598 115
5599 183
5600 150
5601 146
5602 184
5603 170
5604 158
5605 118
5606 91
5607 147
5608 154
5609 157
5610 143
5611 188
5612 176
5613 88
5614 125
5615 135
5616 112
5617 198
5618 152
5619 135
5620 86
5621 143
5622 152
5623 144
5624 164
5625 187
5626 157
5627 125
5628 157
5629 169
5630 131
5631 175
5632 156
5633 153
5634 169
5635 140
5636 124
5637 173
5638 133
5639 123
5640 176
5641 170
5642 132
5643 194
5644 139
5645 120
5646 123
5647 162
5648 164
5649 165
5650 152
5651 148
5652 155
5653 123
5654 127
5655 171
5656 131
5657 160
5658 146
5659 100
5660 144
5661 155
5662 147
5663 149
5664 133
5665 124
5666 145
5667 192
5668 170
5669 172
5670 182
5671 166
5672 158
5673 143
5674 157
5675 172
5676 152
5677 136
5678 142
5679 143
5680 168
5681 143
5682 126
5683 157
5684 147
5685 166
5686 167
5687 155
5688 119
5689 142
5690 137
5691 165
5692 164
5693 163
5694 152
5695 155
5696 190
5697 127
5698 156
5699 182
5700 145
5701 202
5702 148
5703 99
5704 137
5705 144
5706 219
5707 189
5708 160
5709 142
5710 156
5711 189
5712 100
5713 151
5714 111
5715 164
5716 135
5717 147
5718 124
5719 145
5720 163
5721 141
5722 117
5723 155
5724 130
5725 122
5726 176
5727 161
5728 122
5729 143
5730 168
5731 155
5732 120
5733 106
5734 172
5735 197
5736 162
5737 174
5738 149
5739 166
5740 178
5741 148
5742 121
5743 142
5744 156
5745 171
5746 151
5747 130
5748 159
5749 96
5750 135
5751 160
5752 162
5753 140
5754 168
5755 134
5756 162
5757 149
5758 133
5759 159
5760 188
5761 120
5762 157
5763 162
5764 70
5765 135
5766 169
5767 129
5768 152
5769 163
5770 128
5771 165
5772 128
5773 160
5774 143
5775 146
5776 132
5777 172
5778 175
5779 100
5780 162
5781 145
5782 179
5783 132
5784 211
5785 120
5786 164
5787 159
5788 151
5789 170
5790 117
5791 129
5792 169
5793 182
5794 157
5795 183
5796 148
5797 159
5798 152
5799 168
5800 207
5801 167
5802 109
5803 145
5804 146
5805 154
5806 103
5807 109
5808 138
5809 176
5810 146
5811 149
5812 130
5813 160
5814 133
5815 157
5816 119
5817 140
5818 122
5819 158
5820 178
5821 159
5822 163
5823 102
5824 139
5825 127
5826 158
5827 145
5828 144
5829 115
5830 151
5831 70
5832 147
5833 97
5834 153
5835 166
5836 164
5837 174
5838 126
5839 113
5840 222
5841 128
5842 179
5843 173
5844 153
5845 151
5846 137
5847 164
5848 155
5849 178
5850 158
5851 151
5852 111
5853 178
5854 108
5855 159
5856 131
5857 129
5858 150
5859 132
5860 186
5861 127
5862 164
5863 144
5864 207
5865 122
5866 161
5867 168
5868 176
5869 168
5870 149
5871 148
5872 120
5873 257
5874 137
5875 146
5876 164
5877 143
5878 140
5879 160
5880 144
5881 120
5882 172
5883 160
5884 163
5885 168
5886 142
5887 141
5888 106
5889 172
5890 174
5891 146
5892 132
5893 138
5894 121
5895 185
5896 156
5897 159
5898 153
5899 206
5900 158
5901 154
5902 149
5903 162
5904 165
5905 132
5906 133
5907 182
5908 142
5909 142
5910 105
5911 159
5912 111
5913 175
5914 152
5915 166
5916 137
5917 178
5918 137
5919 162
5920 140
5921 155
5922 171
5923 112
5924 114
5925 140
5926 128
5927 169
5928 150
5929 145
5930 138
5931 142
5932 131
5933 176
5934 112
5935 148
5936 158
5937 160
5938 152
5939 130
5940 164
5941 44
5942 66
5943 148
5944 162
5945 120
5946 114
5947 153
5948 157
5949 133
5950 117
5951 126
5952 180
5953 171
5954 166
5955 148
5956 157
5957 169
5958 183
5959 150
5960 157
5961 135
5962 155
5963 136
5964 125
5965 161
5966 147
5967 146
5968 104
5969 135
5970 163
5971 214
5972 129
5973 170
5974 126
5975 120
5976 42
5977 127
5978 134
5979 141
5980 178
5981 148
5982 155
5983 172
5984 137
5985 171
5986 166
5987 176
5988 168
5989 182
5990 109
5991 167
5992 120
5993 109
5994 146
5995 148
5996 148
5997 138
5998 153
5999 174
6000 137
6001 165
6002 182
6003 123
6004 152
6005 147
6006 142
6007 156
6008 143
6009 164
6010 146
6011 119
6012 151
6013 135
6014 100
6015 121
6016 152
6017 158
6018 169
6019 169
6020 164
6021 155
6022 153
6023 146
6024 162
6025 130
6026 154
6027 147
6028 164
6029 186
6030 119
6031 116
6032 153
6033 167
6034 130
6035 153
6036 155
6037 153
6038 143
6039 124
6040 151
6041 152
6042 145
6043 136
6044 113
6045 140
6046 168
6047 189
6048 155
6049 176
6050 114
6051 151
6052 143
6053 166
6054 111
6055 157
6056 149
6057 178
6058 164
6059 148
6060 147
6061 165
6062 159
6063 134
6064 146
6065 160
6066 167
6067 138
6068 134
6069 144
6070 182
6071 121
6072 136
6073 139
6074 109
6075 153
6076 143
6077 147
6078 170
6079 148
6080 146
6081 146
6082 120
6083 158
6084 156
6085 151
6086 182
6087 162
6088 137
6089 185
6090 129
6091 185
6092 193
6093 172
6094 139
6095 164
6096 144
6097 140
6098 173
6099 172
6100 148
6101 170
6102 206
6103 152
6104 165
6105 133
6106 152
6107 146
6108 65
6109 148
6110 168
6111 83
6112 132
6113 113
6114 128
6115 124
6116 141
6117 135
6118 179
6119 145
6120 155
6121 168
6122 145
6123 113
6124 149
6125 135
6126 178
6127 150
6128 130
6129 128
6130 161
6131 190
6132 127
6133 175
6134 184
6135 169
6136 185
6137 111
6138 150
6139 188
6140 137
6141 151
6142 128
6143 170
6144 160
6145 169
6146 140
6147 161
6148 201
6149 167
6150 125
6151 175
6152 104
6153 160
6154 185
6155 217
6156 126
6157 142
6158 199
6159 124
6160 145
6161 137
6162 170
6163 138
6164 129
6165 166
6166 143
6167 139
6168 138
6169 131
6170 162
6171 133
6172 153
6173 170
6174 193
6175 155
6176 131
6177 191
6178 140
6179 139
6180 168
6181 146
6182 179
6183 168
6184 128
6185 172
6186 175
6187 102
6188 149
6189 139
6190 166
6191 174
6192 203
6193 108
6194 156
6195 172
6196 163
6197 133
6198 124
6199 163
6200 157
6201 120
6202 127
6203 157
6204 143
6205 154
6206 169
6207 168
6208 144
6209 160
6210 206
6211 131
6212 165
6213 161
6214 132
6215 125
6216 136
6217 125
6218 160
6219 170
6220 166
6221 145
6222 129
6223 149
6224 185
6225 164
6226 130
6227 152
6228 141
6229 211
6230 144
6231 161
6232 212
6233 99
6234 158
6235 156
6236 149
6237 180
6238 187
6239 148
6240 134
6241 202
6242 205
6243 102
6244 132
6245 170
6246 172
6247 145
6248 162
6249 150
6250 134
6251 201
6252 120
6253 150
6254 136
6255 189
6256 149
6257 116
6258 127
6259 152
6260 123
6261 181
6262 164
6263 88
6264 122
6265 119
6266 116
6267 192
6268 138
6269 163
6270 140
6271 170
6272 137
6273 144
6274 136
6275 155
6276 133
6277 154
6278 135
6279 135
6280 170
6281 198
6282 151
6283 124
6284 118
6285 138
6286 163
6287 162
6288 149
6289 139
6290 161
6291 152
6292 195
6293 145
6294 114
6295 170
6296 233
6297 143
6298 181
6299 157
6300 158
6301 133
6302 158
6303 172
6304 117
6305 145
6306 143
6307 144
6308 161
6309 123
6310 179
6311 142
6312 128
6313 142
6314 145
6315 161
6316 168
6317 148
6318 165
6319 177
6320 124
6321 150
6322 164
6323 103
6324 175
6325 182
6326 151
6327 153
6328 152
6329 148
6330 156
6331 147
6332 156
6333 149
6334 191
6335 184
6336 134
6337 140
6338 143
6339 146
6340 182
6341 230
6342 164
6343 146
6344 121
6345 171
6346 149
6347 170
6348 147
6349 148
6350 168
6351 159
6352 148
6353 163
6354 156
6355 157
6356 155
6357 139
6358 134
6359 157
6360 151
6361 137
6362 134
6363 159
6364 145
6365 86
6366 144
6367 114
6368 201
6369 114
6370 174
6371 115
6372 136
6373 165
6374 146
6375 149
6376 156
6377 140
6378 136
6379 130
6380 159
6381 148
6382 194
6383 152
6384 173
6385 139
6386 157
6387 140
6388 139
6389 105
6390 152
6391 159
6392 123
6393 144
6394 174
6395 142
6396 157
6397 162
6398 174
6399 144
6400 179
6401 173
6402 136
6403 138
6404 140
6405 213
6406 175
6407 159
6408 146
6409 152
6410 121
6411 133
6412 176
6413 127
6414 137
6415 150
6416 122
6417 143
6418 159
6419 150
6420 141
6421 193
6422 146
6423 116
6424 147
6425 151
6426 119
6427 140
6428 182
6429 140
6430 145
6431 173
6432 132
6433 205
6434 138
6435 133
6436 154
6437 176
6438 184
6439 147
6440 123
6441 125
6442 134
6443 143
6444 160
6445 150
6446 117
6447 141
6448 179
6449 99
6450 167
6451 142
6452 128
6453 147
6454 129
6455 154
6456 147
6457 115
6458 140
6459 141
6460 177
6461 98
6462 172
6463 133
6464 119
6465 170
6466 136
6467 132
6468 162
6469 178
6470 170
6471 177
6472 202
6473 139
6474 166
6475 179
6476 131
6477 158
6478 149
6479 141
6480 135
6481 148
6482 173
6483 133
6484 128
6485 126
6486 161
6487 94
6488 189
6489 168
6490 166
6491 139
6492 149
6493 176
6494 192
6495 149
6496 184
6497 153
6498 155
6499 174
6500 139
6501 164
6502 169
6503 237
6504 160
6505 146
6506 120
6507 148
6508 158
6509 168
6510 126
6511 164
6512 86
6513 130
6514 131
6515 129
6516 111
6517 164
6518 136
6519 172
6520 146
6521 130
6522 117
6523 153
6524 128
6525 176
6526 226
6527 110
6528 149
6529 177
6530 137
6531 161
6532 159
6533 160
6534 179
6535 215
6536 148
6537 138
6538 130
6539 161
6540 134
6541 171
6542 153
6543 128
6544 127
6545 153
6546 88
6547 135
6548 174
6549 135
6550 141
6551 120
6552 112
6553 160
6554 152
6555 137
6556 180
6557 190
6558 178
6559 170
6560 159
6561 164
6562 162
6563 134
6564 137
6565 150
6566 125
6567 0
6568 137
6569 165
6570 135
6571 164
6572 145
6573 182
6574 165
6575 147
6576 185
6577 151
6578 87
6579 162
6580 180
6581 114
6582 131
6583 134
6584 131
6585 117
6586 168
6587 112
6588 141
6589 182
6590 184
6591 148
6592 176
6593 144
6594 153
6595 171
6596 154
6597 166
6598 127
6599 184
6600 134
6601 114
6602 141
6603 177
6604 131
6605 106
6606 179
6607 148
6608 163
6609 172
6610 156
6611 143
6612 123
6613 161
6614 159
6615 165
6616 193
6617 126
6618 168
6619 218
6620 166
6621 150
6622 115
6623 120
6624 157
6625 165
6626 149
6627 157
6628 140
6629 186
6630 185
6631 110
6632 69
6633 145
6634 134
6635 146
6636 130
6637 155
6638 132
6639 158
6640 144
6641 177
6642 133
6643 147
6644 141
6645 142
6646 111
6647 128
6648 186
6649 82
6650 150
6651 163
6652 161
6653 108
6654 159
6655 187
6656 62
6657 146
6658 136
6659 165
6660 79
6661 136
6662 151
6663 119
6664 133
6665 129
6666 153
6667 175
6668 159
6669 161
6670 140
6671 131
6672 155
6673 165
6674 140
6675 163
6676 147
6677 157
6678 179
6679 156
6680 140
6681 133
6682 160
6683 172
6684 126
6685 128
6686 138
6687 116
6688 154
6689 144
6690 176
6691 164
6692 169
6693 226
6694 147
6695 145
6696 152
6697 136
6698 121
6699 208
6700 134
6701 131
6702 157
6703 149
6704 146
6705 121
6706 199
6707 154
6708 125
6709 154
6710 180
6711 118
6712 140
6713 118
6714 179
6715 169
6716 139
6717 156
6718 121
6719 138
6720 162
6721 169
6722 163
6723 175
6724 136
6725 184
6726 165
6727 164
6728 137
6729 145
6730 187
6731 22
6732 148
6733 103
6734 140
6735 104
6736 111
6737 162
6738 138
6739 144
6740 137
6741 175
6742 116
6743 145
6744 121
6745 180
6746 134
6747 161
6748 179
6749 123
6750 139
6751 139
6752 147
6753 160
6754 132
6755 171
6756 142
6757 181
6758 153
6759 174
6760 136
6761 184
6762 158
6763 164
6764 158
6765 188
6766 89
6767 181
6768 164
6769 124
6770 137
6771 146
6772 138
6773 148
6774 141
6775 171
6776 139
6777 173
6778 180
6779 161
6780 160
6781 120
6782 213
6783 173
6784 125
6785 168
6786 147
6787 160
6788 157
6789 107
6790 125
6791 102
6792 146
6793 98
6794 164
6795 171
6796 154
6797 228
6798 215
6799 132
6800 102
6801 201
6802 152
6803 177
6804 164
6805 158
6806 162
6807 175
6808 123
6809 171
6810 143
6811 166
6812 181
6813 101
6814 152
6815 185
6816 215
6817 144
6818 163
6819 173
6820 120
6821 171
6822 218
6823 150
6824 148
6825 165
6826 138
6827 158
6828 165
6829 139
6830 189
6831 136
6832 151
6833 170
6834 133
6835 167
6836 134
6837 155
6838 152
6839 156
6840 122
6841 160
6842 194
6843 107
6844 203
6845 135
6846 131
6847 191
6848 136
6849 141
6850 176
6851 156
6852 161
6853 138
6854 112
6855 186
6856 107
6857 102
6858 137
6859 183
6860 189
6861 121
6862 170
6863 104
6864 137
6865 169
6866 152
6867 188
6868 130
6869 117
6870 103
6871 133
6872 183
6873 119
6874 87
6875 139
6876 175
6877 164
6878 167
6879 128
6880 147
6881 141
6882 100
6883 152
6884 157
6885 126
6886 154
6887 155
6888 108
6889 159
6890 127
6891 148
6892 172
6893 157
6894 183
6895 169
6896 106
6897 142
6898 221
6899 133
6900 125
6901 84
6902 163
6903 128
6904 149
6905 155
6906 140
6907 153
6908 128
6909 170
6910 144
6911 145
6912 170
6913 167
6914 171
6915 98
6916 126
6917 167
6918 103
6919 108
6920 136
6921 149
6922 178
6923 214
6924 124
6925 151
6926 138
6927 152
6928 131
6929 166
6930 163
6931 134
6932 148
6933 161
6934 175
6935 163
6936 151
6937 132
6938 132
6939 159
6940 123
6941 160
6942 144
6943 125
6944 207
6945 162
6946 167
6947 139
6948 205
6949 112
6950 134
6951 141
6952 119
6953 132
6954 138
6955 129
6956 198
6957 148
6958 100
6959 188
6960 137
6961 158
6962 107
6963 157
6964 186
6965 125
6966 157
6967 185
6968 195
6969 159
6970 129
6971 159
6972 103
6973 159
6974 175
6975 142
6976 175
6977 203
6978 156
6979 199
6980 150
6981 152
6982 122
6983 103
6984 158
6985 160
6986 178
6987 98
6988 181
6989 126
6990 142
6991 147
6992 144
6993 139
6994 149
6995 142
6996 182
6997 153
6998 187
6999 157
7000 130
7001 169
7002 147
7003 151
7004 163
7005 171
7006 153
7007 154
7008 138
7009 116
7010 172
7011 161
7012 111
7013 163
7014 186
7015 151
7016 159
7017 162
7018 178
7019 147
7020 155
7021 168
7022 141
7023 130
7024 159
7025 154
7026 144
7027 166
7028 113
7029 137
7030 175
7031 153
7032 134
7033 188
7034 122
7035 170
7036 145
7037 173
7038 156
7039 139
7040 136
7041 186
7042 138
7043 93
7044 153
7045 217
7046 171
7047 155
7048 109
7049 179
7050 166
7051 162
7052 190
7053 143
7054 109
7055 162
7056 153
7057 138
7058 146
7059 157
7060 165
7061 176
7062 170
7063 156
7064 116
7065 171
7066 167
7067 166
7068 108
7069 163
7070 121
7071 190
7072 135
7073 154
7074 141
7075 183
7076 153
7077 149
7078 166
7079 141
7080 139
7081 188
7082 151
7083 154
7084 138
7085 134
7086 146
7087 174
7088 171
7089 196
7090 165
7091 172
7092 122
7093 117
7094 134
7095 177
7096 137
7097 196
7098 157
7099 151
7100 158
7101 171
7102 152
7103 119
7104 162
7105 147
7106 150
7107 145
7108 133
7109 150
7110 209
7111 154
7112 165
7113 133
7114 157
7115 147
7116 163
7117 139
7118 143
7119 78
7120 127
7121 182
7122 151
7123 167
7124 160
7125 161
7126 135
7127 171
7128 121
7129 127
7130 159
7131 146
7132 148
7133 182
7134 113
7135 150
7136 171
7137 185
7138 142
7139 147
7140 133
7141 168
7142 123
7143 153
7144 186
7145 211
7146 134
7147 153
7148 161
7149 150
7150 127
7151 172
7152 150
7153 173
7154 155
7155 153
7156 178
7157 183
7158 163
7159 142
7160 111
7161 121
7162 151
7163 151
7164 125
7165 130
7166 144
7167 99
7168 164
7169 110
7170 119
7171 153
7172 168
7173 210
7174 196
7175 134
7176 143
7177 175
7178 148
7179 160
7180 137
7181 141
7182 127
7183 151
7184 121
7185 118
7186 168
7187 124
7188 141
7189 128
7190 151
7191 160
7192 126
7193 162
7194 157
7195 102
7196 155
7197 161
7198 131
7199 125
