Vertices: 3700
Edges: 25900
Time: 2,961 ms
Iterations: 25890
Vertex Distance
0 0
1 116
2 67
3 126
4 108
5 130
6 119
7 90
8 103
9 125
10 110
11 99
12 84
13 149
14 131
15 135
16 141
17 211
18 118
19 121
20 104
21 129
22 126
23 153
24 142
25 127
26 124
27 141
28 130
29 126
30 143
31 163
32 128
33 67
34 146
35 144
36 110
37 134
38 125
39 111
40 150
41 137
42 175
43 95
44 115
45 128
46 189
47 126
48 151
49 87
50 109
51 95
52 95
53 141
54 126
55 44
56 150
57 108
58 163
59 121
60 82
61 116
62 128
63 138
64 123
65 97
66 114
67 129
68 147
69 109
70 104
71 107
72 111
73 122
74 122
75 120
76 118
77 63
78 114
79 113
80 119
81 97
82 116
83 85
84 84
85 121
86 118
87 154
88 113
89 132
90 147
91 154
92 142
93 76
94 96
95 97
96 88
97 140
98 124
99 138
100 77
101 117
102 112
103 132
104 111
105 113
106 91
107 111
108 0
109 127
110 144
111 157
112 87
113 122
114 144
115 152
116 84
117 128
118 105
119 161
120 114
121 124
122 87
123 122
124 83
125 85
126 124
127 108
128 102
129 112
130 115
131 113
132 136
133 87
134 151
135 116
136 156
137 134
138 151
139 110
140 102
141 104
142 90
143 182
144 101
145 92
146 122
147 105
148 99
149 112
150 132
151 116
152 108
153 128
154 98
155 144
156 110
157 97
158 122
159 124
160 120
161 133
162 121
163 161
164 122
165 125
166 111
167 108
168 131
169 164
170 130
171 154
172 186
173 144
174 115
175 86
176 152
177 139
178 90
179 110
180 154
181 156
182 121
183 122
184 140
185 116
186 124
187 131
188 125
189 142
190 175
191 140
192 90
193 136
194 23
195 193
196 83
197 133
198 142
199 116
200 102
201 117
202 125
203 120
204 52
205 116
206 111
207 88
208 125
209 105
210 133
211 74
212 74
213 135
214 129
215 97
216 89
217 144
218 105
219 110
220 103
221 93
222 152
223 106
224 132
225 136
226 97
227 118
228 130
229 76
230 124
231 67
232 120
233 131
234 98
235 137
236 107
237 90
238 83
239 141
240 100
241 102
242 143
243 151
244 111
245 170
246 107
247 244
248 104
249 111
250 99
251 117
252 134
253 86
254 117
255 64
256 98
257 113
258 147
259 137
260 179
261 97
262 124
263 137
264 119
265 116
266 103
267 115
268 122
269 126
270 120
271 113
272 89
273 136
274 96
275 135
276 122
277 112
278 107
279 114
280 131
281 109
282 136
283 156
284 126
285 115
286 98
287 81
288 182
289 127
290 130
291 178
292 89
293 96
294 120
295 153
296 147
297 135
298 128
299 148
300 131
301 131
302 133
303 92
304 122
305 123
306 107
307 122
308 106
309 164
310 162
311 132
312 100
313 128
314 106
315 95
316 107
317 86
318 139
319 138
320 142
321 124
322 125
323 121
324 135
325 139
326 142
327 69
328 124
329 115
330 105
331 76
332 106
333 105
334 122
335 85
336 98
337 127
338 134
339 99
340 130
341 125
342 112
343 145
344 133
345 116
346 150
347 84
348 140
349 111
350 88
351 160
352 136
353 137
354 125
355 124
356 102
357 80
358 42
359 77
360 105
361 101
362 100
363 116
364 127
365 146
366 126
367 156
368 168
369 145
370 75
371 106
372 134
373 86
374 119
375 148
376 129
377 116
378 142
379 117
380 120
381 100
382 71
383 50
384 74
385 144
386 170
387 129
388 113
389 132
390 120
391 134
392 11
393 64
394 141
395 127
396 103
397 162
398 112
399 141
400 131
401 103
402 115
403 126
404 109
405 103
406 137
407 127
408 118
409 137
410 108
411 102
412 125
413 138
414 155
415 141
416 140
417 122
418 125
419 144
420 70
421 118
422 110
423 129
424 114
425 116
426 96
427 103
428 128
429 143
430 151
431 121
432 110
433 126
434 126
435 140
436 171
437 120
438 126
439 110
440 121
441 100
442 100
443 121
444 95
445 117
446 101
447 138
448 118
449 125
450 96
451 113
452 121
453 158
454 127
455 136
456 115
457 117
458 212
459 122
460 112
461 88
462 247
463 137
464 121
465 121
466 125
467 128
468 65
469 149
470 110
471 133
472 79
473 124
474 94
475 148
476 146
477 97
478 111
479 81
480 132
481 146
482 111
483 105
484 142
485 112
486 50
487 130
488 104
489 164
490 135
491 130
492 151
493 155
494 125
495 97
496 98
497 95
498 82
499 68
500 137
501 98
502 134
503 130
504 136
505 145
506 163
507 112
508 147
509 105
510 124
511 112
512 124
513 143
514 150
515 100
516 141
517 113
518 99
519 94
520 148
521 110
522 142
523 116
524 49
525 98
526 102
527 166
528 93
529 127
530 109
531 151
532 136
533 109
534 90
535 139
536 73
537 143
538 111
539 96
540 120
541 124
542 136
543 147
544 122
545 90
546 133
547 132
548 119
549 143
550 128
551 77
552 39
553 131
554 78
555 111
556 123
557 125
558 132
559 149
560 110
561 134
562 112
563 105
564 89
565 149
566 140
567 113
568 139
569 116
570 127
571 135
572 139
573 134
574 142
575 118
576 129
577 135
578 133
579 131
580 176
581 108
582 127
583 157
584 128
585 111
586 143
587 116
588 135
589 128
590 146
591 104
592 141
593 76
594 140
595 156
596 154
597 119
598 146
599 108
600 112
601 97
602 142
603 142
604 119
605 109
606 117
607 119
608 91
609 71
610 93
611 129
612 145
613 120
614 140
615 51
616 133
617 131
618 164
619 73
620 165
621 141
622 104
623 101
624 155
625 96
626 100
627 97
628 134
629 103
630 186
631 139
632 137
633 155
634 92
635 124
636 96
637 126
638 143
639 83
640 112
641 131
642 148
643 135
644 140
645 121
646 107
647 98
648 107
649 155
650 109
651 119
652 139
653 118
654 118
655 128
656 126
657 77
658 116
659 147
660 145
661 122
662 146
663 110
664 149
665 144
666 110
667 100
668 107
669 172
670 91
671 105
672 142
673 112
674 106
675 90
676 117
677 90
678 111
679 120
680 122
681 124
682 166
683 76
684 150
685 106
686 154
687 161
688 108
689 139
690 143
691 117
692 132
693 102
694 133
695 122
696 114
697 144
698 137
699 144
700 133
701 60
702 127
703 120
704 125
705 127
706 110
707 134
708 77
709 99
710 129
711 156
712 162
713 106
714 85
715 55
716 153
717 112
718 117
719 134
720 136
721 118
722 119
723 130
724 135
725 90
726 122
727 72
728 127
729 136
730 157
731 120
732 136
733 93
734 109
735 109
736 118
737 108
738 122
739 133
740 70
741 112
742 156
743 160
744 106
745 167
746 128
747 98
748 102
749 87
750 48
751 140
752 95
753 172
754 101
755 150
756 116
757 123
758 83
759 112
760 139
761 145
762 93
763 147
764 147
765 128
766 118
767 167
768 101
769 79
770 96
771 124
772 47
773 144
774 148
775 132
776 145
777 155
778 143
779 165
780 126
781 109
782 52
783 101
784 101
785 68
786 101
787 117
788 127
789 103
790 109
791 150
792 144
793 127
794 131
795 133
796 136
797 188
798 128
799 138
800 126
801 60
802 132
803 157
804 157
805 83
806 131
807 166
808 126
809 119
810 142
811 160
812 128
813 66
814 91
815 131
816 119
817 131
818 120
819 104
820 115
821 121
822 84
823 114
824 103
825 93
826 133
827 134
828 160
829 135
830 99
831 108
832 138
833 116
834 112
835 95
836 116
837 122
838 164
839 123
840 124
841 93
842 127
843 127
844 57
845 131
846 119
847 166
848 122
849 91
850 119
851 82
852 133
853 128
854 191
855 91
856 124
857 133
858 117
859 106
860 169
861 119
862 106
863 124
864 104
865 122
866 111
867 153
868 130
869 121
870 99
871 139
872 101
873 150
874 167
875 136
876 107
877 111
878 122
879 80
880 102
881 139
882 127
883 121
884 153
885 123
886 156
887 142
888 154
889 129
890 146
891 128
892 87
893 120
894 88
895 115
896 124
897 131
898 134
899 119
900 116
901 129
902 113
903 88
904 164
905 118
906 129
907 122
908 159
909 157
910 131
911 151
912 152
913 101
914 96
915 110
916 180
917 114
918 166
919 187
920 124
921 177
922 96
923 134
924 126
925 62
926 124
927 119
928 113
929 94
930 123
931 93
932 142
933 120
934 87
935 105
936 116
937 135
938 132
939 111
940 110
941 132
942 106
943 103
944 79
945 89
946 138
947 102
948 82
949 112
950 129
951 143
952 115
953 114
954 77
955 105
956 142
957 108
958 74
959 77
960 138
961 135
962 152
963 138
964 112
965 88
966 164
967 120
968 118
969 102
970 134
971 146
972 169
973 123
974 108
975 105
976 139
977 73
978 130
979 69
980 97
981 109
982 121
983 84
984 108
985 79
986 91
987 131
988 94
989 135
990 137
991 137
992 94
993 118
994 127
995 93
996 143
997 149
998 83
999 112
1000 183
1001 108
1002 83
1003 82
1004 134
1005 81
1006 136
1007 153
1008 119
1009 141
1010 86
1011 198
1012 109
1013 118
1014 71
1015 94
1016 117
1017 161
1018 107
1019 81
1020 128
1021 108
1022 79
1023 125
1024 119
1025 148
1026 50
1027 105
1028 136
1029 157
1030 137
1031 125
1032 129
1033 99
1034 162
1035 112
1036 121
1037 80
1038 146
1039 108
1040 127
1041 149
1042 110
1043 116
1044 115
1045 132
1046 159
1047 87
1048 96
1049 145
1050 159
1051 119
1052 148
1053 117
1054 99
1055 149
1056 124
1057 124
1058 92
1059 107
1060 103
1061 128
1062 98
1063 155
1064 136
1065 85
1066 117
1067 135
1068 76
1069 138
1070 89
1071 76
1072 106
1073 102
1074 129
1075 131
1076 83
1077 112
1078 121
1079 161
1080 102
1081 135
1082 93
1083 179
1084 135
1085 116
1086 114
1087 134
1088 117
1089 114
1090 116
1091 117
1092 135
1093 93
1094 126
1095 109
1096 148
1097 128
1098 104
1099 118
1100 169
1101 76
1102 130
1103 81
1104 102
1105 92
1106 53
1107 23
1108 126
1109 130
1110 157
1111 110
1112 130
1113 101
1114 151
1115 72
1116 110
1117 127
1118 152
1119 37
1120 145
1121 60
1122 53
1123 124
1124 148
1125 106
1126 137
1127 144
1128 142
1129 136
1130 142
1131 114
1132 115
1133 89
1134 147
1135 129
1136 84
1137 116
1138 113
1139 110
1140 135
1141 101
1142 106
1143 103
1144 133
1145 143
1146 84
1147 52
1148 118
1149 153
1150 132
1151 112
1152 127
1153 137
1154 104
1155 143
1156 116
1157 87
1158 104
1159 118
1160 141
1161 177
1162 140
1163 114
1164 130
1165 154
1166 127
1167 117
1168 137
1169 132
1170 108
1171 109
1172 98
1173 168
1174 134
1175 117
1176 138
1177 165
1178 138
1179 112
1180 114
1181 119
1182 78
1183 97
1184 114
1185 105
1186 101
1187 110
1188 124
1189 121
1190 118
1191 123
1192 75
1193 75
1194 125
1195 120
1196 114
1197 141
1198 108
1199 106
1200 125
1201 87
1202 140
1203 125
1204 111
1205 159
1206 118
1207 30
1208 94
1209 141
1210 73
1211 108
1212 127
1213 103
1214 135
1215 158
1216 118
1217 137
1218 166
1219 114
1220 95
1221 191
1222 92
1223 112
1224 88
1225 124
1226 107
1227 121
1228 128
1229 118
1230 124
1231 151
1232 202
1233 117
1234 115
1235 153
1236 150
1237 116
1238 139
1239 119
1240 113
1241 79
1242 85
1243 85
1244 119
1245 116
1246 87
1247 111
1248 124
1249 128
1250 126
1251 146
1252 156
1253 129
1254 128
1255 97
1256 121
1257 135
1258 132
1259 99
1260 130
1261 100
1262 149
1263 108
1264 83
1265 77
1266 106
1267 153
1268 151
1269 84
1270 146
1271 160
1272 120
1273 111
1274 136
1275 107
1276 161
1277 137
1278 101
1279 147
1280 77
1281 103
1282 106
1283 97
1284 119
1285 130
1286 116
1287 130
1288 134
1289 175
1290 101
1291 118
1292 104
1293 110
1294 108
1295 82
1296 123
1297 133
1298 130
1299 109
1300 105
1301 136
1302 139
1303 59
1304 123
1305 157
1306 173
1307 107
1308 127
1309 89
1310 135
1311 113
1312 153
1313 133
1314 134
1315 114
1316 130
1317 66
1318 133
1319 85
1320 116
1321 119
1322 129
1323 157
1324 104
1325 134
1326 68
1327 138
1328 110
1329 116
1330 140
1331 133
1332 142
1333 92
1334 55
1335 107
1336 91
1337 106
1338 105
1339 116
1340 101
1341 191
1342 151
1343 100
1344 120
1345 134
1346 113
1347 117
1348 143
1349 122
1350 115
1351 133
1352 146
1353 106
1354 157
1355 119
1356 119
1357 121
1358 115
1359 134
1360 118
1361 89
1362 105
1363 89
1364 96
1365 96
1366 125
1367 75
1368 127
1369 64
1370 97
1371 118
1372 97
1373 89
1374 81
1375 135
1376 132
1377 62
1378 152
1379 121
1380 97
1381 163
1382 117
1383 112
1384 127
1385 148
1386 114
1387 119
1388 113
1389 146
1390 112
1391 116
1392 111
1393 95
1394 82
1395 101
1396 152
1397 98
1398 137
1399 137
1400 119
1401 191
1402 162
1403 121
1404 109
1405 86
1406 127
1407 131
1408 103
1409 140
1410 60
1411 126
1412 139
1413 102
1414 120
1415 140
1416 141
1417 152
1418 115
1419 139
1420 158
1421 102
1422 136
1423 80
1424 115
1425 120
1426 127
1427 122
1428 62
1429 28
1430 158
1431 90
1432 100
1433 94
1434 90
1435 104
1436 141
1437 110
1438 125
1439 98
1440 175
1441 79
1442 148
1443 123
1444 127
1445 85
1446 139
1447 91
1448 158
1449 116
1450 125
1451 175
1452 129
1453 110
1454 99
1455 135
1456 123
1457 106
1458 126
1459 140
1460 114
1461 130
1462 126
1463 142
1464 115
1465 74
1466 94
1467 105
1468 82
1469 104
1470 129
1471 91
1472 105
1473 66
1474 85
1475 94
1476 118
1477 112
1478 111
1479 132
1480 114
1481 152
1482 109
1483 175
1484 172
1485 117
1486 118
1487 125
1488 117
1489 98
1490 122
1491 134
1492 132
1493 174
1494 117
1495 146
1496 97
1497 113
1498 141
1499 120
1500 105
1501 113
1502 114
1503 74
1504 91
1505 134
1506 79
1507 112
1508 144
1509 81
1510 87
1511 119
1512 124
1513 140
1514 49
1515 119
1516 133
1517 110
1518 153
1519 115
1520 78
1521 140
1522 120
1523 66
1524 97
1525 97
1526 158
1527 156
1528 193
1529 99
1530 149
1531 105
1532 117
1533 125
1534 133
1535 71
1536 92
1537 95
1538 156
1539 96
1540 127
1541 123
1542 120
1543 121
1544 98
1545 119
1546 117
1547 129
1548 127
1549 65
1550 108
1551 77
1552 122
1553 84
1554 52
1555 168
1556 101
1557 147
1558 124
1559 122
1560 140
1561 127
1562 127
1563 66
1564 88
1565 145
1566 122
1567 105
1568 101
1569 142
1570 98
1571 149
1572 126
1573 111
1574 89
1575 120
1576 108
1577 111
1578 145
1579 110
1580 93
1581 107
1582 137
1583 141
1584 123
1585 135
1586 163
1587 125
1588 146
1589 128
1590 133
1591 114
1592 135
1593 154
1594 155
1595 106
1596 137
1597 76
1598 135
1599 197
1600 135
1601 127
1602 111
1603 125
1604 141
1605 28
1606 103
1607 86
1608 116
1609 113
1610 77
1611 120
1612 133
1613 113
1614 116
1615 119
1616 109
1617 103
1618 74
1619 100
1620 130
1621 149
1622 97
1623 105
1624 136
1625 121
1626 123
1627 146
1628 105
1629 141
1630 119
1631 113
1632 129
1633 96
1634 123
1635 59
1636 130
1637 114
1638 97
1639 118
1640 120
1641 88
1642 128
1643 140
1644 118
1645 148
1646 64
1647 114
1648 118
1649 91
1650 103
1651 88
1652 110
1653 107
1654 103
1655 200
1656 110
1657 107
1658 149
1659 117
1660 115
1661 94
1662 154
1663 139
1664 72
1665 115
1666 119
1667 116
1668 75
1669 97
1670 146
1671 125
1672 106
1673 148
1674 101
1675 139
1676 144
1677 96
1678 80
1679 121
1680 137
1681 112
1682 115
1683 152
1684 138
1685 148
1686 120
1687 103
1688 91
1689 101
1690 118
1691 102
1692 86
1693 118
1694 92
1695 102
1696 130
1697 43
1698 136
1699 124
1700 81
1701 140
1702 66
1703 127
1704 134
1705 91
1706 147
1707 91
1708 137
1709 137
1710 101
1711 140
1712 138
1713 132
1714 136
1715 116
1716 133
1717 133
1718 80
1719 98
1720 114
1721 91
1722 169
1723 155
1724 151
1725 135
1726 98
1727 77
1728 108
1729 117
1730 128
1731 74
1732 126
1733 60
1734 98
1735 128
1736 120
1737 136
1738 133
1739 112
1740 61
1741 59
1742 100
1743 101
1744 133
1745 125
1746 102
1747 112
1748 144
1749 133
1750 146
1751 133
1752 160
1753 102
1754 133
1755 98
1756 135
1757 146
1758 119
1759 89
1760 143
1761 181
1762 99
1763 141
1764 129
1765 81
1766 75
1767 123
1768 117
1769 163
1770 151
1771 118
1772 109
1773 125
1774 109
1775 106
1776 117
1777 137
1778 122
1779 145
1780 137
1781 112
1782 155
1783 123
1784 116
1785 146
1786 124
1787 124
1788 93
1789 127
1790 119
1791 114
1792 132
1793 132
1794 116
1795 153
1796 146
1797 124
1798 121
1799 133
1800 128
1801 112
1802 141
1803 71
1804 132
1805 99
1806 152
1807 119
1808 123
1809 114
1810 189
1811 143
1812 161
1813 122
1814 113
1815 115
1816 100
1817 94
1818 124
1819 133
1820 123
1821 111
1822 119
1823 180
1824 140
1825 141
1826 136
1827 137
1828 117
1829 147
1830 106
1831 70
1832 147
1833 62
1834 149
1835 78
1836 126
1837 133
1838 106
1839 122
1840 109
1841 104
1842 100
1843 107
1844 106
1845 128
1846 63
1847 144
1848 104
1849 144
1850 125
1851 148
1852 121
1853 141
1854 104
1855 124
1856 133
1857 127
1858 125
1859 93
1860 105
1861 114
1862 108
1863 123
1864 100
1865 122
1866 145
1867 120
1868 122
1869 105
1870 128
1871 98
1872 96
1873 87
1874 109
1875 114
1876 107
1877 137
1878 90
1879 107
1880 110
1881 113
1882 174
1883 116
1884 86
1885 133
1886 94
1887 189
1888 87
1889 124
1890 82
1891 125
1892 134
1893 140
1894 108
1895 178
1896 93
1897 135
1898 115
1899 164
1900 116
1901 100
1902 131
1903 139
1904 125
1905 130
1906 134
1907 108
1908 110
1909 94
1910 100
1911 99
1912 61
1913 108
1914 130
1915 170
1916 97
1917 120
1918 113
1919 133
1920 124
1921 124
1922 125
1923 129
1924 160
1925 97
1926 84
1927 119
1928 127
1929 112
1930 137
1931 115
1932 99
1933 116
1934 114
1935 112
1936 107
1937 87
1938 120
1939 112
1940 116
1941 154
1942 128
1943 79
1944 126
1945 114
1946 112
1947 111
1948 100
1949 120
1950 112
1951 81
1952 164
1953 167
1954 103
1955 75
1956 111
1957 136
1958 142
1959 96
1960 139
1961 143
1962 131
1963 115
1964 139
1965 151
1966 137
1967 94
1968 96
1969 161
1970 114
1971 27
1972 130
1973 112
1974 99
1975 141
1976 106
1977 85
1978 105
1979 139
1980 101
1981 53
1982 75
1983 96
1984 133
1985 180
1986 146
1987 132
1988 109
1989 134
1990 127
1991 184
1992 91
1993 114
1994 133
1995 131
1996 136
1997 109
1998 55
1999 110
2000 140
2001 133
2002 154
2003 90
2004 120
2005 135
2006 142
2007 122
2008 148
2009 127
2010 141
2011 120
2012 130
2013 94
2014 78
2015 100
2016 90
2017 117
2018 98
2019 155
2020 103
2021 130
2022 130
2023 169
2024 133
2025 131
2026 130
2027 139
2028 105
2029 88
2030 98
2031 209
2032 188
2033 130
2034 121
2035 114
2036 123
2037 112
2038 114
2039 128
2040 127
2041 78
2042 162
2043 156
2044 84
2045 140
2046 97
2047 122
2048 203
2049 156
2050 129
2051 90
2052 142
2053 109
2054 87
2055 150
2056 148
2057 103
2058 142
2059 150
2060 104
2061 124
2062 132
2063 142
2064 108
2065 100
2066 105
2067 104
2068 112
2069 96
2070 121
2071 141
2072 118
2073 126
2074 181
2075 116
2076 129
2077 169
2078 137
2079 102
2080 133
2081 126
2082 114
2083 147
2084 134
2085 120
2086 129
2087 144
2088 175
2089 124
2090 144
2091 86
2092 191
2093 116
2094 128
2095 150
2096 108
2097 94
2098 122
2099 139
2100 100
2101 123
2102 131
2103 104
2104 97
2105 104
2106 202
2107 104
2108 76
2109 109
2110 125
2111 122
2112 145
2113 112
2114 171
2115 130
2116 117
2117 123
2118 59
2119 119
2120 96
2121 133
2122 152
2123 144
2124 163
2125 117
2126 95
2127 131
2128 120
2129 122
2130 140
2131 105
2132 49
2133 70
2134 105
2135 103
2136 145
2137 109
2138 131
2139 89
2140 118
2141 125
2142 114
2143 146
2144 109
2145 172
2146 135
2147 89
2148 149
2149 100
2150 148
2151 108
2152 129
2153 93
2154 53
2155 110
2156 85
2157 124
2158 83
2159 89
2160 148
2161 118
2162 106
2163 56
2164 120
2165 111
2166 118
2167 108
2168 108
2169 111
2170 123
2171 142
2172 140
2173 118
2174 97
2175 120
2176 158
2177 125
2178 116
2179 104
2180 174
2181 181
2182 134
2183 143
2184 86
2185 93
2186 144
2187 64
2188 110
2189 81
2190 122
2191 101
2192 132
2193 110
2194 118
2195 72
2196 103
2197 102
2198 122
2199 96
2200 166
2201 114
2202 135
2203 131
2204 92
2205 165
2206 134
2207 110
2208 120
2209 48
2210 100
2211 142
2212 125
2213 145
2214 107
2215 53
2216 127
2217 159
2218 110
2219 130
2220 151
2221 162
2222 140
2223 116
2224 130
2225 136
2226 122
2227 120
2228 132
2229 94
2230 135
2231 121
2232 96
2233 96
2234 111
2235 87
2236 130
2237 84
2238 128
2239 107
2240 144
2241 153
2242 127
2243 114
2244 158
2245 179
2246 138
2247 98
2248 137
2249 117
2250 67
2251 107
2252 108
2253 4
2254 85
2255 79
2256 137
2257 133
2258 130
2259 160
2260 141
2261 107
2262 63
2263 117
2264 114
2265 141
2266 130
2267 150
2268 144
2269 126
2270 128
2271 138
2272 125
2273 114
2274 141
2275 114
2276 172
2277 91
2278 96
2279 124
2280 88
2281 107
2282 78
2283 130
2284 151
2285 109
2286 152
2287 116
2288 124
2289 98
2290 120
2291 119
2292 113
2293 127
2294 109
2295 127
2296 105
2297 127
2298 202
2299 120
2300 130
2301 134
2302 119
2303 95
2304 126
2305 116
2306 119
2307 122
2308 93
2309 99
2310 90
2311 151
2312 132
2313 111
2314 125
2315 122
2316 99
2317 187
2318 127
2319 99
2320 107
2321 125
2322 144
2323 132
2324 111
2325 132
2326 122
2327 149
2328 120
2329 115
2330 137
2331 117
2332 117
2333 77
2334 116
2335 134
2336 64
2337 104
2338 128
2339 131
2340 91
2341 76
2342 119
2343 107
2344 128
2345 112
2346 110
2347 115
2348 128
2349 121
2350 100
2351 105
2352 85
2353 63
2354 155
2355 106
2356 111
2357 134
2358 136
2359 121
2360 128
2361 68
2362 131
2363 91
2364 104
2365 151
2366 124
2367 167
2368 104
2369 126
2370 125
2371 97
2372 28
2373 132
2374 74
2375 111
2376 140
2377 128
2378 157
2379 121
2380 71
2381 161
2382 104
2383 81
2384 126
2385 92
2386 131
2387 123
2388 122
2389 123
2390 61
2391 62
2392 93
2393 110
2394 167
2395 102
2396 153
2397 135
2398 109
2399 138
2400 124
2401 130
2402 116
2403 152
2404 68
2405 138
2406 114
2407 167
2408 144
2409 96
2410 115
2411 119
2412 80
2413 60
2414 119
2415 122
2416 106
2417 90
2418 101
2419 61
2420 123
2421 102
2422 113
2423 151
2424 125
2425 122
2426 116
2427 133
2428 124
2429 75
2430 109
2431 118
2432 144
2433 129
2434 122
2435 125
2436 140
2437 114
2438 101
2439 163
2440 102
2441 92
2442 122
2443 103
2444 107
2445 107
2446 129
2447 137
2448 137
2449 123
2450 107
2451 110
2452 82
2453 142
2454 121
2455 102
2456 142
2457 143
2458 178
2459 86
2460 163
2461 108
2462 39
2463 113
2464 99
2465 68
2466 94
2467 144
2468 99
2469 58
2470 215
2471 136
2472 117
2473 143
2474 137
2475 80
2476 130
2477 132
2478 122
2479 163
2480 83
2481 128
2482 140
2483 117
2484 112
2485 127
2486 106
2487 172
2488 95
2489 54
2490 134
2491 131
2492 84
2493 154
2494 144
2495 159
2496 129
2497 125
2498 132
2499 116
2500 100
2501 124
2502 134
2503 102
2504 149
2505 131
2506 160
2507 143
2508 98
2509 130
2510 80
2511 77
2512 128
2513 93
2514 153
2515 89
2516 143
2517 145
2518 99
2519 140
2520 117
2521 102
2522 140
2523 102
2524 131
2525 143
2526 129
2527 118
2528 150
2529 103
2530 104
2531 105
2532 146
2533 103
2534 136
2535 72
2536 113
2537 144
2538 107
2539 148
2540 110
2541 112
2542 101
2543 122
2544 129
2545 125
2546 157
2547 132
2548 126
2549 152
2550 130
2551 144
2552 109
2553 129
2554 136
2555 89
2556 147
2557 96
2558 107
2559 93
2560 96
2561 134
2562 108
2563 116
2564 177
2565 104
2566 99
2567 153
2568 110
2569 190
2570 63
2571 148
2572 145
2573 100
2574 106
2575 155
2576 85
2577 103
2578 160
2579 152
2580 147
2581 150
2582 141
2583 150
2584 94
2585 146
2586 84
2587 124
2588 109
2589 108
2590 141
2591 172
2592 84
2593 109
2594 117
2595 141
2596 170
2597 133
2598 105
2599 80
2600 108
2601 130
2602 130
2603 129
2604 164
2605 85
2606 55
2607 144
2608 118
2609 123
2610 109
2611 115
2612 113
2613 86
2614 127
2615 146
2616 149
2617 151
2618 124
2619 126
2620 113
2621 119
2622 75
2623 133
2624 65
2625 95
2626 102
2627 135
2628 134
2629 124
2630 132
2631 104
2632 121
2633 106
2634 129
2635 142
2636 103
2637 115
2638 115
2639 115
2640 104
2641 98
2642 133
2643 163
2644 157
2645 118
2646 86
2647 81
2648 111
2649 129
2650 118
2651 124
2652 81
2653 143
2654 97
2655 127
2656 131
2657 116
2658 162
2659 88
2660 128
2661 89
2662 140
2663 146
2664 87
2665 135
2666 101
2667 95
2668 164
2669 150
2670 172
2671 89
2672 92
2673 129
2674 120
2675 101
2676 133
2677 147
2678 103
2679 119
2680 143
2681 178
2682 121
2683 97
2684 51
2685 48
2686 131
2687 140
2688 87
2689 121
2690 88
2691 77
2692 85
2693 133
2694 164
2695 136
2696 122
2697 103
2698 106
2699 159
2700 125
2701 126
2702 125
2703 125
2704 148
2705 109
2706 95
2707 98
2708 153
2709 171
2710 152
2711 126
2712 107
2713 103
2714 121
2715 99
2716 116
2717 57
2718 118
2719 133
2720 121
2721 123
2722 115
2723 118
2724 106
2725 121
2726 175
2727 114
2728 134
2729 123
2730 107
2731 122
2732 116
2733 136
2734 146
2735 134
2736 127
2737 123
2738 157
2739 117
2740 144
2741 96
2742 143
2743 143
2744 160
2745 181
2746 114
2747 24
2748 131
2749 144
2750 113
2751 139
2752 131
2753 127
2754 141
2755 113
2756 123
2757 138
2758 124
2759 117
2760 99
2761 118
2762 85
2763 141
2764 102
2765 92
2766 146
2767 125
2768 132
2769 84
2770 107
2771 142
2772 109
2773 133
2774 147
2775 135
2776 131
2777 147
2778 104
2779 123
2780 127
2781 124
2782 102
2783 146
2784 130
2785 141
2786 135
2787 106
2788 127
2789 91
2790 113
2791 106
2792 140
2793 154
2794 96
2795 138
2796 107
2797 104
2798 75
2799 102
2800 133
2801 172
2802 124
2803 133
2804 131
2805 157
2806 116
2807 49
2808 57
2809 98
2810 67
2811 115
2812 143
2813 91
2814 107
2815 95
2816 114
2817 116
2818 46
2819 128
2820 150
2821 78
2822 136
2823 135
2824 114
2825 100
2826 130
2827 143
2828 99
2829 113
2830 167
2831 109
2832 71
2833 168
2834 143
2835 155
2836 122
2837 117
2838 116
2839 134
2840 62
2841 142
2842 92
2843 150
2844 192
2845 153
2846 127
2847 81
2848 103
2849 106
2850 107
2851 126
2852 111
2853 116
2854 90
2855 116
2856 68
2857 76
2858 106
2859 120
2860 42
2861 98
2862 119
2863 134
2864 123
2865 134
2866 124
2867 98
2868 107
2869 160
2870 108
2871 113
2872 139
2873 90
2874 167
2875 73
2876 109
2877 115
2878 121
2879 131
2880 126
2881 104
2882 116
2883 84
2884 166
2885 99
2886 103
2887 100
2888 88
2889 107
2890 160
2891 128
2892 129
2893 85
2894 126
2895 117
2896 90
2897 126
2898 97
2899 122
2900 110
2901 97
2902 130
2903 118
2904 127
2905 141
2906 144
2907 99
2908 138
2909 100
2910 117
2911 140
2912 78
2913 90
2914 78
2915 127
2916 131
2917 124
2918 175
2919 148
2920 92
2921 131
2922 127
2923 111
2924 150
2925 164
2926 142
2927 91
2928 120
2929 129
2930 98
2931 124
2932 127
2933 83
2934 95
2935 81
2936 149
2937 180
2938 101
2939 156
2940 135
2941 130
2942 132
2943 134
2944 89
2945 96
2946 79
2947 116
2948 96
2949 129
2950 142
2951 183
2952 164
2953 165
2954 136
2955 117
2956 127
2957 135
2958 110
2959 107
2960 113
2961 121
2962 130
2963 152
2964 144
2965 150
2966 157
2967 124
2968 88
2969 104
2970 110
2971 106
2972 98
2973 181
2974 82
2975 129
2976 64
2977 127
2978 133
2979 78
2980 116
2981 128
2982 150
2983 132
2984 141
2985 112
2986 134
2987 163
2988 80
2989 161
2990 134
2991 74
2992 97
2993 159
2994 151
2995 147
2996 120
2997 130
2998 105
2999 151
3000 120
3001 143
3002 98
3003 116
3004 84
3005 91
3006 165
3007 134
3008 132
3009 159
3010 121
3011 128
3012 148
3013 134
3014 128
3015 157
3016 132
3017 105
3018 80
3019 129
3020 137
3021 142
3022 121
3023 127
3024 93
3025 115
3026 129
3027 132
3028 84
3029 104
3030 128
3031 140
3032 93
3033 154
3034 97
3035 136
3036 116
3037 116
3038 103
3039 91
3040 128
3041 173
3042 150
3043 134
3044 133
3045 148
3046 171
3047 127
3048 119
3049 138
3050 137
3051 85
3052 100
3053 166
3054 80
3055 111
3056 152
3057 163
3058 135
3059 92
3060 95
3061 61
3062 100
3063 119
3064 54
3065 159
3066 111
3067 109
3068 135
3069 122
3070 114
3071 85
3072 119
3073 132
3074 148
3075 128
3076 112
3077 134
3078 148
3079 119
3080 98
3081 126
3082 94
3083 125
3084 78
3085 138
3086 125
3087 123
3088 132
3089 90
3090 144
3091 105
3092 107
3093 141
3094 159
3095 98
3096 133
3097 70
3098 89
3099 84
3100 140
3101 105
3102 97
3103 128
3104 132
3105 110
3106 112
3107 25
3108 128
3109 98
3110 141
3111 141
3112 101
3113 119
3114 131
3115 164
3116 106
3117 134
3118 129
3119 72
3120 167
3121 129
3122 96
3123 163
3124 101
3125 138
3126 147
3127 111
3128 122
3129 57
3130 127
3131 131
3132 110
3133 112
3134 129
3135 89
3136 145
3137 145
3138 123
3139 141
3140 96
3141 109
3142 212
3143 57
3144 148
3145 128
3146 120
3147 131
3148 97
3149 135
3150 169
3151 177
3152 130
3153 133
3154 87
3155 121
3156 168
3157 116
3158 134
3159 145
3160 117
3161 123
3162 71
3163 116
3164 91
3165 139
3166 154
3167 106
3168 117
3169 142
3170 110
3171 108
3172 110
3173 116
3174 143
3175 110
3176 108
3177 148
3178 115
3179 146
3180 130
3181 126
3182 113
3183 125
3184 114
3185 104
3186 79
3187 151
3188 122
3189 145
3190 120
3191 127
3192 144
3193 76
3194 123
3195 169
3196 214
3197 90
3198 165
3199 123
3200 120
3201 115
3202 86
3203 142
3204 135
3205 89
3206 129
3207 97
3208 120
3209 121
3210 115
3211 128
3212 131
3213 144
3214 107
3215 121
3216 115
3217 167
3218 116
3219 112
3220 135
3221 118
3222 83
3223 126
3224 124
3225 93
3226 102
3227 90
3228 77
3229 136
3230 118
3231 136
3232 111
3233 142
3234 116
3235 86
3236 96
3237 90
3238 121
3239 81
3240 146
3241 159
3242 116
3243 141
3244 102
3245 140
3246 81
3247 157
3248 159
3249 105
3250 175
3251 107
3252 106
3253 116
3254 103
3255 145
3256 176
3257 157
3258 111
3259 165
3260 119
3261 175
3262 110
3263 147
3264 127
3265 123
3266 79
3267 114
3268 100
3269 95
3270 227
3271 137
3272 98
3273 144
3274 108
3275 101
3276 73
3277 125
3278 115
3279 116
3280 109
3281 115
3282 147
3283 145
3284 115
3285 132
3286 125
3287 120
3288 134
3289 79
3290 116
3291 111
3292 120
3293 87
3294 132
3295 116
3296 153
3297 72
3298 142
3299 151
3300 54
3301 145
3302 133
3303 112
3304 98
3305 114
3306 141
3307 119
3308 87
3309 120
3310 146
3311 105
3312 105
3313 141
3314 105
3315 128
3316 97
3317 144
3318 118
3319 137
3320 164
3321 114
3322 99
3323 144
3324 104
3325 198
3326 113
3327 73
3328 84
3329 147
3330 143
3331 98
3332 120
3333 172
3334 175
3335 83
3336 127
3337 91
3338 196
3339 108
3340 108
3341 119
3342 129
3343 112
3344 106
3345 150
3346 141
3347 0
3348 130
3349 98
3350 95
3351 152
3352 123
3353 154
3354 140
3355 102
3356 114
3357 120
3358 98
3359 174
3360 122
3361 142
3362 120
3363 122
3364 87
3365 131
3366 121
3367 103
3368 114
3369 89
3370 130
3371 160
3372 128
3373 117
3374 80
3375 122
3376 156
3377 104
3378 136
3379 138
3380 105
3381 129
3382 121
3383 90
3384 118
3385 143
3386 62
3387 137
3388 107
3389 134
3390 88
3391 116
3392 116
3393 101
3394 135
3395 144
3396 128
3397 105
3398 101
3399 108
3400 106
3401 124
3402 98
3403 76
3404 89
3405 110
3406 123
3407 128
3408 123
3409 135
3410 164
3411 106
3412 139
3413 119
3414 90
3415 89
3416 129
3417 89
3418 122
3419 117
3420 77
3421 117
3422 95
3423 144
3424 123
3425 140
3426 130
3427 107
3428 126
3429 185
3430 173
3431 117
3432 178
3433 137
3434 145
3435 128
3436 124
3437 125
3438 141
3439 146
3440 118
3441 139
3442 218
3443 150
3444 118
3445 45
3446 163
3447 96
3448 126
3449 112
3450 102
3451 75
3452 101
3453 116
3454 92
3455 100
3456 124
3457 93
3458 127
3459 137
3460 116
3461 141
3462 140
3463 162
3464 107
3465 119
3466 186
3467 112
3468 63
3469 112
3470 136
3471 116
3472 121
3473 102
3474 94
3475 106
3476 110
3477 163
3478 85
3479 133
3480 113
3481 102
3482 123
3483 91
3484 103
3485 126
3486 62
3487 136
3488 130
3489 105
3490 128
3491 137
3492 121
3493 120
3494 117
3495 124
3496 103
3497 74
3498 117
3499 142
3500 119
3501 98
3502 102
3503 122
3504 114
3505 44
3506 73
3507 158
3508 133
3509 81
3510 132
3511 109
3512 145
3513 142
3514 123
3515 160
3516 126
3517 132
3518 115
3519 125
3520 150
3521 136
3522 106
3523 107
3524 126
3525 100
3526 170
3527 108
3528 135
3529 130
3530 133
3531 114
3532 98
3533 112
3534 99
3535 99
3536 137
3537 79
3538 157
3539 128
3540 79
3541 107
3542 91
3543 133
3544 135
3545 78
3546 131
3547 95
3548 114
3549 132
3550 88
3551 125
3552 120
3553 146
3554 114
3555 129
3556 52
3557 118
3558 64
3559 114
3560 120
3561 137
3562 136
3563 90
3564 111
3565 117
3566 74
3567 134
3568 87
3569 55
3570 118
3571 129
3572 82
3573 99
3574 113
3575 139
3576 102
3577 109
3578 86
3579 145
3580 98
3581 119
3582 88
3583 126
3584 94
3585 113
3586 119
3587 102
3588 98
3589 110
3590 156
3591 100
3592 138
3593 121
3594 103
3595 154
3596 131
3597 77
3598 102
3599 131
3600 112
3601 175
3602 121
3603 191
3604 121
3605 134
3606 152
3607 97
3608 134
3609 99
3610 139
3611 135
3612 117
3613 128
3614 97
3615 124
3616 168
3617 100
3618 115
3619 133
3620 131
3621 111
3622 115
3623 135
3624 102
3625 93
3626 68
3627 103
3628 124
3629 149
3630 126
3631 137
3632 145
3633 119
3634 130
3635 119
3636 133
3637 125
3638 129
3639 148
3640 135
3641 94
3642 103
3643 122
3644 132
3645 157
3646 152
3647 103
3648 116
3649 113
3650 122
3651 108
3652 72
3653 129
3654 151
3655 137
3656 79
3657 124
3658 83
3659 124
3660 149
3661 106
3662 114
3663 166
3664 129
3665 113
3666 124
3667 103
3668 124
3669 110
3670 123
3671 105
3672 120
3673 146
3674 167
3675 129
3676 77
3677 98
3678 108
3679 103
3680 147
3681 100
3682 116
3683 175
3684 60
3685 97
3686 156
3687 104
3688 125
3689 115
3690 124
3691 156
3692 69
3693 126
3694 114
3695 109
3696 97
3697 138
3698 106
3699 100
