Vertices: 7400
Edges: 51800
Time: 2,396 ms
Iterations: 51762
Vertex Distance
0 0
1 110
2 66
3 108
4 122
5 102
6 96
7 97
8 197
9 122
10 128
11 49
12 86
13 110
14 94
15 91
16 51
17 105
18 109
19 101
20 111
21 113
22 129
23 89
24 106
25 63
26 95
27 111
28 125
29 85
30 136
31 78
32 120
33 134
34 114
35 88
36 98
37 114
38 116
39 112
40 69
41 129
42 139
43 88
44 70
45 78
46 121
47 144
48 105
49 78
50 123
51 94
52 94
53 105
54 128
55 121
56 125
57 94
58 153
59 97
60 109
61 121
62 132
63 124
64 140
65 88
66 160
67 115
68 139
69 141
70 150
71 125
72 112
73 84
74 118
75 72
76 78
77 108
78 74
79 118
80 77
81 141
82 138
83 59
84 86
85 99
86 81
87 166
88 127
89 112
90 120
91 129
92 122
93 142
94 101
95 109
96 85
97 87
98 97
99 111
100 52
101 28
102 164
103 94
104 76
105 76
106 124
107 181
108 141
109 101
110 99
111 114
112 55
113 116
114 116
115 97
116 122
117 97
118 137
119 120
120 130
121 120
122 115
123 112
124 115
125 114
126 83
127 101
128 99
129 116
130 115
131 54
132 107
133 74
134 101
135 110
136 132
137 80
138 90
139 113
140 118
141 66
142 107
143 149
144 106
145 88
146 83
147 90
148 100
149 120
150 111
151 114
152 91
153 112
154 103
155 94
156 140
157 140
158 122
159 98
160 98
161 117
162 115
163 113
164 129
165 89
166 94
167 108
168 107
169 116
170 102
171 131
172 81
173 81
174 131
175 85
176 153
177 121
178 67
179 106
180 144
181 124
182 118
183 102
184 96
185 127
186 84
187 102
188 152
189 136
190 112
191 150
192 114
193 124
194 131
195 128
196 175
197 83
198 119
199 131
200 138
201 139
202 102
203 136
204 129
205 142
206 130
207 117
208 105
209 135
210 94
211 108
212 121
213 105
214 84
215 82
216 139
217 117
218 67
219 87
220 128
221 124
222 95
223 44
224 152
225 111
226 116
227 126
228 74
229 98
230 120
231 120
232 91
233 104
234 81
235 107
236 155
237 139
238 107
239 156
240 63
241 113
242 101
243 117
244 118
245 71
246 81
247 111
248 48
249 107
250 100
251 93
252 108
253 133
254 81
255 112
256 148
257 73
258 98
259 96
260 113
261 140
262 113
263 105
264 109
265 102
266 158
267 85
268 127
269 89
270 68
271 105
272 120
273 95
274 133
275 85
276 80
277 183
278 93
279 113
280 95
281 86
282 140
283 172
284 102
285 152
286 118
287 71
288 91
289 82
290 93
291 80
292 149
293 116
294 91
295 77
296 137
297 82
298 124
299 97
300 108
301 58
302 95
303 121
304 96
305 104
306 106
307 80
308 111
309 98
310 125
311 80
312 111
313 64
314 82
315 157
316 134
317 107
318 140
319 110
320 65
321 132
322 73
323 116
324 109
325 126
326 110
327 162
328 107
329 134
330 119
331 108
332 128
333 41
334 93
335 103
336 103
337 124
338 169
339 85
340 96
341 152
342 95
343 122
344 128
345 106
346 100
347 147
348 119
349 82
350 131
351 154
352 139
353 99
354 85
355 151
356 92
357 123
358 170
359 129
360 161
361 108
362 102
363 82
364 74
365 121
366 97
367 134
368 37
369 106
370 47
371 87
372 89
373 94
374 107
375 91
376 40
377 106
378 95
379 139
380 108
381 123
382 132
383 87
384 55
385 121
386 103
387 113
388 108
389 139
390 102
391 169
392 110
393 96
394 81
395 136
396 96
397 86
398 127
399 136
400 105
401 113
402 94
403 112
404 152
405 119
406 129
407 113
408 110
409 30
410 105
411 111
412 125
413 105
414 105
415 105
416 57
417 87
418 88
419 110
420 143
421 104
422 72
423 91
424 122
425 115
426 108
427 124
428 105
429 100
430 105
431 124
432 149
433 81
434 149
435 52
436 137
437 145
438 142
439 142
440 118
441 94
442 102
443 158
444 102
445 104
446 60
447 0
448 98
449 105
450 73
451 147
452 123
453 135
454 164
455 150
456 92
457 143
458 136
459 158
460 148
461 89
462 122
463 89
464 86
465 111
466 112
467 88
468 88
469 81
470 77
471 87
472 119
473 76
474 103
475 139
476 142
477 103
478 138
479 35
480 109
481 60
482 36
483 97
484 93
485 106
486 87
487 116
488 107
489 115
490 108
491 97
492 124
493 106
494 129
495 173
496 66
497 130
498 75
499 124
500 114
501 103
502 122
503 99
504 122
505 139
506 124
507 74
508 107
509 107
510 99
511 116
512 106
513 121
514 114
515 118
516 183
517 96
518 121
519 96
520 155
521 79
522 79
523 92
524 110
525 28
526 89
527 151
528 122
529 127
530 109
531 83
532 101
533 112
534 115
535 136
536 121
537 105
538 159
539 36
540 114
541 52
542 106
543 135
544 110
545 130
546 151
547 95
548 76
549 102
550 74
551 112
552 91
553 97
554 100
555 95
556 85
557 101
558 98
559 123
560 130
561 102
562 109
563 84
564 111
565 75
566 138
567 109
568 69
569 77
570 111
571 133
572 136
573 155
574 119
575 82
576 105
577 118
578 136
579 49
580 162
581 117
582 111
583 96
584 123
585 102
586 140
587 151
588 79
589 79
590 78
591 106
592 108
593 110
594 142
595 109
596 137
597 78
598 42
599 78
600 108
601 98
602 93
603 91
604 131
605 114
606 132
607 120
608 133
609 66
610 107
611 135
612 136
613 115
614 88
615 155
616 95
617 90
618 112
619 111
620 84
621 101
622 112
623 102
624 116
625 121
626 128
627 125
628 85
629 139
630 103
631 131
632 113
633 105
634 98
635 88
636 93
637 137
638 115
639 103
640 132
641 136
642 134
643 67
644 98
645 116
646 85
647 111
648 124
649 124
650 128
651 78
652 111
653 145
654 161
655 103
656 121
657 110
658 106
659 126
660 174
661 92
662 132
663 90
664 97
665 97
666 98
667 105
668 141
669 82
670 130
671 124
672 89
673 111
674 26
675 44
676 132
677 85
678 89
679 78
680 130
681 101
682 87
683 77
684 128
685 142
686 138
687 144
688 87
689 90
690 87
691 75
692 151
693 109
694 120
695 99
696 96
697 111
698 131
699 148
700 109
701 128
702 143
703 115
704 105
705 101
706 116
707 107
708 133
709 136
710 129
711 92
712 109
713 27
714 108
715 132
716 111
717 36
718 113
719 97
720 148
721 128
722 108
723 82
724 89
725 129
726 92
727 90
728 142
729 119
730 134
731 68
732 82
733 69
734 107
735 129
736 104
737 83
738 160
739 119
740 137
741 92
742 115
743 86
744 102
745 76
746 116
747 135
748 103
749 12
750 98
751 177
752 71
753 77
754 111
755 87
756 106
757 59
758 112
759 124
760 132
761 134
762 37
763 143
764 118
765 84
766 118
767 65
768 70
769 110
770 107
771 59
772 132
773 101
774 104
775 142
776 126
777 153
778 93
779 89
780 94
781 119
782 133
783 126
784 78
785 151
786 120
787 100
788 108
789 85
790 105
791 75
792 127
793 103
794 104
795 134
796 95
797 153
798 107
799 77
800 128
801 178
802 100
803 136
804 121
805 132
806 110
807 147
808 32
809 140
810 121
811 156
812 128
813 131
814 81
815 154
816 60
817 78
818 50
819 135
820 113
821 92
822 104
823 44
824 128
825 116
826 92
827 120
828 85
829 107
830 157
831 117
832 137
833 57
834 133
835 116
836 137
837 108
838 139
839 114
840 82
841 91
842 83
843 128
844 95
845 108
846 130
847 89
848 119
849 86
850 96
851 117
852 204
853 95
854 153
855 152
856 136
857 113
858 114
859 79
860 108
861 91
862 105
863 118
864 114
865 82
866 119
867 97
868 123
869 96
870 95
871 87
872 132
873 127
874 105
875 94
876 92
877 75
878 149
879 110
880 125
881 134
882 100
883 177
884 96
885 133
886 132
887 125
888 111
889 116
890 130
891 119
892 93
893 127
894 139
895 103
896 123
897 80
898 94
899 129
900 140
901 127
902 79
903 112
904 142
905 95
906 92
907 101
908 83
909 114
910 110
911 119
912 151
913 76
914 126
915 104
916 54
917 122
918 67
919 128
920 58
921 83
922 144
923 148
924 145
925 150
926 144
927 105
928 110
929 131
930 137
931 95
932 115
933 135
934 113
935 117
936 107
937 123
938 122
939 140
940 80
941 84
942 121
943 105
944 85
945 106
946 121
947 68
948 110
949 120
950 124
951 119
952 109
953 108
954 122
955 84
956 140
957 117
958 104
959 94
960 108
961 138
962 108
963 46
964 84
965 98
966 117
967 96
968 98
969 92
970 131
971 106
972 78
973 108
974 112
975 104
976 85
977 128
978 108
979 117
980 200
981 168
982 121
983 84
984 89
985 90
986 122
987 127
988 141
989 82
990 110
991 106
992 103
993 94
994 136
995 115
996 123
997 121
998 87
999 93
1000 125
1001 110
1002 132
1003 110
1004 138
1005 130
1006 129
1007 96
1008 91
1009 89
1010 115
1011 132
1012 101
1013 121
1014 82
1015 122
1016 94
1017 138
1018 55
1019 79
1020 79
1021 154
1022 89
1023 91
1024 137
1025 99
1026 62
1027 100
1028 131
1029 137
1030 132
1031 121
1032 84
1033 122
1034 113
1035 169
1036 152
1037 110
1038 107
1039 64
1040 124
1041 113
1042 122
1043 115
1044 121
1045 86
1046 162
1047 125
1048 132
1049 106
1050 108
1051 120
1052 150
1053 110
1054 129
1055 103
1056 188
1057 116
1058 133
1059 116
1060 113
1061 124
1062 51
1063 92
1064 127
1065 147
1066 93
1067 110
1068 127
1069 119
1070 85
1071 90
1072 55
1073 69
1074 81
1075 89
1076 91
1077 69
1078 77
1079 99
1080 83
1081 118
1082 89
1083 81
1084 149
1085 112
1086 140
1087 109
1088 111
1089 66
1090 127
1091 136
1092 108
1093 106
1094 100
1095 132
1096 81
1097 129
1098 119
1099 114
1100 100
1101 101
1102 76
1103 77
1104 90
1105 92
1106 124
1107 130
1108 82
1109 106
1110 126
1111 123
1112 72
1113 168
1114 73
1115 98
1116 94
1117 118
1118 114
1119 84
1120 97
1121 104
1122 114
1123 75
1124 93
1125 80
1126 124
1127 77
1128 153
1129 120
1130 106
1131 108
1132 79
1133 132
1134 108
1135 111
1136 105
1137 108
1138 106
1139 134
1140 120
1141 79
1142 95
1143 119
1144 77
1145 92
1146 122
1147 76
1148 121
1149 98
1150 120
1151 107
1152 137
1153 112
1154 127
1155 111
1156 140
1157 148
1158 93
1159 122
1160 74
1161 116
1162 109
1163 137
1164 94
1165 124
1166 146
1167 116
1168 150
1169 71
1170 110
1171 115
1172 70
1173 122
1174 83
1175 133
1176 90
1177 142
1178 94
1179 102
1180 129
1181 110
1182 113
1183 134
1184 131
1185 149
1186 63
1187 55
1188 118
1189 103
1190 122
1191 78
1192 79
1193 95
1194 151
1195 145
1196 132
1197 157
1198 116
1199 141
1200 106
1201 96
1202 127
1203 121
1204 82
1205 99
1206 102
1207 139
1208 106
1209 101
1210 116
1211 85
1212 82
1213 135
1214 107
1215 110
1216 65
1217 119
1218 127
1219 117
1220 126
1221 114
1222 96
1223 156
1224 82
1225 117
1226 108
1227 121
1228 163
1229 132
1230 95
1231 114
1232 133
1233 80
1234 117
1235 102
1236 109
1237 87
1238 115
1239 114
1240 119
1241 135
1242 73
1243 122
1244 90
1245 147
1246 94
1247 82
1248 122
1249 75
1250 139
1251 102
1252 123
1253 137
1254 108
1255 107
1256 109
1257 71
1258 115
1259 75
1260 137
1261 137
1262 91
1263 100
1264 141
1265 96
1266 76
1267 147
1268 185
1269 147
1270 96
1271 92
1272 97
1273 89
1274 78
1275 120
1276 134
1277 99
1278 96
1279 107
1280 61
1281 77
1282 125
1283 133
1284 94
1285 106
1286 121
1287 82
1288 69
1289 16
1290 51
1291 122
1292 124
1293 88
1294 133
1295 135
1296 118
1297 101
1298 126
1299 75
1300 73
1301 118
1302 101
1303 68
1304 94
1305 127
1306 107
1307 104
1308 117
1309 107
1310 84
1311 108
1312 170
1313 86
1314 76
1315 117
1316 91
1317 48
1318 73
1319 95
1320 125
1321 63
1322 157
1323 157
1324 140
1325 90
1326 88
1327 88
1328 55
1329 133
1330 119
1331 68
1332 159
1333 118
1334 119
1335 86
1336 100
1337 93
1338 122
1339 112
1340 124
1341 122
1342 108
1343 134
1344 59
1345 117
1346 123
1347 196
1348 109
1349 89
1350 117
1351 93
1352 111
1353 83
1354 44
1355 133
1356 73
1357 85
1358 152
1359 66
1360 60
1361 75
1362 113
1363 104
1364 151
1365 190
1366 146
1367 125
1368 123
1369 79
1370 159
1371 105
1372 141
1373 126
1374 90
1375 84
1376 93
1377 133
1378 113
1379 113
1380 132
1381 95
1382 122
1383 101
1384 172
1385 86
1386 134
1387 116
1388 118
1389 111
1390 123
1391 129
1392 101
1393 120
1394 87
1395 118
1396 132
1397 125
1398 104
1399 99
1400 128
1401 80
1402 122
1403 193
1404 123
1405 127
1406 125
1407 144
1408 136
1409 95
1410 143
1411 140
1412 86
1413 100
1414 116
1415 107
1416 94
1417 80
1418 163
1419 109
1420 98
1421 150
1422 101
1423 85
1424 102
1425 107
1426 108
1427 105
1428 87
1429 101
1430 139
1431 119
1432 79
1433 87
1434 206
1435 113
1436 116
1437 128
1438 121
1439 130
1440 110
1441 82
1442 101
1443 108
1444 136
1445 116
1446 157
1447 125
1448 96
1449 86
1450 153
1451 73
1452 131
1453 113
1454 141
1455 99
1456 199
1457 101
1458 87
1459 117
1460 56
1461 113
1462 73
1463 116
1464 122
1465 69
1466 132
1467 76
1468 119
1469 80
1470 81
1471 129
1472 81
1473 113
1474 95
1475 115
1476 147
1477 66
1478 122
1479 126
1480 103
1481 90
1482 93
1483 87
1484 77
1485 97
1486 118
1487 128
1488 125
1489 143
1490 150
1491 117
1492 120
1493 90
1494 126
1495 107
1496 114
1497 124
1498 136
1499 33
1500 126
1501 135
1502 125
1503 62
1504 103
1505 96
1506 102
1507 112
1508 105
1509 147
1510 90
1511 60
1512 124
1513 82
1514 102
1515 81
1516 156
1517 122
1518 129
1519 85
1520 161
1521 107
1522 109
1523 94
1524 69
1525 126
1526 107
1527 127
1528 55
1529 101
1530 89
1531 99
1532 94
1533 118
1534 76
1535 104
1536 115
1537 89
1538 107
1539 106
1540 119
1541 110
1542 167
1543 94
1544 117
1545 137
1546 133
1547 112
1548 94
1549 84
1550 93
1551 128
1552 205
1553 112
1554 139
1555 100
1556 110
1557 124
1558 66
1559 129
1560 125
1561 94
1562 144
1563 117
1564 155
1565 109
1566 120
1567 125
1568 133
1569 93
1570 134
1571 95
1572 144
1573 72
1574 106
1575 107
1576 137
1577 122
1578 137
1579 112
1580 129
1581 122
1582 97
1583 114
1584 124
1585 109
1586 115
1587 122
1588 136
1589 78
1590 116
1591 87
1592 111
1593 114
1594 109
1595 118
1596 86
1597 107
1598 119
1599 95
1600 127
1601 109
1602 148
1603 131
1604 108
1605 96
1606 156
1607 106
1608 113
1609 81
1610 105
1611 105
1612 128
1613 131
1614 111
1615 134
1616 122
1617 110
1618 80
1619 131
1620 97
1621 88
1622 110
1623 78
1624 121
1625 84
1626 117
1627 129
1628 104
1629 116
1630 95
1631 132
1632 133
1633 158
1634 91
1635 134
1636 122
1637 123
1638 106
1639 104
1640 108
1641 121
1642 118
1643 103
1644 124
1645 115
1646 105
1647 123
1648 120
1649 56
1650 147
1651 10
1652 119
1653 111
1654 101
1655 182
1656 127
1657 128
1658 115
1659 98
1660 117
1661 90
1662 108
1663 114
1664 114
1665 98
1666 119
1667 125
1668 109
1669 141
1670 110
1671 76
1672 104
1673 111
1674 63
1675 133
1676 144
1677 153
1678 118
1679 177
1680 114
1681 160
1682 93
1683 102
1684 114
1685 160
1686 98
1687 127
1688 78
1689 102
1690 126
1691 61
1692 120
1693 89
1694 130
1695 100
1696 125
1697 126
1698 73
1699 119
1700 127
1701 113
1702 94
1703 133
1704 124
1705 119
1706 101
1707 112
1708 113
1709 94
1710 86
1711 111
1712 122
1713 115
1714 110
1715 69
1716 89
1717 147
1718 136
1719 139
1720 133
1721 85
1722 128
1723 124
1724 82
1725 121
1726 78
1727 124
1728 134
1729 94
1730 118
1731 118
1732 104
1733 121
1734 71
1735 89
1736 94
1737 119
1738 113
1739 125
1740 99
1741 133
1742 76
1743 106
1744 122
1745 38
1746 120
1747 115
1748 93
1749 141
1750 148
1751 112
1752 134
1753 90
1754 106
1755 113
1756 97
1757 108
1758 129
1759 133
1760 115
1761 115
1762 106
1763 105
1764 103
1765 115
1766 117
1767 143
1768 108
1769 121
1770 68
1771 85
1772 79
1773 122
1774 109
1775 155
1776 121
1777 91
1778 98
1779 85
1780 125
1781 114
1782 106
1783 125
1784 108
1785 82
1786 151
1787 127
1788 150
1789 119
1790 46
1791 124
1792 144
1793 117
1794 84
1795 117
1796 153
1797 114
1798 94
1799 106
1800 106
1801 68
1802 129
1803 102
1804 181
1805 136
1806 148
1807 106
1808 132
1809 147
1810 103
1811 146
1812 110
1813 115
1814 85
1815 73
1816 72
1817 110
1818 136
1819 132
1820 163
1821 141
1822 110
1823 108
1824 159
1825 95
1826 108
1827 104
1828 105
1829 164
1830 125
1831 89
1832 119
1833 112
1834 90
1835 88
1836 103
1837 89
1838 87
1839 116
1840 80
1841 93
1842 111
1843 134
1844 112
1845 117
1846 157
1847 93
1848 117
1849 140
1850 140
1851 108
1852 56
1853 121
1854 133
1855 115
1856 123
1857 118
1858 96
1859 106
1860 71
1861 114
1862 86
1863 163
1864 114
1865 50
1866 83
1867 86
1868 85
1869 78
1870 128
1871 97
1872 55
1873 74
1874 70
1875 79
1876 156
1877 121
1878 135
1879 99
1880 100
1881 115
1882 58
1883 114
1884 80
1885 95
1886 99
1887 124
1888 99
1889 97
1890 112
1891 138
1892 120
1893 136
1894 119
1895 104
1896 108
1897 115
1898 102
1899 92
1900 113
1901 159
1902 71
1903 81
1904 75
1905 140
1906 107
1907 102
1908 125
1909 144
1910 110
1911 107
1912 72
1913 130
1914 105
1915 92
1916 138
1917 128
1918 129
1919 97
1920 148
1921 106
1922 115
1923 106
1924 108
1925 121
1926 104
1927 128
1928 90
1929 109
1930 128
1931 111
1932 63
1933 90
1934 138
1935 113
1936 91
1937 150
1938 144
1939 98
1940 132
1941 111
1942 119
1943 111
1944 140
1945 102
1946 125
1947 155
1948 107
1949 100
1950 118
1951 107
1952 82
1953 109
1954 118
1955 122
1956 99
1957 94
1958 76
1959 74
1960 113
1961 106
1962 92
1963 146
1964 83
1965 127
1966 105
1967 98
1968 96
1969 108
1970 114
1971 94
1972 84
1973 74
1974 104
1975 139
1976 113
1977 96
1978 118
1979 112
1980 110
1981 108
1982 116
1983 160
1984 89
1985 82
1986 130
1987 103
1988 118
1989 111
1990 114
1991 188
1992 77
1993 114
1994 163
1995 105
1996 119
1997 97
1998 113
1999 144
2000 71
2001 112
2002 96
2003 106
2004 101
2005 147
2006 142
2007 95
2008 92
2009 155
2010 70
2011 108
2012 123
2013 94
2014 151
2015 114
2016 104
2017 115
2018 123
2019 91
2020 114
2021 88
2022 108
2023 139
2024 103
2025 111
2026 136
2027 63
2028 95
2029 144
2030 107
2031 171
2032 116
2033 118
2034 114
2035 108
2036 115
2037 109
2038 92
2039 106
2040 116
2041 110
2042 121
2043 145
2044 91
2045 112
2046 96
2047 111
2048 78
2049 161
2050 49
2051 84
2052 150
2053 107
2054 123
2055 112
2056 116
2057 98
2058 77
2059 119
2060 108
2061 119
2062 122
2063 104
2064 73
2065 88
2066 105
2067 93
2068 119
2069 140
2070 98
2071 102
2072 96
2073 106
2074 148
2075 90
2076 80
2077 99
2078 124
2079 112
2080 60
2081 88
2082 112
2083 136
2084 85
2085 69
2086 101
2087 47
2088 101
2089 85
2090 119
2091 125
2092 136
2093 116
2094 92
2095 97
2096 116
2097 103
2098 102
2099 89
2100 110
2101 105
2102 147
2103 135
2104 104
2105 108
2106 119
2107 93
2108 92
2109 113
2110 92
2111 116
2112 73
2113 80
2114 114
2115 133
2116 71
2117 109
2118 139
2119 88
2120 138
2121 106
2122 137
2123 143
2124 92
2125 105
2126 125
2127 119
2128 125
2129 91
2130 124
2131 126
2132 111
2133 0
2134 70
2135 104
2136 122
2137 100
2138 71
2139 120
2140 98
2141 95
2142 143
2143 114
2144 108
2145 112
2146 138
2147 165
2148 78
2149 105
2150 127
2151 119
2152 124
2153 95
2154 152
2155 85
2156 105
2157 116
2158 97
2159 121
2160 94
2161 126
2162 85
2163 97
2164 97
2165 102
2166 96
2167 114
2168 108
2169 78
2170 120
2171 98
2172 138
2173 143
2174 71
2175 96
2176 128
2177 93
2178 109
2179 104
2180 104
2181 118
2182 109
2183 104
2184 113
2185 96
2186 80
2187 114
2188 87
2189 119
2190 89
2191 94
2192 104
2193 100
2194 91
2195 112
2196 99
2197 157
2198 103
2199 134
2200 141
2201 112
2202 116
2203 128
2204 127
2205 119
2206 139
2207 121
2208 123
2209 117
2210 83
2211 139
2212 122
2213 143
2214 147
2215 111
2216 100
2217 117
2218 119
2219 85
2220 164
2221 113
2222 147
2223 85
2224 79
2225 98
2226 82
2227 145
2228 119
2229 141
2230 104
2231 110
2232 90
2233 105
2234 75
2235 116
2236 101
2237 103
2238 116
2239 125
2240 80
2241 97
2242 141
2243 108
2244 38
2245 97
2246 95
2247 105
2248 124
2249 129
2250 112
2251 109
2252 109
2253 124
2254 146
2255 94
2256 121
2257 117
2258 117
2259 95
2260 101
2261 98
2262 57
2263 101
2264 150
2265 140
2266 59
2267 122
2268 28
2269 68
2270 111
2271 78
2272 134
2273 95
2274 108
2275 97
2276 98
2277 109
2278 92
2279 126
2280 87
2281 136
2282 126
2283 121
2284 82
2285 111
2286 108
2287 119
2288 96
2289 102
2290 111
2291 113
2292 122
2293 122
2294 55
2295 96
2296 126
2297 118
2298 118
2299 128
2300 121
2301 114
2302 161
2303 121
2304 118
2305 122
2306 99
2307 98
2308 92
2309 104
2310 86
2311 98
2312 108
2313 107
2314 110
2315 127
2316 102
2317 104
2318 96
2319 71
2320 113
2321 100
2322 145
2323 106
2324 102
2325 113
2326 39
2327 135
2328 109
2329 99
2330 96
2331 100
2332 124
2333 122
2334 112
2335 91
2336 81
2337 116
2338 154
2339 102
2340 108
2341 122
2342 188
2343 100
2344 97
2345 120
2346 103
2347 94
2348 91
2349 82
2350 162
2351 86
2352 60
2353 118
2354 84
2355 127
2356 114
2357 111
2358 86
2359 101
2360 102
2361 111
2362 152
2363 92
2364 115
2365 15
2366 93
2367 46
2368 151
2369 172
2370 120
2371 97
2372 137
2373 111
2374 83
2375 129
2376 112
2377 117
2378 116
2379 134
2380 144
2381 142
2382 86
2383 157
2384 133
2385 89
2386 82
2387 114
2388 39
2389 115
2390 128
2391 115
2392 132
2393 138
2394 90
2395 130
2396 102
2397 122
2398 122
2399 82
2400 72
2401 118
2402 111
2403 137
2404 104
2405 134
2406 129
2407 110
2408 79
2409 107
2410 175
2411 93
2412 163
2413 111
2414 102
2415 127
2416 98
2417 121
2418 105
2419 110
2420 139
2421 121
2422 80
2423 117
2424 70
2425 124
2426 93
2427 113
2428 141
2429 107
2430 112
2431 123
2432 101
2433 131
2434 124
2435 87
2436 107
2437 132
2438 125
2439 90
2440 90
2441 42
2442 101
2443 58
2444 131
2445 97
2446 114
2447 128
2448 146
2449 67
2450 103
2451 116
2452 145
2453 128
2454 112
2455 142
2456 118
2457 160
2458 161
2459 126
2460 132
2461 106
2462 71
2463 100
2464 114
2465 127
2466 102
2467 132
2468 99
2469 129
2470 129
2471 107
2472 103
2473 133
2474 106
2475 106
2476 112
2477 121
2478 131
2479 107
2480 89
2481 106
2482 134
2483 105
2484 132
2485 123
2486 97
2487 115
2488 97
2489 121
2490 125
2491 133
2492 120
2493 88
2494 132
2495 140
2496 135
2497 92
2498 101
2499 133
2500 120
2501 71
2502 114
2503 150
2504 125
2505 127
2506 84
2507 113
2508 146
2509 94
2510 103
2511 95
2512 129
2513 152
2514 116
2515 146
2516 100
2517 78
2518 179
2519 132
2520 90
2521 123
2522 79
2523 92
2524 140
2525 83
2526 72
2527 138
2528 143
2529 103
2530 99
2531 108
2532 141
2533 122
2534 91
2535 146
2536 116
2537 127
2538 71
2539 112
2540 49
2541 101
2542 138
2543 112
2544 56
2545 135
2546 119
2547 115
2548 103
2549 116
2550 107
2551 155
2552 108
2553 136
2554 123
2555 99
2556 77
2557 99
2558 100
2559 111
2560 88
2561 115
2562 133
2563 99
2564 20
2565 88
2566 122
2567 128
2568 119
2569 116
2570 88
2571 103
2572 76
2573 141
2574 101
2575 132
2576 107
2577 95
2578 66
2579 96
2580 121
2581 107
2582 110
2583 137
2584 62
2585 106
2586 81
2587 62
2588 134
2589 143
2590 83
2591 92
2592 87
2593 102
2594 125
2595 121
2596 117
2597 165
2598 119
2599 85
2600 129
2601 108
2602 117
2603 120
2604 132
2605 119
2606 103
2607 103
2608 134
2609 123
2610 82
2611 67
2612 119
2613 189
2614 144
2615 75
2616 116
2617 121
2618 158
2619 136
2620 86
2621 70
2622 87
2623 34
2624 90
2625 118
2626 64
2627 108
2628 101
2629 92
2630 99
2631 121
2632 123
2633 147
2634 166
2635 120
2636 87
2637 122
2638 92
2639 120
2640 111
2641 130
2642 138
2643 107
2644 108
2645 120
2646 87
2647 118
2648 94
2649 147
2650 64
2651 93
2652 110
2653 113
2654 137
2655 98
2656 149
2657 95
2658 117
2659 113
2660 96
2661 122
2662 108
2663 122
2664 150
2665 105
2666 115
2667 121
2668 111
2669 99
2670 112
2671 133
2672 80
2673 112
2674 96
2675 118
2676 89
2677 123
2678 111
2679 89
2680 134
2681 82
2682 32
2683 85
2684 148
2685 125
2686 127
2687 121
2688 137
2689 109
2690 126
2691 57
2692 110
2693 155
2694 55
2695 55
2696 108
2697 63
2698 73
2699 117
2700 111
2701 109
2702 83
2703 102
2704 91
2705 112
2706 119
2707 79
2708 104
2709 82
2710 140
2711 138
2712 155
2713 97
2714 115
2715 103
2716 135
2717 132
2718 126
2719 115
2720 96
2721 109
2722 148
2723 104
2724 114
2725 121
2726 117
2727 123
2728 135
2729 118
2730 114
2731 76
2732 28
2733 114
2734 98
2735 114
2736 121
2737 78
2738 103
2739 90
2740 49
2741 95
2742 108
2743 98
2744 117
2745 132
2746 113
2747 102
2748 143
2749 133
2750 111
2751 189
2752 74
2753 112
2754 121
2755 129
2756 133
2757 116
2758 84
2759 88
2760 89
2761 140
2762 117
2763 70
2764 85
2765 110
2766 89
2767 77
2768 135
2769 104
2770 42
2771 134
2772 70
2773 67
2774 82
2775 114
2776 135
2777 78
2778 148
2779 48
2780 124
2781 99
2782 92
2783 75
2784 119
2785 96
2786 136
2787 107
2788 131
2789 123
2790 110
2791 96
2792 77
2793 113
2794 76
2795 117
2796 85
2797 106
2798 122
2799 86
2800 89
2801 115
2802 96
2803 74
2804 126
2805 110
2806 150
2807 126
2808 123
2809 60
2810 62
2811 72
2812 63
2813 137
2814 82
2815 146
2816 127
2817 97
2818 19
2819 120
2820 117
2821 92
2822 97
2823 70
2824 91
2825 130
2826 137
2827 142
2828 73
2829 59
2830 133
2831 17
2832 125
2833 116
2834 72
2835 104
2836 156
2837 100
2838 95
2839 114
2840 144
2841 105
2842 116
2843 118
2844 118
2845 78
2846 113
2847 93
2848 101
2849 115
2850 89
2851 128
2852 135
2853 129
2854 95
2855 86
2856 76
2857 67
2858 94
2859 140
2860 112
2861 86
2862 105
2863 97
2864 99
2865 40
2866 145
2867 111
2868 110
2869 50
2870 106
2871 131
2872 117
2873 123
2874 81
2875 169
2876 107
2877 46
2878 144
2879 111
2880 120
2881 77
2882 115
2883 95
2884 167
2885 147
2886 105
2887 99
2888 107
2889 102
2890 150
2891 92
2892 112
2893 106
2894 118
2895 92
2896 98
2897 103
2898 105
2899 153
2900 128
2901 110
2902 66
2903 102
2904 125
2905 109
2906 170
2907 110
2908 127
2909 123
2910 57
2911 66
2912 110
2913 136
2914 112
2915 109
2916 117
2917 175
2918 80
2919 92
2920 138
2921 114
2922 96
2923 148
2924 128
2925 75
2926 116
2927 73
2928 125
2929 82
2930 99
2931 103
2932 110
2933 114
2934 86
2935 133
2936 113
2937 151
2938 106
2939 72
2940 113
2941 129
2942 63
2943 108
2944 111
2945 58
2946 122
2947 123
2948 117
2949 130
2950 133
2951 116
2952 141
2953 93
2954 113
2955 195
2956 98
2957 92
2958 178
2959 143
2960 126
2961 116
2962 126
2963 98
2964 101
2965 127
2966 108
2967 96
2968 122
2969 125
2970 114
2971 108
2972 121
2973 81
2974 116
2975 87
2976 114
2977 70
2978 101
2979 109
2980 144
2981 151
2982 156
2983 164
2984 56
2985 107
2986 79
2987 74
2988 97
2989 101
2990 93
2991 117
2992 170
2993 157
2994 123
2995 113
2996 84
2997 114
2998 123
2999 122
3000 123
3001 117
3002 121
3003 115
3004 112
3005 86
3006 130
3007 104
3008 98
3009 67
3010 109
3011 125
3012 132
3013 90
3014 99
3015 117
3016 118
3017 98
3018 128
3019 92
3020 88
3021 124
3022 107
3023 108
3024 108
3025 157
3026 107
3027 54
3028 102
3029 95
3030 97
3031 94
3032 133
3033 106
3034 121
3035 125
3036 125
3037 96
3038 68
3039 83
3040 129
3041 144
3042 70
3043 80
3044 103
3045 106
3046 132
3047 108
3048 90
3049 96
3050 109
3051 89
3052 107
3053 94
3054 139
3055 128
3056 140
3057 107
3058 105
3059 132
3060 113
3061 122
3062 126
3063 104
3064 102
3065 108
3066 97
3067 116
3068 121
3069 109
3070 112
3071 160
3072 124
3073 110
3074 61
3075 100
3076 149
3077 121
3078 100
3079 96
3080 127
3081 138
3082 91
3083 104
3084 114
3085 39
3086 92
3087 92
3088 108
3089 73
3090 63
3091 93
3092 108
3093 94
3094 134
3095 104
3096 121
3097 75
3098 48
3099 87
3100 98
3101 96
3102 86
3103 111
3104 86
3105 130
3106 107
3107 114
3108 97
3109 135
3110 129
3111 84
3112 123
3113 82
3114 125
3115 89
3116 30
3117 83
3118 128
3119 116
3120 73
3121 112
3122 96
3123 124
3124 153
3125 110
3126 146
3127 92
3128 170
3129 61
3130 121
3131 149
3132 97
3133 102
3134 124
3135 121
3136 119
3137 150
3138 127
3139 106
3140 137
3141 92
3142 130
3143 96
3144 103
3145 76
3146 92
3147 98
3148 120
3149 93
3150 121
3151 125
3152 92
3153 134
3154 101
3155 84
3156 86
3157 89
3158 113
3159 61
3160 90
3161 96
3162 114
3163 123
3164 81
3165 103
3166 126
3167 104
3168 109
3169 102
3170 120
3171 138
3172 121
3173 74
3174 102
3175 19
3176 110
3177 115
3178 108
3179 62
3180 89
3181 108
3182 117
3183 112
3184 120
3185 147
3186 154
3187 112
3188 87
3189 105
3190 85
3191 106
3192 147
3193 118
3194 131
3195 83
3196 132
3197 150
3198 125
3199 102
3200 145
3201 101
3202 109
3203 95
3204 136
3205 121
3206 86
3207 123
3208 38
3209 99
3210 84
3211 94
3212 166
3213 85
3214 115
3215 121
3216 137
3217 118
3218 76
3219 120
3220 67
3221 97
3222 98
3223 126
3224 93
3225 52
3226 91
3227 109
3228 115
3229 100
3230 91
3231 124
3232 92
3233 101
3234 117
3235 118
3236 119
3237 108
3238 147
3239 115
3240 74
3241 151
3242 106
3243 118
3244 132
3245 89
3246 102
3247 112
3248 134
3249 86
3250 116
3251 127
3252 112
3253 138
3254 118
3255 68
3256 133
3257 117
3258 85
3259 97
3260 136
3261 161
3262 148
3263 106
3264 156
3265 144
3266 179
3267 260
3268 134
3269 106
3270 119
3271 96
3272 184
3273 94
3274 77
3275 111
3276 119
3277 53
3278 63
3279 123
3280 104
3281 82
3282 83
3283 80
3284 102
3285 112
3286 83
3287 47
3288 117
3289 123
3290 82
3291 136
3292 105
3293 122
3294 111
3295 113
3296 70
3297 102
3298 107
3299 100
3300 105
3301 81
3302 99
3303 107
3304 154
3305 93
3306 75
3307 155
3308 58
3309 207
3310 147
3311 141
3312 130
3313 106
3314 161
3315 81
3316 139
3317 68
3318 112
3319 83
3320 108
3321 108
3322 88
3323 44
3324 164
3325 100
3326 134
3327 84
3328 119
3329 101
3330 128
3331 121
3332 105
3333 109
3334 100
3335 126
3336 134
3337 131
3338 132
3339 127
3340 146
3341 112
3342 176
3343 177
3344 82
3345 104
3346 91
3347 23
3348 118
3349 121
3350 131
3351 88
3352 124
3353 114
3354 113
3355 112
3356 47
3357 121
3358 118
3359 104
3360 103
3361 88
3362 117
3363 93
3364 157
3365 108
3366 125
3367 98
3368 90
3369 155
3370 129
3371 85
3372 124
3373 79
3374 45
3375 133
3376 139
3377 116
3378 110
3379 111
3380 138
3381 97
3382 196
3383 24
3384 84
3385 107
3386 84
3387 126
3388 77
3389 128
3390 116
3391 135
3392 172
3393 88
3394 107
3395 156
3396 137
3397 156
3398 115
3399 90
3400 135
3401 95
3402 108
3403 96
3404 118
3405 62
3406 151
3407 137
3408 121
3409 99
3410 106
3411 71
3412 82
3413 119
3414 119
3415 110
3416 122
3417 70
3418 123
3419 103
3420 123
3421 129
3422 107
3423 123
3424 25
3425 98
3426 107
3427 107
3428 133
3429 84
3430 79
3431 53
3432 120
3433 101
3434 121
3435 87
3436 92
3437 113
3438 119
3439 109
3440 127
3441 137
3442 115
3443 67
3444 78
3445 104
3446 94
3447 123
3448 84
3449 117
3450 89
3451 75
3452 131
3453 116
3454 105
3455 119
3456 93
3457 102
3458 86
3459 107
3460 155
3461 103
3462 110
3463 141
3464 127
3465 90
3466 90
3467 86
3468 81
3469 58
3470 121
3471 100
3472 78
3473 143
3474 105
3475 126
3476 185
3477 106
3478 119
3479 137
3480 108
3481 125
3482 116
3483 111
3484 136
3485 101
3486 92
3487 136
3488 79
3489 76
3490 97
3491 89
3492 103
3493 117
3494 120
3495 120
3496 70
3497 111
3498 117
3499 104
3500 101
3501 122
3502 100
3503 73
3504 124
3505 119
3506 79
3507 91
3508 104
3509 123
3510 124
3511 109
3512 133
3513 96
3514 138
3515 149
3516 53
3517 111
3518 142
3519 127
3520 116
3521 91
3522 111
3523 83
3524 120
3525 94
3526 168
3527 126
3528 130
3529 101
3530 120
3531 151
3532 95
3533 100
3534 97
3535 109
3536 126
3537 97
3538 94
3539 162
3540 74
3541 152
3542 122
3543 67
3544 107
3545 128
3546 128
3547 121
3548 119
3549 87
3550 88
3551 90
3552 92
3553 89
3554 121
3555 104
3556 106
3557 126
3558 89
3559 98
3560 77
3561 106
3562 125
3563 110
3564 58
3565 149
3566 65
3567 53
3568 86
3569 92
3570 75
3571 70
3572 137
3573 103
3574 136
3575 117
3576 124
3577 116
3578 102
3579 109
3580 111
3581 87
3582 88
3583 106
3584 90
3585 80
3586 108
3587 108
3588 131
3589 127
3590 87
3591 93
3592 123
3593 83
3594 95
3595 46
3596 69
3597 120
3598 141
3599 106
3600 105
3601 89
3602 104
3603 123
3604 135
3605 137
3606 102
3607 124
3608 140
3609 88
3610 0
3611 100
3612 116
3613 87
3614 123
3615 149
3616 112
3617 85
3618 74
3619 105
3620 108
3621 119
3622 107
3623 69
3624 42
3625 117
3626 102
3627 106
3628 111
3629 107
3630 106
3631 90
3632 122
3633 119
3634 130
3635 142
3636 121
3637 121
3638 135
3639 119
3640 118
3641 98
3642 122
3643 103
3644 107
3645 97
3646 144
3647 124
3648 110
3649 94
3650 48
3651 113
3652 130
3653 103
3654 120
3655 115
3656 163
3657 106
3658 137
3659 112
3660 83
3661 86
3662 125
3663 97
3664 111
3665 162
3666 128
3667 116
3668 127
3669 132
3670 72
3671 74
3672 116
3673 88
3674 148
3675 109
3676 79
3677 138
3678 119
3679 105
3680 128
3681 87
3682 110
3683 131
3684 121
3685 108
3686 105
3687 99
3688 105
3689 75
3690 87
3691 103
3692 121
3693 93
3694 113
3695 69
3696 118
3697 78
3698 109
3699 106
3700 80
3701 93
3702 111
3703 110
3704 120
3705 96
3706 62
3707 106
3708 86
3709 70
3710 160
3711 103
3712 120
3713 83
3714 103
3715 85
3716 99
3717 133
3718 123
3719 106
3720 130
3721 113
3722 172
3723 72
3724 107
3725 90
3726 74
3727 146
3728 129
3729 50
3730 116
3731 130
3732 148
3733 152
3734 105
3735 170
3736 111
3737 116
3738 68
3739 87
3740 80
3741 143
3742 60
3743 53
3744 121
3745 125
3746 69
3747 125
3748 94
3749 118
3750 102
3751 96
3752 106
3753 84
3754 138
3755 95
3756 33
3757 97
3758 104
3759 97
3760 107
3761 129
3762 109
3763 96
3764 104
3765 132
3766 30
3767 101
3768 110
3769 126
3770 110
3771 131
3772 94
3773 85
3774 121
3775 154
3776 104
3777 115
3778 82
3779 99
3780 159
3781 120
3782 104
3783 95
3784 118
3785 103
3786 50
3787 120
3788 140
3789 135
3790 151
3791 116
3792 102
3793 131
3794 117
3795 107
3796 107
3797 159
3798 104
3799 139
3800 90
3801 84
3802 103
3803 119
3804 132
3805 125
3806 92
3807 105
3808 96
3809 156
3810 115
3811 128
3812 130
3813 140
3814 82
3815 95
3816 94
3817 99
3818 94
3819 108
3820 153
3821 115
3822 108
3823 134
3824 0
3825 128
3826 125
3827 54
3828 126
3829 122
3830 90
3831 137
3832 104
3833 114
3834 82
3835 69
3836 71
3837 57
3838 105
3839 114
3840 78
3841 120
3842 87
3843 109
3844 117
3845 85
3846 102
3847 131
3848 102
3849 112
3850 108
3851 60
3852 102
3853 102
3854 131
3855 88
3856 112
3857 86
3858 88
3859 88
3860 107
3861 157
3862 111
3863 132
3864 122
3865 103
3866 60
3867 92
3868 101
3869 97
3870 115
3871 92
3872 88
3873 104
3874 101
3875 127
3876 134
3877 123
3878 143
3879 90
3880 167
3881 106
3882 95
3883 95
3884 109
3885 106
3886 115
3887 88
3888 86
3889 153
3890 92
3891 112
3892 128
3893 95
3894 157
3895 119
3896 113
3897 85
3898 123
3899 101
3900 124
3901 116
3902 130
3903 105
3904 114
3905 92
3906 127
3907 118
3908 113
3909 157
3910 95
3911 111
3912 123
3913 142
3914 63
3915 94
3916 113
3917 61
3918 139
3919 107
3920 106
3921 173
3922 84
3923 66
3924 111
3925 69
3926 121
3927 97
3928 87
3929 122
3930 110
3931 121
3932 81
3933 77
3934 130
3935 97
3936 146
3937 124
3938 97
3939 67
3940 117
3941 129
3942 106
3943 83
3944 142
3945 134
3946 108
3947 125
3948 86
3949 146
3950 106
3951 12
3952 101
3953 83
3954 80
3955 119
3956 147
3957 84
3958 70
3959 104
3960 152
3961 91
3962 114
3963 115
3964 125
3965 91
3966 88
3967 100
3968 131
3969 55
3970 96
3971 102
3972 169
3973 133
3974 98
3975 151
3976 100
3977 92
3978 111
3979 106
3980 100
3981 100
3982 121
3983 121
3984 111
3985 144
3986 124
3987 49
3988 50
3989 55
3990 101
3991 90
3992 115
3993 102
3994 69
3995 61
3996 131
3997 135
3998 82
3999 131
4000 140
4001 85
4002 108
4003 102
4004 53
4005 110
4006 95
4007 118
4008 108
4009 120
4010 73
4011 123
4012 108
4013 96
4014 123
4015 119
4016 47
4017 82
4018 101
4019 116
4020 110
4021 99
4022 136
4023 93
4024 118
4025 110
4026 155
4027 118
4028 187
4029 104
4030 103
4031 119
4032 114
4033 107
4034 68
4035 121
4036 116
4037 110
4038 82
4039 88
4040 82
4041 113
4042 79
4043 100
4044 95
4045 106
4046 75
4047 118
4048 101
4049 95
4050 122
4051 171
4052 122
4053 98
4054 97
4055 136
4056 147
4057 159
4058 118
4059 106
4060 101
4061 134
4062 104
4063 145
4064 112
4065 116
4066 90
4067 123
4068 91
4069 125
4070 118
4071 98
4072 136
4073 105
4074 95
4075 75
4076 124
4077 87
4078 105
4079 75
4080 99
4081 98
4082 120
4083 139
4084 107
4085 127
4086 115
4087 81
4088 84
4089 101
4090 143
4091 109
4092 63
4093 188
4094 98
4095 137
4096 109
4097 118
4098 114
4099 129
4100 161
4101 119
4102 114
4103 120
4104 103
4105 128
4106 96
4107 120
4108 83
4109 120
4110 106
4111 34
4112 101
4113 139
4114 115
4115 128
4116 117
4117 120
4118 115
4119 99
4120 135
4121 89
4122 87
4123 107
4124 145
4125 146
4126 109
4127 100
4128 128
4129 109
4130 137
4131 85
4132 108
4133 106
4134 82
4135 122
4136 146
4137 120
4138 64
4139 124
4140 112
4141 62
4142 113
4143 134
4144 108
4145 105
4146 82
4147 151
4148 84
4149 104
4150 107
4151 79
4152 145
4153 108
4154 118
4155 132
4156 92
4157 101
4158 138
4159 93
4160 68
4161 148
4162 87
4163 101
4164 143
4165 159
4166 80
4167 116
4168 93
4169 102
4170 115
4171 45
4172 73
4173 127
4174 82
4175 126
4176 85
4177 72
4178 75
4179 148
4180 86
4181 86
4182 142
4183 125
4184 95
4185 111
4186 116
4187 137
4188 86
4189 109
4190 110
4191 84
4192 82
4193 125
4194 118
4195 115
4196 81
4197 52
4198 124
4199 124
4200 115
4201 99
4202 123
4203 103
4204 96
4205 85
4206 110
4207 91
4208 102
4209 50
4210 132
4211 166
4212 110
4213 112
4214 119
4215 93
4216 101
4217 137
4218 122
4219 112
4220 121
4221 109
4222 111
4223 115
4224 125
4225 134
4226 97
4227 140
4228 151
4229 146
4230 80
4231 101
4232 85
4233 104
4234 105
4235 93
4236 88
4237 45
4238 162
4239 93
4240 117
4241 59
4242 200
4243 95
4244 109
4245 151
4246 79
4247 138
4248 113
4249 193
4250 91
4251 113
4252 93
4253 88
4254 104
4255 125
4256 124
4257 115
4258 91
4259 93
4260 93
4261 103
4262 99
4263 163
4264 106
4265 99
4266 94
4267 94
4268 82
4269 64
4270 96
4271 121
4272 101
4273 100
4274 163
4275 114
4276 17
4277 108
4278 113
4279 82
4280 95
4281 120
4282 135
4283 80
4284 126
4285 93
4286 104
4287 152
4288 118
4289 101
4290 62
4291 88
4292 81
4293 80
4294 96
4295 139
4296 95
4297 76
4298 130
4299 122
4300 93
4301 88
4302 92
4303 176
4304 92
4305 116
4306 135
4307 126
4308 103
4309 81
4310 56
4311 54
4312 128
4313 112
4314 72
4315 107
4316 159
4317 82
4318 111
4319 146
4320 108
4321 126
4322 90
4323 86
4324 119
4325 93
4326 131
4327 124
4328 120
4329 129
4330 126
4331 155
4332 106
4333 120
4334 120
4335 103
4336 61
4337 61
4338 157
4339 145
4340 111
4341 87
4342 57
4343 58
4344 114
4345 154
4346 148
4347 136
4348 123
4349 127
4350 61
4351 121
4352 88
4353 112
4354 145
4355 73
4356 183
4357 96
4358 109
4359 130
4360 100
4361 130
4362 73
4363 106
4364 108
4365 112
4366 63
4367 105
4368 136
4369 106
4370 83
4371 88
4372 163
4373 63
4374 100
4375 120
4376 95
4377 97
4378 73
4379 116
4380 100
4381 77
4382 107
4383 109
4384 130
4385 101
4386 118
4387 95
4388 94
4389 131
4390 93
4391 114
4392 117
4393 107
4394 105
4395 70
4396 98
4397 114
4398 101
4399 113
4400 139
4401 123
4402 114
4403 122
4404 124
4405 80
4406 101
4407 128
4408 109
4409 160
4410 131
4411 95
4412 134
4413 40
4414 131
4415 39
4416 97
4417 102
4418 83
4419 128
4420 128
4421 45
4422 181
4423 66
4424 92
4425 140
4426 136
4427 47
4428 79
4429 117
4430 59
4431 83
4432 93
4433 103
4434 122
4435 98
4436 133
4437 109
4438 68
4439 147
4440 80
4441 148
4442 116
4443 117
4444 105
4445 124
4446 119
4447 124
4448 50
4449 101
4450 107
4451 85
4452 99
4453 91
4454 108
4455 142
4456 113
4457 91
4458 111
4459 88
4460 88
4461 69
4462 75
4463 85
4464 118
4465 117
4466 117
4467 129
4468 111
4469 118
4470 109
4471 108
4472 70
4473 45
4474 139
4475 130
4476 85
4477 106
4478 111
4479 146
4480 103
4481 154
4482 113
4483 80
4484 59
4485 125
4486 58
4487 116
4488 104
4489 114
4490 120
4491 140
4492 116
4493 79
4494 132
4495 115
4496 91
4497 117
4498 137
4499 123
4500 97
4501 111
4502 80
4503 86
4504 141
4505 95
4506 105
4507 117
4508 103
4509 95
4510 115
4511 79
4512 110
4513 113
4514 117
4515 114
4516 122
4517 105
4518 146
4519 79
4520 115
4521 87
4522 106
4523 101
4524 118
4525 84
4526 81
4527 104
4528 126
4529 92
4530 115
4531 130
4532 152
4533 113
4534 108
4535 130
4536 88
4537 110
4538 109
4539 128
4540 145
4541 95
4542 89
4543 103
4544 152
4545 75
4546 166
4547 136
4548 103
4549 86
4550 142
4551 128
4552 99
4553 91
4554 124
4555 73
4556 90
4557 127
4558 84
4559 104
4560 96
4561 130
4562 97
4563 93
4564 90
4565 109
4566 94
4567 126
4568 115
4569 110
4570 174
4571 97
4572 110
4573 123
4574 77
4575 104
4576 113
4577 78
4578 117
4579 114
4580 102
4581 103
4582 107
4583 103
4584 114
4585 109
4586 134
4587 89
4588 104
4589 104
4590 148
4591 117
4592 101
4593 151
4594 85
4595 93
4596 133
4597 69
4598 91
4599 125
4600 89
4601 134
4602 114
4603 136
4604 102
4605 108
4606 134
4607 141
4608 107
4609 145
4610 117
4611 127
4612 86
4613 136
4614 105
4615 108
4616 121
4617 124
4618 110
4619 149
4620 69
4621 147
4622 108
4623 145
4624 102
4625 108
4626 150
4627 102
4628 73
4629 95
4630 134
4631 115
4632 157
4633 81
4634 113
4635 126
4636 99
4637 75
4638 132
4639 89
4640 101
4641 112
4642 128
4643 96
4644 114
4645 103
4646 121
4647 110
4648 114
4649 86
4650 123
4651 88
4652 130
4653 120
4654 142
4655 119
4656 56
4657 103
4658 136
4659 111
4660 138
4661 122
4662 113
4663 115
4664 70
4665 82
4666 83
4667 77
4668 104
4669 123
4670 95
4671 105
4672 95
4673 104
4674 146
4675 116
4676 114
4677 138
4678 129
4679 117
4680 92
4681 88
4682 6
4683 108
4684 100
4685 84
4686 125
4687 116
4688 98
4689 98
4690 122
4691 139
4692 65
4693 124
4694 50
4695 150
4696 130
4697 68
4698 111
4699 96
4700 120
4701 170
4702 81
4703 86
4704 127
4705 81
4706 118
4707 133
4708 90
4709 126
4710 94
4711 65
4712 110
4713 119
4714 101
4715 113
4716 105
4717 96
4718 116
4719 115
4720 44
4721 103
4722 63
4723 173
4724 138
4725 94
4726 86
4727 172
4728 131
4729 126
4730 90
4731 127
4732 116
4733 139
4734 136
4735 122
4736 125
4737 95
4738 130
4739 115
4740 62
4741 133
4742 91
4743 98
4744 129
4745 127
4746 101
4747 166
4748 142
4749 89
4750 132
4751 119
4752 84
4753 129
4754 91
4755 103
4756 113
4757 75
4758 140
4759 98
4760 48
4761 73
4762 120
4763 140
4764 92
4765 123
4766 144
4767 100
4768 161
4769 130
4770 123
4771 114
4772 72
4773 116
4774 88
4775 113
4776 157
4777 94
4778 101
4779 125
4780 102
4781 113
4782 70
4783 61
4784 104
4785 104
4786 114
4787 119
4788 93
4789 108
4790 108
4791 132
4792 71
4793 95
4794 130
4795 157
4796 143
4797 135
4798 127
4799 105
4800 137
4801 59
4802 74
4803 122
4804 85
4805 114
4806 97
4807 85
4808 80
4809 125
4810 108
4811 114
4812 110
4813 98
4814 146
4815 120
4816 61
4817 118
4818 117
4819 194
4820 46
4821 82
4822 63
4823 129
4824 76
4825 98
4826 68
4827 107
4828 153
4829 39
4830 78
4831 126
4832 137
4833 111
4834 88
4835 103
4836 89
4837 91
4838 105
4839 120
4840 56
4841 13
4842 102
4843 68
4844 72
4845 131
4846 81
4847 98
4848 92
4849 114
4850 98
4851 129
4852 103
4853 111
4854 106
4855 86
4856 81
4857 96
4858 138
4859 77
4860 137
4861 82
4862 118
4863 113
4864 134
4865 90
4866 141
4867 129
4868 128
4869 132
4870 170
4871 103
4872 126
4873 89
4874 132
4875 115
4876 132
4877 108
4878 70
4879 88
4880 122
4881 107
4882 109
4883 91
4884 120
4885 112
4886 89
4887 144
4888 109
4889 119
4890 81
4891 105
4892 73
4893 148
4894 120
4895 76
4896 129
4897 55
4898 133
4899 80
4900 149
4901 125
4902 59
4903 74
4904 108
4905 75
4906 109
4907 128
4908 133
4909 103
4910 137
4911 104
4912 99
4913 94
4914 82
4915 153
4916 62
4917 128
4918 144
4919 91
4920 140
4921 128
4922 105
4923 124
4924 135
4925 115
4926 101
4927 129
4928 115
4929 102
4930 88
4931 108
4932 126
4933 93
4934 123
4935 121
4936 92
4937 119
4938 103
4939 169
4940 128
4941 98
4942 134
4943 133
4944 92
4945 91
4946 114
4947 112
4948 135
4949 71
4950 99
4951 76
4952 134
4953 114
4954 140
4955 134
4956 89
4957 118
4958 124
4959 114
4960 78
4961 126
4962 141
4963 127
4964 108
4965 124
4966 114
4967 147
4968 108
4969 79
4970 139
4971 84
4972 134
4973 106
4974 93
4975 122
4976 155
4977 131
4978 134
4979 142
4980 102
4981 107
4982 116
4983 75
4984 169
4985 93
4986 165
4987 140
4988 116
4989 92
4990 83
4991 118
4992 137
4993 137
4994 164
4995 127
4996 104
4997 112
4998 108
4999 98
5000 85
5001 99
5002 112
5003 90
5004 97
5005 120
5006 109
5007 113
5008 99
5009 126
5010 92
5011 123
5012 98
5013 123
5014 60
5015 152
5016 79
5017 102
5018 109
5019 161
5020 129
5021 113
5022 105
5023 41
5024 125
5025 65
5026 90
5027 100
5028 119
5029 108
5030 143
5031 82
5032 130
5033 120
5034 113
5035 101
5036 119
5037 123
5038 117
5039 70
5040 121
5041 101
5042 134
5043 125
5044 83
5045 84
5046 85
5047 116
5048 129
5049 117
5050 146
5051 114
5052 139
5053 92
5054 103
5055 138
5056 114
5057 112
5058 179
5059 151
5060 95
5061 108
5062 106
5063 109
5064 131
5065 67
5066 133
5067 110
5068 78
5069 91
5070 128
5071 114
5072 96
5073 109
5074 134
5075 101
5076 102
5077 156
5078 75
5079 121
5080 112
5081 107
5082 122
5083 112
5084 106
5085 124
5086 125
5087 91
5088 93
5089 120
5090 88
5091 84
5092 95
5093 87
5094 149
5095 124
5096 133
5097 110
5098 122
5099 73
5100 54
5101 131
5102 54
5103 149
5104 95
5105 124
5106 103
5107 127
5108 91
5109 139
5110 148
5111 102
5112 125
5113 111
5114 142
5115 107
5116 102
5117 114
5118 114
5119 110
5120 146
5121 120
5122 89
5123 116
5124 114
5125 87
5126 119
5127 118
5128 129
5129 126
5130 122
5131 102
5132 93
5133 99
5134 113
5135 119
5136 52
5137 131
5138 121
5139 100
5140 72
5141 90
5142 103
5143 162
5144 120
5145 151
5146 117
5147 108
5148 103
5149 151
5150 99
5151 54
5152 77
5153 90
5154 121
5155 114
5156 96
5157 133
5158 119
5159 169
5160 103
5161 99
5162 134
5163 91
5164 134
5165 104
5166 122
5167 56
5168 99
5169 59
5170 129
5171 101
5172 95
5173 114
5174 109
5175 105
5176 76
5177 94
5178 146
5179 126
5180 124
5181 107
5182 111
5183 152
5184 107
5185 108
5186 128
5187 155
5188 113
5189 99
5190 144
5191 78
5192 112
5193 79
5194 127
5195 119
5196 112
5197 121
5198 120
5199 123
5200 126
5201 81
5202 123
5203 105
5204 81
5205 86
5206 103
5207 135
5208 166
5209 120
5210 101
5211 90
5212 118
5213 101
5214 148
5215 118
5216 88
5217 113
5218 89
5219 111
5220 135
5221 79
5222 115
5223 116
5224 105
5225 78
5226 124
5227 125
5228 131
5229 117
5230 117
5231 81
5232 106
5233 100
5234 93
5235 22
5236 127
5237 139
5238 109
5239 113
5240 84
5241 107
5242 133
5243 79
5244 177
5245 96
5246 115
5247 111
5248 153
5249 103
5250 113
5251 110
5252 109
5253 84
5254 92
5255 109
5256 67
5257 166
5258 118
5259 57
5260 106
5261 142
5262 170
5263 156
5264 133
5265 135
5266 73
5267 111
5268 139
5269 132
5270 77
5271 129
5272 106
5273 76
5274 93
5275 104
5276 104
5277 131
5278 64
5279 117
5280 43
5281 94
5282 86
5283 90
5284 118
5285 133
5286 117
5287 181
5288 128
5289 116
5290 83
5291 157
5292 85
5293 102
5294 95
5295 50
5296 65
5297 111
5298 118
5299 107
5300 108
5301 113
5302 127
5303 81
5304 120
5305 88
5306 97
5307 111
5308 85
5309 100
5310 125
5311 85
5312 87
5313 136
5314 135
5315 141
5316 155
5317 94
5318 121
5319 108
5320 206
5321 60
5322 77
5323 91
5324 143
5325 92
5326 154
5327 126
5328 55
5329 89
5330 66
5331 89
5332 151
5333 72
5334 107
5335 117
5336 96
5337 55
5338 123
5339 95
5340 111
5341 59
5342 107
5343 105
5344 119
5345 74
5346 138
5347 65
5348 52
5349 109
5350 96
5351 87
5352 115
5353 101
5354 93
5355 130
5356 98
5357 113
5358 92
5359 95
5360 110
5361 150
5362 116
5363 114
5364 119
5365 123
5366 101
5367 81
5368 133
5369 142
5370 115
5371 98
5372 126
5373 153
5374 118
5375 101
5376 109
5377 109
5378 106
5379 100
5380 97
5381 110
5382 41
5383 102
5384 124
5385 115
5386 78
5387 71
5388 116
5389 135
5390 101
5391 95
5392 127
5393 130
5394 134
5395 131
5396 103
5397 128
5398 131
5399 179
5400 95
5401 77
5402 103
5403 103
5404 70
5405 74
5406 126
5407 137
5408 88
5409 68
5410 95
5411 74
5412 108
5413 123
5414 116
5415 103
5416 96
5417 122
5418 50
5419 110
5420 92
5421 120
5422 131
5423 132
5424 107
5425 111
5426 116
5427 125
5428 94
5429 89
5430 143
5431 101
5432 116
5433 111
5434 77
5435 76
5436 109
5437 107
5438 68
5439 83
5440 93
5441 153
5442 45
5443 110
5444 124
5445 153
5446 116
5447 98
5448 136
5449 128
5450 121
5451 137
5452 161
5453 87
5454 103
5455 99
5456 120
5457 84
5458 130
5459 101
5460 133
5461 91
5462 125
5463 89
5464 158
5465 95
5466 93
5467 147
5468 115
5469 129
5470 107
5471 131
5472 93
5473 146
5474 109
5475 102
5476 116
5477 58
5478 58
5479 141
5480 125
5481 123
5482 144
5483 118
5484 104
5485 120
5486 130
5487 83
5488 117
5489 119
5490 100
5491 121
5492 117
5493 161
5494 109
5495 98
5496 108
5497 79
5498 113
5499 102
5500 98
5501 87
5502 113
5503 101
5504 121
5505 111
5506 81
5507 101
5508 97
5509 94
5510 110
5511 120
5512 100
5513 94
5514 160
5515 125
5516 120
5517 119
5518 130
5519 99
5520 124
5521 46
5522 119
5523 96
5524 153
5525 73
5526 231
5527 105
5528 107
5529 115
5530 145
5531 111
5532 163
5533 90
5534 160
5535 106
5536 117
5537 69
5538 154
5539 129
5540 108
5541 122
5542 124
5543 95
5544 132
5545 69
5546 109
5547 89
5548 112
5549 87
5550 81
5551 81
5552 89
5553 99
5554 133
5555 126
5556 111
5557 130
5558 117
5559 104
5560 110
5561 102
5562 121
5563 140
5564 83
5565 116
5566 144
5567 59
5568 89
5569 108
5570 107
5571 90
5572 135
5573 76
5574 77
5575 78
5576 120
5577 103
5578 126
5579 120
5580 103
5581 72
5582 125
5583 114
5584 74
5585 150
5586 99
5587 90
5588 100
5589 132
5590 77
5591 107
5592 141
5593 115
5594 113
5595 143
5596 130
5597 138
5598 120
5599 85
5600 129
5601 94
5602 120
5603 124
5604 88
5605 121
5606 82
5607 107
5608 129
5609 110
5610 105
5611 116
5612 115
5613 85
5614 87
5615 113
5616 97
5617 105
5618 105
5619 109
5620 77
5621 121
5622 65
5623 141
5624 118
5625 79
5626 125
5627 90
5628 122
5629 112
5630 101
5631 130
5632 96
5633 113
5634 88
5635 111
5636 102
5637 83
5638 107
5639 142
5640 121
5641 104
5642 90
5643 87
5644 150
5645 115
5646 101
5647 150
5648 137
5649 118
5650 140
5651 109
5652 128
5653 121
5654 110
5655 85
5656 75
5657 77
5658 100
5659 130
5660 86
5661 129
5662 116
5663 106
5664 67
5665 98
5666 90
5667 57
5668 98
5669 104
5670 118
5671 128
5672 115
5673 105
5674 153
5675 118
5676 75
5677 151
5678 102
5679 136
5680 123
5681 93
5682 110
5683 117
5684 66
5685 107
5686 92
5687 113
5688 78
5689 87
5690 64
5691 115
5692 125
5693 105
5694 126
5695 155
5696 144
5697 123
5698 92
5699 105
5700 130
5701 128
5702 109
5703 113
5704 139
5705 118
5706 55
5707 107
5708 93
5709 127
5710 87
5711 52
5712 102
5713 98
5714 93
5715 120
5716 126
5717 116
5718 102
5719 100
5720 92
5721 102
5722 100
5723 88
5724 153
5725 174
5726 109
5727 81
5728 105
5729 55
5730 111
5731 51
5732 110
5733 89
5734 120
5735 169
5736 101
5737 107
5738 102
5739 83
5740 143
5741 83
5742 102
5743 118
5744 97
5745 99
5746 81
5747 97
5748 98
5749 158
5750 96
5751 100
5752 111
5753 150
5754 108
5755 103
5756 66
5757 116
5758 113
5759 137
5760 123
5761 128
5762 100
5763 98
5764 104
5765 85
5766 118
5767 87
5768 133
5769 134
5770 133
5771 107
5772 69
5773 105
5774 69
5775 99
5776 44
5777 115
5778 110
5779 123
5780 123
5781 82
5782 115
5783 94
5784 141
5785 150
5786 63
5787 89
5788 87
5789 133
5790 121
5791 131
5792 92
5793 105
5794 111
5795 112
5796 94
5797 52
5798 100
5799 119
5800 38
5801 105
5802 97
5803 87
5804 126
5805 113
5806 114
5807 117
5808 97
5809 110
5810 101
5811 87
5812 82
5813 127
5814 95
5815 109
5816 115
5817 120
5818 109
5819 130
5820 157
5821 101
5822 96
5823 103
5824 95
5825 193
5826 105
5827 105
5828 84
5829 152
5830 78
5831 79
5832 136
5833 81
5834 98
5835 71
5836 120
5837 157
5838 98
5839 132
5840 75
5841 121
5842 92
5843 95
5844 70
5845 154
5846 96
5847 84
5848 168
5849 103
5850 91
5851 105
5852 121
5853 115
5854 138
5855 133
5856 124
5857 76
5858 75
5859 144
5860 130
5861 95
5862 98
5863 109
5864 184
5865 196
5866 121
5867 95
5868 100
5869 125
5870 74
5871 190
5872 145
5873 58
5874 98
5875 102
5876 109
5877 14
5878 133
5879 164
5880 75
5881 111
5882 99
5883 107
5884 96
5885 86
5886 98
5887 0
5888 130
5889 113
5890 134
5891 136
5892 118
5893 119
5894 149
5895 105
5896 104
5897 107
5898 98
5899 126
5900 93
5901 130
5902 105
5903 137
5904 91
5905 166
5906 66
5907 97
5908 108
5909 146
5910 114
5911 187
5912 112
5913 110
5914 115
5915 139
5916 139
5917 118
5918 98
5919 102
5920 107
5921 111
5922 133
5923 130
5924 103
5925 119
5926 88
5927 93
5928 110
5929 107
5930 95
5931 108
5932 113
5933 81
5934 98
5935 114
5936 131
5937 141
5938 89
5939 77
5940 134
5941 113
5942 136
5943 89
5944 86
5945 103
5946 129
5947 80
5948 110
5949 106
5950 90
5951 91
5952 92
5953 97
5954 89
5955 94
5956 127
5957 131
5958 166
5959 80
5960 112
5961 113
5962 90
5963 116
5964 68
5965 64
5966 127
5967 121
5968 116
5969 95
5970 94
5971 111
5972 75
5973 144
5974 73
5975 144
5976 136
5977 128
5978 129
5979 101
5980 79
5981 104
5982 83
5983 105
5984 109
5985 118
5986 133
5987 113
5988 108
5989 122
5990 123
5991 145
5992 53
5993 135
5994 102
5995 56
5996 146
5997 149
5998 133
5999 118
6000 159
6001 124
6002 112
6003 109
6004 97
6005 96
6006 86
6007 99
6008 147
6009 103
6010 133
6011 84
6012 81
6013 89
6014 103
6015 144
6016 113
6017 106
6018 233
6019 93
6020 140
6021 105
6022 96
6023 62
6024 93
6025 131
6026 93
6027 108
6028 95
6029 129
6030 124
6031 109
6032 86
6033 112
6034 129
6035 11
6036 65
6037 130
6038 113
6039 117
6040 101
6041 102
6042 177
6043 142
6044 93
6045 120
6046 132
6047 114
6048 132
6049 106
6050 99
6051 167
6052 62
6053 148
6054 61
6055 121
6056 129
6057 164
6058 113
6059 105
6060 134
6061 119
6062 119
6063 151
6064 128
6065 108
6066 131
6067 113
6068 165
6069 85
6070 69
6071 84
6072 115
6073 138
6074 81
6075 113
6076 129
6077 97
6078 106
6079 120
6080 103
6081 86
6082 122
6083 48
6084 104
6085 99
6086 120
6087 116
6088 118
6089 114
6090 111
6091 139
6092 117
6093 145
6094 115
6095 106
6096 121
6097 137
6098 101
6099 60
6100 102
6101 58
6102 104
6103 111
6104 83
6105 112
6106 106
6107 113
6108 112
6109 103
6110 133
6111 90
6112 97
6113 67
6114 66
6115 110
6116 121
6117 140
6118 66
6119 126
6120 123
6121 108
6122 121
6123 89
6124 80
6125 116
6126 99
6127 77
6128 128
6129 104
6130 112
6131 96
6132 91
6133 163
6134 117
6135 121
6136 124
6137 125
6138 118
6139 114
6140 94
6141 103
6142 115
6143 78
6144 162
6145 190
6146 143
6147 80
6148 135
6149 99
6150 109
6151 157
6152 84
6153 116
6154 143
6155 110
6156 118
6157 68
6158 102
6159 102
6160 183
6161 98
6162 89
6163 75
6164 84
6165 88
6166 119
6167 102
6168 89
6169 132
6170 82
6171 109
6172 115
6173 89
6174 114
6175 107
6176 164
6177 150
6178 112
6179 153
6180 98
6181 146
6182 125
6183 124
6184 133
6185 90
6186 102
6187 68
6188 112
6189 99
6190 172
6191 108
6192 113
6193 116
6194 96
6195 98
6196 101
6197 94
6198 114
6199 86
6200 84
6201 112
6202 110
6203 127
6204 74
6205 75
6206 141
6207 95
6208 94
6209 96
6210 97
6211 110
6212 81
6213 107
6214 127
6215 89
6216 124
6217 100
6218 123
6219 134
6220 105
6221 143
6222 103
6223 101
6224 147
6225 49
6226 111
6227 102
6228 103
6229 103
6230 134
6231 118
6232 95
6233 83
6234 93
6235 103
6236 94
6237 99
6238 76
6239 97
6240 122
6241 138
6242 106
6243 112
6244 96
6245 97
6246 99
6247 92
6248 99
6249 110
6250 70
6251 119
6252 141
6253 120
6254 120
6255 137
6256 130
6257 92
6258 123
6259 73
6260 109
6261 128
6262 84
6263 133
6264 123
6265 127
6266 101
6267 122
6268 113
6269 118
6270 81
6271 91
6272 84
6273 145
6274 95
6275 172
6276 86
6277 88
6278 134
6279 113
6280 95
6281 123
6282 124
6283 114
6284 111
6285 125
6286 151
6287 67
6288 64
6289 135
6290 121
6291 124
6292 132
6293 129
6294 145
6295 107
6296 206
6297 95
6298 136
6299 114
6300 131
6301 117
6302 44
6303 123
6304 83
6305 109
6306 108
6307 69
6308 151
6309 87
6310 108
6311 130
6312 109
6313 79
6314 119
6315 94
6316 89
6317 107
6318 118
6319 119
6320 112
6321 158
6322 138
6323 124
6324 99
6325 84
6326 115
6327 78
6328 110
6329 38
6330 116
6331 116
6332 112
6333 101
6334 154
6335 73
6336 116
6337 110
6338 118
6339 84
6340 80
6341 117
6342 63
6343 117
6344 90
6345 90
6346 121
6347 67
6348 82
6349 117
6350 107
6351 144
6352 132
6353 159
6354 96
6355 100
6356 110
6357 139
6358 60
6359 123
6360 85
6361 100
6362 109
6363 98
6364 94
6365 85
6366 85
6367 115
6368 98
6369 38
6370 112
6371 125
6372 108
6373 112
6374 124
6375 111
6376 85
6377 68
6378 79
6379 122
6380 127
6381 102
6382 98
6383 90
6384 82
6385 112
6386 117
6387 97
6388 106
6389 111
6390 87
6391 103
6392 128
6393 116
6394 61
6395 130
6396 88
6397 93
6398 87
6399 140
6400 104
6401 96
6402 133
6403 162
6404 109
6405 83
6406 144
6407 42
6408 79
6409 181
6410 102
6411 94
6412 138
6413 95
6414 132
6415 72
6416 72
6417 147
6418 126
6419 64
6420 62
6421 116
6422 124
6423 123
6424 115
6425 93
6426 105
6427 123
6428 87
6429 93
6430 146
6431 87
6432 184
6433 123
6434 122
6435 121
6436 106
6437 89
6438 68
6439 114
6440 106
6441 98
6442 113
6443 131
6444 100
6445 132
6446 116
6447 43
6448 124
6449 91
6450 83
6451 58
6452 94
6453 86
6454 142
6455 62
6456 83
6457 118
6458 104
6459 78
6460 146
6461 116
6462 109
6463 151
6464 96
6465 103
6466 125
6467 81
6468 118
6469 112
6470 96
6471 100
6472 78
6473 127
6474 93
6475 115
6476 116
6477 105
6478 139
6479 103
6480 107
6481 75
6482 111
6483 87
6484 68
6485 125
6486 111
6487 119
6488 115
6489 102
6490 132
6491 122
6492 126
6493 91
6494 139
6495 103
6496 122
6497 83
6498 120
6499 94
6500 100
6501 82
6502 127
6503 114
6504 117
6505 103
6506 96
6507 50
6508 77
6509 120
6510 125
6511 124
6512 133
6513 81
6514 55
6515 117
6516 81
6517 121
6518 125
6519 140
6520 134
6521 159
6522 114
6523 90
6524 94
6525 120
6526 85
6527 96
6528 133
6529 86
6530 132
6531 73
6532 107
6533 143
6534 106
6535 117
6536 103
6537 70
6538 101
6539 105
6540 104
6541 110
6542 40
6543 141
6544 112
6545 91
6546 100
6547 99
6548 98
6549 102
6550 109
6551 115
6552 231
6553 120
6554 63
6555 146
6556 113
6557 119
6558 83
6559 175
6560 117
6561 109
6562 83
6563 141
6564 88
6565 95
6566 117
6567 91
6568 77
6569 113
6570 126
6571 112
6572 120
6573 96
6574 96
6575 98
6576 116
6577 123
6578 117
6579 97
6580 107
6581 25
6582 121
6583 133
6584 99
6585 103
6586 93
6587 141
6588 136
6589 95
6590 135
6591 95
6592 131
6593 80
6594 127
6595 116
6596 119
6597 57
6598 88
6599 68
6600 117
6601 126
6602 94
6603 85
6604 97
6605 98
6606 128
6607 101
6608 82
6609 86
6610 93
6611 163
6612 103
6613 124
6614 102
6615 146
6616 104
6617 101
6618 142
6619 69
6620 126
6621 91
6622 107
6623 109
6624 121
6625 97
6626 104
6627 127
6628 140
6629 102
6630 105
6631 93
6632 84
6633 74
6634 121
6635 142
6636 130
6637 73
6638 144
6639 107
6640 192
6641 118
6642 102
6643 107
6644 173
6645 120
6646 160
6647 116
6648 96
6649 145
6650 87
6651 92
6652 93
6653 117
6654 133
6655 102
6656 132
6657 58
6658 47
6659 72
6660 65
6661 111
6662 153
6663 99
6664 83
6665 81
6666 102
6667 114
6668 136
6669 80
6670 129
6671 115
6672 116
6673 153
6674 141
6675 95
6676 90
6677 127
6678 98
6679 94
6680 79
6681 88
6682 127
6683 144
6684 100
6685 99
6686 93
6687 106
6688 111
6689 144
6690 159
6691 130
6692 60
6693 108
6694 88
6695 91
6696 134
6697 91
6698 116
6699 113
6700 130
6701 134
6702 106
6703 93
6704 119
6705 138
6706 133
6707 116
6708 125
6709 46
6710 149
6711 83
6712 138
6713 88
6714 126
6715 92
6716 109
6717 66
6718 115
6719 71
6720 118
6721 115
6722 123
6723 104
6724 103
6725 133
6726 131
6727 70
6728 122
6729 89
6730 89
6731 172
6732 61
6733 120
6734 121
6735 127
6736 133
6737 109
6738 105
6739 86
6740 103
6741 105
6742 75
6743 134
6744 85
6745 43
6746 124
6747 91
6748 98
6749 109
6750 79
6751 67
6752 86
6753 99
6754 132
6755 121
6756 88
6757 99
6758 90
6759 82
6760 116
6761 136
6762 80
6763 106
6764 110
6765 65
6766 140
6767 103
6768 121
6769 92
6770 146
6771 138
6772 119
6773 122
6774 163
6775 114
6776 115
6777 112
6778 149
6779 56
6780 95
6781 99
6782 139
6783 107
6784 133
6785 122
6786 106
6787 73
6788 131
6789 127
6790 118
6791 117
6792 122
6793 78
6794 120
6795 134
6796 132
6797 104
6798 101
6799 86
6800 97
6801 129
6802 103
6803 123
6804 130
6805 139
6806 89
6807 139
6808 81
6809 106
6810 92
6811 116
6812 91
6813 127
6814 84
6815 123
6816 130
6817 107
6818 127
6819 108
6820 89
6821 98
6822 151
6823 91
6824 115
6825 54
6826 105
6827 127
6828 163
6829 82
6830 108
6831 106
6832 95
6833 133
6834 101
6835 118
6836 137
6837 77
6838 96
6839 100
6840 73
6841 124
6842 119
6843 102
6844 119
6845 95
6846 128
6847 65
6848 25
6849 144
6850 104
6851 144
6852 84
6853 42
6854 95
6855 94
6856 87
6857 129
6858 107
6859 92
6860 112
6861 86
6862 92
6863 161
6864 147
6865 101
6866 146
6867 133
6868 94
6869 75
6870 118
6871 166
6872 116
6873 100
6874 136
6875 141
6876 95
6877 107
6878 111
6879 118
6880 103
6881 144
6882 121
6883 147
6884 90
6885 87
6886 117
6887 116
6888 104
6889 100
6890 117
6891 74
6892 134
6893 147
6894 112
6895 164
6896 106
6897 152
6898 75
6899 108
6900 99
6901 142
6902 104
6903 80
6904 65
6905 138
6906 87
6907 87
6908 122
6909 89
6910 88
6911 73
6912 109
6913 151
6914 98
6915 118
6916 95
6917 134
6918 130
6919 90
6920 98
6921 120
6922 96
6923 106
6924 99
6925 87
6926 124
6927 145
6928 116
6929 139
6930 109
6931 104
6932 92
6933 74
6934 148
6935 108
6936 114
6937 113
6938 110
6939 113
6940 91
6941 142
6942 128
6943 102
6944 74
6945 81
6946 70
6947 93
6948 111
6949 115
6950 183
6951 113
6952 144
6953 82
6954 116
6955 78
6956 157
6957 130
6958 112
6959 68
6960 167
6961 122
6962 113
6963 107
6964 100
6965 140
6966 118
6967 117
6968 76
6969 127
6970 86
6971 133
6972 133
6973 91
6974 94
6975 107
6976 118
6977 101
6978 103
6979 91
6980 94
6981 127
6982 154
6983 70
6984 98
6985 109
6986 74
6987 118
6988 58
6989 148
6990 114
6991 112
6992 109
6993 99
6994 121
6995 148
6996 99
6997 108
6998 115
6999 125
7000 85
7001 109
7002 95
7003 126
7004 90
7005 144
7006 139
7007 97
7008 114
7009 71
7010 111
7011 40
7012 102
7013 120
7014 86
7015 122
7016 64
7017 99
7018 108
7019 102
7020 120
7021 40
7022 93
7023 152
7024 118
7025 126
7026 111
7027 182
7028 138
7029 137
7030 89
7031 122
7032 102
7033 96
7034 208
7035 115
7036 121
7037 119
7038 114
7039 109
7040 93
7041 116
7042 101
7043 123
7044 80
7045 89
7046 83
7047 139
7048 115
7049 90
7050 80
7051 104
7052 32
7053 153
7054 100
7055 83
7056 93
7057 113
7058 105
7059 127
7060 90
7061 109
7062 76
7063 59
7064 130
7065 124
7066 77
7067 106
7068 129
7069 56
7070 106
7071 102
7072 112
7073 63
7074 166
7075 104
7076 72
7077 100
7078 109
7079 21
7080 130
7081 49
7082 88
7083 79
7084 78
7085 147
7086 101
7087 134
7088 125
7089 92
7090 78
7091 141
7092 91
7093 106
7094 107
7095 84
7096 47
7097 100
7098 122
7099 134
7100 56
7101 96
7102 93
7103 104
7104 102
7105 61
7106 132
7107 83
7108 86
7109 83
7110 115
7111 122
7112 119
7113 156
7114 154
7115 91
7116 149
7117 127
7118 100
7119 112
7120 130
7121 135
7122 147
7123 147
7124 102
7125 87
7126 145
7127 98
7128 91
7129 119
7130 122
7131 94
7132 127
7133 121
7134 104
7135 104
7136 133
7137 103
7138 59
7139 121
7140 133
7141 118
7142 124
7143 130
7144 114
7145 106
7146 70
7147 108
7148 107
7149 75
7150 101
7151 99
7152 105
7153 123
7154 127
7155 104
7156 75
7157 113
7158 51
7159 75
7160 121
7161 100
7162 104
7163 106
7164 105
7165 144
7166 81
7167 108
7168 96
7169 72
7170 88
7171 129
7172 126
7173 65
7174 109
7175 105
7176 146
7177 124
7178 101
7179 130
7180 122
7181 116
7182 93
7183 77
7184 126
7185 149
7186 118
7187 140
7188 161
7189 102
7190 111
7191 79
7192 123
7193 118
7194 85
7195 110
7196 100
7197 66
7198 112
7199 130
7200 88
7201 123
7202 145
7203 100
7204 70
7205 113
7206 142
7207 101
7208 117
7209 102
7210 93
7211 139
7212 135
7213 124
7214 93
7215 113
7216 103
7217 91
7218 112
7219 121
7220 83
7221 122
7222 101
7223 90
7224 75
7225 121
7226 152
7227 128
7228 104
7229 87
7230 150
7231 125
7232 92
7233 129
7234 128
7235 147
7236 103
7237 93
7238 159
7239 141
7240 89
7241 82
7242 71
7243 130
7244 111
7245 147
7246 93
7247 68
7248 122
7249 149
7250 83
7251 70
7252 128
7253 107
7254 115
7255 84
7256 104
7257 123
7258 114
7259 124
7260 71
7261 84
7262 69
7263 142
7264 125
7265 44
7266 118
7267 101
7268 98
7269 104
7270 128
7271 29
7272 107
7273 108
7274 100
7275 94
7276 102
7277 125
7278 70
7279 119
7280 129
7281 114
7282 77
7283 104
7284 173
7285 104
7286 49
7287 102
7288 98
7289 119
7290 177
7291 76
7292 142
7293 112
7294 80
7295 117
7296 124
7297 86
7298 110
7299 148
7300 120
7301 86
7302 107
7303 122
7304 152
7305 93
7306 83
7307 116
7308 93
7309 127
7310 147
7311 90
7312 98
7313 130
7314 147
7315 94
7316 163
7317 82
7318 180
7319 144
7320 99
7321 142
7322 65
7323 109
7324 89
7325 154
7326 104
7327 69
7328 98
7329 100
7330 87
7331 116
7332 146
7333 105
7334 124
7335 78
7336 111
7337 95
7338 32
7339 80
7340 142
7341 111
7342 116
7343 119
7344 56
7345 152
7346 113
7347 98
7348 99
7349 132
7350 88
7351 118
7352 156
7353 80
7354 145
7355 127
7356 155
7357 80
7358 0
7359 128
7360 77
7361 98
7362 112
7363 154
7364 90
7365 120
7366 123
7367 86
7368 114
7369 131
7370 103
7371 117
7372 43
7373 131
7374 66
7375 115
7376 138
7377 45
7378 111
7379 108
7380 169
7381 96
7382 120
7383 83
7384 97
7385 116
7386 67
7387 118
7388 139
7389 77
7390 90
7391 127
7392 123
7393 100
7394 138
7395 104
7396 103
7397 87
7398 124
7399 98
