Vertices: 5800
Edges: 40600
Time: 4,333 ms
Iterations: 40550
Vertex Distance
0 0
1 90
2 192
3 120
4 115
5 176
6 145
7 84
8 182
9 147
10 0
11 145
12 146
13 176
14 121
15 122
16 166
17 139
18 187
19 131
20 131
21 160
22 182
23 150
24 154
25 150
26 157
27 178
28 162
29 120
30 104
31 200
32 125
33 161
34 140
35 144
36 134
37 175
38 166
39 125
40 134
41 168
42 179
43 133
44 137
45 207
46 167
47 169
48 161
49 232
50 207
51 175
52 177
53 162
54 162
55 130
56 132
57 129
58 174
59 175
60 172
61 153
62 158
63 171
64 130
65 167
66 80
67 110
68 140
69 153
70 161
71 183
72 271
73 182
74 121
75 121
76 166
77 112
78 128
79 147
80 176
81 140
82 178
83 165
84 147
85 172
86 160
87 146
88 180
89 120
90 156
91 138
92 194
93 137
94 149
95 151
96 168
97 183
98 176
99 161
100 156
101 135
102 215
103 108
104 120
105 162
106 149
107 115
108 131
109 133
110 207
111 156
112 160
113 182
114 130
115 174
116 134
117 145
118 150
119 184
120 169
121 123
122 128
123 174
124 114
125 177
126 156
127 137
128 153
129 164
130 160
131 175
132 182
133 151
134 161
135 153
136 170
137 120
138 146
139 177
140 183
141 115
142 148
143 161
144 108
145 195
146 154
147 164
148 144
149 259
150 154
151 143
152 150
153 183
154 153
155 153
156 156
157 174
158 166
159 154
160 193
161 145
162 131
163 168
164 167
165 139
166 182
167 172
168 158
169 191
170 90
171 176
172 169
173 143
174 155
175 78
176 177
177 167
178 147
179 160
180 194
181 132
182 154
183 145
184 136
185 174
186 152
187 170
188 152
189 181
190 143
191 146
192 144
193 144
194 138
195 121
196 145
197 0
198 173
199 148
200 165
201 194
202 91
203 171
204 147
205 148
206 207
207 147
208 166
209 173
210 109
211 166
212 182
213 144
214 172
215 143
216 167
217 166
218 141
219 172
220 143
221 168
222 124
223 131
224 145
225 158
226 178
227 147
228 161
229 120
230 106
231 142
232 143
233 160
234 144
235 121
236 174
237 199
238 162
239 193
240 141
241 153
242 129
243 152
244 134
245 206
246 168
247 130
248 181
249 105
250 154
251 151
252 186
253 158
254 169
255 162
256 165
257 194
258 166
259 139
260 163
261 129
262 125
263 182
264 168
265 149
266 143
267 132
268 152
269 113
270 113
271 164
272 216
273 151
274 153
275 165
276 192
277 109
278 171
279 102
280 160
281 119
282 184
283 151
284 145
285 122
286 112
287 161
288 144
289 106
290 110
291 178
292 129
293 146
294 147
295 141
296 163
297 149
298 157
299 165
300 174
301 171
302 140
303 147
304 188
305 108
306 160
307 163
308 134
309 201
310 171
311 173
312 163
313 102
314 181
315 177
316 157
317 138
318 130
319 160
320 182
321 161
322 101
323 183
324 151
325 132
326 155
327 146
328 170
329 130
330 142
331 186
332 148
333 110
334 141
335 179
336 147
337 211
338 108
339 127
340 156
341 162
342 164
343 151
344 138
345 162
346 169
347 123
348 174
349 196
350 159
351 177
352 160
353 150
354 202
355 180
356 157
357 216
358 146
359 116
360 145
361 140
362 165
363 179
364 198
365 168
366 166
367 159
368 140
369 164
370 192
371 154
372 170
373 217
374 167
375 133
376 154
377 152
378 137
379 184
380 137
381 195
382 182
383 163
384 97
385 114
386 155
387 142
388 150
389 137
390 175
391 160
392 165
393 153
394 156
395 198
396 160
397 232
398 177
399 158
400 162
401 179
402 119
403 134
404 150
405 172
406 161
407 132
408 136
409 146
410 135
411 175
412 142
413 137
414 156
415 140
416 163
417 113
418 172
419 198
420 140
421 138
422 224
423 139
424 180
425 115
426 148
427 135
428 134
429 184
430 166
431 144
432 191
433 141
434 141
435 197
436 161
437 128
438 151
439 140
440 194
441 161
442 135
443 182
444 148
445 131
446 168
447 167
448 178
449 194
450 180
451 165
452 138
453 189
454 120
455 159
456 132
457 182
458 182
459 172
460 177
461 144
462 189
463 171
464 189
465 119
466 105
467 141
468 162
469 114
470 184
471 123
472 191
473 119
474 181
475 154
476 162
477 159
478 153
479 135
480 154
481 151
482 206
483 99
484 186
485 166
486 176
487 168
488 137
489 145
490 167
491 141
492 134
493 183
494 157
495 150
496 99
497 139
498 127
499 153
500 163
501 103
502 176
503 86
504 181
505 91
506 82
507 154
508 102
509 128
510 151
511 189
512 163
513 164
514 150
515 197
516 206
517 169
518 169
519 188
520 213
521 121
522 190
523 140
524 145
525 202
526 148
527 141
528 137
529 148
530 170
531 166
532 172
533 150
534 148
535 164
536 201
537 145
538 161
539 139
540 138
541 152
542 163
543 163
544 141
545 154
546 164
547 131
548 186
549 100
550 147
551 169
552 141
553 149
554 162
555 199
556 153
557 147
558 172
559 220
560 156
561 140
562 177
563 145
564 229
565 167
566 157
567 153
568 145
569 151
570 151
571 137
572 144
573 203
574 168
575 136
576 171
577 126
578 148
579 169
580 157
581 170
582 130
583 205
584 152
585 160
586 174
587 184
588 177
589 217
590 146
591 134
592 146
593 164
594 207
595 156
596 117
597 208
598 160
599 133
600 159
601 144
602 204
603 151
604 143
605 205
606 210
607 121
608 86
609 173
610 169
611 173
612 165
613 130
614 252
615 146
616 137
617 144
618 182
619 174
620 158
621 160
622 109
623 224
624 167
625 164
626 155
627 141
628 141
629 141
630 111
631 194
632 134
633 189
634 179
635 166
636 196
637 139
638 169
639 159
640 134
641 140
642 133
643 193
644 177
645 156
646 150
647 107
648 125
649 189
650 147
651 123
652 188
653 146
654 162
655 151
656 147
657 182
658 155
659 143
660 160
661 161
662 185
663 206
664 146
665 157
666 161
667 92
668 156
669 129
670 159
671 142
672 204
673 157
674 144
675 157
676 173
677 193
678 142
679 127
680 157
681 146
682 160
683 148
684 168
685 141
686 150
687 158
688 163
689 133
690 135
691 144
692 187
693 108
694 181
695 145
696 157
697 150
698 147
699 128
700 158
701 180
702 149
703 139
704 191
705 154
706 175
707 148
708 174
709 178
710 112
711 105
712 156
713 158
714 133
715 171
716 144
717 148
718 139
719 176
720 144
721 181
722 185
723 157
724 131
725 178
726 158
727 163
728 139
729 177
730 147
731 159
732 172
733 132
734 155
735 133
736 154
737 169
738 152
739 185
740 126
741 166
742 198
743 216
744 123
745 129
746 129
747 132
748 161
749 164
750 69
751 169
752 171
753 199
754 126
755 162
756 166
757 134
758 153
759 145
760 179
761 115
762 157
763 176
764 167
765 185
766 150
767 139
768 119
769 167
770 134
771 143
772 149
773 168
774 154
775 124
776 167
777 165
778 139
779 171
780 158
781 129
782 133
783 143
784 158
785 175
786 191
787 138
788 167
789 192
790 150
791 189
792 141
793 148
794 127
795 161
796 110
797 126
798 144
799 132
800 148
801 138
802 151
803 170
804 170
805 189
806 160
807 112
808 178
809 115
810 161
811 205
812 193
813 145
814 157
815 142
816 153
817 183
818 188
819 160
820 175
821 167
822 179
823 172
824 125
825 162
826 159
827 173
828 150
829 143
830 133
831 232
832 164
833 161
834 110
835 155
836 142
837 218
838 158
839 153
840 130
841 100
842 137
843 152
844 165
845 176
846 138
847 167
848 172
849 146
850 217
851 121
852 113
853 115
854 158
855 165
856 133
857 166
858 193
859 136
860 149
861 107
862 140
863 189
864 138
865 119
866 195
867 165
868 110
869 175
870 140
871 94
872 180
873 183
874 128
875 145
876 124
877 142
878 187
879 187
880 100
881 145
882 127
883 157
884 138
885 145
886 150
887 0
888 122
889 138
890 181
891 135
892 149
893 155
894 233
895 171
896 182
897 130
898 92
899 149
900 114
901 149
902 227
903 115
904 178
905 156
906 148
907 146
908 226
909 170
910 190
911 161
912 206
913 205
914 131
915 139
916 119
917 163
918 157
919 145
920 134
921 137
922 179
923 176
924 137
925 128
926 118
927 153
928 208
929 91
930 110
931 176
932 185
933 139
934 157
935 171
936 168
937 135
938 159
939 160
940 156
941 161
942 181
943 200
944 160
945 210
946 148
947 194
948 138
949 167
950 159
951 133
952 148
953 114
954 179
955 118
956 149
957 144
958 156
959 150
960 144
961 196
962 94
963 142
964 173
965 161
966 118
967 145
968 148
969 145
970 145
971 186
972 183
973 191
974 171
975 148
976 122
977 145
978 162
979 136
980 103
981 86
982 143
983 151
984 200
985 165
986 108
987 165
988 168
989 151
990 165
991 180
992 135
993 189
994 124
995 199
996 152
997 158
998 163
999 198
1000 152
1001 164
1002 125
1003 164
1004 146
1005 123
1006 127
1007 187
1008 166
1009 135
1010 165
1011 185
1012 143
1013 131
1014 180
1015 134
1016 169
1017 132
1018 122
1019 193
1020 162
1021 149
1022 124
1023 149
1024 191
1025 159
1026 165
1027 159
1028 149
1029 159
1030 138
1031 168
1032 142
1033 125
1034 193
1035 103
1036 170
1037 156
1038 180
1039 193
1040 211
1041 156
1042 157
1043 185
1044 150
1045 180
1046 178
1047 168
1048 187
1049 141
1050 155
1051 159
1052 139
1053 190
1054 158
1055 192
1056 172
1057 152
1058 133
1059 198
1060 141
1061 137
1062 183
1063 158
1064 162
1065 151
1066 173
1067 172
1068 134
1069 143
1070 163
1071 131
1072 152
1073 147
1074 177
1075 157
1076 139
1077 140
1078 137
1079 127
1080 191
1081 184
1082 139
1083 170
1084 153
1085 141
1086 169
1087 174
1088 156
1089 150
1090 129
1091 132
1092 169
1093 206
1094 180
1095 195
1096 179
1097 173
1098 136
1099 107
1100 186
1101 160
1102 171
1103 173
1104 149
1105 130
1106 164
1107 152
1108 172
1109 138
1110 123
1111 147
1112 125
1113 147
1114 190
1115 158
1116 197
1117 158
1118 166
1119 137
1120 139
1121 187
1122 138
1123 185
1124 162
1125 171
1126 148
1127 147
1128 136
1129 152
1130 176
1131 125
1132 143
1133 170
1134 140
1135 152
1136 105
1137 124
1138 153
1139 161
1140 150
1141 166
1142 174
1143 143
1144 86
1145 127
1146 170
1147 208
1148 137
1149 211
1150 245
1151 157
1152 121
1153 172
1154 128
1155 182
1156 135
1157 159
1158 149
1159 174
1160 139
1161 122
1162 153
1163 108
1164 161
1165 149
1166 126
1167 156
1168 165
1169 187
1170 85
1171 115
1172 119
1173 95
1174 173
1175 138
1176 135
1177 146
1178 163
1179 129
1180 149
1181 161
1182 170
1183 155
1184 188
1185 150
1186 163
1187 156
1188 187
1189 169
1190 156
1191 183
1192 174
1193 169
1194 142
1195 142
1196 126
1197 133
1198 199
1199 112
1200 130
1201 163
1202 141
1203 159
1204 142
1205 115
1206 156
1207 164
1208 142
1209 161
1210 171
1211 174
1212 141
1213 154
1214 165
1215 151
1216 118
1217 145
1218 112
1219 158
1220 192
1221 154
1222 157
1223 116
1224 143
1225 163
1226 166
1227 145
1228 121
1229 241
1230 153
1231 104
1232 196
1233 176
1234 175
1235 149
1236 180
1237 142
1238 190
1239 143
1240 184
1241 145
1242 181
1243 180
1244 162
1245 164
1246 172
1247 156
1248 137
1249 132
1250 148
1251 139
1252 180
1253 203
1254 92
1255 121
1256 151
1257 172
1258 114
1259 169
1260 135
1261 166
1262 142
1263 144
1264 172
1265 172
1266 136
1267 175
1268 173
1269 145
1270 138
1271 0
1272 171
1273 144
1274 155
1275 195
1276 173
1277 183
1278 139
1279 173
1280 145
1281 178
1282 166
1283 183
1284 174
1285 186
1286 159
1287 119
1288 134
1289 137
1290 130
1291 195
1292 137
1293 162
1294 183
1295 120
1296 159
1297 140
1298 167
1299 138
1300 147
1301 151
1302 176
1303 164
1304 102
1305 161
1306 190
1307 166
1308 152
1309 195
1310 189
1311 160
1312 189
1313 169
1314 181
1315 140
1316 129
1317 149
1318 158
1319 160
1320 194
1321 176
1322 158
1323 165
1324 182
1325 185
1326 159
1327 127
1328 168
1329 29
1330 172
1331 163
1332 137
1333 162
1334 129
1335 126
1336 172
1337 122
1338 141
1339 142
1340 198
1341 127
1342 177
1343 152
1344 119
1345 127
1346 168
1347 164
1348 148
1349 164
1350 123
1351 180
1352 130
1353 166
1354 129
1355 140
1356 133
1357 148
1358 136
1359 149
1360 170
1361 114
1362 114
1363 173
1364 97
1365 198
1366 166
1367 148
1368 151
1369 154
1370 145
1371 142
1372 177
1373 174
1374 141
1375 204
1376 135
1377 0
1378 155
1379 141
1380 100
1381 165
1382 135
1383 150
1384 135
1385 156
1386 166
1387 164
1388 164
1389 157
1390 148
1391 155
1392 146
1393 140
1394 192
1395 160
1396 212
1397 153
1398 133
1399 168
1400 169
1401 168
1402 162
1403 163
1404 147
1405 189
1406 154
1407 212
1408 156
1409 154
1410 189
1411 180
1412 109
1413 182
1414 165
1415 164
1416 134
1417 93
1418 126
1419 106
1420 170
1421 142
1422 153
1423 154
1424 167
1425 124
1426 143
1427 125
1428 196
1429 172
1430 154
1431 168
1432 148
1433 124
1434 147
1435 161
1436 163
1437 158
1438 113
1439 138
1440 97
1441 157
1442 117
1443 131
1444 166
1445 166
1446 139
1447 214
1448 165
1449 121
1450 172
1451 139
1452 118
1453 147
1454 171
1455 149
1456 152
1457 131
1458 164
1459 136
1460 146
1461 120
1462 158
1463 183
1464 152
1465 212
1466 177
1467 167
1468 177
1469 160
1470 148
1471 152
1472 121
1473 146
1474 109
1475 170
1476 163
1477 171
1478 181
1479 139
1480 142
1481 137
1482 160
1483 172
1484 154
1485 159
1486 143
1487 154
1488 160
1489 125
1490 163
1491 133
1492 150
1493 140
1494 150
1495 206
1496 181
1497 188
1498 167
1499 146
1500 141
1501 133
1502 159
1503 158
1504 254
1505 139
1506 128
1507 171
1508 117
1509 159
1510 169
1511 150
1512 172
1513 141
1514 154
1515 167
1516 128
1517 123
1518 170
1519 165
1520 157
1521 166
1522 166
1523 242
1524 149
1525 150
1526 142
1527 166
1528 145
1529 159
1530 164
1531 178
1532 150
1533 137
1534 265
1535 174
1536 140
1537 202
1538 138
1539 141
1540 139
1541 192
1542 201
1543 162
1544 150
1545 178
1546 141
1547 178
1548 158
1549 152
1550 164
1551 181
1552 175
1553 158
1554 146
1555 145
1556 148
1557 168
1558 176
1559 182
1560 165
1561 143
1562 188
1563 152
1564 152
1565 187
1566 166
1567 182
1568 189
1569 101
1570 209
1571 172
1572 142
1573 166
1574 154
1575 126
1576 150
1577 160
1578 130
1579 176
1580 168
1581 154
1582 155
1583 165
1584 184
1585 133
1586 164
1587 121
1588 193
1589 166
1590 137
1591 176
1592 162
1593 159
1594 174
1595 175
1596 176
1597 204
1598 198
1599 156
1600 163
1601 162
1602 84
1603 144
1604 156
1605 155
1606 178
1607 141
1608 143
1609 164
1610 215
1611 141
1612 273
1613 179
1614 187
1615 141
1616 130
1617 138
1618 154
1619 154
1620 152
1621 151
1622 164
1623 174
1624 131
1625 151
1626 106
1627 189
1628 146
1629 159
1630 160
1631 171
1632 126
1633 135
1634 170
1635 136
1636 194
1637 209
1638 216
1639 169
1640 176
1641 187
1642 168
1643 146
1644 136
1645 159
1646 173
1647 158
1648 125
1649 177
1650 156
1651 138
1652 120
1653 152
1654 173
1655 143
1656 158
1657 180
1658 170
1659 154
1660 155
1661 141
1662 153
1663 158
1664 133
1665 181
1666 170
1667 170
1668 158
1669 145
1670 154
1671 124
1672 187
1673 145
1674 143
1675 213
1676 204
1677 141
1678 146
1679 154
1680 178
1681 154
1682 169
1683 168
1684 149
1685 192
1686 144
1687 144
1688 198
1689 249
1690 168
1691 136
1692 159
1693 187
1694 173
1695 140
1696 171
1697 167
1698 166
1699 154
1700 105
1701 172
1702 142
1703 156
1704 136
1705 157
1706 137
1707 122
1708 150
1709 117
1710 116
1711 174
1712 108
1713 226
1714 159
1715 149
1716 151
1717 152
1718 151
1719 136
1720 161
1721 159
1722 104
1723 126
1724 153
1725 149
1726 130
1727 89
1728 120
1729 192
1730 157
1731 167
1732 120
1733 182
1734 166
1735 148
1736 181
1737 138
1738 143
1739 177
1740 165
1741 141
1742 119
1743 180
1744 165
1745 164
1746 156
1747 160
1748 105
1749 166
1750 190
1751 138
1752 177
1753 134
1754 183
1755 103
1756 169
1757 174
1758 104
1759 98
1760 135
1761 159
1762 141
1763 175
1764 82
1765 158
1766 126
1767 122
1768 175
1769 184
1770 96
1771 204
1772 139
1773 142
1774 168
1775 150
1776 131
1777 131
1778 160
1779 143
1780 135
1781 109
1782 188
1783 172
1784 168
1785 147
1786 153
1787 166
1788 132
1789 139
1790 128
1791 161
1792 160
1793 168
1794 197
1795 153
1796 84
1797 136
1798 126
1799 138
1800 137
1801 139
1802 131
1803 152
1804 119
1805 149
1806 171
1807 151
1808 128
1809 164
1810 157
1811 167
1812 101
1813 138
1814 135
1815 156
1816 167
1817 180
1818 178
1819 180
1820 167
1821 162
1822 158
1823 135
1824 185
1825 205
1826 165
1827 181
1828 188
1829 149
1830 161
1831 152
1832 170
1833 155
1834 154
1835 158
1836 142
1837 159
1838 109
1839 117
1840 127
1841 152
1842 147
1843 176
1844 134
1845 128
1846 161
1847 156
1848 182
1849 140
1850 187
1851 157
1852 144
1853 155
1854 153
1855 177
1856 175
1857 125
1858 176
1859 146
1860 172
1861 165
1862 133
1863 116
1864 160
1865 120
1866 170
1867 182
1868 178
1869 135
1870 152
1871 139
1872 186
1873 189
1874 164
1875 197
1876 202
1877 155
1878 179
1879 154
1880 142
1881 146
1882 137
1883 134
1884 148
1885 146
1886 205
1887 173
1888 174
1889 137
1890 152
1891 156
1892 182
1893 203
1894 199
1895 128
1896 144
1897 167
1898 167
1899 109
1900 149
1901 194
1902 168
1903 146
1904 136
1905 137
1906 192
1907 146
1908 171
1909 154
1910 179
1911 121
1912 205
1913 111
1914 160
1915 159
1916 131
1917 142
1918 129
1919 189
1920 161
1921 125
1922 204
1923 132
1924 161
1925 54
1926 138
1927 172
1928 220
1929 157
1930 173
1931 157
1932 145
1933 148
1934 149
1935 168
1936 151
1937 153
1938 147
1939 151
1940 164
1941 136
1942 156
1943 129
1944 154
1945 141
1946 145
1947 143
1948 147
1949 188
1950 167
1951 156
1952 173
1953 134
1954 128
1955 155
1956 187
1957 160
1958 155
1959 144
1960 158
1961 156
1962 138
1963 135
1964 215
1965 166
1966 178
1967 147
1968 124
1969 144
1970 131
1971 135
1972 156
1973 166
1974 173
1975 178
1976 167
1977 179
1978 151
1979 165
1980 159
1981 116
1982 181
1983 163
1984 197
1985 165
1986 131
1987 136
1988 134
1989 148
1990 145
1991 144
1992 166
1993 174
1994 104
1995 85
1996 157
1997 166
1998 187
1999 107
2000 167
2001 163
2002 131
2003 132
2004 139
2005 105
2006 201
2007 141
2008 139
2009 161
2010 131
2011 156
2012 185
2013 133
2014 146
2015 120
2016 173
2017 165
2018 123
2019 190
2020 156
2021 128
2022 148
2023 158
2024 137
2025 152
2026 169
2027 140
2028 183
2029 151
2030 158
2031 137
2032 166
2033 181
2034 180
2035 117
2036 172
2037 120
2038 203
2039 184
2040 161
2041 192
2042 167
2043 147
2044 131
2045 133
2046 168
2047 128
2048 146
2049 175
2050 165
2051 112
2052 154
2053 158
2054 179
2055 138
2056 122
2057 181
2058 165
2059 189
2060 161
2061 181
2062 183
2063 191
2064 139
2065 203
2066 156
2067 134
2068 168
2069 129
2070 142
2071 159
2072 131
2073 154
2074 131
2075 136
2076 131
2077 193
2078 151
2079 149
2080 239
2081 163
2082 164
2083 186
2084 174
2085 163
2086 177
2087 200
2088 174
2089 118
2090 148
2091 181
2092 206
2093 138
2094 141
2095 175
2096 211
2097 165
2098 185
2099 150
2100 149
2101 116
2102 175
2103 140
2104 142
2105 124
2106 178
2107 170
2108 196
2109 168
2110 104
2111 115
2112 182
2113 160
2114 181
2115 148
2116 156
2117 119
2118 149
2119 153
2120 182
2121 158
2122 159
2123 161
2124 158
2125 146
2126 107
2127 192
2128 159
2129 163
2130 145
2131 146
2132 175
2133 134
2134 140
2135 177
2136 162
2137 147
2138 167
2139 150
2140 156
2141 153
2142 116
2143 139
2144 137
2145 147
2146 147
2147 142
2148 159
2149 147
2150 145
2151 222
2152 140
2153 203
2154 145
2155 177
2156 127
2157 159
2158 129
2159 154
2160 201
2161 180
2162 155
2163 145
2164 180
2165 136
2166 165
2167 157
2168 142
2169 141
2170 244
2171 151
2172 131
2173 165
2174 144
2175 140
2176 178
2177 167
2178 182
2179 111
2180 170
2181 184
2182 161
2183 158
2184 128
2185 158
2186 142
2187 138
2188 156
2189 197
2190 163
2191 171
2192 151
2193 140
2194 155
2195 151
2196 146
2197 157
2198 158
2199 163
2200 179
2201 232
2202 126
2203 153
2204 142
2205 217
2206 139
2207 152
2208 191
2209 122
2210 126
2211 139
2212 120
2213 136
2214 147
2215 136
2216 149
2217 146
2218 177
2219 137
2220 172
2221 129
2222 151
2223 150
2224 167
2225 198
2226 195
2227 159
2228 212
2229 119
2230 164
2231 148
2232 218
2233 151
2234 175
2235 135
2236 126
2237 134
2238 173
2239 172
2240 121
2241 162
2242 167
2243 198
2244 129
2245 175
2246 31
2247 152
2248 190
2249 228
2250 167
2251 141
2252 164
2253 145
2254 115
2255 164
2256 148
2257 113
2258 107
2259 147
2260 175
2261 135
2262 157
2263 151
2264 107
2265 156
2266 190
2267 152
2268 154
2269 141
2270 135
2271 170
2272 185
2273 168
2274 151
2275 137
2276 119
2277 89
2278 132
2279 168
2280 131
2281 228
2282 185
2283 193
2284 162
2285 171
2286 176
2287 181
2288 146
2289 146
2290 142
2291 154
2292 133
2293 139
2294 163
2295 195
2296 178
2297 160
2298 106
2299 152
2300 142
2301 130
2302 144
2303 115
2304 136
2305 176
2306 127
2307 137
2308 182
2309 149
2310 174
2311 115
2312 140
2313 153
2314 176
2315 151
2316 183
2317 147
2318 136
2319 175
2320 148
2321 144
2322 133
2323 118
2324 168
2325 107
2326 151
2327 171
2328 119
2329 108
2330 139
2331 179
2332 96
2333 140
2334 157
2335 180
2336 138
2337 73
2338 194
2339 140
2340 98
2341 128
2342 164
2343 170
2344 175
2345 155
2346 161
2347 153
2348 106
2349 176
2350 166
2351 149
2352 165
2353 140
2354 116
2355 142
2356 143
2357 157
2358 177
2359 187
2360 167
2361 145
2362 131
2363 152
2364 153
2365 160
2366 144
2367 182
2368 160
2369 161
2370 123
2371 213
2372 150
2373 119
2374 120
2375 131
2376 143
2377 160
2378 157
2379 156
2380 178
2381 184
2382 157
2383 155
2384 169
2385 141
2386 169
2387 115
2388 146
2389 168
2390 161
2391 168
2392 151
2393 162
2394 122
2395 186
2396 142
2397 159
2398 107
2399 190
2400 168
2401 152
2402 176
2403 167
2404 175
2405 160
2406 178
2407 185
2408 130
2409 135
2410 165
2411 97
2412 192
2413 161
2414 143
2415 122
2416 146
2417 144
2418 182
2419 161
2420 193
2421 217
2422 155
2423 156
2424 146
2425 169
2426 176
2427 111
2428 140
2429 151
2430 151
2431 155
2432 158
2433 140
2434 140
2435 191
2436 141
2437 182
2438 192
2439 180
2440 161
2441 160
2442 159
2443 178
2444 140
2445 153
2446 183
2447 167
2448 133
2449 163
2450 134
2451 140
2452 159
2453 132
2454 114
2455 148
2456 175
2457 146
2458 220
2459 174
2460 150
2461 94
2462 171
2463 193
2464 158
2465 142
2466 203
2467 187
2468 154
2469 154
2470 125
2471 145
2472 185
2473 178
2474 152
2475 167
2476 92
2477 152
2478 178
2479 155
2480 142
2481 174
2482 119
2483 192
2484 148
2485 121
2486 141
2487 188
2488 238
2489 129
2490 149
2491 134
2492 156
2493 150
2494 161
2495 179
2496 169
2497 87
2498 147
2499 164
2500 134
2501 189
2502 126
2503 128
2504 169
2505 145
2506 154
2507 141
2508 163
2509 144
2510 162
2511 140
2512 163
2513 151
2514 252
2515 154
2516 155
2517 137
2518 108
2519 130
2520 174
2521 148
2522 194
2523 136
2524 133
2525 169
2526 169
2527 163
2528 162
2529 151
2530 119
2531 128
2532 153
2533 154
2534 123
2535 109
2536 143
2537 156
2538 177
2539 181
2540 150
2541 143
2542 148
2543 151
2544 174
2545 144
2546 131
2547 198
2548 130
2549 137
2550 166
2551 132
2552 136
2553 174
2554 178
2555 132
2556 159
2557 148
2558 150
2559 168
2560 136
2561 162
2562 155
2563 101
2564 161
2565 186
2566 167
2567 130
2568 179
2569 172
2570 59
2571 162
2572 166
2573 170
2574 106
2575 210
2576 163
2577 183
2578 162
2579 139
2580 155
2581 160
2582 168
2583 156
2584 123
2585 109
2586 161
2587 141
2588 142
2589 125
2590 141
2591 183
2592 138
2593 114
2594 109
2595 149
2596 186
2597 113
2598 146
2599 195
2600 147
2601 177
2602 169
2603 145
2604 148
2605 162
2606 170
2607 169
2608 117
2609 144
2610 121
2611 170
2612 127
2613 174
2614 181
2615 153
2616 130
2617 129
2618 167
2619 130
2620 121
2621 176
2622 162
2623 159
2624 114
2625 137
2626 135
2627 248
2628 150
2629 145
2630 130
2631 167
2632 150
2633 119
2634 151
2635 98
2636 167
2637 178
2638 165
2639 168
2640 167
2641 149
2642 150
2643 167
2644 129
2645 147
2646 148
2647 147
2648 200
2649 155
2650 185
2651 125
2652 168
2653 175
2654 148
2655 178
2656 122
2657 112
2658 131
2659 100
2660 147
2661 181
2662 165
2663 152
2664 96
2665 154
2666 160
2667 153
2668 127
2669 140
2670 148
2671 146
2672 178
2673 151
2674 161
2675 138
2676 183
2677 152
2678 169
2679 143
2680 123
2681 122
2682 111
2683 195
2684 194
2685 159
2686 138
2687 169
2688 174
2689 163
2690 174
2691 117
2692 114
2693 142
2694 158
2695 171
2696 158
2697 114
2698 182
2699 202
2700 186
2701 125
2702 153
2703 143
2704 170
2705 169
2706 163
2707 135
2708 124
2709 141
2710 176
2711 151
2712 147
2713 165
2714 138
2715 159
2716 145
2717 125
2718 153
2719 172
2720 165
2721 147
2722 185
2723 155
2724 127
2725 164
2726 129
2727 163
2728 96
2729 136
2730 151
2731 195
2732 151
2733 137
2734 142
2735 146
2736 134
2737 158
2738 121
2739 175
2740 162
2741 131
2742 143
2743 172
2744 207
2745 162
2746 137
2747 136
2748 168
2749 152
2750 195
2751 171
2752 140
2753 187
2754 200
2755 133
2756 91
2757 174
2758 120
2759 166
2760 178
2761 136
2762 137
2763 174
2764 109
2765 154
2766 141
2767 167
2768 148
2769 150
2770 159
2771 88
2772 191
2773 137
2774 152
2775 175
2776 125
2777 153
2778 120
2779 152
2780 164
2781 102
2782 133
2783 156
2784 165
2785 192
2786 149
2787 156
2788 155
2789 157
2790 130
2791 156
2792 134
2793 140
2794 151
2795 189
2796 175
2797 143
2798 131
2799 97
2800 140
2801 154
2802 170
2803 146
2804 163
2805 163
2806 138
2807 131
2808 164
2809 164
2810 157
2811 129
2812 152
2813 137
2814 150
2815 155
2816 158
2817 161
2818 131
2819 164
2820 183
2821 179
2822 120
2823 198
2824 134
2825 118
2826 158
2827 118
2828 129
2829 182
2830 182
2831 191
2832 112
2833 220
2834 144
2835 130
2836 164
2837 158
2838 150
2839 140
2840 158
2841 182
2842 173
2843 138
2844 109
2845 142
2846 152
2847 117
2848 161
2849 165
2850 171
2851 142
2852 149
2853 111
2854 180
2855 173
2856 122
2857 92
2858 163
2859 165
2860 125
2861 149
2862 167
2863 139
2864 122
2865 165
2866 139
2867 182
2868 204
2869 163
2870 148
2871 138
2872 174
2873 164
2874 172
2875 191
2876 161
2877 169
2878 100
2879 179
2880 178
2881 144
2882 157
2883 127
2884 226
2885 129
2886 164
2887 161
2888 122
2889 160
2890 128
2891 191
2892 198
2893 154
2894 135
2895 174
2896 180
2897 121
2898 164
2899 129
2900 143
2901 157
2902 148
2903 140
2904 139
2905 170
2906 141
2907 146
2908 145
2909 171
2910 180
2911 147
2912 123
2913 160
2914 166
2915 171
2916 174
2917 129
2918 129
2919 159
2920 170
2921 137
2922 166
2923 161
2924 157
2925 161
2926 170
2927 163
2928 175
2929 185
2930 154
2931 212
2932 141
2933 130
2934 119
2935 153
2936 145
2937 140
2938 167
2939 177
2940 139
2941 161
2942 117
2943 176
2944 144
2945 125
2946 128
2947 96
2948 178
2949 163
2950 161
2951 191
2952 155
2953 165
2954 160
2955 98
2956 106
2957 153
2958 122
2959 236
2960 193
2961 149
2962 170
2963 177
2964 183
2965 158
2966 155
2967 158
2968 162
2969 167
2970 131
2971 136
2972 190
2973 137
2974 131
2975 183
2976 170
2977 179
2978 152
2979 155
2980 191
2981 182
2982 130
2983 165
2984 173
2985 201
2986 174
2987 130
2988 183
2989 139
2990 153
2991 134
2992 109
2993 170
2994 167
2995 157
2996 179
2997 86
2998 193
2999 143
3000 170
3001 141
3002 195
3003 136
3004 172
3005 177
3006 138
3007 129
3008 176
3009 157
3010 193
3011 156
3012 159
3013 149
3014 148
3015 188
3016 219
3017 140
3018 131
3019 147
3020 194
3021 138
3022 125
3023 173
3024 115
3025 156
3026 142
3027 152
3028 151
3029 94
3030 168
3031 227
3032 147
3033 121
3034 193
3035 150
3036 194
3037 149
3038 152
3039 146
3040 135
3041 182
3042 162
3043 169
3044 116
3045 122
3046 183
3047 183
3048 173
3049 150
3050 168
3051 178
3052 192
3053 107
3054 170
3055 175
3056 183
3057 130
3058 131
3059 91
3060 162
3061 138
3062 169
3063 161
3064 191
3065 155
3066 157
3067 172
3068 157
3069 121
3070 150
3071 165
3072 198
3073 125
3074 124
3075 166
3076 177
3077 119
3078 164
3079 128
3080 180
3081 168
3082 185
3083 208
3084 158
3085 169
3086 158
3087 159
3088 141
3089 173
3090 167
3091 124
3092 158
3093 186
3094 179
3095 133
3096 154
3097 149
3098 131
3099 165
3100 142
3101 170
3102 142
3103 165
3104 204
3105 103
3106 179
3107 107
3108 149
3109 189
3110 128
3111 124
3112 146
3113 166
3114 166
3115 125
3116 162
3117 165
3118 177
3119 167
3120 185
3121 154
3122 73
3123 147
3124 173
3125 93
3126 140
3127 138
3128 171
3129 139
3130 141
3131 155
3132 149
3133 125
3134 130
3135 122
3136 160
3137 162
3138 147
3139 149
3140 174
3141 148
3142 177
3143 122
3144 136
3145 193
3146 175
3147 160
3148 184
3149 141
3150 185
3151 166
3152 174
3153 103
3154 135
3155 148
3156 173
3157 149
3158 156
3159 150
3160 146
3161 124
3162 150
3163 171
3164 172
3165 169
3166 121
3167 183
3168 142
3169 136
3170 131
3171 163
3172 185
3173 205
3174 152
3175 156
3176 165
3177 138
3178 106
3179 98
3180 177
3181 170
3182 179
3183 177
3184 140
3185 111
3186 145
3187 131
3188 202
3189 136
3190 185
3191 159
3192 187
3193 131
3194 0
3195 137
3196 179
3197 157
3198 172
3199 177
3200 127
3201 152
3202 146
3203 155
3204 171
3205 124
3206 192
3207 179
3208 147
3209 149
3210 146
3211 167
3212 183
3213 159
3214 153
3215 156
3216 149
3217 134
3218 160
3219 174
3220 197
3221 128
3222 136
3223 150
3224 166
3225 150
3226 170
3227 125
3228 123
3229 152
3230 149
3231 142
3232 200
3233 139
3234 130
3235 177
3236 185
3237 191
3238 144
3239 194
3240 166
3241 145
3242 157
3243 175
3244 153
3245 141
3246 159
3247 169
3248 118
3249 181
3250 109
3251 152
3252 173
3253 158
3254 143
3255 151
3256 143
3257 129
3258 136
3259 145
3260 116
3261 125
3262 179
3263 142
3264 125
3265 164
3266 146
3267 161
3268 154
3269 148
3270 139
3271 166
3272 113
3273 170
3274 170
3275 108
3276 166
3277 127
3278 155
3279 176
3280 159
3281 146
3282 185
3283 121
3284 166
3285 181
3286 147
3287 177
3288 164
3289 138
3290 179
3291 147
3292 186
3293 165
3294 184
3295 114
3296 158
3297 192
3298 181
3299 124
3300 154
3301 153
3302 174
3303 150
3304 173
3305 183
3306 198
3307 86
3308 173
3309 142
3310 144
3311 158
3312 167
3313 123
3314 96
3315 139
3316 145
3317 130
3318 163
3319 152
3320 153
3321 194
3322 185
3323 176
3324 112
3325 174
3326 95
3327 166
3328 154
3329 136
3330 115
3331 162
3332 144
3333 128
3334 139
3335 154
3336 92
3337 199
3338 180
3339 212
3340 172
3341 151
3342 142
3343 172
3344 167
3345 183
3346 156
3347 96
3348 174
3349 146
3350 143
3351 166
3352 135
3353 137
3354 148
3355 119
3356 142
3357 111
3358 147
3359 162
3360 165
3361 185
3362 153
3363 171
3364 143
3365 171
3366 167
3367 149
3368 123
3369 145
3370 210
3371 133
3372 148
3373 180
3374 203
3375 154
3376 151
3377 141
3378 134
3379 156
3380 207
3381 128
3382 93
3383 132
3384 145
3385 161
3386 174
3387 200
3388 199
3389 184
3390 134
3391 143
3392 151
3393 168
3394 133
3395 165
3396 123
3397 200
3398 118
3399 86
3400 155
3401 156
3402 179
3403 134
3404 155
3405 164
3406 160
3407 156
3408 149
3409 186
3410 153
3411 129
3412 142
3413 136
3414 134
3415 149
3416 132
3417 143
3418 184
3419 162
3420 166
3421 95
3422 232
3423 133
3424 193
3425 133
3426 147
3427 155
3428 172
3429 157
3430 188
3431 153
3432 137
3433 156
3434 182
3435 169
3436 154
3437 132
3438 172
3439 164
3440 161
3441 175
3442 126
3443 115
3444 145
3445 152
3446 123
3447 152
3448 134
3449 154
3450 162
3451 191
3452 180
3453 174
3454 113
3455 166
3456 174
3457 156
3458 205
3459 141
3460 119
3461 144
3462 151
3463 156
3464 109
3465 172
3466 178
3467 163
3468 145
3469 163
3470 188
3471 134
3472 150
3473 189
3474 160
3475 176
3476 143
3477 152
3478 156
3479 125
3480 135
3481 220
3482 176
3483 154
3484 132
3485 160
3486 157
3487 143
3488 173
3489 125
3490 165
3491 150
3492 136
3493 145
3494 168
3495 164
3496 159
3497 156
3498 177
3499 128
3500 130
3501 170
3502 137
3503 128
3504 129
3505 138
3506 154
3507 113
3508 168
3509 151
3510 163
3511 112
3512 168
3513 151
3514 140
3515 155
3516 174
3517 140
3518 188
3519 165
3520 138
3521 153
3522 204
3523 173
3524 143
3525 144
3526 141
3527 153
3528 89
3529 163
3530 197
3531 150
3532 170
3533 129
3534 118
3535 103
3536 141
3537 201
3538 113
3539 116
3540 132
3541 150
3542 129
3543 197
3544 146
3545 144
3546 165
3547 110
3548 187
3549 172
3550 143
3551 157
3552 179
3553 167
3554 144
3555 175
3556 128
3557 157
3558 127
3559 128
3560 141
3561 109
3562 213
3563 147
3564 146
3565 165
3566 118
3567 160
3568 174
3569 171
3570 150
3571 173
3572 147
3573 168
3574 142
3575 141
3576 204
3577 164
3578 145
3579 160
3580 161
3581 182
3582 160
3583 195
3584 139
3585 149
3586 157
3587 147
3588 176
3589 159
3590 155
3591 153
3592 143
3593 140
3594 142
3595 159
3596 165
3597 164
3598 151
3599 229
3600 165
3601 114
3602 143
3603 191
3604 129
3605 114
3606 177
3607 144
3608 161
3609 135
3610 158
3611 161
3612 133
3613 177
3614 173
3615 162
3616 151
3617 140
3618 154
3619 138
3620 134
3621 156
3622 129
3623 155
3624 154
3625 183
3626 145
3627 114
3628 172
3629 202
3630 159
3631 206
3632 132
3633 150
3634 146
3635 167
3636 159
3637 210
3638 154
3639 141
3640 152
3641 162
3642 159
3643 193
3644 176
3645 153
3646 163
3647 183
3648 159
3649 167
3650 216
3651 222
3652 149
3653 185
3654 146
3655 183
3656 192
3657 184
3658 173
3659 173
3660 171
3661 172
3662 163
3663 164
3664 190
3665 163
3666 185
3667 158
3668 117
3669 127
3670 70
3671 163
3672 147
3673 163
3674 180
3675 120
3676 159
3677 118
3678 215
3679 109
3680 145
3681 179
3682 162
3683 162
3684 162
3685 140
3686 167
3687 171
3688 160
3689 140
3690 125
3691 142
3692 141
3693 166
3694 143
3695 144
3696 148
3697 109
3698 181
3699 128
3700 123
3701 198
3702 148
3703 187
3704 180
3705 144
3706 183
3707 122
3708 187
3709 213
3710 187
3711 133
3712 174
3713 138
3714 136
3715 174
3716 135
3717 160
3718 201
3719 184
3720 166
3721 225
3722 155
3723 191
3724 182
3725 162
3726 137
3727 149
3728 159
3729 169
3730 110
3731 176
3732 181
3733 160
3734 149
3735 123
3736 126
3737 147
3738 161
3739 104
3740 168
3741 148
3742 150
3743 116
3744 212
3745 172
3746 140
3747 177
3748 128
3749 169
3750 197
3751 168
3752 148
3753 165
3754 165
3755 132
3756 188
3757 167
3758 204
3759 82
3760 161
3761 138
3762 170
3763 142
3764 171
3765 162
3766 239
3767 148
3768 163
3769 173
3770 161
3771 146
3772 158
3773 122
3774 168
3775 144
3776 180
3777 148
3778 89
3779 143
3780 183
3781 75
3782 143
3783 171
3784 110
3785 176
3786 165
3787 137
3788 146
3789 154
3790 171
3791 164
3792 138
3793 149
3794 166
3795 102
3796 119
3797 124
3798 142
3799 174
3800 165
3801 122
3802 118
3803 155
3804 224
3805 156
3806 144
3807 144
3808 136
3809 156
3810 199
3811 193
3812 163
3813 147
3814 164
3815 139
3816 171
3817 156
3818 117
3819 133
3820 153
3821 197
3822 167
3823 165
3824 154
3825 176
3826 211
3827 151
3828 175
3829 181
3830 173
3831 186
3832 138
3833 159
3834 176
3835 186
3836 123
3837 143
3838 179
3839 192
3840 115
3841 150
3842 163
3843 154
3844 189
3845 209
3846 126
3847 156
3848 172
3849 55
3850 161
3851 157
3852 176
3853 145
3854 162
3855 190
3856 144
3857 120
3858 120
3859 167
3860 221
3861 98
3862 146
3863 136
3864 142
3865 148
3866 135
3867 132
3868 175
3869 216
3870 175
3871 155
3872 162
3873 153
3874 83
3875 140
3876 157
3877 172
3878 94
3879 177
3880 180
3881 141
3882 155
3883 132
3884 180
3885 173
3886 134
3887 154
3888 133
3889 135
3890 174
3891 159
3892 111
3893 153
3894 140
3895 103
3896 183
3897 168
3898 159
3899 175
3900 153
3901 149
3902 167
3903 169
3904 152
3905 137
3906 178
3907 155
3908 195
3909 121
3910 152
3911 178
3912 214
3913 149
3914 147
3915 140
3916 179
3917 192
3918 148
3919 162
3920 126
3921 138
3922 136
3923 150
3924 165
3925 165
3926 158
3927 156
3928 145
3929 128
3930 183
3931 166
3932 162
3933 91
3934 173
3935 150
3936 128
3937 96
3938 173
3939 165
3940 158
3941 201
3942 176
3943 163
3944 136
3945 190
3946 150
3947 152
3948 152
3949 141
3950 156
3951 142
3952 177
3953 159
3954 177
3955 204
3956 171
3957 131
3958 144
3959 166
3960 160
3961 150
3962 134
3963 110
3964 141
3965 217
3966 181
3967 158
3968 189
3969 181
3970 130
3971 219
3972 146
3973 119
3974 148
3975 110
3976 194
3977 157
3978 141
3979 180
3980 140
3981 170
3982 173
3983 143
3984 110
3985 129
3986 130
3987 166
3988 165
3989 178
3990 149
3991 101
3992 168
3993 164
3994 143
3995 143
3996 134
3997 122
3998 155
3999 134
4000 177
4001 162
4002 137
4003 125
4004 111
4005 156
4006 208
4007 153
4008 143
4009 142
4010 193
4011 137
4012 166
4013 161
4014 200
4015 167
4016 80
4017 165
4018 150
4019 182
4020 236
4021 176
4022 136
4023 146
4024 166
4025 170
4026 150
4027 131
4028 180
4029 204
4030 145
4031 116
4032 165
4033 133
4034 148
4035 182
4036 152
4037 136
4038 99
4039 122
4040 166
4041 170
4042 126
4043 132
4044 162
4045 204
4046 165
4047 29
4048 160
4049 214
4050 138
4051 177
4052 168
4053 142
4054 158
4055 164
4056 151
4057 172
4058 113
4059 206
4060 131
4061 140
4062 134
4063 209
4064 159
4065 111
4066 190
4067 205
4068 119
4069 202
4070 163
4071 152
4072 174
4073 147
4074 173
4075 157
4076 153
4077 161
4078 210
4079 186
4080 157
4081 167
4082 167
4083 158
4084 159
4085 143
4086 178
4087 160
4088 214
4089 181
4090 172
4091 142
4092 147
4093 132
4094 168
4095 163
4096 180
4097 167
4098 145
4099 131
4100 168
4101 134
4102 152
4103 146
4104 161
4105 118
4106 137
4107 122
4108 148
4109 150
4110 129
4111 57
4112 111
4113 148
4114 159
4115 146
4116 96
4117 186
4118 124
4119 125
4120 152
4121 171
4122 178
4123 163
4124 124
4125 149
4126 153
4127 176
4128 176
4129 165
4130 151
4131 111
4132 109
4133 181
4134 172
4135 184
4136 138
4137 187
4138 169
4139 136
4140 131
4141 153
4142 156
4143 158
4144 134
4145 158
4146 180
4147 200
4148 178
4149 162
4150 166
4151 175
4152 170
4153 161
4154 158
4155 142
4156 211
4157 175
4158 132
4159 171
4160 147
4161 132
4162 139
4163 126
4164 149
4165 165
4166 146
4167 149
4168 174
4169 129
4170 143
4171 122
4172 163
4173 188
4174 132
4175 128
4176 179
4177 127
4178 144
4179 203
4180 116
4181 219
4182 150
4183 153
4184 155
4185 116
4186 213
4187 165
4188 161
4189 166
4190 149
4191 151
4192 142
4193 167
4194 163
4195 158
4196 169
4197 151
4198 172
4199 154
4200 157
4201 167
4202 114
4203 135
4204 164
4205 166
4206 71
4207 196
4208 153
4209 211
4210 156
4211 132
4212 152
4213 186
4214 149
4215 146
4216 98
4217 166
4218 109
4219 161
4220 189
4221 164
4222 159
4223 182
4224 184
4225 110
4226 157
4227 134
4228 170
4229 160
4230 148
4231 152
4232 198
4233 159
4234 95
4235 197
4236 134
4237 126
4238 137
4239 172
4240 114
4241 137
4242 166
4243 153
4244 173
4245 142
4246 161
4247 163
4248 152
4249 195
4250 162
4251 91
4252 192
4253 169
4254 142
4255 172
4256 152
4257 119
4258 156
4259 165
4260 115
4261 137
4262 169
4263 156
4264 89
4265 148
4266 154
4267 244
4268 135
4269 128
4270 148
4271 176
4272 192
4273 111
4274 151
4275 141
4276 124
4277 164
4278 160
4279 163
4280 134
4281 161
4282 182
4283 184
4284 145
4285 211
4286 160
4287 160
4288 164
4289 157
4290 134
4291 175
4292 116
4293 172
4294 147
4295 173
4296 133
4297 175
4298 135
4299 141
4300 176
4301 153
4302 149
4303 188
4304 199
4305 154
4306 131
4307 174
4308 168
4309 155
4310 184
4311 109
4312 174
4313 195
4314 161
4315 186
4316 170
4317 160
4318 169
4319 164
4320 148
4321 140
4322 147
4323 126
4324 158
4325 177
4326 153
4327 149
4328 144
4329 131
4330 187
4331 130
4332 184
4333 129
4334 145
4335 157
4336 114
4337 171
4338 128
4339 164
4340 154
4341 123
4342 147
4343 145
4344 213
4345 126
4346 155
4347 166
4348 139
4349 156
4350 192
4351 148
4352 175
4353 198
4354 158
4355 170
4356 161
4357 152
4358 141
4359 114
4360 170
4361 161
4362 178
4363 219
4364 164
4365 168
4366 133
4367 142
4368 109
4369 203
4370 164
4371 133
4372 162
4373 156
4374 110
4375 120
4376 140
4377 150
4378 150
4379 134
4380 69
4381 181
4382 238
4383 145
4384 135
4385 150
4386 202
4387 179
4388 176
4389 140
4390 147
4391 162
4392 179
4393 116
4394 161
4395 124
4396 149
4397 159
4398 87
4399 137
4400 149
4401 106
4402 99
4403 145
4404 156
4405 174
4406 135
4407 154
4408 149
4409 168
4410 147
4411 164
4412 169
4413 185
4414 163
4415 155
4416 159
4417 148
4418 182
4419 158
4420 153
4421 148
4422 139
4423 182
4424 155
4425 163
4426 199
4427 142
4428 145
4429 165
4430 106
4431 158
4432 135
4433 154
4434 135
4435 163
4436 142
4437 113
4438 173
4439 137
4440 145
4441 191
4442 152
4443 138
4444 165
4445 155
4446 154
4447 167
4448 189
4449 153
4450 155
4451 175
4452 177
4453 168
4454 159
4455 203
4456 142
4457 156
4458 187
4459 158
4460 173
4461 184
4462 136
4463 99
4464 125
4465 167
4466 174
4467 173
4468 164
4469 182
4470 169
4471 170
4472 145
4473 152
4474 161
4475 162
4476 226
4477 151
4478 160
4479 159
4480 143
4481 139
4482 138
4483 129
4484 180
4485 136
4486 157
4487 181
4488 146
4489 107
4490 153
4491 157
4492 146
4493 132
4494 144
4495 169
4496 139
4497 139
4498 124
4499 170
4500 160
4501 199
4502 122
4503 132
4504 226
4505 123
4506 278
4507 138
4508 190
4509 175
4510 107
4511 182
4512 196
4513 125
4514 173
4515 183
4516 175
4517 171
4518 96
4519 142
4520 157
4521 89
4522 122
4523 160
4524 133
4525 120
4526 175
4527 137
4528 147
4529 186
4530 138
4531 218
4532 159
4533 112
4534 141
4535 174
4536 133
4537 141
4538 211
4539 149
4540 149
4541 108
4542 140
4543 143
4544 135
4545 185
4546 148
4547 153
4548 155
4549 182
4550 120
4551 123
4552 105
4553 167
4554 170
4555 163
4556 167
4557 148
4558 188
4559 153
4560 153
4561 143
4562 173
4563 147
4564 141
4565 139
4566 173
4567 147
4568 177
4569 194
4570 169
4571 187
4572 159
4573 125
4574 99
4575 173
4576 145
4577 104
4578 137
4579 178
4580 171
4581 170
4582 149
4583 118
4584 181
4585 113
4586 215
4587 145
4588 191
4589 163
4590 209
4591 160
4592 129
4593 117
4594 172
4595 174
4596 188
4597 159
4598 135
4599 191
4600 176
4601 145
4602 117
4603 130
4604 197
4605 191
4606 152
4607 172
4608 105
4609 104
4610 166
4611 165
4612 156
4613 130
4614 202
4615 194
4616 176
4617 181
4618 138
4619 163
4620 151
4621 170
4622 133
4623 164
4624 135
4625 188
4626 142
4627 151
4628 94
4629 145
4630 195
4631 147
4632 147
4633 120
4634 199
4635 171
4636 183
4637 171
4638 146
4639 166
4640 159
4641 155
4642 151
4643 146
4644 161
4645 144
4646 132
4647 187
4648 116
4649 54
4650 111
4651 150
4652 182
4653 163
4654 139
4655 176
4656 116
4657 162
4658 110
4659 148
4660 177
4661 120
4662 180
4663 147
4664 187
4665 167
4666 158
4667 156
4668 166
4669 186
4670 158
4671 150
4672 163
4673 190
4674 131
4675 182
4676 189
4677 164
4678 149
4679 153
4680 183
4681 216
4682 122
4683 172
4684 181
4685 147
4686 178
4687 161
4688 73
4689 178
4690 159
4691 205
4692 140
4693 162
4694 126
4695 147
4696 40
4697 221
4698 118
4699 150
4700 155
4701 95
4702 113
4703 150
4704 166
4705 143
4706 160
4707 117
4708 155
4709 88
4710 145
4711 156
4712 185
4713 135
4714 135
4715 190
4716 192
4717 203
4718 132
4719 141
4720 111
4721 204
4722 171
4723 120
4724 141
4725 183
4726 145
4727 111
4728 151
4729 162
4730 175
4731 131
4732 162
4733 200
4734 165
4735 162
4736 240
4737 204
4738 163
4739 106
4740 182
4741 123
4742 139
4743 174
4744 172
4745 155
4746 171
4747 156
4748 111
4749 104
4750 175
4751 211
4752 151
4753 84
4754 180
4755 140
4756 164
4757 170
4758 170
4759 205
4760 148
4761 167
4762 147
4763 165
4764 135
4765 167
4766 148
4767 167
4768 152
4769 142
4770 88
4771 146
4772 140
4773 166
4774 218
4775 165
4776 142
4777 141
4778 152
4779 147
4780 148
4781 156
4782 153
4783 159
4784 153
4785 155
4786 194
4787 178
4788 124
4789 156
4790 143
4791 138
4792 134
4793 184
4794 174
4795 144
4796 204
4797 175
4798 144
4799 168
4800 145
4801 200
4802 119
4803 143
4804 123
4805 196
4806 125
4807 130
4808 176
4809 147
4810 154
4811 149
4812 168
4813 194
4814 95
4815 128
4816 131
4817 159
4818 180
4819 213
4820 153
4821 153
4822 144
4823 214
4824 146
4825 173
4826 164
4827 152
4828 184
4829 161
4830 166
4831 148
4832 63
4833 164
4834 133
4835 149
4836 177
4837 206
4838 136
4839 140
4840 116
4841 163
4842 129
4843 124
4844 100
4845 138
4846 138
4847 167
4848 134
4849 183
4850 152
4851 157
4852 206
4853 176
4854 139
4855 162
4856 178
4857 117
4858 126
4859 153
4860 164
4861 159
4862 159
4863 124
4864 148
4865 160
4866 173
4867 186
4868 119
4869 164
4870 174
4871 129
4872 193
4873 155
4874 136
4875 149
4876 172
4877 156
4878 142
4879 138
4880 168
4881 188
4882 172
4883 143
4884 138
4885 170
4886 134
4887 147
4888 194
4889 169
4890 134
4891 163
4892 168
4893 148
4894 153
4895 154
4896 138
4897 127
4898 126
4899 93
4900 149
4901 154
4902 174
4903 188
4904 149
4905 161
4906 177
4907 62
4908 127
4909 138
4910 149
4911 161
4912 212
4913 194
4914 167
4915 166
4916 169
4917 181
4918 146
4919 170
4920 156
4921 157
4922 128
4923 204
4924 164
4925 153
4926 176
4927 105
4928 157
4929 152
4930 146
4931 201
4932 154
4933 150
4934 140
4935 194
4936 185
4937 165
4938 133
4939 169
4940 143
4941 122
4942 145
4943 152
4944 133
4945 192
4946 134
4947 90
4948 123
4949 143
4950 143
4951 174
4952 200
4953 136
4954 182
4955 190
4956 154
4957 152
4958 155
4959 167
4960 158
4961 163
4962 129
4963 175
4964 138
4965 120
4966 206
4967 181
4968 186
4969 123
4970 170
4971 166
4972 156
4973 196
4974 165
4975 113
4976 175
4977 150
4978 229
4979 133
4980 178
4981 163
4982 185
4983 162
4984 130
4985 161
4986 176
4987 163
4988 143
4989 143
4990 143
4991 120
4992 159
4993 196
4994 67
4995 160
4996 136
4997 140
4998 159
4999 157
5000 190
5001 160
5002 161
5003 161
5004 141
5005 157
5006 159
5007 125
5008 139
5009 145
5010 183
5011 135
5012 144
5013 181
5014 152
5015 142
5016 149
5017 173
5018 146
5019 151
5020 178
5021 165
5022 222
5023 171
5024 175
5025 122
5026 211
5027 134
5028 129
5029 194
5030 110
5031 102
5032 175
5033 166
5034 156
5035 166
5036 136
5037 193
5038 117
5039 171
5040 142
5041 162
5042 122
5043 144
5044 140
5045 157
5046 144
5047 162
5048 118
5049 170
5050 158
5051 195
5052 115
5053 177
5054 190
5055 112
5056 141
5057 127
5058 147
5059 144
5060 146
5061 181
5062 136
5063 156
5064 158
5065 162
5066 188
5067 133
5068 115
5069 118
5070 174
5071 153
5072 126
5073 192
5074 144
5075 165
5076 182
5077 176
5078 124
5079 152
5080 145
5081 151
5082 172
5083 169
5084 157
5085 159
5086 153
5087 128
5088 170
5089 210
5090 174
5091 170
5092 170
5093 141
5094 167
5095 203
5096 173
5097 119
5098 162
5099 160
5100 153
5101 145
5102 164
5103 148
5104 206
5105 168
5106 129
5107 203
5108 157
5109 152
5110 155
5111 147
5112 224
5113 147
5114 126
5115 113
5116 161
5117 144
5118 130
5119 164
5120 211
5121 148
5122 130
5123 146
5124 212
5125 137
5126 142
5127 159
5128 141
5129 149
5130 165
5131 142
5132 159
5133 167
5134 139
5135 171
5136 105
5137 158
5138 149
5139 126
5140 143
5141 158
5142 148
5143 149
5144 158
5145 141
5146 140
5147 169
5148 182
5149 138
5150 176
5151 154
5152 112
5153 191
5154 168
5155 157
5156 74
5157 118
5158 182
5159 137
5160 163
5161 175
5162 161
5163 171
5164 144
5165 163
5166 173
5167 130
5168 163
5169 138
5170 138
5171 182
5172 150
5173 141
5174 154
5175 149
5176 143
5177 151
5178 131
5179 177
5180 157
5181 150
5182 140
5183 169
5184 196
5185 178
5186 174
5187 154
5188 173
5189 134
5190 154
5191 153
5192 124
5193 198
5194 177
5195 151
5196 172
5197 180
5198 111
5199 152
5200 156
5201 158
5202 151
5203 148
5204 132
5205 167
5206 185
5207 184
5208 130
5209 143
5210 126
5211 146
5212 138
5213 126
5214 193
5215 143
5216 158
5217 154
5218 160
5219 145
5220 145
5221 144
5222 149
5223 158
5224 172
5225 160
5226 171
5227 167
5228 166
5229 165
5230 176
5231 132
5232 142
5233 151
5234 188
5235 160
5236 167
5237 144
5238 150
5239 128
5240 169
5241 164
5242 169
5243 128
5244 194
5245 158
5246 127
5247 172
5248 151
5249 173
5250 152
5251 187
5252 129
5253 138
5254 104
5255 94
5256 181
5257 191
5258 145
5259 138
5260 126
5261 135
5262 164
5263 156
5264 136
5265 125
5266 184
5267 161
5268 161
5269 157
5270 207
5271 166
5272 173
5273 157
5274 167
5275 148
5276 144
5277 168
5278 116
5279 186
5280 147
5281 233
5282 106
5283 156
5284 207
5285 126
5286 117
5287 130
5288 160
5289 180
5290 164
5291 152
5292 129
5293 144
5294 148
5295 163
5296 152
5297 183
5298 171
5299 119
5300 158
5301 188
5302 124
5303 168
5304 122
5305 136
5306 149
5307 64
5308 154
5309 151
5310 150
5311 150
5312 122
5313 130
5314 148
5315 159
5316 119
5317 170
5318 136
5319 145
5320 150
5321 159
5322 141
5323 162
5324 147
5325 135
5326 140
5327 167
5328 117
5329 143
5330 123
5331 138
5332 109
5333 110
5334 183
5335 194
5336 211
5337 170
5338 133
5339 149
5340 152
5341 148
5342 124
5343 178
5344 113
5345 131
5346 130
5347 167
5348 136
5349 161
5350 154
5351 112
5352 127
5353 121
5354 197
5355 198
5356 67
5357 197
5358 183
5359 132
5360 133
5361 154
5362 143
5363 167
5364 136
5365 150
5366 120
5367 160
5368 189
5369 161
5370 138
5371 174
5372 151
5373 171
5374 176
5375 172
5376 139
5377 166
5378 190
5379 112
5380 137
5381 122
5382 152
5383 148
5384 170
5385 151
5386 209
5387 188
5388 121
5389 128
5390 217
5391 152
5392 132
5393 149
5394 156
5395 125
5396 138
5397 210
5398 210
5399 171
5400 185
5401 165
5402 129
5403 182
5404 157
5405 159
5406 175
5407 161
5408 186
5409 147
5410 161
5411 129
5412 176
5413 169
5414 155
5415 97
5416 155
5417 170
5418 208
5419 197
5420 146
5421 157
5422 129
5423 137
5424 154
5425 98
5426 183
5427 165
5428 139
5429 168
5430 162
5431 178
5432 160
5433 191
5434 189
5435 153
5436 122
5437 135
5438 131
5439 124
5440 179
5441 228
5442 184
5443 127
5444 122
5445 140
5446 199
5447 166
5448 148
5449 112
5450 190
5451 136
5452 117
5453 126
5454 165
5455 132
5456 115
5457 176
5458 172
5459 165
5460 177
5461 163
5462 142
5463 146
5464 162
5465 164
5466 143
5467 147
5468 175
5469 110
5470 135
5471 108
5472 118
5473 162
5474 150
5475 135
5476 157
5477 140
5478 191
5479 128
5480 168
5481 152
5482 151
5483 173
5484 133
5485 168
5486 168
5487 132
5488 144
5489 170
5490 147
5491 131
5492 154
5493 157
5494 160
5495 205
5496 166
5497 152
5498 158
5499 178
5500 172
5501 126
5502 123
5503 45
5504 228
5505 195
5506 168
5507 167
5508 132
5509 178
5510 126
5511 156
5512 128
5513 178
5514 134
5515 162
5516 131
5517 118
5518 160
5519 158
5520 122
5521 152
5522 142
5523 152
5524 0
5525 150
5526 170
5527 150
5528 182
5529 200
5530 152
5531 131
5532 147
5533 197
5534 84
5535 171
5536 145
5537 142
5538 151
5539 146
5540 247
5541 208
5542 168
5543 153
5544 153
5545 214
5546 167
5547 194
5548 156
5549 147
5550 179
5551 115
5552 149
5553 137
5554 173
5555 158
5556 178
5557 155
5558 134
5559 157
5560 157
5561 143
5562 203
5563 186
5564 189
5565 95
5566 149
5567 173
5568 165
5569 179
5570 88
5571 155
5572 119
5573 114
5574 145
5575 99
5576 197
5577 123
5578 132
5579 183
5580 138
5581 186
5582 124
5583 185
5584 174
5585 154
5586 161
5587 140
5588 129
5589 168
5590 152
5591 191
5592 171
5593 176
5594 172
5595 116
5596 181
5597 203
5598 161
5599 141
5600 136
5601 159
5602 159
5603 153
5604 181
5605 135
5606 138
5607 118
5608 162
5609 143
5610 180
5611 158
5612 165
5613 147
5614 180
5615 191
5616 172
5617 147
5618 206
5619 157
5620 148
5621 174
5622 141
5623 153
5624 144
5625 144
5626 169
5627 145
5628 182
5629 108
5630 153
5631 200
5632 125
5633 149
5634 177
5635 170
5636 148
5637 165
5638 157
5639 160
5640 171
5641 189
5642 174
5643 150
5644 179
5645 126
5646 164
5647 117
5648 147
5649 172
5650 118
5651 137
5652 123
5653 157
5654 204
5655 137
5656 157
5657 170
5658 150
5659 174
5660 142
5661 183
5662 154
5663 128
5664 162
5665 124
5666 163
5667 132
5668 153
5669 162
5670 155
5671 172
5672 146
5673 147
5674 188
5675 191
5676 158
5677 148
5678 203
5679 197
5680 122
5681 173
5682 141
5683 150
5684 144
5685 182
5686 145
5687 201
5688 99
5689 156
5690 159
5691 147
5692 184
5693 122
5694 166
5695 152
5696 127
5697 159
5698 166
5699 176
5700 137
5701 138
5702 184
5703 170
5704 143
5705 128
5706 156
5707 179
5708 202
5709 108
5710 116
5711 141
5712 169
5713 131
5714 132
5715 162
5716 166
5717 182
5718 94
5719 174
5720 166
5721 142
5722 192
5723 183
5724 179
5725 188
5726 205
5727 158
5728 127
5729 173
5730 155
5731 148
5732 157
5733 216
5734 163
5735 132
5736 169
5737 190
5738 186
5739 165
5740 175
5741 162
5742 190
5743 157
5744 147
5745 195
5746 167
5747 185
5748 188
5749 185
5750 152
5751 185
5752 198
5753 110
5754 147
5755 148
5756 150
5757 126
5758 167
5759 175
5760 100
5761 169
5762 157
5763 146
5764 130
5765 153
5766 145
5767 158
5768 202
5769 114
5770 180
5771 181
5772 171
5773 124
5774 185
5775 155
5776 164
5777 173
5778 160
5779 171
5780 146
5781 138
5782 117
5783 128
5784 159
5785 175
5786 200
5787 155
5788 131
5789 157
5790 165
5791 204
5792 152
5793 172
5794 205
5795 124
5796 172
5797 160
5798 181
5799 132
