Vertices: 7600
Edges: 53200
Time: 3,752 ms
Iterations: 53158
Vertex Distance
0 0
1 126
2 177
3 104
4 144
5 108
6 99
7 134
8 118
9 156
10 94
11 98
12 165
13 153
14 148
15 178
16 127
17 178
18 134
19 142
20 110
21 133
22 117
23 144
24 140
25 110
26 85
27 169
28 93
29 123
30 134
31 118
32 113
33 117
34 122
35 109
36 146
37 164
38 113
39 195
40 107
41 124
42 122
43 141
44 55
45 158
46 121
47 123
48 212
49 141
50 151
51 132
52 125
53 97
54 112
55 130
56 221
57 136
58 143
59 143
60 93
61 134
62 132
63 151
64 109
65 148
66 124
67 149
68 116
69 158
70 143
71 130
72 122
73 102
74 123
75 111
76 120
77 128
78 119
79 144
80 149
81 155
82 165
83 120
84 132
85 128
86 121
87 78
88 138
89 119
90 189
91 153
92 154
93 146
94 99
95 152
96 97
97 119
98 115
99 130
100 113
101 152
102 127
103 0
104 138
105 149
106 85
107 173
108 136
109 126
110 86
111 172
112 117
113 102
114 117
115 133
116 37
117 112
118 102
119 122
120 142
121 91
122 117
123 106
124 143
125 119
126 150
127 94
128 130
129 126
130 164
131 122
132 160
133 138
134 112
135 130
136 114
137 179
138 116
139 118
140 133
141 145
142 133
143 140
144 97
145 185
146 135
147 174
148 75
149 153
150 146
151 155
152 141
153 143
154 86
155 95
156 134
157 124
158 108
159 141
160 156
161 135
162 132
163 131
164 163
165 98
166 75
167 53
168 146
169 127
170 130
171 133
172 199
173 177
174 111
175 140
176 123
177 66
178 116
179 141
180 191
181 169
182 122
183 145
184 129
185 128
186 53
187 147
188 118
189 82
190 208
191 108
192 117
193 105
194 129
195 163
196 115
197 122
198 165
199 195
200 133
201 146
202 110
203 130
204 113
205 95
206 135
207 124
208 91
209 107
210 99
211 160
212 157
213 124
214 91
215 156
216 116
217 158
218 195
219 103
220 154
221 135
222 69
223 155
224 181
225 127
226 110
227 97
228 192
229 168
230 177
231 161
232 112
233 185
234 137
235 148
236 141
237 140
238 146
239 109
240 128
241 124
242 132
243 118
244 138
245 130
246 140
247 146
248 114
249 169
250 20
251 126
252 134
253 149
254 136
255 159
256 204
257 136
258 122
259 176
260 124
261 116
262 136
263 159
264 127
265 112
266 116
267 150
268 125
269 82
270 148
271 121
272 141
273 94
274 192
275 164
276 114
277 128
278 101
279 124
280 135
281 99
282 90
283 166
284 84
285 125
286 119
287 141
288 163
289 137
290 125
291 52
292 16
293 116
294 140
295 149
296 115
297 132
298 180
299 125
300 106
301 154
302 174
303 150
304 167
305 105
306 138
307 161
308 164
309 154
310 118
311 121
312 179
313 69
314 125
315 140
316 138
317 137
318 128
319 125
320 111
321 130
322 121
323 136
324 126
325 150
326 161
327 100
328 107
329 116
330 109
331 147
332 63
333 121
334 144
335 115
336 113
337 86
338 148
339 114
340 85
341 93
342 125
343 156
344 130
345 84
346 118
347 103
348 147
349 139
350 86
351 120
352 141
353 134
354 88
355 119
356 143
357 123
358 150
359 221
360 159
361 105
362 126
363 109
364 64
365 129
366 110
367 142
368 136
369 166
370 107
371 145
372 132
373 67
374 156
375 112
376 126
377 107
378 172
379 129
380 166
381 65
382 138
383 146
384 126
385 98
386 106
387 132
388 78
389 67
390 190
391 174
392 129
393 116
394 129
395 144
396 144
397 181
398 98
399 140
400 171
401 175
402 196
403 127
404 132
405 110
406 84
407 143
408 107
409 112
410 145
411 135
412 184
413 139
414 129
415 129
416 112
417 145
418 111
419 141
420 95
421 120
422 107
423 134
424 175
425 171
426 97
427 138
428 131
429 104
430 161
431 145
432 174
433 146
434 141
435 145
436 165
437 173
438 96
439 168
440 85
441 126
442 127
443 109
444 140
445 115
446 127
447 141
448 150
449 138
450 161
451 117
452 121
453 134
454 107
455 128
456 134
457 133
458 84
459 237
460 96
461 126
462 138
463 143
464 74
465 201
466 118
467 79
468 137
469 171
470 114
471 86
472 140
473 130
474 133
475 104
476 137
477 136
478 124
479 161
480 107
481 95
482 88
483 95
484 134
485 111
486 104
487 150
488 151
489 145
490 134
491 182
492 199
493 78
494 104
495 109
496 158
497 136
498 146
499 111
500 144
501 137
502 146
503 139
504 97
505 129
506 105
507 145
508 155
509 110
510 163
511 175
512 138
513 130
514 140
515 120
516 122
517 183
518 157
519 119
520 143
521 93
522 111
523 133
524 139
525 144
526 135
527 86
528 95
529 142
530 162
531 133
532 132
533 163
534 113
535 112
536 165
537 102
538 183
539 144
540 101
541 166
542 152
543 118
544 95
545 160
546 109
547 116
548 116
549 130
550 148
551 99
552 144
553 140
554 114
555 184
556 128
557 160
558 101
559 112
560 123
561 136
562 140
563 134
564 106
565 115
566 162
567 103
568 96
569 135
570 120
571 134
572 162
573 99
574 152
575 176
576 129
577 132
578 129
579 49
580 145
581 138
582 116
583 123
584 129
585 200
586 165
587 113
588 133
589 79
590 140
591 158
592 126
593 106
594 136
595 124
596 144
597 123
598 139
599 78
600 132
601 95
602 122
603 128
604 215
605 154
606 149
607 87
608 104
609 148
610 97
611 123
612 170
613 126
614 99
615 161
616 128
617 118
618 123
619 91
620 99
621 131
622 118
623 171
624 130
625 151
626 123
627 133
628 118
629 114
630 111
631 72
632 171
633 100
634 82
635 111
636 139
637 90
638 146
639 156
640 125
641 115
642 151
643 185
644 132
645 105
646 146
647 129
648 99
649 163
650 141
651 131
652 147
653 117
654 108
655 124
656 152
657 150
658 84
659 131
660 146
661 118
662 50
663 124
664 82
665 141
666 106
667 143
668 122
669 124
670 116
671 133
672 175
673 107
674 123
675 151
676 168
677 140
678 153
679 97
680 142
681 141
682 150
683 101
684 121
685 119
686 156
687 176
688 135
689 137
690 112
691 113
692 107
693 162
694 138
695 92
696 150
697 128
698 142
699 126
700 113
701 137
702 129
703 142
704 136
705 151
706 168
707 165
708 123
709 144
710 142
711 130
712 133
713 137
714 164
715 136
716 122
717 145
718 97
719 154
720 140
721 118
722 118
723 113
724 135
725 123
726 137
727 124
728 154
729 177
730 127
731 124
732 106
733 172
734 131
735 121
736 139
737 134
738 150
739 144
740 126
741 133
742 153
743 153
744 168
745 148
746 130
747 103
748 108
749 127
750 118
751 72
752 107
753 141
754 122
755 194
756 136
757 125
758 127
759 163
760 176
761 138
762 116
763 164
764 163
765 149
766 105
767 124
768 127
769 137
770 115
771 101
772 183
773 137
774 162
775 131
776 119
777 122
778 127
779 185
780 92
781 138
782 153
783 155
784 129
785 156
786 107
787 125
788 125
789 151
790 139
791 125
792 127
793 134
794 139
795 134
796 131
797 117
798 166
799 49
800 141
801 121
802 123
803 122
804 138
805 127
806 120
807 134
808 86
809 131
810 128
811 96
812 120
813 125
814 150
815 92
816 90
817 102
818 116
819 140
820 127
821 146
822 112
823 83
824 130
825 86
826 134
827 70
828 123
829 133
830 120
831 174
832 110
833 146
834 152
835 139
836 84
837 132
838 125
839 126
840 125
841 139
842 116
843 107
844 77
845 70
846 144
847 155
848 133
849 123
850 139
851 162
852 111
853 100
854 111
855 136
856 173
857 119
858 108
859 140
860 121
861 78
862 180
863 151
864 130
865 105
866 174
867 142
868 187
869 123
870 116
871 136
872 131
873 157
874 151
875 146
876 112
877 110
878 149
879 151
880 144
881 163
882 108
883 140
884 102
885 110
886 78
887 182
888 153
889 129
890 172
891 111
892 179
893 124
894 159
895 110
896 144
897 91
898 156
899 122
900 121
901 131
902 172
903 155
904 140
905 124
906 112
907 120
908 87
909 118
910 129
911 101
912 109
913 126
914 137
915 120
916 150
917 148
918 159
919 129
920 118
921 136
922 162
923 170
924 134
925 144
926 100
927 121
928 118
929 113
930 129
931 134
932 105
933 87
934 108
935 105
936 108
937 163
938 105
939 101
940 139
941 113
942 153
943 44
944 131
945 135
946 129
947 142
948 162
949 123
950 192
951 121
952 96
953 110
954 164
955 132
956 118
957 141
958 130
959 129
960 75
961 132
962 154
963 161
964 120
965 140
966 132
967 135
968 50
969 136
970 121
971 139
972 143
973 144
974 174
975 112
976 120
977 134
978 94
979 153
980 177
981 99
982 102
983 114
984 118
985 131
986 108
987 146
988 159
989 149
990 204
991 124
992 132
993 173
994 77
995 141
996 153
997 146
998 137
999 121
1000 110
1001 148
1002 169
1003 151
1004 131
1005 156
1006 131
1007 115
1008 116
1009 174
1010 136
1011 123
1012 105
1013 132
1014 144
1015 120
1016 106
1017 144
1018 106
1019 131
1020 124
1021 165
1022 150
1023 94
1024 108
1025 106
1026 149
1027 158
1028 92
1029 117
1030 182
1031 149
1032 138
1033 98
1034 95
1035 174
1036 140
1037 120
1038 126
1039 153
1040 135
1041 158
1042 166
1043 113
1044 132
1045 141
1046 121
1047 114
1048 155
1049 88
1050 105
1051 159
1052 145
1053 93
1054 122
1055 227
1056 138
1057 153
1058 141
1059 142
1060 108
1061 122
1062 157
1063 123
1064 159
1065 110
1066 135
1067 97
1068 114
1069 133
1070 151
1071 94
1072 119
1073 130
1074 119
1075 132
1076 91
1077 155
1078 127
1079 124
1080 122
1081 83
1082 118
1083 102
1084 104
1085 152
1086 118
1087 122
1088 153
1089 115
1090 100
1091 135
1092 112
1093 147
1094 198
1095 128
1096 119
1097 183
1098 149
1099 136
1100 104
1101 135
1102 168
1103 137
1104 123
1105 147
1106 142
1107 135
1108 130
1109 159
1110 150
1111 122
1112 137
1113 113
1114 135
1115 110
1116 85
1117 99
1118 112
1119 135
1120 115
1121 146
1122 146
1123 134
1124 123
1125 161
1126 143
1127 151
1128 175
1129 127
1130 149
1131 137
1132 163
1133 118
1134 161
1135 141
1136 119
1137 148
1138 161
1139 97
1140 124
1141 143
1142 129
1143 133
1144 114
1145 116
1146 136
1147 128
1148 131
1149 77
1150 141
1151 146
1152 107
1153 158
1154 120
1155 159
1156 82
1157 111
1158 96
1159 147
1160 153
1161 125
1162 104
1163 122
1164 143
1165 106
1166 151
1167 156
1168 150
1169 119
1170 140
1171 156
1172 103
1173 112
1174 155
1175 115
1176 100
1177 103
1178 113
1179 134
1180 144
1181 140
1182 134
1183 145
1184 158
1185 146
1186 119
1187 130
1188 117
1189 176
1190 111
1191 150
1192 124
1193 117
1194 140
1195 142
1196 126
1197 119
1198 124
1199 142
1200 152
1201 112
1202 110
1203 152
1204 131
1205 115
1206 109
1207 141
1208 149
1209 94
1210 159
1211 92
1212 127
1213 153
1214 145
1215 121
1216 132
1217 170
1218 176
1219 166
1220 196
1221 157
1222 97
1223 129
1224 133
1225 105
1226 104
1227 109
1228 124
1229 128
1230 130
1231 146
1232 70
1233 138
1234 138
1235 73
1236 135
1237 97
1238 160
1239 198
1240 116
1241 156
1242 90
1243 124
1244 169
1245 150
1246 130
1247 143
1248 106
1249 95
1250 140
1251 156
1252 103
1253 121
1254 33
1255 130
1256 119
1257 101
1258 171
1259 187
1260 102
1261 133
1262 173
1263 150
1264 148
1265 91
1266 90
1267 90
1268 96
1269 117
1270 113
1271 161
1272 179
1273 140
1274 120
1275 106
1276 76
1277 119
1278 123
1279 141
1280 118
1281 100
1282 138
1283 107
1284 150
1285 123
1286 144
1287 132
1288 134
1289 114
1290 117
1291 108
1292 132
1293 124
1294 118
1295 171
1296 137
1297 173
1298 122
1299 133
1300 115
1301 136
1302 144
1303 147
1304 164
1305 135
1306 101
1307 105
1308 133
1309 107
1310 124
1311 129
1312 124
1313 127
1314 100
1315 150
1316 114
1317 141
1318 125
1319 99
1320 155
1321 137
1322 131
1323 124
1324 139
1325 151
1326 114
1327 114
1328 119
1329 134
1330 125
1331 158
1332 73
1333 190
1334 162
1335 135
1336 143
1337 110
1338 174
1339 123
1340 121
1341 137
1342 110
1343 133
1344 125
1345 111
1346 162
1347 112
1348 109
1349 129
1350 208
1351 96
1352 81
1353 120
1354 90
1355 167
1356 135
1357 103
1358 118
1359 169
1360 119
1361 158
1362 113
1363 113
1364 126
1365 132
1366 143
1367 160
1368 116
1369 119
1370 118
1371 135
1372 100
1373 106
1374 102
1375 137
1376 76
1377 127
1378 171
1379 126
1380 140
1381 108
1382 170
1383 135
1384 134
1385 196
1386 99
1387 147
1388 159
1389 134
1390 147
1391 115
1392 145
1393 134
1394 167
1395 129
1396 127
1397 53
1398 134
1399 134
1400 135
1401 127
1402 131
1403 140
1404 161
1405 122
1406 128
1407 151
1408 130
1409 119
1410 113
1411 120
1412 132
1413 124
1414 88
1415 150
1416 127
1417 135
1418 135
1419 159
1420 143
1421 176
1422 92
1423 112
1424 63
1425 147
1426 220
1427 146
1428 111
1429 129
1430 96
1431 135
1432 44
1433 133
1434 92
1435 169
1436 130
1437 155
1438 159
1439 123
1440 137
1441 153
1442 177
1443 128
1444 114
1445 116
1446 143
1447 188
1448 123
1449 96
1450 97
1451 146
1452 135
1453 143
1454 162
1455 111
1456 94
1457 138
1458 145
1459 76
1460 129
1461 127
1462 107
1463 87
1464 159
1465 100
1466 117
1467 145
1468 120
1469 131
1470 144
1471 152
1472 116
1473 128
1474 131
1475 134
1476 155
1477 119
1478 131
1479 161
1480 165
1481 125
1482 119
1483 128
1484 158
1485 172
1486 80
1487 121
1488 131
1489 115
1490 150
1491 152
1492 143
1493 152
1494 119
1495 49
1496 131
1497 98
1498 117
1499 147
1500 128
1501 170
1502 113
1503 131
1504 104
1505 135
1506 144
1507 48
1508 113
1509 151
1510 127
1511 84
1512 109
1513 160
1514 150
1515 159
1516 75
1517 129
1518 109
1519 135
1520 154
1521 138
1522 128
1523 119
1524 138
1525 127
1526 80
1527 107
1528 106
1529 115
1530 132
1531 106
1532 145
1533 146
1534 148
1535 123
1536 110
1537 133
1538 117
1539 166
1540 156
1541 122
1542 162
1543 126
1544 141
1545 75
1546 168
1547 145
1548 116
1549 142
1550 122
1551 99
1552 126
1553 140
1554 124
1555 126
1556 164
1557 150
1558 117
1559 166
1560 129
1561 136
1562 106
1563 149
1564 123
1565 83
1566 102
1567 127
1568 136
1569 134
1570 164
1571 132
1572 170
1573 107
1574 181
1575 139
1576 142
1577 146
1578 114
1579 85
1580 123
1581 157
1582 141
1583 141
1584 153
1585 139
1586 115
1587 157
1588 132
1589 132
1590 129
1591 114
1592 129
1593 136
1594 120
1595 134
1596 154
1597 111
1598 133
1599 116
1600 139
1601 149
1602 117
1603 176
1604 144
1605 127
1606 150
1607 84
1608 122
1609 136
1610 94
1611 144
1612 176
1613 147
1614 157
1615 157
1616 137
1617 133
1618 113
1619 119
1620 116
1621 152
1622 109
1623 133
1624 151
1625 129
1626 129
1627 137
1628 172
1629 143
1630 124
1631 118
1632 129
1633 105
1634 108
1635 149
1636 157
1637 138
1638 173
1639 94
1640 158
1641 151
1642 70
1643 112
1644 91
1645 172
1646 131
1647 131
1648 159
1649 167
1650 128
1651 120
1652 102
1653 131
1654 115
1655 112
1656 123
1657 136
1658 185
1659 98
1660 120
1661 90
1662 149
1663 141
1664 143
1665 115
1666 192
1667 102
1668 123
1669 0
1670 124
1671 142
1672 126
1673 124
1674 152
1675 121
1676 148
1677 105
1678 144
1679 116
1680 112
1681 110
1682 110
1683 93
1684 154
1685 121
1686 182
1687 152
1688 128
1689 133
1690 111
1691 132
1692 104
1693 144
1694 124
1695 132
1696 139
1697 122
1698 197
1699 100
1700 112
1701 116
1702 25
1703 128
1704 122
1705 145
1706 137
1707 152
1708 115
1709 89
1710 90
1711 140
1712 151
1713 127
1714 116
1715 166
1716 141
1717 105
1718 106
1719 91
1720 112
1721 117
1722 113
1723 104
1724 123
1725 126
1726 148
1727 154
1728 115
1729 123
1730 139
1731 141
1732 103
1733 120
1734 120
1735 118
1736 138
1737 110
1738 164
1739 169
1740 106
1741 130
1742 143
1743 97
1744 94
1745 74
1746 162
1747 166
1748 138
1749 138
1750 164
1751 132
1752 97
1753 119
1754 110
1755 102
1756 146
1757 135
1758 160
1759 170
1760 157
1761 140
1762 131
1763 142
1764 120
1765 52
1766 145
1767 156
1768 126
1769 129
1770 148
1771 157
1772 140
1773 113
1774 160
1775 166
1776 132
1777 85
1778 118
1779 110
1780 129
1781 121
1782 152
1783 145
1784 95
1785 120
1786 163
1787 91
1788 104
1789 142
1790 115
1791 132
1792 104
1793 129
1794 127
1795 160
1796 116
1797 128
1798 141
1799 173
1800 123
1801 115
1802 172
1803 65
1804 157
1805 142
1806 127
1807 116
1808 250
1809 142
1810 131
1811 116
1812 115
1813 191
1814 104
1815 142
1816 125
1817 160
1818 138
1819 109
1820 106
1821 142
1822 147
1823 156
1824 117
1825 125
1826 83
1827 107
1828 154
1829 157
1830 125
1831 172
1832 249
1833 106
1834 110
1835 141
1836 194
1837 124
1838 123
1839 182
1840 116
1841 126
1842 120
1843 96
1844 107
1845 139
1846 152
1847 142
1848 143
1849 129
1850 133
1851 114
1852 125
1853 149
1854 135
1855 59
1856 100
1857 186
1858 136
1859 147
1860 148
1861 108
1862 112
1863 139
1864 96
1865 145
1866 192
1867 70
1868 146
1869 179
1870 131
1871 141
1872 129
1873 144
1874 117
1875 120
1876 170
1877 173
1878 116
1879 140
1880 143
1881 145
1882 128
1883 146
1884 144
1885 101
1886 114
1887 130
1888 156
1889 147
1890 92
1891 174
1892 192
1893 159
1894 121
1895 111
1896 146
1897 118
1898 137
1899 156
1900 107
1901 121
1902 124
1903 126
1904 95
1905 156
1906 165
1907 139
1908 133
1909 173
1910 166
1911 127
1912 127
1913 153
1914 145
1915 110
1916 79
1917 180
1918 120
1919 117
1920 83
1921 121
1922 143
1923 134
1924 147
1925 139
1926 125
1927 139
1928 114
1929 116
1930 137
1931 164
1932 133
1933 129
1934 134
1935 136
1936 128
1937 118
1938 108
1939 92
1940 113
1941 161
1942 78
1943 156
1944 153
1945 103
1946 105
1947 168
1948 105
1949 110
1950 216
1951 134
1952 47
1953 137
1954 135
1955 120
1956 113
1957 139
1958 127
1959 177
1960 102
1961 145
1962 129
1963 103
1964 101
1965 161
1966 112
1967 137
1968 180
1969 138
1970 99
1971 104
1972 167
1973 108
1974 119
1975 127
1976 69
1977 141
1978 125
1979 109
1980 134
1981 184
1982 115
1983 119
1984 90
1985 151
1986 125
1987 114
1988 187
1989 94
1990 127
1991 86
1992 165
1993 142
1994 123
1995 126
1996 126
1997 116
1998 106
1999 205
2000 109
2001 94
2002 127
2003 173
2004 104
2005 125
2006 154
2007 122
2008 163
2009 115
2010 130
2011 85
2012 141
2013 193
2014 91
2015 149
2016 149
2017 132
2018 116
2019 133
2020 124
2021 152
2022 139
2023 109
2024 86
2025 140
2026 91
2027 181
2028 127
2029 145
2030 100
2031 109
2032 116
2033 98
2034 75
2035 112
2036 124
2037 164
2038 159
2039 163
2040 104
2041 140
2042 77
2043 106
2044 119
2045 155
2046 52
2047 151
2048 135
2049 71
2050 152
2051 117
2052 128
2053 165
2054 109
2055 139
2056 169
2057 139
2058 149
2059 96
2060 128
2061 114
2062 97
2063 138
2064 129
2065 147
2066 117
2067 117
2068 111
2069 120
2070 58
2071 99
2072 123
2073 109
2074 94
2075 154
2076 134
2077 102
2078 121
2079 99
2080 123
2081 126
2082 115
2083 92
2084 123
2085 136
2086 56
2087 161
2088 179
2089 133
2090 131
2091 144
2092 133
2093 145
2094 98
2095 117
2096 186
2097 139
2098 132
2099 50
2100 128
2101 112
2102 197
2103 146
2104 185
2105 110
2106 163
2107 128
2108 149
2109 114
2110 165
2111 138
2112 154
2113 47
2114 64
2115 102
2116 118
2117 147
2118 179
2119 67
2120 134
2121 150
2122 126
2123 138
2124 124
2125 110
2126 156
2127 112
2128 214
2129 129
2130 140
2131 89
2132 100
2133 141
2134 135
2135 100
2136 157
2137 102
2138 122
2139 165
2140 105
2141 121
2142 122
2143 128
2144 88
2145 131
2146 144
2147 126
2148 176
2149 142
2150 155
2151 84
2152 142
2153 115
2154 131
2155 89
2156 151
2157 104
2158 164
2159 128
2160 137
2161 112
2162 124
2163 112
2164 206
2165 136
2166 119
2167 99
2168 82
2169 98
2170 98
2171 112
2172 91
2173 146
2174 123
2175 132
2176 156
2177 161
2178 139
2179 153
2180 152
2181 160
2182 115
2183 118
2184 115
2185 153
2186 122
2187 131
2188 158
2189 105
2190 161
2191 141
2192 124
2193 151
2194 144
2195 145
2196 138
2197 165
2198 159
2199 125
2200 196
2201 127
2202 135
2203 80
2204 131
2205 134
2206 162
2207 144
2208 133
2209 161
2210 146
2211 162
2212 130
2213 119
2214 134
2215 123
2216 93
2217 146
2218 141
2219 127
2220 103
2221 189
2222 113
2223 135
2224 145
2225 167
2226 145
2227 127
2228 138
2229 119
2230 120
2231 114
2232 122
2233 140
2234 131
2235 177
2236 114
2237 132
2238 104
2239 188
2240 156
2241 108
2242 97
2243 154
2244 119
2245 141
2246 151
2247 150
2248 121
2249 167
2250 131
2251 146
2252 70
2253 151
2254 114
2255 67
2256 154
2257 115
2258 198
2259 87
2260 104
2261 106
2262 122
2263 138
2264 103
2265 136
2266 163
2267 177
2268 154
2269 155
2270 145
2271 149
2272 113
2273 78
2274 95
2275 136
2276 133
2277 165
2278 132
2279 122
2280 142
2281 125
2282 130
2283 114
2284 96
2285 112
2286 124
2287 111
2288 121
2289 135
2290 136
2291 174
2292 149
2293 114
2294 115
2295 142
2296 146
2297 174
2298 145
2299 161
2300 108
2301 102
2302 130
2303 169
2304 164
2305 131
2306 89
2307 138
2308 168
2309 139
2310 86
2311 114
2312 104
2313 156
2314 179
2315 119
2316 118
2317 150
2318 140
2319 149
2320 144
2321 120
2322 140
2323 100
2324 163
2325 122
2326 99
2327 139
2328 121
2329 131
2330 136
2331 88
2332 142
2333 150
2334 120
2335 127
2336 127
2337 107
2338 168
2339 121
2340 147
2341 117
2342 118
2343 139
2344 141
2345 156
2346 177
2347 133
2348 146
2349 122
2350 129
2351 103
2352 157
2353 149
2354 103
2355 140
2356 110
2357 118
2358 99
2359 131
2360 124
2361 99
2362 144
2363 77
2364 132
2365 154
2366 145
2367 133
2368 129
2369 62
2370 109
2371 87
2372 160
2373 87
2374 133
2375 116
2376 113
2377 184
2378 139
2379 125
2380 155
2381 166
2382 106
2383 134
2384 120
2385 168
2386 115
2387 137
2388 142
2389 149
2390 66
2391 199
2392 139
2393 120
2394 164
2395 156
2396 142
2397 137
2398 136
2399 140
2400 146
2401 75
2402 147
2403 115
2404 142
2405 170
2406 157
2407 129
2408 113
2409 104
2410 142
2411 124
2412 102
2413 135
2414 170
2415 116
2416 126
2417 137
2418 136
2419 131
2420 129
2421 128
2422 140
2423 132
2424 112
2425 156
2426 125
2427 133
2428 82
2429 165
2430 156
2431 130
2432 99
2433 119
2434 125
2435 104
2436 132
2437 132
2438 124
2439 156
2440 118
2441 133
2442 153
2443 131
2444 165
2445 116
2446 104
2447 160
2448 156
2449 136
2450 175
2451 127
2452 111
2453 141
2454 123
2455 137
2456 127
2457 140
2458 119
2459 122
2460 145
2461 88
2462 104
2463 86
2464 142
2465 110
2466 122
2467 134
2468 129
2469 117
2470 145
2471 130
2472 88
2473 98
2474 173
2475 150
2476 108
2477 136
2478 150
2479 158
2480 141
2481 137
2482 121
2483 136
2484 143
2485 137
2486 124
2487 130
2488 133
2489 151
2490 101
2491 155
2492 90
2493 168
2494 136
2495 148
2496 120
2497 96
2498 135
2499 106
2500 166
2501 119
2502 154
2503 126
2504 113
2505 148
2506 163
2507 125
2508 124
2509 134
2510 177
2511 54
2512 103
2513 134
2514 119
2515 152
2516 118
2517 132
2518 123
2519 193
2520 86
2521 176
2522 99
2523 164
2524 133
2525 112
2526 111
2527 135
2528 136
2529 131
2530 156
2531 140
2532 157
2533 118
2534 139
2535 181
2536 130
2537 107
2538 158
2539 115
2540 104
2541 169
2542 113
2543 124
2544 123
2545 128
2546 120
2547 123
2548 136
2549 109
2550 146
2551 146
2552 132
2553 168
2554 157
2555 113
2556 135
2557 140
2558 30
2559 123
2560 194
2561 175
2562 137
2563 126
2564 139
2565 132
2566 148
2567 135
2568 122
2569 143
2570 125
2571 133
2572 132
2573 205
2574 120
2575 120
2576 165
2577 111
2578 128
2579 133
2580 143
2581 181
2582 110
2583 120
2584 137
2585 107
2586 87
2587 103
2588 121
2589 97
2590 154
2591 117
2592 143
2593 150
2594 109
2595 188
2596 131
2597 152
2598 113
2599 135
2600 145
2601 177
2602 156
2603 100
2604 136
2605 131
2606 113
2607 143
2608 139
2609 119
2610 103
2611 109
2612 119
2613 120
2614 117
2615 130
2616 94
2617 138
2618 143
2619 116
2620 106
2621 124
2622 155
2623 119
2624 127
2625 123
2626 110
2627 127
2628 137
2629 129
2630 111
2631 112
2632 110
2633 111
2634 139
2635 167
2636 28
2637 138
2638 88
2639 142
2640 0
2641 120
2642 102
2643 184
2644 99
2645 125
2646 171
2647 107
2648 94
2649 105
2650 97
2651 160
2652 125
2653 161
2654 138
2655 158
2656 121
2657 101
2658 149
2659 71
2660 147
2661 131
2662 240
2663 118
2664 115
2665 133
2666 119
2667 147
2668 112
2669 162
2670 136
2671 155
2672 160
2673 167
2674 118
2675 116
2676 151
2677 129
2678 127
2679 123
2680 139
2681 130
2682 168
2683 145
2684 130
2685 124
2686 170
2687 118
2688 138
2689 138
2690 125
2691 153
2692 134
2693 116
2694 133
2695 100
2696 128
2697 113
2698 151
2699 119
2700 131
2701 137
2702 132
2703 111
2704 99
2705 125
2706 124
2707 88
2708 165
2709 151
2710 156
2711 117
2712 115
2713 149
2714 128
2715 121
2716 96
2717 96
2718 155
2719 152
2720 154
2721 121
2722 124
2723 98
2724 110
2725 113
2726 141
2727 142
2728 133
2729 115
2730 100
2731 135
2732 135
2733 126
2734 144
2735 180
2736 161
2737 46
2738 100
2739 162
2740 147
2741 82
2742 109
2743 138
2744 128
2745 104
2746 148
2747 114
2748 108
2749 121
2750 93
2751 136
2752 126
2753 137
2754 99
2755 87
2756 176
2757 124
2758 122
2759 152
2760 115
2761 89
2762 118
2763 136
2764 129
2765 119
2766 140
2767 113
2768 128
2769 153
2770 103
2771 145
2772 53
2773 172
2774 140
2775 124
2776 135
2777 152
2778 134
2779 242
2780 146
2781 117
2782 126
2783 118
2784 190
2785 121
2786 116
2787 106
2788 104
2789 116
2790 114
2791 174
2792 138
2793 118
2794 142
2795 144
2796 130
2797 139
2798 123
2799 140
2800 148
2801 166
2802 115
2803 156
2804 109
2805 78
2806 153
2807 97
2808 99
2809 157
2810 116
2811 132
2812 91
2813 168
2814 112
2815 165
2816 167
2817 141
2818 145
2819 149
2820 146
2821 134
2822 111
2823 136
2824 122
2825 84
2826 103
2827 98
2828 122
2829 136
2830 127
2831 132
2832 153
2833 125
2834 131
2835 109
2836 81
2837 132
2838 102
2839 120
2840 119
2841 92
2842 121
2843 139
2844 155
2845 110
2846 110
2847 124
2848 115
2849 151
2850 111
2851 122
2852 99
2853 88
2854 134
2855 114
2856 112
2857 129
2858 110
2859 109
2860 140
2861 83
2862 135
2863 132
2864 140
2865 137
2866 120
2867 111
2868 101
2869 128
2870 114
2871 81
2872 117
2873 128
2874 107
2875 116
2876 92
2877 138
2878 106
2879 137
2880 121
2881 111
2882 148
2883 126
2884 142
2885 142
2886 109
2887 148
2888 69
2889 140
2890 116
2891 141
2892 159
2893 121
2894 130
2895 95
2896 127
2897 130
2898 109
2899 84
2900 125
2901 132
2902 107
2903 106
2904 157
2905 168
2906 118
2907 148
2908 125
2909 104
2910 193
2911 126
2912 142
2913 118
2914 123
2915 139
2916 111
2917 141
2918 136
2919 124
2920 56
2921 89
2922 220
2923 97
2924 140
2925 104
2926 112
2927 140
2928 201
2929 114
2930 87
2931 142
2932 163
2933 99
2934 132
2935 155
2936 119
2937 123
2938 142
2939 138
2940 118
2941 158
2942 131
2943 114
2944 184
2945 117
2946 136
2947 155
2948 131
2949 94
2950 129
2951 125
2952 163
2953 159
2954 134
2955 77
2956 100
2957 181
2958 154
2959 138
2960 86
2961 135
2962 130
2963 171
2964 109
2965 118
2966 119
2967 151
2968 92
2969 115
2970 132
2971 132
2972 98
2973 127
2974 120
2975 95
2976 96
2977 149
2978 157
2979 114
2980 165
2981 152
2982 122
2983 130
2984 93
2985 160
2986 134
2987 100
2988 171
2989 124
2990 145
2991 176
2992 139
2993 166
2994 146
2995 107
2996 136
2997 181
2998 102
2999 114
3000 108
3001 148
3002 118
3003 128
3004 136
3005 156
3006 101
3007 102
3008 63
3009 110
3010 148
3011 153
3012 94
3013 137
3014 116
3015 145
3016 118
3017 138
3018 174
3019 170
3020 159
3021 139
3022 176
3023 168
3024 138
3025 134
3026 156
3027 135
3028 144
3029 137
3030 125
3031 144
3032 149
3033 119
3034 156
3035 74
3036 151
3037 173
3038 155
3039 154
3040 111
3041 169
3042 141
3043 141
3044 142
3045 135
3046 101
3047 139
3048 133
3049 119
3050 166
3051 79
3052 99
3053 116
3054 165
3055 103
3056 148
3057 124
3058 88
3059 85
3060 158
3061 128
3062 153
3063 114
3064 172
3065 139
3066 116
3067 152
3068 123
3069 143
3070 112
3071 119
3072 147
3073 117
3074 172
3075 131
3076 150
3077 124
3078 153
3079 111
3080 129
3081 155
3082 148
3083 121
3084 166
3085 79
3086 131
3087 123
3088 121
3089 147
3090 117
3091 127
3092 137
3093 97
3094 147
3095 236
3096 142
3097 79
3098 129
3099 85
3100 121
3101 155
3102 69
3103 177
3104 99
3105 151
3106 153
3107 135
3108 224
3109 116
3110 110
3111 151
3112 115
3113 146
3114 124
3115 75
3116 135
3117 212
3118 123
3119 129
3120 115
3121 116
3122 100
3123 104
3124 137
3125 147
3126 148
3127 115
3128 146
3129 162
3130 154
3131 139
3132 127
3133 132
3134 175
3135 101
3136 126
3137 87
3138 104
3139 118
3140 135
3141 109
3142 137
3143 153
3144 116
3145 134
3146 117
3147 106
3148 139
3149 152
3150 154
3151 112
3152 164
3153 148
3154 164
3155 126
3156 164
3157 145
3158 130
3159 121
3160 110
3161 127
3162 135
3163 124
3164 153
3165 107
3166 114
3167 161
3168 132
3169 141
3170 135
3171 122
3172 71
3173 156
3174 171
3175 148
3176 99
3177 110
3178 123
3179 108
3180 130
3181 125
3182 87
3183 134
3184 128
3185 141
3186 130
3187 138
3188 128
3189 134
3190 36
3191 114
3192 108
3193 86
3194 137
3195 153
3196 125
3197 173
3198 112
3199 157
3200 184
3201 169
3202 128
3203 107
3204 94
3205 116
3206 109
3207 94
3208 134
3209 115
3210 92
3211 124
3212 109
3213 93
3214 66
3215 128
3216 92
3217 133
3218 110
3219 111
3220 101
3221 103
3222 104
3223 132
3224 130
3225 121
3226 123
3227 163
3228 96
3229 99
3230 183
3231 138
3232 96
3233 115
3234 112
3235 115
3236 126
3237 72
3238 97
3239 141
3240 121
3241 145
3242 106
3243 134
3244 108
3245 141
3246 125
3247 113
3248 113
3249 137
3250 89
3251 155
3252 163
3253 118
3254 168
3255 164
3256 161
3257 121
3258 120
3259 132
3260 133
3261 129
3262 148
3263 154
3264 154
3265 117
3266 123
3267 180
3268 75
3269 149
3270 119
3271 166
3272 144
3273 126
3274 135
3275 121
3276 145
3277 60
3278 151
3279 139
3280 142
3281 134
3282 143
3283 122
3284 120
3285 95
3286 157
3287 117
3288 153
3289 137
3290 137
3291 127
3292 133
3293 145
3294 124
3295 100
3296 110
3297 127
3298 151
3299 126
3300 133
3301 149
3302 174
3303 128
3304 149
3305 155
3306 155
3307 99
3308 127
3309 158
3310 116
3311 126
3312 84
3313 123
3314 106
3315 136
3316 130
3317 120
3318 155
3319 165
3320 143
3321 174
3322 130
3323 144
3324 137
3325 122
3326 161
3327 154
3328 123
3329 141
3330 106
3331 119
3332 96
3333 101
3334 152
3335 127
3336 114
3337 122
3338 130
3339 122
3340 109
3341 74
3342 93
3343 117
3344 148
3345 141
3346 162
3347 104
3348 99
3349 91
3350 124
3351 126
3352 158
3353 122
3354 149
3355 118
3356 106
3357 139
3358 110
3359 166
3360 145
3361 116
3362 97
3363 85
3364 133
3365 105
3366 140
3367 187
3368 139
3369 108
3370 83
3371 108
3372 142
3373 168
3374 109
3375 140
3376 140
3377 116
3378 122
3379 97
3380 97
3381 148
3382 127
3383 137
3384 148
3385 115
3386 125
3387 139
3388 141
3389 149
3390 92
3391 120
3392 134
3393 64
3394 122
3395 167
3396 130
3397 118
3398 146
3399 102
3400 137
3401 114
3402 109
3403 133
3404 172
3405 179
3406 112
3407 153
3408 123
3409 149
3410 114
3411 108
3412 155
3413 162
3414 128
3415 123
3416 130
3417 182
3418 112
3419 118
3420 156
3421 143
3422 101
3423 107
3424 155
3425 136
3426 121
3427 101
3428 141
3429 147
3430 160
3431 126
3432 133
3433 91
3434 150
3435 126
3436 112
3437 96
3438 115
3439 131
3440 139
3441 120
3442 177
3443 158
3444 196
3445 125
3446 135
3447 162
3448 146
3449 171
3450 145
3451 113
3452 124
3453 114
3454 154
3455 100
3456 134
3457 129
3458 120
3459 126
3460 159
3461 104
3462 117
3463 136
3464 126
3465 86
3466 148
3467 121
3468 136
3469 137
3470 114
3471 118
3472 138
3473 125
3474 150
3475 116
3476 139
3477 131
3478 120
3479 145
3480 128
3481 158
3482 130
3483 109
3484 155
3485 122
3486 132
3487 131
3488 145
3489 122
3490 146
3491 115
3492 138
3493 130
3494 127
3495 124
3496 117
3497 130
3498 99
3499 99
3500 121
3501 97
3502 122
3503 104
3504 127
3505 190
3506 150
3507 173
3508 112
3509 170
3510 126
3511 138
3512 129
3513 92
3514 136
3515 117
3516 105
3517 164
3518 117
3519 149
3520 120
3521 154
3522 127
3523 152
3524 181
3525 133
3526 140
3527 157
3528 116
3529 119
3530 115
3531 134
3532 113
3533 155
3534 118
3535 132
3536 144
3537 123
3538 150
3539 86
3540 161
3541 131
3542 116
3543 138
3544 121
3545 82
3546 115
3547 157
3548 114
3549 132
3550 139
3551 149
3552 152
3553 137
3554 145
3555 141
3556 126
3557 157
3558 160
3559 182
3560 141
3561 149
3562 152
3563 133
3564 147
3565 135
3566 111
3567 111
3568 118
3569 145
3570 134
3571 135
3572 102
3573 113
3574 138
3575 135
3576 155
3577 146
3578 103
3579 176
3580 137
3581 130
3582 154
3583 133
3584 96
3585 135
3586 147
3587 133
3588 139
3589 139
3590 119
3591 144
3592 70
3593 143
3594 127
3595 141
3596 94
3597 150
3598 36
3599 147
3600 218
3601 145
3602 138
3603 110
3604 145
3605 120
3606 132
3607 86
3608 156
3609 131
3610 198
3611 151
3612 125
3613 167
3614 121
3615 138
3616 128
3617 134
3618 120
3619 129
3620 160
3621 121
3622 155
3623 117
3624 93
3625 149
3626 133
3627 161
3628 160
3629 150
3630 125
3631 152
3632 100
3633 82
3634 139
3635 93
3636 155
3637 104
3638 120
3639 110
3640 119
3641 175
3642 117
3643 139
3644 157
3645 165
3646 139
3647 168
3648 106
3649 131
3650 118
3651 118
3652 135
3653 133
3654 122
3655 135
3656 132
3657 110
3658 159
3659 132
3660 142
3661 109
3662 165
3663 158
3664 153
3665 131
3666 160
3667 138
3668 127
3669 145
3670 127
3671 143
3672 147
3673 152
3674 144
3675 87
3676 131
3677 147
3678 160
3679 131
3680 121
3681 115
3682 163
3683 132
3684 127
3685 125
3686 142
3687 147
3688 144
3689 175
3690 129
3691 125
3692 139
3693 140
3694 109
3695 127
3696 120
3697 136
3698 170
3699 99
3700 157
3701 130
3702 127
3703 197
3704 124
3705 120
3706 115
3707 144
3708 125
3709 174
3710 159
3711 106
3712 143
3713 172
3714 122
3715 135
3716 97
3717 127
3718 118
3719 141
3720 114
3721 143
3722 135
3723 157
3724 90
3725 117
3726 141
3727 117
3728 161
3729 189
3730 121
3731 110
3732 148
3733 107
3734 136
3735 124
3736 124
3737 104
3738 113
3739 201
3740 168
3741 131
3742 122
3743 167
3744 60
3745 87
3746 119
3747 78
3748 126
3749 140
3750 96
3751 129
3752 126
3753 135
3754 173
3755 116
3756 193
3757 134
3758 132
3759 134
3760 117
3761 135
3762 121
3763 89
3764 107
3765 144
3766 81
3767 189
3768 123
3769 132
3770 155
3771 156
3772 200
3773 139
3774 117
3775 149
3776 215
3777 136
3778 162
3779 146
3780 134
3781 138
3782 155
3783 113
3784 131
3785 131
3786 101
3787 143
3788 199
3789 144
3790 107
3791 171
3792 101
3793 126
3794 147
3795 126
3796 136
3797 157
3798 144
3799 127
3800 158
3801 106
3802 121
3803 77
3804 85
3805 107
3806 138
3807 97
3808 113
3809 120
3810 121
3811 91
3812 126
3813 103
3814 135
3815 129
3816 144
3817 133
3818 126
3819 75
3820 123
3821 132
3822 191
3823 122
3824 188
3825 109
3826 125
3827 83
3828 133
3829 146
3830 113
3831 159
3832 132
3833 162
3834 121
3835 148
3836 94
3837 165
3838 107
3839 149
3840 100
3841 102
3842 146
3843 147
3844 115
3845 157
3846 156
3847 101
3848 155
3849 102
3850 117
3851 104
3852 133
3853 163
3854 126
3855 151
3856 133
3857 118
3858 136
3859 101
3860 150
3861 144
3862 154
3863 113
3864 146
3865 99
3866 69
3867 120
3868 129
3869 111
3870 101
3871 175
3872 23
3873 175
3874 193
3875 144
3876 151
3877 141
3878 122
3879 170
3880 134
3881 97
3882 153
3883 163
3884 140
3885 122
3886 108
3887 192
3888 175
3889 153
3890 103
3891 100
3892 98
3893 129
3894 108
3895 141
3896 120
3897 105
3898 118
3899 179
3900 119
3901 184
3902 71
3903 88
3904 129
3905 119
3906 165
3907 128
3908 133
3909 134
3910 128
3911 136
3912 134
3913 126
3914 125
3915 174
3916 184
3917 140
3918 152
3919 132
3920 119
3921 136
3922 159
3923 62
3924 118
3925 154
3926 117
3927 120
3928 163
3929 175
3930 155
3931 115
3932 160
3933 186
3934 121
3935 108
3936 130
3937 98
3938 111
3939 130
3940 100
3941 143
3942 153
3943 100
3944 136
3945 130
3946 103
3947 158
3948 158
3949 166
3950 126
3951 146
3952 147
3953 113
3954 98
3955 78
3956 84
3957 83
3958 126
3959 129
3960 146
3961 138
3962 157
3963 122
3964 125
3965 41
3966 92
3967 117
3968 168
3969 171
3970 217
3971 123
3972 160
3973 146
3974 136
3975 116
3976 130
3977 159
3978 168
3979 112
3980 145
3981 107
3982 146
3983 126
3984 170
3985 129
3986 133
3987 164
3988 148
3989 164
3990 128
3991 132
3992 136
3993 134
3994 186
3995 121
3996 104
3997 133
3998 141
3999 131
4000 144
4001 145
4002 113
4003 131
4004 145
4005 125
4006 116
4007 167
4008 118
4009 142
4010 104
4011 114
4012 150
4013 131
4014 139
4015 151
4016 98
4017 149
4018 148
4019 77
4020 124
4021 130
4022 132
4023 144
4024 118
4025 130
4026 142
4027 108
4028 139
4029 96
4030 161
4031 127
4032 193
4033 157
4034 127
4035 139
4036 121
4037 162
4038 109
4039 122
4040 182
4041 147
4042 101
4043 111
4044 67
4045 119
4046 105
4047 165
4048 163
4049 131
4050 131
4051 98
4052 137
4053 102
4054 148
4055 125
4056 133
4057 110
4058 154
4059 105
4060 95
4061 121
4062 112
4063 162
4064 128
4065 114
4066 97
4067 154
4068 127
4069 162
4070 112
4071 107
4072 125
4073 103
4074 154
4075 130
4076 134
4077 88
4078 132
4079 145
4080 119
4081 90
4082 76
4083 126
4084 131
4085 151
4086 148
4087 195
4088 151
4089 124
4090 124
4091 139
4092 137
4093 89
4094 141
4095 129
4096 115
4097 128
4098 171
4099 63
4100 144
4101 143
4102 163
4103 161
4104 125
4105 153
4106 130
4107 148
4108 72
4109 122
4110 136
4111 123
4112 124
4113 81
4114 146
4115 140
4116 138
4117 124
4118 72
4119 150
4120 129
4121 114
4122 133
4123 127
4124 91
4125 171
4126 174
4127 124
4128 104
4129 103
4130 127
4131 143
4132 169
4133 113
4134 102
4135 146
4136 133
4137 169
4138 147
4139 145
4140 143
4141 118
4142 82
4143 111
4144 96
4145 97
4146 105
4147 131
4148 204
4149 164
4150 157
4151 147
4152 154
4153 136
4154 111
4155 117
4156 160
4157 158
4158 158
4159 159
4160 120
4161 145
4162 97
4163 110
4164 139
4165 78
4166 144
4167 92
4168 143
4169 143
4170 196
4171 149
4172 123
4173 144
4174 152
4175 182
4176 142
4177 109
4178 115
4179 132
4180 105
4181 148
4182 142
4183 113
4184 65
4185 129
4186 138
4187 161
4188 119
4189 148
4190 158
4191 115
4192 126
4193 108
4194 148
4195 128
4196 158
4197 102
4198 111
4199 131
4200 132
4201 104
4202 108
4203 122
4204 105
4205 131
4206 116
4207 119
4208 84
4209 91
4210 146
4211 146
4212 121
4213 120
4214 127
4215 141
4216 138
4217 107
4218 137
4219 133
4220 178
4221 132
4222 110
4223 122
4224 134
4225 149
4226 140
4227 140
4228 126
4229 145
4230 130
4231 136
4232 164
4233 171
4234 132
4235 165
4236 94
4237 108
4238 144
4239 130
4240 159
4241 123
4242 104
4243 161
4244 83
4245 110
4246 120
4247 118
4248 124
4249 144
4250 147
4251 102
4252 180
4253 73
4254 145
4255 130
4256 67
4257 117
4258 160
4259 90
4260 131
4261 126
4262 175
4263 193
4264 97
4265 133
4266 120
4267 103
4268 110
4269 104
4270 127
4271 93
4272 137
4273 154
4274 165
4275 162
4276 110
4277 128
4278 126
4279 151
4280 133
4281 98
4282 49
4283 140
4284 116
4285 123
4286 135
4287 94
4288 110
4289 104
4290 117
4291 93
4292 121
4293 142
4294 125
4295 217
4296 100
4297 177
4298 94
4299 62
4300 130
4301 120
4302 134
4303 109
4304 108
4305 89
4306 130
4307 100
4308 155
4309 150
4310 100
4311 139
4312 137
4313 114
4314 72
4315 138
4316 117
4317 150
4318 154
4319 113
4320 141
4321 130
4322 93
4323 107
4324 115
4325 112
4326 108
4327 132
4328 137
4329 133
4330 150
4331 134
4332 133
4333 211
4334 144
4335 110
4336 159
4337 82
4338 147
4339 118
4340 139
4341 146
4342 132
4343 121
4344 130
4345 83
4346 135
4347 116
4348 107
4349 136
4350 121
4351 123
4352 111
4353 140
4354 140
4355 121
4356 109
4357 162
4358 119
4359 129
4360 113
4361 147
4362 112
4363 141
4364 116
4365 176
4366 111
4367 106
4368 120
4369 161
4370 141
4371 121
4372 161
4373 111
4374 138
4375 146
4376 188
4377 136
4378 146
4379 96
4380 86
4381 187
4382 130
4383 125
4384 191
4385 120
4386 151
4387 109
4388 133
4389 48
4390 159
4391 161
4392 162
4393 125
4394 151
4395 162
4396 113
4397 181
4398 139
4399 155
4400 133
4401 157
4402 159
4403 116
4404 94
4405 160
4406 97
4407 138
4408 110
4409 120
4410 157
4411 97
4412 105
4413 141
4414 132
4415 127
4416 82
4417 156
4418 124
4419 95
4420 112
4421 128
4422 161
4423 97
4424 155
4425 136
4426 169
4427 129
4428 100
4429 119
4430 114
4431 130
4432 166
4433 125
4434 132
4435 124
4436 145
4437 134
4438 111
4439 129
4440 137
4441 77
4442 161
4443 121
4444 136
4445 168
4446 167
4447 89
4448 125
4449 132
4450 130
4451 126
4452 161
4453 125
4454 156
4455 145
4456 119
4457 160
4458 144
4459 141
4460 104
4461 127
4462 140
4463 158
4464 159
4465 157
4466 175
4467 98
4468 115
4469 93
4470 130
4471 135
4472 110
4473 121
4474 135
4475 132
4476 190
4477 112
4478 125
4479 157
4480 73
4481 153
4482 141
4483 158
4484 157
4485 151
4486 136
4487 120
4488 129
4489 108
4490 145
4491 153
4492 120
4493 139
4494 145
4495 106
4496 119
4497 106
4498 114
4499 103
4500 177
4501 144
4502 189
4503 138
4504 123
4505 160
4506 127
4507 125
4508 99
4509 133
4510 103
4511 153
4512 123
4513 186
4514 143
4515 130
4516 188
4517 114
4518 119
4519 132
4520 146
4521 102
4522 92
4523 130
4524 142
4525 141
4526 115
4527 143
4528 115
4529 183
4530 133
4531 139
4532 146
4533 137
4534 104
4535 144
4536 151
4537 119
4538 141
4539 149
4540 116
4541 112
4542 163
4543 101
4544 121
4545 108
4546 143
4547 104
4548 145
4549 142
4550 113
4551 125
4552 126
4553 122
4554 112
4555 142
4556 176
4557 108
4558 156
4559 124
4560 143
4561 114
4562 152
4563 128
4564 119
4565 130
4566 140
4567 111
4568 187
4569 119
4570 88
4571 165
4572 169
4573 78
4574 126
4575 92
4576 99
4577 172
4578 165
4579 130
4580 131
4581 158
4582 109
4583 185
4584 135
4585 161
4586 71
4587 117
4588 131
4589 141
4590 100
4591 152
4592 157
4593 115
4594 122
4595 134
4596 113
4597 124
4598 108
4599 153
4600 157
4601 143
4602 142
4603 137
4604 127
4605 122
4606 110
4607 133
4608 134
4609 108
4610 108
4611 95
4612 152
4613 102
4614 143
4615 136
4616 149
4617 130
4618 148
4619 137
4620 148
4621 149
4622 132
4623 147
4624 127
4625 91
4626 128
4627 102
4628 93
4629 127
4630 139
4631 166
4632 91
4633 146
4634 138
4635 144
4636 112
4637 151
4638 123
4639 126
4640 74
4641 144
4642 93
4643 139
4644 164
4645 143
4646 155
4647 144
4648 119
4649 40
4650 154
4651 153
4652 114
4653 138
4654 124
4655 127
4656 143
4657 183
4658 200
4659 101
4660 114
4661 125
4662 120
4663 108
4664 112
4665 139
4666 191
4667 133
4668 115
4669 151
4670 130
4671 145
4672 76
4673 184
4674 128
4675 127
4676 119
4677 122
4678 156
4679 121
4680 131
4681 153
4682 103
4683 122
4684 119
4685 101
4686 93
4687 133
4688 129
4689 124
4690 143
4691 136
4692 152
4693 76
4694 160
4695 42
4696 194
4697 142
4698 140
4699 66
4700 132
4701 118
4702 154
4703 138
4704 163
4705 83
4706 191
4707 150
4708 133
4709 127
4710 166
4711 131
4712 170
4713 121
4714 136
4715 132
4716 128
4717 131
4718 154
4719 157
4720 122
4721 142
4722 180
4723 127
4724 170
4725 92
4726 79
4727 150
4728 144
4729 138
4730 132
4731 118
4732 106
4733 132
4734 70
4735 133
4736 136
4737 147
4738 167
4739 114
4740 130
4741 123
4742 104
4743 136
4744 121
4745 159
4746 122
4747 160
4748 141
4749 111
4750 163
4751 106
4752 125
4753 117
4754 146
4755 136
4756 143
4757 116
4758 118
4759 106
4760 126
4761 132
4762 145
4763 114
4764 115
4765 133
4766 174
4767 140
4768 105
4769 100
4770 95
4771 134
4772 129
4773 75
4774 82
4775 135
4776 133
4777 84
4778 118
4779 148
4780 96
4781 151
4782 102
4783 145
4784 112
4785 143
4786 150
4787 96
4788 77
4789 100
4790 129
4791 119
4792 125
4793 80
4794 126
4795 142
4796 157
4797 135
4798 129
4799 110
4800 136
4801 107
4802 114
4803 123
4804 114
4805 64
4806 176
4807 134
4808 128
4809 115
4810 104
4811 147
4812 146
4813 137
4814 189
4815 158
4816 177
4817 109
4818 127
4819 115
4820 137
4821 132
4822 170
4823 144
4824 135
4825 107
4826 109
4827 114
4828 114
4829 128
4830 157
4831 74
4832 130
4833 147
4834 127
4835 128
4836 119
4837 135
4838 158
4839 165
4840 87
4841 104
4842 188
4843 154
4844 36
4845 165
4846 77
4847 101
4848 105
4849 129
4850 136
4851 168
4852 113
4853 190
4854 120
4855 150
4856 150
4857 143
4858 135
4859 154
4860 104
4861 95
4862 135
4863 128
4864 140
4865 125
4866 153
4867 146
4868 120
4869 58
4870 181
4871 106
4872 82
4873 91
4874 135
4875 131
4876 152
4877 97
4878 120
4879 104
4880 190
4881 104
4882 137
4883 149
4884 130
4885 113
4886 114
4887 142
4888 125
4889 147
4890 160
4891 124
4892 135
4893 123
4894 73
4895 179
4896 108
4897 172
4898 111
4899 95
4900 170
4901 107
4902 106
4903 115
4904 147
4905 135
4906 99
4907 114
4908 139
4909 155
4910 76
4911 160
4912 196
4913 133
4914 130
4915 124
4916 82
4917 131
4918 131
4919 116
4920 110
4921 115
4922 135
4923 152
4924 131
4925 106
4926 183
4927 153
4928 100
4929 129
4930 135
4931 135
4932 120
4933 113
4934 133
4935 94
4936 118
4937 129
4938 101
4939 137
4940 155
4941 173
4942 122
4943 180
4944 130
4945 122
4946 146
4947 137
4948 135
4949 79
4950 139
4951 93
4952 105
4953 120
4954 142
4955 211
4956 136
4957 156
4958 139
4959 145
4960 153
4961 105
4962 153
4963 122
4964 84
4965 142
4966 95
4967 137
4968 161
4969 132
4970 89
4971 114
4972 112
4973 92
4974 127
4975 176
4976 111
4977 101
4978 158
4979 135
4980 150
4981 63
4982 156
4983 198
4984 136
4985 119
4986 174
4987 95
4988 137
4989 153
4990 120
4991 135
4992 120
4993 120
4994 61
4995 153
4996 150
4997 102
4998 95
4999 117
5000 96
5001 144
5002 153
5003 103
5004 153
5005 139
5006 135
5007 136
5008 110
5009 157
5010 113
5011 149
5012 99
5013 149
5014 136
5015 143
5016 131
5017 118
5018 134
5019 116
5020 162
5021 97
5022 130
5023 153
5024 106
5025 112
5026 140
5027 105
5028 114
5029 109
5030 127
5031 78
5032 117
5033 155
5034 160
5035 119
5036 122
5037 77
5038 171
5039 106
5040 172
5041 126
5042 136
5043 101
5044 120
5045 84
5046 120
5047 175
5048 110
5049 134
5050 148
5051 164
5052 86
5053 141
5054 163
5055 134
5056 148
5057 142
5058 110
5059 163
5060 156
5061 124
5062 146
5063 149
5064 105
5065 114
5066 127
5067 141
5068 129
5069 116
5070 89
5071 109
5072 140
5073 147
5074 134
5075 164
5076 158
5077 134
5078 151
5079 124
5080 160
5081 149
5082 119
5083 115
5084 123
5085 153
5086 125
5087 151
5088 123
5089 131
5090 155
5091 136
5092 161
5093 36
5094 132
5095 159
5096 121
5097 131
5098 86
5099 118
5100 85
5101 144
5102 151
5103 143
5104 109
5105 149
5106 183
5107 146
5108 146
5109 107
5110 147
5111 131
5112 140
5113 107
5114 131
5115 118
5116 140
5117 114
5118 155
5119 125
5120 146
5121 125
5122 98
5123 114
5124 144
5125 103
5126 186
5127 117
5128 124
5129 137
5130 139
5131 125
5132 148
5133 98
5134 116
5135 171
5136 146
5137 127
5138 129
5139 186
5140 146
5141 156
5142 141
5143 141
5144 128
5145 146
5146 134
5147 118
5148 150
5149 149
5150 102
5151 129
5152 147
5153 108
5154 236
5155 140
5156 119
5157 124
5158 115
5159 142
5160 105
5161 142
5162 123
5163 75
5164 103
5165 133
5166 138
5167 102
5168 161
5169 175
5170 147
5171 72
5172 158
5173 123
5174 139
5175 140
5176 107
5177 92
5178 98
5179 157
5180 137
5181 87
5182 133
5183 144
5184 127
5185 108
5186 160
5187 138
5188 132
5189 120
5190 103
5191 252
5192 89
5193 99
5194 113
5195 125
5196 120
5197 130
5198 148
5199 153
5200 121
5201 137
5202 131
5203 132
5204 121
5205 186
5206 115
5207 156
5208 109
5209 152
5210 156
5211 161
5212 141
5213 133
5214 111
5215 50
5216 117
5217 146
5218 80
5219 125
5220 150
5221 120
5222 120
5223 150
5224 150
5225 110
5226 134
5227 126
5228 154
5229 72
5230 145
5231 106
5232 193
5233 153
5234 184
5235 130
5236 121
5237 83
5238 100
5239 201
5240 128
5241 83
5242 131
5243 127
5244 187
5245 143
5246 104
5247 145
5248 135
5249 141
5250 166
5251 153
5252 113
5253 93
5254 135
5255 141
5256 175
5257 97
5258 118
5259 96
5260 121
5261 121
5262 135
5263 151
5264 153
5265 107
5266 134
5267 144
5268 176
5269 146
5270 116
5271 107
5272 157
5273 127
5274 144
5275 141
5276 123
5277 98
5278 128
5279 113
5280 151
5281 140
5282 90
5283 87
5284 130
5285 153
5286 83
5287 139
5288 117
5289 133
5290 116
5291 182
5292 133
5293 116
5294 137
5295 145
5296 155
5297 141
5298 100
5299 119
5300 113
5301 91
5302 124
5303 160
5304 165
5305 128
5306 128
5307 134
5308 136
5309 137
5310 132
5311 196
5312 129
5313 119
5314 86
5315 116
5316 127
5317 144
5318 139
5319 125
5320 123
5321 134
5322 64
5323 133
5324 126
5325 142
5326 118
5327 64
5328 102
5329 125
5330 100
5331 126
5332 148
5333 106
5334 122
5335 102
5336 169
5337 139
5338 137
5339 123
5340 97
5341 137
5342 119
5343 93
5344 190
5345 153
5346 124
5347 142
5348 117
5349 122
5350 131
5351 143
5352 79
5353 163
5354 167
5355 117
5356 144
5357 111
5358 82
5359 94
5360 94
5361 85
5362 164
5363 130
5364 133
5365 137
5366 124
5367 126
5368 168
5369 129
5370 138
5371 150
5372 151
5373 120
5374 168
5375 128
5376 101
5377 90
5378 181
5379 166
5380 127
5381 110
5382 96
5383 155
5384 84
5385 136
5386 97
5387 141
5388 150
5389 127
5390 121
5391 119
5392 145
5393 120
5394 173
5395 132
5396 137
5397 134
5398 126
5399 171
5400 126
5401 126
5402 157
5403 147
5404 143
5405 112
5406 124
5407 164
5408 130
5409 61
5410 131
5411 93
5412 154
5413 154
5414 156
5415 221
5416 127
5417 113
5418 155
5419 131
5420 208
5421 119
5422 104
5423 118
5424 197
5425 182
5426 132
5427 167
5428 162
5429 112
5430 95
5431 177
5432 127
5433 126
5434 154
5435 104
5436 126
5437 120
5438 131
5439 115
5440 98
5441 129
5442 153
5443 134
5444 125
5445 102
5446 128
5447 123
5448 123
5449 84
5450 126
5451 127
5452 139
5453 207
5454 149
5455 142
5456 138
5457 143
5458 145
5459 140
5460 126
5461 131
5462 83
5463 134
5464 125
5465 108
5466 90
5467 157
5468 144
5469 144
5470 150
5471 131
5472 145
5473 157
5474 180
5475 103
5476 151
5477 99
5478 114
5479 152
5480 127
5481 48
5482 116
5483 128
5484 136
5485 145
5486 122
5487 130
5488 123
5489 125
5490 104
5491 157
5492 130
5493 152
5494 164
5495 138
5496 142
5497 80
5498 171
5499 178
5500 92
5501 116
5502 131
5503 85
5504 118
5505 89
5506 167
5507 165
5508 156
5509 123
5510 136
5511 187
5512 232
5513 155
5514 115
5515 126
5516 95
5517 0
5518 110
5519 204
5520 158
5521 98
5522 88
5523 112
5524 119
5525 172
5526 121
5527 124
5528 149
5529 131
5530 98
5531 109
5532 178
5533 117
5534 137
5535 122
5536 140
5537 148
5538 114
5539 121
5540 158
5541 131
5542 71
5543 92
5544 129
5545 142
5546 115
5547 119
5548 147
5549 131
5550 69
5551 127
5552 130
5553 130
5554 117
5555 141
5556 82
5557 91
5558 162
5559 116
5560 153
5561 163
5562 159
5563 152
5564 121
5565 99
5566 122
5567 140
5568 129
5569 140
5570 168
5571 105
5572 132
5573 102
5574 142
5575 116
5576 142
5577 107
5578 165
5579 86
5580 82
5581 86
5582 142
5583 142
5584 145
5585 121
5586 93
5587 116
5588 160
5589 108
5590 149
5591 104
5592 128
5593 104
5594 135
5595 117
5596 173
5597 83
5598 100
5599 119
5600 137
5601 73
5602 108
5603 148
5604 123
5605 153
5606 116
5607 142
5608 148
5609 148
5610 144
5611 111
5612 162
5613 103
5614 100
5615 137
5616 108
5617 137
5618 138
5619 123
5620 49
5621 142
5622 132
5623 112
5624 132
5625 110
5626 154
5627 143
5628 170
5629 137
5630 153
5631 114
5632 157
5633 182
5634 160
5635 165
5636 156
5637 106
5638 121
5639 153
5640 142
5641 166
5642 182
5643 168
5644 130
5645 155
5646 149
5647 124
5648 140
5649 210
5650 127
5651 116
5652 155
5653 142
5654 87
5655 131
5656 95
5657 132
5658 87
5659 117
5660 130
5661 132
5662 144
5663 127
5664 113
5665 159
5666 115
5667 112
5668 114
5669 119
5670 169
5671 143
5672 125
5673 92
5674 167
5675 122
5676 103
5677 173
5678 106
5679 127
5680 131
5681 123
5682 125
5683 111
5684 99
5685 130
5686 101
5687 132
5688 159
5689 125
5690 105
5691 126
5692 113
5693 141
5694 105
5695 148
5696 102
5697 139
5698 109
5699 132
5700 104
5701 150
5702 119
5703 83
5704 95
5705 70
5706 130
5707 151
5708 92
5709 105
5710 181
5711 124
5712 128
5713 117
5714 136
5715 112
5716 89
5717 109
5718 157
5719 205
5720 97
5721 109
5722 117
5723 200
5724 133
5725 196
5726 132
5727 130
5728 146
5729 115
5730 167
5731 115
5732 78
5733 113
5734 127
5735 153
5736 175
5737 184
5738 86
5739 113
5740 121
5741 124
5742 116
5743 165
5744 118
5745 153
5746 133
5747 116
5748 92
5749 149
5750 148
5751 138
5752 138
5753 200
5754 119
5755 190
5756 138
5757 93
5758 107
5759 152
5760 136
5761 142
5762 138
5763 90
5764 115
5765 142
5766 130
5767 143
5768 98
5769 126
5770 159
5771 127
5772 161
5773 133
5774 98
5775 125
5776 118
5777 165
5778 121
5779 132
5780 115
5781 85
5782 111
5783 121
5784 150
5785 131
5786 134
5787 126
5788 162
5789 126
5790 82
5791 155
5792 120
5793 142
5794 77
5795 151
5796 130
5797 168
5798 97
5799 138
5800 149
5801 89
5802 153
5803 155
5804 113
5805 114
5806 123
5807 83
5808 129
5809 95
5810 114
5811 112
5812 139
5813 92
5814 135
5815 134
5816 132
5817 144
5818 120
5819 159
5820 119
5821 139
5822 97
5823 148
5824 151
5825 106
5826 164
5827 130
5828 131
5829 94
5830 127
5831 133
5832 93
5833 126
5834 121
5835 191
5836 81
5837 67
5838 98
5839 115
5840 104
5841 161
5842 101
5843 129
5844 159
5845 160
5846 150
5847 131
5848 118
5849 180
5850 144
5851 106
5852 123
5853 168
5854 147
5855 92
5856 114
5857 155
5858 101
5859 140
5860 125
5861 144
5862 120
5863 143
5864 126
5865 84
5866 106
5867 137
5868 95
5869 116
5870 115
5871 139
5872 10
5873 98
5874 109
5875 115
5876 119
5877 126
5878 162
5879 110
5880 122
5881 122
5882 106
5883 111
5884 147
5885 124
5886 153
5887 142
5888 146
5889 83
5890 117
5891 113
5892 158
5893 123
5894 164
5895 110
5896 106
5897 112
5898 129
5899 148
5900 116
5901 168
5902 130
5903 195
5904 118
5905 130
5906 121
5907 130
5908 109
5909 124
5910 141
5911 178
5912 178
5913 150
5914 117
5915 144
5916 147
5917 85
5918 111
5919 129
5920 222
5921 144
5922 133
5923 131
5924 152
5925 126
5926 134
5927 158
5928 149
5929 126
5930 140
5931 117
5932 160
5933 132
5934 176
5935 171
5936 124
5937 128
5938 127
5939 165
5940 114
5941 109
5942 93
5943 152
5944 143
5945 131
5946 127
5947 100
5948 145
5949 91
5950 127
5951 129
5952 153
5953 146
5954 156
5955 134
5956 138
5957 110
5958 180
5959 104
5960 101
5961 137
5962 137
5963 116
5964 107
5965 93
5966 135
5967 173
5968 150
5969 130
5970 74
5971 138
5972 128
5973 116
5974 150
5975 136
5976 127
5977 164
5978 161
5979 129
5980 148
5981 128
5982 151
5983 114
5984 121
5985 72
5986 128
5987 132
5988 135
5989 143
5990 115
5991 147
5992 136
5993 126
5994 141
5995 110
5996 129
5997 101
5998 117
5999 119
6000 100
6001 142
6002 128
6003 155
6004 151
6005 146
6006 136
6007 145
6008 151
6009 139
6010 82
6011 87
6012 119
6013 158
6014 173
6015 128
6016 131
6017 107
6018 143
6019 184
6020 115
6021 206
6022 104
6023 147
6024 136
6025 135
6026 116
6027 84
6028 116
6029 101
6030 106
6031 147
6032 159
6033 123
6034 151
6035 151
6036 152
6037 140
6038 157
6039 140
6040 141
6041 165
6042 135
6043 47
6044 146
6045 105
6046 130
6047 125
6048 153
6049 112
6050 131
6051 163
6052 180
6053 174
6054 119
6055 140
6056 124
6057 114
6058 116
6059 138
6060 126
6061 98
6062 130
6063 114
6064 163
6065 125
6066 133
6067 126
6068 160
6069 122
6070 111
6071 151
6072 150
6073 184
6074 125
6075 129
6076 104
6077 120
6078 123
6079 161
6080 137
6081 102
6082 119
6083 127
6084 150
6085 133
6086 146
6087 97
6088 158
6089 197
6090 157
6091 116
6092 109
6093 161
6094 91
6095 146
6096 65
6097 127
6098 120
6099 115
6100 142
6101 116
6102 87
6103 175
6104 147
6105 137
6106 120
6107 141
6108 133
6109 180
6110 110
6111 154
6112 126
6113 127
6114 155
6115 121
6116 144
6117 113
6118 111
6119 173
6120 126
6121 19
6122 126
6123 126
6124 167
6125 131
6126 123
6127 97
6128 125
6129 97
6130 101
6131 191
6132 109
6133 209
6134 98
6135 121
6136 136
6137 101
6138 108
6139 117
6140 122
6141 159
6142 117
6143 112
6144 166
6145 122
6146 94
6147 108
6148 111
6149 89
6150 122
6151 95
6152 130
6153 112
6154 154
6155 140
6156 113
6157 141
6158 118
6159 132
6160 145
6161 103
6162 131
6163 122
6164 99
6165 139
6166 118
6167 140
6168 120
6169 125
6170 140
6171 147
6172 129
6173 164
6174 125
6175 97
6176 123
6177 139
6178 146
6179 114
6180 136
6181 200
6182 137
6183 73
6184 194
6185 128
6186 133
6187 149
6188 143
6189 153
6190 175
6191 120
6192 163
6193 102
6194 123
6195 148
6196 143
6197 134
6198 124
6199 175
6200 118
6201 120
6202 124
6203 138
6204 111
6205 168
6206 141
6207 119
6208 117
6209 119
6210 108
6211 147
6212 164
6213 114
6214 118
6215 123
6216 152
6217 138
6218 150
6219 151
6220 107
6221 132
6222 99
6223 119
6224 95
6225 137
6226 177
6227 112
6228 154
6229 117
6230 93
6231 134
6232 106
6233 140
6234 138
6235 138
6236 129
6237 165
6238 116
6239 184
6240 72
6241 140
6242 135
6243 114
6244 71
6245 118
6246 126
6247 123
6248 125
6249 151
6250 116
6251 107
6252 160
6253 142
6254 155
6255 135
6256 149
6257 111
6258 137
6259 144
6260 126
6261 106
6262 83
6263 161
6264 184
6265 111
6266 140
6267 130
6268 169
6269 110
6270 159
6271 131
6272 151
6273 155
6274 127
6275 98
6276 67
6277 158
6278 64
6279 132
6280 148
6281 165
6282 122
6283 133
6284 152
6285 156
6286 113
6287 148
6288 135
6289 158
6290 112
6291 129
6292 92
6293 155
6294 133
6295 107
6296 161
6297 145
6298 123
6299 108
6300 130
6301 109
6302 146
6303 86
6304 109
6305 105
6306 143
6307 112
6308 165
6309 149
6310 128
6311 119
6312 129
6313 100
6314 123
6315 147
6316 116
6317 120
6318 141
6319 137
6320 145
6321 147
6322 130
6323 130
6324 115
6325 128
6326 126
6327 135
6328 104
6329 120
6330 129
6331 231
6332 142
6333 161
6334 143
6335 112
6336 117
6337 114
6338 139
6339 98
6340 143
6341 122
6342 157
6343 126
6344 114
6345 116
6346 199
6347 78
6348 75
6349 111
6350 124
6351 153
6352 155
6353 166
6354 139
6355 136
6356 136
6357 116
6358 160
6359 136
6360 146
6361 119
6362 117
6363 124
6364 122
6365 88
6366 122
6367 134
6368 181
6369 130
6370 133
6371 97
6372 116
6373 129
6374 101
6375 111
6376 142
6377 129
6378 130
6379 133
6380 109
6381 122
6382 130
6383 127
6384 135
6385 174
6386 194
6387 151
6388 147
6389 139
6390 135
6391 150
6392 140
6393 138
6394 164
6395 96
6396 88
6397 129
6398 107
6399 166
6400 153
6401 131
6402 104
6403 138
6404 151
6405 153
6406 125
6407 80
6408 125
6409 150
6410 163
6411 125
6412 201
6413 130
6414 171
6415 156
6416 126
6417 145
6418 148
6419 118
6420 94
6421 142
6422 179
6423 148
6424 139
6425 154
6426 154
6427 77
6428 99
6429 125
6430 120
6431 70
6432 141
6433 135
6434 135
6435 139
6436 105
6437 123
6438 123
6439 89
6440 113
6441 124
6442 139
6443 140
6444 121
6445 121
6446 144
6447 148
6448 157
6449 147
6450 112
6451 139
6452 104
6453 167
6454 126
6455 173
6456 122
6457 114
6458 124
6459 130
6460 133
6461 148
6462 140
6463 103
6464 137
6465 125
6466 130
6467 153
6468 102
6469 135
6470 131
6471 125
6472 175
6473 134
6474 118
6475 141
6476 149
6477 89
6478 133
6479 150
6480 142
6481 126
6482 102
6483 98
6484 113
6485 114
6486 151
6487 146
6488 89
6489 118
6490 131
6491 143
6492 170
6493 102
6494 145
6495 112
6496 112
6497 145
6498 150
6499 137
6500 132
6501 159
6502 121
6503 114
6504 99
6505 133
6506 82
6507 101
6508 154
6509 113
6510 119
6511 137
6512 126
6513 151
6514 108
6515 154
6516 133
6517 120
6518 140
6519 148
6520 117
6521 150
6522 131
6523 140
6524 122
6525 88
6526 151
6527 133
6528 139
6529 112
6530 157
6531 154
6532 145
6533 107
6534 178
6535 129
6536 123
6537 129
6538 156
6539 137
6540 132
6541 123
6542 116
6543 160
6544 144
6545 122
6546 119
6547 133
6548 133
6549 81
6550 92
6551 129
6552 140
6553 114
6554 116
6555 159
6556 142
6557 128
6558 142
6559 139
6560 187
6561 142
6562 130
6563 114
6564 113
6565 173
6566 116
6567 115
6568 131
6569 128
6570 125
6571 80
6572 85
6573 113
6574 145
6575 133
6576 80
6577 136
6578 117
6579 112
6580 93
6581 135
6582 141
6583 119
6584 122
6585 115
6586 121
6587 113
6588 101
6589 125
6590 118
6591 123
6592 95
6593 107
6594 117
6595 174
6596 131
6597 150
6598 176
6599 121
6600 107
6601 111
6602 122
6603 156
6604 152
6605 98
6606 132
6607 115
6608 119
6609 129
6610 147
6611 149
6612 171
6613 83
6614 94
6615 144
6616 177
6617 74
6618 141
6619 108
6620 129
6621 135
6622 108
6623 115
6624 98
6625 171
6626 110
6627 132
6628 163
6629 103
6630 128
6631 140
6632 132
6633 137
6634 146
6635 146
6636 137
6637 100
6638 122
6639 146
6640 124
6641 137
6642 141
6643 119
6644 156
6645 121
6646 134
6647 151
6648 161
6649 137
6650 68
6651 89
6652 140
6653 173
6654 105
6655 149
6656 120
6657 169
6658 107
6659 116
6660 121
6661 163
6662 119
6663 132
6664 125
6665 131
6666 110
6667 127
6668 130
6669 134
6670 154
6671 149
6672 130
6673 122
6674 165
6675 124
6676 164
6677 112
6678 115
6679 111
6680 119
6681 114
6682 101
6683 199
6684 111
6685 155
6686 116
6687 126
6688 111
6689 123
6690 173
6691 137
6692 121
6693 107
6694 151
6695 131
6696 122
6697 147
6698 128
6699 121
6700 128
6701 139
6702 92
6703 122
6704 179
6705 144
6706 128
6707 131
6708 139
6709 119
6710 118
6711 141
6712 108
6713 143
6714 133
6715 101
6716 125
6717 164
6718 137
6719 143
6720 98
6721 135
6722 121
6723 124
6724 107
6725 132
6726 99
6727 99
6728 123
6729 67
6730 139
6731 112
6732 137
6733 107
6734 182
6735 106
6736 148
6737 98
6738 185
6739 139
6740 144
6741 152
6742 158
6743 127
6744 193
6745 120
6746 153
6747 88
6748 134
6749 95
6750 157
6751 159
6752 112
6753 121
6754 142
6755 129
6756 155
6757 105
6758 161
6759 116
6760 140
6761 145
6762 122
6763 139
6764 131
6765 153
6766 111
6767 110
6768 109
6769 190
6770 124
6771 113
6772 136
6773 157
6774 126
6775 134
6776 134
6777 64
6778 70
6779 135
6780 109
6781 135
6782 132
6783 60
6784 146
6785 110
6786 160
6787 100
6788 173
6789 114
6790 111
6791 122
6792 126
6793 99
6794 123
6795 97
6796 131
6797 178
6798 111
6799 153
6800 141
6801 127
6802 106
6803 195
6804 116
6805 148
6806 118
6807 135
6808 172
6809 143
6810 141
6811 131
6812 80
6813 144
6814 178
6815 148
6816 163
6817 137
6818 134
6819 131
6820 165
6821 138
6822 144
6823 124
6824 128
6825 96
6826 130
6827 130
6828 152
6829 103
6830 116
6831 96
6832 118
6833 149
6834 139
6835 124
6836 132
6837 114
6838 131
6839 161
6840 120
6841 144
6842 159
6843 151
6844 128
6845 124
6846 152
6847 142
6848 158
6849 133
6850 116
6851 136
6852 140
6853 148
6854 150
6855 101
6856 133
6857 100
6858 170
6859 156
6860 137
6861 141
6862 142
6863 135
6864 150
6865 140
6866 109
6867 111
6868 84
6869 153
6870 121
6871 112
6872 107
6873 168
6874 114
6875 199
6876 180
6877 61
6878 102
6879 135
6880 185
6881 103
6882 153
6883 105
6884 133
6885 123
6886 176
6887 91
6888 130
6889 136
6890 159
6891 165
6892 109
6893 138
6894 171
6895 109
6896 151
6897 106
6898 141
6899 144
6900 114
6901 131
6902 130
6903 103
6904 134
6905 142
6906 120
6907 208
6908 114
6909 121
6910 114
6911 95
6912 109
6913 127
6914 137
6915 146
6916 164
6917 168
6918 123
6919 98
6920 127
6921 163
6922 189
6923 143
6924 142
6925 128
6926 146
6927 213
6928 114
6929 137
6930 107
6931 137
6932 100
6933 104
6934 138
6935 153
6936 110
6937 132
6938 156
6939 136
6940 144
6941 119
6942 139
6943 158
6944 183
6945 114
6946 147
6947 136
6948 101
6949 148
6950 115
6951 140
6952 113
6953 107
6954 139
6955 135
6956 108
6957 134
6958 126
6959 152
6960 153
6961 136
6962 181
6963 130
6964 100
6965 155
6966 107
6967 9
6968 127
6969 148
6970 43
6971 134
6972 141
6973 128
6974 91
6975 136
6976 141
6977 89
6978 137
6979 146
6980 127
6981 130
6982 161
6983 106
6984 147
6985 137
6986 170
6987 166
6988 107
6989 138
6990 109
6991 145
6992 111
6993 126
6994 150
6995 124
6996 139
6997 139
6998 111
6999 129
7000 147
7001 125
7002 149
7003 162
7004 153
7005 136
7006 52
7007 151
7008 134
7009 72
7010 144
7011 123
7012 53
7013 142
7014 128
7015 130
7016 118
7017 157
7018 92
7019 142
7020 144
7021 132
7022 111
7023 98
7024 200
7025 137
7026 82
7027 129
7028 146
7029 150
7030 126
7031 129
7032 128
7033 133
7034 138
7035 118
7036 136
7037 114
7038 148
7039 71
7040 104
7041 153
7042 165
7043 146
7044 103
7045 125
7046 174
7047 163
7048 135
7049 151
7050 83
7051 109
7052 130
7053 159
7054 136
7055 169
7056 152
7057 114
7058 145
7059 154
7060 118
7061 145
7062 122
7063 113
7064 159
7065 175
7066 123
7067 108
7068 120
7069 114
7070 136
7071 126
7072 108
7073 150
7074 122
7075 118
7076 120
7077 126
7078 176
7079 111
7080 125
7081 125
7082 121
7083 128
7084 151
7085 124
7086 116
7087 135
7088 165
7089 109
7090 162
7091 128
7092 139
7093 127
7094 170
7095 70
7096 143
7097 119
7098 137
7099 173
7100 137
7101 137
7102 158
7103 179
7104 70
7105 133
7106 135
7107 120
7108 126
7109 135
7110 137
7111 118
7112 161
7113 151
7114 121
7115 150
7116 65
7117 176
7118 180
7119 140
7120 100
7121 166
7122 149
7123 94
7124 109
7125 163
7126 124
7127 198
7128 139
7129 94
7130 150
7131 109
7132 124
7133 110
7134 137
7135 99
7136 137
7137 93
7138 120
7139 243
7140 114
7141 147
7142 59
7143 166
7144 136
7145 135
7146 113
7147 145
7148 135
7149 126
7150 147
7151 129
7152 123
7153 140
7154 143
7155 124
7156 113
7157 178
7158 123
7159 113
7160 106
7161 127
7162 132
7163 163
7164 150
7165 147
7166 116
7167 109
7168 121
7169 69
7170 101
7171 162
7172 132
7173 93
7174 88
7175 104
7176 156
7177 98
7178 145
7179 124
7180 158
7181 188
7182 125
7183 133
7184 150
7185 154
7186 111
7187 115
7188 145
7189 133
7190 139
7191 76
7192 184
7193 135
7194 108
7195 90
7196 111
7197 139
7198 80
7199 155
7200 82
7201 114
7202 132
7203 141
7204 184
7205 123
7206 114
7207 136
7208 112
7209 138
7210 83
7211 120
7212 111
7213 144
7214 130
7215 105
7216 119
7217 85
7218 79
7219 145
7220 180
7221 118
7222 181
7223 173
7224 63
7225 137
7226 159
7227 112
7228 107
7229 225
7230 121
7231 134
7232 136
7233 115
7234 77
7235 133
7236 133
7237 138
7238 150
7239 151
7240 145
7241 116
7242 140
7243 151
7244 102
7245 161
7246 182
7247 103
7248 103
7249 185
7250 144
7251 152
7252 118
7253 110
7254 105
7255 125
7256 112
7257 129
7258 92
7259 135
7260 112
7261 159
7262 123
7263 126
7264 84
7265 128
7266 147
7267 162
7268 124
7269 111
7270 148
7271 149
7272 114
7273 132
7274 128
7275 118
7276 115
7277 151
7278 152
7279 119
7280 136
7281 129
7282 132
7283 118
7284 121
7285 103
7286 151
7287 130
7288 117
7289 112
7290 142
7291 110
7292 135
7293 143
7294 142
7295 90
7296 96
7297 130
7298 142
7299 138
7300 142
7301 113
7302 150
7303 216
7304 65
7305 110
7306 114
7307 81
7308 141
7309 140
7310 168
7311 125
7312 100
7313 162
7314 69
7315 143
7316 95
7317 128
7318 108
7319 95
7320 127
7321 105
7322 98
7323 171
7324 118
7325 122
7326 95
7327 0
7328 152
7329 107
7330 160
7331 131
7332 157
7333 112
7334 205
7335 151
7336 186
7337 158
7338 65
7339 145
7340 145
7341 130
7342 144
7343 159
7344 153
7345 114
7346 176
7347 159
7348 143
7349 162
7350 134
7351 163
7352 149
7353 94
7354 164
7355 115
7356 196
7357 144
7358 129
7359 130
7360 0
7361 125
7362 133
7363 161
7364 115
7365 187
7366 150
7367 106
7368 158
7369 110
7370 156
7371 131
7372 113
7373 119
7374 124
7375 123
7376 72
7377 136
7378 149
7379 105
7380 136
7381 135
7382 98
7383 114
7384 83
7385 150
7386 154
7387 107
7388 145
7389 133
7390 109
7391 107
7392 135
7393 105
7394 137
7395 108
7396 155
7397 93
7398 159
7399 116
7400 149
7401 30
7402 155
7403 93
7404 130
7405 147
7406 132
7407 155
7408 135
7409 111
7410 135
7411 124
7412 165
7413 119
7414 132
7415 118
7416 166
7417 112
7418 152
7419 174
7420 107
7421 114
7422 115
7423 127
7424 114
7425 98
7426 86
7427 163
7428 109
7429 126
7430 116
7431 138
7432 131
7433 113
7434 185
7435 132
7436 136
7437 148
7438 162
7439 144
7440 162
7441 94
7442 135
7443 116
7444 137
7445 145
7446 69
7447 160
7448 140
7449 129
7450 119
7451 173
7452 183
7453 118
7454 109
7455 156
7456 120
7457 139
7458 136
7459 119
7460 94
7461 128
7462 118
7463 156
7464 99
7465 57
7466 98
7467 95
7468 119
7469 118
7470 141
7471 141
7472 132
7473 129
7474 144
7475 101
7476 121
7477 172
7478 124
7479 100
7480 140
7481 139
7482 121
7483 115
7484 151
7485 120
7486 101
7487 106
7488 174
7489 121
7490 142
7491 232
7492 133
7493 119
7494 142
7495 127
7496 130
7497 140
7498 119
7499 109
7500 133
7501 116
7502 132
7503 153
7504 108
7505 121
7506 134
7507 138
7508 155
7509 125
7510 148
7511 116
7512 180
7513 92
7514 81
7515 135
7516 82
7517 129
7518 125
7519 133
7520 95
7521 161
7522 126
7523 132
7524 136
7525 135
7526 128
7527 155
7528 131
7529 128
7530 128
7531 147
7532 127
7533 107
7534 122
7535 157
7536 146
7537 127
7538 113
7539 155
7540 136
7541 62
7542 195
7543 162
7544 123
7545 130
7546 128
7547 100
7548 126
7549 151
7550 115
7551 98
7552 138
7553 124
7554 147
7555 116
7556 115
7557 139
7558 118
7559 124
7560 99
7561 112
7562 192
7563 125
7564 132
7565 147
7566 107
7567 138
7568 116
7569 139
7570 106
7571 112
7572 100
7573 156
7574 141
7575 100
7576 128
7577 145
7578 132
7579 144
7580 119
7581 145
7582 186
7583 105
7584 126
7585 119
7586 153
7587 134
7588 108
7589 123
7590 132
7591 127
7592 106
7593 82
7594 135
7595 119
7596 92
7597 143
7598 160
7599 153
