Vertices: 2700
Edges: 18900
Time: 0,861 ms
Iterations: 18894
Vertex Distance
0 0
1 141
2 120
3 173
4 215
5 157
6 178
7 206
8 195
9 0
10 167
11 191
12 121
13 177
14 182
15 167
16 188
17 203
18 208
19 131
20 179
21 163
22 177
23 218
24 180
25 129
26 180
27 103
28 210
29 169
30 253
31 155
32 170
33 183
34 222
35 145
36 227
37 147
38 152
39 175
40 168
41 179
42 204
43 168
44 175
45 181
46 157
47 158
48 150
49 168
50 201
51 173
52 156
53 156
54 132
55 189
56 147
57 171
58 187
59 200
60 190
61 166
62 178
63 156
64 188
65 140
66 126
67 185
68 150
69 181
70 177
71 165
72 165
73 158
74 193
75 174
76 181
77 190
78 178
79 209
80 183
81 114
82 125
83 169
84 174
85 170
86 180
87 135
88 192
89 181
90 166
91 179
92 161
93 217
94 187
95 188
96 163
97 182
98 186
99 173
100 205
101 165
102 176
103 146
104 161
105 178
106 158
107 169
108 154
109 173
110 173
111 128
112 173
113 140
114 182
115 158
116 160
117 163
118 129
119 197
120 156
121 157
122 175
123 183
124 189
125 159
126 179
127 168
128 173
129 165
130 173
131 179
132 173
133 178
134 211
135 91
136 177
137 128
138 142
139 183
140 129
141 173
142 184
143 200
144 192
145 182
146 168
147 164
148 180
149 168
150 143
151 173
152 183
153 162
154 157
155 215
156 185
157 170
158 188
159 154
160 143
161 169
162 157
163 188
164 150
165 228
166 162
167 161
168 179
169 159
170 206
171 155
172 188
173 170
174 199
175 162
176 156
177 170
178 167
179 179
180 208
181 210
182 144
183 177
184 178
185 171
186 161
187 162
188 151
189 144
190 181
191 122
192 130
193 185
194 181
195 168
196 154
197 185
198 168
199 157
200 196
201 145
202 175
203 157
204 157
205 107
206 198
207 165
208 181
209 170
210 154
211 165
212 158
213 175
214 195
215 184
216 169
217 177
218 157
219 202
220 181
221 168
222 172
223 175
224 185
225 192
226 170
227 128
228 138
229 133
230 156
231 172
232 180
233 122
234 178
235 156
236 153
237 205
238 138
239 150
240 145
241 152
242 112
243 192
244 120
245 183
246 148
247 169
248 158
249 171
250 169
251 181
252 192
253 189
254 167
255 167
256 171
257 160
258 190
259 167
260 165
261 211
262 164
263 169
264 163
265 186
266 160
267 164
268 156
269 180
270 176
271 186
272 181
273 178
274 208
275 161
276 156
277 152
278 202
279 201
280 125
281 87
282 209
283 146
284 187
285 149
286 171
287 198
288 182
289 170
290 186
291 169
292 184
293 176
294 144
295 180
296 128
297 184
298 190
299 158
300 197
301 106
302 170
303 153
304 182
305 191
306 236
307 143
308 148
309 177
310 148
311 166
312 150
313 166
314 161
315 186
316 164
317 210
318 172
319 201
320 164
321 172
322 187
323 135
324 150
325 165
326 171
327 165
328 186
329 178
330 187
331 261
332 151
333 145
334 162
335 185
336 154
337 158
338 176
339 157
340 175
341 133
342 139
343 171
344 156
345 182
346 182
347 140
348 149
349 161
350 156
351 160
352 179
353 235
354 167
355 219
356 177
357 134
358 169
359 170
360 137
361 149
362 227
363 192
364 143
365 174
366 162
367 140
368 152
369 169
370 185
371 187
372 172
373 193
374 168
375 193
376 192
377 166
378 133
379 194
380 175
381 184
382 207
383 88
384 162
385 167
386 162
387 195
388 157
389 178
390 189
391 178
392 129
393 104
394 187
395 138
396 163
397 161
398 189
399 200
400 210
401 186
402 192
403 142
404 139
405 215
406 170
407 146
408 151
409 152
410 190
411 183
412 99
413 208
414 170
415 162
416 160
417 215
418 137
419 105
420 118
421 153
422 201
423 178
424 127
425 159
426 160
427 196
428 182
429 140
430 156
431 189
432 133
433 206
434 179
435 201
436 177
437 152
438 158
439 215
440 188
441 151
442 172
443 91
444 237
445 186
446 169
447 176
448 179
449 201
450 155
451 170
452 176
453 168
454 120
455 175
456 149
457 166
458 147
459 149
460 204
461 176
462 183
463 155
464 142
465 175
466 186
467 193
468 161
469 179
470 182
471 169
472 123
473 200
474 134
475 172
476 177
477 198
478 113
479 173
480 176
481 173
482 170
483 141
484 210
485 195
486 181
487 132
488 167
489 164
490 148
491 177
492 200
493 196
494 180
495 158
496 169
497 154
498 192
499 164
500 164
501 184
502 142
503 180
504 149
505 210
506 219
507 135
508 142
509 195
510 167
511 183
512 138
513 134
514 178
515 203
516 162
517 157
518 162
519 165
520 112
521 174
522 179
523 191
524 185
525 157
526 142
527 169
528 181
529 117
530 185
531 150
532 203
533 152
534 189
535 166
536 144
537 159
538 249
539 170
540 168
541 165
542 198
543 212
544 190
545 189
546 164
547 163
548 172
549 222
550 210
551 182
552 172
553 184
554 143
555 177
556 194
557 144
558 192
559 164
560 174
561 191
562 216
563 167
564 177
565 182
566 190
567 126
568 187
569 223
570 179
571 138
572 175
573 162
574 119
575 174
576 153
577 186
578 143
579 213
580 128
581 196
582 153
583 181
584 145
585 213
586 195
587 150
588 178
589 172
590 173
591 169
592 138
593 172
594 183
595 140
596 165
597 142
598 138
599 172
600 175
601 217
602 199
603 166
604 173
605 158
606 168
607 177
608 162
609 184
610 175
611 200
612 159
613 192
614 114
615 173
616 150
617 208
618 177
619 171
620 211
621 157
622 184
623 175
624 189
625 139
626 220
627 149
628 181
629 178
630 165
631 158
632 187
633 143
634 169
635 174
636 167
637 135
638 179
639 192
640 151
641 207
642 180
643 158
644 136
645 158
646 146
647 144
648 161
649 155
650 192
651 227
652 167
653 181
654 160
655 164
656 176
657 193
658 169
659 212
660 157
661 217
662 179
663 195
664 141
665 160
666 187
667 156
668 177
669 183
670 198
671 188
672 165
673 175
674 150
675 165
676 150
677 189
678 161
679 190
680 173
681 187
682 187
683 141
684 154
685 188
686 247
687 195
688 127
689 273
690 150
691 202
692 185
693 193
694 165
695 145
696 222
697 148
698 197
699 208
700 204
701 157
702 164
703 165
704 183
705 161
706 194
707 186
708 255
709 163
710 155
711 148
712 158
713 167
714 167
715 163
716 154
717 175
718 167
719 257
720 175
721 167
722 204
723 173
724 159
725 169
726 176
727 170
728 183
729 152
730 204
731 148
732 192
733 170
734 174
735 178
736 188
737 124
738 169
739 138
740 195
741 188
742 181
743 126
744 177
745 149
746 173
747 162
748 172
749 149
750 201
751 175
752 162
753 170
754 152
755 200
756 125
757 157
758 130
759 142
760 169
761 166
762 169
763 176
764 180
765 199
766 173
767 201
768 132
769 199
770 182
771 198
772 152
773 176
774 183
775 206
776 209
777 166
778 150
779 160
780 164
781 193
782 152
783 153
784 190
785 190
786 183
787 200
788 191
789 167
790 148
791 175
792 186
793 187
794 177
795 180
796 178
797 131
798 204
799 162
800 234
801 146
802 145
803 167
804 182
805 169
806 179
807 144
808 176
809 143
810 192
811 172
812 183
813 154
814 157
815 187
816 203
817 209
818 145
819 150
820 213
821 150
822 174
823 226
824 200
825 175
826 156
827 164
828 165
829 199
830 172
831 189
832 169
833 197
834 121
835 146
836 166
837 145
838 179
839 167
840 210
841 173
842 176
843 175
844 193
845 144
846 156
847 149
848 158
849 205
850 229
851 170
852 193
853 136
854 149
855 155
856 163
857 164
858 115
859 159
860 139
861 139
862 175
863 145
864 166
865 184
866 180
867 200
868 145
869 198
870 182
871 202
872 184
873 180
874 202
875 160
876 175
877 200
878 130
879 209
880 181
881 205
882 158
883 152
884 163
885 169
886 148
887 211
888 164
889 186
890 152
891 140
892 192
893 155
894 158
895 162
896 184
897 167
898 171
899 148
900 134
901 143
902 111
903 155
904 178
905 142
906 186
907 147
908 147
909 192
910 139
911 156
912 138
913 164
914 204
915 174
916 119
917 181
918 114
919 172
920 163
921 158
922 168
923 138
924 129
925 193
926 170
927 194
928 182
929 186
930 172
931 170
932 171
933 223
934 204
935 175
936 141
937 203
938 139
939 182
940 162
941 159
942 181
943 150
944 171
945 156
946 176
947 155
948 139
949 166
950 138
951 173
952 180
953 173
954 187
955 129
956 282
957 133
958 230
959 166
960 256
961 156
962 204
963 163
964 192
965 137
966 180
967 149
968 170
969 188
970 191
971 170
972 157
973 153
974 126
975 163
976 154
977 199
978 131
979 170
980 197
981 166
982 157
983 201
984 159
985 128
986 168
987 158
988 147
989 168
990 166
991 157
992 198
993 175
994 199
995 165
996 199
997 154
998 146
999 156
1000 169
1001 187
1002 214
1003 171
1004 164
1005 245
1006 193
1007 204
1008 134
1009 140
1010 144
1011 141
1012 178
1013 127
1014 195
1015 156
1016 221
1017 173
1018 210
1019 164
1020 218
1021 175
1022 101
1023 131
1024 140
1025 199
1026 172
1027 186
1028 156
1029 194
1030 156
1031 176
1032 165
1033 150
1034 176
1035 125
1036 190
1037 190
1038 169
1039 207
1040 144
1041 193
1042 173
1043 234
1044 163
1045 191
1046 188
1047 164
1048 199
1049 147
1050 163
1051 178
1052 199
1053 199
1054 156
1055 171
1056 157
1057 171
1058 169
1059 167
1060 150
1061 136
1062 196
1063 165
1064 210
1065 139
1066 150
1067 187
1068 171
1069 169
1070 196
1071 180
1072 195
1073 222
1074 163
1075 179
1076 178
1077 172
1078 169
1079 128
1080 201
1081 152
1082 178
1083 178
1084 173
1085 149
1086 140
1087 101
1088 151
1089 170
1090 164
1091 178
1092 149
1093 164
1094 136
1095 145
1096 194
1097 167
1098 200
1099 151
1100 186
1101 206
1102 180
1103 164
1104 227
1105 183
1106 210
1107 200
1108 162
1109 161
1110 163
1111 136
1112 178
1113 154
1114 204
1115 160
1116 155
1117 142
1118 167
1119 129
1120 84
1121 171
1122 170
1123 179
1124 234
1125 176
1126 169
1127 173
1128 169
1129 198
1130 207
1131 187
1132 160
1133 142
1134 245
1135 168
1136 146
1137 84
1138 144
1139 180
1140 171
1141 163
1142 144
1143 215
1144 175
1145 197
1146 160
1147 168
1148 161
1149 151
1150 248
1151 199
1152 194
1153 148
1154 140
1155 160
1156 186
1157 194
1158 166
1159 146
1160 145
1161 136
1162 132
1163 178
1164 151
1165 191
1166 189
1167 138
1168 185
1169 124
1170 183
1171 186
1172 175
1173 162
1174 149
1175 155
1176 146
1177 155
1178 182
1179 148
1180 181
1181 176
1182 167
1183 153
1184 192
1185 149
1186 188
1187 181
1188 207
1189 185
1190 214
1191 178
1192 199
1193 145
1194 164
1195 174
1196 172
1197 177
1198 170
1199 214
1200 139
1201 172
1202 164
1203 222
1204 227
1205 195
1206 135
1207 157
1208 144
1209 128
1210 207
1211 165
1212 149
1213 173
1214 184
1215 194
1216 164
1217 66
1218 178
1219 157
1220 182
1221 211
1222 215
1223 139
1224 201
1225 175
1226 179
1227 193
1228 148
1229 157
1230 152
1231 146
1232 183
1233 160
1234 151
1235 175
1236 152
1237 195
1238 212
1239 157
1240 132
1241 159
1242 146
1243 173
1244 181
1245 160
1246 154
1247 210
1248 198
1249 180
1250 143
1251 160
1252 140
1253 166
1254 136
1255 151
1256 173
1257 165
1258 85
1259 171
1260 170
1261 192
1262 161
1263 144
1264 181
1265 207
1266 187
1267 193
1268 160
1269 199
1270 160
1271 144
1272 166
1273 171
1274 153
1275 185
1276 195
1277 166
1278 150
1279 163
1280 133
1281 173
1282 189
1283 183
1284 180
1285 177
1286 209
1287 141
1288 157
1289 167
1290 159
1291 152
1292 137
1293 185
1294 166
1295 189
1296 174
1297 193
1298 171
1299 125
1300 154
1301 176
1302 159
1303 185
1304 163
1305 156
1306 176
1307 167
1308 142
1309 167
1310 114
1311 167
1312 159
1313 163
1314 200
1315 182
1316 179
1317 206
1318 184
1319 140
1320 118
1321 149
1322 155
1323 204
1324 189
1325 108
1326 182
1327 166
1328 143
1329 142
1330 153
1331 182
1332 195
1333 199
1334 189
1335 208
1336 165
1337 159
1338 140
1339 151
1340 154
1341 228
1342 173
1343 223
1344 158
1345 158
1346 164
1347 183
1348 212
1349 160
1350 165
1351 159
1352 204
1353 162
1354 187
1355 189
1356 190
1357 169
1358 141
1359 200
1360 162
1361 151
1362 201
1363 224
1364 148
1365 161
1366 180
1367 159
1368 170
1369 129
1370 172
1371 219
1372 162
1373 180
1374 196
1375 223
1376 208
1377 157
1378 160
1379 254
1380 149
1381 198
1382 152
1383 151
1384 180
1385 194
1386 174
1387 132
1388 154
1389 155
1390 194
1391 170
1392 179
1393 139
1394 202
1395 150
1396 180
1397 220
1398 164
1399 164
1400 170
1401 144
1402 174
1403 167
1404 168
1405 198
1406 149
1407 183
1408 178
1409 163
1410 161
1411 157
1412 165
1413 158
1414 175
1415 111
1416 167
1417 162
1418 159
1419 167
1420 158
1421 153
1422 146
1423 186
1424 186
1425 120
1426 178
1427 191
1428 164
1429 170
1430 210
1431 153
1432 216
1433 122
1434 185
1435 152
1436 193
1437 198
1438 210
1439 163
1440 213
1441 156
1442 159
1443 196
1444 134
1445 118
1446 170
1447 144
1448 161
1449 157
1450 133
1451 204
1452 203
1453 170
1454 191
1455 172
1456 234
1457 176
1458 143
1459 130
1460 178
1461 139
1462 150
1463 139
1464 174
1465 159
1466 154
1467 177
1468 221
1469 131
1470 161
1471 135
1472 184
1473 190
1474 165
1475 156
1476 159
1477 167
1478 218
1479 177
1480 177
1481 161
1482 176
1483 183
1484 200
1485 191
1486 172
1487 207
1488 151
1489 194
1490 151
1491 201
1492 114
1493 134
1494 181
1495 150
1496 126
1497 201
1498 166
1499 196
1500 139
1501 175
1502 88
1503 164
1504 173
1505 143
1506 171
1507 180
1508 220
1509 166
1510 167
1511 150
1512 158
1513 173
1514 157
1515 157
1516 157
1517 211
1518 172
1519 181
1520 187
1521 187
1522 191
1523 191
1524 107
1525 91
1526 151
1527 170
1528 184
1529 185
1530 160
1531 143
1532 157
1533 192
1534 177
1535 172
1536 161
1537 177
1538 178
1539 166
1540 214
1541 182
1542 198
1543 149
1544 174
1545 168
1546 187
1547 201
1548 194
1549 148
1550 181
1551 181
1552 170
1553 236
1554 169
1555 154
1556 183
1557 240
1558 176
1559 152
1560 159
1561 136
1562 177
1563 179
1564 205
1565 203
1566 181
1567 219
1568 162
1569 170
1570 171
1571 131
1572 150
1573 157
1574 175
1575 168
1576 187
1577 186
1578 161
1579 167
1580 118
1581 173
1582 159
1583 147
1584 145
1585 152
1586 208
1587 169
1588 177
1589 164
1590 167
1591 144
1592 178
1593 190
1594 150
1595 181
1596 231
1597 181
1598 219
1599 194
1600 149
1601 192
1602 139
1603 140
1604 214
1605 151
1606 209
1607 131
1608 174
1609 153
1610 183
1611 183
1612 210
1613 129
1614 154
1615 167
1616 176
1617 162
1618 160
1619 183
1620 147
1621 162
1622 166
1623 274
1624 144
1625 149
1626 178
1627 145
1628 189
1629 143
1630 208
1631 209
1632 181
1633 196
1634 186
1635 176
1636 191
1637 172
1638 155
1639 138
1640 145
1641 196
1642 172
1643 141
1644 236
1645 168
1646 169
1647 190
1648 225
1649 185
1650 163
1651 184
1652 160
1653 131
1654 182
1655 162
1656 172
1657 120
1658 135
1659 182
1660 113
1661 201
1662 130
1663 158
1664 160
1665 82
1666 165
1667 188
1668 128
1669 161
1670 225
1671 205
1672 181
1673 208
1674 203
1675 220
1676 189
1677 210
1678 160
1679 152
1680 137
1681 165
1682 172
1683 186
1684 139
1685 186
1686 218
1687 166
1688 179
1689 172
1690 165
1691 212
1692 171
1693 192
1694 159
1695 166
1696 193
1697 126
1698 187
1699 164
1700 162
1701 176
1702 155
1703 179
1704 167
1705 155
1706 184
1707 131
1708 167
1709 139
1710 163
1711 182
1712 167
1713 183
1714 161
1715 183
1716 181
1717 155
1718 148
1719 139
1720 153
1721 217
1722 178
1723 111
1724 180
1725 198
1726 194
1727 141
1728 169
1729 143
1730 183
1731 197
1732 131
1733 134
1734 168
1735 147
1736 146
1737 187
1738 138
1739 173
1740 198
1741 187
1742 149
1743 176
1744 177
1745 149
1746 145
1747 169
1748 132
1749 139
1750 177
1751 189
1752 209
1753 154
1754 206
1755 188
1756 152
1757 194
1758 143
1759 148
1760 160
1761 211
1762 149
1763 215
1764 176
1765 137
1766 170
1767 183
1768 177
1769 146
1770 141
1771 223
1772 214
1773 183
1774 161
1775 92
1776 156
1777 168
1778 179
1779 148
1780 170
1781 226
1782 149
1783 164
1784 159
1785 187
1786 180
1787 167
1788 207
1789 195
1790 198
1791 164
1792 164
1793 217
1794 189
1795 152
1796 173
1797 194
1798 238
1799 165
1800 206
1801 183
1802 178
1803 136
1804 136
1805 168
1806 168
1807 148
1808 196
1809 201
1810 207
1811 165
1812 170
1813 166
1814 195
1815 176
1816 203
1817 172
1818 168
1819 97
1820 131
1821 209
1822 166
1823 189
1824 175
1825 157
1826 177
1827 205
1828 168
1829 154
1830 177
1831 189
1832 157
1833 160
1834 179
1835 154
1836 198
1837 163
1838 209
1839 202
1840 195
1841 156
1842 179
1843 165
1844 188
1845 171
1846 158
1847 141
1848 158
1849 170
1850 172
1851 174
1852 195
1853 199
1854 142
1855 155
1856 171
1857 180
1858 161
1859 95
1860 181
1861 157
1862 179
1863 199
1864 138
1865 129
1866 157
1867 188
1868 205
1869 176
1870 164
1871 180
1872 154
1873 167
1874 212
1875 145
1876 158
1877 169
1878 154
1879 182
1880 182
1881 160
1882 172
1883 154
1884 163
1885 186
1886 143
1887 248
1888 185
1889 170
1890 162
1891 152
1892 168
1893 170
1894 175
1895 155
1896 167
1897 173
1898 211
1899 189
1900 158
1901 188
1902 226
1903 170
1904 182
1905 130
1906 138
1907 172
1908 219
1909 198
1910 181
1911 181
1912 167
1913 192
1914 171
1915 110
1916 164
1917 175
1918 120
1919 110
1920 148
1921 189
1922 158
1923 127
1924 196
1925 177
1926 155
1927 178
1928 191
1929 172
1930 187
1931 166
1932 187
1933 136
1934 149
1935 101
1936 151
1937 123
1938 179
1939 185
1940 174
1941 191
1942 196
1943 205
1944 219
1945 149
1946 236
1947 168
1948 105
1949 178
1950 162
1951 178
1952 172
1953 172
1954 140
1955 173
1956 179
1957 162
1958 122
1959 159
1960 184
1961 168
1962 235
1963 134
1964 195
1965 160
1966 177
1967 237
1968 172
1969 154
1970 166
1971 179
1972 159
1973 161
1974 146
1975 202
1976 164
1977 169
1978 133
1979 173
1980 180
1981 191
1982 145
1983 175
1984 167
1985 147
1986 176
1987 182
1988 180
1989 179
1990 154
1991 212
1992 208
1993 145
1994 194
1995 166
1996 163
1997 168
1998 150
1999 169
2000 167
2001 141
2002 160
2003 173
2004 174
2005 177
2006 95
2007 172
2008 146
2009 237
2010 153
2011 212
2012 149
2013 179
2014 169
2015 177
2016 214
2017 214
2018 213
2019 194
2020 189
2021 207
2022 165
2023 181
2024 153
2025 192
2026 183
2027 201
2028 176
2029 181
2030 172
2031 196
2032 186
2033 186
2034 123
2035 189
2036 205
2037 204
2038 148
2039 163
2040 168
2041 134
2042 163
2043 169
2044 142
2045 167
2046 185
2047 126
2048 200
2049 176
2050 134
2051 198
2052 193
2053 169
2054 215
2055 188
2056 170
2057 148
2058 248
2059 96
2060 151
2061 177
2062 192
2063 142
2064 184
2065 171
2066 175
2067 158
2068 219
2069 237
2070 151
2071 154
2072 213
2073 204
2074 146
2075 130
2076 157
2077 155
2078 222
2079 184
2080 199
2081 178
2082 102
2083 173
2084 198
2085 141
2086 193
2087 209
2088 193
2089 190
2090 177
2091 167
2092 197
2093 153
2094 155
2095 166
2096 171
2097 142
2098 168
2099 179
2100 212
2101 201
2102 160
2103 191
2104 181
2105 145
2106 165
2107 128
2108 150
2109 182
2110 139
2111 168
2112 187
2113 160
2114 166
2115 111
2116 190
2117 208
2118 170
2119 174
2120 167
2121 150
2122 180
2123 152
2124 161
2125 154
2126 137
2127 185
2128 160
2129 209
2130 174
2131 171
2132 170
2133 127
2134 128
2135 166
2136 202
2137 197
2138 165
2139 161
2140 182
2141 158
2142 147
2143 206
2144 166
2145 186
2146 171
2147 208
2148 174
2149 144
2150 166
2151 155
2152 155
2153 179
2154 162
2155 176
2156 139
2157 160
2158 171
2159 185
2160 150
2161 142
2162 170
2163 192
2164 167
2165 187
2166 158
2167 173
2168 205
2169 170
2170 155
2171 188
2172 159
2173 182
2174 168
2175 181
2176 175
2177 149
2178 158
2179 200
2180 192
2181 170
2182 171
2183 179
2184 171
2185 202
2186 191
2187 212
2188 171
2189 170
2190 162
2191 152
2192 165
2193 169
2194 144
2195 188
2196 155
2197 185
2198 161
2199 183
2200 140
2201 175
2202 148
2203 126
2204 181
2205 167
2206 188
2207 162
2208 163
2209 198
2210 134
2211 174
2212 157
2213 197
2214 181
2215 200
2216 139
2217 175
2218 142
2219 157
2220 180
2221 174
2222 176
2223 152
2224 151
2225 154
2226 204
2227 169
2228 152
2229 167
2230 156
2231 132
2232 179
2233 156
2234 147
2235 95
2236 177
2237 123
2238 184
2239 177
2240 184
2241 178
2242 133
2243 164
2244 170
2245 157
2246 153
2247 125
2248 156
2249 168
2250 172
2251 158
2252 215
2253 167
2254 166
2255 136
2256 137
2257 161
2258 166
2259 184
2260 185
2261 185
2262 181
2263 98
2264 169
2265 147
2266 171
2267 124
2268 186
2269 180
2270 148
2271 163
2272 166
2273 171
2274 110
2275 174
2276 144
2277 168
2278 189
2279 164
2280 147
2281 158
2282 176
2283 178
2284 202
2285 184
2286 136
2287 134
2288 164
2289 173
2290 245
2291 136
2292 118
2293 216
2294 172
2295 137
2296 152
2297 182
2298 181
2299 162
2300 136
2301 168
2302 162
2303 185
2304 156
2305 157
2306 193
2307 227
2308 179
2309 129
2310 149
2311 184
2312 188
2313 169
2314 207
2315 173
2316 157
2317 190
2318 121
2319 129
2320 146
2321 158
2322 166
2323 195
2324 169
2325 158
2326 150
2327 154
2328 206
2329 138
2330 191
2331 185
2332 226
2333 195
2334 188
2335 188
2336 168
2337 166
2338 204
2339 188
2340 147
2341 155
2342 179
2343 218
2344 152
2345 191
2346 146
2347 213
2348 161
2349 246
2350 192
2351 148
2352 162
2353 142
2354 187
2355 117
2356 202
2357 167
2358 169
2359 209
2360 147
2361 167
2362 179
2363 172
2364 191
2365 154
2366 92
2367 167
2368 165
2369 150
2370 138
2371 187
2372 193
2373 180
2374 171
2375 151
2376 159
2377 125
2378 195
2379 158
2380 205
2381 113
2382 148
2383 148
2384 179
2385 189
2386 180
2387 193
2388 162
2389 132
2390 141
2391 134
2392 147
2393 142
2394 158
2395 164
2396 169
2397 170
2398 146
2399 152
2400 111
2401 160
2402 187
2403 165
2404 185
2405 163
2406 163
2407 135
2408 164
2409 195
2410 192
2411 166
2412 163
2413 131
2414 174
2415 156
2416 201
2417 192
2418 147
2419 153
2420 122
2421 166
2422 177
2423 160
2424 182
2425 161
2426 189
2427 120
2428 180
2429 233
2430 173
2431 170
2432 164
2433 186
2434 167
2435 169
2436 191
2437 158
2438 185
2439 144
2440 163
2441 134
2442 220
2443 160
2444 187
2445 161
2446 185
2447 187
2448 151
2449 145
2450 207
2451 167
2452 136
2453 127
2454 205
2455 177
2456 171
2457 134
2458 193
2459 159
2460 133
2461 156
2462 162
2463 174
2464 157
2465 222
2466 142
2467 152
2468 172
2469 163
2470 203
2471 151
2472 158
2473 192
2474 236
2475 196
2476 171
2477 135
2478 182
2479 181
2480 132
2481 148
2482 192
2483 168
2484 164
2485 191
2486 158
2487 129
2488 129
2489 151
2490 173
2491 151
2492 171
2493 151
2494 113
2495 172
2496 166
2497 191
2498 143
2499 204
2500 164
2501 174
2502 160
2503 167
2504 158
2505 153
2506 199
2507 136
2508 179
2509 150
2510 173
2511 188
2512 130
2513 154
2514 138
2515 201
2516 18
2517 142
2518 160
2519 169
2520 178
2521 174
2522 196
2523 197
2524 187
2525 139
2526 181
2527 159
2528 198
2529 196
2530 176
2531 158
2532 234
2533 142
2534 191
2535 167
2536 210
2537 144
2538 113
2539 144
2540 177
2541 172
2542 204
2543 173
2544 206
2545 158
2546 132
2547 137
2548 170
2549 191
2550 208
2551 196
2552 195
2553 165
2554 191
2555 158
2556 167
2557 201
2558 169
2559 177
2560 97
2561 199
2562 190
2563 230
2564 168
2565 189
2566 146
2567 201
2568 124
2569 166
2570 140
2571 111
2572 184
2573 159
2574 100
2575 206
2576 153
2577 183
2578 179
2579 162
2580 192
2581 89
2582 165
2583 208
2584 155
2585 134
2586 163
2587 127
2588 191
2589 172
2590 149
2591 111
2592 186
2593 185
2594 206
2595 177
2596 96
2597 184
2598 165
2599 171
2600 173
2601 194
2602 157
2603 171
2604 190
2605 150
2606 163
2607 222
2608 204
2609 104
2610 183
2611 176
2612 158
2613 153
2614 235
2615 123
2616 139
2617 157
2618 175
2619 134
2620 176
2621 173
2622 179
2623 144
2624 149
2625 154
2626 223
2627 162
2628 170
2629 213
2630 190
2631 202
2632 185
2633 170
2634 156
2635 184
2636 188
2637 157
2638 148
2639 172
2640 120
2641 187
2642 256
2643 174
2644 169
2645 185
2646 167
2647 159
2648 187
2649 210
2650 130
2651 187
2652 166
2653 173
2654 162
2655 163
2656 129
2657 143
2658 169
2659 174
2660 153
2661 169
2662 223
2663 190
2664 171
2665 203
2666 223
2667 187
2668 189
2669 145
2670 174
2671 166
2672 185
2673 154
2674 176
2675 227
2676 143
2677 169
2678 138
2679 207
2680 160
2681 158
2682 197
2683 157
2684 204
2685 176
2686 191
2687 202
2688 169
2689 155
2690 183
2691 146
2692 202
2693 151
2694 164
2695 152
2696 176
2697 98
2698 146
2699 195
