Vertices: 8600
Edges: 60200
Time: 3,113 ms
Iterations: 60192
Vertex Distance
0 0
1 132
2 92
3 136
4 142
5 112
6 135
7 138
8 103
9 123
10 115
11 111
12 118
13 94
14 101
15 105
16 70
17 130
18 71
19 74
20 117
21 92
22 104
23 90
24 95
25 108
26 128
27 104
28 135
29 97
30 140
31 136
32 142
33 122
34 93
35 100
36 69
37 119
38 89
39 125
40 102
41 153
42 100
43 113
44 117
45 110
46 129
47 121
48 94
49 104
50 52
51 68
52 108
53 96
54 128
55 117
56 176
57 146
58 78
59 61
60 111
61 126
62 105
63 92
64 98
65 120
66 159
67 136
68 127
69 118
70 154
71 100
72 90
73 117
74 108
75 114
76 96
77 128
78 119
79 119
80 41
81 94
82 121
83 137
84 71
85 118
86 102
87 140
88 129
89 136
90 103
91 85
92 86
93 140
94 110
95 117
96 117
97 86
98 124
99 135
100 104
101 196
102 139
103 132
104 110
105 128
106 93
107 168
108 149
109 96
110 144
111 107
112 138
113 131
114 123
115 109
116 115
117 128
118 137
119 176
120 135
121 141
122 119
123 128
124 96
125 114
126 126
127 89
128 106
129 75
130 97
131 176
132 102
133 83
134 114
135 112
136 148
137 110
138 112
139 118
140 92
141 119
142 114
143 74
144 132
145 111
146 120
147 125
148 106
149 116
150 120
151 78
152 98
153 119
154 108
155 125
156 138
157 108
158 125
159 78
160 115
161 113
162 116
163 138
164 82
165 133
166 116
167 96
168 130
169 96
170 124
171 107
172 117
173 81
174 114
175 170
176 68
177 122
178 142
179 108
180 93
181 98
182 117
183 136
184 126
185 145
186 134
187 115
188 151
189 79
190 120
191 118
192 131
193 132
194 125
195 119
196 110
197 119
198 118
199 135
200 104
201 92
202 96
203 177
204 162
205 93
206 107
207 78
208 95
209 153
210 103
211 78
212 106
213 113
214 124
215 75
216 149
217 141
218 119
219 138
220 118
221 114
222 112
223 137
224 120
225 76
226 67
227 150
228 138
229 115
230 97
231 107
232 129
233 147
234 131
235 109
236 84
237 118
238 73
239 95
240 141
241 146
242 107
243 99
244 141
245 130
246 117
247 124
248 72
249 125
250 123
251 153
252 121
253 126
254 122
255 171
256 110
257 106
258 146
259 79
260 123
261 113
262 157
263 92
264 97
265 123
266 113
267 110
268 137
269 125
270 99
271 129
272 106
273 97
274 92
275 144
276 171
277 132
278 239
279 138
280 141
281 73
282 21
283 75
284 160
285 129
286 135
287 102
288 106
289 113
290 93
291 130
292 135
293 147
294 69
295 107
296 133
297 133
298 107
299 125
300 141
301 88
302 118
303 145
304 119
305 118
306 86
307 140
308 48
309 124
310 213
311 123
312 84
313 123
314 101
315 142
316 93
317 75
318 104
319 57
320 137
321 126
322 118
323 150
324 96
325 100
326 117
327 99
328 119
329 172
330 104
331 116
332 72
333 109
334 108
335 92
336 123
337 84
338 79
339 117
340 103
341 124
342 100
343 107
344 136
345 127
346 140
347 112
348 104
349 98
350 80
351 135
352 94
353 110
354 107
355 138
356 86
357 147
358 116
359 99
360 80
361 130
362 76
363 136
364 134
365 134
366 146
367 130
368 99
369 58
370 169
371 120
372 144
373 116
374 140
375 162
376 125
377 86
378 130
379 128
380 104
381 94
382 115
383 117
384 85
385 153
386 129
387 112
388 148
389 123
390 153
391 116
392 129
393 144
394 95
395 116
396 160
397 105
398 121
399 130
400 97
401 134
402 72
403 127
404 109
405 108
406 82
407 90
408 97
409 119
410 84
411 122
412 109
413 128
414 88
415 82
416 136
417 109
418 90
419 125
420 116
421 146
422 149
423 163
424 108
425 144
426 112
427 105
428 140
429 51
430 106
431 95
432 128
433 138
434 129
435 108
436 129
437 140
438 74
439 150
440 46
441 108
442 112
443 105
444 95
445 121
446 121
447 72
448 108
449 94
450 148
451 115
452 111
453 126
454 137
455 95
456 113
457 153
458 137
459 127
460 141
461 124
462 100
463 105
464 140
465 93
466 141
467 79
468 120
469 131
470 133
471 60
472 133
473 131
474 144
475 49
476 127
477 104
478 101
479 137
480 136
481 122
482 127
483 109
484 110
485 140
486 99
487 140
488 78
489 23
490 179
491 104
492 132
493 123
494 107
495 126
496 111
497 120
498 114
499 150
500 132
501 111
502 113
503 95
504 134
505 107
506 94
507 47
508 77
509 85
510 114
511 79
512 201
513 136
514 90
515 105
516 91
517 115
518 130
519 142
520 91
521 135
522 113
523 67
524 96
525 104
526 109
527 125
528 180
529 129
530 78
531 103
532 98
533 133
534 78
535 75
536 99
537 109
538 120
539 112
540 113
541 143
542 164
543 116
544 87
545 115
546 95
547 117
548 135
549 113
550 158
551 108
552 118
553 78
554 113
555 94
556 121
557 131
558 116
559 111
560 79
561 119
562 139
563 110
564 90
565 140
566 133
567 119
568 67
569 135
570 91
571 114
572 110
573 149
574 108
575 90
576 138
577 149
578 99
579 133
580 110
581 136
582 94
583 105
584 102
585 88
586 127
587 95
588 128
589 105
590 59
591 135
592 122
593 122
594 164
595 131
596 89
597 126
598 129
599 151
600 127
601 189
602 95
603 117
604 105
605 120
606 131
607 137
608 130
609 108
610 120
611 146
612 37
613 114
614 104
615 97
616 85
617 97
618 118
619 111
620 161
621 125
622 103
623 108
624 106
625 177
626 130
627 145
628 136
629 100
630 115
631 134
632 154
633 111
634 106
635 141
636 113
637 116
638 139
639 142
640 136
641 108
642 121
643 115
644 151
645 150
646 76
647 142
648 131
649 114
650 128
651 134
652 148
653 108
654 133
655 112
656 111
657 147
658 92
659 104
660 121
661 67
662 118
663 114
664 133
665 97
666 36
667 92
668 126
669 91
670 98
671 133
672 135
673 93
674 102
675 130
676 138
677 125
678 100
679 118
680 104
681 139
682 179
683 75
684 119
685 118
686 100
687 101
688 68
689 77
690 121
691 59
692 161
693 127
694 97
695 127
696 112
697 112
698 118
699 172
700 160
701 125
702 120
703 101
704 126
705 107
706 109
707 117
708 102
709 137
710 127
711 94
712 116
713 154
714 123
715 131
716 117
717 95
718 174
719 131
720 126
721 90
722 193
723 70
724 123
725 85
726 114
727 119
728 120
729 107
730 37
731 130
732 128
733 157
734 145
735 33
736 115
737 101
738 66
739 114
740 71
741 148
742 145
743 17
744 131
745 130
746 104
747 110
748 105
749 125
750 123
751 103
752 78
753 172
754 118
755 135
756 205
757 90
758 113
759 117
760 167
761 215
762 121
763 132
764 126
765 125
766 122
767 125
768 117
769 127
770 127
771 117
772 145
773 116
774 85
775 120
776 99
777 90
778 121
779 73
780 124
781 99
782 101
783 163
784 151
785 67
786 112
787 116
788 121
789 83
790 116
791 117
792 118
793 116
794 151
795 151
796 99
797 112
798 70
799 109
800 81
801 112
802 121
803 83
804 120
805 148
806 77
807 154
808 106
809 149
810 139
811 106
812 74
813 94
814 153
815 117
816 144
817 100
818 124
819 106
820 105
821 145
822 119
823 117
824 109
825 132
826 151
827 132
828 162
829 123
830 112
831 128
832 103
833 136
834 163
835 111
836 124
837 160
838 62
839 146
840 113
841 132
842 122
843 85
844 60
845 128
846 182
847 108
848 128
849 123
850 101
851 127
852 114
853 93
854 90
855 105
856 155
857 151
858 80
859 83
860 136
861 124
862 130
863 101
864 141
865 111
866 131
867 135
868 45
869 148
870 118
871 127
872 130
873 86
874 128
875 116
876 90
877 141
878 93
879 156
880 115
881 111
882 94
883 139
884 113
885 119
886 136
887 148
888 125
889 132
890 130
891 103
892 108
893 63
894 107
895 64
896 108
897 60
898 136
899 160
900 141
901 126
902 87
903 72
904 120
905 114
906 84
907 140
908 125
909 96
910 94
911 127
912 142
913 121
914 120
915 116
916 161
917 121
918 73
919 110
920 98
921 82
922 114
923 120
924 104
925 61
926 137
927 119
928 106
929 108
930 34
931 151
932 117
933 109
934 106
935 63
936 131
937 106
938 41
939 115
940 100
941 107
942 99
943 132
944 118
945 128
946 133
947 142
948 5
949 137
950 68
951 96
952 157
953 111
954 128
955 123
956 116
957 152
958 119
959 89
960 129
961 71
962 128
963 157
964 121
965 111
966 109
967 126
968 113
969 125
970 158
971 85
972 73
973 137
974 90
975 110
976 93
977 93
978 88
979 113
980 109
981 117
982 95
983 108
984 129
985 117
986 104
987 126
988 135
989 54
990 78
991 65
992 111
993 75
994 108
995 119
996 98
997 121
998 134
999 79
1000 118
1001 186
1002 126
1003 79
1004 155
1005 135
1006 129
1007 100
1008 107
1009 102
1010 124
1011 120
1012 131
1013 147
1014 91
1015 145
1016 142
1017 132
1018 125
1019 119
1020 122
1021 121
1022 144
1023 141
1024 119
1025 137
1026 84
1027 186
1028 103
1029 131
1030 177
1031 115
1032 168
1033 102
1034 100
1035 114
1036 106
1037 119
1038 130
1039 103
1040 131
1041 123
1042 74
1043 109
1044 80
1045 166
1046 147
1047 88
1048 139
1049 143
1050 76
1051 146
1052 110
1053 124
1054 118
1055 109
1056 117
1057 99
1058 107
1059 103
1060 144
1061 97
1062 114
1063 105
1064 92
1065 103
1066 110
1067 121
1068 147
1069 99
1070 143
1071 102
1072 125
1073 106
1074 123
1075 135
1076 96
1077 108
1078 164
1079 100
1080 138
1081 145
1082 86
1083 111
1084 66
1085 66
1086 143
1087 132
1088 106
1089 131
1090 90
1091 121
1092 131
1093 141
1094 108
1095 81
1096 147
1097 116
1098 118
1099 103
1100 108
1101 92
1102 81
1103 123
1104 179
1105 108
1106 90
1107 79
1108 84
1109 174
1110 128
1111 116
1112 109
1113 126
1114 124
1115 118
1116 162
1117 104
1118 122
1119 103
1120 95
1121 92
1122 125
1123 108
1124 149
1125 149
1126 157
1127 126
1128 160
1129 112
1130 80
1131 131
1132 125
1133 134
1134 94
1135 94
1136 105
1137 119
1138 85
1139 145
1140 131
1141 96
1142 79
1143 124
1144 111
1145 140
1146 134
1147 118
1148 129
1149 123
1150 87
1151 98
1152 119
1153 89
1154 118
1155 121
1156 140
1157 92
1158 89
1159 113
1160 80
1161 29
1162 131
1163 178
1164 144
1165 102
1166 158
1167 140
1168 135
1169 112
1170 99
1171 106
1172 154
1173 131
1174 128
1175 111
1176 141
1177 105
1178 108
1179 123
1180 127
1181 153
1182 116
1183 123
1184 82
1185 84
1186 106
1187 120
1188 129
1189 119
1190 106
1191 106
1192 103
1193 119
1194 106
1195 135
1196 130
1197 105
1198 108
1199 109
1200 95
1201 137
1202 138
1203 115
1204 101
1205 109
1206 97
1207 130
1208 144
1209 132
1210 111
1211 100
1212 141
1213 87
1214 109
1215 104
1216 110
1217 36
1218 77
1219 131
1220 134
1221 137
1222 81
1223 166
1224 125
1225 103
1226 139
1227 117
1228 173
1229 126
1230 116
1231 99
1232 83
1233 123
1234 129
1235 163
1236 131
1237 181
1238 135
1239 107
1240 129
1241 152
1242 134
1243 162
1244 123
1245 100
1246 128
1247 109
1248 105
1249 77
1250 90
1251 34
1252 103
1253 91
1254 124
1255 119
1256 116
1257 88
1258 117
1259 124
1260 91
1261 188
1262 93
1263 113
1264 76
1265 117
1266 156
1267 111
1268 113
1269 97
1270 89
1271 101
1272 152
1273 98
1274 62
1275 136
1276 117
1277 156
1278 117
1279 100
1280 119
1281 125
1282 91
1283 167
1284 106
1285 123
1286 100
1287 120
1288 133
1289 131
1290 103
1291 154
1292 131
1293 121
1294 102
1295 110
1296 105
1297 125
1298 145
1299 75
1300 113
1301 103
1302 127
1303 118
1304 124
1305 128
1306 119
1307 130
1308 74
1309 138
1310 160
1311 51
1312 117
1313 99
1314 104
1315 142
1316 108
1317 100
1318 68
1319 94
1320 111
1321 130
1322 129
1323 89
1324 132
1325 56
1326 120
1327 168
1328 125
1329 102
1330 135
1331 110
1332 119
1333 81
1334 118
1335 135
1336 163
1337 122
1338 87
1339 116
1340 109
1341 134
1342 154
1343 60
1344 115
1345 130
1346 105
1347 138
1348 104
1349 110
1350 126
1351 122
1352 107
1353 115
1354 121
1355 92
1356 128
1357 103
1358 106
1359 128
1360 113
1361 119
1362 74
1363 172
1364 93
1365 130
1366 126
1367 131
1368 143
1369 108
1370 109
1371 117
1372 144
1373 88
1374 101
1375 137
1376 120
1377 97
1378 115
1379 128
1380 106
1381 106
1382 100
1383 124
1384 165
1385 114
1386 82
1387 159
1388 146
1389 121
1390 155
1391 108
1392 70
1393 126
1394 135
1395 137
1396 132
1397 154
1398 127
1399 108
1400 110
1401 127
1402 92
1403 108
1404 102
1405 142
1406 107
1407 141
1408 116
1409 157
1410 101
1411 145
1412 93
1413 104
1414 122
1415 131
1416 157
1417 119
1418 161
1419 140
1420 144
1421 142
1422 178
1423 134
1424 144
1425 71
1426 113
1427 92
1428 144
1429 125
1430 120
1431 105
1432 151
1433 114
1434 103
1435 130
1436 126
1437 115
1438 143
1439 103
1440 80
1441 123
1442 142
1443 122
1444 112
1445 112
1446 99
1447 126
1448 121
1449 116
1450 139
1451 103
1452 95
1453 179
1454 103
1455 96
1456 116
1457 101
1458 97
1459 99
1460 42
1461 147
1462 123
1463 132
1464 137
1465 109
1466 101
1467 135
1468 159
1469 141
1470 126
1471 147
1472 63
1473 56
1474 113
1475 130
1476 98
1477 118
1478 140
1479 66
1480 72
1481 119
1482 91
1483 127
1484 128
1485 86
1486 132
1487 87
1488 73
1489 82
1490 106
1491 114
1492 104
1493 116
1494 159
1495 132
1496 116
1497 100
1498 178
1499 113
1500 117
1501 88
1502 144
1503 29
1504 94
1505 153
1506 110
1507 135
1508 73
1509 170
1510 115
1511 116
1512 111
1513 98
1514 123
1515 126
1516 124
1517 72
1518 130
1519 188
1520 146
1521 134
1522 81
1523 141
1524 149
1525 95
1526 106
1527 119
1528 124
1529 116
1530 101
1531 123
1532 101
1533 89
1534 81
1535 102
1536 74
1537 134
1538 115
1539 71
1540 76
1541 103
1542 116
1543 139
1544 142
1545 115
1546 138
1547 50
1548 157
1549 136
1550 119
1551 130
1552 78
1553 121
1554 157
1555 98
1556 135
1557 112
1558 120
1559 117
1560 135
1561 127
1562 115
1563 94
1564 110
1565 99
1566 127
1567 99
1568 138
1569 109
1570 112
1571 102
1572 120
1573 99
1574 110
1575 132
1576 103
1577 112
1578 125
1579 165
1580 56
1581 92
1582 126
1583 93
1584 97
1585 156
1586 108
1587 117
1588 147
1589 98
1590 126
1591 137
1592 107
1593 85
1594 103
1595 130
1596 122
1597 114
1598 111
1599 122
1600 134
1601 139
1602 129
1603 163
1604 123
1605 113
1606 96
1607 118
1608 175
1609 57
1610 128
1611 38
1612 127
1613 145
1614 90
1615 97
1616 97
1617 80
1618 128
1619 117
1620 76
1621 112
1622 87
1623 114
1624 131
1625 124
1626 99
1627 106
1628 144
1629 111
1630 123
1631 112
1632 98
1633 109
1634 104
1635 160
1636 148
1637 95
1638 124
1639 140
1640 83
1641 126
1642 101
1643 80
1644 85
1645 72
1646 123
1647 133
1648 113
1649 133
1650 65
1651 110
1652 92
1653 128
1654 144
1655 116
1656 122
1657 138
1658 85
1659 113
1660 140
1661 118
1662 101
1663 155
1664 105
1665 121
1666 139
1667 108
1668 118
1669 106
1670 95
1671 146
1672 107
1673 118
1674 94
1675 109
1676 175
1677 149
1678 142
1679 118
1680 110
1681 103
1682 110
1683 124
1684 98
1685 115
1686 117
1687 133
1688 148
1689 113
1690 123
1691 98
1692 132
1693 93
1694 114
1695 106
1696 105
1697 139
1698 126
1699 91
1700 69
1701 127
1702 123
1703 153
1704 115
1705 178
1706 162
1707 87
1708 93
1709 146
1710 106
1711 133
1712 114
1713 137
1714 95
1715 123
1716 129
1717 143
1718 76
1719 95
1720 109
1721 165
1722 126
1723 90
1724 129
1725 125
1726 128
1727 119
1728 126
1729 79
1730 112
1731 149
1732 151
1733 126
1734 128
1735 123
1736 119
1737 73
1738 125
1739 144
1740 99
1741 131
1742 155
1743 127
1744 133
1745 135
1746 134
1747 97
1748 93
1749 117
1750 96
1751 103
1752 111
1753 143
1754 122
1755 94
1756 143
1757 112
1758 127
1759 107
1760 141
1761 107
1762 113
1763 190
1764 119
1765 128
1766 91
1767 97
1768 105
1769 124
1770 103
1771 86
1772 124
1773 95
1774 69
1775 77
1776 123
1777 98
1778 92
1779 97
1780 150
1781 188
1782 144
1783 99
1784 80
1785 84
1786 140
1787 177
1788 90
1789 124
1790 140
1791 110
1792 110
1793 93
1794 126
1795 122
1796 56
1797 103
1798 100
1799 115
1800 144
1801 98
1802 100
1803 112
1804 146
1805 130
1806 140
1807 118
1808 135
1809 129
1810 145
1811 80
1812 64
1813 117
1814 119
1815 121
1816 110
1817 88
1818 151
1819 116
1820 94
1821 156
1822 102
1823 49
1824 97
1825 156
1826 51
1827 86
1828 95
1829 102
1830 167
1831 166
1832 81
1833 164
1834 88
1835 120
1836 189
1837 73
1838 128
1839 140
1840 119
1841 12
1842 117
1843 71
1844 161
1845 172
1846 168
1847 116
1848 105
1849 129
1850 101
1851 139
1852 149
1853 123
1854 126
1855 126
1856 120
1857 111
1858 88
1859 134
1860 104
1861 133
1862 13
1863 129
1864 100
1865 126
1866 118
1867 124
1868 177
1869 186
1870 149
1871 107
1872 122
1873 124
1874 94
1875 95
1876 129
1877 127
1878 119
1879 87
1880 97
1881 108
1882 59
1883 98
1884 132
1885 111
1886 119
1887 91
1888 145
1889 221
1890 105
1891 148
1892 97
1893 127
1894 118
1895 91
1896 134
1897 116
1898 100
1899 122
1900 138
1901 92
1902 136
1903 103
1904 103
1905 141
1906 97
1907 144
1908 160
1909 135
1910 124
1911 95
1912 76
1913 118
1914 122
1915 157
1916 94
1917 82
1918 149
1919 133
1920 127
1921 164
1922 106
1923 170
1924 120
1925 125
1926 141
1927 147
1928 127
1929 114
1930 124
1931 138
1932 105
1933 126
1934 91
1935 105
1936 109
1937 140
1938 110
1939 139
1940 139
1941 118
1942 120
1943 101
1944 100
1945 134
1946 116
1947 129
1948 122
1949 173
1950 113
1951 66
1952 128
1953 101
1954 86
1955 159
1956 113
1957 118
1958 130
1959 86
1960 133
1961 108
1962 141
1963 119
1964 122
1965 136
1966 114
1967 121
1968 57
1969 109
1970 133
1971 130
1972 183
1973 92
1974 111
1975 116
1976 121
1977 125
1978 103
1979 122
1980 146
1981 100
1982 112
1983 121
1984 151
1985 155
1986 93
1987 93
1988 118
1989 113
1990 81
1991 112
1992 97
1993 110
1994 122
1995 101
1996 117
1997 176
1998 137
1999 117
2000 169
2001 82
2002 110
2003 137
2004 81
2005 111
2006 134
2007 137
2008 82
2009 125
2010 45
2011 106
2012 78
2013 96
2014 151
2015 115
2016 111
2017 83
2018 105
2019 85
2020 135
2021 131
2022 135
2023 83
2024 150
2025 90
2026 62
2027 86
2028 160
2029 108
2030 109
2031 107
2032 139
2033 134
2034 149
2035 120
2036 71
2037 89
2038 90
2039 145
2040 104
2041 137
2042 84
2043 141
2044 115
2045 71
2046 93
2047 108
2048 145
2049 123
2050 119
2051 103
2052 86
2053 116
2054 123
2055 120
2056 93
2057 138
2058 111
2059 147
2060 84
2061 69
2062 107
2063 113
2064 120
2065 110
2066 142
2067 171
2068 129
2069 155
2070 107
2071 121
2072 101
2073 91
2074 118
2075 104
2076 121
2077 122
2078 119
2079 129
2080 122
2081 104
2082 80
2083 165
2084 121
2085 122
2086 76
2087 106
2088 134
2089 152
2090 115
2091 114
2092 124
2093 107
2094 116
2095 156
2096 66
2097 123
2098 89
2099 121
2100 143
2101 89
2102 126
2103 133
2104 100
2105 124
2106 110
2107 100
2108 96
2109 118
2110 99
2111 101
2112 110
2113 128
2114 104
2115 111
2116 126
2117 100
2118 124
2119 141
2120 129
2121 121
2122 107
2123 114
2124 69
2125 157
2126 131
2127 122
2128 88
2129 94
2130 66
2131 100
2132 115
2133 94
2134 124
2135 106
2136 88
2137 113
2138 117
2139 0
2140 109
2141 53
2142 95
2143 124
2144 115
2145 72
2146 149
2147 118
2148 101
2149 116
2150 109
2151 104
2152 152
2153 125
2154 184
2155 103
2156 174
2157 46
2158 110
2159 95
2160 122
2161 115
2162 119
2163 116
2164 120
2165 111
2166 124
2167 103
2168 102
2169 119
2170 125
2171 133
2172 114
2173 73
2174 135
2175 128
2176 140
2177 115
2178 76
2179 93
2180 105
2181 35
2182 111
2183 109
2184 127
2185 107
2186 134
2187 132
2188 161
2189 78
2190 141
2191 94
2192 104
2193 148
2194 131
2195 110
2196 68
2197 121
2198 87
2199 122
2200 105
2201 85
2202 130
2203 89
2204 87
2205 96
2206 106
2207 145
2208 143
2209 119
2210 114
2211 144
2212 96
2213 91
2214 119
2215 65
2216 66
2217 35
2218 119
2219 104
2220 157
2221 148
2222 131
2223 91
2224 95
2225 103
2226 115
2227 68
2228 85
2229 81
2230 100
2231 117
2232 128
2233 91
2234 75
2235 139
2236 55
2237 103
2238 143
2239 143
2240 151
2241 125
2242 140
2243 111
2244 130
2245 88
2246 126
2247 62
2248 98
2249 106
2250 78
2251 114
2252 116
2253 79
2254 65
2255 91
2256 97
2257 110
2258 114
2259 102
2260 145
2261 119
2262 92
2263 129
2264 97
2265 122
2266 140
2267 87
2268 67
2269 148
2270 135
2271 112
2272 183
2273 136
2274 97
2275 107
2276 139
2277 104
2278 142
2279 97
2280 83
2281 113
2282 109
2283 122
2284 138
2285 126
2286 73
2287 143
2288 139
2289 102
2290 127
2291 169
2292 142
2293 100
2294 158
2295 81
2296 61
2297 132
2298 95
2299 138
2300 153
2301 98
2302 108
2303 143
2304 153
2305 139
2306 111
2307 65
2308 114
2309 136
2310 130
2311 133
2312 159
2313 115
2314 107
2315 124
2316 120
2317 110
2318 126
2319 111
2320 63
2321 85
2322 179
2323 99
2324 163
2325 158
2326 134
2327 159
2328 106
2329 119
2330 106
2331 108
2332 101
2333 154
2334 83
2335 107
2336 178
2337 123
2338 154
2339 130
2340 151
2341 138
2342 104
2343 109
2344 66
2345 110
2346 117
2347 99
2348 97
2349 110
2350 116
2351 109
2352 123
2353 129
2354 164
2355 93
2356 125
2357 86
2358 149
2359 151
2360 102
2361 116
2362 102
2363 78
2364 120
2365 111
2366 115
2367 110
2368 130
2369 115
2370 120
2371 126
2372 143
2373 155
2374 113
2375 63
2376 105
2377 124
2378 126
2379 85
2380 63
2381 129
2382 107
2383 151
2384 108
2385 99
2386 35
2387 116
2388 110
2389 113
2390 134
2391 97
2392 124
2393 143
2394 127
2395 168
2396 96
2397 82
2398 132
2399 138
2400 99
2401 136
2402 130
2403 124
2404 112
2405 70
2406 142
2407 104
2408 94
2409 89
2410 137
2411 127
2412 128
2413 128
2414 118
2415 109
2416 117
2417 111
2418 173
2419 130
2420 161
2421 130
2422 94
2423 80
2424 129
2425 62
2426 68
2427 153
2428 114
2429 138
2430 139
2431 108
2432 99
2433 83
2434 123
2435 116
2436 112
2437 143
2438 113
2439 93
2440 109
2441 118
2442 115
2443 140
2444 145
2445 122
2446 127
2447 104
2448 133
2449 79
2450 108
2451 148
2452 124
2453 120
2454 126
2455 175
2456 106
2457 137
2458 106
2459 105
2460 177
2461 111
2462 95
2463 137
2464 132
2465 120
2466 69
2467 132
2468 132
2469 122
2470 129
2471 120
2472 136
2473 92
2474 118
2475 136
2476 100
2477 128
2478 152
2479 89
2480 91
2481 127
2482 73
2483 130
2484 138
2485 59
2486 99
2487 122
2488 144
2489 141
2490 123
2491 91
2492 80
2493 85
2494 91
2495 63
2496 92
2497 82
2498 129
2499 127
2500 124
2501 83
2502 146
2503 146
2504 178
2505 134
2506 180
2507 120
2508 138
2509 122
2510 110
2511 115
2512 136
2513 106
2514 137
2515 122
2516 106
2517 82
2518 116
2519 135
2520 147
2521 107
2522 144
2523 88
2524 161
2525 104
2526 93
2527 85
2528 82
2529 73
2530 147
2531 74
2532 93
2533 131
2534 105
2535 99
2536 91
2537 142
2538 104
2539 167
2540 169
2541 94
2542 106
2543 131
2544 100
2545 116
2546 110
2547 114
2548 110
2549 112
2550 74
2551 98
2552 134
2553 155
2554 135
2555 98
2556 107
2557 116
2558 116
2559 116
2560 124
2561 113
2562 106
2563 78
2564 116
2565 114
2566 100
2567 109
2568 112
2569 111
2570 100
2571 128
2572 69
2573 111
2574 101
2575 101
2576 160
2577 152
2578 147
2579 101
2580 111
2581 87
2582 104
2583 134
2584 128
2585 131
2586 132
2587 134
2588 101
2589 105
2590 133
2591 81
2592 70
2593 122
2594 118
2595 88
2596 81
2597 104
2598 97
2599 144
2600 121
2601 109
2602 136
2603 114
2604 102
2605 115
2606 110
2607 92
2608 155
2609 172
2610 112
2611 118
2612 63
2613 116
2614 102
2615 101
2616 120
2617 78
2618 119
2619 129
2620 109
2621 87
2622 146
2623 127
2624 84
2625 106
2626 101
2627 100
2628 132
2629 124
2630 117
2631 130
2632 108
2633 116
2634 134
2635 121
2636 79
2637 104
2638 122
2639 197
2640 96
2641 122
2642 106
2643 141
2644 67
2645 107
2646 120
2647 135
2648 105
2649 127
2650 120
2651 91
2652 177
2653 106
2654 84
2655 110
2656 154
2657 109
2658 122
2659 114
2660 93
2661 92
2662 123
2663 65
2664 88
2665 137
2666 113
2667 110
2668 99
2669 76
2670 96
2671 118
2672 134
2673 93
2674 143
2675 124
2676 88
2677 134
2678 118
2679 94
2680 75
2681 110
2682 136
2683 65
2684 112
2685 114
2686 115
2687 102
2688 140
2689 133
2690 144
2691 114
2692 133
2693 134
2694 141
2695 119
2696 133
2697 76
2698 96
2699 135
2700 115
2701 97
2702 137
2703 109
2704 158
2705 115
2706 122
2707 121
2708 127
2709 111
2710 128
2711 100
2712 134
2713 176
2714 81
2715 123
2716 154
2717 115
2718 142
2719 103
2720 91
2721 134
2722 116
2723 103
2724 96
2725 128
2726 94
2727 115
2728 142
2729 113
2730 149
2731 144
2732 117
2733 137
2734 106
2735 112
2736 140
2737 115
2738 102
2739 123
2740 137
2741 122
2742 126
2743 139
2744 85
2745 117
2746 127
2747 125
2748 110
2749 147
2750 117
2751 75
2752 111
2753 118
2754 90
2755 148
2756 86
2757 95
2758 152
2759 165
2760 101
2761 77
2762 116
2763 119
2764 116
2765 42
2766 128
2767 60
2768 137
2769 146
2770 140
2771 105
2772 107
2773 86
2774 129
2775 158
2776 106
2777 105
2778 102
2779 121
2780 127
2781 50
2782 121
2783 148
2784 146
2785 112
2786 104
2787 134
2788 97
2789 124
2790 114
2791 120
2792 141
2793 144
2794 165
2795 130
2796 103
2797 155
2798 170
2799 80
2800 121
2801 104
2802 100
2803 124
2804 104
2805 87
2806 132
2807 133
2808 110
2809 101
2810 47
2811 115
2812 105
2813 117
2814 123
2815 161
2816 148
2817 109
2818 128
2819 92
2820 110
2821 130
2822 89
2823 109
2824 112
2825 143
2826 163
2827 113
2828 120
2829 129
2830 64
2831 113
2832 139
2833 116
2834 129
2835 121
2836 101
2837 104
2838 151
2839 73
2840 146
2841 121
2842 134
2843 131
2844 109
2845 77
2846 161
2847 87
2848 113
2849 141
2850 101
2851 100
2852 141
2853 90
2854 116
2855 81
2856 98
2857 130
2858 98
2859 99
2860 139
2861 97
2862 108
2863 123
2864 150
2865 152
2866 113
2867 173
2868 133
2869 138
2870 159
2871 109
2872 136
2873 127
2874 168
2875 104
2876 122
2877 138
2878 130
2879 102
2880 156
2881 109
2882 112
2883 131
2884 124
2885 136
2886 108
2887 86
2888 116
2889 157
2890 116
2891 129
2892 101
2893 141
2894 109
2895 123
2896 101
2897 113
2898 57
2899 131
2900 109
2901 144
2902 96
2903 114
2904 79
2905 103
2906 109
2907 142
2908 94
2909 159
2910 89
2911 89
2912 145
2913 140
2914 106
2915 101
2916 144
2917 71
2918 84
2919 134
2920 119
2921 139
2922 108
2923 115
2924 137
2925 125
2926 115
2927 77
2928 123
2929 157
2930 137
2931 121
2932 167
2933 129
2934 138
2935 170
2936 102
2937 112
2938 83
2939 111
2940 164
2941 101
2942 125
2943 88
2944 119
2945 111
2946 116
2947 146
2948 122
2949 120
2950 83
2951 78
2952 125
2953 113
2954 99
2955 118
2956 119
2957 95
2958 145
2959 87
2960 101
2961 100
2962 122
2963 104
2964 139
2965 130
2966 112
2967 97
2968 111
2969 78
2970 83
2971 142
2972 78
2973 127
2974 120
2975 99
2976 140
2977 33
2978 52
2979 128
2980 67
2981 103
2982 123
2983 161
2984 135
2985 91
2986 80
2987 124
2988 111
2989 95
2990 119
2991 135
2992 119
2993 136
2994 95
2995 129
2996 66
2997 114
2998 148
2999 118
3000 109
3001 80
3002 121
3003 113
3004 140
3005 119
3006 131
3007 150
3008 124
3009 117
3010 123
3011 107
3012 69
3013 88
3014 158
3015 126
3016 120
3017 91
3018 107
3019 119
3020 110
3021 139
3022 84
3023 116
3024 130
3025 116
3026 128
3027 136
3028 106
3029 111
3030 119
3031 122
3032 131
3033 126
3034 116
3035 142
3036 114
3037 92
3038 113
3039 88
3040 114
3041 102
3042 108
3043 116
3044 102
3045 98
3046 142
3047 123
3048 121
3049 98
3050 75
3051 99
3052 92
3053 84
3054 106
3055 81
3056 146
3057 197
3058 129
3059 104
3060 197
3061 107
3062 115
3063 168
3064 97
3065 111
3066 101
3067 90
3068 101
3069 148
3070 183
3071 151
3072 158
3073 101
3074 73
3075 92
3076 156
3077 145
3078 137
3079 121
3080 132
3081 133
3082 101
3083 106
3084 152
3085 160
3086 102
3087 120
3088 108
3089 153
3090 154
3091 138
3092 129
3093 134
3094 164
3095 110
3096 120
3097 111
3098 30
3099 118
3100 138
3101 139
3102 112
3103 103
3104 103
3105 116
3106 135
3107 104
3108 104
3109 145
3110 118
3111 81
3112 131
3113 96
3114 111
3115 223
3116 142
3117 103
3118 113
3119 108
3120 117
3121 129
3122 133
3123 97
3124 144
3125 161
3126 99
3127 135
3128 63
3129 115
3130 113
3131 107
3132 88
3133 116
3134 138
3135 86
3136 142
3137 130
3138 95
3139 133
3140 123
3141 177
3142 116
3143 119
3144 121
3145 99
3146 118
3147 114
3148 100
3149 117
3150 146
3151 106
3152 109
3153 139
3154 138
3155 141
3156 138
3157 128
3158 109
3159 85
3160 95
3161 122
3162 153
3163 134
3164 104
3165 106
3166 124
3167 114
3168 84
3169 113
3170 97
3171 129
3172 66
3173 118
3174 57
3175 106
3176 64
3177 101
3178 156
3179 153
3180 116
3181 115
3182 78
3183 102
3184 97
3185 138
3186 126
3187 115
3188 95
3189 112
3190 112
3191 129
3192 148
3193 95
3194 135
3195 125
3196 124
3197 177
3198 76
3199 98
3200 102
3201 103
3202 117
3203 91
3204 126
3205 103
3206 126
3207 82
3208 220
3209 131
3210 137
3211 110
3212 134
3213 132
3214 128
3215 113
3216 176
3217 136
3218 77
3219 130
3220 105
3221 107
3222 105
3223 125
3224 87
3225 111
3226 126
3227 126
3228 73
3229 108
3230 104
3231 142
3232 115
3233 119
3234 144
3235 127
3236 116
3237 100
3238 126
3239 134
3240 107
3241 87
3242 118
3243 82
3244 89
3245 115
3246 127
3247 121
3248 145
3249 130
3250 77
3251 126
3252 89
3253 100
3254 120
3255 129
3256 94
3257 114
3258 149
3259 154
3260 99
3261 156
3262 128
3263 98
3264 100
3265 111
3266 90
3267 166
3268 119
3269 97
3270 50
3271 93
3272 183
3273 71
3274 121
3275 116
3276 107
3277 100
3278 66
3279 116
3280 155
3281 88
3282 121
3283 132
3284 104
3285 89
3286 113
3287 77
3288 86
3289 95
3290 78
3291 172
3292 93
3293 87
3294 90
3295 116
3296 103
3297 121
3298 108
3299 104
3300 165
3301 126
3302 100
3303 105
3304 115
3305 73
3306 166
3307 93
3308 124
3309 85
3310 76
3311 71
3312 76
3313 84
3314 122
3315 157
3316 115
3317 76
3318 147
3319 110
3320 100
3321 109
3322 94
3323 105
3324 105
3325 118
3326 97
3327 82
3328 110
3329 119
3330 131
3331 133
3332 103
3333 117
3334 155
3335 97
3336 87
3337 122
3338 125
3339 89
3340 77
3341 123
3342 79
3343 118
3344 98
3345 121
3346 112
3347 111
3348 120
3349 107
3350 147
3351 97
3352 130
3353 105
3354 107
3355 101
3356 120
3357 155
3358 74
3359 136
3360 137
3361 87
3362 95
3363 123
3364 146
3365 126
3366 152
3367 113
3368 122
3369 111
3370 117
3371 90
3372 68
3373 164
3374 102
3375 124
3376 154
3377 95
3378 135
3379 88
3380 98
3381 107
3382 113
3383 111
3384 111
3385 112
3386 135
3387 102
3388 96
3389 143
3390 71
3391 92
3392 110
3393 96
3394 137
3395 167
3396 147
3397 82
3398 140
3399 113
3400 83
3401 110
3402 98
3403 155
3404 95
3405 129
3406 124
3407 124
3408 147
3409 86
3410 111
3411 117
3412 108
3413 140
3414 107
3415 101
3416 137
3417 102
3418 120
3419 158
3420 158
3421 97
3422 119
3423 162
3424 137
3425 125
3426 148
3427 153
3428 112
3429 117
3430 118
3431 143
3432 163
3433 104
3434 113
3435 120
3436 147
3437 116
3438 138
3439 100
3440 128
3441 127
3442 150
3443 38
3444 101
3445 113
3446 144
3447 116
3448 81
3449 112
3450 164
3451 93
3452 117
3453 120
3454 123
3455 94
3456 131
3457 114
3458 114
3459 123
3460 104
3461 93
3462 135
3463 164
3464 111
3465 166
3466 122
3467 96
3468 101
3469 104
3470 160
3471 130
3472 133
3473 124
3474 104
3475 127
3476 50
3477 101
3478 107
3479 121
3480 121
3481 168
3482 137
3483 118
3484 124
3485 115
3486 92
3487 149
3488 129
3489 136
3490 147
3491 92
3492 105
3493 120
3494 125
3495 90
3496 157
3497 118
3498 39
3499 118
3500 140
3501 109
3502 80
3503 72
3504 84
3505 74
3506 158
3507 150
3508 82
3509 110
3510 83
3511 118
3512 97
3513 114
3514 124
3515 74
3516 99
3517 129
3518 94
3519 51
3520 135
3521 121
3522 117
3523 118
3524 131
3525 71
3526 109
3527 134
3528 112
3529 121
3530 108
3531 116
3532 122
3533 145
3534 86
3535 166
3536 145
3537 69
3538 85
3539 79
3540 158
3541 123
3542 103
3543 117
3544 133
3545 179
3546 104
3547 157
3548 156
3549 111
3550 99
3551 123
3552 148
3553 126
3554 134
3555 129
3556 123
3557 119
3558 49
3559 156
3560 87
3561 88
3562 136
3563 92
3564 71
3565 106
3566 96
3567 127
3568 140
3569 79
3570 141
3571 101
3572 155
3573 113
3574 125
3575 95
3576 127
3577 184
3578 149
3579 131
3580 149
3581 77
3582 139
3583 140
3584 114
3585 170
3586 124
3587 107
3588 143
3589 68
3590 113
3591 132
3592 155
3593 131
3594 121
3595 225
3596 86
3597 20
3598 124
3599 116
3600 117
3601 112
3602 104
3603 106
3604 105
3605 170
3606 171
3607 136
3608 101
3609 93
3610 136
3611 107
3612 135
3613 103
3614 90
3615 118
3616 142
3617 135
3618 135
3619 136
3620 115
3621 130
3622 123
3623 99
3624 109
3625 80
3626 102
3627 119
3628 136
3629 109
3630 143
3631 98
3632 119
3633 151
3634 137
3635 70
3636 93
3637 116
3638 81
3639 108
3640 100
3641 152
3642 87
3643 143
3644 123
3645 118
3646 96
3647 84
3648 131
3649 151
3650 20
3651 150
3652 139
3653 162
3654 132
3655 123
3656 83
3657 157
3658 124
3659 131
3660 124
3661 129
3662 108
3663 155
3664 97
3665 122
3666 125
3667 121
3668 130
3669 95
3670 107
3671 167
3672 88
3673 115
3674 108
3675 99
3676 93
3677 155
3678 144
3679 128
3680 138
3681 169
3682 124
3683 150
3684 112
3685 115
3686 165
3687 100
3688 122
3689 135
3690 99
3691 112
3692 106
3693 123
3694 112
3695 119
3696 86
3697 120
3698 82
3699 106
3700 121
3701 131
3702 126
3703 108
3704 76
3705 133
3706 101
3707 100
3708 146
3709 91
3710 137
3711 138
3712 119
3713 106
3714 105
3715 148
3716 170
3717 140
3718 122
3719 106
3720 113
3721 186
3722 108
3723 114
3724 86
3725 112
3726 102
3727 110
3728 85
3729 106
3730 170
3731 120
3732 98
3733 134
3734 90
3735 124
3736 86
3737 114
3738 19
3739 139
3740 138
3741 126
3742 130
3743 128
3744 71
3745 130
3746 131
3747 93
3748 149
3749 132
3750 85
3751 132
3752 99
3753 109
3754 107
3755 82
3756 82
3757 130
3758 104
3759 150
3760 142
3761 122
3762 150
3763 122
3764 128
3765 131
3766 181
3767 136
3768 117
3769 138
3770 127
3771 103
3772 152
3773 125
3774 99
3775 107
3776 109
3777 146
3778 100
3779 121
3780 174
3781 174
3782 130
3783 114
3784 97
3785 50
3786 172
3787 74
3788 110
3789 108
3790 126
3791 97
3792 114
3793 123
3794 82
3795 152
3796 136
3797 172
3798 95
3799 101
3800 95
3801 93
3802 145
3803 112
3804 91
3805 160
3806 85
3807 101
3808 105
3809 124
3810 124
3811 98
3812 145
3813 113
3814 102
3815 128
3816 98
3817 97
3818 142
3819 139
3820 117
3821 99
3822 133
3823 109
3824 154
3825 139
3826 112
3827 107
3828 111
3829 115
3830 150
3831 140
3832 115
3833 127
3834 108
3835 92
3836 150
3837 108
3838 128
3839 92
3840 108
3841 141
3842 108
3843 86
3844 85
3845 119
3846 109
3847 131
3848 110
3849 111
3850 134
3851 132
3852 152
3853 95
3854 109
3855 138
3856 117
3857 108
3858 105
3859 120
3860 83
3861 132
3862 107
3863 110
3864 102
3865 131
3866 140
3867 87
3868 111
3869 108
3870 159
3871 154
3872 93
3873 126
3874 116
3875 121
3876 162
3877 126
3878 112
3879 89
3880 115
3881 72
3882 122
3883 131
3884 119
3885 138
3886 172
3887 133
3888 119
3889 79
3890 115
3891 97
3892 93
3893 118
3894 47
3895 112
3896 125
3897 137
3898 112
3899 113
3900 86
3901 111
3902 112
3903 151
3904 42
3905 101
3906 126
3907 128
3908 129
3909 140
3910 108
3911 128
3912 140
3913 104
3914 140
3915 176
3916 65
3917 92
3918 95
3919 98
3920 123
3921 89
3922 143
3923 120
3924 108
3925 107
3926 115
3927 116
3928 79
3929 138
3930 119
3931 83
3932 152
3933 153
3934 133
3935 85
3936 110
3937 102
3938 104
3939 88
3940 111
3941 141
3942 126
3943 121
3944 174
3945 125
3946 89
3947 60
3948 122
3949 80
3950 94
3951 149
3952 44
3953 116
3954 110
3955 115
3956 94
3957 120
3958 162
3959 123
3960 145
3961 106
3962 122
3963 158
3964 124
3965 108
3966 130
3967 94
3968 154
3969 121
3970 114
3971 148
3972 122
3973 119
3974 129
3975 87
3976 129
3977 89
3978 129
3979 159
3980 102
3981 102
3982 134
3983 142
3984 140
3985 125
3986 92
3987 151
3988 153
3989 97
3990 115
3991 109
3992 117
3993 97
3994 145
3995 119
3996 124
3997 107
3998 136
3999 157
4000 114
4001 121
4002 87
4003 142
4004 102
4005 134
4006 100
4007 97
4008 99
4009 136
4010 146
4011 78
4012 174
4013 108
4014 110
4015 130
4016 120
4017 106
4018 127
4019 115
4020 103
4021 114
4022 134
4023 109
4024 94
4025 143
4026 181
4027 133
4028 113
4029 87
4030 113
4031 145
4032 123
4033 91
4034 105
4035 118
4036 145
4037 122
4038 137
4039 93
4040 156
4041 121
4042 127
4043 148
4044 95
4045 106
4046 91
4047 109
4048 100
4049 83
4050 141
4051 106
4052 151
4053 102
4054 84
4055 73
4056 129
4057 118
4058 101
4059 125
4060 180
4061 88
4062 142
4063 121
4064 158
4065 138
4066 139
4067 164
4068 105
4069 127
4070 117
4071 109
4072 119
4073 133
4074 127
4075 115
4076 112
4077 123
4078 116
4079 127
4080 133
4081 84
4082 133
4083 87
4084 88
4085 134
4086 109
4087 80
4088 114
4089 119
4090 130
4091 151
4092 157
4093 132
4094 90
4095 115
4096 113
4097 147
4098 85
4099 111
4100 125
4101 110
4102 152
4103 104
4104 143
4105 127
4106 144
4107 106
4108 129
4109 97
4110 121
4111 101
4112 101
4113 126
4114 125
4115 83
4116 149
4117 50
4118 105
4119 103
4120 113
4121 101
4122 101
4123 109
4124 160
4125 157
4126 84
4127 83
4128 115
4129 126
4130 100
4131 95
4132 133
4133 123
4134 110
4135 110
4136 153
4137 99
4138 115
4139 170
4140 139
4141 140
4142 115
4143 124
4144 133
4145 52
4146 150
4147 108
4148 119
4149 123
4150 101
4151 137
4152 88
4153 110
4154 99
4155 116
4156 114
4157 110
4158 149
4159 110
4160 126
4161 119
4162 134
4163 141
4164 137
4165 167
4166 130
4167 149
4168 86
4169 148
4170 107
4171 106
4172 163
4173 117
4174 90
4175 152
4176 124
4177 114
4178 133
4179 99
4180 101
4181 128
4182 112
4183 112
4184 96
4185 129
4186 109
4187 111
4188 116
4189 122
4190 88
4191 36
4192 61
4193 86
4194 115
4195 119
4196 114
4197 111
4198 114
4199 135
4200 118
4201 153
4202 128
4203 144
4204 125
4205 134
4206 85
4207 118
4208 136
4209 106
4210 153
4211 92
4212 97
4213 103
4214 144
4215 74
4216 112
4217 75
4218 109
4219 123
4220 85
4221 136
4222 88
4223 98
4224 76
4225 137
4226 84
4227 153
4228 109
4229 106
4230 82
4231 85
4232 104
4233 105
4234 137
4235 107
4236 225
4237 98
4238 175
4239 139
4240 132
4241 91
4242 121
4243 133
4244 80
4245 106
4246 150
4247 173
4248 97
4249 121
4250 98
4251 119
4252 149
4253 112
4254 140
4255 120
4256 100
4257 127
4258 91
4259 138
4260 172
4261 114
4262 75
4263 71
4264 106
4265 101
4266 156
4267 99
4268 89
4269 80
4270 141
4271 111
4272 158
4273 201
4274 148
4275 147
4276 110
4277 99
4278 116
4279 56
4280 134
4281 146
4282 158
4283 107
4284 185
4285 120
4286 99
4287 97
4288 115
4289 137
4290 133
4291 153
4292 88
4293 155
4294 154
4295 61
4296 78
4297 115
4298 119
4299 144
4300 151
4301 110
4302 125
4303 151
4304 79
4305 136
4306 106
4307 157
4308 132
4309 97
4310 91
4311 133
4312 136
4313 105
4314 117
4315 57
4316 122
4317 113
4318 71
4319 166
4320 99
4321 109
4322 133
4323 110
4324 114
4325 98
4326 104
4327 115
4328 108
4329 125
4330 102
4331 86
4332 105
4333 80
4334 87
4335 82
4336 89
4337 83
4338 123
4339 107
4340 121
4341 153
4342 138
4343 141
4344 80
4345 123
4346 109
4347 96
4348 106
4349 116
4350 144
4351 92
4352 133
4353 102
4354 129
4355 154
4356 124
4357 114
4358 97
4359 123
4360 135
4361 104
4362 115
4363 123
4364 134
4365 90
4366 144
4367 99
4368 106
4369 147
4370 113
4371 152
4372 120
4373 190
4374 151
4375 122
4376 140
4377 122
4378 124
4379 209
4380 216
4381 96
4382 62
4383 126
4384 100
4385 134
4386 160
4387 129
4388 108
4389 79
4390 133
4391 116
4392 113
4393 111
4394 112
4395 45
4396 151
4397 123
4398 145
4399 105
4400 56
4401 125
4402 107
4403 135
4404 108
4405 116
4406 101
4407 117
4408 82
4409 97
4410 132
4411 111
4412 124
4413 127
4414 120
4415 120
4416 103
4417 82
4418 108
4419 96
4420 76
4421 142
4422 130
4423 162
4424 109
4425 110
4426 119
4427 191
4428 142
4429 90
4430 111
4431 30
4432 104
4433 108
4434 130
4435 64
4436 140
4437 128
4438 126
4439 72
4440 119
4441 115
4442 124
4443 144
4444 113
4445 131
4446 59
4447 128
4448 122
4449 149
4450 148
4451 81
4452 129
4453 105
4454 147
4455 142
4456 109
4457 161
4458 56
4459 95
4460 74
4461 117
4462 128
4463 133
4464 149
4465 125
4466 114
4467 127
4468 122
4469 88
4470 105
4471 132
4472 121
4473 58
4474 126
4475 107
4476 117
4477 129
4478 65
4479 147
4480 122
4481 105
4482 84
4483 128
4484 106
4485 171
4486 93
4487 150
4488 87
4489 139
4490 140
4491 86
4492 147
4493 98
4494 88
4495 167
4496 109
4497 105
4498 90
4499 164
4500 157
4501 174
4502 46
4503 120
4504 146
4505 123
4506 111
4507 95
4508 97
4509 92
4510 136
4511 83
4512 123
4513 132
4514 87
4515 108
4516 104
4517 119
4518 134
4519 156
4520 131
4521 50
4522 152
4523 155
4524 136
4525 94
4526 92
4527 60
4528 109
4529 112
4530 129
4531 110
4532 104
4533 118
4534 118
4535 79
4536 114
4537 169
4538 94
4539 92
4540 139
4541 119
4542 146
4543 112
4544 87
4545 138
4546 90
4547 162
4548 112
4549 104
4550 126
4551 134
4552 133
4553 156
4554 118
4555 158
4556 112
4557 134
4558 105
4559 83
4560 85
4561 97
4562 116
4563 85
4564 101
4565 90
4566 117
4567 117
4568 97
4569 103
4570 105
4571 139
4572 81
4573 105
4574 96
4575 106
4576 125
4577 123
4578 123
4579 105
4580 97
4581 113
4582 130
4583 128
4584 92
4585 123
4586 160
4587 120
4588 115
4589 109
4590 108
4591 125
4592 113
4593 166
4594 135
4595 75
4596 106
4597 101
4598 151
4599 166
4600 156
4601 83
4602 87
4603 88
4604 126
4605 131
4606 76
4607 128
4608 101
4609 67
4610 85
4611 126
4612 138
4613 117
4614 132
4615 122
4616 114
4617 65
4618 108
4619 103
4620 116
4621 144
4622 103
4623 122
4624 147
4625 97
4626 35
4627 100
4628 75
4629 168
4630 122
4631 85
4632 99
4633 143
4634 135
4635 122
4636 153
4637 60
4638 121
4639 101
4640 103
4641 135
4642 48
4643 110
4644 109
4645 28
4646 106
4647 162
4648 140
4649 118
4650 184
4651 123
4652 118
4653 101
4654 117
4655 114
4656 116
4657 99
4658 140
4659 123
4660 114
4661 133
4662 130
4663 131
4664 141
4665 160
4666 101
4667 149
4668 120
4669 105
4670 124
4671 127
4672 90
4673 112
4674 101
4675 125
4676 132
4677 97
4678 84
4679 131
4680 142
4681 98
4682 95
4683 118
4684 104
4685 115
4686 140
4687 129
4688 161
4689 136
4690 107
4691 116
4692 136
4693 109
4694 149
4695 123
4696 118
4697 63
4698 106
4699 153
4700 111
4701 94
4702 96
4703 153
4704 85
4705 114
4706 66
4707 118
4708 112
4709 147
4710 102
4711 96
4712 110
4713 109
4714 141
4715 129
4716 47
4717 83
4718 135
4719 164
4720 91
4721 145
4722 129
4723 192
4724 117
4725 64
4726 146
4727 128
4728 159
4729 130
4730 162
4731 115
4732 98
4733 106
4734 119
4735 159
4736 148
4737 109
4738 121
4739 125
4740 84
4741 108
4742 139
4743 127
4744 121
4745 127
4746 110
4747 121
4748 122
4749 109
4750 95
4751 95
4752 105
4753 94
4754 103
4755 112
4756 89
4757 81
4758 118
4759 107
4760 132
4761 164
4762 93
4763 116
4764 76
4765 132
4766 136
4767 148
4768 113
4769 129
4770 100
4771 111
4772 122
4773 54
4774 133
4775 102
4776 136
4777 79
4778 95
4779 113
4780 125
4781 154
4782 72
4783 127
4784 93
4785 82
4786 135
4787 107
4788 127
4789 97
4790 107
4791 121
4792 147
4793 104
4794 112
4795 154
4796 41
4797 104
4798 89
4799 45
4800 128
4801 122
4802 111
4803 174
4804 68
4805 93
4806 80
4807 115
4808 116
4809 112
4810 85
4811 108
4812 159
4813 161
4814 95
4815 123
4816 110
4817 137
4818 130
4819 151
4820 155
4821 116
4822 114
4823 125
4824 137
4825 149
4826 99
4827 120
4828 112
4829 111
4830 135
4831 60
4832 121
4833 127
4834 134
4835 128
4836 104
4837 115
4838 121
4839 92
4840 109
4841 126
4842 153
4843 159
4844 136
4845 106
4846 76
4847 142
4848 137
4849 164
4850 104
4851 106
4852 100
4853 75
4854 113
4855 96
4856 81
4857 79
4858 109
4859 108
4860 140
4861 89
4862 66
4863 140
4864 118
4865 106
4866 154
4867 83
4868 127
4869 122
4870 140
4871 124
4872 77
4873 95
4874 101
4875 111
4876 126
4877 146
4878 131
4879 118
4880 85
4881 121
4882 94
4883 114
4884 133
4885 163
4886 138
4887 132
4888 109
4889 106
4890 172
4891 114
4892 132
4893 123
4894 153
4895 141
4896 136
4897 123
4898 104
4899 121
4900 115
4901 130
4902 109
4903 132
4904 94
4905 87
4906 118
4907 94
4908 89
4909 95
4910 99
4911 135
4912 128
4913 158
4914 134
4915 121
4916 114
4917 87
4918 115
4919 129
4920 91
4921 116
4922 134
4923 126
4924 102
4925 88
4926 164
4927 109
4928 106
4929 96
4930 105
4931 154
4932 134
4933 160
4934 128
4935 95
4936 106
4937 103
4938 108
4939 156
4940 126
4941 126
4942 73
4943 164
4944 117
4945 106
4946 172
4947 115
4948 83
4949 128
4950 118
4951 93
4952 84
4953 58
4954 99
4955 91
4956 145
4957 111
4958 110
4959 94
4960 125
4961 132
4962 117
4963 119
4964 94
4965 120
4966 129
4967 96
4968 146
4969 153
4970 128
4971 114
4972 140
4973 98
4974 116
4975 106
4976 124
4977 136
4978 138
4979 121
4980 105
4981 122
4982 136
4983 93
4984 108
4985 140
4986 86
4987 123
4988 130
4989 93
4990 140
4991 121
4992 127
4993 111
4994 129
4995 143
4996 135
4997 107
4998 104
4999 94
5000 114
5001 132
5002 131
5003 118
5004 144
5005 106
5006 115
5007 161
5008 135
5009 129
5010 89
5011 177
5012 113
5013 125
5014 55
5015 88
5016 121
5017 104
5018 139
5019 85
5020 94
5021 107
5022 114
5023 125
5024 144
5025 146
5026 124
5027 106
5028 101
5029 98
5030 142
5031 128
5032 153
5033 127
5034 108
5035 94
5036 107
5037 58
5038 119
5039 87
5040 164
5041 116
5042 127
5043 102
5044 130
5045 97
5046 111
5047 98
5048 45
5049 119
5050 82
5051 96
5052 131
5053 124
5054 113
5055 119
5056 94
5057 98
5058 165
5059 95
5060 122
5061 109
5062 115
5063 121
5064 110
5065 106
5066 144
5067 99
5068 83
5069 157
5070 171
5071 112
5072 124
5073 123
5074 121
5075 108
5076 103
5077 78
5078 105
5079 56
5080 127
5081 144
5082 106
5083 189
5084 137
5085 168
5086 111
5087 124
5088 110
5089 95
5090 125
5091 139
5092 129
5093 111
5094 119
5095 114
5096 166
5097 106
5098 111
5099 112
5100 137
5101 132
5102 111
5103 139
5104 187
5105 159
5106 131
5107 126
5108 143
5109 101
5110 132
5111 95
5112 123
5113 125
5114 145
5115 90
5116 69
5117 102
5118 136
5119 153
5120 139
5121 97
5122 102
5123 90
5124 95
5125 132
5126 120
5127 142
5128 74
5129 129
5130 124
5131 129
5132 134
5133 124
5134 68
5135 88
5136 156
5137 151
5138 140
5139 132
5140 171
5141 94
5142 73
5143 151
5144 131
5145 114
5146 113
5147 102
5148 92
5149 126
5150 144
5151 137
5152 119
5153 161
5154 159
5155 168
5156 87
5157 93
5158 111
5159 95
5160 149
5161 132
5162 117
5163 124
5164 137
5165 112
5166 134
5167 114
5168 133
5169 117
5170 133
5171 92
5172 105
5173 120
5174 132
5175 143
5176 95
5177 138
5178 106
5179 150
5180 113
5181 114
5182 110
5183 136
5184 111
5185 120
5186 137
5187 111
5188 133
5189 121
5190 105
5191 133
5192 82
5193 133
5194 100
5195 115
5196 82
5197 152
5198 116
5199 148
5200 101
5201 109
5202 138
5203 161
5204 159
5205 116
5206 154
5207 102
5208 103
5209 126
5210 127
5211 105
5212 159
5213 55
5214 131
5215 147
5216 99
5217 72
5218 98
5219 94
5220 141
5221 132
5222 163
5223 147
5224 110
5225 149
5226 131
5227 119
5228 98
5229 119
5230 121
5231 136
5232 122
5233 123
5234 163
5235 83
5236 129
5237 116
5238 101
5239 124
5240 135
5241 110
5242 97
5243 105
5244 148
5245 108
5246 107
5247 95
5248 80
5249 203
5250 123
5251 109
5252 132
5253 118
5254 136
5255 121
5256 98
5257 26
5258 124
5259 138
5260 111
5261 155
5262 99
5263 116
5264 114
5265 114
5266 135
5267 130
5268 102
5269 113
5270 114
5271 114
5272 120
5273 136
5274 109
5275 131
5276 108
5277 95
5278 138
5279 117
5280 95
5281 75
5282 85
5283 113
5284 110
5285 143
5286 130
5287 114
5288 97
5289 113
5290 135
5291 111
5292 76
5293 85
5294 110
5295 112
5296 90
5297 121
5298 87
5299 137
5300 116
5301 111
5302 81
5303 93
5304 62
5305 137
5306 139
5307 170
5308 78
5309 70
5310 109
5311 101
5312 110
5313 76
5314 120
5315 144
5316 143
5317 138
5318 115
5319 117
5320 104
5321 116
5322 123
5323 131
5324 112
5325 112
5326 37
5327 89
5328 76
5329 103
5330 79
5331 114
5332 93
5333 130
5334 121
5335 119
5336 93
5337 123
5338 122
5339 121
5340 99
5341 137
5342 102
5343 112
5344 59
5345 99
5346 83
5347 125
5348 187
5349 116
5350 114
5351 85
5352 101
5353 78
5354 97
5355 126
5356 91
5357 147
5358 112
5359 138
5360 125
5361 138
5362 119
5363 124
5364 91
5365 95
5366 130
5367 146
5368 69
5369 16
5370 140
5371 123
5372 164
5373 104
5374 126
5375 131
5376 99
5377 176
5378 132
5379 130
5380 85
5381 139
5382 106
5383 103
5384 136
5385 126
5386 81
5387 167
5388 96
5389 45
5390 126
5391 99
5392 103
5393 71
5394 99
5395 100
5396 104
5397 167
5398 143
5399 96
5400 112
5401 128
5402 170
5403 105
5404 136
5405 151
5406 100
5407 137
5408 139
5409 151
5410 119
5411 132
5412 120
5413 46
5414 164
5415 148
5416 87
5417 73
5418 155
5419 107
5420 134
5421 66
5422 131
5423 168
5424 114
5425 124
5426 152
5427 90
5428 180
5429 133
5430 35
5431 81
5432 98
5433 104
5434 106
5435 113
5436 121
5437 132
5438 66
5439 74
5440 130
5441 124
5442 163
5443 155
5444 114
5445 113
5446 115
5447 117
5448 118
5449 131
5450 160
5451 143
5452 140
5453 126
5454 130
5455 53
5456 110
5457 108
5458 107
5459 124
5460 123
5461 81
5462 121
5463 114
5464 133
5465 106
5466 149
5467 139
5468 96
5469 133
5470 127
5471 117
5472 91
5473 99
5474 121
5475 98
5476 90
5477 150
5478 106
5479 101
5480 127
5481 103
5482 165
5483 151
5484 133
5485 98
5486 108
5487 96
5488 139
5489 91
5490 103
5491 159
5492 105
5493 117
5494 147
5495 88
5496 101
5497 121
5498 133
5499 138
5500 81
5501 156
5502 109
5503 147
5504 188
5505 136
5506 153
5507 227
5508 117
5509 122
5510 151
5511 95
5512 126
5513 122
5514 120
5515 79
5516 98
5517 132
5518 152
5519 110
5520 52
5521 97
5522 75
5523 131
5524 173
5525 73
5526 73
5527 101
5528 131
5529 107
5530 111
5531 119
5532 162
5533 132
5534 77
5535 100
5536 115
5537 76
5538 139
5539 129
5540 72
5541 147
5542 114
5543 126
5544 120
5545 154
5546 153
5547 62
5548 98
5549 106
5550 115
5551 94
5552 83
5553 121
5554 136
5555 119
5556 82
5557 124
5558 107
5559 116
5560 138
5561 96
5562 133
5563 102
5564 118
5565 76
5566 104
5567 117
5568 121
5569 153
5570 146
5571 113
5572 134
5573 134
5574 75
5575 150
5576 145
5577 135
5578 91
5579 105
5580 84
5581 118
5582 123
5583 133
5584 104
5585 145
5586 136
5587 101
5588 127
5589 119
5590 149
5591 141
5592 86
5593 124
5594 113
5595 163
5596 114
5597 106
5598 122
5599 139
5600 139
5601 101
5602 131
5603 131
5604 79
5605 58
5606 126
5607 109
5608 98
5609 136
5610 126
5611 150
5612 142
5613 99
5614 96
5615 137
5616 178
5617 193
5618 86
5619 107
5620 69
5621 157
5622 117
5623 124
5624 129
5625 112
5626 117
5627 117
5628 125
5629 132
5630 112
5631 140
5632 111
5633 117
5634 119
5635 134
5636 102
5637 100
5638 115
5639 100
5640 88
5641 92
5642 140
5643 117
5644 102
5645 101
5646 106
5647 110
5648 107
5649 74
5650 193
5651 129
5652 115
5653 138
5654 139
5655 97
5656 110
5657 134
5658 123
5659 110
5660 80
5661 111
5662 28
5663 85
5664 132
5665 124
5666 141
5667 79
5668 38
5669 67
5670 122
5671 122
5672 143
5673 128
5674 141
5675 94
5676 108
5677 116
5678 136
5679 102
5680 167
5681 103
5682 107
5683 139
5684 108
5685 125
5686 144
5687 110
5688 115
5689 106
5690 40
5691 58
5692 129
5693 63
5694 116
5695 90
5696 95
5697 125
5698 127
5699 119
5700 110
5701 112
5702 104
5703 147
5704 117
5705 105
5706 111
5707 180
5708 83
5709 128
5710 137
5711 105
5712 148
5713 116
5714 115
5715 111
5716 112
5717 108
5718 115
5719 69
5720 136
5721 109
5722 119
5723 46
5724 136
5725 143
5726 144
5727 136
5728 108
5729 123
5730 43
5731 156
5732 123
5733 171
5734 148
5735 186
5736 99
5737 139
5738 144
5739 116
5740 141
5741 129
5742 127
5743 116
5744 119
5745 98
5746 100
5747 130
5748 142
5749 104
5750 154
5751 71
5752 95
5753 150
5754 85
5755 134
5756 137
5757 117
5758 103
5759 157
5760 120
5761 119
5762 119
5763 111
5764 58
5765 124
5766 105
5767 142
5768 96
5769 105
5770 135
5771 131
5772 187
5773 119
5774 123
5775 73
5776 128
5777 106
5778 121
5779 138
5780 96
5781 124
5782 113
5783 109
5784 78
5785 117
5786 131
5787 136
5788 154
5789 131
5790 140
5791 81
5792 104
5793 118
5794 107
5795 102
5796 72
5797 104
5798 107
5799 113
5800 76
5801 155
5802 107
5803 111
5804 160
5805 87
5806 65
5807 151
5808 113
5809 145
5810 104
5811 137
5812 103
5813 108
5814 128
5815 119
5816 88
5817 116
5818 100
5819 98
5820 113
5821 111
5822 126
5823 124
5824 110
5825 10
5826 137
5827 117
5828 100
5829 117
5830 121
5831 83
5832 134
5833 95
5834 82
5835 117
5836 111
5837 122
5838 103
5839 123
5840 115
5841 39
5842 106
5843 102
5844 103
5845 81
5846 121
5847 93
5848 131
5849 159
5850 141
5851 120
5852 120
5853 77
5854 141
5855 151
5856 129
5857 65
5858 93
5859 111
5860 105
5861 139
5862 119
5863 133
5864 109
5865 120
5866 93
5867 128
5868 110
5869 168
5870 158
5871 147
5872 157
5873 134
5874 136
5875 116
5876 95
5877 117
5878 141
5879 94
5880 128
5881 102
5882 146
5883 142
5884 109
5885 125
5886 134
5887 123
5888 138
5889 143
5890 116
5891 117
5892 77
5893 99
5894 139
5895 131
5896 115
5897 129
5898 107
5899 120
5900 87
5901 147
5902 122
5903 122
5904 126
5905 115
5906 122
5907 70
5908 103
5909 134
5910 140
5911 124
5912 117
5913 127
5914 117
5915 109
5916 126
5917 95
5918 105
5919 112
5920 120
5921 107
5922 119
5923 81
5924 135
5925 132
5926 127
5927 119
5928 136
5929 97
5930 137
5931 125
5932 129
5933 149
5934 80
5935 100
5936 123
5937 129
5938 151
5939 78
5940 110
5941 110
5942 104
5943 132
5944 193
5945 130
5946 86
5947 100
5948 129
5949 110
5950 180
5951 136
5952 121
5953 83
5954 116
5955 165
5956 122
5957 117
5958 123
5959 151
5960 118
5961 81
5962 133
5963 130
5964 115
5965 100
5966 159
5967 115
5968 127
5969 156
5970 125
5971 88
5972 143
5973 108
5974 122
5975 172
5976 145
5977 145
5978 125
5979 145
5980 157
5981 105
5982 135
5983 105
5984 176
5985 102
5986 119
5987 91
5988 115
5989 117
5990 112
5991 149
5992 142
5993 81
5994 120
5995 107
5996 145
5997 82
5998 107
5999 129
6000 102
6001 94
6002 58
6003 120
6004 124
6005 106
6006 132
6007 134
6008 75
6009 137
6010 116
6011 65
6012 123
6013 94
6014 101
6015 118
6016 151
6017 161
6018 97
6019 121
6020 98
6021 128
6022 114
6023 143
6024 140
6025 120
6026 117
6027 132
6028 86
6029 82
6030 92
6031 113
6032 135
6033 102
6034 153
6035 145
6036 130
6037 104
6038 113
6039 88
6040 86
6041 141
6042 109
6043 92
6044 119
6045 162
6046 61
6047 183
6048 114
6049 130
6050 200
6051 139
6052 103
6053 124
6054 103
6055 95
6056 114
6057 149
6058 85
6059 137
6060 147
6061 95
6062 73
6063 124
6064 143
6065 97
6066 108
6067 135
6068 129
6069 112
6070 100
6071 129
6072 148
6073 112
6074 147
6075 113
6076 117
6077 114
6078 123
6079 212
6080 103
6081 98
6082 79
6083 133
6084 118
6085 112
6086 102
6087 128
6088 119
6089 121
6090 124
6091 90
6092 103
6093 123
6094 91
6095 48
6096 111
6097 130
6098 122
6099 63
6100 130
6101 133
6102 176
6103 128
6104 86
6105 146
6106 120
6107 129
6108 128
6109 144
6110 131
6111 94
6112 98
6113 129
6114 141
6115 110
6116 98
6117 101
6118 98
6119 145
6120 146
6121 104
6122 73
6123 117
6124 158
6125 64
6126 133
6127 153
6128 135
6129 66
6130 145
6131 119
6132 105
6133 145
6134 105
6135 101
6136 106
6137 109
6138 99
6139 128
6140 127
6141 137
6142 164
6143 108
6144 46
6145 129
6146 134
6147 79
6148 106
6149 92
6150 62
6151 167
6152 143
6153 106
6154 130
6155 43
6156 115
6157 118
6158 124
6159 108
6160 155
6161 139
6162 96
6163 177
6164 114
6165 138
6166 142
6167 121
6168 160
6169 114
6170 118
6171 114
6172 105
6173 100
6174 139
6175 137
6176 119
6177 93
6178 83
6179 126
6180 103
6181 93
6182 124
6183 57
6184 131
6185 138
6186 102
6187 97
6188 107
6189 136
6190 115
6191 112
6192 65
6193 125
6194 91
6195 119
6196 94
6197 101
6198 111
6199 115
6200 102
6201 245
6202 114
6203 105
6204 132
6205 111
6206 103
6207 116
6208 154
6209 117
6210 95
6211 35
6212 136
6213 133
6214 97
6215 167
6216 142
6217 84
6218 98
6219 117
6220 163
6221 107
6222 127
6223 120
6224 109
6225 147
6226 99
6227 105
6228 134
6229 130
6230 86
6231 107
6232 106
6233 148
6234 94
6235 110
6236 109
6237 164
6238 119
6239 135
6240 116
6241 112
6242 110
6243 133
6244 121
6245 111
6246 126
6247 112
6248 91
6249 83
6250 77
6251 139
6252 128
6253 135
6254 66
6255 128
6256 117
6257 134
6258 118
6259 147
6260 62
6261 145
6262 99
6263 92
6264 102
6265 144
6266 150
6267 112
6268 112
6269 137
6270 95
6271 85
6272 134
6273 99
6274 104
6275 91
6276 149
6277 136
6278 44
6279 125
6280 92
6281 113
6282 94
6283 97
6284 86
6285 120
6286 152
6287 134
6288 143
6289 97
6290 120
6291 124
6292 113
6293 107
6294 161
6295 126
6296 105
6297 149
6298 78
6299 87
6300 101
6301 122
6302 100
6303 130
6304 126
6305 113
6306 142
6307 120
6308 121
6309 114
6310 115
6311 129
6312 77
6313 108
6314 147
6315 112
6316 146
6317 130
6318 76
6319 109
6320 113
6321 135
6322 91
6323 99
6324 133
6325 160
6326 119
6327 125
6328 152
6329 113
6330 103
6331 112
6332 155
6333 99
6334 123
6335 123
6336 94
6337 92
6338 132
6339 121
6340 70
6341 111
6342 125
6343 127
6344 106
6345 149
6346 124
6347 149
6348 120
6349 162
6350 73
6351 130
6352 97
6353 149
6354 117
6355 83
6356 122
6357 72
6358 116
6359 103
6360 129
6361 83
6362 91
6363 101
6364 137
6365 100
6366 144
6367 76
6368 134
6369 128
6370 103
6371 123
6372 114
6373 67
6374 114
6375 132
6376 133
6377 143
6378 105
6379 112
6380 88
6381 112
6382 106
6383 136
6384 148
6385 116
6386 170
6387 102
6388 141
6389 119
6390 120
6391 134
6392 145
6393 116
6394 119
6395 74
6396 122
6397 114
6398 114
6399 120
6400 106
6401 133
6402 113
6403 132
6404 110
6405 114
6406 141
6407 105
6408 80
6409 122
6410 110
6411 96
6412 108
6413 47
6414 71
6415 79
6416 118
6417 97
6418 149
6419 98
6420 107
6421 63
6422 158
6423 101
6424 117
6425 153
6426 131
6427 72
6428 123
6429 113
6430 155
6431 129
6432 82
6433 122
6434 124
6435 101
6436 128
6437 153
6438 130
6439 121
6440 76
6441 110
6442 126
6443 144
6444 118
6445 123
6446 133
6447 130
6448 169
6449 103
6450 123
6451 110
6452 73
6453 43
6454 100
6455 98
6456 123
6457 110
6458 152
6459 98
6460 126
6461 106
6462 70
6463 119
6464 167
6465 121
6466 121
6467 121
6468 126
6469 80
6470 120
6471 133
6472 96
6473 119
6474 138
6475 119
6476 128
6477 58
6478 135
6479 111
6480 146
6481 111
6482 116
6483 139
6484 128
6485 101
6486 119
6487 114
6488 142
6489 101
6490 141
6491 105
6492 95
6493 52
6494 130
6495 95
6496 122
6497 97
6498 129
6499 117
6500 124
6501 152
6502 120
6503 81
6504 189
6505 96
6506 25
6507 132
6508 120
6509 90
6510 147
6511 82
6512 102
6513 30
6514 117
6515 88
6516 92
6517 112
6518 114
6519 174
6520 80
6521 112
6522 139
6523 113
6524 116
6525 109
6526 138
6527 102
6528 68
6529 86
6530 137
6531 147
6532 126
6533 107
6534 128
6535 135
6536 122
6537 109
6538 159
6539 136
6540 150
6541 142
6542 149
6543 113
6544 114
6545 107
6546 95
6547 119
6548 126
6549 122
6550 166
6551 127
6552 138
6553 161
6554 128
6555 117
6556 113
6557 153
6558 103
6559 139
6560 118
6561 117
6562 127
6563 101
6564 153
6565 125
6566 94
6567 141
6568 79
6569 122
6570 152
6571 101
6572 157
6573 123
6574 105
6575 176
6576 109
6577 101
6578 121
6579 94
6580 135
6581 79
6582 143
6583 120
6584 99
6585 97
6586 138
6587 90
6588 140
6589 81
6590 129
6591 127
6592 163
6593 176
6594 21
6595 104
6596 118
6597 138
6598 95
6599 141
6600 135
6601 109
6602 73
6603 119
6604 113
6605 127
6606 102
6607 90
6608 94
6609 104
6610 99
6611 120
6612 115
6613 75
6614 128
6615 112
6616 120
6617 102
6618 114
6619 118
6620 113
6621 105
6622 117
6623 77
6624 104
6625 108
6626 125
6627 65
6628 172
6629 115
6630 131
6631 126
6632 57
6633 93
6634 153
6635 112
6636 160
6637 110
6638 105
6639 106
6640 92
6641 101
6642 119
6643 99
6644 107
6645 52
6646 136
6647 122
6648 182
6649 114
6650 121
6651 103
6652 129
6653 89
6654 75
6655 96
6656 124
6657 114
6658 133
6659 80
6660 131
6661 149
6662 170
6663 92
6664 118
6665 167
6666 101
6667 131
6668 133
6669 135
6670 114
6671 112
6672 88
6673 99
6674 93
6675 143
6676 117
6677 131
6678 125
6679 34
6680 109
6681 99
6682 124
6683 112
6684 115
6685 105
6686 83
6687 76
6688 187
6689 103
6690 124
6691 122
6692 114
6693 77
6694 123
6695 130
6696 87
6697 97
6698 100
6699 131
6700 99
6701 62
6702 160
6703 119
6704 101
6705 109
6706 58
6707 96
6708 106
6709 136
6710 135
6711 159
6712 130
6713 126
6714 151
6715 124
6716 119
6717 89
6718 91
6719 87
6720 119
6721 128
6722 114
6723 107
6724 84
6725 115
6726 163
6727 111
6728 71
6729 97
6730 126
6731 102
6732 129
6733 102
6734 126
6735 125
6736 136
6737 124
6738 151
6739 100
6740 114
6741 121
6742 148
6743 120
6744 181
6745 110
6746 113
6747 100
6748 126
6749 113
6750 107
6751 90
6752 77
6753 160
6754 105
6755 88
6756 71
6757 144
6758 135
6759 122
6760 90
6761 149
6762 70
6763 184
6764 127
6765 89
6766 101
6767 119
6768 85
6769 115
6770 100
6771 98
6772 152
6773 83
6774 128
6775 108
6776 119
6777 122
6778 90
6779 123
6780 105
6781 107
6782 136
6783 114
6784 123
6785 122
6786 117
6787 133
6788 100
6789 112
6790 86
6791 110
6792 135
6793 130
6794 102
6795 95
6796 94
6797 114
6798 109
6799 126
6800 109
6801 108
6802 122
6803 110
6804 135
6805 84
6806 143
6807 120
6808 95
6809 121
6810 142
6811 98
6812 139
6813 165
6814 77
6815 138
6816 167
6817 133
6818 98
6819 115
6820 102
6821 124
6822 119
6823 102
6824 122
6825 172
6826 131
6827 88
6828 93
6829 108
6830 96
6831 113
6832 108
6833 54
6834 124
6835 93
6836 166
6837 139
6838 137
6839 37
6840 117
6841 107
6842 120
6843 80
6844 130
6845 108
6846 144
6847 161
6848 118
6849 65
6850 82
6851 74
6852 152
6853 169
6854 116
6855 149
6856 98
6857 124
6858 111
6859 143
6860 122
6861 92
6862 114
6863 134
6864 106
6865 92
6866 83
6867 125
6868 141
6869 143
6870 161
6871 106
6872 143
6873 137
6874 165
6875 77
6876 161
6877 125
6878 150
6879 111
6880 117
6881 118
6882 108
6883 148
6884 92
6885 119
6886 127
6887 119
6888 132
6889 96
6890 117
6891 98
6892 143
6893 130
6894 126
6895 109
6896 101
6897 148
6898 119
6899 117
6900 132
6901 91
6902 174
6903 123
6904 112
6905 133
6906 132
6907 156
6908 109
6909 119
6910 114
6911 101
6912 125
6913 85
6914 150
6915 146
6916 165
6917 120
6918 126
6919 142
6920 123
6921 58
6922 94
6923 103
6924 117
6925 87
6926 145
6927 106
6928 99
6929 122
6930 135
6931 125
6932 101
6933 125
6934 153
6935 128
6936 177
6937 59
6938 122
6939 107
6940 90
6941 121
6942 93
6943 96
6944 119
6945 74
6946 155
6947 119
6948 91
6949 115
6950 128
6951 119
6952 144
6953 146
6954 110
6955 97
6956 105
6957 106
6958 164
6959 125
6960 151
6961 79
6962 30
6963 140
6964 95
6965 77
6966 92
6967 45
6968 131
6969 147
6970 121
6971 101
6972 96
6973 118
6974 166
6975 122
6976 64
6977 106
6978 95
6979 139
6980 120
6981 101
6982 96
6983 133
6984 143
6985 77
6986 148
6987 69
6988 143
6989 126
6990 92
6991 101
6992 93
6993 146
6994 111
6995 123
6996 116
6997 104
6998 112
6999 114
7000 143
7001 130
7002 106
7003 129
7004 112
7005 101
7006 156
7007 59
7008 107
7009 151
7010 85
7011 81
7012 128
7013 128
7014 130
7015 102
7016 140
7017 87
7018 131
7019 101
7020 100
7021 107
7022 117
7023 86
7024 103
7025 84
7026 114
7027 156
7028 65
7029 99
7030 85
7031 152
7032 126
7033 106
7034 102
7035 125
7036 68
7037 76
7038 114
7039 122
7040 91
7041 67
7042 135
7043 84
7044 124
7045 114
7046 99
7047 126
7048 95
7049 109
7050 135
7051 129
7052 128
7053 136
7054 126
7055 117
7056 92
7057 75
7058 123
7059 111
7060 112
7061 150
7062 94
7063 129
7064 136
7065 76
7066 144
7067 101
7068 92
7069 119
7070 79
7071 140
7072 102
7073 136
7074 90
7075 122
7076 157
7077 83
7078 92
7079 118
7080 142
7081 99
7082 137
7083 122
7084 104
7085 137
7086 116
7087 112
7088 107
7089 117
7090 101
7091 124
7092 117
7093 133
7094 83
7095 126
7096 114
7097 125
7098 66
7099 126
7100 129
7101 122
7102 95
7103 76
7104 94
7105 98
7106 120
7107 86
7108 175
7109 136
7110 120
7111 100
7112 127
7113 142
7114 108
7115 27
7116 129
7117 164
7118 146
7119 97
7120 119
7121 105
7122 98
7123 98
7124 98
7125 128
7126 122
7127 125
7128 111
7129 95
7130 170
7131 76
7132 148
7133 98
7134 112
7135 98
7136 130
7137 56
7138 96
7139 78
7140 137
7141 83
7142 133
7143 120
7144 132
7145 89
7146 185
7147 62
7148 100
7149 92
7150 112
7151 147
7152 113
7153 117
7154 81
7155 99
7156 91
7157 95
7158 121
7159 127
7160 113
7161 120
7162 117
7163 32
7164 151
7165 124
7166 115
7167 116
7168 109
7169 114
7170 128
7171 119
7172 157
7173 104
7174 84
7175 109
7176 99
7177 165
7178 113
7179 101
7180 103
7181 157
7182 150
7183 157
7184 79
7185 106
7186 98
7187 148
7188 156
7189 128
7190 96
7191 131
7192 120
7193 111
7194 73
7195 117
7196 102
7197 102
7198 155
7199 109
7200 93
7201 131
7202 107
7203 144
7204 146
7205 88
7206 96
7207 133
7208 84
7209 123
7210 153
7211 127
7212 164
7213 136
7214 71
7215 160
7216 99
7217 78
7218 125
7219 47
7220 95
7221 115
7222 134
7223 103
7224 140
7225 89
7226 111
7227 132
7228 131
7229 100
7230 102
7231 157
7232 216
7233 123
7234 135
7235 130
7236 132
7237 107
7238 142
7239 110
7240 83
7241 145
7242 85
7243 101
7244 81
7245 126
7246 131
7247 107
7248 125
7249 110
7250 123
7251 87
7252 113
7253 113
7254 135
7255 122
7256 128
7257 101
7258 133
7259 108
7260 117
7261 103
7262 144
7263 52
7264 116
7265 29
7266 125
7267 117
7268 104
7269 137
7270 98
7271 56
7272 79
7273 123
7274 131
7275 90
7276 139
7277 124
7278 112
7279 102
7280 104
7281 139
7282 152
7283 106
7284 96
7285 86
7286 58
7287 122
7288 116
7289 125
7290 141
7291 106
7292 132
7293 105
7294 118
7295 119
7296 119
7297 145
7298 96
7299 83
7300 119
7301 89
7302 88
7303 111
7304 89
7305 70
7306 122
7307 103
7308 94
7309 149
7310 97
7311 126
7312 163
7313 93
7314 106
7315 121
7316 119
7317 142
7318 80
7319 137
7320 95
7321 131
7322 134
7323 112
7324 146
7325 88
7326 111
7327 116
7328 112
7329 107
7330 135
7331 121
7332 123
7333 112
7334 112
7335 75
7336 107
7337 104
7338 83
7339 123
7340 121
7341 125
7342 127
7343 108
7344 136
7345 114
7346 103
7347 104
7348 125
7349 127
7350 116
7351 135
7352 118
7353 135
7354 83
7355 64
7356 95
7357 114
7358 134
7359 116
7360 138
7361 89
7362 104
7363 134
7364 100
7365 75
7366 40
7367 109
7368 137
7369 19
7370 171
7371 98
7372 78
7373 169
7374 59
7375 109
7376 146
7377 110
7378 115
7379 82
7380 106
7381 90
7382 134
7383 126
7384 160
7385 130
7386 132
7387 90
7388 89
7389 40
7390 133
7391 155
7392 138
7393 122
7394 138
7395 149
7396 126
7397 140
7398 141
7399 97
7400 143
7401 110
7402 117
7403 122
7404 114
7405 61
7406 108
7407 133
7408 102
7409 114
7410 160
7411 113
7412 130
7413 97
7414 161
7415 86
7416 106
7417 132
7418 114
7419 95
7420 129
7421 90
7422 142
7423 102
7424 41
7425 126
7426 132
7427 101
7428 84
7429 128
7430 102
7431 155
7432 108
7433 89
7434 127
7435 115
7436 107
7437 109
7438 103
7439 112
7440 106
7441 152
7442 86
7443 145
7444 117
7445 131
7446 124
7447 125
7448 108
7449 123
7450 130
7451 123
7452 108
7453 74
7454 122
7455 104
7456 113
7457 91
7458 148
7459 129
7460 118
7461 162
7462 142
7463 115
7464 92
7465 38
7466 139
7467 151
7468 108
7469 81
7470 93
7471 124
7472 95
7473 126
7474 129
7475 113
7476 126
7477 124
7478 98
7479 133
7480 97
7481 126
7482 105
7483 100
7484 119
7485 138
7486 105
7487 116
7488 119
7489 123
7490 109
7491 91
7492 95
7493 146
7494 125
7495 109
7496 105
7497 131
7498 152
7499 127
7500 121
7501 160
7502 148
7503 87
7504 115
7505 102
7506 116
7507 91
7508 84
7509 95
7510 109
7511 145
7512 60
7513 102
7514 113
7515 112
7516 108
7517 109
7518 103
7519 122
7520 110
7521 133
7522 108
7523 111
7524 103
7525 67
7526 108
7527 103
7528 106
7529 133
7530 194
7531 113
7532 112
7533 154
7534 97
7535 36
7536 168
7537 127
7538 128
7539 113
7540 132
7541 142
7542 169
7543 127
7544 107
7545 121
7546 103
7547 100
7548 111
7549 144
7550 145
7551 103
7552 128
7553 124
7554 144
7555 92
7556 129
7557 105
7558 59
7559 108
7560 111
7561 143
7562 168
7563 109
7564 120
7565 112
7566 118
7567 88
7568 122
7569 60
7570 125
7571 119
7572 109
7573 96
7574 145
7575 127
7576 95
7577 92
7578 126
7579 92
7580 128
7581 81
7582 131
7583 126
7584 112
7585 98
7586 151
7587 107
7588 104
7589 109
7590 84
7591 54
7592 120
7593 112
7594 118
7595 98
7596 172
7597 75
7598 131
7599 81
7600 89
7601 156
7602 103
7603 111
7604 137
7605 145
7606 111
7607 84
7608 148
7609 104
7610 113
7611 103
7612 104
7613 147
7614 99
7615 121
7616 93
7617 120
7618 125
7619 120
7620 140
7621 146
7622 115
7623 135
7624 126
7625 111
7626 97
7627 166
7628 87
7629 143
7630 105
7631 114
7632 138
7633 88
7634 97
7635 84
7636 101
7637 126
7638 163
7639 122
7640 137
7641 107
7642 87
7643 128
7644 105
7645 90
7646 34
7647 133
7648 97
7649 128
7650 89
7651 63
7652 166
7653 111
7654 127
7655 128
7656 84
7657 106
7658 112
7659 124
7660 71
7661 120
7662 111
7663 150
7664 128
7665 110
7666 89
7667 124
7668 89
7669 80
7670 91
7671 89
7672 112
7673 147
7674 160
7675 115
7676 151
7677 85
7678 89
7679 132
7680 132
7681 128
7682 84
7683 87
7684 154
7685 74
7686 121
7687 78
7688 119
7689 109
7690 138
7691 135
7692 136
7693 96
7694 128
7695 81
7696 120
7697 177
7698 116
7699 138
7700 128
7701 127
7702 108
7703 58
7704 103
7705 94
7706 137
7707 171
7708 96
7709 112
7710 101
7711 96
7712 128
7713 108
7714 92
7715 127
7716 123
7717 146
7718 98
7719 96
7720 146
7721 104
7722 101
7723 80
7724 123
7725 53
7726 95
7727 123
7728 69
7729 102
7730 101
7731 114
7732 44
7733 109
7734 141
7735 146
7736 139
7737 109
7738 105
7739 131
7740 109
7741 88
7742 126
7743 160
7744 96
7745 102
7746 132
7747 135
7748 125
7749 106
7750 145
7751 90
7752 142
7753 138
7754 91
7755 139
7756 113
7757 72
7758 133
7759 60
7760 95
7761 113
7762 131
7763 112
7764 109
7765 76
7766 95
7767 141
7768 224
7769 117
7770 142
7771 124
7772 75
7773 151
7774 115
7775 134
7776 104
7777 121
7778 123
7779 109
7780 119
7781 86
7782 105
7783 125
7784 136
7785 144
7786 95
7787 98
7788 103
7789 138
7790 123
7791 142
7792 137
7793 66
7794 134
7795 157
7796 162
7797 115
7798 111
7799 110
7800 137
7801 103
7802 138
7803 120
7804 122
7805 106
7806 116
7807 108
7808 138
7809 146
7810 113
7811 99
7812 100
7813 127
7814 64
7815 160
7816 127
7817 135
7818 96
7819 91
7820 117
7821 159
7822 175
7823 66
7824 86
7825 104
7826 147
7827 164
7828 146
7829 121
7830 96
7831 132
7832 95
7833 99
7834 136
7835 124
7836 116
7837 124
7838 137
7839 118
7840 153
7841 146
7842 101
7843 103
7844 100
7845 149
7846 99
7847 108
7848 116
7849 109
7850 143
7851 119
7852 72
7853 136
7854 122
7855 89
7856 110
7857 110
7858 136
7859 113
7860 112
7861 104
7862 145
7863 112
7864 114
7865 124
7866 79
7867 115
7868 87
7869 130
7870 103
7871 143
7872 120
7873 104
7874 128
7875 133
7876 128
7877 108
7878 98
7879 110
7880 145
7881 185
7882 102
7883 109
7884 69
7885 118
7886 124
7887 96
7888 119
7889 132
7890 103
7891 126
7892 141
7893 113
7894 107
7895 137
7896 141
7897 110
7898 104
7899 165
7900 141
7901 76
7902 122
7903 96
7904 142
7905 142
7906 133
7907 130
7908 84
7909 135
7910 124
7911 106
7912 117
7913 86
7914 137
7915 87
7916 141
7917 117
7918 162
7919 41
7920 107
7921 108
7922 118
7923 128
7924 113
7925 107
7926 150
7927 109
7928 124
7929 110
7930 121
7931 114
7932 103
7933 156
7934 137
7935 104
7936 134
7937 70
7938 61
7939 101
7940 90
7941 108
7942 114
7943 93
7944 117
7945 110
7946 150
7947 133
7948 111
7949 149
7950 68
7951 79
7952 129
7953 142
7954 136
7955 129
7956 67
7957 110
7958 79
7959 97
7960 130
7961 141
7962 107
7963 103
7964 97
7965 131
7966 55
7967 147
7968 140
7969 160
7970 137
7971 101
7972 96
7973 99
7974 89
7975 133
7976 155
7977 135
7978 160
7979 122
7980 131
7981 117
7982 85
7983 107
7984 134
7985 120
7986 114
7987 70
7988 100
7989 137
7990 127
7991 74
7992 114
7993 158
7994 102
7995 84
7996 116
7997 91
7998 91
7999 170
8000 125
8001 147
8002 133
8003 122
8004 130
8005 125
8006 114
8007 178
8008 116
8009 121
8010 126
8011 123
8012 110
8013 137
8014 117
8015 102
8016 155
8017 99
8018 84
8019 78
8020 90
8021 99
8022 115
8023 90
8024 129
8025 103
8026 110
8027 97
8028 115
8029 120
8030 121
8031 119
8032 116
8033 109
8034 127
8035 105
8036 116
8037 86
8038 139
8039 92
8040 79
8041 90
8042 94
8043 107
8044 110
8045 123
8046 90
8047 137
8048 138
8049 143
8050 116
8051 142
8052 131
8053 66
8054 139
8055 148
8056 70
8057 85
8058 115
8059 95
8060 178
8061 68
8062 62
8063 111
8064 120
8065 111
8066 111
8067 113
8068 114
8069 131
8070 136
8071 65
8072 104
8073 123
8074 87
8075 105
8076 102
8077 140
8078 102
8079 126
8080 128
8081 95
8082 123
8083 118
8084 113
8085 103
8086 106
8087 177
8088 96
8089 139
8090 121
8091 118
8092 89
8093 85
8094 124
8095 147
8096 126
8097 127
8098 169
8099 113
8100 115
8101 113
8102 106
8103 35
8104 110
8105 92
8106 123
8107 96
8108 223
8109 166
8110 117
8111 113
8112 117
8113 140
8114 154
8115 152
8116 110
8117 107
8118 78
8119 151
8120 125
8121 93
8122 102
8123 152
8124 63
8125 154
8126 149
8127 164
8128 151
8129 141
8130 118
8131 109
8132 113
8133 117
8134 129
8135 112
8136 128
8137 73
8138 189
8139 212
8140 121
8141 124
8142 158
8143 153
8144 78
8145 89
8146 54
8147 97
8148 88
8149 132
8150 96
8151 101
8152 159
8153 133
8154 140
8155 127
8156 128
8157 78
8158 122
8159 95
8160 159
8161 114
8162 71
8163 132
8164 101
8165 129
8166 153
8167 87
8168 92
8169 69
8170 129
8171 121
8172 117
8173 124
8174 113
8175 64
8176 142
8177 126
8178 74
8179 122
8180 91
8181 107
8182 95
8183 118
8184 126
8185 115
8186 107
8187 99
8188 96
8189 165
8190 109
8191 117
8192 55
8193 105
8194 91
8195 99
8196 102
8197 81
8198 170
8199 140
8200 72
8201 162
8202 98
8203 110
8204 169
8205 136
8206 109
8207 170
8208 110
8209 82
8210 129
8211 116
8212 78
8213 115
8214 131
8215 115
8216 137
8217 136
8218 107
8219 111
8220 163
8221 227
8222 109
8223 118
8224 139
8225 80
8226 139
8227 137
8228 121
8229 138
8230 130
8231 94
8232 107
8233 101
8234 91
8235 128
8236 101
8237 145
8238 115
8239 108
8240 150
8241 91
8242 120
8243 95
8244 89
8245 124
8246 99
8247 68
8248 76
8249 124
8250 101
8251 95
8252 133
8253 39
8254 98
8255 106
8256 149
8257 164
8258 105
8259 137
8260 118
8261 107
8262 125
8263 155
8264 139
8265 111
8266 127
8267 122
8268 93
8269 87
8270 105
8271 138
8272 107
8273 131
8274 107
8275 78
8276 107
8277 136
8278 121
8279 116
8280 95
8281 122
8282 125
8283 111
8284 158
8285 122
8286 90
8287 139
8288 39
8289 134
8290 117
8291 83
8292 108
8293 153
8294 106
8295 141
8296 112
8297 82
8298 114
8299 102
8300 136
8301 70
8302 116
8303 119
8304 128
8305 126
8306 128
8307 115
8308 144
8309 77
8310 153
8311 113
8312 98
8313 136
8314 140
8315 93
8316 127
8317 98
8318 110
8319 97
8320 76
8321 123
8322 119
8323 113
8324 112
8325 82
8326 80
8327 128
8328 98
8329 142
8330 121
8331 134
8332 103
8333 118
8334 119
8335 100
8336 129
8337 129
8338 98
8339 98
8340 119
8341 128
8342 108
8343 152
8344 136
8345 131
8346 114
8347 107
8348 115
8349 121
8350 116
8351 130
8352 128
8353 108
8354 125
8355 78
8356 120
8357 130
8358 116
8359 135
8360 104
8361 139
8362 129
8363 136
8364 94
8365 92
8366 121
8367 129
8368 119
8369 159
8370 144
8371 113
8372 141
8373 134
8374 117
8375 140
8376 129
8377 160
8378 113
8379 72
8380 108
8381 106
8382 86
8383 103
8384 150
8385 91
8386 106
8387 121
8388 137
8389 126
8390 130
8391 62
8392 119
8393 126
8394 115
8395 118
8396 150
8397 132
8398 116
8399 124
8400 131
8401 119
8402 117
8403 98
8404 119
8405 67
8406 126
8407 118
8408 125
8409 162
8410 75
8411 144
8412 138
8413 126
8414 183
8415 84
8416 132
8417 116
8418 137
8419 97
8420 109
8421 95
8422 162
8423 119
8424 121
8425 101
8426 109
8427 101
8428 109
8429 173
8430 83
8431 43
8432 91
8433 116
8434 90
8435 132
8436 74
8437 103
8438 143
8439 146
8440 128
8441 109
8442 118
8443 167
8444 109
8445 187
8446 119
8447 154
8448 117
8449 150
8450 137
8451 132
8452 146
8453 109
8454 123
8455 160
8456 116
8457 102
8458 104
8459 147
8460 118
8461 109
8462 137
8463 114
8464 137
8465 128
8466 159
8467 115
8468 126
8469 91
8470 158
8471 128
8472 132
8473 140
8474 105
8475 88
8476 109
8477 132
8478 104
8479 84
8480 84
8481 102
8482 144
8483 115
8484 70
8485 124
8486 101
8487 127
8488 137
8489 93
8490 98
8491 95
8492 133
8493 125
8494 141
8495 128
8496 147
8497 137
8498 158
8499 94
8500 126
8501 122
8502 140
8503 76
8504 83
8505 124
8506 99
8507 58
8508 80
8509 124
8510 123
8511 50
8512 84
8513 92
8514 114
8515 140
8516 103
8517 129
8518 122
8519 147
8520 83
8521 175
8522 80
8523 132
8524 140
8525 128
8526 141
8527 124
8528 115
8529 108
8530 107
8531 102
8532 116
8533 107
8534 119
8535 168
8536 129
8537 104
8538 128
8539 151
8540 58
8541 134
8542 105
8543 139
8544 105
8545 118
8546 172
8547 84
8548 118
8549 63
8550 93
8551 75
8552 127
8553 114
8554 162
8555 146
8556 82
8557 145
8558 109
8559 116
8560 125
8561 99
8562 97
8563 101
8564 92
8565 109
8566 75
8567 88
8568 135
8569 116
8570 129
8571 117
8572 95
8573 160
8574 110
8575 92
8576 109
8577 85
8578 119
8579 152
8580 88
8581 129
8582 97
8583 126
8584 162
8585 95
8586 111
8587 73
8588 123
8589 149
8590 117
8591 134
8592 100
8593 148
8594 126
8595 89
8596 106
8597 156
8598 77
8599 123
