Vertices: 1300
Edges: 9100
Time: 0,394 ms
Iterations: 9085
Vertex Distance
0 0
1 156
2 111
3 152
4 124
5 145
6 154
7 204
8 135
9 140
10 166
11 222
12 127
13 121
14 177
15 202
16 132
17 128
18 143
19 180
20 141
21 137
22 136
23 133
24 144
25 120
26 177
27 180
28 154
29 137
30 121
31 114
32 157
33 161
34 138
35 171
36 132
37 135
38 162
39 137
40 156
41 134
42 130
43 121
44 172
45 172
46 182
47 175
48 130
49 133
50 108
51 104
52 105
53 183
54 155
55 123
56 135
57 119
58 211
59 132
60 135
61 126
62 124
63 172
64 78
65 195
66 175
67 184
68 130
69 127
70 131
71 157
72 138
73 157
74 101
75 143
76 105
77 150
78 126
79 68
80 201
81 128
82 104
83 119
84 101
85 125
86 114
87 142
88 139
89 169
90 217
91 140
92 163
93 130
94 132
95 122
96 159
97 165
98 125
99 126
100 145
101 149
102 74
103 158
104 137
105 179
106 143
107 190
108 150
109 184
110 143
111 144
112 148
113 154
114 200
115 122
116 169
117 174
118 167
119 169
120 136
121 151
122 111
123 196
124 159
125 120
126 138
127 167
128 203
129 117
130 90
131 98
132 85
133 143
134 83
135 170
136 181
137 126
138 202
139 182
140 96
141 153
142 172
143 99
144 141
145 151
146 110
147 157
148 189
149 99
150 110
151 144
152 127
153 142
154 165
155 156
156 103
157 131
158 127
159 145
160 129
161 112
162 127
163 107
164 185
165 155
166 123
167 122
168 158
169 124
170 134
171 152
172 148
173 144
174 81
175 182
176 150
177 127
178 96
179 129
180 80
181 97
182 100
183 147
184 169
185 134
186 123
187 160
188 115
189 89
190 178
191 156
192 120
193 98
194 172
195 127
196 155
197 146
198 158
199 119
200 141
201 107
202 113
203 110
204 79
205 149
206 200
207 111
208 152
209 140
210 173
211 107
212 144
213 163
214 135
215 146
216 142
217 143
218 106
219 144
220 154
221 152
222 170
223 122
224 119
225 149
226 137
227 142
228 144
229 160
230 113
231 139
232 150
233 107
234 127
235 139
236 180
237 153
238 159
239 181
240 131
241 92
242 136
243 108
244 138
245 118
246 136
247 131
248 139
249 153
250 135
251 136
252 143
253 138
254 138
255 142
256 170
257 103
258 155
259 185
260 162
261 116
262 151
263 118
264 131
265 133
266 138
267 173
268 144
269 131
270 145
271 124
272 125
273 121
274 188
275 135
276 129
277 140
278 159
279 183
280 103
281 137
282 167
283 91
284 185
285 172
286 111
287 109
288 87
289 132
290 163
291 152
292 138
293 132
294 141
295 164
296 140
297 138
298 117
299 127
300 149
301 164
302 145
303 196
304 88
305 150
306 168
307 143
308 111
309 108
310 135
311 156
312 105
313 199
314 171
315 0
316 142
317 152
318 122
319 147
320 144
321 163
322 139
323 119
324 112
325 149
326 169
327 149
328 154
329 189
330 175
331 148
332 145
333 130
334 123
335 142
336 165
337 135
338 165
339 106
340 148
341 132
342 165
343 120
344 128
345 179
346 139
347 127
348 126
349 149
350 112
351 123
352 148
353 153
354 129
355 173
356 158
357 149
358 102
359 157
360 158
361 164
362 151
363 11
364 96
365 171
366 106
367 133
368 123
369 142
370 199
371 148
372 127
373 134
374 120
375 168
376 90
377 97
378 201
379 136
380 183
381 122
382 144
383 145
384 126
385 174
386 141
387 105
388 179
389 177
390 148
391 133
392 113
393 176
394 144
395 186
396 145
397 144
398 152
399 186
400 152
401 121
402 162
403 157
404 160
405 137
406 116
407 220
408 152
409 148
410 147
411 145
412 128
413 139
414 134
415 125
416 113
417 133
418 159
419 164
420 160
421 135
422 141
423 174
424 137
425 186
426 169
427 175
428 145
429 116
430 115
431 111
432 159
433 151
434 177
435 152
436 165
437 133
438 153
439 148
440 124
441 148
442 124
443 159
444 90
445 132
446 164
447 103
448 126
449 155
450 224
451 160
452 162
453 131
454 119
455 148
456 160
457 99
458 142
459 134
460 144
461 139
462 102
463 195
464 122
465 191
466 159
467 80
468 116
469 147
470 170
471 82
472 164
473 171
474 93
475 169
476 191
477 163
478 162
479 142
480 141
481 142
482 67
483 127
484 109
485 152
486 120
487 162
488 156
489 147
490 86
491 133
492 153
493 91
494 153
495 214
496 131
497 152
498 142
499 144
500 147
501 119
502 107
503 136
504 177
505 148
506 119
507 153
508 138
509 134
510 177
511 143
512 163
513 111
514 167
515 134
516 138
517 137
518 165
519 148
520 107
521 120
522 159
523 201
524 155
525 130
526 196
527 176
528 135
529 161
530 123
531 152
532 113
533 110
534 180
535 116
536 148
537 181
538 129
539 141
540 162
541 140
542 141
543 84
544 157
545 110
546 158
547 156
548 112
549 163
550 117
551 94
552 156
553 146
554 134
555 154
556 151
557 120
558 71
559 160
560 164
561 75
562 149
563 158
564 111
565 167
566 158
567 134
568 184
569 152
570 195
571 144
572 179
573 150
574 145
575 175
576 149
577 142
578 140
579 178
580 171
581 164
582 142
583 142
584 134
585 151
586 161
587 131
588 134
589 64
590 127
591 145
592 108
593 165
594 153
595 87
596 126
597 114
598 139
599 115
600 156
601 135
602 204
603 145
604 105
605 41
606 140
607 166
608 157
609 174
610 124
611 131
612 145
613 147
614 151
615 147
616 86
617 146
618 139
619 105
620 144
621 159
622 101
623 156
624 145
625 129
626 137
627 141
628 89
629 104
630 130
631 147
632 123
633 139
634 144
635 117
636 185
637 196
638 108
639 136
640 185
641 123
642 137
643 105
644 134
645 146
646 167
647 117
648 179
649 167
650 107
651 133
652 127
653 128
654 147
655 145
656 193
657 116
658 119
659 102
660 134
661 117
662 108
663 133
664 168
665 163
666 129
667 155
668 212
669 142
670 139
671 150
672 106
673 106
674 134
675 162
676 153
677 161
678 143
679 127
680 162
681 216
682 135
683 144
684 149
685 144
686 177
687 161
688 147
689 103
690 162
691 127
692 156
693 106
694 138
695 166
696 167
697 97
698 158
699 78
700 129
701 79
702 153
703 135
704 141
705 124
706 143
707 97
708 163
709 155
710 168
711 96
712 105
713 123
714 129
715 138
716 139
717 135
718 88
719 160
720 142
721 122
722 195
723 118
724 159
725 137
726 118
727 124
728 152
729 138
730 164
731 128
732 132
733 128
734 130
735 169
736 208
737 145
738 116
739 149
740 155
741 124
742 147
743 152
744 124
745 136
746 102
747 163
748 139
749 149
750 145
751 125
752 142
753 152
754 141
755 129
756 133
757 132
758 163
759 162
760 130
761 110
762 154
763 176
764 168
765 124
766 120
767 197
768 174
769 143
770 169
771 134
772 143
773 123
774 138
775 106
776 147
777 168
778 116
779 121
780 150
781 151
782 129
783 102
784 112
785 158
786 114
787 129
788 114
789 121
790 171
791 140
792 160
793 156
794 151
795 79
796 133
797 157
798 159
799 135
800 149
801 197
802 127
803 145
804 164
805 128
806 152
807 130
808 150
809 42
810 165
811 115
812 113
813 173
814 144
815 167
816 146
817 148
818 151
819 132
820 115
821 117
822 158
823 103
824 158
825 154
826 99
827 156
828 170
829 144
830 178
831 140
832 147
833 126
834 149
835 166
836 142
837 136
838 148
839 131
840 126
841 124
842 101
843 140
844 104
845 143
846 113
847 148
848 100
849 151
850 187
851 122
852 125
853 150
854 131
855 108
856 127
857 114
858 150
859 148
860 94
861 142
862 113
863 151
864 101
865 162
866 150
867 122
868 157
869 102
870 173
871 128
872 93
873 142
874 195
875 157
876 135
877 146
878 129
879 130
880 170
881 127
882 116
883 169
884 136
885 146
886 153
887 124
888 128
889 191
890 107
891 119
892 143
893 114
894 141
895 125
896 164
897 107
898 148
899 136
900 159
901 245
902 146
903 160
904 151
905 153
906 113
907 173
908 156
909 122
910 118
911 135
912 149
913 133
914 148
915 142
916 89
917 122
918 142
919 210
920 139
921 136
922 121
923 192
924 139
925 188
926 221
927 128
928 149
929 116
930 137
931 143
932 122
933 95
934 109
935 143
936 117
937 105
938 122
939 198
940 164
941 136
942 128
943 155
944 150
945 145
946 194
947 131
948 134
949 143
950 157
951 171
952 149
953 148
954 123
955 98
956 98
957 125
958 136
959 122
960 116
961 117
962 154
963 165
964 107
965 162
966 151
967 152
968 154
969 128
970 137
971 134
972 128
973 195
974 151
975 99
976 174
977 154
978 127
979 147
980 59
981 125
982 163
983 137
984 159
985 126
986 162
987 124
988 203
989 138
990 185
991 150
992 133
993 191
994 133
995 139
996 122
997 199
998 159
999 128
1000 143
1001 76
1002 146
1003 106
1004 162
1005 154
1006 202
1007 113
1008 179
1009 124
1010 137
1011 153
1012 160
1013 131
1014 136
1015 147
1016 167
1017 141
1018 181
1019 125
1020 180
1021 133
1022 216
1023 102
1024 139
1025 133
1026 180
1027 125
1028 149
1029 72
1030 162
1031 135
1032 123
1033 183
1034 153
1035 198
1036 173
1037 138
1038 128
1039 157
1040 123
1041 151
1042 167
1043 129
1044 210
1045 167
1046 156
1047 136
1048 163
1049 114
1050 158
1051 153
1052 111
1053 156
1054 134
1055 169
1056 167
1057 159
1058 157
1059 155
1060 133
1061 138
1062 126
1063 144
1064 203
1065 157
1066 99
1067 132
1068 158
1069 163
1070 163
1071 122
1072 182
1073 158
1074 132
1075 126
1076 138
1077 134
1078 153
1079 167
1080 127
1081 155
1082 127
1083 149
1084 179
1085 125
1086 190
1087 133
1088 117
1089 138
1090 151
1091 139
1092 196
1093 113
1094 140
1095 106
1096 110
1097 154
1098 108
1099 113
1100 153
1101 157
1102 158
1103 128
1104 182
1105 160
1106 150
1107 157
1108 117
1109 200
1110 126
1111 171
1112 178
1113 112
1114 149
1115 193
1116 157
1117 125
1118 154
1119 133
1120 165
1121 144
1122 124
1123 144
1124 146
1125 189
1126 173
1127 124
1128 137
1129 152
1130 147
1131 169
1132 185
1133 118
1134 142
1135 141
1136 130
1137 104
1138 157
1139 126
1140 106
1141 114
1142 168
1143 128
1144 163
1145 203
1146 167
1147 153
1148 134
1149 149
1150 132
1151 138
1152 154
1153 168
1154 117
1155 171
1156 119
1157 159
1158 136
1159 133
1160 106
1161 116
1162 167
1163 133
1164 90
1165 135
1166 135
1167 115
1168 149
1169 129
1170 111
1171 136
1172 134
1173 176
1174 131
1175 123
1176 97
1177 151
1178 165
1179 158
1180 163
1181 135
1182 137
1183 131
1184 161
1185 146
1186 151
1187 92
1188 146
1189 144
1190 150
1191 154
1192 134
1193 166
1194 152
1195 198
1196 166
1197 147
1198 164
1199 166
1200 183
1201 135
1202 139
1203 144
1204 113
1205 148
1206 160
1207 112
1208 101
1209 144
1210 134
1211 152
1212 199
1213 161
1214 144
1215 195
1216 117
1217 201
1218 166
1219 111
1220 159
1221 95
1222 164
1223 151
1224 147
1225 126
1226 158
1227 145
1228 150
1229 166
1230 81
1231 194
1232 137
1233 130
1234 130
1235 151
1236 116
1237 133
1238 155
1239 129
1240 172
1241 120
1242 155
1243 138
1244 163
1245 148
1246 150
1247 152
1248 134
1249 202
1250 114
1251 72
1252 125
1253 135
1254 113
1255 132
1256 168
1257 144
1258 134
1259 138
1260 171
1261 143
1262 113
1263 112
1264 126
1265 178
1266 132
1267 122
1268 104
1269 166
1270 41
1271 162
1272 130
1273 92
1274 147
1275 114
1276 135
1277 154
1278 158
1279 184
1280 122
1281 157
1282 149
1283 136
1284 112
1285 138
1286 132
1287 152
1288 111
1289 145
1290 146
1291 148
1292 119
1293 154
1294 241
1295 230
1296 130
1297 139
1298 134
1299 168
