Vertices: 8900
Edges: 44500
Time: 3,407 ms
Iterations: 44228
Vertex Distance
0 0
1 206
2 201
3 125
4 174
5 235
6 201
7 159
8 203
9 242
10 169
11 117
12 186
13 182
14 227
15 209
16 202
17 180
18 197
19 212
20 139
21 196
22 220
23 203
24 230
25 0
26 208
27 217
28 148
29 166
30 133
31 182
32 224
33 200
34 195
35 225
36 222
37 220
38 211
39 180
40 196
41 180
42 174
43 217
44 215
45 225
46 222
47 230
48 196
49 162
50 199
51 209
52 184
53 220
54 174
55 198
56 210
57 238
58 202
59 227
60 223
61 169
62 180
63 218
64 172
65 201
66 221
67 203
68 197
69 186
70 151
71 155
72 211
73 303
74 172
75 192
76 234
77 92
78 229
79 192
80 187
81 232
82 220
83 179
84 207
85 280
86 214
87 156
88 115
89 219
90 146
91 199
92 234
93 144
94 199
95 212
96 218
97 202
98 192
99 114
100 178
101 236
102 199
103 262
104 216
105 245
106 201
107 216
108 135
109 176
110 219
111 169
112 148
113 161
114 188
115 194
116 199
117 188
118 215
119 153
120 187
121 176
122 189
123 138
124 152
125 227
126 266
127 163
128 214
129 263
130 185
131 142
132 197
133 214
134 235
135 208
136 271
137 135
138 130
139 230
140 224
141 280
142 193
143 235
144 205
145 177
146 173
147 173
148 236
149 191
150 132
151 212
152 189
153 0
154 173
155 156
156 226
157 179
158 180
159 164
160 212
161 212
162 221
163 336
164 190
165 200
166 214
167 157
168 205
169 208
170 191
171 210
172 212
173 194
174 205
175 256
176 203
177 156
178 156
179 181
180 180
181 178
182 173
183 198
184 188
185 169
186 189
187 295
188 210
189 178
190 221
191 210
192 196
193 218
194 198
195 124
196 222
197 186
198 177
199 110
200 259
201 162
202 184
203 85
204 180
205 214
206 209
207 193
208 165
209 127
210 154
211 205
212 112
213 185
214 184
215 322
216 173
217 212
218 169
219 162
220 187
221 193
222 202
223 252
224 204
225 176
226 200
227 110
228 162
229 227
230 166
231 223
232 134
233 174
234 232
235 164
236 153
237 189
238 217
239 204
240 269
241 154
242 207
243 228
244 203
245 200
246 152
247 160
248 216
249 216
250 119
251 220
252 124
253 217
254 147
255 191
256 153
257 224
258 198
259 165
260 158
261 250
262 153
263 184
264 158
265 188
266 192
267 236
268 164
269 190
270 178
271 173
272 163
273 0
274 299
275 148
276 157
277 137
278 187
279 271
280 212
281 212
282 215
283 153
284 197
285 255
286 181
287 168
288 221
289 236
290 181
291 196
292 151
293 187
294 205
295 207
296 182
297 209
298 193
299 90
300 160
301 196
302 161
303 225
304 209
305 230
306 209
307 142
308 184
309 224
310 201
311 178
312 201
313 206
314 176
315 174
316 194
317 185
318 175
319 169
320 233
321 174
322 209
323 178
324 218
325 0
326 221
327 243
328 148
329 189
330 210
331 211
332 150
333 136
334 201
335 174
336 191
337 214
338 164
339 158
340 191
341 197
342 264
343 188
344 158
345 210
346 193
347 186
348 143
349 190
350 287
351 136
352 232
353 238
354 255
355 158
356 187
357 182
358 148
359 175
360 193
361 148
362 211
363 249
364 188
365 177
366 248
367 218
368 210
369 218
370 170
371 155
372 159
373 195
374 223
375 236
376 158
377 227
378 200
379 184
380 202
381 130
382 190
383 102
384 201
385 175
386 194
387 209
388 183
389 271
390 144
391 230
392 196
393 202
394 121
395 255
396 215
397 106
398 224
399 256
400 147
401 206
402 134
403 246
404 163
405 164
406 274
407 194
408 195
409 176
410 197
411 221
412 198
413 257
414 234
415 203
416 75
417 184
418 211
419 230
420 220
421 189
422 228
423 216
424 250
425 187
426 190
427 215
428 194
429 148
430 216
431 123
432 206
433 176
434 273
435 228
436 191
437 181
438 206
439 228
440 230
441 144
442 176
443 201
444 269
445 189
446 197
447 179
448 151
449 233
450 174
451 122
452 201
453 200
454 177
455 151
456 222
457 226
458 221
459 222
460 162
461 195
462 181
463 225
464 211
465 234
466 177
467 200
468 173
469 180
470 146
471 202
472 186
473 204
474 149
475 216
476 177
477 204
478 130
479 240
480 203
481 240
482 188
483 184
484 186
485 136
486 201
487 195
488 203
489 179
490 176
491 210
492 194
493 178
494 186
495 144
496 164
497 270
498 174
499 161
500 225
501 183
502 238
503 187
504 175
505 192
506 196
507 170
508 176
509 184
510 192
511 214
512 206
513 170
514 177
515 181
516 178
517 210
518 252
519 173
520 196
521 238
522 107
523 205
524 162
525 172
526 195
527 133
528 194
529 202
530 214
531 154
532 200
533 192
534 170
535 213
536 223
537 198
538 186
539 186
540 225
541 197
542 176
543 149
544 205
545 196
546 129
547 267
548 230
549 184
550 248
551 144
552 237
553 245
554 158
555 159
556 198
557 217
558 256
559 162
560 171
561 159
562 269
563 189
564 236
565 129
566 219
567 134
568 201
569 165
570 188
571 187
572 198
573 162
574 227
575 170
576 223
577 165
578 149
579 150
580 165
581 213
582 274
583 211
584 186
585 176
586 221
587 205
588 174
589 231
590 197
591 314
592 197
593 180
594 138
595 227
596 179
597 238
598 191
599 186
600 246
601 214
602 178
603 188
604 175
605 196
606 187
607 221
608 258
609 245
610 145
611 201
612 200
613 191
614 230
615 180
616 241
617 206
618 192
619 222
620 180
621 166
622 172
623 206
624 217
625 266
626 179
627 166
628 141
629 169
630 238
631 158
632 183
633 144
634 187
635 181
636 241
637 174
638 177
639 165
640 217
641 194
642 185
643 116
644 127
645 147
646 246
647 207
648 246
649 230
650 212
651 160
652 220
653 161
654 210
655 178
656 159
657 203
658 198
659 213
660 185
661 218
662 206
663 248
664 175
665 0
666 223
667 189
668 141
669 173
670 222
671 171
672 236
673 200
674 219
675 200
676 162
677 176
678 185
679 173
680 228
681 210
682 215
683 232
684 193
685 198
686 192
687 208
688 239
689 216
690 209
691 188
692 175
693 198
694 186
695 197
696 195
697 179
698 201
699 205
700 142
701 199
702 241
703 229
704 197
705 182
706 98
707 216
708 200
709 200
710 238
711 224
712 272
713 175
714 256
715 188
716 138
717 201
718 197
719 212
720 222
721 181
722 219
723 79
724 244
725 215
726 227
727 233
728 195
729 216
730 187
731 162
732 160
733 184
734 184
735 213
736 126
737 152
738 204
739 177
740 207
741 206
742 139
743 202
744 220
745 234
746 218
747 192
748 161
749 199
750 268
751 174
752 0
753 204
754 156
755 216
756 193
757 145
758 185
759 241
760 196
761 196
762 212
763 187
764 186
765 244
766 202
767 237
768 213
769 186
770 239
771 202
772 154
773 177
774 234
775 181
776 161
777 197
778 171
779 208
780 176
781 167
782 186
783 182
784 199
785 126
786 0
787 195
788 200
789 215
790 252
791 163
792 286
793 194
794 304
795 197
796 156
797 164
798 167
799 172
800 223
801 178
802 167
803 179
804 199
805 216
806 118
807 145
808 114
809 171
810 274
811 152
812 163
813 193
814 216
815 195
816 174
817 166
818 186
819 189
820 259
821 222
822 179
823 195
824 194
825 184
826 163
827 204
828 173
829 169
830 212
831 201
832 226
833 181
834 165
835 206
836 243
837 192
838 193
839 286
840 181
841 272
842 180
843 0
844 167
845 173
846 238
847 212
848 192
849 171
850 222
851 155
852 189
853 195
854 172
855 221
856 196
857 304
858 176
859 182
860 214
861 154
862 79
863 248
864 146
865 194
866 179
867 200
868 261
869 185
870 93
871 204
872 200
873 214
874 150
875 216
876 186
877 177
878 244
879 249
880 386
881 124
882 237
883 192
884 116
885 254
886 220
887 186
888 166
889 196
890 247
891 254
892 210
893 191
894 229
895 214
896 217
897 183
898 250
899 237
900 179
901 208
902 138
903 172
904 159
905 217
906 207
907 273
908 239
909 166
910 100
911 237
912 190
913 191
914 212
915 181
916 156
917 138
918 170
919 156
920 264
921 161
922 228
923 155
924 234
925 129
926 200
927 195
928 156
929 171
930 253
931 125
932 235
933 265
934 186
935 208
936 179
937 206
938 189
939 188
940 231
941 227
942 121
943 181
944 177
945 152
946 182
947 204
948 208
949 231
950 177
951 205
952 186
953 136
954 189
955 158
956 155
957 197
958 162
959 182
960 163
961 206
962 162
963 225
964 239
965 162
966 176
967 193
968 155
969 192
970 155
971 210
972 207
973 240
974 213
975 108
976 176
977 220
978 263
979 173
980 211
981 205
982 218
983 220
984 227
985 208
986 180
987 206
988 205
989 273
990 187
991 211
992 191
993 160
994 156
995 0
996 246
997 198
998 210
999 203
1000 228
1001 185
1002 196
1003 220
1004 140
1005 173
1006 209
1007 205
1008 165
1009 198
1010 192
1011 196
1012 183
1013 215
1014 143
1015 190
1016 151
1017 255
1018 179
1019 192
1020 243
1021 248
1022 208
1023 222
1024 169
1025 196
1026 246
1027 175
1028 168
1029 234
1030 195
1031 299
1032 176
1033 210
1034 181
1035 195
1036 214
1037 147
1038 231
1039 224
1040 199
1041 211
1042 191
1043 191
1044 212
1045 144
1046 211
1047 182
1048 0
1049 156
1050 180
1051 175
1052 172
1053 97
1054 263
1055 160
1056 220
1057 214
1058 126
1059 223
1060 163
1061 166
1062 210
1063 163
1064 213
1065 250
1066 227
1067 178
1068 176
1069 216
1070 214
1071 145
1072 188
1073 147
1074 204
1075 232
1076 257
1077 167
1078 179
1079 187
1080 237
1081 206
1082 211
1083 202
1084 154
1085 181
1086 230
1087 153
1088 276
1089 209
1090 263
1091 143
1092 251
1093 150
1094 219
1095 202
1096 236
1097 184
1098 214
1099 188
1100 184
1101 201
1102 168
1103 181
1104 97
1105 194
1106 167
1107 299
1108 209
1109 172
1110 202
1111 234
1112 240
1113 202
1114 161
1115 186
1116 141
1117 282
1118 226
1119 172
1120 220
1121 248
1122 194
1123 188
1124 213
1125 88
1126 195
1127 178
1128 191
1129 154
1130 232
1131 142
1132 223
1133 233
1134 163
1135 235
1136 226
1137 258
1138 169
1139 185
1140 211
1141 177
1142 168
1143 110
1144 181
1145 194
1146 138
1147 117
1148 196
1149 220
1150 133
1151 222
1152 185
1153 145
1154 177
1155 139
1156 191
1157 171
1158 248
1159 149
1160 215
1161 152
1162 164
1163 165
1164 185
1165 237
1166 136
1167 175
1168 187
1169 294
1170 217
1171 159
1172 228
1173 187
1174 203
1175 242
1176 160
1177 180
1178 158
1179 133
1180 173
1181 200
1182 187
1183 239
1184 181
1185 195
1186 144
1187 246
1188 157
1189 123
1190 153
1191 178
1192 206
1193 175
1194 204
1195 176
1196 155
1197 142
1198 238
1199 240
1200 182
1201 206
1202 87
1203 191
1204 222
1205 206
1206 192
1207 242
1208 191
1209 202
1210 287
1211 206
1212 130
1213 109
1214 137
1215 198
1216 189
1217 154
1218 194
1219 212
1220 208
1221 166
1222 170
1223 290
1224 114
1225 210
1226 246
1227 220
1228 184
1229 195
1230 200
1231 204
1232 208
1233 201
1234 225
1235 153
1236 188
1237 196
1238 202
1239 220
1240 210
1241 182
1242 188
1243 199
1244 218
1245 280
1246 213
1247 185
1248 218
1249 204
1250 162
1251 206
1252 228
1253 212
1254 193
1255 181
1256 235
1257 185
1258 180
1259 210
1260 262
1261 247
1262 161
1263 173
1264 118
1265 226
1266 266
1267 214
1268 219
1269 291
1270 224
1271 259
1272 155
1273 167
1274 188
1275 179
1276 294
1277 227
1278 208
1279 184
1280 159
1281 153
1282 176
1283 231
1284 194
1285 197
1286 216
1287 243
1288 165
1289 165
1290 213
1291 237
1292 217
1293 180
1294 248
1295 244
1296 174
1297 244
1298 215
1299 180
1300 264
1301 234
1302 232
1303 164
1304 204
1305 190
1306 268
1307 196
1308 206
1309 119
1310 235
1311 301
1312 220
1313 179
1314 208
1315 231
1316 188
1317 177
1318 179
1319 207
1320 128
1321 218
1322 221
1323 142
1324 179
1325 198
1326 237
1327 163
1328 218
1329 180
1330 172
1331 202
1332 100
1333 253
1334 176
1335 206
1336 173
1337 258
1338 190
1339 263
1340 194
1341 158
1342 231
1343 189
1344 213
1345 238
1346 188
1347 153
1348 211
1349 202
1350 218
1351 189
1352 206
1353 175
1354 239
1355 219
1356 176
1357 214
1358 142
1359 172
1360 233
1361 179
1362 187
1363 203
1364 118
1365 215
1366 199
1367 221
1368 204
1369 158
1370 111
1371 213
1372 268
1373 224
1374 210
1375 247
1376 240
1377 224
1378 186
1379 154
1380 145
1381 191
1382 183
1383 168
1384 212
1385 213
1386 180
1387 182
1388 173
1389 182
1390 188
1391 200
1392 221
1393 226
1394 178
1395 216
1396 218
1397 185
1398 88
1399 153
1400 211
1401 214
1402 227
1403 186
1404 239
1405 259
1406 177
1407 196
1408 250
1409 197
1410 178
1411 102
1412 158
1413 203
1414 188
1415 215
1416 246
1417 235
1418 189
1419 298
1420 214
1421 178
1422 201
1423 151
1424 130
1425 180
1426 151
1427 148
1428 199
1429 223
1430 163
1431 191
1432 199
1433 181
1434 189
1435 203
1436 177
1437 203
1438 191
1439 197
1440 163
1441 164
1442 216
1443 121
1444 202
1445 108
1446 206
1447 200
1448 160
1449 172
1450 188
1451 206
1452 155
1453 187
1454 203
1455 194
1456 186
1457 190
1458 186
1459 193
1460 202
1461 182
1462 151
1463 120
1464 135
1465 161
1466 127
1467 216
1468 196
1469 236
1470 131
1471 223
1472 223
1473 176
1474 214
1475 203
1476 159
1477 224
1478 181
1479 216
1480 212
1481 127
1482 49
1483 218
1484 188
1485 215
1486 227
1487 212
1488 196
1489 211
1490 93
1491 197
1492 230
1493 198
1494 216
1495 165
1496 257
1497 203
1498 184
1499 343
1500 205
1501 210
1502 216
1503 172
1504 196
1505 163
1506 209
1507 199
1508 230
1509 119
1510 131
1511 202
1512 154
1513 185
1514 223
1515 248
1516 148
1517 164
1518 175
1519 209
1520 188
1521 142
1522 146
1523 276
1524 187
1525 188
1526 244
1527 206
1528 230
1529 159
1530 249
1531 150
1532 149
1533 204
1534 190
1535 259
1536 197
1537 290
1538 171
1539 192
1540 191
1541 198
1542 212
1543 209
1544 171
1545 171
1546 0
1547 212
1548 247
1549 230
1550 159
1551 188
1552 232
1553 192
1554 155
1555 152
1556 258
1557 187
1558 207
1559 218
1560 196
1561 166
1562 148
1563 245
1564 240
1565 239
1566 201
1567 250
1568 229
1569 155
1570 189
1571 192
1572 179
1573 198
1574 212
1575 217
1576 184
1577 236
1578 111
1579 196
1580 214
1581 200
1582 231
1583 170
1584 196
1585 205
1586 195
1587 165
1588 114
1589 194
1590 135
1591 215
1592 229
1593 246
1594 222
1595 168
1596 154
1597 219
1598 174
1599 192
1600 185
1601 230
1602 170
1603 197
1604 125
1605 197
1606 97
1607 209
1608 211
1609 223
1610 240
1611 216
1612 211
1613 203
1614 205
1615 264
1616 151
1617 190
1618 141
1619 145
1620 270
1621 213
1622 181
1623 182
1624 278
1625 197
1626 166
1627 208
1628 147
1629 243
1630 170
1631 211
1632 230
1633 143
1634 216
1635 229
1636 185
1637 165
1638 232
1639 210
1640 158
1641 172
1642 199
1643 122
1644 203
1645 176
1646 178
1647 199
1648 206
1649 170
1650 266
1651 161
1652 172
1653 238
1654 160
1655 227
1656 227
1657 163
1658 189
1659 227
1660 243
1661 264
1662 195
1663 208
1664 187
1665 155
1666 211
1667 149
1668 244
1669 223
1670 172
1671 193
1672 210
1673 162
1674 200
1675 222
1676 222
1677 229
1678 178
1679 190
1680 161
1681 289
1682 223
1683 193
1684 188
1685 187
1686 158
1687 200
1688 208
1689 202
1690 221
1691 187
1692 208
1693 252
1694 191
1695 183
1696 228
1697 193
1698 209
1699 164
1700 239
1701 227
1702 199
1703 256
1704 229
1705 171
1706 179
1707 169
1708 260
1709 226
1710 153
1711 146
1712 235
1713 195
1714 230
1715 247
1716 173
1717 215
1718 215
1719 150
1720 259
1721 198
1722 189
1723 168
1724 244
1725 195
1726 218
1727 220
1728 219
1729 209
1730 187
1731 191
1732 196
1733 205
1734 235
1735 280
1736 194
1737 178
1738 216
1739 186
1740 156
1741 190
1742 187
1743 198
1744 203
1745 224
1746 268
1747 171
1748 212
1749 204
1750 164
1751 175
1752 197
1753 183
1754 157
1755 214
1756 225
1757 209
1758 196
1759 184
1760 225
1761 168
1762 178
1763 183
1764 196
1765 208
1766 192
1767 111
1768 223
1769 187
1770 156
1771 196
1772 203
1773 223
1774 209
1775 222
1776 222
1777 240
1778 198
1779 184
1780 212
1781 191
1782 215
1783 235
1784 161
1785 234
1786 198
1787 257
1788 274
1789 181
1790 227
1791 190
1792 179
1793 178
1794 172
1795 193
1796 171
1797 190
1798 203
1799 208
1800 168
1801 145
1802 214
1803 187
1804 210
1805 227
1806 190
1807 211
1808 161
1809 208
1810 223
1811 180
1812 180
1813 194
1814 216
1815 218
1816 241
1817 146
1818 247
1819 175
1820 167
1821 201
1822 184
1823 174
1824 221
1825 188
1826 256
1827 208
1828 213
1829 215
1830 162
1831 192
1832 184
1833 74
1834 201
1835 171
1836 182
1837 212
1838 225
1839 200
1840 211
1841 196
1842 271
1843 195
1844 217
1845 229
1846 155
1847 195
1848 131
1849 280
1850 137
1851 164
1852 164
1853 236
1854 241
1855 196
1856 226
1857 187
1858 183
1859 203
1860 208
1861 161
1862 189
1863 220
1864 202
1865 228
1866 197
1867 233
1868 101
1869 127
1870 201
1871 108
1872 214
1873 216
1874 207
1875 164
1876 182
1877 289
1878 162
1879 202
1880 211
1881 190
1882 170
1883 177
1884 268
1885 216
1886 204
1887 186
1888 195
1889 219
1890 224
1891 188
1892 172
1893 193
1894 161
1895 211
1896 217
1897 182
1898 191
1899 0
1900 192
1901 292
1902 193
1903 198
1904 225
1905 190
1906 207
1907 158
1908 200
1909 195
1910 161
1911 174
1912 266
1913 213
1914 175
1915 244
1916 177
1917 143
1918 160
1919 193
1920 178
1921 185
1922 197
1923 179
1924 164
1925 248
1926 117
1927 215
1928 166
1929 163
1930 154
1931 204
1932 191
1933 173
1934 134
1935 240
1936 252
1937 195
1938 180
1939 136
1940 221
1941 194
1942 186
1943 194
1944 283
1945 118
1946 231
1947 164
1948 223
1949 187
1950 210
1951 213
1952 239
1953 233
1954 270
1955 247
1956 223
1957 166
1958 128
1959 198
1960 184
1961 0
1962 190
1963 215
1964 133
1965 232
1966 247
1967 245
1968 163
1969 270
1970 213
1971 152
1972 185
1973 191
1974 205
1975 219
1976 153
1977 180
1978 168
1979 201
1980 174
1981 253
1982 170
1983 219
1984 163
1985 172
1986 186
1987 211
1988 184
1989 173
1990 175
1991 185
1992 177
1993 209
1994 206
1995 299
1996 252
1997 116
1998 198
1999 174
2000 190
2001 194
2002 226
2003 217
2004 141
2005 207
2006 254
2007 219
2008 186
2009 160
2010 197
2011 192
2012 203
2013 0
2014 198
2015 209
2016 139
2017 202
2018 172
2019 190
2020 192
2021 152
2022 179
2023 177
2024 194
2025 223
2026 225
2027 186
2028 211
2029 164
2030 201
2031 247
2032 196
2033 183
2034 186
2035 161
2036 204
2037 172
2038 193
2039 198
2040 167
2041 235
2042 185
2043 189
2044 283
2045 173
2046 195
2047 211
2048 209
2049 191
2050 186
2051 132
2052 224
2053 199
2054 193
2055 202
2056 148
2057 155
2058 180
2059 162
2060 229
2061 166
2062 223
2063 152
2064 203
2065 147
2066 191
2067 192
2068 210
2069 195
2070 203
2071 209
2072 214
2073 0
2074 153
2075 168
2076 190
2077 184
2078 230
2079 169
2080 186
2081 197
2082 155
2083 172
2084 193
2085 144
2086 251
2087 227
2088 223
2089 168
2090 181
2091 193
2092 232
2093 154
2094 180
2095 201
2096 199
2097 137
2098 161
2099 209
2100 145
2101 303
2102 204
2103 147
2104 179
2105 232
2106 206
2107 201
2108 218
2109 263
2110 206
2111 194
2112 175
2113 221
2114 222
2115 167
2116 236
2117 128
2118 181
2119 217
2120 194
2121 243
2122 130
2123 65
2124 136
2125 189
2126 153
2127 174
2128 92
2129 196
2130 191
2131 224
2132 236
2133 202
2134 164
2135 193
2136 140
2137 188
2138 165
2139 198
2140 152
2141 230
2142 197
2143 226
2144 215
2145 212
2146 267
2147 276
2148 137
2149 214
2150 172
2151 256
2152 184
2153 176
2154 256
2155 249
2156 260
2157 211
2158 142
2159 150
2160 246
2161 182
2162 182
2163 228
2164 230
2165 212
2166 212
2167 249
2168 208
2169 206
2170 256
2171 172
2172 222
2173 220
2174 228
2175 191
2176 102
2177 209
2178 218
2179 208
2180 279
2181 188
2182 258
2183 224
2184 248
2185 195
2186 198
2187 165
2188 212
2189 206
2190 193
2191 156
2192 163
2193 202
2194 267
2195 186
2196 201
2197 165
2198 245
2199 247
2200 157
2201 169
2202 137
2203 228
2204 133
2205 231
2206 220
2207 297
2208 172
2209 197
2210 201
2211 208
2212 195
2213 293
2214 215
2215 164
2216 213
2217 214
2218 188
2219 170
2220 216
2221 199
2222 221
2223 176
2224 138
2225 177
2226 149
2227 269
2228 198
2229 194
2230 180
2231 196
2232 196
2233 216
2234 153
2235 156
2236 177
2237 190
2238 180
2239 172
2240 198
2241 252
2242 185
2243 213
2244 200
2245 159
2246 205
2247 245
2248 224
2249 186
2250 178
2251 136
2252 191
2253 199
2254 220
2255 220
2256 219
2257 194
2258 97
2259 190
2260 208
2261 187
2262 180
2263 235
2264 188
2265 181
2266 203
2267 196
2268 198
2269 131
2270 166
2271 178
2272 182
2273 204
2274 126
2275 102
2276 164
2277 151
2278 167
2279 187
2280 221
2281 167
2282 215
2283 130
2284 210
2285 155
2286 192
2287 147
2288 208
2289 183
2290 166
2291 188
2292 165
2293 202
2294 188
2295 173
2296 264
2297 181
2298 150
2299 158
2300 220
2301 196
2302 176
2303 192
2304 206
2305 262
2306 249
2307 320
2308 214
2309 220
2310 167
2311 194
2312 207
2313 244
2314 247
2315 186
2316 196
2317 159
2318 200
2319 192
2320 182
2321 136
2322 179
2323 99
2324 140
2325 178
2326 162
2327 224
2328 209
2329 213
2330 165
2331 191
2332 209
2333 184
2334 255
2335 199
2336 247
2337 193
2338 232
2339 275
2340 182
2341 217
2342 214
2343 209
2344 199
2345 186
2346 142
2347 211
2348 194
2349 100
2350 257
2351 177
2352 191
2353 254
2354 162
2355 161
2356 205
2357 207
2358 185
2359 196
2360 192
2361 186
2362 229
2363 175
2364 159
2365 162
2366 205
2367 166
2368 168
2369 270
2370 232
2371 291
2372 174
2373 232
2374 130
2375 190
2376 207
2377 185
2378 218
2379 189
2380 162
2381 182
2382 114
2383 200
2384 211
2385 299
2386 149
2387 174
2388 223
2389 209
2390 122
2391 215
2392 198
2393 117
2394 191
2395 246
2396 185
2397 192
2398 274
2399 221
2400 191
2401 156
2402 128
2403 180
2404 181
2405 220
2406 248
2407 185
2408 219
2409 228
2410 244
2411 152
2412 108
2413 215
2414 176
2415 190
2416 123
2417 213
2418 262
2419 235
2420 242
2421 181
2422 215
2423 179
2424 184
2425 176
2426 172
2427 215
2428 155
2429 196
2430 209
2431 193
2432 283
2433 196
2434 223
2435 227
2436 248
2437 233
2438 178
2439 186
2440 196
2441 213
2442 205
2443 178
2444 191
2445 206
2446 226
2447 171
2448 210
2449 203
2450 182
2451 184
2452 163
2453 204
2454 237
2455 187
2456 251
2457 178
2458 247
2459 148
2460 194
2461 188
2462 204
2463 147
2464 176
2465 172
2466 185
2467 205
2468 230
2469 207
2470 128
2471 170
2472 200
2473 220
2474 221
2475 214
2476 176
2477 253
2478 211
2479 161
2480 102
2481 186
2482 168
2483 179
2484 111
2485 177
2486 185
2487 175
2488 210
2489 237
2490 213
2491 208
2492 173
2493 201
2494 198
2495 147
2496 206
2497 217
2498 241
2499 178
2500 206
2501 178
2502 264
2503 167
2504 158
2505 194
2506 151
2507 210
2508 165
2509 189
2510 222
2511 161
2512 172
2513 192
2514 197
2515 151
2516 170
2517 226
2518 213
2519 179
2520 220
2521 213
2522 200
2523 166
2524 213
2525 232
2526 187
2527 163
2528 0
2529 217
2530 188
2531 178
2532 155
2533 125
2534 165
2535 189
2536 191
2537 230
2538 191
2539 179
2540 145
2541 218
2542 209
2543 157
2544 314
2545 222
2546 191
2547 233
2548 166
2549 231
2550 191
2551 205
2552 181
2553 128
2554 216
2555 255
2556 197
2557 209
2558 142
2559 161
2560 0
2561 205
2562 225
2563 141
2564 203
2565 236
2566 170
2567 188
2568 190
2569 258
2570 171
2571 185
2572 147
2573 200
2574 195
2575 180
2576 201
2577 236
2578 240
2579 195
2580 61
2581 232
2582 246
2583 150
2584 222
2585 189
2586 209
2587 156
2588 170
2589 273
2590 207
2591 222
2592 266
2593 251
2594 199
2595 173
2596 169
2597 193
2598 180
2599 182
2600 171
2601 197
2602 200
2603 176
2604 140
2605 197
2606 236
2607 204
2608 185
2609 215
2610 236
2611 208
2612 196
2613 206
2614 193
2615 224
2616 241
2617 212
2618 387
2619 204
2620 171
2621 187
2622 86
2623 193
2624 149
2625 217
2626 186
2627 229
2628 169
2629 186
2630 236
2631 255
2632 199
2633 200
2634 204
2635 241
2636 242
2637 173
2638 188
2639 167
2640 242
2641 264
2642 237
2643 320
2644 210
2645 124
2646 199
2647 136
2648 214
2649 229
2650 205
2651 146
2652 128
2653 187
2654 224
2655 196
2656 294
2657 207
2658 214
2659 264
2660 295
2661 213
2662 179
2663 245
2664 167
2665 183
2666 235
2667 209
2668 198
2669 85
2670 161
2671 176
2672 243
2673 207
2674 176
2675 156
2676 168
2677 229
2678 226
2679 170
2680 193
2681 233
2682 183
2683 160
2684 207
2685 218
2686 200
2687 219
2688 169
2689 207
2690 245
2691 164
2692 178
2693 141
2694 189
2695 230
2696 166
2697 151
2698 151
2699 120
2700 224
2701 172
2702 130
2703 224
2704 193
2705 206
2706 203
2707 183
2708 156
2709 169
2710 173
2711 197
2712 173
2713 164
2714 191
2715 112
2716 237
2717 206
2718 97
2719 230
2720 264
2721 208
2722 172
2723 231
2724 222
2725 212
2726 197
2727 216
2728 178
2729 179
2730 226
2731 149
2732 196
2733 164
2734 152
2735 189
2736 167
2737 221
2738 189
2739 165
2740 206
2741 184
2742 227
2743 137
2744 172
2745 170
2746 140
2747 226
2748 173
2749 225
2750 190
2751 215
2752 173
2753 165
2754 267
2755 226
2756 210
2757 168
2758 222
2759 182
2760 212
2761 250
2762 209
2763 185
2764 178
2765 234
2766 196
2767 167
2768 213
2769 299
2770 231
2771 188
2772 150
2773 191
2774 246
2775 193
2776 187
2777 209
2778 153
2779 195
2780 174
2781 203
2782 198
2783 215
2784 214
2785 150
2786 203
2787 192
2788 203
2789 68
2790 260
2791 179
2792 214
2793 187
2794 344
2795 214
2796 234
2797 242
2798 149
2799 265
2800 190
2801 211
2802 172
2803 184
2804 194
2805 195
2806 195
2807 213
2808 166
2809 136
2810 167
2811 211
2812 146
2813 178
2814 169
2815 127
2816 214
2817 148
2818 178
2819 102
2820 151
2821 207
2822 244
2823 224
2824 268
2825 149
2826 207
2827 169
2828 192
2829 169
2830 197
2831 198
2832 150
2833 235
2834 181
2835 141
2836 268
2837 204
2838 181
2839 225
2840 238
2841 216
2842 199
2843 180
2844 198
2845 230
2846 169
2847 180
2848 203
2849 179
2850 219
2851 187
2852 234
2853 114
2854 173
2855 152
2856 280
2857 200
2858 204
2859 221
2860 156
2861 176
2862 201
2863 179
2864 208
2865 216
2866 228
2867 235
2868 237
2869 252
2870 224
2871 184
2872 111
2873 167
2874 226
2875 169
2876 167
2877 188
2878 164
2879 173
2880 208
2881 113
2882 174
2883 206
2884 221
2885 191
2886 192
2887 179
2888 203
2889 190
2890 210
2891 192
2892 185
2893 198
2894 184
2895 277
2896 215
2897 220
2898 234
2899 178
2900 258
2901 209
2902 310
2903 174
2904 166
2905 203
2906 261
2907 191
2908 152
2909 202
2910 228
2911 248
2912 208
2913 206
2914 186
2915 177
2916 148
2917 195
2918 223
2919 159
2920 251
2921 195
2922 210
2923 187
2924 218
2925 175
2926 244
2927 194
2928 173
2929 147
2930 259
2931 232
2932 198
2933 166
2934 236
2935 146
2936 153
2937 237
2938 181
2939 132
2940 210
2941 138
2942 291
2943 219
2944 168
2945 168
2946 184
2947 235
2948 233
2949 266
2950 245
2951 128
2952 169
2953 185
2954 192
2955 202
2956 142
2957 199
2958 276
2959 138
2960 207
2961 164
2962 205
2963 195
2964 254
2965 155
2966 211
2967 223
2968 235
2969 98
2970 213
2971 163
2972 229
2973 251
2974 195
2975 219
2976 162
2977 215
2978 250
2979 197
2980 196
2981 223
2982 147
2983 203
2984 263
2985 158
2986 246
2987 180
2988 181
2989 220
2990 153
2991 202
2992 111
2993 172
2994 137
2995 117
2996 191
2997 206
2998 220
2999 186
3000 204
3001 225
3002 213
3003 234
3004 198
3005 225
3006 255
3007 250
3008 174
3009 194
3010 196
3011 221
3012 196
3013 207
3014 185
3015 176
3016 187
3017 162
3018 190
3019 229
3020 142
3021 209
3022 252
3023 201
3024 214
3025 218
3026 111
3027 224
3028 221
3029 131
3030 190
3031 213
3032 196
3033 141
3034 204
3035 180
3036 176
3037 163
3038 180
3039 157
3040 168
3041 225
3042 263
3043 168
3044 238
3045 222
3046 202
3047 168
3048 165
3049 222
3050 171
3051 204
3052 165
3053 139
3054 237
3055 212
3056 162
3057 274
3058 155
3059 221
3060 324
3061 227
3062 165
3063 166
3064 259
3065 160
3066 223
3067 156
3068 155
3069 240
3070 226
3071 161
3072 198
3073 155
3074 216
3075 185
3076 184
3077 252
3078 222
3079 210
3080 178
3081 211
3082 108
3083 190
3084 199
3085 222
3086 208
3087 249
3088 224
3089 188
3090 206
3091 203
3092 204
3093 174
3094 165
3095 180
3096 135
3097 147
3098 186
3099 171
3100 188
3101 103
3102 211
3103 200
3104 188
3105 195
3106 245
3107 139
3108 217
3109 125
3110 236
3111 156
3112 159
3113 154
3114 202
3115 168
3116 155
3117 192
3118 180
3119 250
3120 181
3121 198
3122 226
3123 223
3124 194
3125 145
3126 262
3127 210
3128 173
3129 211
3130 304
3131 219
3132 194
3133 177
3134 207
3135 226
3136 214
3137 191
3138 223
3139 205
3140 227
3141 183
3142 223
3143 193
3144 202
3145 208
3146 203
3147 185
3148 130
3149 161
3150 208
3151 247
3152 227
3153 163
3154 239
3155 212
3156 258
3157 199
3158 224
3159 204
3160 194
3161 227
3162 199
3163 236
3164 257
3165 141
3166 237
3167 196
3168 150
3169 193
3170 218
3171 166
3172 188
3173 177
3174 260
3175 222
3176 176
3177 149
3178 211
3179 248
3180 216
3181 203
3182 180
3183 204
3184 298
3185 218
3186 177
3187 127
3188 191
3189 194
3190 204
3191 184
3192 212
3193 276
3194 192
3195 197
3196 162
3197 242
3198 176
3199 189
3200 187
3201 193
3202 198
3203 216
3204 203
3205 180
3206 188
3207 204
3208 193
3209 205
3210 138
3211 274
3212 194
3213 170
3214 263
3215 223
3216 185
3217 175
3218 182
3219 222
3220 218
3221 171
3222 169
3223 120
3224 227
3225 260
3226 138
3227 205
3228 155
3229 167
3230 188
3231 224
3232 194
3233 178
3234 216
3235 195
3236 234
3237 230
3238 211
3239 228
3240 189
3241 183
3242 178
3243 138
3244 178
3245 243
3246 152
3247 239
3248 236
3249 201
3250 214
3251 210
3252 166
3253 240
3254 150
3255 205
3256 205
3257 198
3258 198
3259 188
3260 164
3261 212
3262 177
3263 202
3264 189
3265 212
3266 229
3267 183
3268 228
3269 199
3270 205
3271 223
3272 202
3273 224
3274 139
3275 224
3276 187
3277 127
3278 190
3279 165
3280 151
3281 209
3282 214
3283 190
3284 244
3285 102
3286 188
3287 150
3288 192
3289 182
3290 179
3291 204
3292 201
3293 263
3294 218
3295 201
3296 227
3297 221
3298 205
3299 153
3300 237
3301 210
3302 103
3303 257
3304 173
3305 167
3306 188
3307 183
3308 148
3309 148
3310 198
3311 170
3312 196
3313 211
3314 238
3315 212
3316 145
3317 262
3318 144
3319 282
3320 172
3321 221
3322 172
3323 190
3324 158
3325 187
3326 181
3327 265
3328 148
3329 165
3330 182
3331 164
3332 236
3333 176
3334 174
3335 144
3336 207
3337 167
3338 244
3339 179
3340 240
3341 233
3342 189
3343 228
3344 206
3345 201
3346 198
3347 215
3348 227
3349 186
3350 294
3351 173
3352 142
3353 234
3354 202
3355 246
3356 202
3357 195
3358 186
3359 160
3360 179
3361 170
3362 193
3363 195
3364 177
3365 180
3366 190
3367 207
3368 205
3369 249
3370 143
3371 240
3372 169
3373 171
3374 245
3375 185
3376 191
3377 200
3378 165
3379 207
3380 171
3381 277
3382 226
3383 181
3384 200
3385 256
3386 226
3387 308
3388 148
3389 192
3390 179
3391 179
3392 222
3393 170
3394 149
3395 183
3396 239
3397 147
3398 212
3399 155
3400 163
3401 216
3402 207
3403 221
3404 200
3405 216
3406 229
3407 157
3408 202
3409 196
3410 180
3411 189
3412 143
3413 247
3414 265
3415 178
3416 243
3417 216
3418 225
3419 200
3420 267
3421 179
3422 239
3423 190
3424 191
3425 211
3426 195
3427 198
3428 156
3429 242
3430 155
3431 205
3432 190
3433 154
3434 181
3435 138
3436 225
3437 195
3438 221
3439 161
3440 196
3441 130
3442 243
3443 278
3444 235
3445 197
3446 247
3447 186
3448 143
3449 137
3450 153
3451 71
3452 313
3453 85
3454 112
3455 236
3456 182
3457 210
3458 173
3459 277
3460 207
3461 216
3462 169
3463 241
3464 222
3465 226
3466 179
3467 207
3468 233
3469 189
3470 217
3471 187
3472 243
3473 192
3474 205
3475 183
3476 213
3477 177
3478 227
3479 167
3480 265
3481 214
3482 199
3483 202
3484 178
3485 145
3486 202
3487 242
3488 199
3489 158
3490 204
3491 209
3492 190
3493 196
3494 276
3495 410
3496 216
3497 223
3498 125
3499 195
3500 229
3501 209
3502 172
3503 152
3504 242
3505 201
3506 192
3507 205
3508 185
3509 215
3510 0
3511 154
3512 158
3513 184
3514 171
3515 142
3516 186
3517 184
3518 227
3519 264
3520 160
3521 169
3522 217
3523 232
3524 215
3525 251
3526 200
3527 226
3528 214
3529 207
3530 212
3531 183
3532 274
3533 206
3534 171
3535 171
3536 234
3537 151
3538 187
3539 217
3540 204
3541 139
3542 254
3543 214
3544 142
3545 185
3546 163
3547 164
3548 204
3549 203
3550 193
3551 232
3552 159
3553 153
3554 258
3555 176
3556 237
3557 125
3558 66
3559 219
3560 207
3561 212
3562 183
3563 212
3564 202
3565 249
3566 178
3567 132
3568 194
3569 198
3570 195
3571 167
3572 191
3573 166
3574 167
3575 215
3576 239
3577 249
3578 186
3579 214
3580 150
3581 200
3582 135
3583 155
3584 173
3585 214
3586 161
3587 283
3588 243
3589 257
3590 203
3591 155
3592 178
3593 206
3594 207
3595 177
3596 181
3597 228
3598 195
3599 176
3600 212
3601 181
3602 183
3603 196
3604 235
3605 174
3606 144
3607 220
3608 150
3609 190
3610 156
3611 203
3612 182
3613 0
3614 209
3615 201
3616 275
3617 236
3618 191
3619 193
3620 179
3621 197
3622 172
3623 173
3624 156
3625 242
3626 213
3627 169
3628 180
3629 233
3630 253
3631 189
3632 186
3633 118
3634 238
3635 235
3636 144
3637 192
3638 210
3639 192
3640 208
3641 205
3642 192
3643 146
3644 205
3645 149
3646 159
3647 149
3648 250
3649 218
3650 184
3651 343
3652 163
3653 187
3654 195
3655 271
3656 217
3657 213
3658 232
3659 217
3660 177
3661 206
3662 171
3663 153
3664 247
3665 262
3666 127
3667 143
3668 181
3669 227
3670 158
3671 179
3672 201
3673 248
3674 186
3675 174
3676 212
3677 168
3678 191
3679 162
3680 189
3681 189
3682 251
3683 251
3684 205
3685 246
3686 204
3687 219
3688 250
3689 194
3690 140
3691 204
3692 244
3693 132
3694 217
3695 162
3696 212
3697 241
3698 173
3699 220
3700 237
3701 222
3702 192
3703 167
3704 175
3705 121
3706 214
3707 0
3708 113
3709 262
3710 233
3711 142
3712 182
3713 151
3714 221
3715 183
3716 281
3717 243
3718 175
3719 185
3720 210
3721 190
3722 242
3723 219
3724 290
3725 180
3726 225
3727 153
3728 188
3729 197
3730 208
3731 200
3732 65
3733 185
3734 172
3735 199
3736 182
3737 223
3738 115
3739 189
3740 193
3741 213
3742 205
3743 228
3744 190
3745 190
3746 213
3747 167
3748 106
3749 227
3750 175
3751 200
3752 253
3753 190
3754 208
3755 157
3756 201
3757 206
3758 173
3759 179
3760 181
3761 163
3762 192
3763 203
3764 219
3765 166
3766 188
3767 236
3768 222
3769 189
3770 151
3771 292
3772 203
3773 175
3774 266
3775 210
3776 183
3777 178
3778 198
3779 151
3780 154
3781 197
3782 197
3783 158
3784 231
3785 256
3786 199
3787 246
3788 228
3789 199
3790 156
3791 135
3792 250
3793 110
3794 187
3795 202
3796 162
3797 208
3798 177
3799 202
3800 162
3801 167
3802 170
3803 182
3804 225
3805 198
3806 208
3807 176
3808 159
3809 154
3810 203
3811 226
3812 203
3813 128
3814 149
3815 165
3816 198
3817 196
3818 181
3819 205
3820 275
3821 242
3822 227
3823 201
3824 196
3825 163
3826 210
3827 173
3828 214
3829 196
3830 216
3831 203
3832 0
3833 223
3834 148
3835 192
3836 237
3837 190
3838 197
3839 201
3840 206
3841 206
3842 233
3843 145
3844 204
3845 208
3846 189
3847 168
3848 176
3849 174
3850 243
3851 230
3852 177
3853 191
3854 242
3855 196
3856 216
3857 220
3858 222
3859 273
3860 175
3861 190
3862 234
3863 209
3864 250
3865 164
3866 186
3867 164
3868 211
3869 203
3870 205
3871 202
3872 198
3873 185
3874 254
3875 186
3876 204
3877 212
3878 154
3879 183
3880 218
3881 0
3882 144
3883 233
3884 214
3885 237
3886 179
3887 177
3888 173
3889 226
3890 206
3891 139
3892 216
3893 100
3894 181
3895 199
3896 233
3897 165
3898 148
3899 234
3900 223
3901 268
3902 252
3903 178
3904 172
3905 238
3906 168
3907 165
3908 199
3909 176
3910 220
3911 167
3912 126
3913 193
3914 153
3915 185
3916 156
3917 221
3918 191
3919 265
3920 237
3921 244
3922 208
3923 160
3924 149
3925 232
3926 224
3927 221
3928 193
3929 215
3930 188
3931 184
3932 220
3933 280
3934 241
3935 183
3936 185
3937 310
3938 190
3939 236
3940 142
3941 138
3942 190
3943 183
3944 235
3945 189
3946 275
3947 187
3948 226
3949 217
3950 178
3951 194
3952 282
3953 157
3954 207
3955 142
3956 135
3957 242
3958 181
3959 231
3960 225
3961 303
3962 268
3963 181
3964 191
3965 187
3966 128
3967 181
3968 209
3969 234
3970 191
3971 159
3972 182
3973 187
3974 244
3975 193
3976 218
3977 178
3978 144
3979 165
3980 171
3981 227
3982 209
3983 204
3984 196
3985 127
3986 233
3987 196
3988 219
3989 135
3990 169
3991 230
3992 211
3993 265
3994 263
3995 145
3996 168
3997 237
3998 233
3999 124
4000 199
4001 243
4002 186
4003 210
4004 208
4005 167
4006 225
4007 203
4008 168
4009 168
4010 196
4011 187
4012 157
4013 267
4014 193
4015 132
4016 222
4017 142
4018 210
4019 256
4020 270
4021 218
4022 223
4023 228
4024 186
4025 173
4026 200
4027 177
4028 178
4029 186
4030 264
4031 205
4032 173
4033 178
4034 183
4035 162
4036 164
4037 191
4038 257
4039 185
4040 188
4041 221
4042 184
4043 171
4044 209
4045 177
4046 208
4047 207
4048 232
4049 197
4050 212
4051 195
4052 207
4053 174
4054 194
4055 152
4056 183
4057 187
4058 190
4059 163
4060 213
4061 194
4062 154
4063 208
4064 192
4065 173
4066 189
4067 215
4068 211
4069 271
4070 172
4071 246
4072 175
4073 207
4074 219
4075 96
4076 172
4077 193
4078 173
4079 151
4080 269
4081 151
4082 201
4083 178
4084 145
4085 247
4086 174
4087 205
4088 170
4089 175
4090 256
4091 215
4092 214
4093 209
4094 206
4095 215
4096 265
4097 168
4098 316
4099 251
4100 206
4101 208
4102 197
4103 217
4104 346
4105 202
4106 223
4107 144
4108 200
4109 176
4110 185
4111 225
4112 203
4113 179
4114 137
4115 199
4116 177
4117 185
4118 176
4119 139
4120 166
4121 274
4122 172
4123 181
4124 271
4125 150
4126 194
4127 162
4128 212
4129 175
4130 216
4131 108
4132 124
4133 197
4134 242
4135 217
4136 159
4137 187
4138 241
4139 220
4140 175
4141 202
4142 228
4143 105
4144 188
4145 215
4146 213
4147 249
4148 175
4149 175
4150 160
4151 172
4152 174
4153 218
4154 168
4155 211
4156 159
4157 222
4158 154
4159 193
4160 171
4161 80
4162 196
4163 164
4164 173
4165 214
4166 203
4167 197
4168 240
4169 189
4170 217
4171 241
4172 203
4173 119
4174 206
4175 174
4176 251
4177 190
4178 147
4179 202
4180 186
4181 200
4182 94
4183 243
4184 164
4185 215
4186 185
4187 151
4188 183
4189 126
4190 175
4191 142
4192 158
4193 199
4194 163
4195 206
4196 199
4197 266
4198 210
4199 254
4200 139
4201 197
4202 216
4203 236
4204 172
4205 175
4206 168
4207 244
4208 180
4209 232
4210 180
4211 0
4212 221
4213 206
4214 216
4215 211
4216 200
4217 235
4218 158
4219 240
4220 133
4221 198
4222 248
4223 247
4224 204
4225 159
4226 181
4227 229
4228 208
4229 183
4230 220
4231 216
4232 178
4233 236
4234 256
4235 192
4236 198
4237 176
4238 191
4239 226
4240 214
4241 215
4242 183
4243 178
4244 274
4245 212
4246 187
4247 114
4248 174
4249 244
4250 184
4251 145
4252 179
4253 194
4254 157
4255 155
4256 163
4257 218
4258 184
4259 190
4260 160
4261 208
4262 180
4263 244
4264 187
4265 164
4266 158
4267 239
4268 184
4269 156
4270 228
4271 223
4272 151
4273 160
4274 142
4275 171
4276 193
4277 80
4278 164
4279 192
4280 221
4281 179
4282 205
4283 59
4284 177
4285 218
4286 135
4287 196
4288 171
4289 211
4290 210
4291 203
4292 197
4293 194
4294 161
4295 222
4296 117
4297 228
4298 171
4299 209
4300 151
4301 216
4302 175
4303 198
4304 237
4305 166
4306 199
4307 194
4308 193
4309 197
4310 171
4311 168
4312 214
4313 198
4314 230
4315 218
4316 164
4317 234
4318 187
4319 119
4320 189
4321 237
4322 182
4323 191
4324 238
4325 162
4326 229
4327 210
4328 274
4329 211
4330 167
4331 117
4332 190
4333 137
4334 153
4335 199
4336 122
4337 206
4338 148
4339 183
4340 231
4341 207
4342 244
4343 275
4344 259
4345 180
4346 215
4347 187
4348 214
4349 232
4350 131
4351 248
4352 218
4353 230
4354 183
4355 111
4356 195
4357 234
4358 255
4359 250
4360 261
4361 183
4362 163
4363 152
4364 275
4365 231
4366 195
4367 150
4368 313
4369 208
4370 174
4371 140
4372 238
4373 220
4374 188
4375 182
4376 256
4377 174
4378 244
4379 180
4380 157
4381 171
4382 162
4383 160
4384 241
4385 149
4386 223
4387 188
4388 184
4389 160
4390 168
4391 171
4392 176
4393 209
4394 145
4395 158
4396 251
4397 186
4398 204
4399 206
4400 234
4401 201
4402 158
4403 174
4404 0
4405 178
4406 179
4407 286
4408 200
4409 200
4410 196
4411 189
4412 220
4413 212
4414 171
4415 210
4416 255
4417 170
4418 189
4419 227
4420 182
4421 181
4422 187
4423 218
4424 201
4425 217
4426 222
4427 103
4428 186
4429 198
4430 208
4431 231
4432 166
4433 150
4434 133
4435 168
4436 188
4437 234
4438 168
4439 203
4440 109
4441 203
4442 197
4443 163
4444 199
4445 209
4446 216
4447 255
4448 203
4449 193
4450 124
4451 125
4452 121
4453 131
4454 182
4455 176
4456 228
4457 204
4458 212
4459 199
4460 168
4461 234
4462 182
4463 192
4464 242
4465 233
4466 154
4467 208
4468 205
4469 204
4470 171
4471 229
4472 175
4473 206
4474 196
4475 194
4476 144
4477 135
4478 176
4479 169
4480 212
4481 216
4482 208
4483 210
4484 204
4485 148
4486 177
4487 212
4488 182
4489 198
4490 170
4491 175
4492 217
4493 134
4494 148
4495 201
4496 178
4497 241
4498 209
4499 282
4500 191
4501 184
4502 115
4503 336
4504 182
4505 199
4506 204
4507 198
4508 131
4509 226
4510 192
4511 188
4512 154
4513 174
4514 163
4515 164
4516 198
4517 208
4518 200
4519 102
4520 194
4521 224
4522 164
4523 162
4524 243
4525 173
4526 114
4527 211
4528 94
4529 182
4530 159
4531 115
4532 164
4533 225
4534 201
4535 181
4536 170
4537 170
4538 248
4539 225
4540 235
4541 253
4542 176
4543 211
4544 186
4545 121
4546 160
4547 174
4548 190
4549 203
4550 171
4551 186
4552 156
4553 175
4554 182
4555 167
4556 217
4557 209
4558 69
4559 262
4560 154
4561 173
4562 142
4563 232
4564 177
4565 167
4566 211
4567 185
4568 175
4569 198
4570 183
4571 191
4572 181
4573 208
4574 162
4575 170
4576 176
4577 285
4578 174
4579 179
4580 201
4581 184
4582 177
4583 201
4584 244
4585 148
4586 192
4587 222
4588 169
4589 227
4590 227
4591 204
4592 184
4593 212
4594 200
4595 146
4596 193
4597 113
4598 204
4599 156
4600 192
4601 250
4602 217
4603 193
4604 219
4605 162
4606 0
4607 259
4608 171
4609 198
4610 171
4611 264
4612 251
4613 211
4614 203
4615 188
4616 159
4617 205
4618 199
4619 192
4620 186
4621 175
4622 164
4623 250
4624 200
4625 180
4626 187
4627 0
4628 209
4629 272
4630 207
4631 190
4632 257
4633 173
4634 190
4635 171
4636 199
4637 203
4638 199
4639 218
4640 199
4641 181
4642 237
4643 191
4644 230
4645 142
4646 123
4647 185
4648 176
4649 188
4650 185
4651 244
4652 259
4653 180
4654 179
4655 214
4656 178
4657 281
4658 159
4659 221
4660 215
4661 241
4662 170
4663 249
4664 242
4665 232
4666 224
4667 193
4668 168
4669 143
4670 205
4671 170
4672 210
4673 193
4674 232
4675 154
4676 177
4677 136
4678 173
4679 231
4680 164
4681 172
4682 181
4683 176
4684 211
4685 198
4686 163
4687 141
4688 225
4689 169
4690 158
4691 193
4692 229
4693 251
4694 111
4695 152
4696 238
4697 184
4698 126
4699 171
4700 201
4701 191
4702 216
4703 174
4704 215
4705 172
4706 281
4707 88
4708 215
4709 154
4710 180
4711 141
4712 199
4713 177
4714 219
4715 184
4716 211
4717 167
4718 0
4719 193
4720 120
4721 174
4722 240
4723 183
4724 185
4725 160
4726 174
4727 173
4728 203
4729 224
4730 187
4731 151
4732 166
4733 134
4734 213
4735 141
4736 194
4737 197
4738 144
4739 200
4740 261
4741 199
4742 216
4743 222
4744 183
4745 168
4746 218
4747 190
4748 167
4749 196
4750 276
4751 234
4752 152
4753 151
4754 192
4755 172
4756 170
4757 208
4758 167
4759 207
4760 193
4761 113
4762 172
4763 197
4764 210
4765 0
4766 178
4767 193
4768 260
4769 211
4770 164
4771 275
4772 186
4773 219
4774 176
4775 189
4776 253
4777 226
4778 174
4779 197
4780 155
4781 202
4782 154
4783 279
4784 188
4785 209
4786 152
4787 205
4788 240
4789 171
4790 175
4791 189
4792 250
4793 204
4794 224
4795 171
4796 186
4797 230
4798 213
4799 184
4800 185
4801 198
4802 182
4803 182
4804 196
4805 173
4806 205
4807 146
4808 203
4809 160
4810 228
4811 147
4812 232
4813 214
4814 253
4815 221
4816 186
4817 206
4818 214
4819 214
4820 162
4821 194
4822 196
4823 229
4824 202
4825 175
4826 282
4827 258
4828 225
4829 207
4830 185
4831 271
4832 205
4833 227
4834 213
4835 208
4836 169
4837 176
4838 145
4839 157
4840 226
4841 185
4842 205
4843 223
4844 157
4845 212
4846 139
4847 202
4848 192
4849 198
4850 220
4851 179
4852 263
4853 190
4854 189
4855 173
4856 124
4857 179
4858 179
4859 129
4860 202
4861 205
4862 160
4863 158
4864 237
4865 221
4866 138
4867 251
4868 81
4869 131
4870 171
4871 217
4872 177
4873 202
4874 181
4875 216
4876 237
4877 175
4878 201
4879 238
4880 194
4881 216
4882 163
4883 201
4884 195
4885 256
4886 177
4887 172
4888 197
4889 170
4890 248
4891 182
4892 161
4893 188
4894 184
4895 224
4896 158
4897 154
4898 193
4899 181
4900 197
4901 193
4902 197
4903 140
4904 193
4905 212
4906 168
4907 187
4908 182
4909 159
4910 126
4911 272
4912 187
4913 228
4914 178
4915 157
4916 212
4917 231
4918 180
4919 219
4920 166
4921 199
4922 182
4923 192
4924 240
4925 215
4926 150
4927 152
4928 183
4929 199
4930 210
4931 176
4932 178
4933 172
4934 175
4935 205
4936 225
4937 186
4938 238
4939 152
4940 210
4941 171
4942 200
4943 165
4944 199
4945 249
4946 165
4947 169
4948 177
4949 196
4950 161
4951 203
4952 184
4953 217
4954 207
4955 152
4956 216
4957 167
4958 192
4959 247
4960 204
4961 240
4962 282
4963 207
4964 281
4965 196
4966 239
4967 186
4968 179
4969 214
4970 259
4971 201
4972 154
4973 169
4974 192
4975 202
4976 200
4977 186
4978 179
4979 249
4980 176
4981 262
4982 194
4983 205
4984 157
4985 209
4986 247
4987 233
4988 171
4989 226
4990 168
4991 236
4992 175
4993 177
4994 155
4995 239
4996 156
4997 212
4998 214
4999 176
5000 217
5001 0
5002 217
5003 173
5004 114
5005 192
5006 197
5007 237
5008 186
5009 161
5010 191
5011 194
5012 175
5013 183
5014 176
5015 256
5016 177
5017 177
5018 164
5019 171
5020 249
5021 211
5022 178
5023 244
5024 212
5025 177
5026 164
5027 163
5028 195
5029 187
5030 204
5031 147
5032 226
5033 213
5034 197
5035 201
5036 176
5037 210
5038 193
5039 123
5040 105
5041 206
5042 97
5043 182
5044 174
5045 230
5046 169
5047 219
5048 261
5049 210
5050 187
5051 156
5052 203
5053 183
5054 191
5055 150
5056 238
5057 223
5058 164
5059 229
5060 166
5061 198
5062 190
5063 136
5064 174
5065 193
5066 115
5067 270
5068 199
5069 176
5070 51
5071 168
5072 256
5073 223
5074 172
5075 173
5076 189
5077 278
5078 213
5079 240
5080 153
5081 224
5082 124
5083 145
5084 205
5085 159
5086 276
5087 196
5088 136
5089 207
5090 191
5091 174
5092 199
5093 238
5094 162
5095 196
5096 168
5097 194
5098 182
5099 196
5100 120
5101 192
5102 206
5103 202
5104 235
5105 166
5106 170
5107 147
5108 154
5109 227
5110 221
5111 216
5112 235
5113 200
5114 170
5115 168
5116 295
5117 195
5118 0
5119 214
5120 214
5121 217
5122 139
5123 190
5124 178
5125 221
5126 225
5127 167
5128 200
5129 164
5130 245
5131 122
5132 201
5133 209
5134 150
5135 219
5136 227
5137 227
5138 178
5139 232
5140 216
5141 214
5142 218
5143 215
5144 145
5145 200
5146 167
5147 0
5148 200
5149 150
5150 190
5151 189
5152 244
5153 181
5154 175
5155 160
5156 217
5157 172
5158 162
5159 195
5160 205
5161 226
5162 77
5163 127
5164 239
5165 219
5166 138
5167 192
5168 200
5169 183
5170 142
5171 201
5172 196
5173 214
5174 216
5175 136
5176 114
5177 240
5178 218
5179 134
5180 193
5181 194
5182 234
5183 217
5184 220
5185 114
5186 207
5187 93
5188 189
5189 193
5190 163
5191 221
5192 182
5193 204
5194 183
5195 206
5196 163
5197 230
5198 256
5199 128
5200 170
5201 216
5202 236
5203 193
5204 188
5205 192
5206 178
5207 226
5208 198
5209 150
5210 188
5211 165
5212 182
5213 211
5214 140
5215 154
5216 124
5217 200
5218 213
5219 172
5220 226
5221 185
5222 140
5223 244
5224 132
5225 183
5226 196
5227 180
5228 235
5229 240
5230 202
5231 190
5232 209
5233 181
5234 220
5235 225
5236 211
5237 185
5238 194
5239 222
5240 159
5241 140
5242 207
5243 203
5244 182
5245 199
5246 174
5247 173
5248 229
5249 201
5250 208
5251 183
5252 195
5253 260
5254 189
5255 232
5256 247
5257 164
5258 237
5259 230
5260 176
5261 213
5262 185
5263 186
5264 204
5265 164
5266 200
5267 183
5268 211
5269 125
5270 123
5271 217
5272 193
5273 246
5274 281
5275 194
5276 231
5277 178
5278 213
5279 179
5280 214
5281 184
5282 146
5283 269
5284 224
5285 189
5286 242
5287 202
5288 190
5289 234
5290 183
5291 229
5292 177
5293 187
5294 189
5295 174
5296 156
5297 143
5298 230
5299 194
5300 216
5301 192
5302 115
5303 175
5304 187
5305 196
5306 151
5307 113
5308 197
5309 208
5310 232
5311 182
5312 194
5313 185
5314 149
5315 215
5316 262
5317 179
5318 207
5319 222
5320 175
5321 299
5322 179
5323 161
5324 140
5325 165
5326 226
5327 190
5328 238
5329 238
5330 186
5331 158
5332 173
5333 198
5334 175
5335 186
5336 176
5337 198
5338 205
5339 221
5340 154
5341 240
5342 212
5343 202
5344 135
5345 278
5346 258
5347 210
5348 168
5349 224
5350 179
5351 196
5352 188
5353 231
5354 224
5355 264
5356 230
5357 200
5358 169
5359 207
5360 213
5361 193
5362 224
5363 230
5364 224
5365 184
5366 246
5367 186
5368 190
5369 130
5370 236
5371 184
5372 178
5373 175
5374 256
5375 204
5376 221
5377 209
5378 204
5379 181
5380 185
5381 199
5382 218
5383 261
5384 199
5385 170
5386 181
5387 270
5388 178
5389 0
5390 183
5391 209
5392 116
5393 106
5394 250
5395 244
5396 204
5397 164
5398 189
5399 172
5400 200
5401 232
5402 276
5403 230
5404 181
5405 299
5406 214
5407 132
5408 190
5409 220
5410 143
5411 186
5412 147
5413 178
5414 257
5415 146
5416 206
5417 202
5418 129
5419 153
5420 289
5421 232
5422 138
5423 200
5424 192
5425 236
5426 221
5427 181
5428 153
5429 161
5430 199
5431 130
5432 194
5433 147
5434 237
5435 207
5436 225
5437 186
5438 126
5439 154
5440 248
5441 181
5442 165
5443 183
5444 154
5445 211
5446 238
5447 128
5448 287
5449 141
5450 204
5451 193
5452 180
5453 252
5454 279
5455 158
5456 150
5457 196
5458 192
5459 226
5460 181
5461 216
5462 188
5463 213
5464 0
5465 173
5466 239
5467 188
5468 251
5469 149
5470 194
5471 180
5472 225
5473 162
5474 201
5475 202
5476 187
5477 213
5478 194
5479 214
5480 179
5481 183
5482 159
5483 189
5484 186
5485 198
5486 235
5487 0
5488 172
5489 168
5490 190
5491 219
5492 205
5493 248
5494 175
5495 241
5496 190
5497 255
5498 154
5499 218
5500 202
5501 191
5502 144
5503 229
5504 189
5505 184
5506 197
5507 207
5508 206
5509 206
5510 170
5511 155
5512 213
5513 158
5514 176
5515 208
5516 228
5517 223
5518 186
5519 187
5520 197
5521 231
5522 223
5523 172
5524 203
5525 167
5526 198
5527 204
5528 196
5529 201
5530 202
5531 200
5532 205
5533 217
5534 260
5535 180
5536 106
5537 179
5538 191
5539 111
5540 188
5541 199
5542 217
5543 150
5544 197
5545 195
5546 157
5547 193
5548 187
5549 159
5550 161
5551 161
5552 208
5553 213
5554 240
5555 201
5556 156
5557 150
5558 201
5559 230
5560 69
5561 200
5562 0
5563 180
5564 201
5565 237
5566 192
5567 181
5568 196
5569 197
5570 190
5571 239
5572 242
5573 141
5574 214
5575 170
5576 192
5577 192
5578 215
5579 174
5580 189
5581 202
5582 162
5583 115
5584 300
5585 187
5586 215
5587 164
5588 172
5589 192
5590 184
5591 187
5592 228
5593 163
5594 191
5595 131
5596 182
5597 205
5598 190
5599 139
5600 220
5601 199
5602 251
5603 189
5604 206
5605 197
5606 214
5607 201
5608 140
5609 174
5610 200
5611 172
5612 230
5613 199
5614 166
5615 84
5616 209
5617 217
5618 193
5619 187
5620 182
5621 222
5622 195
5623 272
5624 210
5625 203
5626 235
5627 165
5628 204
5629 145
5630 174
5631 169
5632 240
5633 178
5634 203
5635 166
5636 189
5637 184
5638 197
5639 229
5640 213
5641 166
5642 202
5643 122
5644 283
5645 201
5646 227
5647 180
5648 192
5649 92
5650 132
5651 169
5652 158
5653 237
5654 169
5655 162
5656 221
5657 199
5658 203
5659 175
5660 196
5661 180
5662 143
5663 212
5664 272
5665 191
5666 248
5667 181
5668 110
5669 176
5670 171
5671 179
5672 176
5673 96
5674 211
5675 218
5676 198
5677 188
5678 222
5679 221
5680 181
5681 210
5682 168
5683 172
5684 248
5685 219
5686 148
5687 225
5688 199
5689 142
5690 186
5691 196
5692 173
5693 157
5694 81
5695 62
5696 183
5697 185
5698 154
5699 211
5700 200
5701 212
5702 197
5703 224
5704 250
5705 175
5706 260
5707 174
5708 164
5709 187
5710 138
5711 276
5712 154
5713 137
5714 210
5715 215
5716 145
5717 162
5718 194
5719 194
5720 159
5721 168
5722 189
5723 201
5724 227
5725 202
5726 204
5727 128
5728 193
5729 205
5730 197
5731 200
5732 181
5733 198
5734 197
5735 147
5736 284
5737 186
5738 195
5739 137
5740 196
5741 168
5742 191
5743 170
5744 203
5745 201
5746 233
5747 210
5748 174
5749 222
5750 172
5751 187
5752 163
5753 170
5754 157
5755 198
5756 154
5757 204
5758 0
5759 163
5760 217
5761 212
5762 194
5763 172
5764 182
5765 252
5766 207
5767 218
5768 189
5769 189
5770 183
5771 215
5772 202
5773 251
5774 242
5775 189
5776 170
5777 267
5778 186
5779 171
5780 212
5781 181
5782 244
5783 188
5784 192
5785 216
5786 221
5787 175
5788 137
5789 207
5790 191
5791 170
5792 260
5793 286
5794 250
5795 191
5796 208
5797 155
5798 196
5799 121
5800 160
5801 255
5802 151
5803 159
5804 167
5805 223
5806 120
5807 226
5808 256
5809 223
5810 203
5811 208
5812 151
5813 179
5814 151
5815 161
5816 161
5817 157
5818 185
5819 252
5820 187
5821 213
5822 181
5823 158
5824 224
5825 176
5826 175
5827 117
5828 193
5829 186
5830 188
5831 152
5832 171
5833 172
5834 207
5835 180
5836 180
5837 156
5838 219
5839 234
5840 198
5841 234
5842 181
5843 176
5844 199
5845 278
5846 201
5847 218
5848 215
5849 220
5850 183
5851 216
5852 252
5853 236
5854 180
5855 240
5856 195
5857 167
5858 179
5859 200
5860 205
5861 159
5862 195
5863 159
5864 208
5865 187
5866 216
5867 238
5868 212
5869 235
5870 211
5871 150
5872 208
5873 225
5874 218
5875 195
5876 212
5877 237
5878 223
5879 220
5880 236
5881 171
5882 204
5883 187
5884 173
5885 180
5886 178
5887 237
5888 211
5889 154
5890 179
5891 166
5892 170
5893 215
5894 221
5895 205
5896 238
5897 191
5898 147
5899 181
5900 239
5901 217
5902 225
5903 203
5904 216
5905 181
5906 147
5907 234
5908 223
5909 213
5910 173
5911 267
5912 191
5913 276
5914 170
5915 187
5916 224
5917 205
5918 220
5919 227
5920 171
5921 229
5922 222
5923 200
5924 226
5925 212
5926 248
5927 172
5928 189
5929 218
5930 217
5931 226
5932 170
5933 190
5934 168
5935 186
5936 206
5937 200
5938 145
5939 171
5940 187
5941 260
5942 162
5943 183
5944 199
5945 202
5946 198
5947 199
5948 215
5949 201
5950 233
5951 264
5952 176
5953 223
5954 179
5955 178
5956 136
5957 244
5958 220
5959 182
5960 169
5961 243
5962 185
5963 193
5964 250
5965 188
5966 143
5967 250
5968 133
5969 201
5970 203
5971 163
5972 211
5973 93
5974 189
5975 171
5976 198
5977 186
5978 222
5979 245
5980 265
5981 221
5982 239
5983 231
5984 97
5985 203
5986 174
5987 181
5988 174
5989 208
5990 306
5991 151
5992 200
5993 230
5994 192
5995 171
5996 186
5997 164
5998 184
5999 198
6000 176
6001 181
6002 202
6003 148
6004 155
6005 184
6006 187
6007 233
6008 167
6009 182
6010 175
6011 206
6012 253
6013 179
6014 168
6015 236
6016 250
6017 228
6018 233
6019 185
6020 163
6021 115
6022 212
6023 147
6024 180
6025 222
6026 172
6027 232
6028 183
6029 214
6030 151
6031 182
6032 278
6033 198
6034 169
6035 265
6036 255
6037 188
6038 191
6039 196
6040 184
6041 195
6042 190
6043 192
6044 223
6045 276
6046 217
6047 200
6048 82
6049 224
6050 167
6051 229
6052 222
6053 0
6054 124
6055 182
6056 189
6057 190
6058 240
6059 216
6060 190
6061 198
6062 254
6063 191
6064 178
6065 202
6066 221
6067 242
6068 201
6069 159
6070 192
6071 222
6072 302
6073 170
6074 158
6075 162
6076 86
6077 178
6078 175
6079 180
6080 211
6081 231
6082 240
6083 191
6084 182
6085 240
6086 165
6087 184
6088 152
6089 252
6090 233
6091 151
6092 188
6093 156
6094 141
6095 225
6096 265
6097 241
6098 192
6099 159
6100 184
6101 179
6102 227
6103 166
6104 218
6105 218
6106 158
6107 210
6108 208
6109 180
6110 190
6111 208
6112 191
6113 229
6114 171
6115 214
6116 210
6117 180
6118 176
6119 187
6120 218
6121 283
6122 147
6123 121
6124 202
6125 241
6126 151
6127 195
6128 174
6129 158
6130 156
6131 187
6132 179
6133 317
6134 211
6135 182
6136 229
6137 184
6138 246
6139 178
6140 190
6141 217
6142 216
6143 185
6144 160
6145 181
6146 227
6147 219
6148 231
6149 201
6150 240
6151 139
6152 196
6153 247
6154 167
6155 257
6156 219
6157 158
6158 168
6159 215
6160 175
6161 250
6162 121
6163 135
6164 202
6165 195
6166 226
6167 137
6168 199
6169 138
6170 216
6171 183
6172 195
6173 160
6174 200
6175 197
6176 164
6177 284
6178 128
6179 123
6180 135
6181 124
6182 185
6183 176
6184 178
6185 184
6186 178
6187 178
6188 173
6189 134
6190 231
6191 0
6192 208
6193 210
6194 170
6195 224
6196 176
6197 222
6198 228
6199 173
6200 193
6201 177
6202 270
6203 178
6204 201
6205 274
6206 202
6207 171
6208 230
6209 195
6210 263
6211 194
6212 228
6213 215
6214 291
6215 192
6216 213
6217 225
6218 207
6219 185
6220 219
6221 184
6222 273
6223 211
6224 196
6225 201
6226 155
6227 223
6228 201
6229 300
6230 200
6231 187
6232 210
6233 162
6234 233
6235 206
6236 204
6237 217
6238 144
6239 176
6240 181
6241 226
6242 178
6243 206
6244 195
6245 161
6246 299
6247 221
6248 265
6249 202
6250 261
6251 192
6252 132
6253 195
6254 159
6255 206
6256 197
6257 233
6258 169
6259 159
6260 167
6261 200
6262 183
6263 190
6264 205
6265 243
6266 226
6267 186
6268 172
6269 245
6270 140
6271 202
6272 236
6273 254
6274 217
6275 230
6276 225
6277 238
6278 193
6279 185
6280 203
6281 239
6282 209
6283 255
6284 176
6285 175
6286 197
6287 223
6288 180
6289 179
6290 211
6291 296
6292 170
6293 203
6294 231
6295 176
6296 142
6297 206
6298 171
6299 171
6300 237
6301 198
6302 215
6303 186
6304 246
6305 218
6306 243
6307 125
6308 204
6309 199
6310 221
6311 189
6312 198
6313 219
6314 241
6315 184
6316 205
6317 148
6318 191
6319 222
6320 211
6321 210
6322 187
6323 174
6324 213
6325 180
6326 253
6327 210
6328 210
6329 221
6330 213
6331 207
6332 169
6333 206
6334 200
6335 199
6336 179
6337 196
6338 197
6339 202
6340 269
6341 228
6342 279
6343 191
6344 238
6345 130
6346 175
6347 193
6348 207
6349 193
6350 228
6351 223
6352 165
6353 170
6354 187
6355 225
6356 235
6357 158
6358 153
6359 206
6360 112
6361 167
6362 180
6363 180
6364 217
6365 231
6366 207
6367 211
6368 133
6369 194
6370 225
6371 157
6372 224
6373 195
6374 183
6375 173
6376 177
6377 232
6378 229
6379 175
6380 235
6381 158
6382 183
6383 189
6384 222
6385 188
6386 171
6387 259
6388 171
6389 179
6390 211
6391 173
6392 0
6393 230
6394 220
6395 171
6396 187
6397 205
6398 179
6399 191
6400 161
6401 188
6402 173
6403 183
6404 179
6405 154
6406 166
6407 253
6408 239
6409 193
6410 189
6411 257
6412 217
6413 198
6414 212
6415 155
6416 284
6417 213
6418 211
6419 226
6420 150
6421 189
6422 269
6423 209
6424 199
6425 203
6426 170
6427 96
6428 0
6429 213
6430 162
6431 210
6432 224
6433 185
6434 150
6435 102
6436 191
6437 138
6438 224
6439 195
6440 200
6441 285
6442 137
6443 187
6444 297
6445 239
6446 178
6447 179
6448 158
6449 225
6450 183
6451 235
6452 240
6453 242
6454 137
6455 227
6456 223
6457 241
6458 179
6459 289
6460 169
6461 161
6462 235
6463 164
6464 134
6465 212
6466 192
6467 175
6468 222
6469 206
6470 163
6471 197
6472 212
6473 224
6474 232
6475 203
6476 133
6477 242
6478 251
6479 204
6480 177
6481 150
6482 224
6483 164
6484 190
6485 186
6486 202
6487 135
6488 214
6489 139
6490 0
6491 219
6492 209
6493 216
6494 235
6495 196
6496 170
6497 135
6498 149
6499 249
6500 232
6501 208
6502 151
6503 192
6504 142
6505 193
6506 191
6507 184
6508 195
6509 258
6510 196
6511 210
6512 167
6513 162
6514 187
6515 224
6516 204
6517 193
6518 249
6519 256
6520 222
6521 173
6522 226
6523 169
6524 181
6525 128
6526 165
6527 148
6528 210
6529 161
6530 266
6531 191
6532 196
6533 173
6534 173
6535 147
6536 285
6537 245
6538 199
6539 162
6540 263
6541 227
6542 180
6543 175
6544 188
6545 164
6546 173
6547 281
6548 243
6549 209
6550 142
6551 227
6552 219
6553 246
6554 140
6555 187
6556 243
6557 200
6558 179
6559 118
6560 130
6561 229
6562 239
6563 179
6564 213
6565 171
6566 171
6567 149
6568 314
6569 155
6570 173
6571 185
6572 162
6573 166
6574 181
6575 204
6576 241
6577 234
6578 153
6579 230
6580 204
6581 165
6582 218
6583 200
6584 74
6585 203
6586 213
6587 248
6588 207
6589 217
6590 192
6591 214
6592 199
6593 169
6594 206
6595 155
6596 184
6597 194
6598 209
6599 153
6600 188
6601 169
6602 138
6603 166
6604 203
6605 231
6606 229
6607 301
6608 230
6609 164
6610 138
6611 158
6612 212
6613 263
6614 243
6615 214
6616 187
6617 221
6618 158
6619 222
6620 206
6621 161
6622 150
6623 212
6624 189
6625 0
6626 271
6627 202
6628 274
6629 153
6630 207
6631 174
6632 215
6633 225
6634 183
6635 206
6636 190
6637 212
6638 223
6639 205
6640 95
6641 202
6642 197
6643 252
6644 127
6645 246
6646 235
6647 221
6648 174
6649 241
6650 180
6651 213
6652 149
6653 167
6654 209
6655 175
6656 209
6657 192
6658 200
6659 154
6660 188
6661 219
6662 197
6663 176
6664 186
6665 153
6666 204
6667 135
6668 265
6669 207
6670 183
6671 228
6672 208
6673 228
6674 219
6675 176
6676 189
6677 171
6678 177
6679 201
6680 199
6681 200
6682 159
6683 217
6684 167
6685 191
6686 199
6687 136
6688 190
6689 144
6690 210
6691 141
6692 172
6693 188
6694 205
6695 240
6696 187
6697 176
6698 205
6699 230
6700 187
6701 218
6702 185
6703 219
6704 141
6705 122
6706 158
6707 199
6708 217
6709 238
6710 187
6711 229
6712 239
6713 197
6714 212
6715 219
6716 153
6717 168
6718 215
6719 186
6720 211
6721 210
6722 199
6723 209
6724 252
6725 198
6726 257
6727 249
6728 255
6729 243
6730 264
6731 187
6732 251
6733 217
6734 215
6735 198
6736 238
6737 121
6738 180
6739 178
6740 198
6741 195
6742 266
6743 204
6744 214
6745 194
6746 176
6747 146
6748 107
6749 177
6750 231
6751 175
6752 196
6753 208
6754 186
6755 178
6756 173
6757 155
6758 205
6759 187
6760 194
6761 193
6762 152
6763 0
6764 203
6765 170
6766 179
6767 141
6768 274
6769 191
6770 178
6771 192
6772 161
6773 205
6774 190
6775 252
6776 165
6777 184
6778 166
6779 158
6780 223
6781 178
6782 227
6783 211
6784 200
6785 166
6786 185
6787 177
6788 188
6789 275
6790 206
6791 206
6792 205
6793 196
6794 177
6795 213
6796 191
6797 183
6798 171
6799 267
6800 198
6801 183
6802 204
6803 183
6804 193
6805 170
6806 187
6807 180
6808 187
6809 228
6810 237
6811 206
6812 210
6813 224
6814 195
6815 211
6816 123
6817 190
6818 132
6819 198
6820 244
6821 246
6822 174
6823 182
6824 161
6825 198
6826 172
6827 161
6828 183
6829 201
6830 186
6831 208
6832 204
6833 156
6834 151
6835 145
6836 251
6837 207
6838 179
6839 193
6840 155
6841 132
6842 220
6843 155
6844 203
6845 113
6846 154
6847 199
6848 178
6849 219
6850 248
6851 167
6852 164
6853 269
6854 192
6855 177
6856 224
6857 205
6858 149
6859 224
6860 145
6861 195
6862 231
6863 190
6864 198
6865 222
6866 208
6867 193
6868 216
6869 192
6870 202
6871 191
6872 210
6873 226
6874 226
6875 194
6876 192
6877 194
6878 182
6879 195
6880 201
6881 171
6882 143
6883 233
6884 208
6885 151
6886 207
6887 232
6888 170
6889 127
6890 183
6891 198
6892 211
6893 184
6894 225
6895 217
6896 261
6897 236
6898 184
6899 277
6900 187
6901 173
6902 196
6903 220
6904 197
6905 224
6906 176
6907 225
6908 218
6909 159
6910 224
6911 168
6912 250
6913 175
6914 208
6915 207
6916 221
6917 274
6918 183
6919 186
6920 248
6921 219
6922 109
6923 180
6924 176
6925 175
6926 159
6927 238
6928 216
6929 162
6930 281
6931 205
6932 181
6933 183
6934 210
6935 160
6936 205
6937 221
6938 256
6939 262
6940 144
6941 189
6942 204
6943 150
6944 139
6945 150
6946 261
6947 224
6948 232
6949 192
6950 217
6951 84
6952 249
6953 147
6954 192
6955 189
6956 162
6957 176
6958 209
6959 174
6960 227
6961 167
6962 187
6963 181
6964 203
6965 180
6966 194
6967 148
6968 152
6969 195
6970 179
6971 249
6972 233
6973 186
6974 223
6975 174
6976 221
6977 205
6978 184
6979 187
6980 162
6981 255
6982 193
6983 166
6984 149
6985 134
6986 226
6987 187
6988 148
6989 127
6990 150
6991 144
6992 190
6993 253
6994 239
6995 238
6996 177
6997 237
6998 223
6999 140
7000 201
7001 99
7002 299
7003 222
7004 188
7005 177
7006 150
7007 180
7008 207
7009 190
7010 198
7011 138
7012 244
7013 217
7014 181
7015 204
7016 215
7017 243
7018 152
7019 220
7020 239
7021 236
7022 103
7023 220
7024 198
7025 248
7026 181
7027 167
7028 172
7029 141
7030 120
7031 157
7032 146
7033 148
7034 194
7035 214
7036 152
7037 172
7038 188
7039 171
7040 275
7041 226
7042 170
7043 137
7044 189
7045 215
7046 198
7047 220
7048 0
7049 225
7050 184
7051 211
7052 126
7053 250
7054 193
7055 254
7056 237
7057 162
7058 213
7059 201
7060 204
7061 185
7062 207
7063 213
7064 192
7065 170
7066 230
7067 145
7068 199
7069 151
7070 253
7071 146
7072 241
7073 332
7074 157
7075 132
7076 209
7077 179
7078 159
7079 158
7080 195
7081 182
7082 227
7083 175
7084 249
7085 75
7086 197
7087 142
7088 207
7089 215
7090 215
7091 327
7092 171
7093 183
7094 113
7095 192
7096 177
7097 206
7098 218
7099 221
7100 178
7101 193
7102 192
7103 161
7104 149
7105 180
7106 192
7107 176
7108 186
7109 247
7110 214
7111 205
7112 185
7113 195
7114 226
7115 201
7116 135
7117 158
7118 195
7119 193
7120 151
7121 229
7122 280
7123 170
7124 146
7125 219
7126 179
7127 230
7128 171
7129 146
7130 218
7131 189
7132 183
7133 174
7134 271
7135 229
7136 197
7137 258
7138 135
7139 156
7140 202
7141 242
7142 200
7143 215
7144 65
7145 188
7146 135
7147 231
7148 213
7149 168
7150 194
7151 204
7152 181
7153 203
7154 186
7155 231
7156 178
7157 201
7158 174
7159 183
7160 190
7161 189
7162 176
7163 128
7164 225
7165 189
7166 201
7167 195
7168 166
7169 123
7170 179
7171 222
7172 147
7173 194
7174 187
7175 225
7176 221
7177 197
7178 179
7179 165
7180 208
7181 211
7182 188
7183 178
7184 189
7185 223
7186 174
7187 189
7188 168
7189 209
7190 199
7191 167
7192 180
7193 184
7194 224
7195 180
7196 138
7197 123
7198 174
7199 244
7200 162
7201 168
7202 241
7203 203
7204 218
7205 144
7206 206
7207 189
7208 234
7209 187
7210 159
7211 179
7212 199
7213 199
7214 215
7215 226
7216 182
7217 189
7218 199
7219 195
7220 283
7221 195
7222 174
7223 184
7224 211
7225 159
7226 218
7227 239
7228 241
7229 191
7230 195
7231 229
7232 160
7233 134
7234 132
7235 229
7236 176
7237 251
7238 160
7239 0
7240 166
7241 181
7242 220
7243 195
7244 196
7245 208
7246 300
7247 224
7248 162
7249 201
7250 217
7251 140
7252 191
7253 187
7254 186
7255 194
7256 166
7257 179
7258 208
7259 151
7260 169
7261 158
7262 186
7263 158
7264 199
7265 221
7266 169
7267 212
7268 157
7269 157
7270 234
7271 213
7272 224
7273 166
7274 222
7275 205
7276 221
7277 165
7278 176
7279 205
7280 227
7281 139
7282 243
7283 229
7284 168
7285 177
7286 207
7287 218
7288 202
7289 110
7290 178
7291 221
7292 209
7293 231
7294 127
7295 125
7296 214
7297 143
7298 142
7299 197
7300 213
7301 171
7302 195
7303 196
7304 216
7305 222
7306 159
7307 118
7308 140
7309 218
7310 177
7311 141
7312 179
7313 329
7314 203
7315 183
7316 187
7317 142
7318 222
7319 196
7320 208
7321 183
7322 181
7323 259
7324 90
7325 243
7326 185
7327 243
7328 252
7329 210
7330 206
7331 160
7332 234
7333 240
7334 242
7335 244
7336 150
7337 210
7338 263
7339 204
7340 171
7341 219
7342 165
7343 161
7344 191
7345 147
7346 200
7347 192
7348 227
7349 162
7350 176
7351 186
7352 224
7353 239
7354 243
7355 186
7356 238
7357 217
7358 152
7359 156
7360 177
7361 202
7362 226
7363 212
7364 194
7365 199
7366 257
7367 233
7368 175
7369 223
7370 181
7371 255
7372 249
7373 193
7374 182
7375 161
7376 256
7377 185
7378 206
7379 233
7380 144
7381 194
7382 238
7383 291
7384 126
7385 208
7386 213
7387 195
7388 175
7389 181
7390 275
7391 202
7392 186
7393 233
7394 190
7395 186
7396 259
7397 165
7398 0
7399 264
7400 198
7401 202
7402 180
7403 210
7404 197
7405 139
7406 154
7407 147
7408 188
7409 243
7410 181
7411 208
7412 182
7413 182
7414 212
7415 224
7416 117
7417 205
7418 197
7419 214
7420 210
7421 225
7422 235
7423 190
7424 183
7425 194
7426 194
7427 135
7428 248
7429 190
7430 199
7431 193
7432 231
7433 156
7434 168
7435 139
7436 276
7437 221
7438 198
7439 185
7440 197
7441 210
7442 193
7443 151
7444 244
7445 106
7446 234
7447 232
7448 193
7449 329
7450 189
7451 193
7452 201
7453 221
7454 226
7455 137
7456 228
7457 223
7458 166
7459 179
7460 177
7461 191
7462 229
7463 185
7464 256
7465 326
7466 205
7467 271
7468 194
7469 213
7470 157
7471 166
7472 218
7473 128
7474 155
7475 175
7476 190
7477 210
7478 254
7479 191
7480 224
7481 188
7482 160
7483 173
7484 258
7485 208
7486 180
7487 191
7488 157
7489 181
7490 262
7491 111
7492 206
7493 147
7494 204
7495 225
7496 236
7497 179
7498 171
7499 201
7500 137
7501 226
7502 247
7503 314
7504 34
7505 214
7506 196
7507 151
7508 249
7509 192
7510 188
7511 215
7512 187
7513 212
7514 151
7515 235
7516 184
7517 240
7518 172
7519 175
7520 198
7521 179
7522 256
7523 247
7524 270
7525 174
7526 175
7527 230
7528 154
7529 231
7530 279
7531 124
7532 209
7533 162
7534 230
7535 200
7536 257
7537 204
7538 158
7539 170
7540 191
7541 208
7542 206
7543 154
7544 151
7545 138
7546 174
7547 219
7548 191
7549 149
7550 217
7551 208
7552 222
7553 171
7554 220
7555 97
7556 187
7557 107
7558 201
7559 153
7560 242
7561 123
7562 188
7563 215
7564 203
7565 223
7566 222
7567 204
7568 157
7569 184
7570 232
7571 196
7572 256
7573 180
7574 174
7575 191
7576 156
7577 165
7578 233
7579 155
7580 201
7581 146
7582 258
7583 178
7584 194
7585 240
7586 191
7587 177
7588 196
7589 208
7590 171
7591 155
7592 154
7593 168
7594 140
7595 200
7596 221
7597 239
7598 191
7599 255
7600 0
7601 203
7602 235
7603 225
7604 199
7605 187
7606 190
7607 182
7608 245
7609 204
7610 185
7611 238
7612 177
7613 118
7614 154
7615 226
7616 186
7617 183
7618 217
7619 217
7620 229
7621 204
7622 188
7623 185
7624 211
7625 0
7626 248
7627 209
7628 193
7629 220
7630 182
7631 224
7632 136
7633 173
7634 151
7635 203
7636 219
7637 210
7638 198
7639 214
7640 203
7641 216
7642 253
7643 225
7644 191
7645 223
7646 242
7647 208
7648 174
7649 214
7650 188
7651 207
7652 218
7653 193
7654 67
7655 141
7656 217
7657 193
7658 230
7659 260
7660 166
7661 144
7662 159
7663 238
7664 273
7665 147
7666 202
7667 237
7668 171
7669 42
7670 223
7671 174
7672 167
7673 200
7674 187
7675 207
7676 223
7677 169
7678 155
7679 204
7680 159
7681 240
7682 187
7683 97
7684 236
7685 199
7686 240
7687 121
7688 71
7689 213
7690 228
7691 179
7692 236
7693 202
7694 184
7695 201
7696 186
7697 173
7698 145
7699 227
7700 119
7701 247
7702 159
7703 197
7704 163
7705 212
7706 329
7707 232
7708 211
7709 224
7710 199
7711 246
7712 192
7713 256
7714 219
7715 200
7716 217
7717 200
7718 188
7719 190
7720 195
7721 199
7722 95
7723 194
7724 193
7725 179
7726 214
7727 204
7728 218
7729 216
7730 190
7731 168
7732 171
7733 164
7734 158
7735 133
7736 231
7737 203
7738 210
7739 177
7740 196
7741 226
7742 206
7743 198
7744 239
7745 135
7746 182
7747 198
7748 189
7749 241
7750 205
7751 220
7752 174
7753 168
7754 238
7755 235
7756 197
7757 241
7758 233
7759 244
7760 239
7761 176
7762 173
7763 105
7764 205
7765 274
7766 220
7767 226
7768 263
7769 208
7770 122
7771 117
7772 255
7773 225
7774 169
7775 180
7776 202
7777 261
7778 167
7779 293
7780 206
7781 189
7782 202
7783 194
7784 205
7785 239
7786 215
7787 204
7788 188
7789 178
7790 185
7791 163
7792 223
7793 204
7794 234
7795 140
7796 252
7797 142
7798 188
7799 239
7800 194
7801 161
7802 181
7803 240
7804 185
7805 231
7806 191
7807 197
7808 210
7809 203
7810 176
7811 226
7812 169
7813 229
7814 228
7815 193
7816 186
7817 208
7818 91
7819 215
7820 211
7821 226
7822 184
7823 221
7824 242
7825 163
7826 162
7827 160
7828 148
7829 117
7830 301
7831 212
7832 142
7833 211
7834 213
7835 178
7836 234
7837 164
7838 188
7839 174
7840 183
7841 220
7842 265
7843 168
7844 279
7845 209
7846 192
7847 201
7848 266
7849 146
7850 167
7851 210
7852 222
7853 225
7854 180
7855 176
7856 133
7857 132
7858 204
7859 179
7860 193
7861 174
7862 202
7863 218
7864 190
7865 176
7866 249
7867 203
7868 137
7869 215
7870 185
7871 210
7872 139
7873 175
7874 183
7875 217
7876 226
7877 197
7878 273
7879 274
7880 187
7881 250
7882 179
7883 172
7884 235
7885 192
7886 165
7887 241
7888 199
7889 187
7890 210
7891 194
7892 172
7893 207
7894 206
7895 180
7896 184
7897 182
7898 189
7899 217
7900 207
7901 216
7902 155
7903 273
7904 177
7905 166
7906 225
7907 245
7908 190
7909 165
7910 165
7911 208
7912 125
7913 252
7914 220
7915 229
7916 172
7917 236
7918 131
7919 238
7920 142
7921 77
7922 275
7923 163
7924 176
7925 170
7926 233
7927 211
7928 116
7929 219
7930 153
7931 245
7932 162
7933 220
7934 196
7935 108
7936 230
7937 255
7938 130
7939 136
7940 189
7941 241
7942 202
7943 217
7944 127
7945 237
7946 186
7947 189
7948 236
7949 158
7950 199
7951 189
7952 258
7953 204
7954 205
7955 242
7956 176
7957 199
7958 192
7959 182
7960 165
7961 187
7962 209
7963 186
7964 181
7965 182
7966 142
7967 221
7968 216
7969 258
7970 213
7971 183
7972 201
7973 213
7974 218
7975 193
7976 211
7977 283
7978 196
7979 188
7980 165
7981 210
7982 206
7983 209
7984 170
7985 206
7986 208
7987 239
7988 229
7989 180
7990 188
7991 175
7992 183
7993 244
7994 0
7995 181
7996 173
7997 204
7998 186
7999 240
8000 195
8001 0
8002 146
8003 183
8004 180
8005 229
8006 223
8007 212
8008 169
8009 241
8010 183
8011 199
8012 187
8013 204
8014 199
8015 176
8016 151
8017 185
8018 208
8019 181
8020 174
8021 218
8022 234
8023 205
8024 159
8025 241
8026 205
8027 311
8028 197
8029 218
8030 221
8031 214
8032 181
8033 176
8034 229
8035 173
8036 289
8037 219
8038 208
8039 210
8040 171
8041 179
8042 164
8043 214
8044 252
8045 184
8046 194
8047 181
8048 222
8049 200
8050 224
8051 134
8052 278
8053 0
8054 197
8055 218
8056 144
8057 284
8058 202
8059 229
8060 198
8061 228
8062 181
8063 214
8064 181
8065 199
8066 185
8067 156
8068 200
8069 183
8070 129
8071 211
8072 228
8073 245
8074 186
8075 213
8076 166
8077 115
8078 165
8079 245
8080 215
8081 158
8082 172
8083 319
8084 200
8085 189
8086 200
8087 158
8088 169
8089 181
8090 275
8091 149
8092 206
8093 299
8094 231
8095 254
8096 209
8097 210
8098 211
8099 212
8100 194
8101 190
8102 179
8103 169
8104 205
8105 262
8106 195
8107 221
8108 218
8109 168
8110 177
8111 201
8112 174
8113 160
8114 243
8115 193
8116 208
8117 213
8118 174
8119 199
8120 195
8121 177
8122 200
8123 186
8124 241
8125 211
8126 207
8127 155
8128 220
8129 153
8130 226
8131 217
8132 217
8133 158
8134 216
8135 204
8136 218
8137 197
8138 174
8139 208
8140 168
8141 306
8142 166
8143 205
8144 197
8145 317
8146 212
8147 236
8148 195
8149 227
8150 213
8151 215
8152 224
8153 211
8154 236
8155 182
8156 199
8157 225
8158 193
8159 177
8160 172
8161 186
8162 220
8163 234
8164 199
8165 192
8166 233
8167 211
8168 159
8169 178
8170 190
8171 191
8172 214
8173 196
8174 186
8175 208
8176 210
8177 121
8178 233
8179 184
8180 208
8181 186
8182 156
8183 209
8184 172
8185 248
8186 176
8187 177
8188 188
8189 222
8190 173
8191 198
8192 176
8193 199
8194 240
8195 199
8196 310
8197 216
8198 179
8199 173
8200 180
8201 210
8202 218
8203 210
8204 193
8205 241
8206 175
8207 201
8208 210
8209 194
8210 273
8211 211
8212 187
8213 174
8214 134
8215 245
8216 174
8217 199
8218 205
8219 0
8220 201
8221 148
8222 204
8223 208
8224 194
8225 230
8226 226
8227 212
8228 176
8229 176
8230 170
8231 186
8232 180
8233 219
8234 241
8235 170
8236 154
8237 185
8238 225
8239 195
8240 187
8241 205
8242 231
8243 165
8244 135
8245 183
8246 200
8247 145
8248 225
8249 190
8250 130
8251 200
8252 193
8253 91
8254 182
8255 199
8256 176
8257 183
8258 157
8259 225
8260 218
8261 152
8262 223
8263 264
8264 183
8265 231
8266 212
8267 196
8268 206
8269 183
8270 212
8271 190
8272 126
8273 205
8274 173
8275 160
8276 137
8277 161
8278 178
8279 129
8280 250
8281 205
8282 133
8283 224
8284 159
8285 200
8286 185
8287 194
8288 130
8289 192
8290 195
8291 159
8292 207
8293 215
8294 180
8295 136
8296 183
8297 194
8298 170
8299 230
8300 196
8301 195
8302 183
8303 152
8304 240
8305 136
8306 195
8307 218
8308 233
8309 211
8310 205
8311 197
8312 242
8313 191
8314 250
8315 146
8316 223
8317 163
8318 199
8319 165
8320 171
8321 152
8322 194
8323 187
8324 180
8325 154
8326 211
8327 215
8328 181
8329 192
8330 172
8331 139
8332 227
8333 191
8334 177
8335 256
8336 206
8337 212
8338 176
8339 227
8340 163
8341 206
8342 224
8343 229
8344 147
8345 301
8346 212
8347 185
8348 200
8349 214
8350 137
8351 230
8352 161
8353 205
8354 162
8355 242
8356 194
8357 192
8358 269
8359 171
8360 217
8361 208
8362 182
8363 186
8364 220
8365 249
8366 200
8367 190
8368 186
8369 215
8370 255
8371 230
8372 198
8373 174
8374 204
8375 158
8376 189
8377 126
8378 162
8379 139
8380 196
8381 174
8382 262
8383 231
8384 180
8385 212
8386 183
8387 160
8388 220
8389 200
8390 129
8391 167
8392 210
8393 189
8394 261
8395 165
8396 157
8397 188
8398 215
8399 209
8400 230
8401 161
8402 167
8403 192
8404 233
8405 291
8406 197
8407 235
8408 196
8409 151
8410 227
8411 146
8412 109
8413 218
8414 208
8415 173
8416 203
8417 212
8418 190
8419 109
8420 232
8421 197
8422 264
8423 172
8424 240
8425 178
8426 211
8427 180
8428 193
8429 162
8430 172
8431 150
8432 251
8433 215
8434 0
8435 218
8436 218
8437 212
8438 230
8439 155
8440 215
8441 155
8442 203
8443 256
8444 160
8445 129
8446 215
8447 183
8448 204
8449 185
8450 202
8451 192
8452 141
8453 174
8454 138
8455 195
8456 211
8457 137
8458 206
8459 123
8460 201
8461 162
8462 189
8463 203
8464 213
8465 210
8466 200
8467 228
8468 221
8469 279
8470 156
8471 210
8472 184
8473 158
8474 209
8475 173
8476 212
8477 186
8478 184
8479 173
8480 186
8481 184
8482 165
8483 192
8484 203
8485 162
8486 259
8487 225
8488 189
8489 200
8490 179
8491 197
8492 173
8493 187
8494 220
8495 202
8496 179
8497 221
8498 199
8499 176
8500 246
8501 209
8502 197
8503 196
8504 148
8505 164
8506 156
8507 173
8508 243
8509 181
8510 196
8511 126
8512 117
8513 162
8514 213
8515 219
8516 196
8517 232
8518 168
8519 244
8520 204
8521 189
8522 174
8523 229
8524 179
8525 185
8526 174
8527 177
8528 210
8529 268
8530 183
8531 168
8532 154
8533 184
8534 210
8535 191
8536 181
8537 180
8538 203
8539 214
8540 258
8541 122
8542 176
8543 270
8544 176
8545 180
8546 210
8547 194
8548 207
8549 240
8550 167
8551 247
8552 151
8553 308
8554 159
8555 215
8556 172
8557 217
8558 193
8559 211
8560 180
8561 214
8562 167
8563 209
8564 185
8565 157
8566 219
8567 204
8568 172
8569 211
8570 199
8571 191
8572 175
8573 212
8574 199
8575 205
8576 188
8577 204
8578 245
8579 112
8580 153
8581 204
8582 140
8583 221
8584 256
8585 236
8586 249
8587 209
8588 260
8589 207
8590 241
8591 204
8592 163
8593 230
8594 178
8595 237
8596 154
8597 178
8598 175
8599 194
8600 214
8601 228
8602 171
8603 165
8604 198
8605 226
8606 201
8607 194
8608 175
8609 234
8610 210
8611 199
8612 130
8613 210
8614 222
8615 194
8616 159
8617 170
8618 220
8619 226
8620 191
8621 162
8622 243
8623 183
8624 172
8625 224
8626 177
8627 274
8628 237
8629 123
8630 194
8631 150
8632 190
8633 191
8634 117
8635 207
8636 158
8637 183
8638 237
8639 150
8640 229
8641 225
8642 0
8643 203
8644 102
8645 261
8646 144
8647 191
8648 173
8649 296
8650 225
8651 178
8652 266
8653 232
8654 213
8655 145
8656 222
8657 207
8658 191
8659 224
8660 162
8661 218
8662 202
8663 192
8664 145
8665 171
8666 228
8667 225
8668 200
8669 201
8670 159
8671 137
8672 179
8673 187
8674 134
8675 234
8676 193
8677 196
8678 239
8679 181
8680 180
8681 142
8682 201
8683 188
8684 254
8685 191
8686 177
8687 157
8688 188
8689 192
8690 186
8691 196
8692 175
8693 186
8694 223
8695 201
8696 108
8697 244
8698 187
8699 240
8700 232
8701 238
8702 147
8703 161
8704 186
8705 216
8706 198
8707 275
8708 229
8709 171
8710 184
8711 285
8712 196
8713 206
8714 200
8715 184
8716 80
8717 210
8718 230
8719 202
8720 135
8721 180
8722 176
8723 194
8724 168
8725 187
8726 199
8727 187
8728 210
8729 183
8730 168
8731 160
8732 208
8733 217
8734 172
8735 161
8736 211
8737 218
8738 0
8739 169
8740 195
8741 188
8742 206
8743 129
8744 208
8745 199
8746 129
8747 188
8748 217
8749 206
8750 186
8751 211
8752 172
8753 182
8754 204
8755 213
8756 221
8757 133
8758 180
8759 183
8760 0
8761 170
8762 191
8763 190
8764 208
8765 166
8766 184
8767 155
8768 231
8769 164
8770 212
8771 184
8772 152
8773 193
8774 160
8775 243
8776 145
8777 237
8778 204
8779 194
8780 223
8781 176
8782 196
8783 232
8784 233
8785 211
8786 156
8787 180
8788 213
8789 276
8790 182
8791 191
8792 197
8793 201
8794 197
8795 196
8796 210
8797 146
8798 145
8799 211
8800 156
8801 178
8802 193
8803 231
8804 152
8805 167
8806 194
8807 173
8808 192
8809 149
8810 201
8811 165
8812 206
8813 184
8814 198
8815 203
8816 229
8817 245
8818 187
8819 140
8820 184
8821 217
8822 138
8823 147
8824 196
8825 184
8826 239
8827 170
8828 216
8829 141
8830 209
8831 175
8832 186
8833 170
8834 219
8835 217
8836 172
8837 190
8838 162
8839 221
8840 184
8841 200
8842 173
8843 104
8844 204
8845 192
8846 164
8847 239
8848 207
8849 202
8850 159
8851 131
8852 216
8853 233
8854 182
8855 224
8856 201
8857 158
8858 195
8859 171
8860 226
8861 219
8862 199
8863 194
8864 243
8865 196
8866 187
8867 0
8868 246
8869 178
8870 132
8871 216
8872 267
8873 224
8874 265
8875 181
8876 205
8877 205
8878 165
8879 184
8880 256
8881 194
8882 176
8883 221
8884 154
8885 157
8886 193
8887 150
8888 291
8889 186
8890 161
8891 200
8892 204
8893 241
8894 273
8895 206
8896 190
8897 256
8898 199
8899 204
