Vertices: 2300
Edges: 11500
Time: 1,909 ms
Iterations: 11393
Vertex Distance
0 0
1 190
2 171
3 156
4 161
5 196
6 189
7 178
8 147
9 206
10 167
11 145
12 241
13 155
14 189
15 168
16 208
17 164
18 97
19 155
20 233
21 213
22 202
23 138
24 142
25 124
26 210
27 167
28 229
29 110
30 219
31 180
32 177
33 152
34 128
35 161
36 141
37 218
38 168
39 160
40 193
41 118
42 186
43 131
44 204
45 179
46 145
47 195
48 207
49 197
50 201
51 140
52 144
53 142
54 187
55 161
56 149
57 132
58 168
59 110
60 159
61 180
62 120
63 174
64 128
65 186
66 162
67 144
68 207
69 193
70 208
71 158
72 209
73 199
74 159
75 226
76 159
77 190
78 187
79 168
80 155
81 164
82 184
83 197
84 180
85 125
86 164
87 152
88 195
89 163
90 206
91 114
92 227
93 201
94 56
95 203
96 145
97 182
98 77
99 212
100 200
101 207
102 113
103 183
104 162
105 131
106 213
107 198
108 182
109 197
110 144
111 52
112 208
113 120
114 165
115 155
116 187
117 183
118 154
119 157
120 186
121 158
122 103
123 199
124 221
125 179
126 182
127 168
128 127
129 131
130 219
131 186
132 207
133 166
134 158
135 133
136 172
137 179
138 154
139 194
140 192
141 70
142 210
143 136
144 138
145 198
146 156
147 184
148 153
149 176
150 212
151 203
152 177
153 132
154 218
155 178
156 200
157 196
158 203
159 111
160 116
161 161
162 223
163 218
164 200
165 153
166 201
167 153
168 213
169 193
170 197
171 174
172 212
173 166
174 168
175 182
176 113
177 164
178 218
179 160
180 150
181 221
182 211
183 144
184 121
185 181
186 183
187 202
188 199
189 200
190 193
191 0
192 134
193 143
194 146
195 154
196 156
197 137
198 164
199 190
200 180
201 157
202 209
203 209
204 192
205 160
206 214
207 194
208 174
209 185
210 177
211 101
212 115
213 226
214 164
215 139
216 201
217 205
218 216
219 171
220 164
221 172
222 214
223 182
224 132
225 173
226 209
227 193
228 219
229 223
230 157
231 194
232 227
233 182
234 158
235 236
236 185
237 195
238 197
239 278
240 207
241 256
242 158
243 152
244 143
245 185
246 239
247 192
248 169
249 144
250 193
251 144
252 150
253 165
254 173
255 164
256 204
257 237
258 0
259 203
260 187
261 186
262 125
263 182
264 182
265 160
266 236
267 195
268 196
269 157
270 180
271 159
272 152
273 184
274 45
275 150
276 187
277 205
278 195
279 175
280 170
281 238
282 182
283 243
284 242
285 189
286 168
287 214
288 129
289 113
290 222
291 177
292 163
293 146
294 223
295 142
296 148
297 212
298 197
299 139
300 186
301 214
302 147
303 133
304 152
305 179
306 138
307 132
308 143
309 189
310 169
311 126
312 167
313 213
314 192
315 177
316 190
317 175
318 142
319 155
320 135
321 198
322 171
323 120
324 189
325 180
326 192
327 127
328 152
329 251
330 149
331 180
332 173
333 180
334 153
335 177
336 151
337 228
338 178
339 191
340 231
341 160
342 168
343 197
344 199
345 210
346 162
347 193
348 186
349 187
350 198
351 101
352 136
353 191
354 140
355 211
356 166
357 225
358 184
359 160
360 201
361 201
362 122
363 151
364 239
365 256
366 230
367 171
368 179
369 156
370 98
371 199
372 193
373 182
374 179
375 155
376 124
377 219
378 98
379 130
380 183
381 181
382 166
383 165
384 203
385 200
386 140
387 184
388 215
389 158
390 152
391 177
392 112
393 235
394 136
395 181
396 161
397 81
398 112
399 174
400 150
401 184
402 189
403 192
404 210
405 202
406 132
407 195
408 197
409 254
410 162
411 171
412 147
413 197
414 187
415 192
416 162
417 191
418 186
419 128
420 236
421 178
422 202
423 143
424 173
425 134
426 150
427 139
428 177
429 159
430 192
431 111
432 179
433 198
434 183
435 158
436 140
437 225
438 177
439 134
440 186
441 182
442 183
443 81
444 216
445 122
446 192
447 149
448 207
449 144
450 117
451 206
452 106
453 160
454 146
455 153
456 135
457 230
458 206
459 197
460 151
461 165
462 157
463 179
464 197
465 213
466 168
467 184
468 188
469 80
470 110
471 152
472 144
473 230
474 188
475 225
476 135
477 150
478 167
479 113
480 212
481 159
482 190
483 109
484 213
485 191
486 204
487 228
488 171
489 168
490 178
491 203
492 140
493 216
494 185
495 158
496 186
497 166
498 166
499 212
500 180
501 158
502 161
503 156
504 229
505 169
506 207
507 154
508 161
509 212
510 206
511 171
512 196
513 162
514 181
515 157
516 184
517 205
518 194
519 173
520 181
521 203
522 131
523 195
524 154
525 194
526 198
527 142
528 191
529 164
530 203
531 0
532 177
533 230
534 191
535 155
536 160
537 215
538 120
539 173
540 196
541 178
542 316
543 136
544 205
545 150
546 157
547 219
548 153
549 194
550 142
551 196
552 209
553 140
554 182
555 146
556 0
557 163
558 192
559 105
560 183
561 145
562 126
563 290
564 142
565 192
566 143
567 156
568 193
569 158
570 75
571 233
572 197
573 166
574 236
575 174
576 177
577 177
578 219
579 153
580 192
581 243
582 156
583 164
584 176
585 143
586 192
587 195
588 163
589 149
590 170
591 194
592 174
593 45
594 144
595 181
596 208
597 0
598 186
599 169
600 241
601 204
602 170
603 181
604 324
605 217
606 165
607 189
608 239
609 209
610 147
611 155
612 179
613 104
614 174
615 180
616 132
617 123
618 171
619 171
620 184
621 210
622 167
623 216
624 206
625 168
626 146
627 208
628 160
629 145
630 135
631 155
632 168
633 179
634 172
635 200
636 168
637 151
638 184
639 237
640 193
641 200
642 179
643 183
644 158
645 151
646 178
647 181
648 87
649 279
650 118
651 150
652 57
653 203
654 190
655 205
656 264
657 182
658 167
659 112
660 146
661 181
662 174
663 235
664 225
665 189
666 157
667 195
668 0
669 182
670 157
671 163
672 154
673 153
674 169
675 185
676 335
677 217
678 187
679 153
680 182
681 207
682 129
683 178
684 155
685 218
686 180
687 226
688 215
689 178
690 163
691 156
692 141
693 174
694 89
695 122
696 121
697 147
698 107
699 117
700 118
701 288
702 117
703 161
704 160
705 143
706 175
707 152
708 106
709 180
710 170
711 178
712 225
713 127
714 190
715 198
716 120
717 176
718 194
719 142
720 219
721 173
722 162
723 217
724 171
725 162
726 171
727 163
728 180
729 167
730 180
731 173
732 181
733 211
734 130
735 205
736 136
737 177
738 193
739 158
740 180
741 73
742 139
743 236
744 241
745 245
746 178
747 106
748 207
749 185
750 112
751 166
752 243
753 181
754 100
755 203
756 212
757 248
758 189
759 213
760 160
761 181
762 146
763 184
764 205
765 219
766 205
767 199
768 158
769 184
770 202
771 150
772 188
773 162
774 152
775 200
776 125
777 186
778 113
779 211
780 186
781 170
782 217
783 180
784 162
785 180
786 146
787 139
788 257
789 205
790 159
791 189
792 197
793 191
794 158
795 126
796 152
797 177
798 202
799 176
800 192
801 202
802 160
803 126
804 195
805 0
806 183
807 238
808 187
809 200
810 258
811 198
812 194
813 171
814 210
815 147
816 196
817 280
818 173
819 223
820 144
821 166
822 188
823 100
824 168
825 189
826 232
827 167
828 189
829 182
830 136
831 200
832 166
833 207
834 88
835 127
836 178
837 114
838 176
839 113
840 148
841 139
842 173
843 114
844 110
845 199
846 146
847 131
848 167
849 164
850 206
851 190
852 199
853 77
854 153
855 126
856 183
857 168
858 155
859 193
860 190
861 152
862 110
863 161
864 185
865 207
866 158
867 155
868 146
869 158
870 214
871 208
872 183
873 177
874 148
875 188
876 263
877 204
878 154
879 173
880 189
881 163
882 181
883 156
884 117
885 183
886 214
887 190
888 150
889 85
890 96
891 170
892 119
893 156
894 210
895 214
896 159
897 131
898 251
899 137
900 155
901 178
902 243
903 103
904 0
905 243
906 195
907 178
908 204
909 160
910 153
911 184
912 219
913 168
914 179
915 178
916 167
917 158
918 73
919 178
920 160
921 152
922 147
923 106
924 175
925 187
926 168
927 221
928 203
929 169
930 206
931 243
932 177
933 212
934 190
935 192
936 209
937 161
938 145
939 190
940 104
941 129
942 138
943 121
944 131
945 249
946 156
947 167
948 161
949 176
950 209
951 156
952 134
953 165
954 160
955 167
956 198
957 149
958 251
959 198
960 179
961 216
962 196
963 226
964 91
965 179
966 170
967 160
968 171
969 206
970 179
971 165
972 105
973 185
974 202
975 212
976 146
977 177
978 184
979 146
980 182
981 47
982 135
983 193
984 162
985 170
986 156
987 153
988 132
989 151
990 175
991 205
992 156
993 110
994 133
995 134
996 169
997 136
998 103
999 211
1000 193
1001 70
1002 194
1003 160
1004 220
1005 80
1006 188
1007 209
1008 228
1009 225
1010 126
1011 182
1012 159
1013 107
1014 95
1015 201
1016 158
1017 65
1018 173
1019 236
1020 188
1021 157
1022 162
1023 206
1024 153
1025 154
1026 159
1027 154
1028 168
1029 235
1030 144
1031 141
1032 166
1033 170
1034 148
1035 152
1036 94
1037 0
1038 98
1039 156
1040 206
1041 191
1042 171
1043 125
1044 177
1045 180
1046 248
1047 189
1048 142
1049 213
1050 190
1051 228
1052 148
1053 180
1054 152
1055 145
1056 142
1057 185
1058 0
1059 176
1060 169
1061 130
1062 182
1063 161
1064 163
1065 219
1066 169
1067 206
1068 225
1069 160
1070 176
1071 204
1072 189
1073 163
1074 205
1075 258
1076 160
1077 154
1078 174
1079 174
1080 176
1081 147
1082 183
1083 201
1084 167
1085 193
1086 179
1087 171
1088 174
1089 212
1090 174
1091 192
1092 176
1093 206
1094 250
1095 178
1096 188
1097 106
1098 169
1099 187
1100 181
1101 174
1102 201
1103 150
1104 162
1105 173
1106 206
1107 133
1108 152
1109 170
1110 139
1111 186
1112 184
1113 178
1114 0
1115 201
1116 190
1117 174
1118 142
1119 194
1120 205
1121 185
1122 281
1123 158
1124 224
1125 179
1126 202
1127 192
1128 234
1129 136
1130 216
1131 227
1132 167
1133 200
1134 129
1135 223
1136 183
1137 167
1138 173
1139 143
1140 171
1141 194
1142 190
1143 203
1144 108
1145 159
1146 148
1147 107
1148 163
1149 187
1150 198
1151 155
1152 209
1153 193
1154 129
1155 213
1156 191
1157 185
1158 204
1159 163
1160 192
1161 185
1162 136
1163 204
1164 161
1165 146
1166 193
1167 174
1168 176
1169 167
1170 142
1171 227
1172 113
1173 254
1174 229
1175 164
1176 162
1177 175
1178 174
1179 136
1180 211
1181 76
1182 205
1183 193
1184 211
1185 183
1186 195
1187 192
1188 121
1189 162
1190 132
1191 206
1192 199
1193 174
1194 185
1195 175
1196 193
1197 157
1198 177
1199 152
1200 197
1201 126
1202 164
1203 182
1204 132
1205 136
1206 144
1207 110
1208 184
1209 121
1210 159
1211 177
1212 139
1213 225
1214 152
1215 210
1216 171
1217 175
1218 208
1219 216
1220 196
1221 157
1222 154
1223 183
1224 171
1225 111
1226 135
1227 173
1228 239
1229 177
1230 207
1231 141
1232 151
1233 230
1234 186
1235 201
1236 168
1237 203
1238 140
1239 183
1240 226
1241 200
1242 195
1243 196
1244 159
1245 182
1246 164
1247 158
1248 108
1249 113
1250 192
1251 158
1252 162
1253 177
1254 212
1255 181
1256 205
1257 193
1258 175
1259 152
1260 160
1261 178
1262 189
1263 182
1264 207
1265 158
1266 4
1267 166
1268 158
1269 140
1270 207
1271 176
1272 118
1273 199
1274 137
1275 198
1276 123
1277 187
1278 185
1279 222
1280 186
1281 201
1282 245
1283 137
1284 174
1285 225
1286 222
1287 142
1288 160
1289 137
1290 206
1291 180
1292 152
1293 176
1294 189
1295 162
1296 140
1297 132
1298 220
1299 204
1300 160
1301 188
1302 193
1303 163
1304 189
1305 223
1306 145
1307 102
1308 250
1309 211
1310 215
1311 191
1312 154
1313 126
1314 134
1315 150
1316 171
1317 165
1318 214
1319 172
1320 95
1321 124
1322 172
1323 259
1324 166
1325 186
1326 172
1327 158
1328 207
1329 176
1330 154
1331 189
1332 258
1333 224
1334 245
1335 213
1336 168
1337 238
1338 193
1339 166
1340 174
1341 139
1342 177
1343 207
1344 206
1345 144
1346 118
1347 291
1348 139
1349 168
1350 144
1351 166
1352 210
1353 157
1354 149
1355 129
1356 146
1357 130
1358 168
1359 169
1360 171
1361 147
1362 181
1363 167
1364 168
1365 79
1366 250
1367 159
1368 168
1369 165
1370 186
1371 163
1372 153
1373 193
1374 171
1375 134
1376 197
1377 160
1378 163
1379 171
1380 184
1381 193
1382 185
1383 127
1384 144
1385 201
1386 170
1387 164
1388 162
1389 160
1390 199
1391 198
1392 249
1393 203
1394 202
1395 152
1396 185
1397 164
1398 180
1399 160
1400 233
1401 179
1402 240
1403 206
1404 178
1405 183
1406 237
1407 185
1408 208
1409 238
1410 237
1411 190
1412 128
1413 152
1414 121
1415 185
1416 146
1417 237
1418 226
1419 154
1420 202
1421 200
1422 140
1423 300
1424 174
1425 0
1426 190
1427 174
1428 221
1429 176
1430 132
1431 163
1432 178
1433 201
1434 169
1435 159
1436 169
1437 212
1438 233
1439 141
1440 179
1441 199
1442 211
1443 213
1444 151
1445 179
1446 162
1447 193
1448 185
1449 178
1450 121
1451 221
1452 0
1453 158
1454 116
1455 113
1456 135
1457 136
1458 218
1459 239
1460 188
1461 170
1462 157
1463 160
1464 154
1465 138
1466 106
1467 0
1468 176
1469 106
1470 204
1471 171
1472 116
1473 188
1474 230
1475 81
1476 159
1477 188
1478 214
1479 210
1480 186
1481 133
1482 233
1483 173
1484 152
1485 204
1486 201
1487 202
1488 170
1489 131
1490 175
1491 206
1492 145
1493 153
1494 272
1495 190
1496 190
1497 167
1498 172
1499 117
1500 187
1501 207
1502 187
1503 163
1504 147
1505 175
1506 169
1507 168
1508 141
1509 185
1510 144
1511 134
1512 166
1513 152
1514 124
1515 137
1516 214
1517 154
1518 168
1519 185
1520 170
1521 190
1522 194
1523 175
1524 126
1525 158
1526 134
1527 232
1528 123
1529 227
1530 210
1531 134
1532 183
1533 188
1534 286
1535 205
1536 199
1537 167
1538 189
1539 172
1540 130
1541 177
1542 148
1543 185
1544 150
1545 187
1546 151
1547 172
1548 179
1549 127
1550 144
1551 177
1552 209
1553 128
1554 183
1555 191
1556 159
1557 134
1558 191
1559 174
1560 113
1561 155
1562 205
1563 220
1564 195
1565 190
1566 252
1567 205
1568 106
1569 187
1570 190
1571 196
1572 160
1573 168
1574 210
1575 267
1576 168
1577 171
1578 183
1579 183
1580 243
1581 199
1582 173
1583 150
1584 227
1585 188
1586 166
1587 160
1588 128
1589 133
1590 234
1591 152
1592 157
1593 118
1594 195
1595 235
1596 210
1597 146
1598 112
1599 115
1600 230
1601 111
1602 137
1603 194
1604 148
1605 227
1606 164
1607 189
1608 179
1609 166
1610 133
1611 163
1612 202
1613 166
1614 194
1615 192
1616 155
1617 178
1618 220
1619 261
1620 197
1621 180
1622 158
1623 265
1624 173
1625 181
1626 201
1627 178
1628 165
1629 214
1630 176
1631 175
1632 159
1633 182
1634 189
1635 215
1636 148
1637 173
1638 193
1639 214
1640 192
1641 167
1642 270
1643 175
1644 171
1645 112
1646 177
1647 163
1648 182
1649 215
1650 182
1651 185
1652 166
1653 161
1654 239
1655 195
1656 127
1657 106
1658 208
1659 176
1660 137
1661 151
1662 209
1663 224
1664 231
1665 75
1666 152
1667 136
1668 187
1669 178
1670 169
1671 201
1672 69
1673 225
1674 127
1675 220
1676 202
1677 195
1678 155
1679 155
1680 185
1681 228
1682 164
1683 112
1684 202
1685 129
1686 190
1687 196
1688 166
1689 133
1690 234
1691 163
1692 199
1693 174
1694 155
1695 158
1696 207
1697 163
1698 181
1699 176
1700 141
1701 202
1702 204
1703 144
1704 133
1705 165
1706 215
1707 174
1708 171
1709 133
1710 259
1711 234
1712 161
1713 116
1714 176
1715 231
1716 166
1717 163
1718 157
1719 200
1720 148
1721 188
1722 244
1723 225
1724 157
1725 140
1726 145
1727 278
1728 158
1729 140
1730 218
1731 0
1732 138
1733 131
1734 180
1735 206
1736 171
1737 169
1738 242
1739 187
1740 164
1741 167
1742 189
1743 162
1744 146
1745 197
1746 212
1747 151
1748 189
1749 141
1750 190
1751 159
1752 192
1753 182
1754 0
1755 175
1756 129
1757 167
1758 196
1759 229
1760 174
1761 212
1762 196
1763 182
1764 263
1765 140
1766 163
1767 156
1768 32
1769 181
1770 243
1771 165
1772 202
1773 182
1774 183
1775 164
1776 101
1777 154
1778 193
1779 216
1780 211
1781 166
1782 179
1783 177
1784 144
1785 172
1786 177
1787 132
1788 176
1789 209
1790 197
1791 237
1792 154
1793 117
1794 178
1795 197
1796 140
1797 204
1798 187
1799 191
1800 163
1801 200
1802 148
1803 244
1804 147
1805 189
1806 108
1807 153
1808 143
1809 200
1810 158
1811 153
1812 139
1813 174
1814 164
1815 161
1816 178
1817 164
1818 150
1819 243
1820 212
1821 207
1822 167
1823 213
1824 169
1825 108
1826 251
1827 237
1828 152
1829 182
1830 123
1831 155
1832 139
1833 179
1834 95
1835 171
1836 161
1837 208
1838 168
1839 183
1840 208
1841 169
1842 142
1843 118
1844 191
1845 168
1846 182
1847 178
1848 155
1849 119
1850 152
1851 187
1852 170
1853 164
1854 188
1855 166
1856 127
1857 169
1858 169
1859 205
1860 219
1861 230
1862 151
1863 164
1864 169
1865 181
1866 158
1867 211
1868 147
1869 182
1870 189
1871 241
1872 199
1873 248
1874 145
1875 156
1876 154
1877 220
1878 168
1879 151
1880 193
1881 163
1882 207
1883 154
1884 293
1885 233
1886 214
1887 139
1888 183
1889 179
1890 247
1891 194
1892 179
1893 110
1894 177
1895 165
1896 170
1897 143
1898 200
1899 201
1900 148
1901 187
1902 154
1903 238
1904 184
1905 163
1906 169
1907 128
1908 179
1909 164
1910 196
1911 177
1912 172
1913 170
1914 194
1915 189
1916 181
1917 183
1918 246
1919 171
1920 149
1921 166
1922 190
1923 200
1924 176
1925 170
1926 182
1927 203
1928 189
1929 196
1930 199
1931 193
1932 168
1933 231
1934 189
1935 179
1936 172
1937 190
1938 261
1939 181
1940 223
1941 134
1942 177
1943 170
1944 186
1945 168
1946 173
1947 195
1948 172
1949 176
1950 211
1951 216
1952 162
1953 216
1954 216
1955 156
1956 219
1957 207
1958 184
1959 79
1960 178
1961 220
1962 166
1963 195
1964 154
1965 141
1966 197
1967 195
1968 191
1969 182
1970 135
1971 181
1972 222
1973 248
1974 112
1975 203
1976 177
1977 140
1978 228
1979 92
1980 179
1981 286
1982 137
1983 162
1984 105
1985 147
1986 160
1987 146
1988 113
1989 168
1990 126
1991 173
1992 187
1993 236
1994 302
1995 0
1996 170
1997 0
1998 177
1999 195
2000 174
2001 262
2002 188
2003 189
2004 238
2005 227
2006 137
2007 158
2008 236
2009 155
2010 216
2011 175
2012 147
2013 146
2014 136
2015 164
2016 214
2017 193
2018 206
2019 160
2020 186
2021 0
2022 180
2023 182
2024 150
2025 183
2026 188
2027 231
2028 168
2029 135
2030 202
2031 148
2032 186
2033 220
2034 166
2035 196
2036 187
2037 138
2038 146
2039 112
2040 198
2041 205
2042 174
2043 194
2044 222
2045 255
2046 197
2047 154
2048 165
2049 222
2050 173
2051 116
2052 210
2053 212
2054 129
2055 219
2056 241
2057 206
2058 148
2059 148
2060 145
2061 179
2062 165
2063 131
2064 175
2065 203
2066 165
2067 213
2068 148
2069 196
2070 213
2071 171
2072 232
2073 189
2074 159
2075 222
2076 211
2077 186
2078 242
2079 146
2080 150
2081 182
2082 160
2083 156
2084 199
2085 147
2086 176
2087 159
2088 201
2089 189
2090 184
2091 151
2092 170
2093 141
2094 194
2095 129
2096 115
2097 147
2098 205
2099 150
2100 224
2101 205
2102 131
2103 204
2104 130
2105 151
2106 120
2107 142
2108 159
2109 216
2110 183
2111 166
2112 190
2113 194
2114 198
2115 164
2116 127
2117 153
2118 160
2119 137
2120 157
2121 152
2122 123
2123 167
2124 191
2125 174
2126 235
2127 222
2128 174
2129 235
2130 90
2131 184
2132 154
2133 182
2134 141
2135 171
2136 277
2137 174
2138 117
2139 243
2140 198
2141 246
2142 166
2143 174
2144 125
2145 181
2146 201
2147 163
2148 172
2149 200
2150 75
2151 143
2152 164
2153 116
2154 243
2155 235
2156 187
2157 172
2158 86
2159 135
2160 227
2161 179
2162 159
2163 180
2164 209
2165 172
2166 59
2167 190
2168 188
2169 175
2170 176
2171 173
2172 105
2173 176
2174 146
2175 140
2176 235
2177 185
2178 182
2179 161
2180 170
2181 132
2182 174
2183 175
2184 220
2185 193
2186 126
2187 187
2188 127
2189 172
2190 153
2191 154
2192 136
2193 220
2194 173
2195 215
2196 137
2197 208
2198 202
2199 195
2200 188
2201 107
2202 209
2203 329
2204 152
2205 177
2206 219
2207 167
2208 192
2209 182
2210 136
2211 269
2212 185
2213 177
2214 238
2215 152
2216 144
2217 148
2218 147
2219 133
2220 164
2221 226
2222 216
2223 215
2224 141
2225 151
2226 158
2227 132
2228 219
2229 125
2230 192
2231 202
2232 172
2233 193
2234 172
2235 274
2236 155
2237 245
2238 189
2239 186
2240 191
2241 209
2242 151
2243 127
2244 195
2245 146
2246 183
2247 124
2248 212
2249 146
2250 193
2251 208
2252 169
2253 237
2254 171
2255 192
2256 130
2257 214
2258 192
2259 172
2260 249
2261 166
2262 196
2263 171
2264 164
2265 165
2266 156
2267 159
2268 163
2269 161
2270 222
2271 116
2272 168
2273 222
2274 235
2275 190
2276 169
2277 180
2278 161
2279 170
2280 206
2281 184
2282 205
2283 195
2284 218
2285 128
2286 148
2287 139
2288 166
2289 152
2290 175
2291 188
2292 152
2293 149
2294 147
2295 208
2296 221
2297 109
2298 121
2299 126
