Vertices: 8400
Edges: 42000
Time: 3,501 ms
Iterations: 41697
Vertex Distance
0 0
1 190
2 172
3 160
4 176
5 188
6 228
7 144
8 176
9 123
10 206
11 208
12 202
13 173
14 142
15 211
16 161
17 219
18 212
19 178
20 167
21 141
22 165
23 204
24 159
25 175
26 200
27 140
28 112
29 232
30 0
31 192
32 231
33 160
34 237
35 221
36 179
37 146
38 170
39 229
40 117
41 137
42 225
43 189
44 203
45 191
46 203
47 243
48 238
49 173
50 210
51 181
52 231
53 119
54 203
55 214
56 185
57 216
58 158
59 192
60 154
61 204
62 209
63 115
64 182
65 208
66 100
67 175
68 184
69 169
70 186
71 180
72 163
73 241
74 194
75 138
76 206
77 319
78 153
79 159
80 202
81 184
82 179
83 192
84 201
85 246
86 171
87 159
88 240
89 217
90 210
91 199
92 192
93 179
94 149
95 154
96 211
97 188
98 255
99 207
100 178
101 179
102 173
103 161
104 207
105 168
106 195
107 246
108 165
109 79
110 155
111 184
112 171
113 194
114 169
115 126
116 179
117 227
118 153
119 165
120 191
121 174
122 190
123 195
124 185
125 188
126 137
127 211
128 209
129 156
130 158
131 156
132 159
133 207
134 139
135 200
136 266
137 204
138 287
139 154
140 159
141 176
142 134
143 147
144 153
145 234
146 250
147 189
148 259
149 159
150 174
151 188
152 171
153 167
154 159
155 211
156 203
157 141
158 175
159 209
160 167
161 221
162 218
163 189
164 183
165 188
166 220
167 160
168 132
169 171
170 187
171 196
172 159
173 209
174 137
175 132
176 184
177 228
178 176
179 193
180 132
181 189
182 255
183 243
184 170
185 174
186 214
187 149
188 310
189 157
190 247
191 298
192 227
193 175
194 103
195 136
196 192
197 219
198 222
199 221
200 155
201 186
202 150
203 246
204 184
205 204
206 188
207 151
208 222
209 147
210 202
211 178
212 171
213 218
214 139
215 185
216 196
217 184
218 167
219 134
220 132
221 173
222 0
223 207
224 176
225 0
226 161
227 0
228 170
229 171
230 133
231 260
232 192
233 140
234 130
235 154
236 211
237 182
238 147
239 186
240 176
241 223
242 187
243 198
244 172
245 198
246 150
247 165
248 180
249 178
250 167
251 212
252 217
253 196
254 196
255 169
256 157
257 159
258 208
259 183
260 206
261 203
262 165
263 240
264 224
265 188
266 203
267 213
268 246
269 255
270 250
271 194
272 216
273 131
274 141
275 162
276 102
277 192
278 189
279 122
280 165
281 220
282 182
283 219
284 205
285 179
286 120
287 205
288 195
289 157
290 128
291 174
292 168
293 163
294 206
295 132
296 198
297 229
298 167
299 169
300 183
301 211
302 200
303 148
304 204
305 220
306 126
307 206
308 203
309 0
310 182
311 192
312 174
313 140
314 197
315 117
316 214
317 131
318 233
319 166
320 104
321 199
322 168
323 265
324 209
325 186
326 213
327 226
328 133
329 172
330 236
331 218
332 185
333 193
334 195
335 176
336 200
337 165
338 212
339 183
340 221
341 141
342 158
343 231
344 172
345 196
346 167
347 159
348 254
349 198
350 231
351 180
352 233
353 229
354 130
355 133
356 70
357 151
358 244
359 200
360 185
361 186
362 196
363 236
364 217
365 259
366 164
367 209
368 165
369 215
370 184
371 177
372 116
373 113
374 137
375 187
376 149
377 181
378 169
379 172
380 201
381 126
382 181
383 236
384 185
385 153
386 194
387 167
388 152
389 198
390 200
391 168
392 139
393 171
394 228
395 156
396 186
397 248
398 182
399 206
400 179
401 128
402 155
403 183
404 198
405 212
406 127
407 264
408 118
409 140
410 222
411 197
412 153
413 243
414 231
415 152
416 235
417 170
418 127
419 233
420 198
421 163
422 137
423 186
424 152
425 117
426 148
427 173
428 180
429 188
430 177
431 226
432 205
433 186
434 157
435 183
436 213
437 179
438 259
439 228
440 182
441 197
442 168
443 160
444 174
445 214
446 152
447 176
448 203
449 170
450 210
451 219
452 175
453 239
454 210
455 241
456 201
457 153
458 177
459 195
460 198
461 198
462 246
463 136
464 171
465 212
466 157
467 228
468 147
469 184
470 190
471 167
472 204
473 217
474 200
475 177
476 144
477 118
478 197
479 116
480 224
481 188
482 176
483 249
484 204
485 156
486 213
487 235
488 197
489 218
490 204
491 230
492 175
493 212
494 146
495 211
496 185
497 235
498 207
499 177
500 189
501 245
502 214
503 171
504 171
505 222
506 170
507 160
508 157
509 336
510 196
511 172
512 228
513 160
514 184
515 163
516 147
517 152
518 146
519 188
520 169
521 146
522 212
523 265
524 186
525 180
526 182
527 134
528 171
529 182
530 148
531 113
532 184
533 161
534 142
535 208
536 208
537 187
538 182
539 196
540 202
541 211
542 129
543 191
544 203
545 170
546 206
547 176
548 206
549 133
550 203
551 196
552 211
553 146
554 182
555 242
556 193
557 200
558 182
559 140
560 218
561 126
562 154
563 167
564 204
565 191
566 242
567 242
568 205
569 224
570 167
571 171
572 190
573 230
574 124
575 182
576 222
577 218
578 232
579 184
580 168
581 168
582 66
583 185
584 129
585 190
586 157
587 213
588 159
589 211
590 210
591 171
592 217
593 236
594 226
595 195
596 160
597 155
598 186
599 166
600 215
601 153
602 224
603 192
604 120
605 234
606 238
607 214
608 252
609 210
610 189
611 207
612 214
613 150
614 182
615 175
616 148
617 149
618 123
619 122
620 239
621 195
622 164
623 127
624 157
625 161
626 233
627 173
628 169
629 175
630 202
631 231
632 167
633 150
634 122
635 171
636 213
637 181
638 157
639 219
640 155
641 177
642 155
643 164
644 188
645 182
646 150
647 171
648 212
649 222
650 159
651 210
652 151
653 139
654 203
655 211
656 196
657 252
658 111
659 150
660 165
661 232
662 94
663 162
664 145
665 0
666 210
667 184
668 122
669 172
670 213
671 215
672 0
673 166
674 194
675 221
676 243
677 149
678 167
679 131
680 154
681 178
682 190
683 131
684 184
685 188
686 185
687 305
688 155
689 188
690 177
691 175
692 173
693 193
694 224
695 182
696 186
697 237
698 87
699 132
700 187
701 182
702 265
703 174
704 159
705 185
706 173
707 211
708 135
709 242
710 234
711 247
712 231
713 156
714 198
715 186
716 235
717 140
718 195
719 177
720 145
721 240
722 151
723 140
724 160
725 92
726 168
727 169
728 213
729 166
730 225
731 131
732 219
733 185
734 186
735 85
736 209
737 224
738 238
739 120
740 177
741 177
742 149
743 293
744 174
745 153
746 99
747 191
748 182
749 213
750 180
751 189
752 0
753 193
754 162
755 232
756 214
757 212
758 216
759 220
760 202
761 238
762 126
763 164
764 201
765 161
766 186
767 150
768 120
769 216
770 196
771 217
772 168
773 172
774 213
775 189
776 154
777 173
778 161
779 162
780 160
781 167
782 180
783 194
784 189
785 146
786 165
787 229
788 172
789 195
790 204
791 201
792 222
793 221
794 165
795 230
796 198
797 146
798 314
799 213
800 170
801 177
802 158
803 196
804 253
805 220
806 183
807 187
808 180
809 247
810 215
811 155
812 94
813 181
814 70
815 156
816 205
817 134
818 150
819 162
820 166
821 189
822 165
823 143
824 155
825 223
826 189
827 145
828 132
829 234
830 183
831 166
832 217
833 199
834 194
835 213
836 241
837 195
838 210
839 210
840 228
841 221
842 149
843 156
844 184
845 213
846 204
847 199
848 240
849 131
850 254
851 227
852 181
853 176
854 165
855 173
856 284
857 109
858 138
859 240
860 203
861 237
862 199
863 220
864 266
865 162
866 146
867 153
868 142
869 135
870 158
871 206
872 161
873 229
874 234
875 291
876 204
877 152
878 188
879 181
880 221
881 159
882 105
883 199
884 245
885 258
886 181
887 171
888 207
889 203
890 231
891 165
892 164
893 167
894 161
895 203
896 177
897 159
898 234
899 250
900 190
901 201
902 218
903 0
904 216
905 256
906 183
907 160
908 170
909 202
910 176
911 183
912 162
913 172
914 211
915 237
916 188
917 204
918 115
919 134
920 166
921 165
922 272
923 164
924 183
925 264
926 192
927 212
928 190
929 242
930 184
931 254
932 182
933 215
934 213
935 194
936 170
937 162
938 178
939 191
940 182
941 201
942 165
943 183
944 206
945 161
946 251
947 114
948 166
949 216
950 236
951 186
952 210
953 178
954 175
955 148
956 220
957 220
958 186
959 183
960 157
961 198
962 174
963 215
964 244
965 240
966 198
967 176
968 180
969 247
970 134
971 170
972 218
973 189
974 185
975 221
976 127
977 177
978 171
979 166
980 208
981 126
982 87
983 164
984 203
985 163
986 227
987 253
988 230
989 181
990 156
991 188
992 253
993 231
994 183
995 239
996 190
997 166
998 182
999 153
1000 211
1001 164
1002 209
1003 188
1004 165
1005 223
1006 193
1007 178
1008 149
1009 134
1010 226
1011 151
1012 193
1013 184
1014 147
1015 183
1016 163
1017 194
1018 133
1019 192
1020 184
1021 161
1022 194
1023 224
1024 156
1025 186
1026 201
1027 127
1028 168
1029 242
1030 224
1031 180
1032 136
1033 192
1034 106
1035 184
1036 220
1037 161
1038 127
1039 235
1040 184
1041 185
1042 165
1043 272
1044 205
1045 182
1046 197
1047 162
1048 190
1049 193
1050 162
1051 148
1052 207
1053 170
1054 186
1055 166
1056 225
1057 197
1058 117
1059 186
1060 206
1061 188
1062 65
1063 156
1064 230
1065 184
1066 179
1067 219
1068 154
1069 159
1070 271
1071 150
1072 201
1073 169
1074 229
1075 223
1076 148
1077 197
1078 191
1079 83
1080 107
1081 263
1082 198
1083 147
1084 139
1085 107
1086 219
1087 192
1088 209
1089 184
1090 198
1091 174
1092 236
1093 183
1094 143
1095 181
1096 166
1097 161
1098 245
1099 261
1100 189
1101 216
1102 172
1103 194
1104 181
1105 207
1106 198
1107 230
1108 165
1109 228
1110 157
1111 174
1112 190
1113 142
1114 151
1115 200
1116 148
1117 148
1118 188
1119 183
1120 173
1121 221
1122 188
1123 160
1124 193
1125 294
1126 171
1127 202
1128 115
1129 166
1130 206
1131 155
1132 128
1133 190
1134 174
1135 161
1136 211
1137 166
1138 264
1139 192
1140 193
1141 188
1142 240
1143 166
1144 143
1145 238
1146 198
1147 191
1148 186
1149 129
1150 208
1151 217
1152 173
1153 175
1154 179
1155 163
1156 211
1157 197
1158 211
1159 227
1160 246
1161 190
1162 164
1163 223
1164 135
1165 204
1166 168
1167 185
1168 182
1169 203
1170 175
1171 170
1172 167
1173 205
1174 181
1175 184
1176 210
1177 184
1178 147
1179 173
1180 200
1181 218
1182 211
1183 231
1184 193
1185 219
1186 248
1187 174
1188 196
1189 157
1190 180
1191 137
1192 254
1193 225
1194 162
1195 173
1196 167
1197 145
1198 202
1199 196
1200 159
1201 189
1202 184
1203 194
1204 191
1205 193
1206 163
1207 188
1208 235
1209 175
1210 203
1211 283
1212 160
1213 181
1214 162
1215 141
1216 175
1217 198
1218 157
1219 152
1220 165
1221 149
1222 150
1223 235
1224 156
1225 249
1226 159
1227 140
1228 228
1229 269
1230 164
1231 163
1232 119
1233 151
1234 160
1235 186
1236 204
1237 197
1238 126
1239 180
1240 86
1241 177
1242 193
1243 225
1244 209
1245 181
1246 235
1247 189
1248 119
1249 197
1250 186
1251 209
1252 135
1253 178
1254 130
1255 197
1256 208
1257 220
1258 227
1259 173
1260 301
1261 166
1262 185
1263 183
1264 233
1265 143
1266 192
1267 165
1268 214
1269 179
1270 163
1271 213
1272 196
1273 154
1274 171
1275 188
1276 187
1277 158
1278 181
1279 205
1280 206
1281 195
1282 229
1283 192
1284 193
1285 175
1286 189
1287 221
1288 174
1289 183
1290 115
1291 224
1292 203
1293 165
1294 202
1295 133
1296 285
1297 127
1298 169
1299 141
1300 162
1301 196
1302 150
1303 112
1304 200
1305 192
1306 156
1307 172
1308 138
1309 166
1310 225
1311 170
1312 161
1313 201
1314 167
1315 196
1316 101
1317 219
1318 202
1319 202
1320 186
1321 149
1322 164
1323 214
1324 192
1325 212
1326 198
1327 166
1328 192
1329 145
1330 165
1331 192
1332 140
1333 225
1334 203
1335 152
1336 163
1337 228
1338 171
1339 141
1340 192
1341 173
1342 179
1343 151
1344 147
1345 225
1346 191
1347 199
1348 155
1349 83
1350 207
1351 215
1352 176
1353 166
1354 181
1355 240
1356 194
1357 180
1358 195
1359 148
1360 199
1361 178
1362 241
1363 117
1364 181
1365 206
1366 114
1367 0
1368 271
1369 168
1370 183
1371 207
1372 245
1373 114
1374 202
1375 179
1376 167
1377 182
1378 166
1379 206
1380 138
1381 152
1382 163
1383 283
1384 201
1385 167
1386 214
1387 205
1388 158
1389 178
1390 209
1391 145
1392 283
1393 200
1394 201
1395 191
1396 203
1397 174
1398 171
1399 232
1400 242
1401 191
1402 205
1403 148
1404 96
1405 176
1406 191
1407 180
1408 198
1409 168
1410 97
1411 232
1412 202
1413 206
1414 144
1415 259
1416 213
1417 174
1418 188
1419 134
1420 198
1421 185
1422 210
1423 194
1424 217
1425 262
1426 198
1427 130
1428 173
1429 201
1430 190
1431 138
1432 227
1433 223
1434 121
1435 209
1436 222
1437 177
1438 83
1439 182
1440 181
1441 203
1442 226
1443 170
1444 140
1445 180
1446 147
1447 200
1448 182
1449 127
1450 171
1451 216
1452 163
1453 202
1454 192
1455 256
1456 201
1457 190
1458 115
1459 235
1460 176
1461 197
1462 155
1463 195
1464 111
1465 172
1466 125
1467 148
1468 126
1469 199
1470 232
1471 162
1472 192
1473 159
1474 158
1475 142
1476 209
1477 196
1478 191
1479 179
1480 205
1481 234
1482 195
1483 213
1484 197
1485 167
1486 70
1487 250
1488 181
1489 224
1490 154
1491 196
1492 170
1493 167
1494 198
1495 238
1496 225
1497 239
1498 153
1499 154
1500 164
1501 209
1502 174
1503 133
1504 161
1505 124
1506 162
1507 196
1508 245
1509 159
1510 170
1511 163
1512 170
1513 190
1514 171
1515 209
1516 186
1517 198
1518 184
1519 200
1520 123
1521 210
1522 179
1523 188
1524 154
1525 143
1526 111
1527 168
1528 195
1529 213
1530 199
1531 178
1532 160
1533 210
1534 141
1535 201
1536 170
1537 201
1538 156
1539 157
1540 197
1541 143
1542 172
1543 169
1544 235
1545 0
1546 246
1547 195
1548 209
1549 199
1550 195
1551 154
1552 255
1553 101
1554 186
1555 181
1556 239
1557 191
1558 174
1559 212
1560 173
1561 195
1562 225
1563 144
1564 166
1565 199
1566 172
1567 182
1568 224
1569 198
1570 253
1571 225
1572 272
1573 174
1574 231
1575 136
1576 181
1577 193
1578 165
1579 141
1580 165
1581 233
1582 161
1583 170
1584 213
1585 170
1586 160
1587 167
1588 169
1589 181
1590 109
1591 240
1592 160
1593 194
1594 164
1595 183
1596 193
1597 176
1598 227
1599 223
1600 156
1601 230
1602 207
1603 150
1604 113
1605 199
1606 211
1607 171
1608 168
1609 153
1610 227
1611 234
1612 169
1613 144
1614 188
1615 187
1616 118
1617 156
1618 159
1619 264
1620 188
1621 151
1622 148
1623 198
1624 196
1625 176
1626 0
1627 256
1628 214
1629 193
1630 182
1631 194
1632 197
1633 222
1634 153
1635 214
1636 195
1637 205
1638 207
1639 157
1640 203
1641 137
1642 161
1643 182
1644 109
1645 95
1646 194
1647 210
1648 180
1649 150
1650 196
1651 187
1652 185
1653 217
1654 102
1655 0
1656 226
1657 151
1658 161
1659 175
1660 183
1661 214
1662 194
1663 224
1664 143
1665 180
1666 184
1667 221
1668 178
1669 0
1670 184
1671 176
1672 194
1673 184
1674 166
1675 176
1676 235
1677 156
1678 146
1679 185
1680 175
1681 153
1682 172
1683 181
1684 128
1685 189
1686 177
1687 233
1688 274
1689 166
1690 0
1691 204
1692 183
1693 214
1694 156
1695 187
1696 119
1697 234
1698 238
1699 170
1700 173
1701 165
1702 162
1703 169
1704 101
1705 254
1706 255
1707 178
1708 171
1709 252
1710 132
1711 189
1712 170
1713 202
1714 181
1715 168
1716 207
1717 145
1718 284
1719 184
1720 141
1721 199
1722 165
1723 194
1724 149
1725 137
1726 203
1727 217
1728 189
1729 144
1730 164
1731 127
1732 215
1733 146
1734 119
1735 172
1736 150
1737 221
1738 280
1739 228
1740 194
1741 186
1742 251
1743 175
1744 189
1745 219
1746 201
1747 197
1748 194
1749 195
1750 145
1751 80
1752 192
1753 245
1754 189
1755 215
1756 158
1757 221
1758 166
1759 169
1760 261
1761 258
1762 216
1763 225
1764 181
1765 169
1766 167
1767 187
1768 194
1769 160
1770 157
1771 135
1772 201
1773 235
1774 157
1775 194
1776 170
1777 187
1778 197
1779 277
1780 226
1781 142
1782 223
1783 152
1784 153
1785 179
1786 229
1787 196
1788 188
1789 191
1790 145
1791 214
1792 176
1793 175
1794 168
1795 89
1796 207
1797 182
1798 208
1799 146
1800 222
1801 223
1802 182
1803 170
1804 207
1805 162
1806 190
1807 213
1808 164
1809 215
1810 213
1811 208
1812 278
1813 180
1814 202
1815 215
1816 203
1817 166
1818 181
1819 234
1820 198
1821 182
1822 181
1823 230
1824 254
1825 215
1826 193
1827 123
1828 182
1829 180
1830 218
1831 213
1832 211
1833 186
1834 191
1835 190
1836 207
1837 169
1838 211
1839 169
1840 163
1841 165
1842 173
1843 175
1844 151
1845 163
1846 186
1847 165
1848 224
1849 198
1850 199
1851 298
1852 280
1853 174
1854 158
1855 236
1856 221
1857 261
1858 225
1859 225
1860 170
1861 184
1862 194
1863 161
1864 200
1865 209
1866 168
1867 55
1868 134
1869 226
1870 210
1871 127
1872 194
1873 180
1874 208
1875 167
1876 176
1877 205
1878 189
1879 174
1880 237
1881 215
1882 156
1883 208
1884 138
1885 123
1886 102
1887 130
1888 183
1889 126
1890 189
1891 222
1892 160
1893 158
1894 201
1895 185
1896 230
1897 226
1898 145
1899 221
1900 181
1901 196
1902 234
1903 193
1904 201
1905 188
1906 115
1907 146
1908 141
1909 199
1910 138
1911 184
1912 166
1913 224
1914 170
1915 147
1916 262
1917 196
1918 197
1919 173
1920 223
1921 188
1922 184
1923 182
1924 182
1925 171
1926 182
1927 155
1928 196
1929 189
1930 153
1931 33
1932 206
1933 179
1934 218
1935 188
1936 194
1937 251
1938 224
1939 200
1940 142
1941 245
1942 184
1943 120
1944 141
1945 241
1946 263
1947 266
1948 169
1949 145
1950 141
1951 122
1952 217
1953 189
1954 192
1955 152
1956 122
1957 170
1958 170
1959 167
1960 177
1961 156
1962 228
1963 201
1964 207
1965 154
1966 217
1967 202
1968 205
1969 223
1970 199
1971 187
1972 211
1973 178
1974 172
1975 229
1976 194
1977 225
1978 227
1979 125
1980 165
1981 215
1982 217
1983 172
1984 147
1985 169
1986 136
1987 164
1988 186
1989 191
1990 213
1991 161
1992 143
1993 143
1994 141
1995 151
1996 133
1997 161
1998 0
1999 141
2000 172
2001 187
2002 180
2003 261
2004 209
2005 168
2006 198
2007 154
2008 160
2009 214
2010 151
2011 141
2012 104
2013 191
2014 193
2015 139
2016 175
2017 187
2018 215
2019 180
2020 193
2021 224
2022 216
2023 212
2024 161
2025 150
2026 95
2027 172
2028 236
2029 204
2030 256
2031 235
2032 199
2033 112
2034 190
2035 239
2036 143
2037 175
2038 194
2039 158
2040 226
2041 214
2042 140
2043 192
2044 125
2045 181
2046 154
2047 177
2048 237
2049 185
2050 214
2051 172
2052 169
2053 191
2054 212
2055 167
2056 219
2057 149
2058 214
2059 173
2060 164
2061 193
2062 211
2063 191
2064 200
2065 233
2066 202
2067 193
2068 297
2069 176
2070 186
2071 206
2072 124
2073 223
2074 188
2075 171
2076 208
2077 170
2078 124
2079 203
2080 188
2081 217
2082 125
2083 214
2084 203
2085 161
2086 168
2087 130
2088 237
2089 192
2090 221
2091 211
2092 192
2093 214
2094 109
2095 186
2096 145
2097 160
2098 205
2099 280
2100 223
2101 162
2102 259
2103 175
2104 188
2105 141
2106 181
2107 205
2108 156
2109 174
2110 216
2111 0
2112 159
2113 217
2114 146
2115 150
2116 202
2117 146
2118 187
2119 188
2120 200
2121 204
2122 201
2123 215
2124 142
2125 59
2126 216
2127 213
2128 142
2129 214
2130 168
2131 208
2132 145
2133 195
2134 178
2135 143
2136 186
2137 164
2138 234
2139 198
2140 158
2141 197
2142 198
2143 183
2144 234
2145 224
2146 189
2147 218
2148 145
2149 183
2150 216
2151 179
2152 182
2153 258
2154 178
2155 172
2156 172
2157 254
2158 255
2159 123
2160 215
2161 166
2162 178
2163 188
2164 179
2165 178
2166 188
2167 138
2168 167
2169 182
2170 157
2171 188
2172 130
2173 178
2174 218
2175 185
2176 192
2177 195
2178 233
2179 208
2180 205
2181 200
2182 82
2183 205
2184 153
2185 137
2186 159
2187 178
2188 238
2189 183
2190 169
2191 161
2192 194
2193 224
2194 200
2195 177
2196 199
2197 212
2198 149
2199 252
2200 198
2201 236
2202 185
2203 151
2204 146
2205 223
2206 226
2207 203
2208 179
2209 173
2210 146
2211 179
2212 162
2213 209
2214 227
2215 158
2216 174
2217 199
2218 305
2219 196
2220 185
2221 196
2222 195
2223 167
2224 174
2225 171
2226 226
2227 193
2228 295
2229 196
2230 216
2231 166
2232 184
2233 151
2234 196
2235 208
2236 197
2237 136
2238 190
2239 193
2240 209
2241 196
2242 187
2243 149
2244 165
2245 178
2246 264
2247 178
2248 169
2249 202
2250 198
2251 194
2252 167
2253 203
2254 262
2255 141
2256 91
2257 148
2258 244
2259 187
2260 213
2261 180
2262 175
2263 224
2264 235
2265 187
2266 178
2267 182
2268 172
2269 52
2270 163
2271 200
2272 197
2273 178
2274 140
2275 215
2276 211
2277 198
2278 298
2279 163
2280 174
2281 208
2282 201
2283 190
2284 274
2285 141
2286 212
2287 177
2288 149
2289 147
2290 153
2291 196
2292 245
2293 185
2294 205
2295 175
2296 200
2297 168
2298 194
2299 151
2300 319
2301 182
2302 223
2303 152
2304 153
2305 175
2306 203
2307 202
2308 208
2309 235
2310 193
2311 163
2312 196
2313 208
2314 245
2315 174
2316 162
2317 192
2318 150
2319 168
2320 148
2321 168
2322 209
2323 158
2324 205
2325 169
2326 201
2327 216
2328 236
2329 214
2330 147
2331 194
2332 216
2333 197
2334 242
2335 163
2336 144
2337 126
2338 214
2339 136
2340 206
2341 249
2342 215
2343 107
2344 183
2345 243
2346 229
2347 156
2348 178
2349 147
2350 180
2351 198
2352 220
2353 165
2354 166
2355 190
2356 194
2357 177
2358 201
2359 182
2360 170
2361 158
2362 182
2363 163
2364 170
2365 130
2366 164
2367 125
2368 200
2369 244
2370 252
2371 193
2372 142
2373 162
2374 92
2375 276
2376 159
2377 178
2378 172
2379 123
2380 187
2381 162
2382 179
2383 101
2384 202
2385 186
2386 220
2387 167
2388 230
2389 135
2390 142
2391 144
2392 244
2393 126
2394 151
2395 217
2396 170
2397 185
2398 274
2399 206
2400 218
2401 111
2402 174
2403 171
2404 216
2405 235
2406 186
2407 127
2408 155
2409 206
2410 194
2411 240
2412 192
2413 153
2414 279
2415 167
2416 182
2417 187
2418 148
2419 165
2420 164
2421 213
2422 172
2423 218
2424 145
2425 179
2426 211
2427 217
2428 197
2429 194
2430 190
2431 235
2432 120
2433 248
2434 193
2435 249
2436 192
2437 209
2438 128
2439 145
2440 204
2441 222
2442 124
2443 175
2444 166
2445 193
2446 200
2447 207
2448 162
2449 152
2450 268
2451 187
2452 214
2453 264
2454 174
2455 117
2456 179
2457 220
2458 250
2459 273
2460 219
2461 222
2462 172
2463 200
2464 208
2465 260
2466 213
2467 168
2468 214
2469 260
2470 199
2471 188
2472 191
2473 217
2474 214
2475 192
2476 175
2477 193
2478 0
2479 222
2480 189
2481 220
2482 210
2483 187
2484 195
2485 177
2486 175
2487 182
2488 176
2489 188
2490 242
2491 162
2492 170
2493 160
2494 148
2495 102
2496 218
2497 213
2498 213
2499 131
2500 194
2501 186
2502 232
2503 138
2504 241
2505 213
2506 206
2507 139
2508 174
2509 223
2510 191
2511 236
2512 140
2513 146
2514 189
2515 205
2516 171
2517 206
2518 155
2519 234
2520 213
2521 177
2522 187
2523 194
2524 185
2525 233
2526 195
2527 187
2528 230
2529 179
2530 198
2531 188
2532 174
2533 182
2534 205
2535 158
2536 206
2537 196
2538 207
2539 213
2540 196
2541 255
2542 194
2543 162
2544 167
2545 131
2546 188
2547 187
2548 154
2549 157
2550 245
2551 117
2552 200
2553 177
2554 238
2555 193
2556 173
2557 253
2558 183
2559 271
2560 186
2561 148
2562 256
2563 215
2564 212
2565 162
2566 181
2567 149
2568 163
2569 152
2570 259
2571 221
2572 201
2573 276
2574 168
2575 172
2576 123
2577 158
2578 219
2579 133
2580 167
2581 186
2582 183
2583 185
2584 144
2585 151
2586 166
2587 136
2588 232
2589 128
2590 194
2591 125
2592 189
2593 286
2594 102
2595 181
2596 188
2597 171
2598 211
2599 192
2600 204
2601 187
2602 171
2603 176
2604 165
2605 182
2606 148
2607 228
2608 155
2609 189
2610 193
2611 198
2612 177
2613 229
2614 183
2615 203
2616 202
2617 174
2618 199
2619 159
2620 262
2621 130
2622 201
2623 142
2624 132
2625 199
2626 190
2627 156
2628 185
2629 216
2630 232
2631 177
2632 165
2633 170
2634 145
2635 198
2636 133
2637 181
2638 226
2639 153
2640 159
2641 199
2642 291
2643 225
2644 104
2645 173
2646 218
2647 121
2648 207
2649 152
2650 202
2651 176
2652 221
2653 205
2654 207
2655 103
2656 140
2657 182
2658 195
2659 251
2660 156
2661 222
2662 204
2663 179
2664 186
2665 128
2666 214
2667 179
2668 202
2669 187
2670 186
2671 168
2672 191
2673 170
2674 201
2675 235
2676 274
2677 194
2678 157
2679 200
2680 214
2681 176
2682 207
2683 156
2684 164
2685 184
2686 172
2687 192
2688 97
2689 176
2690 115
2691 123
2692 219
2693 150
2694 157
2695 288
2696 204
2697 203
2698 182
2699 235
2700 213
2701 184
2702 135
2703 188
2704 206
2705 179
2706 224
2707 171
2708 200
2709 174
2710 202
2711 210
2712 101
2713 175
2714 174
2715 178
2716 168
2717 155
2718 188
2719 141
2720 153
2721 186
2722 188
2723 200
2724 180
2725 218
2726 248
2727 217
2728 186
2729 181
2730 206
2731 172
2732 219
2733 207
2734 160
2735 184
2736 157
2737 194
2738 235
2739 180
2740 166
2741 209
2742 151
2743 186
2744 242
2745 186
2746 246
2747 162
2748 189
2749 205
2750 157
2751 183
2752 234
2753 172
2754 182
2755 226
2756 206
2757 188
2758 186
2759 204
2760 194
2761 182
2762 193
2763 146
2764 208
2765 129
2766 191
2767 156
2768 222
2769 208
2770 165
2771 118
2772 193
2773 146
2774 191
2775 258
2776 204
2777 139
2778 189
2779 202
2780 146
2781 196
2782 192
2783 201
2784 183
2785 174
2786 187
2787 204
2788 198
2789 210
2790 204
2791 190
2792 186
2793 189
2794 135
2795 209
2796 161
2797 153
2798 151
2799 158
2800 164
2801 190
2802 192
2803 120
2804 159
2805 0
2806 165
2807 207
2808 165
2809 221
2810 247
2811 123
2812 135
2813 228
2814 160
2815 113
2816 84
2817 205
2818 220
2819 209
2820 161
2821 193
2822 214
2823 203
2824 216
2825 230
2826 196
2827 101
2828 168
2829 190
2830 222
2831 183
2832 181
2833 156
2834 209
2835 134
2836 191
2837 143
2838 143
2839 206
2840 145
2841 186
2842 181
2843 175
2844 203
2845 187
2846 203
2847 182
2848 178
2849 235
2850 235
2851 187
2852 171
2853 144
2854 160
2855 202
2856 175
2857 156
2858 271
2859 229
2860 213
2861 195
2862 164
2863 175
2864 189
2865 246
2866 183
2867 135
2868 170
2869 205
2870 196
2871 207
2872 182
2873 222
2874 103
2875 189
2876 142
2877 167
2878 198
2879 174
2880 268
2881 176
2882 220
2883 203
2884 168
2885 190
2886 141
2887 167
2888 181
2889 217
2890 192
2891 176
2892 212
2893 240
2894 200
2895 190
2896 216
2897 119
2898 189
2899 201
2900 197
2901 192
2902 173
2903 178
2904 248
2905 155
2906 176
2907 190
2908 215
2909 153
2910 210
2911 204
2912 188
2913 163
2914 100
2915 185
2916 239
2917 130
2918 240
2919 204
2920 102
2921 182
2922 183
2923 258
2924 253
2925 189
2926 172
2927 144
2928 244
2929 147
2930 228
2931 0
2932 195
2933 234
2934 128
2935 187
2936 210
2937 187
2938 216
2939 166
2940 116
2941 200
2942 165
2943 162
2944 199
2945 186
2946 218
2947 143
2948 249
2949 196
2950 218
2951 165
2952 181
2953 220
2954 207
2955 161
2956 123
2957 198
2958 193
2959 251
2960 239
2961 185
2962 168
2963 177
2964 0
2965 173
2966 187
2967 173
2968 157
2969 199
2970 193
2971 181
2972 205
2973 207
2974 182
2975 153
2976 275
2977 212
2978 177
2979 198
2980 163
2981 0
2982 171
2983 212
2984 163
2985 202
2986 151
2987 176
2988 121
2989 108
2990 199
2991 226
2992 178
2993 184
2994 182
2995 223
2996 148
2997 210
2998 203
2999 167
3000 166
3001 175
3002 171
3003 145
3004 193
3005 168
3006 282
3007 166
3008 201
3009 145
3010 99
3011 177
3012 203
3013 158
3014 163
3015 175
3016 138
3017 213
3018 81
3019 203
3020 254
3021 213
3022 209
3023 155
3024 157
3025 226
3026 208
3027 154
3028 246
3029 197
3030 154
3031 121
3032 122
3033 187
3034 143
3035 155
3036 165
3037 232
3038 223
3039 213
3040 171
3041 213
3042 200
3043 119
3044 193
3045 158
3046 161
3047 221
3048 183
3049 190
3050 108
3051 236
3052 166
3053 205
3054 249
3055 127
3056 236
3057 253
3058 191
3059 216
3060 210
3061 177
3062 182
3063 177
3064 82
3065 192
3066 154
3067 217
3068 225
3069 191
3070 187
3071 165
3072 162
3073 206
3074 241
3075 229
3076 216
3077 187
3078 143
3079 211
3080 160
3081 230
3082 173
3083 183
3084 168
3085 230
3086 240
3087 174
3088 123
3089 242
3090 205
3091 210
3092 144
3093 181
3094 203
3095 234
3096 177
3097 142
3098 162
3099 198
3100 247
3101 155
3102 144
3103 164
3104 199
3105 166
3106 138
3107 289
3108 215
3109 205
3110 242
3111 178
3112 126
3113 104
3114 82
3115 153
3116 157
3117 200
3118 100
3119 225
3120 157
3121 219
3122 147
3123 63
3124 150
3125 156
3126 211
3127 177
3128 234
3129 233
3130 152
3131 209
3132 161
3133 202
3134 260
3135 251
3136 174
3137 174
3138 150
3139 157
3140 122
3141 205
3142 168
3143 198
3144 158
3145 128
3146 240
3147 189
3148 183
3149 146
3150 199
3151 167
3152 230
3153 196
3154 217
3155 180
3156 190
3157 209
3158 169
3159 146
3160 223
3161 231
3162 167
3163 181
3164 244
3165 208
3166 271
3167 174
3168 143
3169 174
3170 131
3171 171
3172 319
3173 167
3174 229
3175 185
3176 223
3177 234
3178 172
3179 131
3180 167
3181 174
3182 197
3183 155
3184 286
3185 196
3186 220
3187 148
3188 131
3189 159
3190 185
3191 228
3192 217
3193 178
3194 193
3195 178
3196 137
3197 132
3198 146
3199 144
3200 188
3201 201
3202 174
3203 223
3204 215
3205 164
3206 170
3207 177
3208 208
3209 89
3210 198
3211 173
3212 200
3213 157
3214 196
3215 260
3216 177
3217 144
3218 238
3219 254
3220 308
3221 151
3222 148
3223 178
3224 104
3225 191
3226 180
3227 228
3228 199
3229 117
3230 193
3231 151
3232 162
3233 175
3234 206
3235 209
3236 205
3237 205
3238 181
3239 168
3240 263
3241 189
3242 128
3243 208
3244 187
3245 162
3246 145
3247 228
3248 221
3249 175
3250 178
3251 196
3252 142
3253 178
3254 130
3255 183
3256 184
3257 169
3258 209
3259 216
3260 185
3261 147
3262 197
3263 156
3264 132
3265 132
3266 160
3267 154
3268 184
3269 173
3270 137
3271 219
3272 189
3273 223
3274 269
3275 180
3276 103
3277 168
3278 184
3279 204
3280 203
3281 141
3282 188
3283 160
3284 192
3285 121
3286 194
3287 166
3288 145
3289 160
3290 194
3291 182
3292 190
3293 134
3294 254
3295 192
3296 148
3297 208
3298 0
3299 175
3300 178
3301 174
3302 246
3303 165
3304 264
3305 170
3306 232
3307 210
3308 184
3309 163
3310 251
3311 172
3312 210
3313 153
3314 188
3315 222
3316 234
3317 166
3318 151
3319 237
3320 222
3321 180
3322 179
3323 170
3324 288
3325 188
3326 156
3327 186
3328 186
3329 117
3330 188
3331 171
3332 214
3333 154
3334 177
3335 194
3336 192
3337 203
3338 199
3339 180
3340 213
3341 168
3342 163
3343 167
3344 230
3345 148
3346 208
3347 269
3348 190
3349 170
3350 194
3351 185
3352 111
3353 120
3354 244
3355 195
3356 204
3357 259
3358 161
3359 152
3360 172
3361 185
3362 164
3363 226
3364 225
3365 237
3366 206
3367 191
3368 201
3369 214
3370 191
3371 221
3372 0
3373 171
3374 166
3375 218
3376 192
3377 171
3378 259
3379 152
3380 196
3381 188
3382 218
3383 267
3384 174
3385 189
3386 181
3387 187
3388 194
3389 149
3390 132
3391 194
3392 166
3393 114
3394 199
3395 0
3396 161
3397 150
3398 84
3399 189
3400 168
3401 156
3402 187
3403 187
3404 120
3405 203
3406 144
3407 71
3408 130
3409 142
3410 162
3411 167
3412 198
3413 257
3414 241
3415 188
3416 140
3417 175
3418 193
3419 151
3420 197
3421 225
3422 249
3423 176
3424 203
3425 225
3426 99
3427 127
3428 184
3429 200
3430 156
3431 89
3432 134
3433 199
3434 207
3435 175
3436 194
3437 141
3438 162
3439 188
3440 186
3441 185
3442 163
3443 124
3444 196
3445 179
3446 218
3447 127
3448 147
3449 165
3450 210
3451 173
3452 136
3453 124
3454 234
3455 205
3456 196
3457 196
3458 184
3459 220
3460 230
3461 146
3462 126
3463 120
3464 219
3465 178
3466 238
3467 180
3468 176
3469 164
3470 166
3471 191
3472 192
3473 182
3474 132
3475 210
3476 162
3477 153
3478 170
3479 145
3480 191
3481 219
3482 227
3483 171
3484 256
3485 268
3486 196
3487 145
3488 201
3489 255
3490 234
3491 171
3492 164
3493 162
3494 151
3495 155
3496 212
3497 163
3498 141
3499 163
3500 208
3501 128
3502 170
3503 165
3504 181
3505 129
3506 183
3507 127
3508 213
3509 124
3510 250
3511 245
3512 228
3513 179
3514 269
3515 201
3516 190
3517 170
3518 149
3519 173
3520 163
3521 129
3522 186
3523 128
3524 209
3525 222
3526 199
3527 175
3528 175
3529 151
3530 194
3531 197
3532 215
3533 191
3534 204
3535 182
3536 211
3537 128
3538 194
3539 146
3540 112
3541 144
3542 212
3543 180
3544 179
3545 176
3546 203
3547 218
3548 182
3549 216
3550 202
3551 182
3552 171
3553 145
3554 177
3555 212
3556 194
3557 220
3558 124
3559 190
3560 191
3561 202
3562 161
3563 175
3564 164
3565 193
3566 178
3567 115
3568 151
3569 168
3570 177
3571 229
3572 172
3573 192
3574 97
3575 258
3576 112
3577 185
3578 142
3579 190
3580 187
3581 225
3582 172
3583 190
3584 169
3585 184
3586 188
3587 192
3588 158
3589 205
3590 173
3591 186
3592 85
3593 139
3594 305
3595 149
3596 148
3597 168
3598 188
3599 157
3600 167
3601 265
3602 187
3603 187
3604 178
3605 203
3606 188
3607 143
3608 158
3609 292
3610 200
3611 218
3612 229
3613 215
3614 164
3615 104
3616 250
3617 204
3618 175
3619 193
3620 185
3621 197
3622 115
3623 184
3624 230
3625 195
3626 178
3627 213
3628 136
3629 193
3630 148
3631 210
3632 114
3633 192
3634 226
3635 219
3636 223
3637 156
3638 200
3639 221
3640 220
3641 167
3642 249
3643 194
3644 172
3645 152
3646 142
3647 198
3648 175
3649 191
3650 215
3651 225
3652 214
3653 192
3654 204
3655 0
3656 188
3657 226
3658 219
3659 162
3660 164
3661 206
3662 190
3663 165
3664 193
3665 69
3666 205
3667 115
3668 145
3669 147
3670 202
3671 198
3672 194
3673 182
3674 209
3675 142
3676 212
3677 192
3678 0
3679 163
3680 224
3681 227
3682 194
3683 165
3684 182
3685 143
3686 136
3687 244
3688 195
3689 246
3690 194
3691 146
3692 196
3693 163
3694 178
3695 179
3696 190
3697 189
3698 189
3699 214
3700 198
3701 167
3702 148
3703 106
3704 131
3705 170
3706 206
3707 185
3708 182
3709 170
3710 180
3711 174
3712 197
3713 225
3714 144
3715 240
3716 187
3717 189
3718 210
3719 150
3720 200
3721 186
3722 133
3723 216
3724 212
3725 115
3726 179
3727 193
3728 160
3729 216
3730 136
3731 135
3732 201
3733 196
3734 183
3735 207
3736 78
3737 143
3738 192
3739 189
3740 191
3741 187
3742 99
3743 151
3744 167
3745 200
3746 236
3747 273
3748 157
3749 150
3750 220
3751 202
3752 211
3753 164
3754 229
3755 174
3756 173
3757 144
3758 197
3759 205
3760 206
3761 152
3762 190
3763 195
3764 220
3765 209
3766 158
3767 210
3768 143
3769 189
3770 157
3771 183
3772 152
3773 137
3774 163
3775 171
3776 223
3777 154
3778 309
3779 180
3780 204
3781 178
3782 232
3783 157
3784 243
3785 217
3786 222
3787 216
3788 183
3789 270
3790 215
3791 214
3792 246
3793 197
3794 244
3795 172
3796 206
3797 151
3798 149
3799 176
3800 184
3801 183
3802 210
3803 140
3804 173
3805 174
3806 252
3807 121
3808 189
3809 214
3810 169
3811 186
3812 220
3813 129
3814 190
3815 213
3816 141
3817 235
3818 143
3819 185
3820 211
3821 78
3822 156
3823 184
3824 216
3825 99
3826 208
3827 257
3828 185
3829 203
3830 156
3831 240
3832 166
3833 204
3834 143
3835 252
3836 205
3837 186
3838 170
3839 198
3840 151
3841 132
3842 224
3843 173
3844 218
3845 187
3846 212
3847 157
3848 181
3849 243
3850 220
3851 184
3852 167
3853 204
3854 169
3855 190
3856 163
3857 197
3858 203
3859 136
3860 170
3861 231
3862 150
3863 171
3864 144
3865 80
3866 267
3867 247
3868 185
3869 190
3870 158
3871 227
3872 225
3873 192
3874 199
3875 113
3876 119
3877 187
3878 199
3879 150
3880 69
3881 236
3882 154
3883 201
3884 127
3885 180
3886 262
3887 231
3888 176
3889 130
3890 216
3891 128
3892 237
3893 187
3894 192
3895 180
3896 237
3897 223
3898 207
3899 212
3900 212
3901 149
3902 195
3903 162
3904 154
3905 195
3906 198
3907 216
3908 252
3909 202
3910 194
3911 186
3912 178
3913 195
3914 254
3915 169
3916 191
3917 241
3918 246
3919 180
3920 163
3921 213
3922 181
3923 131
3924 220
3925 208
3926 211
3927 142
3928 184
3929 220
3930 149
3931 175
3932 205
3933 119
3934 135
3935 177
3936 158
3937 127
3938 142
3939 148
3940 141
3941 224
3942 187
3943 179
3944 102
3945 221
3946 133
3947 194
3948 192
3949 268
3950 170
3951 186
3952 151
3953 246
3954 202
3955 160
3956 163
3957 155
3958 191
3959 179
3960 121
3961 181
3962 188
3963 135
3964 195
3965 223
3966 140
3967 187
3968 185
3969 224
3970 150
3971 282
3972 187
3973 119
3974 156
3975 190
3976 224
3977 177
3978 186
3979 175
3980 143
3981 188
3982 168
3983 168
3984 184
3985 178
3986 177
3987 197
3988 244
3989 205
3990 167
3991 201
3992 207
3993 224
3994 177
3995 139
3996 220
3997 188
3998 177
3999 170
4000 295
4001 190
4002 251
4003 210
4004 225
4005 158
4006 215
4007 180
4008 182
4009 245
4010 207
4011 101
4012 140
4013 146
4014 127
4015 229
4016 213
4017 213
4018 300
4019 235
4020 183
4021 94
4022 191
4023 62
4024 145
4025 154
4026 183
4027 158
4028 60
4029 192
4030 219
4031 132
4032 173
4033 171
4034 189
4035 175
4036 173
4037 206
4038 185
4039 95
4040 90
4041 275
4042 163
4043 142
4044 155
4045 199
4046 194
4047 210
4048 274
4049 274
4050 178
4051 249
4052 176
4053 175
4054 183
4055 186
4056 212
4057 173
4058 174
4059 160
4060 159
4061 167
4062 178
4063 138
4064 169
4065 194
4066 190
4067 180
4068 169
4069 190
4070 174
4071 180
4072 232
4073 200
4074 168
4075 210
4076 164
4077 72
4078 241
4079 149
4080 157
4081 193
4082 182
4083 207
4084 176
4085 155
4086 167
4087 173
4088 178
4089 179
4090 207
4091 69
4092 228
4093 195
4094 150
4095 205
4096 206
4097 182
4098 191
4099 154
4100 169
4101 184
4102 233
4103 195
4104 187
4105 163
4106 214
4107 193
4108 156
4109 151
4110 123
4111 178
4112 195
4113 153
4114 158
4115 175
4116 232
4117 175
4118 155
4119 153
4120 152
4121 159
4122 196
4123 221
4124 175
4125 239
4126 155
4127 171
4128 224
4129 202
4130 208
4131 223
4132 188
4133 213
4134 214
4135 209
4136 254
4137 207
4138 199
4139 238
4140 162
4141 208
4142 150
4143 194
4144 162
4145 187
4146 0
4147 252
4148 223
4149 205
4150 157
4151 288
4152 185
4153 153
4154 193
4155 152
4156 165
4157 205
4158 189
4159 183
4160 178
4161 201
4162 179
4163 154
4164 195
4165 193
4166 137
4167 215
4168 166
4169 235
4170 195
4171 186
4172 184
4173 197
4174 207
4175 241
4176 197
4177 181
4178 186
4179 178
4180 182
4181 216
4182 238
4183 163
4184 216
4185 197
4186 191
4187 248
4188 216
4189 203
4190 211
4191 200
4192 182
4193 212
4194 168
4195 187
4196 144
4197 204
4198 183
4199 185
4200 175
4201 109
4202 165
4203 219
4204 191
4205 151
4206 187
4207 130
4208 201
4209 159
4210 144
4211 157
4212 187
4213 203
4214 140
4215 213
4216 176
4217 162
4218 156
4219 174
4220 219
4221 203
4222 137
4223 135
4224 153
4225 234
4226 202
4227 143
4228 203
4229 151
4230 129
4231 174
4232 229
4233 0
4234 176
4235 109
4236 211
4237 197
4238 178
4239 151
4240 197
4241 164
4242 176
4243 171
4244 174
4245 227
4246 124
4247 147
4248 286
4249 190
4250 246
4251 272
4252 198
4253 181
4254 184
4255 178
4256 200
4257 149
4258 213
4259 201
4260 212
4261 209
4262 241
4263 231
4264 190
4265 158
4266 194
4267 298
4268 136
4269 157
4270 160
4271 208
4272 229
4273 190
4274 132
4275 161
4276 252
4277 155
4278 223
4279 191
4280 189
4281 135
4282 130
4283 189
4284 184
4285 181
4286 202
4287 176
4288 215
4289 180
4290 136
4291 170
4292 273
4293 208
4294 147
4295 201
4296 172
4297 157
4298 226
4299 194
4300 208
4301 148
4302 168
4303 176
4304 142
4305 187
4306 206
4307 184
4308 202
4309 175
4310 185
4311 240
4312 144
4313 151
4314 244
4315 162
4316 147
4317 218
4318 202
4319 152
4320 166
4321 200
4322 162
4323 226
4324 156
4325 190
4326 167
4327 201
4328 185
4329 183
4330 146
4331 175
4332 165
4333 183
4334 152
4335 162
4336 248
4337 190
4338 192
4339 212
4340 165
4341 159
4342 247
4343 225
4344 89
4345 220
4346 264
4347 187
4348 165
4349 156
4350 124
4351 155
4352 201
4353 203
4354 195
4355 124
4356 163
4357 176
4358 210
4359 143
4360 184
4361 204
4362 176
4363 182
4364 210
4365 179
4366 42
4367 194
4368 208
4369 150
4370 159
4371 246
4372 170
4373 160
4374 204
4375 176
4376 124
4377 132
4378 168
4379 175
4380 177
4381 180
4382 197
4383 241
4384 218
4385 231
4386 203
4387 248
4388 209
4389 170
4390 129
4391 181
4392 170
4393 277
4394 177
4395 107
4396 197
4397 183
4398 224
4399 200
4400 175
4401 182
4402 160
4403 134
4404 182
4405 221
4406 181
4407 186
4408 241
4409 186
4410 213
4411 177
4412 150
4413 202
4414 186
4415 80
4416 255
4417 188
4418 197
4419 113
4420 77
4421 155
4422 166
4423 177
4424 188
4425 177
4426 169
4427 269
4428 176
4429 132
4430 152
4431 195
4432 180
4433 185
4434 181
4435 151
4436 172
4437 163
4438 187
4439 137
4440 198
4441 195
4442 280
4443 178
4444 246
4445 179
4446 172
4447 240
4448 178
4449 157
4450 175
4451 185
4452 155
4453 204
4454 208
4455 234
4456 206
4457 115
4458 233
4459 163
4460 154
4461 169
4462 156
4463 203
4464 163
4465 213
4466 146
4467 253
4468 136
4469 160
4470 166
4471 189
4472 190
4473 172
4474 242
4475 196
4476 174
4477 180
4478 128
4479 130
4480 200
4481 128
4482 207
4483 199
4484 171
4485 154
4486 223
4487 146
4488 180
4489 188
4490 190
4491 220
4492 170
4493 154
4494 202
4495 200
4496 252
4497 157
4498 173
4499 216
4500 202
4501 179
4502 146
4503 215
4504 211
4505 200
4506 156
4507 218
4508 184
4509 195
4510 169
4511 196
4512 184
4513 165
4514 148
4515 192
4516 175
4517 197
4518 168
4519 152
4520 187
4521 164
4522 157
4523 174
4524 190
4525 174
4526 204
4527 187
4528 208
4529 282
4530 174
4531 149
4532 211
4533 178
4534 203
4535 0
4536 174
4537 206
4538 190
4539 194
4540 164
4541 114
4542 172
4543 242
4544 211
4545 152
4546 206
4547 195
4548 182
4549 152
4550 0
4551 150
4552 178
4553 204
4554 171
4555 144
4556 187
4557 242
4558 198
4559 215
4560 151
4561 182
4562 192
4563 190
4564 124
4565 169
4566 165
4567 240
4568 223
4569 117
4570 206
4571 198
4572 250
4573 192
4574 171
4575 200
4576 179
4577 170
4578 226
4579 203
4580 161
4581 156
4582 196
4583 248
4584 191
4585 192
4586 163
4587 241
4588 245
4589 177
4590 169
4591 193
4592 187
4593 201
4594 200
4595 259
4596 163
4597 193
4598 168
4599 165
4600 197
4601 45
4602 234
4603 210
4604 97
4605 188
4606 164
4607 217
4608 203
4609 167
4610 239
4611 152
4612 205
4613 195
4614 233
4615 211
4616 123
4617 193
4618 164
4619 155
4620 183
4621 200
4622 204
4623 192
4624 191
4625 126
4626 110
4627 166
4628 200
4629 208
4630 166
4631 231
4632 96
4633 225
4634 196
4635 138
4636 221
4637 145
4638 183
4639 232
4640 172
4641 127
4642 285
4643 206
4644 211
4645 170
4646 208
4647 225
4648 226
4649 188
4650 146
4651 153
4652 163
4653 208
4654 196
4655 154
4656 187
4657 150
4658 192
4659 301
4660 183
4661 81
4662 163
4663 195
4664 194
4665 154
4666 164
4667 179
4668 206
4669 175
4670 222
4671 159
4672 270
4673 120
4674 154
4675 261
4676 100
4677 194
4678 0
4679 139
4680 161
4681 208
4682 205
4683 145
4684 242
4685 175
4686 195
4687 148
4688 161
4689 250
4690 239
4691 166
4692 192
4693 204
4694 230
4695 243
4696 173
4697 149
4698 207
4699 169
4700 198
4701 179
4702 202
4703 236
4704 156
4705 199
4706 169
4707 179
4708 136
4709 180
4710 199
4711 172
4712 124
4713 197
4714 192
4715 241
4716 0
4717 216
4718 160
4719 263
4720 236
4721 160
4722 201
4723 91
4724 183
4725 217
4726 236
4727 246
4728 143
4729 191
4730 189
4731 162
4732 164
4733 0
4734 168
4735 169
4736 164
4737 221
4738 179
4739 192
4740 214
4741 262
4742 151
4743 180
4744 185
4745 228
4746 187
4747 164
4748 165
4749 218
4750 96
4751 160
4752 221
4753 177
4754 171
4755 146
4756 193
4757 117
4758 174
4759 224
4760 80
4761 146
4762 153
4763 166
4764 213
4765 196
4766 192
4767 197
4768 166
4769 139
4770 126
4771 190
4772 232
4773 241
4774 218
4775 220
4776 166
4777 289
4778 173
4779 229
4780 181
4781 181
4782 206
4783 170
4784 180
4785 265
4786 0
4787 194
4788 175
4789 199
4790 269
4791 208
4792 121
4793 160
4794 221
4795 203
4796 167
4797 159
4798 244
4799 207
4800 188
4801 0
4802 193
4803 248
4804 145
4805 183
4806 305
4807 235
4808 199
4809 160
4810 192
4811 200
4812 178
4813 161
4814 158
4815 220
4816 182
4817 258
4818 196
4819 169
4820 185
4821 166
4822 186
4823 131
4824 209
4825 149
4826 161
4827 229
4828 131
4829 158
4830 161
4831 113
4832 188
4833 138
4834 187
4835 188
4836 181
4837 168
4838 214
4839 190
4840 161
4841 188
4842 181
4843 263
4844 182
4845 228
4846 119
4847 233
4848 187
4849 198
4850 190
4851 175
4852 179
4853 172
4854 191
4855 135
4856 281
4857 163
4858 229
4859 196
4860 210
4861 103
4862 203
4863 180
4864 268
4865 169
4866 200
4867 166
4868 218
4869 224
4870 170
4871 187
4872 195
4873 215
4874 188
4875 215
4876 200
4877 166
4878 258
4879 197
4880 215
4881 157
4882 160
4883 183
4884 211
4885 175
4886 214
4887 168
4888 193
4889 199
4890 0
4891 257
4892 119
4893 197
4894 189
4895 143
4896 199
4897 171
4898 149
4899 239
4900 229
4901 187
4902 202
4903 169
4904 114
4905 221
4906 160
4907 222
4908 136
4909 176
4910 182
4911 158
4912 151
4913 211
4914 173
4915 170
4916 190
4917 190
4918 185
4919 241
4920 99
4921 184
4922 142
4923 150
4924 216
4925 185
4926 156
4927 152
4928 180
4929 176
4930 205
4931 189
4932 166
4933 198
4934 192
4935 122
4936 192
4937 192
4938 206
4939 215
4940 187
4941 210
4942 174
4943 226
4944 166
4945 149
4946 163
4947 156
4948 194
4949 173
4950 269
4951 199
4952 0
4953 149
4954 167
4955 197
4956 165
4957 132
4958 270
4959 213
4960 178
4961 143
4962 263
4963 209
4964 219
4965 233
4966 196
4967 225
4968 220
4969 185
4970 180
4971 181
4972 192
4973 152
4974 223
4975 236
4976 178
4977 169
4978 181
4979 242
4980 218
4981 194
4982 123
4983 196
4984 191
4985 181
4986 208
4987 202
4988 141
4989 205
4990 235
4991 47
4992 185
4993 45
4994 177
4995 134
4996 193
4997 187
4998 181
4999 0
5000 210
5001 131
5002 216
5003 199
5004 193
5005 187
5006 172
5007 212
5008 183
5009 154
5010 169
5011 144
5012 186
5013 246
5014 191
5015 224
5016 186
5017 174
5018 210
5019 198
5020 118
5021 156
5022 164
5023 185
5024 261
5025 171
5026 173
5027 263
5028 194
5029 154
5030 186
5031 195
5032 139
5033 147
5034 211
5035 169
5036 175
5037 204
5038 118
5039 207
5040 214
5041 208
5042 217
5043 183
5044 164
5045 226
5046 217
5047 210
5048 152
5049 146
5050 197
5051 268
5052 192
5053 165
5054 203
5055 133
5056 187
5057 137
5058 165
5059 115
5060 151
5061 169
5062 208
5063 182
5064 210
5065 186
5066 199
5067 170
5068 195
5069 186
5070 185
5071 172
5072 277
5073 220
5074 179
5075 154
5076 165
5077 210
5078 178
5079 166
5080 178
5081 153
5082 205
5083 213
5084 231
5085 227
5086 231
5087 132
5088 177
5089 243
5090 170
5091 150
5092 178
5093 121
5094 146
5095 191
5096 249
5097 176
5098 193
5099 169
5100 205
5101 124
5102 198
5103 186
5104 189
5105 204
5106 176
5107 278
5108 251
5109 61
5110 199
5111 166
5112 198
5113 212
5114 186
5115 198
5116 242
5117 194
5118 210
5119 164
5120 194
5121 117
5122 201
5123 148
5124 246
5125 192
5126 212
5127 205
5128 116
5129 168
5130 194
5131 268
5132 159
5133 165
5134 202
5135 156
5136 204
5137 185
5138 174
5139 154
5140 128
5141 148
5142 197
5143 208
5144 210
5145 239
5146 201
5147 205
5148 205
5149 226
5150 207
5151 222
5152 142
5153 298
5154 142
5155 235
5156 189
5157 177
5158 227
5159 175
5160 0
5161 141
5162 193
5163 240
5164 202
5165 147
5166 182
5167 193
5168 197
5169 225
5170 203
5171 209
5172 239
5173 192
5174 157
5175 250
5176 209
5177 186
5178 241
5179 223
5180 150
5181 159
5182 142
5183 197
5184 262
5185 135
5186 187
5187 113
5188 189
5189 192
5190 132
5191 257
5192 214
5193 242
5194 167
5195 34
5196 200
5197 165
5198 126
5199 193
5200 155
5201 191
5202 78
5203 120
5204 201
5205 188
5206 221
5207 224
5208 171
5209 0
5210 129
5211 192
5212 217
5213 163
5214 192
5215 185
5216 162
5217 141
5218 171
5219 128
5220 206
5221 187
5222 196
5223 192
5224 194
5225 128
5226 175
5227 215
5228 174
5229 137
5230 165
5231 125
5232 204
5233 200
5234 154
5235 200
5236 191
5237 160
5238 147
5239 229
5240 234
5241 196
5242 184
5243 186
5244 185
5245 190
5246 132
5247 159
5248 207
5249 145
5250 153
5251 200
5252 200
5253 218
5254 163
5255 168
5256 169
5257 104
5258 224
5259 158
5260 239
5261 167
5262 205
5263 126
5264 186
5265 221
5266 182
5267 235
5268 234
5269 199
5270 202
5271 207
5272 251
5273 166
5274 150
5275 163
5276 169
5277 178
5278 174
5279 202
5280 147
5281 187
5282 129
5283 229
5284 166
5285 167
5286 138
5287 149
5288 209
5289 210
5290 189
5291 194
5292 129
5293 219
5294 208
5295 125
5296 224
5297 195
5298 178
5299 234
5300 189
5301 184
5302 182
5303 160
5304 200
5305 132
5306 217
5307 205
5308 243
5309 227
5310 199
5311 145
5312 156
5313 147
5314 223
5315 181
5316 185
5317 194
5318 242
5319 195
5320 225
5321 199
5322 125
5323 164
5324 203
5325 198
5326 182
5327 158
5328 147
5329 73
5330 123
5331 235
5332 221
5333 167
5334 184
5335 166
5336 211
5337 230
5338 193
5339 235
5340 202
5341 221
5342 154
5343 241
5344 156
5345 224
5346 156
5347 194
5348 221
5349 101
5350 164
5351 187
5352 109
5353 193
5354 107
5355 0
5356 225
5357 196
5358 186
5359 155
5360 244
5361 194
5362 228
5363 178
5364 146
5365 201
5366 218
5367 157
5368 168
5369 179
5370 284
5371 174
5372 181
5373 162
5374 180
5375 156
5376 198
5377 239
5378 169
5379 165
5380 177
5381 168
5382 206
5383 184
5384 226
5385 188
5386 185
5387 204
5388 208
5389 143
5390 191
5391 198
5392 171
5393 212
5394 166
5395 300
5396 127
5397 141
5398 179
5399 239
5400 131
5401 138
5402 174
5403 159
5404 200
5405 173
5406 174
5407 188
5408 169
5409 137
5410 195
5411 162
5412 87
5413 145
5414 209
5415 214
5416 199
5417 204
5418 178
5419 241
5420 204
5421 211
5422 172
5423 239
5424 62
5425 200
5426 217
5427 219
5428 183
5429 234
5430 150
5431 168
5432 194
5433 177
5434 176
5435 156
5436 183
5437 154
5438 141
5439 173
5440 230
5441 202
5442 176
5443 185
5444 173
5445 152
5446 224
5447 202
5448 184
5449 117
5450 193
5451 138
5452 245
5453 186
5454 179
5455 208
5456 176
5457 0
5458 166
5459 261
5460 161
5461 194
5462 135
5463 203
5464 157
5465 265
5466 207
5467 190
5468 247
5469 233
5470 227
5471 174
5472 163
5473 166
5474 223
5475 63
5476 276
5477 191
5478 206
5479 215
5480 127
5481 202
5482 207
5483 184
5484 188
5485 218
5486 123
5487 231
5488 154
5489 171
5490 176
5491 251
5492 208
5493 224
5494 245
5495 181
5496 233
5497 212
5498 95
5499 154
5500 163
5501 97
5502 219
5503 171
5504 174
5505 154
5506 208
5507 296
5508 0
5509 185
5510 187
5511 202
5512 132
5513 149
5514 117
5515 177
5516 126
5517 146
5518 188
5519 169
5520 199
5521 146
5522 200
5523 93
5524 202
5525 209
5526 184
5527 239
5528 160
5529 198
5530 167
5531 208
5532 189
5533 176
5534 191
5535 245
5536 158
5537 144
5538 179
5539 209
5540 185
5541 210
5542 182
5543 165
5544 133
5545 224
5546 142
5547 168
5548 229
5549 225
5550 164
5551 154
5552 62
5553 147
5554 154
5555 175
5556 196
5557 375
5558 228
5559 242
5560 162
5561 176
5562 176
5563 220
5564 243
5565 195
5566 249
5567 203
5568 179
5569 200
5570 131
5571 222
5572 44
5573 189
5574 198
5575 238
5576 172
5577 179
5578 157
5579 171
5580 194
5581 220
5582 172
5583 198
5584 241
5585 238
5586 147
5587 123
5588 217
5589 178
5590 215
5591 203
5592 202
5593 145
5594 214
5595 68
5596 145
5597 176
5598 220
5599 205
5600 225
5601 212
5602 213
5603 169
5604 274
5605 155
5606 164
5607 191
5608 171
5609 233
5610 116
5611 130
5612 188
5613 167
5614 157
5615 216
5616 236
5617 138
5618 234
5619 283
5620 223
5621 191
5622 194
5623 181
5624 173
5625 185
5626 114
5627 189
5628 181
5629 170
5630 162
5631 147
5632 208
5633 184
5634 189
5635 242
5636 186
5637 144
5638 194
5639 183
5640 174
5641 177
5642 156
5643 105
5644 155
5645 151
5646 164
5647 150
5648 183
5649 233
5650 109
5651 179
5652 164
5653 164
5654 199
5655 231
5656 197
5657 180
5658 117
5659 182
5660 194
5661 190
5662 158
5663 170
5664 207
5665 121
5666 200
5667 186
5668 243
5669 186
5670 209
5671 80
5672 105
5673 140
5674 188
5675 216
5676 196
5677 178
5678 114
5679 183
5680 189
5681 188
5682 250
5683 174
5684 64
5685 193
5686 163
5687 263
5688 151
5689 267
5690 198
5691 137
5692 181
5693 201
5694 195
5695 242
5696 205
5697 191
5698 205
5699 203
5700 194
5701 171
5702 199
5703 207
5704 187
5705 197
5706 209
5707 213
5708 170
5709 165
5710 174
5711 209
5712 197
5713 154
5714 88
5715 257
5716 202
5717 176
5718 177
5719 215
5720 202
5721 210
5722 145
5723 177
5724 104
5725 189
5726 180
5727 178
5728 164
5729 175
5730 209
5731 169
5732 190
5733 220
5734 156
5735 151
5736 189
5737 295
5738 115
5739 198
5740 166
5741 183
5742 222
5743 234
5744 200
5745 97
5746 200
5747 221
5748 223
5749 189
5750 184
5751 210
5752 193
5753 181
5754 193
5755 185
5756 160
5757 177
5758 171
5759 141
5760 215
5761 201
5762 180
5763 281
5764 128
5765 172
5766 182
5767 158
5768 224
5769 187
5770 159
5771 220
5772 103
5773 181
5774 162
5775 0
5776 188
5777 163
5778 194
5779 197
5780 138
5781 221
5782 223
5783 117
5784 177
5785 219
5786 165
5787 253
5788 163
5789 198
5790 163
5791 277
5792 192
5793 173
5794 83
5795 150
5796 131
5797 206
5798 138
5799 89
5800 199
5801 200
5802 178
5803 162
5804 188
5805 155
5806 137
5807 193
5808 173
5809 203
5810 158
5811 226
5812 195
5813 189
5814 199
5815 172
5816 233
5817 168
5818 157
5819 171
5820 189
5821 172
5822 205
5823 167
5824 213
5825 118
5826 203
5827 155
5828 138
5829 98
5830 149
5831 220
5832 145
5833 175
5834 168
5835 228
5836 186
5837 150
5838 212
5839 216
5840 209
5841 204
5842 166
5843 176
5844 149
5845 142
5846 167
5847 194
5848 180
5849 205
5850 190
5851 203
5852 204
5853 200
5854 221
5855 123
5856 138
5857 221
5858 0
5859 191
5860 126
5861 201
5862 168
5863 160
5864 156
5865 69
5866 159
5867 269
5868 103
5869 186
5870 167
5871 174
5872 148
5873 161
5874 205
5875 175
5876 277
5877 203
5878 145
5879 187
5880 221
5881 152
5882 219
5883 216
5884 107
5885 194
5886 204
5887 208
5888 171
5889 203
5890 184
5891 242
5892 214
5893 218
5894 204
5895 170
5896 199
5897 278
5898 237
5899 184
5900 172
5901 199
5902 209
5903 182
5904 187
5905 139
5906 194
5907 227
5908 146
5909 168
5910 180
5911 190
5912 181
5913 198
5914 137
5915 261
5916 218
5917 186
5918 202
5919 279
5920 214
5921 193
5922 178
5923 191
5924 113
5925 195
5926 214
5927 223
5928 219
5929 0
5930 152
5931 152
5932 182
5933 199
5934 122
5935 282
5936 198
5937 217
5938 157
5939 142
5940 235
5941 208
5942 225
5943 120
5944 175
5945 239
5946 151
5947 181
5948 188
5949 159
5950 229
5951 171
5952 224
5953 255
5954 223
5955 235
5956 175
5957 191
5958 157
5959 193
5960 234
5961 264
5962 196
5963 208
5964 161
5965 290
5966 147
5967 177
5968 198
5969 134
5970 218
5971 228
5972 144
5973 137
5974 241
5975 157
5976 266
5977 193
5978 260
5979 187
5980 218
5981 225
5982 162
5983 213
5984 136
5985 119
5986 170
5987 196
5988 164
5989 143
5990 268
5991 184
5992 183
5993 203
5994 191
5995 197
5996 190
5997 159
5998 207
5999 156
6000 191
6001 165
6002 0
6003 215
6004 187
6005 201
6006 138
6007 164
6008 169
6009 189
6010 152
6011 161
6012 190
6013 184
6014 144
6015 171
6016 162
6017 209
6018 223
6019 165
6020 162
6021 377
6022 169
6023 186
6024 180
6025 148
6026 192
6027 175
6028 230
6029 132
6030 187
6031 170
6032 157
6033 224
6034 185
6035 262
6036 252
6037 143
6038 134
6039 186
6040 185
6041 240
6042 186
6043 210
6044 178
6045 153
6046 195
6047 163
6048 167
6049 185
6050 199
6051 201
6052 155
6053 200
6054 197
6055 228
6056 191
6057 229
6058 153
6059 216
6060 121
6061 246
6062 197
6063 124
6064 195
6065 185
6066 190
6067 211
6068 224
6069 196
6070 239
6071 206
6072 231
6073 218
6074 222
6075 173
6076 153
6077 169
6078 167
6079 209
6080 206
6081 191
6082 248
6083 179
6084 134
6085 184
6086 139
6087 191
6088 207
6089 148
6090 164
6091 161
6092 190
6093 165
6094 164
6095 114
6096 181
6097 180
6098 174
6099 154
6100 155
6101 188
6102 181
6103 185
6104 121
6105 195
6106 237
6107 205
6108 126
6109 195
6110 223
6111 197
6112 205
6113 160
6114 210
6115 190
6116 142
6117 180
6118 89
6119 176
6120 251
6121 221
6122 165
6123 188
6124 163
6125 173
6126 132
6127 168
6128 202
6129 180
6130 170
6131 160
6132 178
6133 274
6134 194
6135 153
6136 216
6137 156
6138 166
6139 175
6140 166
6141 179
6142 160
6143 217
6144 210
6145 177
6146 39
6147 267
6148 151
6149 153
6150 152
6151 188
6152 185
6153 206
6154 191
6155 202
6156 329
6157 202
6158 192
6159 185
6160 213
6161 185
6162 221
6163 238
6164 218
6165 180
6166 204
6167 207
6168 180
6169 187
6170 174
6171 123
6172 223
6173 230
6174 233
6175 198
6176 236
6177 179
6178 165
6179 184
6180 190
6181 245
6182 192
6183 135
6184 238
6185 193
6186 236
6187 178
6188 202
6189 114
6190 242
6191 188
6192 196
6193 176
6194 171
6195 149
6196 219
6197 218
6198 239
6199 170
6200 167
6201 187
6202 297
6203 201
6204 136
6205 275
6206 111
6207 187
6208 182
6209 233
6210 176
6211 204
6212 223
6213 214
6214 177
6215 210
6216 178
6217 161
6218 189
6219 195
6220 151
6221 173
6222 209
6223 160
6224 142
6225 248
6226 195
6227 277
6228 196
6229 170
6230 194
6231 172
6232 171
6233 212
6234 140
6235 258
6236 179
6237 165
6238 150
6239 164
6240 106
6241 234
6242 231
6243 110
6244 165
6245 206
6246 168
6247 141
6248 243
6249 149
6250 216
6251 157
6252 250
6253 200
6254 200
6255 187
6256 191
6257 101
6258 120
6259 237
6260 174
6261 134
6262 146
6263 144
6264 124
6265 177
6266 122
6267 197
6268 198
6269 139
6270 251
6271 184
6272 218
6273 180
6274 250
6275 231
6276 103
6277 206
6278 215
6279 147
6280 151
6281 190
6282 195
6283 157
6284 162
6285 178
6286 178
6287 147
6288 183
6289 253
6290 183
6291 197
6292 199
6293 198
6294 180
6295 220
6296 164
6297 159
6298 217
6299 165
6300 141
6301 193
6302 168
6303 163
6304 254
6305 165
6306 226
6307 225
6308 119
6309 176
6310 186
6311 189
6312 199
6313 166
6314 148
6315 226
6316 179
6317 245
6318 165
6319 207
6320 170
6321 188
6322 133
6323 201
6324 228
6325 220
6326 118
6327 0
6328 240
6329 186
6330 184
6331 172
6332 205
6333 243
6334 167
6335 199
6336 205
6337 188
6338 206
6339 155
6340 201
6341 113
6342 163
6343 183
6344 160
6345 204
6346 272
6347 142
6348 200
6349 148
6350 184
6351 180
6352 157
6353 161
6354 190
6355 151
6356 142
6357 176
6358 101
6359 196
6360 180
6361 191
6362 207
6363 188
6364 192
6365 197
6366 168
6367 186
6368 169
6369 214
6370 187
6371 189
6372 214
6373 216
6374 146
6375 209
6376 200
6377 197
6378 140
6379 179
6380 138
6381 168
6382 212
6383 175
6384 0
6385 234
6386 200
6387 178
6388 201
6389 179
6390 142
6391 167
6392 176
6393 130
6394 249
6395 172
6396 168
6397 195
6398 0
6399 197
6400 188
6401 173
6402 143
6403 119
6404 205
6405 204
6406 185
6407 160
6408 169
6409 198
6410 122
6411 136
6412 207
6413 140
6414 251
6415 202
6416 193
6417 178
6418 172
6419 219
6420 188
6421 165
6422 167
6423 154
6424 219
6425 328
6426 176
6427 159
6428 191
6429 217
6430 156
6431 180
6432 225
6433 172
6434 211
6435 211
6436 218
6437 172
6438 211
6439 159
6440 230
6441 210
6442 208
6443 200
6444 165
6445 137
6446 242
6447 204
6448 152
6449 186
6450 163
6451 151
6452 198
6453 137
6454 0
6455 112
6456 176
6457 216
6458 222
6459 166
6460 158
6461 176
6462 177
6463 192
6464 125
6465 159
6466 174
6467 216
6468 202
6469 292
6470 195
6471 159
6472 139
6473 151
6474 103
6475 171
6476 214
6477 162
6478 177
6479 166
6480 189
6481 169
6482 187
6483 212
6484 284
6485 195
6486 147
6487 142
6488 175
6489 149
6490 159
6491 167
6492 182
6493 204
6494 181
6495 159
6496 214
6497 247
6498 223
6499 164
6500 202
6501 191
6502 195
6503 221
6504 163
6505 237
6506 264
6507 259
6508 153
6509 231
6510 234
6511 166
6512 219
6513 223
6514 205
6515 212
6516 142
6517 170
6518 178
6519 208
6520 173
6521 186
6522 193
6523 146
6524 121
6525 231
6526 229
6527 188
6528 191
6529 145
6530 142
6531 141
6532 231
6533 140
6534 160
6535 149
6536 215
6537 143
6538 178
6539 173
6540 198
6541 144
6542 61
6543 178
6544 128
6545 212
6546 155
6547 200
6548 167
6549 193
6550 176
6551 184
6552 230
6553 116
6554 226
6555 164
6556 185
6557 144
6558 198
6559 193
6560 245
6561 183
6562 172
6563 125
6564 160
6565 155
6566 196
6567 251
6568 117
6569 206
6570 104
6571 171
6572 184
6573 187
6574 138
6575 155
6576 161
6577 194
6578 156
6579 195
6580 165
6581 93
6582 155
6583 183
6584 222
6585 127
6586 210
6587 228
6588 201
6589 158
6590 179
6591 132
6592 204
6593 176
6594 153
6595 176
6596 147
6597 194
6598 124
6599 190
6600 206
6601 195
6602 144
6603 177
6604 169
6605 173
6606 165
6607 227
6608 209
6609 206
6610 182
6611 130
6612 216
6613 184
6614 183
6615 177
6616 155
6617 190
6618 180
6619 178
6620 185
6621 188
6622 211
6623 257
6624 175
6625 183
6626 163
6627 237
6628 219
6629 163
6630 212
6631 173
6632 188
6633 220
6634 179
6635 195
6636 191
6637 176
6638 198
6639 197
6640 192
6641 230
6642 212
6643 174
6644 188
6645 230
6646 179
6647 141
6648 164
6649 254
6650 167
6651 234
6652 211
6653 142
6654 157
6655 167
6656 119
6657 166
6658 196
6659 212
6660 125
6661 287
6662 196
6663 272
6664 186
6665 163
6666 189
6667 216
6668 178
6669 197
6670 229
6671 192
6672 134
6673 162
6674 229
6675 207
6676 259
6677 190
6678 199
6679 204
6680 175
6681 129
6682 155
6683 166
6684 165
6685 213
6686 190
6687 130
6688 162
6689 163
6690 246
6691 166
6692 202
6693 208
6694 191
6695 146
6696 146
6697 262
6698 174
6699 167
6700 139
6701 148
6702 202
6703 169
6704 165
6705 158
6706 193
6707 163
6708 226
6709 182
6710 173
6711 226
6712 200
6713 207
6714 156
6715 195
6716 177
6717 160
6718 219
6719 190
6720 161
6721 231
6722 218
6723 212
6724 166
6725 201
6726 191
6727 232
6728 235
6729 220
6730 197
6731 199
6732 200
6733 156
6734 0
6735 183
6736 251
6737 180
6738 268
6739 209
6740 232
6741 233
6742 133
6743 234
6744 181
6745 166
6746 207
6747 202
6748 126
6749 199
6750 161
6751 158
6752 147
6753 180
6754 107
6755 173
6756 195
6757 165
6758 194
6759 203
6760 146
6761 256
6762 180
6763 180
6764 137
6765 158
6766 215
6767 211
6768 209
6769 182
6770 160
6771 158
6772 151
6773 213
6774 183
6775 161
6776 205
6777 204
6778 188
6779 150
6780 140
6781 154
6782 157
6783 220
6784 142
6785 184
6786 220
6787 150
6788 182
6789 130
6790 174
6791 176
6792 103
6793 161
6794 163
6795 210
6796 175
6797 225
6798 194
6799 136
6800 262
6801 181
6802 186
6803 195
6804 185
6805 185
6806 228
6807 168
6808 174
6809 201
6810 208
6811 152
6812 209
6813 207
6814 187
6815 157
6816 225
6817 252
6818 168
6819 241
6820 200
6821 177
6822 198
6823 157
6824 215
6825 212
6826 154
6827 169
6828 212
6829 257
6830 156
6831 173
6832 251
6833 193
6834 142
6835 182
6836 195
6837 113
6838 178
6839 146
6840 185
6841 177
6842 122
6843 185
6844 192
6845 161
6846 234
6847 148
6848 214
6849 189
6850 199
6851 246
6852 211
6853 167
6854 168
6855 242
6856 223
6857 243
6858 173
6859 169
6860 151
6861 181
6862 243
6863 159
6864 229
6865 151
6866 215
6867 162
6868 175
6869 149
6870 188
6871 184
6872 200
6873 172
6874 190
6875 186
6876 199
6877 189
6878 208
6879 212
6880 194
6881 188
6882 146
6883 202
6884 254
6885 146
6886 181
6887 193
6888 161
6889 247
6890 193
6891 95
6892 171
6893 156
6894 184
6895 330
6896 146
6897 187
6898 188
6899 160
6900 194
6901 256
6902 146
6903 198
6904 182
6905 194
6906 171
6907 160
6908 144
6909 285
6910 219
6911 218
6912 178
6913 192
6914 210
6915 168
6916 215
6917 207
6918 224
6919 235
6920 164
6921 210
6922 170
6923 144
6924 184
6925 177
6926 205
6927 204
6928 186
6929 144
6930 192
6931 167
6932 192
6933 180
6934 134
6935 165
6936 201
6937 188
6938 201
6939 184
6940 232
6941 227
6942 249
6943 166
6944 178
6945 189
6946 147
6947 203
6948 149
6949 159
6950 150
6951 164
6952 198
6953 121
6954 144
6955 208
6956 105
6957 177
6958 230
6959 199
6960 182
6961 161
6962 197
6963 141
6964 173
6965 196
6966 185
6967 179
6968 180
6969 199
6970 217
6971 151
6972 175
6973 208
6974 175
6975 229
6976 190
6977 178
6978 161
6979 190
6980 179
6981 234
6982 200
6983 145
6984 204
6985 250
6986 174
6987 154
6988 197
6989 228
6990 108
6991 173
6992 181
6993 145
6994 218
6995 200
6996 157
6997 167
6998 217
6999 170
7000 154
7001 207
7002 192
7003 180
7004 218
7005 165
7006 223
7007 187
7008 170
7009 229
7010 172
7011 123
7012 241
7013 186
7014 168
7015 79
7016 125
7017 180
7018 177
7019 159
7020 244
7021 188
7022 174
7023 208
7024 121
7025 210
7026 172
7027 183
7028 243
7029 214
7030 179
7031 172
7032 176
7033 130
7034 261
7035 220
7036 192
7037 125
7038 190
7039 94
7040 193
7041 205
7042 140
7043 241
7044 169
7045 154
7046 194
7047 162
7048 185
7049 155
7050 146
7051 177
7052 181
7053 204
7054 214
7055 176
7056 141
7057 154
7058 196
7059 141
7060 289
7061 60
7062 204
7063 190
7064 237
7065 194
7066 197
7067 164
7068 258
7069 201
7070 152
7071 174
7072 187
7073 195
7074 186
7075 182
7076 191
7077 152
7078 180
7079 175
7080 198
7081 132
7082 184
7083 183
7084 211
7085 183
7086 230
7087 161
7088 200
7089 194
7090 156
7091 209
7092 182
7093 0
7094 230
7095 191
7096 171
7097 193
7098 181
7099 180
7100 236
7101 169
7102 157
7103 200
7104 186
7105 206
7106 157
7107 149
7108 217
7109 158
7110 175
7111 161
7112 196
7113 193
7114 150
7115 183
7116 218
7117 141
7118 138
7119 182
7120 160
7121 122
7122 241
7123 183
7124 141
7125 148
7126 175
7127 198
7128 139
7129 199
7130 167
7131 166
7132 126
7133 212
7134 171
7135 155
7136 114
7137 226
7138 184
7139 150
7140 163
7141 226
7142 230
7143 185
7144 182
7145 136
7146 183
7147 190
7148 214
7149 176
7150 169
7151 204
7152 238
7153 241
7154 147
7155 226
7156 197
7157 178
7158 124
7159 210
7160 220
7161 195
7162 221
7163 225
7164 197
7165 144
7166 239
7167 164
7168 214
7169 161
7170 214
7171 202
7172 160
7173 131
7174 222
7175 192
7176 100
7177 172
7178 237
7179 145
7180 189
7181 237
7182 254
7183 220
7184 168
7185 209
7186 179
7187 152
7188 198
7189 142
7190 165
7191 213
7192 149
7193 237
7194 213
7195 166
7196 222
7197 168
7198 123
7199 181
7200 149
7201 214
7202 146
7203 200
7204 199
7205 208
7206 242
7207 174
7208 217
7209 187
7210 161
7211 206
7212 241
7213 275
7214 229
7215 199
7216 146
7217 206
7218 170
7219 176
7220 238
7221 150
7222 250
7223 174
7224 185
7225 145
7226 176
7227 166
7228 148
7229 230
7230 198
7231 195
7232 216
7233 261
7234 160
7235 166
7236 0
7237 231
7238 102
7239 230
7240 207
7241 115
7242 224
7243 130
7244 175
7245 219
7246 140
7247 160
7248 261
7249 205
7250 181
7251 175
7252 245
7253 129
7254 229
7255 175
7256 201
7257 144
7258 243
7259 202
7260 188
7261 153
7262 171
7263 185
7264 207
7265 164
7266 158
7267 276
7268 206
7269 313
7270 323
7271 194
7272 172
7273 231
7274 170
7275 198
7276 220
7277 211
7278 161
7279 183
7280 152
7281 191
7282 194
7283 202
7284 165
7285 232
7286 212
7287 173
7288 230
7289 241
7290 144
7291 213
7292 182
7293 177
7294 191
7295 118
7296 177
7297 209
7298 240
7299 194
7300 171
7301 188
7302 192
7303 98
7304 190
7305 173
7306 222
7307 205
7308 192
7309 215
7310 234
7311 165
7312 165
7313 168
7314 213
7315 148
7316 186
7317 133
7318 188
7319 126
7320 264
7321 174
7322 183
7323 185
7324 164
7325 181
7326 182
7327 189
7328 216
7329 205
7330 191
7331 194
7332 242
7333 122
7334 153
7335 190
7336 119
7337 208
7338 138
7339 205
7340 164
7341 207
7342 231
7343 170
7344 273
7345 204
7346 188
7347 152
7348 151
7349 158
7350 193
7351 170
7352 284
7353 234
7354 195
7355 203
7356 311
7357 91
7358 227
7359 174
7360 139
7361 142
7362 205
7363 196
7364 163
7365 222
7366 164
7367 205
7368 210
7369 187
7370 254
7371 210
7372 174
7373 161
7374 192
7375 134
7376 217
7377 153
7378 351
7379 237
7380 172
7381 193
7382 146
7383 175
7384 156
7385 181
7386 261
7387 190
7388 187
7389 209
7390 224
7391 199
7392 170
7393 175
7394 218
7395 217
7396 156
7397 126
7398 165
7399 182
7400 185
7401 201
7402 129
7403 191
7404 203
7405 190
7406 182
7407 202
7408 178
7409 193
7410 149
7411 133
7412 195
7413 188
7414 132
7415 140
7416 213
7417 171
7418 178
7419 168
7420 261
7421 168
7422 106
7423 201
7424 176
7425 198
7426 189
7427 192
7428 148
7429 188
7430 130
7431 254
7432 219
7433 193
7434 182
7435 162
7436 178
7437 168
7438 210
7439 207
7440 155
7441 185
7442 156
7443 243
7444 137
7445 144
7446 226
7447 144
7448 195
7449 262
7450 208
7451 209
7452 186
7453 183
7454 189
7455 180
7456 137
7457 258
7458 164
7459 221
7460 221
7461 173
7462 152
7463 186
7464 200
7465 201
7466 130
7467 169
7468 180
7469 215
7470 196
7471 190
7472 121
7473 168
7474 183
7475 178
7476 211
7477 88
7478 190
7479 179
7480 178
7481 218
7482 193
7483 157
7484 206
7485 110
7486 219
7487 190
7488 182
7489 184
7490 222
7491 178
7492 203
7493 165
7494 153
7495 177
7496 177
7497 231
7498 209
7499 201
7500 178
7501 249
7502 218
7503 191
7504 179
7505 202
7506 174
7507 172
7508 230
7509 225
7510 148
7511 206
7512 176
7513 219
7514 256
7515 221
7516 178
7517 169
7518 183
7519 212
7520 173
7521 167
7522 180
7523 220
7524 270
7525 147
7526 191
7527 129
7528 211
7529 199
7530 189
7531 185
7532 136
7533 198
7534 192
7535 114
7536 188
7537 189
7538 184
7539 233
7540 206
7541 201
7542 119
7543 188
7544 183
7545 205
7546 166
7547 219
7548 234
7549 229
7550 167
7551 213
7552 181
7553 223
7554 171
7555 231
7556 205
7557 253
7558 149
7559 184
7560 198
7561 197
7562 169
7563 151
7564 214
7565 131
7566 207
7567 154
7568 240
7569 128
7570 199
7571 214
7572 185
7573 231
7574 259
7575 178
7576 225
7577 171
7578 165
7579 220
7580 207
7581 191
7582 154
7583 216
7584 177
7585 237
7586 221
7587 190
7588 163
7589 267
7590 173
7591 142
7592 172
7593 182
7594 152
7595 206
7596 115
7597 209
7598 172
7599 197
7600 158
7601 164
7602 244
7603 107
7604 203
7605 133
7606 184
7607 200
7608 202
7609 187
7610 166
7611 193
7612 157
7613 166
7614 165
7615 168
7616 207
7617 174
7618 172
7619 167
7620 147
7621 170
7622 215
7623 162
7624 208
7625 192
7626 168
7627 169
7628 197
7629 119
7630 87
7631 159
7632 204
7633 225
7634 165
7635 214
7636 216
7637 192
7638 187
7639 168
7640 127
7641 149
7642 255
7643 164
7644 153
7645 168
7646 181
7647 165
7648 251
7649 188
7650 174
7651 257
7652 149
7653 172
7654 166
7655 168
7656 250
7657 220
7658 188
7659 155
7660 155
7661 241
7662 255
7663 145
7664 175
7665 167
7666 172
7667 199
7668 237
7669 187
7670 192
7671 188
7672 197
7673 158
7674 170
7675 217
7676 179
7677 140
7678 109
7679 160
7680 170
7681 284
7682 141
7683 170
7684 172
7685 160
7686 185
7687 175
7688 128
7689 182
7690 106
7691 217
7692 217
7693 250
7694 194
7695 176
7696 191
7697 212
7698 171
7699 155
7700 192
7701 206
7702 153
7703 155
7704 211
7705 173
7706 188
7707 192
7708 182
7709 170
7710 175
7711 217
7712 158
7713 172
7714 168
7715 190
7716 223
7717 257
7718 198
7719 170
7720 176
7721 163
7722 210
7723 149
7724 151
7725 238
7726 205
7727 242
7728 222
7729 239
7730 203
7731 165
7732 180
7733 219
7734 167
7735 129
7736 166
7737 213
7738 202
7739 271
7740 130
7741 225
7742 144
7743 185
7744 186
7745 162
7746 166
7747 158
7748 207
7749 0
7750 128
7751 184
7752 175
7753 165
7754 245
7755 179
7756 155
7757 178
7758 159
7759 152
7760 237
7761 173
7762 178
7763 241
7764 168
7765 165
7766 151
7767 203
7768 222
7769 230
7770 188
7771 143
7772 212
7773 186
7774 48
7775 136
7776 199
7777 175
7778 163
7779 154
7780 181
7781 214
7782 318
7783 169
7784 190
7785 202
7786 204
7787 211
7788 153
7789 206
7790 155
7791 147
7792 159
7793 115
7794 273
7795 219
7796 193
7797 162
7798 202
7799 158
7800 167
7801 164
7802 225
7803 223
7804 177
7805 191
7806 218
7807 175
7808 239
7809 208
7810 189
7811 161
7812 261
7813 167
7814 230
7815 180
7816 103
7817 211
7818 246
7819 150
7820 206
7821 132
7822 220
7823 242
7824 191
7825 151
7826 174
7827 176
7828 222
7829 154
7830 177
7831 179
7832 232
7833 130
7834 188
7835 232
7836 164
7837 157
7838 269
7839 151
7840 195
7841 138
7842 177
7843 154
7844 162
7845 203
7846 211
7847 196
7848 152
7849 184
7850 183
7851 108
7852 188
7853 167
7854 170
7855 177
7856 101
7857 232
7858 244
7859 201
7860 181
7861 173
7862 157
7863 200
7864 200
7865 231
7866 184
7867 168
7868 206
7869 240
7870 154
7871 200
7872 276
7873 188
7874 153
7875 137
7876 176
7877 168
7878 192
7879 187
7880 223
7881 170
7882 204
7883 135
7884 158
7885 164
7886 157
7887 147
7888 233
7889 179
7890 206
7891 165
7892 136
7893 211
7894 194
7895 184
7896 194
7897 150
7898 187
7899 161
7900 263
7901 65
7902 160
7903 193
7904 148
7905 161
7906 87
7907 179
7908 203
7909 207
7910 146
7911 187
7912 94
7913 121
7914 214
7915 159
7916 210
7917 211
7918 182
7919 186
7920 151
7921 187
7922 210
7923 192
7924 227
7925 209
7926 212
7927 203
7928 138
7929 200
7930 209
7931 195
7932 212
7933 136
7934 213
7935 179
7936 145
7937 142
7938 127
7939 190
7940 262
7941 234
7942 212
7943 230
7944 192
7945 229
7946 192
7947 204
7948 163
7949 142
7950 182
7951 162
7952 190
7953 141
7954 150
7955 156
7956 192
7957 127
7958 242
7959 172
7960 200
7961 197
7962 153
7963 186
7964 162
7965 179
7966 0
7967 239
7968 223
7969 126
7970 141
7971 197
7972 169
7973 209
7974 166
7975 248
7976 223
7977 96
7978 162
7979 245
7980 204
7981 266
7982 195
7983 216
7984 183
7985 188
7986 189
7987 120
7988 164
7989 68
7990 188
7991 159
7992 159
7993 200
7994 204
7995 225
7996 183
7997 170
7998 198
7999 134
8000 169
8001 214
8002 213
8003 162
8004 182
8005 128
8006 214
8007 232
8008 261
8009 194
8010 186
8011 177
8012 189
8013 195
8014 93
8015 0
8016 154
8017 206
8018 213
8019 217
8020 149
8021 222
8022 138
8023 184
8024 191
8025 275
8026 171
8027 242
8028 297
8029 204
8030 158
8031 176
8032 200
8033 182
8034 170
8035 190
8036 155
8037 165
8038 157
8039 209
8040 206
8041 178
8042 198
8043 177
8044 193
8045 194
8046 154
8047 152
8048 145
8049 172
8050 170
8051 183
8052 187
8053 144
8054 201
8055 215
8056 141
8057 195
8058 145
8059 186
8060 171
8061 295
8062 244
8063 162
8064 190
8065 179
8066 225
8067 192
8068 95
8069 179
8070 226
8071 182
8072 225
8073 125
8074 193
8075 177
8076 193
8077 195
8078 175
8079 204
8080 182
8081 155
8082 190
8083 243
8084 220
8085 144
8086 194
8087 170
8088 146
8089 130
8090 206
8091 206
8092 79
8093 154
8094 191
8095 133
8096 147
8097 164
8098 195
8099 199
8100 185
8101 172
8102 155
8103 185
8104 201
8105 210
8106 164
8107 141
8108 233
8109 258
8110 133
8111 162
8112 205
8113 155
8114 214
8115 230
8116 186
8117 210
8118 157
8119 221
8120 200
8121 244
8122 210
8123 176
8124 149
8125 182
8126 177
8127 225
8128 201
8129 145
8130 158
8131 225
8132 195
8133 212
8134 228
8135 179
8136 200
8137 188
8138 195
8139 137
8140 196
8141 81
8142 164
8143 95
8144 170
8145 150
8146 196
8147 200
8148 203
8149 150
8150 194
8151 213
8152 190
8153 172
8154 167
8155 103
8156 195
8157 186
8158 169
8159 123
8160 169
8161 233
8162 258
8163 161
8164 192
8165 204
8166 178
8167 247
8168 170
8169 209
8170 205
8171 166
8172 200
8173 164
8174 130
8175 239
8176 191
8177 220
8178 183
8179 170
8180 214
8181 187
8182 183
8183 200
8184 182
8185 163
8186 241
8187 202
8188 168
8189 135
8190 192
8191 189
8192 176
8193 0
8194 143
8195 191
8196 203
8197 152
8198 189
8199 174
8200 179
8201 192
8202 180
8203 219
8204 212
8205 260
8206 173
8207 214
8208 238
8209 209
8210 208
8211 161
8212 160
8213 211
8214 156
8215 141
8216 161
8217 177
8218 151
8219 236
8220 186
8221 209
8222 181
8223 200
8224 252
8225 171
8226 191
8227 228
8228 220
8229 131
8230 156
8231 190
8232 192
8233 178
8234 162
8235 158
8236 153
8237 198
8238 218
8239 214
8240 286
8241 160
8242 177
8243 196
8244 143
8245 226
8246 199
8247 173
8248 209
8249 181
8250 227
8251 188
8252 0
8253 210
8254 251
8255 159
8256 207
8257 150
8258 180
8259 147
8260 198
8261 163
8262 185
8263 187
8264 128
8265 212
8266 180
8267 178
8268 203
8269 182
8270 197
8271 146
8272 109
8273 168
8274 166
8275 196
8276 184
8277 145
8278 200
8279 221
8280 170
8281 187
8282 174
8283 199
8284 207
8285 202
8286 180
8287 150
8288 206
8289 178
8290 198
8291 184
8292 165
8293 201
8294 115
8295 190
8296 211
8297 188
8298 144
8299 103
8300 192
8301 203
8302 185
8303 215
8304 166
8305 112
8306 146
8307 185
8308 149
8309 222
8310 154
8311 218
8312 162
8313 206
8314 131
8315 205
8316 229
8317 129
8318 226
8319 200
8320 130
8321 142
8322 154
8323 129
8324 189
8325 204
8326 221
8327 197
8328 184
8329 185
8330 119
8331 171
8332 181
8333 249
8334 221
8335 289
8336 234
8337 207
8338 226
8339 110
8340 171
8341 175
8342 200
8343 128
8344 164
8345 190
8346 201
8347 231
8348 197
8349 187
8350 190
8351 207
8352 160
8353 231
8354 194
8355 208
8356 137
8357 119
8358 226
8359 227
8360 239
8361 211
8362 165
8363 0
8364 172
8365 216
8366 183
8367 166
8368 202
8369 205
8370 188
8371 170
8372 157
8373 148
8374 210
8375 193
8376 178
8377 226
8378 90
8379 140
8380 176
8381 165
8382 142
8383 232
8384 220
8385 180
8386 171
8387 120
8388 247
8389 175
8390 203
8391 213
8392 184
8393 129
8394 81
8395 209
8396 193
8397 210
8398 135
8399 215
