Vertices: 3200
Edges: 16000
Time: 0,821 ms
Iterations: 15927
Vertex Distance
0 0
1 147
2 145
3 135
4 146
5 109
6 230
7 161
8 94
9 197
10 61
11 186
12 147
13 168
14 182
15 117
16 161
17 134
18 111
19 177
20 147
21 128
22 81
23 153
24 140
25 154
26 138
27 110
28 143
29 131
30 149
31 175
32 147
33 78
34 149
35 97
36 141
37 249
38 141
39 86
40 61
41 136
42 148
43 112
44 105
45 143
46 161
47 163
48 139
49 238
50 96
51 161
52 133
53 132
54 194
55 93
56 117
57 120
58 137
59 159
60 134
61 128
62 176
63 146
64 227
65 93
66 178
67 107
68 138
69 125
70 66
71 102
72 122
73 216
74 81
75 119
76 85
77 171
78 125
79 203
80 126
81 131
82 192
83 154
84 148
85 83
86 130
87 137
88 156
89 153
90 0
91 176
92 139
93 167
94 90
95 144
96 147
97 136
98 162
99 84
100 115
101 226
102 143
103 159
104 125
105 116
106 162
107 157
108 154
109 40
110 114
111 143
112 170
113 135
114 139
115 167
116 136
117 146
118 50
119 116
120 157
121 155
122 102
123 110
124 186
125 169
126 145
127 120
128 160
129 154
130 165
131 176
132 179
133 119
134 108
135 145
136 123
137 0
138 145
139 206
140 99
141 140
142 86
143 196
144 128
145 118
146 161
147 74
148 196
149 115
150 105
151 180
152 160
153 175
154 114
155 84
156 140
157 118
158 168
159 158
160 110
161 181
162 143
163 148
164 197
165 143
166 146
167 122
168 165
169 151
170 106
171 104
172 141
173 106
174 131
175 99
176 117
177 128
178 203
179 133
180 127
181 167
182 128
183 156
184 119
185 109
186 168
187 179
188 130
189 143
190 144
191 143
192 171
193 150
194 130
195 168
196 132
197 139
198 109
199 182
200 140
201 137
202 153
203 113
204 142
205 127
206 146
207 143
208 98
209 173
210 128
211 129
212 143
213 154
214 137
215 169
216 188
217 132
218 79
219 112
220 114
221 0
222 142
223 151
224 136
225 152
226 144
227 154
228 136
229 141
230 82
231 144
232 178
233 191
234 129
235 157
236 159
237 139
238 96
239 170
240 166
241 108
242 123
243 97
244 128
245 151
246 104
247 135
248 198
249 154
250 172
251 182
252 130
253 89
254 139
255 147
256 229
257 85
258 99
259 154
260 111
261 116
262 151
263 99
264 159
265 187
266 159
267 124
268 138
269 65
270 136
271 127
272 183
273 93
274 117
275 114
276 101
277 114
278 139
279 156
280 154
281 174
282 127
283 213
284 149
285 246
286 141
287 124
288 141
289 117
290 147
291 126
292 139
293 177
294 92
295 145
296 156
297 190
298 149
299 140
300 210
301 89
302 136
303 170
304 112
305 147
306 124
307 55
308 109
309 173
310 106
311 159
312 148
313 102
314 150
315 140
316 157
317 171
318 119
319 170
320 181
321 206
322 140
323 168
324 208
325 93
326 170
327 70
328 102
329 177
330 112
331 149
332 141
333 162
334 196
335 173
336 128
337 133
338 169
339 158
340 157
341 181
342 97
343 165
344 151
345 86
346 92
347 124
348 158
349 83
350 186
351 163
352 70
353 99
354 110
355 122
356 157
357 224
358 113
359 147
360 175
361 138
362 171
363 150
364 152
365 153
366 207
367 130
368 157
369 181
370 78
371 101
372 84
373 157
374 194
375 82
376 91
377 140
378 120
379 128
380 129
381 91
382 132
383 84
384 41
385 150
386 124
387 69
388 138
389 147
390 98
391 81
392 207
393 201
394 138
395 94
396 139
397 168
398 95
399 92
400 150
401 137
402 158
403 126
404 182
405 100
406 138
407 143
408 110
409 149
410 189
411 228
412 131
413 90
414 105
415 162
416 90
417 142
418 126
419 155
420 119
421 150
422 167
423 50
424 137
425 165
426 131
427 158
428 120
429 120
430 196
431 100
432 182
433 104
434 148
435 106
436 133
437 130
438 144
439 119
440 77
441 139
442 85
443 245
444 123
445 138
446 77
447 138
448 169
449 143
450 186
451 149
452 149
453 160
454 144
455 89
456 142
457 131
458 185
459 128
460 182
461 148
462 166
463 167
464 230
465 138
466 106
467 100
468 139
469 127
470 82
471 82
472 124
473 61
474 154
475 97
476 116
477 163
478 109
479 116
480 118
481 148
482 178
483 125
484 186
485 78
486 143
487 138
488 207
489 137
490 157
491 163
492 126
493 56
494 152
495 148
496 107
497 213
498 152
499 86
500 150
501 116
502 149
503 103
504 209
505 126
506 92
507 136
508 108
509 181
510 123
511 83
512 109
513 145
514 104
515 101
516 134
517 144
518 158
519 125
520 129
521 85
522 148
523 102
524 94
525 159
526 103
527 59
528 169
529 111
530 127
531 117
532 177
533 179
534 162
535 175
536 36
537 151
538 132
539 183
540 88
541 168
542 141
543 132
544 138
545 122
546 124
547 126
548 196
549 200
550 139
551 177
552 130
553 130
554 140
555 106
556 94
557 120
558 142
559 88
560 138
561 151
562 124
563 191
564 121
565 64
566 191
567 137
568 102
569 118
570 126
571 190
572 105
573 112
574 168
575 166
576 83
577 204
578 89
579 117
580 133
581 149
582 140
583 0
584 150
585 158
586 105
587 140
588 119
589 140
590 140
591 119
592 145
593 162
594 146
595 130
596 60
597 92
598 119
599 114
600 169
601 140
602 157
603 167
604 148
605 154
606 165
607 140
608 100
609 228
610 133
611 60
612 99
613 111
614 131
615 142
616 154
617 181
618 152
619 85
620 138
621 169
622 136
623 137
624 165
625 129
626 126
627 171
628 134
629 80
630 129
631 95
632 147
633 137
634 150
635 149
636 112
637 145
638 141
639 90
640 92
641 121
642 130
643 128
644 68
645 176
646 212
647 133
648 121
649 126
650 156
651 198
652 207
653 74
654 121
655 171
656 133
657 144
658 192
659 99
660 107
661 125
662 161
663 120
664 158
665 144
666 109
667 144
668 56
669 123
670 123
671 115
672 135
673 111
674 102
675 162
676 90
677 151
678 138
679 186
680 141
681 80
682 112
683 95
684 138
685 143
686 149
687 94
688 183
689 172
690 128
691 76
692 131
693 200
694 108
695 154
696 128
697 190
698 161
699 150
700 157
701 113
702 124
703 157
704 145
705 209
706 109
707 164
708 157
709 130
710 118
711 136
712 162
713 83
714 157
715 132
716 191
717 100
718 170
719 160
720 126
721 127
722 118
723 123
724 99
725 157
726 105
727 126
728 152
729 106
730 146
731 157
732 113
733 135
734 114
735 137
736 144
737 97
738 136
739 102
740 98
741 188
742 157
743 137
744 184
745 198
746 130
747 188
748 159
749 129
750 138
751 0
752 109
753 142
754 143
755 160
756 167
757 139
758 104
759 147
760 131
761 94
762 205
763 156
764 120
765 136
766 106
767 173
768 99
769 138
770 151
771 104
772 170
773 228
774 174
775 129
776 142
777 127
778 159
779 174
780 129
781 131
782 198
783 136
784 133
785 158
786 133
787 85
788 147
789 93
790 155
791 88
792 136
793 130
794 116
795 155
796 272
797 130
798 211
799 129
800 112
801 159
802 210
803 153
804 93
805 181
806 136
807 109
808 119
809 111
810 133
811 116
812 98
813 119
814 85
815 109
816 132
817 126
818 226
819 159
820 175
821 156
822 133
823 158
824 159
825 175
826 158
827 169
828 126
829 116
830 102
831 204
832 198
833 128
834 130
835 134
836 93
837 137
838 226
839 108
840 136
841 190
842 167
843 151
844 160
845 166
846 154
847 181
848 129
849 151
850 115
851 84
852 177
853 122
854 99
855 151
856 117
857 132
858 100
859 266
860 120
861 153
862 127
863 166
864 139
865 193
866 149
867 137
868 133
869 141
870 111
871 125
872 190
873 112
874 148
875 144
876 202
877 129
878 184
879 253
880 116
881 77
882 147
883 106
884 139
885 128
886 143
887 146
888 113
889 131
890 162
891 151
892 149
893 80
894 83
895 99
896 127
897 207
898 204
899 75
900 159
901 141
902 169
903 142
904 175
905 147
906 129
907 135
908 130
909 169
910 140
911 151
912 110
913 111
914 183
915 133
916 154
917 150
918 141
919 136
920 175
921 178
922 149
923 69
924 193
925 150
926 173
927 120
928 138
929 125
930 98
931 111
932 113
933 197
934 94
935 108
936 143
937 182
938 147
939 104
940 43
941 89
942 68
943 162
944 127
945 135
946 93
947 95
948 197
949 143
950 157
951 96
952 115
953 94
954 112
955 143
956 113
957 155
958 195
959 97
960 71
961 155
962 176
963 104
964 130
965 108
966 159
967 188
968 144
969 173
970 89
971 224
972 149
973 154
974 170
975 109
976 141
977 183
978 123
979 118
980 82
981 141
982 140
983 172
984 144
985 6
986 90
987 152
988 98
989 64
990 153
991 109
992 98
993 62
994 133
995 137
996 212
997 167
998 38
999 145
1000 159
1001 166
1002 102
1003 127
1004 91
1005 151
1006 135
1007 254
1008 81
1009 117
1010 124
1011 147
1012 185
1013 0
1014 121
1015 122
1016 186
1017 126
1018 101
1019 120
1020 149
1021 110
1022 113
1023 60
1024 130
1025 110
1026 110
1027 114
1028 148
1029 147
1030 68
1031 200
1032 133
1033 189
1034 174
1035 102
1036 151
1037 141
1038 134
1039 151
1040 141
1041 97
1042 238
1043 64
1044 120
1045 140
1046 159
1047 228
1048 173
1049 133
1050 130
1051 221
1052 150
1053 59
1054 92
1055 108
1056 110
1057 115
1058 117
1059 50
1060 181
1061 185
1062 74
1063 136
1064 143
1065 95
1066 186
1067 169
1068 100
1069 84
1070 134
1071 171
1072 93
1073 147
1074 94
1075 107
1076 167
1077 72
1078 217
1079 110
1080 132
1081 177
1082 124
1083 126
1084 214
1085 124
1086 172
1087 120
1088 142
1089 82
1090 197
1091 193
1092 83
1093 114
1094 124
1095 78
1096 181
1097 124
1098 88
1099 151
1100 125
1101 163
1102 156
1103 97
1104 109
1105 230
1106 131
1107 141
1108 132
1109 142
1110 93
1111 165
1112 135
1113 146
1114 135
1115 161
1116 76
1117 132
1118 143
1119 171
1120 119
1121 112
1122 191
1123 87
1124 136
1125 129
1126 202
1127 172
1128 176
1129 144
1130 156
1131 128
1132 130
1133 131
1134 145
1135 128
1136 26
1137 107
1138 124
1139 142
1140 139
1141 160
1142 115
1143 143
1144 134
1145 77
1146 135
1147 111
1148 106
1149 133
1150 162
1151 152
1152 125
1153 115
1154 108
1155 177
1156 116
1157 154
1158 193
1159 132
1160 67
1161 109
1162 121
1163 141
1164 126
1165 95
1166 215
1167 142
1168 145
1169 127
1170 106
1171 178
1172 76
1173 121
1174 133
1175 148
1176 155
1177 131
1178 133
1179 115
1180 128
1181 98
1182 153
1183 142
1184 215
1185 149
1186 138
1187 216
1188 147
1189 123
1190 112
1191 127
1192 142
1193 132
1194 73
1195 186
1196 0
1197 173
1198 130
1199 108
1200 83
1201 197
1202 144
1203 116
1204 178
1205 126
1206 136
1207 169
1208 133
1209 208
1210 127
1211 106
1212 160
1213 178
1214 146
1215 33
1216 142
1217 127
1218 170
1219 139
1220 142
1221 114
1222 144
1223 129
1224 85
1225 176
1226 222
1227 96
1228 71
1229 179
1230 126
1231 121
1232 146
1233 131
1234 83
1235 197
1236 124
1237 104
1238 146
1239 122
1240 147
1241 164
1242 177
1243 171
1244 139
1245 187
1246 169
1247 161
1248 206
1249 127
1250 201
1251 121
1252 156
1253 89
1254 137
1255 140
1256 227
1257 173
1258 185
1259 139
1260 163
1261 119
1262 172
1263 119
1264 248
1265 112
1266 46
1267 121
1268 103
1269 153
1270 88
1271 126
1272 150
1273 210
1274 120
1275 99
1276 143
1277 124
1278 99
1279 63
1280 170
1281 0
1282 127
1283 116
1284 117
1285 108
1286 138
1287 154
1288 120
1289 61
1290 100
1291 204
1292 137
1293 190
1294 153
1295 141
1296 198
1297 154
1298 141
1299 167
1300 87
1301 144
1302 109
1303 220
1304 169
1305 183
1306 125
1307 134
1308 142
1309 142
1310 112
1311 185
1312 139
1313 87
1314 94
1315 116
1316 136
1317 139
1318 103
1319 122
1320 166
1321 113
1322 103
1323 148
1324 132
1325 130
1326 124
1327 151
1328 193
1329 145
1330 138
1331 166
1332 212
1333 126
1334 120
1335 105
1336 168
1337 148
1338 116
1339 194
1340 197
1341 216
1342 165
1343 166
1344 156
1345 100
1346 154
1347 183
1348 75
1349 117
1350 138
1351 134
1352 101
1353 60
1354 142
1355 119
1356 150
1357 97
1358 147
1359 164
1360 147
1361 131
1362 208
1363 114
1364 112
1365 117
1366 10
1367 73
1368 129
1369 204
1370 97
1371 163
1372 149
1373 146
1374 185
1375 129
1376 104
1377 114
1378 135
1379 148
1380 136
1381 155
1382 109
1383 171
1384 72
1385 150
1386 68
1387 142
1388 115
1389 165
1390 54
1391 134
1392 124
1393 120
1394 145
1395 137
1396 115
1397 110
1398 113
1399 155
1400 111
1401 158
1402 120
1403 193
1404 140
1405 132
1406 124
1407 136
1408 123
1409 107
1410 156
1411 151
1412 113
1413 107
1414 134
1415 134
1416 180
1417 143
1418 115
1419 160
1420 184
1421 144
1422 154
1423 116
1424 172
1425 126
1426 158
1427 146
1428 127
1429 150
1430 162
1431 165
1432 140
1433 131
1434 152
1435 148
1436 189
1437 207
1438 128
1439 120
1440 200
1441 152
1442 143
1443 194
1444 114
1445 190
1446 117
1447 133
1448 78
1449 182
1450 195
1451 124
1452 167
1453 151
1454 153
1455 159
1456 198
1457 140
1458 168
1459 288
1460 123
1461 158
1462 113
1463 207
1464 87
1465 160
1466 191
1467 180
1468 145
1469 178
1470 137
1471 113
1472 157
1473 96
1474 140
1475 110
1476 204
1477 17
1478 136
1479 145
1480 104
1481 133
1482 137
1483 141
1484 160
1485 71
1486 158
1487 149
1488 132
1489 136
1490 204
1491 76
1492 108
1493 117
1494 147
1495 208
1496 157
1497 178
1498 79
1499 79
1500 140
1501 84
1502 109
1503 129
1504 54
1505 92
1506 134
1507 103
1508 183
1509 151
1510 172
1511 132
1512 95
1513 177
1514 190
1515 135
1516 160
1517 112
1518 176
1519 141
1520 148
1521 92
1522 103
1523 93
1524 142
1525 76
1526 120
1527 118
1528 148
1529 99
1530 189
1531 100
1532 144
1533 110
1534 130
1535 103
1536 144
1537 169
1538 137
1539 126
1540 189
1541 158
1542 109
1543 146
1544 117
1545 162
1546 164
1547 4
1548 130
1549 86
1550 165
1551 114
1552 134
1553 97
1554 167
1555 130
1556 97
1557 110
1558 0
1559 127
1560 173
1561 114
1562 149
1563 139
1564 181
1565 142
1566 169
1567 125
1568 165
1569 108
1570 139
1571 152
1572 169
1573 150
1574 150
1575 207
1576 209
1577 168
1578 114
1579 234
1580 100
1581 110
1582 162
1583 122
1584 139
1585 180
1586 141
1587 125
1588 95
1589 119
1590 156
1591 133
1592 180
1593 167
1594 152
1595 209
1596 148
1597 133
1598 111
1599 207
1600 83
1601 208
1602 126
1603 157
1604 122
1605 120
1606 122
1607 91
1608 104
1609 139
1610 124
1611 166
1612 142
1613 159
1614 180
1615 109
1616 0
1617 109
1618 152
1619 122
1620 150
1621 148
1622 62
1623 87
1624 152
1625 154
1626 136
1627 89
1628 145
1629 208
1630 56
1631 117
1632 206
1633 157
1634 144
1635 199
1636 122
1637 131
1638 0
1639 29
1640 117
1641 72
1642 130
1643 122
1644 112
1645 153
1646 173
1647 165
1648 126
1649 78
1650 130
1651 157
1652 109
1653 135
1654 120
1655 141
1656 158
1657 126
1658 164
1659 150
1660 185
1661 117
1662 94
1663 205
1664 142
1665 85
1666 133
1667 142
1668 180
1669 88
1670 149
1671 193
1672 143
1673 126
1674 127
1675 109
1676 175
1677 139
1678 133
1679 127
1680 137
1681 205
1682 153
1683 95
1684 163
1685 172
1686 174
1687 121
1688 81
1689 167
1690 146
1691 120
1692 108
1693 154
1694 118
1695 189
1696 143
1697 106
1698 146
1699 108
1700 118
1701 173
1702 108
1703 142
1704 146
1705 172
1706 176
1707 130
1708 94
1709 150
1710 138
1711 68
1712 144
1713 173
1714 136
1715 126
1716 133
1717 137
1718 174
1719 182
1720 110
1721 179
1722 158
1723 133
1724 152
1725 133
1726 189
1727 68
1728 147
1729 158
1730 133
1731 129
1732 100
1733 158
1734 178
1735 169
1736 134
1737 85
1738 109
1739 100
1740 155
1741 135
1742 116
1743 138
1744 198
1745 196
1746 106
1747 159
1748 183
1749 107
1750 164
1751 180
1752 109
1753 128
1754 140
1755 132
1756 74
1757 125
1758 140
1759 232
1760 203
1761 127
1762 176
1763 135
1764 154
1765 153
1766 133
1767 143
1768 101
1769 126
1770 113
1771 91
1772 133
1773 33
1774 142
1775 130
1776 129
1777 142
1778 70
1779 102
1780 111
1781 135
1782 125
1783 88
1784 92
1785 127
1786 111
1787 159
1788 140
1789 140
1790 91
1791 63
1792 184
1793 106
1794 165
1795 143
1796 102
1797 151
1798 159
1799 131
1800 135
1801 238
1802 177
1803 122
1804 194
1805 157
1806 151
1807 114
1808 104
1809 115
1810 115
1811 160
1812 102
1813 103
1814 119
1815 143
1816 179
1817 125
1818 193
1819 107
1820 212
1821 123
1822 110
1823 201
1824 170
1825 154
1826 143
1827 173
1828 154
1829 127
1830 128
1831 104
1832 140
1833 98
1834 165
1835 183
1836 144
1837 119
1838 175
1839 113
1840 126
1841 115
1842 134
1843 117
1844 131
1845 111
1846 192
1847 86
1848 131
1849 146
1850 72
1851 166
1852 182
1853 142
1854 114
1855 119
1856 1
1857 164
1858 84
1859 83
1860 166
1861 96
1862 70
1863 150
1864 108
1865 152
1866 86
1867 182
1868 118
1869 196
1870 159
1871 122
1872 159
1873 172
1874 127
1875 102
1876 185
1877 141
1878 135
1879 125
1880 94
1881 168
1882 135
1883 137
1884 83
1885 136
1886 143
1887 117
1888 133
1889 133
1890 52
1891 177
1892 178
1893 107
1894 132
1895 171
1896 119
1897 206
1898 115
1899 152
1900 156
1901 59
1902 180
1903 168
1904 125
1905 151
1906 121
1907 90
1908 117
1909 134
1910 79
1911 105
1912 164
1913 153
1914 111
1915 93
1916 138
1917 97
1918 136
1919 117
1920 97
1921 190
1922 127
1923 99
1924 184
1925 189
1926 153
1927 110
1928 137
1929 153
1930 111
1931 134
1932 141
1933 102
1934 135
1935 175
1936 145
1937 66
1938 94
1939 196
1940 138
1941 147
1942 110
1943 141
1944 121
1945 76
1946 110
1947 134
1948 122
1949 175
1950 171
1951 134
1952 120
1953 119
1954 168
1955 87
1956 88
1957 156
1958 178
1959 75
1960 124
1961 128
1962 136
1963 150
1964 198
1965 144
1966 127
1967 149
1968 113
1969 128
1970 128
1971 163
1972 107
1973 99
1974 169
1975 122
1976 159
1977 163
1978 163
1979 98
1980 152
1981 141
1982 139
1983 156
1984 163
1985 119
1986 102
1987 138
1988 121
1989 139
1990 141
1991 146
1992 141
1993 246
1994 123
1995 155
1996 130
1997 131
1998 135
1999 92
2000 131
2001 171
2002 166
2003 127
2004 117
2005 167
2006 134
2007 143
2008 120
2009 122
2010 166
2011 212
2012 107
2013 171
2014 140
2015 163
2016 154
2017 116
2018 174
2019 169
2020 185
2021 171
2022 130
2023 110
2024 219
2025 199
2026 107
2027 118
2028 114
2029 191
2030 155
2031 276
2032 121
2033 122
2034 112
2035 115
2036 199
2037 149
2038 73
2039 181
2040 214
2041 146
2042 165
2043 235
2044 126
2045 85
2046 135
2047 156
2048 153
2049 168
2050 79
2051 165
2052 129
2053 188
2054 137
2055 96
2056 172
2057 88
2058 142
2059 137
2060 113
2061 140
2062 174
2063 109
2064 99
2065 71
2066 125
2067 151
2068 174
2069 141
2070 119
2071 147
2072 129
2073 156
2074 125
2075 130
2076 163
2077 120
2078 96
2079 184
2080 118
2081 119
2082 116
2083 160
2084 140
2085 168
2086 138
2087 119
2088 177
2089 142
2090 154
2091 117
2092 145
2093 117
2094 141
2095 109
2096 165
2097 42
2098 95
2099 124
2100 106
2101 100
2102 180
2103 108
2104 153
2105 158
2106 168
2107 87
2108 205
2109 132
2110 114
2111 192
2112 109
2113 128
2114 149
2115 136
2116 99
2117 111
2118 150
2119 109
2120 147
2121 131
2122 115
2123 125
2124 242
2125 126
2126 148
2127 104
2128 115
2129 96
2130 170
2131 79
2132 146
2133 119
2134 117
2135 135
2136 212
2137 178
2138 88
2139 152
2140 96
2141 205
2142 125
2143 127
2144 114
2145 125
2146 159
2147 186
2148 118
2149 66
2150 162
2151 123
2152 92
2153 139
2154 183
2155 143
2156 178
2157 158
2158 121
2159 119
2160 130
2161 144
2162 127
2163 140
2164 110
2165 185
2166 140
2167 161
2168 179
2169 90
2170 119
2171 75
2172 93
2173 84
2174 148
2175 137
2176 113
2177 137
2178 190
2179 146
2180 109
2181 160
2182 90
2183 160
2184 110
2185 159
2186 141
2187 126
2188 159
2189 126
2190 170
2191 69
2192 121
2193 140
2194 146
2195 118
2196 132
2197 147
2198 143
2199 114
2200 155
2201 99
2202 97
2203 133
2204 124
2205 154
2206 103
2207 159
2208 75
2209 162
2210 113
2211 104
2212 157
2213 79
2214 145
2215 102
2216 134
2217 93
2218 149
2219 143
2220 162
2221 167
2222 119
2223 105
2224 105
2225 159
2226 139
2227 163
2228 112
2229 170
2230 126
2231 135
2232 156
2233 147
2234 162
2235 139
2236 127
2237 160
2238 109
2239 195
2240 129
2241 73
2242 147
2243 0
2244 147
2245 124
2246 79
2247 138
2248 117
2249 188
2250 99
2251 154
2252 105
2253 169
2254 126
2255 200
2256 110
2257 113
2258 80
2259 208
2260 150
2261 89
2262 176
2263 118
2264 110
2265 146
2266 198
2267 109
2268 96
2269 154
2270 178
2271 113
2272 157
2273 139
2274 228
2275 116
2276 187
2277 103
2278 136
2279 176
2280 136
2281 137
2282 132
2283 79
2284 172
2285 117
2286 174
2287 112
2288 145
2289 142
2290 120
2291 265
2292 157
2293 90
2294 113
2295 172
2296 157
2297 163
2298 268
2299 186
2300 118
2301 137
2302 117
2303 84
2304 126
2305 45
2306 60
2307 139
2308 136
2309 68
2310 176
2311 127
2312 78
2313 177
2314 131
2315 109
2316 121
2317 161
2318 103
2319 152
2320 165
2321 123
2322 154
2323 135
2324 150
2325 153
2326 169
2327 139
2328 142
2329 156
2330 109
2331 171
2332 89
2333 116
2334 134
2335 109
2336 141
2337 161
2338 125
2339 148
2340 104
2341 143
2342 114
2343 143
2344 139
2345 130
2346 92
2347 125
2348 128
2349 166
2350 149
2351 132
2352 106
2353 124
2354 186
2355 81
2356 151
2357 62
2358 76
2359 90
2360 144
2361 168
2362 72
2363 139
2364 112
2365 160
2366 186
2367 72
2368 111
2369 136
2370 157
2371 115
2372 140
2373 133
2374 119
2375 219
2376 136
2377 128
2378 152
2379 132
2380 104
2381 141
2382 160
2383 146
2384 140
2385 98
2386 117
2387 153
2388 156
2389 124
2390 116
2391 125
2392 105
2393 125
2394 143
2395 186
2396 136
2397 131
2398 90
2399 134
2400 83
2401 180
2402 135
2403 133
2404 138
2405 155
2406 100
2407 71
2408 156
2409 96
2410 77
2411 96
2412 103
2413 136
2414 159
2415 230
2416 101
2417 107
2418 110
2419 138
2420 124
2421 134
2422 204
2423 148
2424 98
2425 32
2426 107
2427 101
2428 78
2429 204
2430 130
2431 146
2432 54
2433 145
2434 104
2435 167
2436 139
2437 139
2438 133
2439 89
2440 154
2441 156
2442 120
2443 136
2444 124
2445 164
2446 221
2447 173
2448 130
2449 138
2450 91
2451 134
2452 92
2453 174
2454 132
2455 136
2456 118
2457 127
2458 83
2459 145
2460 107
2461 173
2462 151
2463 153
2464 157
2465 180
2466 164
2467 171
2468 166
2469 129
2470 90
2471 147
2472 212
2473 186
2474 135
2475 148
2476 144
2477 188
2478 168
2479 188
2480 99
2481 145
2482 154
2483 86
2484 148
2485 84
2486 137
2487 174
2488 73
2489 93
2490 173
2491 135
2492 113
2493 157
2494 173
2495 184
2496 104
2497 186
2498 121
2499 97
2500 219
2501 105
2502 176
2503 179
2504 113
2505 180
2506 101
2507 123
2508 140
2509 118
2510 216
2511 145
2512 166
2513 130
2514 116
2515 157
2516 106
2517 130
2518 164
2519 69
2520 107
2521 0
2522 141
2523 83
2524 175
2525 162
2526 95
2527 71
2528 134
2529 165
2530 132
2531 207
2532 76
2533 141
2534 167
2535 79
2536 158
2537 119
2538 234
2539 211
2540 159
2541 215
2542 93
2543 180
2544 148
2545 169
2546 162
2547 187
2548 183
2549 128
2550 178
2551 94
2552 143
2553 187
2554 152
2555 142
2556 115
2557 61
2558 183
2559 193
2560 155
2561 158
2562 101
2563 134
2564 97
2565 93
2566 122
2567 84
2568 119
2569 79
2570 167
2571 180
2572 145
2573 123
2574 134
2575 139
2576 140
2577 151
2578 157
2579 145
2580 89
2581 101
2582 110
2583 175
2584 102
2585 160
2586 192
2587 146
2588 158
2589 152
2590 122
2591 100
2592 119
2593 131
2594 164
2595 137
2596 205
2597 168
2598 124
2599 240
2600 120
2601 154
2602 148
2603 16
2604 167
2605 125
2606 164
2607 115
2608 114
2609 136
2610 131
2611 147
2612 61
2613 201
2614 123
2615 117
2616 88
2617 172
2618 110
2619 145
2620 134
2621 214
2622 127
2623 134
2624 126
2625 213
2626 138
2627 104
2628 155
2629 188
2630 143
2631 136
2632 165
2633 88
2634 102
2635 168
2636 129
2637 109
2638 118
2639 121
2640 124
2641 80
2642 140
2643 175
2644 76
2645 92
2646 130
2647 79
2648 125
2649 75
2650 182
2651 119
2652 147
2653 74
2654 151
2655 133
2656 168
2657 178
2658 113
2659 124
2660 153
2661 161
2662 174
2663 101
2664 132
2665 177
2666 70
2667 140
2668 102
2669 124
2670 39
2671 156
2672 139
2673 119
2674 171
2675 117
2676 160
2677 151
2678 120
2679 146
2680 133
2681 177
2682 139
2683 144
2684 134
2685 161
2686 65
2687 142
2688 93
2689 183
2690 120
2691 84
2692 131
2693 242
2694 148
2695 168
2696 164
2697 116
2698 172
2699 154
2700 165
2701 157
2702 91
2703 128
2704 183
2705 115
2706 88
2707 173
2708 144
2709 76
2710 140
2711 150
2712 159
2713 121
2714 111
2715 0
2716 223
2717 88
2718 139
2719 155
2720 115
2721 117
2722 152
2723 168
2724 149
2725 86
2726 176
2727 139
2728 55
2729 124
2730 170
2731 118
2732 117
2733 155
2734 180
2735 98
2736 129
2737 207
2738 127
2739 149
2740 111
2741 245
2742 115
2743 125
2744 169
2745 102
2746 153
2747 120
2748 168
2749 145
2750 97
2751 201
2752 112
2753 125
2754 116
2755 143
2756 161
2757 127
2758 165
2759 140
2760 120
2761 139
2762 127
2763 94
2764 209
2765 149
2766 149
2767 184
2768 156
2769 62
2770 144
2771 188
2772 115
2773 196
2774 121
2775 136
2776 158
2777 119
2778 160
2779 146
2780 112
2781 126
2782 109
2783 57
2784 35
2785 159
2786 172
2787 119
2788 131
2789 81
2790 93
2791 144
2792 52
2793 154
2794 122
2795 78
2796 173
2797 160
2798 148
2799 91
2800 148
2801 157
2802 153
2803 49
2804 109
2805 199
2806 112
2807 174
2808 184
2809 134
2810 155
2811 182
2812 100
2813 142
2814 124
2815 120
2816 102
2817 166
2818 109
2819 151
2820 91
2821 132
2822 157
2823 140
2824 160
2825 167
2826 135
2827 173
2828 137
2829 125
2830 52
2831 163
2832 164
2833 124
2834 168
2835 213
2836 96
2837 127
2838 160
2839 146
2840 132
2841 219
2842 94
2843 149
2844 113
2845 125
2846 121
2847 155
2848 144
2849 21
2850 117
2851 121
2852 125
2853 91
2854 147
2855 172
2856 116
2857 106
2858 200
2859 122
2860 188
2861 123
2862 153
2863 111
2864 100
2865 105
2866 94
2867 119
2868 138
2869 181
2870 109
2871 135
2872 152
2873 134
2874 125
2875 156
2876 141
2877 127
2878 66
2879 224
2880 157
2881 177
2882 169
2883 88
2884 92
2885 139
2886 224
2887 170
2888 116
2889 126
2890 155
2891 194
2892 147
2893 87
2894 159
2895 121
2896 121
2897 154
2898 245
2899 146
2900 177
2901 119
2902 182
2903 197
2904 160
2905 132
2906 135
2907 173
2908 141
2909 113
2910 147
2911 148
2912 156
2913 205
2914 176
2915 104
2916 103
2917 138
2918 148
2919 182
2920 139
2921 114
2922 156
2923 210
2924 111
2925 129
2926 47
2927 131
2928 147
2929 176
2930 98
2931 141
2932 147
2933 138
2934 121
2935 119
2936 105
2937 166
2938 178
2939 112
2940 133
2941 100
2942 100
2943 114
2944 127
2945 160
2946 145
2947 143
2948 0
2949 186
2950 178
2951 174
2952 165
2953 182
2954 132
2955 169
2956 161
2957 112
2958 125
2959 90
2960 37
2961 109
2962 151
2963 157
2964 120
2965 140
2966 120
2967 125
2968 88
2969 156
2970 110
2971 205
2972 166
2973 146
2974 119
2975 152
2976 138
2977 170
2978 178
2979 130
2980 171
2981 146
2982 82
2983 99
2984 104
2985 176
2986 49
2987 150
2988 224
2989 86
2990 204
2991 86
2992 114
2993 160
2994 76
2995 93
2996 79
2997 190
2998 146
2999 63
3000 125
3001 125
3002 138
3003 58
3004 136
3005 139
3006 145
3007 149
3008 142
3009 174
3010 160
3011 135
3012 96
3013 233
3014 158
3015 130
3016 74
3017 164
3018 94
3019 155
3020 113
3021 146
3022 130
3023 139
3024 164
3025 93
3026 108
3027 148
3028 104
3029 120
3030 181
3031 144
3032 126
3033 168
3034 220
3035 122
3036 114
3037 149
3038 170
3039 86
3040 214
3041 162
3042 48
3043 72
3044 136
3045 168
3046 128
3047 153
3048 177
3049 123
3050 152
3051 165
3052 69
3053 127
3054 112
3055 114
3056 67
3057 161
3058 155
3059 136
3060 126
3061 113
3062 158
3063 112
3064 165
3065 105
3066 128
3067 129
3068 147
3069 0
3070 167
3071 138
3072 102
3073 115
3074 153
3075 138
3076 154
3077 114
3078 192
3079 99
3080 118
3081 135
3082 199
3083 151
3084 87
3085 103
3086 0
3087 120
3088 92
3089 106
3090 159
3091 133
3092 141
3093 152
3094 171
3095 121
3096 138
3097 117
3098 0
3099 156
3100 101
3101 138
3102 143
3103 201
3104 156
3105 96
3106 116
3107 131
3108 154
3109 117
3110 151
3111 115
3112 117
3113 108
3114 93
3115 108
3116 140
3117 175
3118 231
3119 122
3120 88
3121 51
3122 146
3123 153
3124 186
3125 122
3126 202
3127 190
3128 152
3129 106
3130 183
3131 121
3132 132
3133 88
3134 99
3135 107
3136 135
3137 132
3138 115
3139 111
3140 100
3141 166
3142 141
3143 95
3144 118
3145 127
3146 143
3147 150
3148 134
3149 131
3150 169
3151 103
3152 81
3153 169
3154 167
3155 171
3156 81
3157 212
3158 88
3159 191
3160 120
3161 196
3162 117
3163 153
3164 228
3165 169
3166 147
3167 84
3168 244
3169 140
3170 67
3171 184
3172 174
3173 133
3174 113
3175 165
3176 114
3177 123
3178 162
3179 203
3180 71
3181 210
3182 104
3183 136
3184 166
3185 120
3186 172
3187 144
3188 163
3189 130
3190 168
3191 182
3192 126
3193 119
3194 139
3195 148
3196 151
3197 173
3198 119
3199 161
