Vertices: 9900
Edges: 49500
Time: 1,990 ms
Iterations: 49170
Vertex Distance
0 0
1 197
2 176
3 208
4 248
5 210
6 252
7 203
8 165
9 170
10 184
11 91
12 184
13 231
14 202
15 192
16 175
17 222
18 212
19 168
20 191
21 288
22 165
23 202
24 253
25 201
26 235
27 225
28 240
29 212
30 237
31 260
32 235
33 215
34 201
35 169
36 237
37 182
38 269
39 248
40 184
41 229
42 215
43 222
44 203
45 210
46 226
47 215
48 127
49 263
50 130
51 239
52 267
53 212
54 147
55 179
56 191
57 256
58 290
59 243
60 269
61 200
62 232
63 202
64 258
65 206
66 73
67 145
68 229
69 268
70 151
71 174
72 257
73 151
74 187
75 268
76 202
77 218
78 269
79 228
80 233
81 258
82 237
83 184
84 169
85 320
86 267
87 187
88 177
89 272
90 312
91 215
92 212
93 167
94 149
95 240
96 233
97 238
98 191
99 234
100 206
101 204
102 210
103 270
104 164
105 236
106 196
107 163
108 179
109 195
110 214
111 227
112 182
113 215
114 192
115 186
116 199
117 185
118 184
119 233
120 190
121 202
122 219
123 205
124 226
125 277
126 362
127 168
128 284
129 257
130 213
131 228
132 262
133 209
134 204
135 158
136 221
137 276
138 202
139 169
140 224
141 246
142 181
143 229
144 189
145 249
146 194
147 197
148 225
149 183
150 230
151 181
152 215
153 212
154 279
155 158
156 177
157 239
158 235
159 180
160 218
161 239
162 162
163 200
164 194
165 194
166 167
167 267
168 208
169 202
170 188
171 160
172 195
173 306
174 200
175 201
176 211
177 270
178 161
179 0
180 219
181 235
182 204
183 213
184 224
185 227
186 281
187 171
188 184
189 228
190 180
191 211
192 207
193 297
194 259
195 230
196 221
197 227
198 165
199 206
200 212
201 243
202 238
203 231
204 234
205 177
206 253
207 218
208 236
209 239
210 200
211 208
212 172
213 210
214 231
215 228
216 180
217 181
218 211
219 214
220 174
221 197
222 226
223 240
224 215
225 248
226 232
227 247
228 242
229 242
230 238
231 244
232 227
233 192
234 182
235 201
236 198
237 262
238 174
239 212
240 200
241 308
242 208
243 220
244 214
245 247
246 225
247 178
248 250
249 210
250 203
251 176
252 222
253 257
254 228
255 214
256 211
257 223
258 270
259 222
260 233
261 184
262 253
263 178
264 222
265 225
266 199
267 227
268 194
269 202
270 165
271 176
272 213
273 186
274 270
275 193
276 272
277 214
278 208
279 155
280 281
281 207
282 169
283 279
284 200
285 221
286 212
287 141
288 263
289 177
290 211
291 217
292 173
293 243
294 240
295 289
296 229
297 221
298 214
299 207
300 170
301 231
302 136
303 206
304 240
305 216
306 209
307 170
308 203
309 253
310 229
311 243
312 241
313 185
314 195
315 217
316 212
317 182
318 221
319 227
320 210
321 223
322 191
323 163
324 225
325 259
326 175
327 228
328 178
329 248
330 121
331 194
332 234
333 190
334 277
335 197
336 253
337 293
338 171
339 189
340 245
341 168
342 208
343 154
344 274
345 257
346 228
347 153
348 214
349 235
350 158
351 262
352 199
353 152
354 256
355 267
356 180
357 266
358 196
359 211
360 210
361 185
362 211
363 216
364 298
365 209
366 130
367 195
368 255
369 190
370 198
371 217
372 203
373 217
374 255
375 240
376 197
377 202
378 236
379 232
380 164
381 229
382 129
383 210
384 201
385 223
386 196
387 278
388 201
389 284
390 224
391 264
392 215
393 215
394 249
395 203
396 221
397 262
398 267
399 203
400 215
401 195
402 190
403 120
404 263
405 166
406 205
407 203
408 284
409 225
410 188
411 231
412 199
413 197
414 264
415 209
416 212
417 261
418 259
419 247
420 242
421 193
422 176
423 190
424 210
425 204
426 194
427 219
428 208
429 203
430 292
431 244
432 206
433 226
434 210
435 212
436 199
437 218
438 168
439 217
440 218
441 213
442 134
443 260
444 225
445 219
446 196
447 201
448 222
449 196
450 210
451 251
452 126
453 209
454 195
455 211
456 121
457 202
458 244
459 221
460 250
461 199
462 184
463 224
464 232
465 184
466 238
467 254
468 194
469 169
470 243
471 134
472 206
473 218
474 243
475 228
476 244
477 285
478 165
479 270
480 195
481 214
482 179
483 180
484 212
485 219
486 208
487 206
488 273
489 211
490 208
491 260
492 155
493 205
494 231
495 264
496 214
497 218
498 234
499 196
500 184
501 261
502 239
503 228
504 303
505 211
506 201
507 151
508 223
509 233
510 231
511 168
512 249
513 201
514 263
515 211
516 206
517 235
518 299
519 179
520 254
521 203
522 207
523 271
524 165
525 194
526 232
527 173
528 210
529 163
530 175
531 166
532 225
533 223
534 224
535 235
536 175
537 210
538 269
539 203
540 284
541 243
542 209
543 151
544 180
545 259
546 187
547 192
548 192
549 254
550 251
551 234
552 229
553 214
554 214
555 167
556 174
557 146
558 208
559 187
560 228
561 228
562 245
563 193
564 204
565 206
566 275
567 217
568 187
569 150
570 225
571 221
572 190
573 241
574 280
575 248
576 287
577 191
578 204
579 172
580 240
581 168
582 208
583 202
584 256
585 247
586 211
587 221
588 175
589 243
590 223
591 231
592 198
593 226
594 139
595 235
596 228
597 216
598 252
599 264
600 209
601 267
602 253
603 189
604 227
605 246
606 226
607 202
608 209
609 206
610 189
611 202
612 243
613 202
614 206
615 242
616 263
617 178
618 223
619 195
620 185
621 196
622 146
623 310
624 219
625 242
626 337
627 235
628 288
629 227
630 209
631 244
632 197
633 215
634 232
635 216
636 177
637 209
638 255
639 225
640 247
641 216
642 231
643 256
644 244
645 214
646 279
647 229
648 216
649 220
650 196
651 212
652 216
653 229
654 216
655 131
656 216
657 241
658 193
659 247
660 164
661 214
662 301
663 224
664 268
665 175
666 136
667 206
668 209
669 200
670 247
671 198
672 234
673 215
674 247
675 211
676 252
677 191
678 198
679 200
680 234
681 218
682 146
683 222
684 157
685 142
686 268
687 137
688 213
689 248
690 220
691 191
692 215
693 227
694 189
695 335
696 230
697 193
698 238
699 238
700 249
701 251
702 223
703 194
704 231
705 245
706 141
707 217
708 131
709 214
710 209
711 210
712 191
713 181
714 240
715 209
716 240
717 245
718 190
719 271
720 216
721 207
722 241
723 0
724 191
725 154
726 185
727 250
728 267
729 132
730 210
731 170
732 123
733 256
734 249
735 255
736 199
737 202
738 195
739 182
740 179
741 158
742 186
743 254
744 176
745 220
746 145
747 238
748 203
749 203
750 182
751 241
752 227
753 244
754 222
755 229
756 181
757 233
758 215
759 223
760 245
761 231
762 219
763 202
764 168
765 267
766 197
767 211
768 288
769 244
770 164
771 248
772 211
773 261
774 244
775 222
776 205
777 187
778 230
779 189
780 215
781 184
782 229
783 244
784 204
785 256
786 235
787 174
788 214
789 190
790 189
791 233
792 217
793 205
794 149
795 229
796 225
797 214
798 179
799 269
800 215
801 195
802 224
803 216
804 201
805 236
806 193
807 251
808 221
809 236
810 237
811 197
812 266
813 196
814 167
815 218
816 219
817 170
818 265
819 213
820 288
821 257
822 238
823 231
824 222
825 266
826 135
827 183
828 247
829 247
830 234
831 209
832 193
833 222
834 183
835 254
836 240
837 224
838 229
839 203
840 206
841 252
842 218
843 165
844 221
845 250
846 222
847 282
848 175
849 117
850 223
851 244
852 102
853 200
854 210
855 262
856 199
857 192
858 159
859 204
860 198
861 198
862 260
863 119
864 227
865 217
866 216
867 222
868 216
869 152
870 204
871 238
872 233
873 177
874 151
875 189
876 257
877 250
878 188
879 220
880 205
881 234
882 241
883 229
884 182
885 131
886 143
887 167
888 159
889 229
890 193
891 216
892 215
893 260
894 224
895 191
896 247
897 227
898 213
899 159
900 224
901 216
902 160
903 124
904 205
905 187
906 196
907 223
908 267
909 237
910 238
911 265
912 222
913 234
914 211
915 239
916 226
917 214
918 153
919 229
920 188
921 180
922 202
923 259
924 255
925 192
926 218
927 131
928 231
929 224
930 236
931 214
932 291
933 147
934 227
935 309
936 235
937 234
938 213
939 205
940 223
941 216
942 239
943 252
944 235
945 160
946 176
947 171
948 170
949 257
950 225
951 219
952 204
953 208
954 286
955 216
956 266
957 213
958 149
959 144
960 242
961 202
962 238
963 242
964 175
965 195
966 191
967 217
968 254
969 219
970 292
971 271
972 191
973 270
974 208
975 227
976 233
977 200
978 198
979 264
980 188
981 189
982 184
983 214
984 217
985 163
986 183
987 211
988 223
989 248
990 234
991 220
992 179
993 165
994 180
995 221
996 230
997 221
998 177
999 218
1000 232
1001 190
1002 225
1003 210
1004 206
1005 199
1006 288
1007 257
1008 179
1009 212
1010 216
1011 232
1012 233
1013 189
1014 198
1015 340
1016 199
1017 257
1018 204
1019 151
1020 151
1021 236
1022 206
1023 187
1024 162
1025 146
1026 189
1027 210
1028 268
1029 327
1030 215
1031 174
1032 340
1033 171
1034 191
1035 245
1036 169
1037 180
1038 208
1039 216
1040 222
1041 181
1042 180
1043 149
1044 220
1045 213
1046 195
1047 266
1048 214
1049 195
1050 224
1051 244
1052 196
1053 235
1054 199
1055 220
1056 223
1057 246
1058 218
1059 242
1060 217
1061 219
1062 234
1063 119
1064 266
1065 221
1066 184
1067 205
1068 242
1069 285
1070 206
1071 236
1072 215
1073 173
1074 191
1075 223
1076 221
1077 171
1078 220
1079 199
1080 223
1081 218
1082 233
1083 278
1084 204
1085 222
1086 185
1087 224
1088 164
1089 240
1090 188
1091 163
1092 226
1093 250
1094 222
1095 216
1096 251
1097 185
1098 253
1099 151
1100 181
1101 203
1102 207
1103 220
1104 225
1105 258
1106 189
1107 198
1108 227
1109 182
1110 222
1111 203
1112 184
1113 216
1114 238
1115 222
1116 258
1117 190
1118 249
1119 209
1120 219
1121 242
1122 195
1123 177
1124 198
1125 180
1126 302
1127 220
1128 211
1129 192
1130 189
1131 230
1132 226
1133 217
1134 192
1135 195
1136 246
1137 207
1138 162
1139 235
1140 256
1141 194
1142 220
1143 216
1144 211
1145 220
1146 210
1147 201
1148 207
1149 270
1150 135
1151 282
1152 182
1153 229
1154 208
1155 228
1156 154
1157 157
1158 171
1159 178
1160 210
1161 239
1162 214
1163 197
1164 136
1165 200
1166 182
1167 209
1168 229
1169 219
1170 205
1171 235
1172 186
1173 206
1174 211
1175 204
1176 219
1177 175
1178 180
1179 269
1180 215
1181 206
1182 182
1183 160
1184 220
1185 270
1186 224
1187 196
1188 229
1189 158
1190 236
1191 222
1192 198
1193 246
1194 233
1195 193
1196 230
1197 185
1198 150
1199 260
1200 255
1201 211
1202 137
1203 215
1204 212
1205 199
1206 196
1207 233
1208 226
1209 219
1210 257
1211 220
1212 200
1213 193
1214 225
1215 286
1216 185
1217 274
1218 224
1219 238
1220 231
1221 234
1222 151
1223 196
1224 204
1225 208
1226 134
1227 213
1228 235
1229 238
1230 204
1231 296
1232 244
1233 0
1234 223
1235 256
1236 217
1237 261
1238 230
1239 192
1240 218
1241 279
1242 205
1243 249
1244 200
1245 225
1246 264
1247 242
1248 355
1249 214
1250 147
1251 220
1252 227
1253 238
1254 198
1255 203
1256 203
1257 209
1258 185
1259 170
1260 223
1261 190
1262 208
1263 245
1264 207
1265 228
1266 225
1267 223
1268 167
1269 222
1270 168
1271 307
1272 270
1273 216
1274 170
1275 238
1276 216
1277 234
1278 253
1279 233
1280 275
1281 235
1282 225
1283 220
1284 209
1285 184
1286 213
1287 147
1288 240
1289 216
1290 240
1291 186
1292 222
1293 228
1294 234
1295 249
1296 230
1297 265
1298 234
1299 194
1300 258
1301 229
1302 257
1303 197
1304 206
1305 175
1306 316
1307 216
1308 182
1309 185
1310 241
1311 211
1312 198
1313 267
1314 234
1315 209
1316 183
1317 187
1318 206
1319 212
1320 252
1321 218
1322 208
1323 230
1324 206
1325 195
1326 259
1327 165
1328 274
1329 238
1330 198
1331 249
1332 219
1333 330
1334 235
1335 247
1336 199
1337 156
1338 217
1339 228
1340 203
1341 157
1342 155
1343 268
1344 189
1345 235
1346 197
1347 354
1348 203
1349 244
1350 199
1351 237
1352 179
1353 161
1354 199
1355 209
1356 228
1357 287
1358 284
1359 212
1360 201
1361 191
1362 234
1363 238
1364 223
1365 221
1366 220
1367 170
1368 199
1369 229
1370 146
1371 243
1372 227
1373 214
1374 240
1375 230
1376 184
1377 239
1378 138
1379 245
1380 203
1381 193
1382 241
1383 219
1384 212
1385 156
1386 183
1387 279
1388 224
1389 256
1390 221
1391 234
1392 233
1393 213
1394 225
1395 173
1396 192
1397 260
1398 281
1399 227
1400 211
1401 280
1402 252
1403 185
1404 202
1405 218
1406 205
1407 231
1408 196
1409 189
1410 280
1411 139
1412 160
1413 185
1414 242
1415 111
1416 214
1417 262
1418 294
1419 157
1420 230
1421 168
1422 274
1423 227
1424 250
1425 197
1426 183
1427 240
1428 209
1429 209
1430 210
1431 293
1432 206
1433 181
1434 203
1435 215
1436 164
1437 168
1438 226
1439 160
1440 251
1441 220
1442 177
1443 213
1444 180
1445 245
1446 214
1447 74
1448 280
1449 204
1450 216
1451 163
1452 197
1453 230
1454 252
1455 186
1456 203
1457 231
1458 243
1459 88
1460 237
1461 230
1462 201
1463 235
1464 293
1465 218
1466 235
1467 213
1468 300
1469 317
1470 228
1471 189
1472 198
1473 183
1474 230
1475 238
1476 187
1477 207
1478 234
1479 228
1480 216
1481 184
1482 213
1483 198
1484 187
1485 217
1486 271
1487 215
1488 235
1489 204
1490 184
1491 235
1492 262
1493 183
1494 170
1495 229
1496 215
1497 154
1498 241
1499 222
1500 241
1501 163
1502 247
1503 218
1504 238
1505 256
1506 202
1507 200
1508 194
1509 239
1510 197
1511 249
1512 197
1513 313
1514 230
1515 136
1516 199
1517 164
1518 226
1519 213
1520 222
1521 201
1522 263
1523 232
1524 122
1525 189
1526 205
1527 124
1528 245
1529 163
1530 237
1531 189
1532 262
1533 185
1534 189
1535 211
1536 197
1537 274
1538 186
1539 175
1540 207
1541 133
1542 200
1543 197
1544 201
1545 193
1546 154
1547 264
1548 171
1549 216
1550 246
1551 259
1552 164
1553 216
1554 249
1555 182
1556 290
1557 129
1558 250
1559 180
1560 266
1561 217
1562 206
1563 232
1564 221
1565 194
1566 212
1567 209
1568 198
1569 190
1570 259
1571 182
1572 266
1573 235
1574 221
1575 170
1576 239
1577 216
1578 186
1579 232
1580 239
1581 229
1582 204
1583 245
1584 234
1585 155
1586 239
1587 233
1588 210
1589 241
1590 229
1591 256
1592 175
1593 224
1594 214
1595 245
1596 175
1597 167
1598 207
1599 237
1600 174
1601 235
1602 0
1603 248
1604 251
1605 229
1606 264
1607 228
1608 228
1609 208
1610 210
1611 273
1612 241
1613 232
1614 260
1615 194
1616 228
1617 199
1618 225
1619 216
1620 236
1621 198
1622 221
1623 204
1624 188
1625 252
1626 266
1627 210
1628 196
1629 258
1630 209
1631 195
1632 197
1633 170
1634 145
1635 240
1636 198
1637 235
1638 130
1639 222
1640 194
1641 152
1642 190
1643 256
1644 201
1645 177
1646 231
1647 173
1648 225
1649 225
1650 156
1651 255
1652 221
1653 207
1654 221
1655 187
1656 176
1657 250
1658 193
1659 178
1660 223
1661 192
1662 237
1663 185
1664 248
1665 231
1666 236
1667 288
1668 243
1669 149
1670 257
1671 228
1672 210
1673 161
1674 0
1675 229
1676 175
1677 141
1678 263
1679 285
1680 247
1681 231
1682 219
1683 242
1684 240
1685 221
1686 181
1687 250
1688 205
1689 217
1690 216
1691 228
1692 224
1693 145
1694 139
1695 113
1696 174
1697 243
1698 252
1699 242
1700 215
1701 160
1702 228
1703 117
1704 226
1705 241
1706 241
1707 237
1708 160
1709 184
1710 252
1711 167
1712 190
1713 240
1714 179
1715 227
1716 158
1717 243
1718 182
1719 181
1720 229
1721 98
1722 242
1723 323
1724 109
1725 204
1726 209
1727 238
1728 228
1729 275
1730 215
1731 189
1732 196
1733 226
1734 185
1735 176
1736 239
1737 199
1738 242
1739 187
1740 215
1741 190
1742 179
1743 201
1744 203
1745 199
1746 192
1747 169
1748 172
1749 215
1750 214
1751 139
1752 224
1753 203
1754 217
1755 244
1756 207
1757 228
1758 220
1759 286
1760 265
1761 224
1762 238
1763 182
1764 269
1765 208
1766 209
1767 158
1768 249
1769 191
1770 200
1771 211
1772 217
1773 242
1774 236
1775 231
1776 257
1777 259
1778 197
1779 192
1780 217
1781 187
1782 221
1783 135
1784 213
1785 223
1786 237
1787 204
1788 213
1789 210
1790 268
1791 224
1792 249
1793 231
1794 255
1795 96
1796 226
1797 205
1798 156
1799 243
1800 211
1801 200
1802 242
1803 189
1804 169
1805 226
1806 164
1807 224
1808 216
1809 204
1810 211
1811 191
1812 172
1813 206
1814 175
1815 215
1816 266
1817 186
1818 213
1819 232
1820 187
1821 141
1822 238
1823 192
1824 244
1825 242
1826 200
1827 168
1828 213
1829 276
1830 196
1831 179
1832 265
1833 226
1834 233
1835 212
1836 204
1837 190
1838 181
1839 220
1840 241
1841 183
1842 200
1843 233
1844 319
1845 232
1846 0
1847 104
1848 242
1849 205
1850 255
1851 231
1852 210
1853 307
1854 191
1855 230
1856 229
1857 179
1858 273
1859 265
1860 214
1861 221
1862 197
1863 192
1864 235
1865 211
1866 279
1867 191
1868 216
1869 194
1870 170
1871 0
1872 182
1873 196
1874 209
1875 171
1876 233
1877 176
1878 234
1879 187
1880 229
1881 153
1882 242
1883 225
1884 250
1885 241
1886 253
1887 236
1888 220
1889 209
1890 236
1891 214
1892 232
1893 161
1894 188
1895 256
1896 181
1897 203
1898 250
1899 160
1900 194
1901 178
1902 284
1903 223
1904 222
1905 213
1906 212
1907 221
1908 203
1909 182
1910 209
1911 268
1912 207
1913 208
1914 277
1915 221
1916 167
1917 222
1918 207
1919 265
1920 215
1921 191
1922 226
1923 229
1924 266
1925 227
1926 242
1927 194
1928 214
1929 232
1930 226
1931 239
1932 186
1933 231
1934 238
1935 227
1936 204
1937 214
1938 219
1939 137
1940 264
1941 178
1942 225
1943 221
1944 113
1945 258
1946 238
1947 237
1948 202
1949 237
1950 210
1951 281
1952 179
1953 206
1954 176
1955 210
1956 244
1957 216
1958 209
1959 205
1960 217
1961 202
1962 167
1963 214
1964 238
1965 151
1966 237
1967 218
1968 218
1969 217
1970 235
1971 246
1972 241
1973 257
1974 231
1975 208
1976 228
1977 229
1978 170
1979 246
1980 264
1981 192
1982 213
1983 244
1984 206
1985 188
1986 193
1987 242
1988 263
1989 158
1990 218
1991 240
1992 202
1993 233
1994 217
1995 219
1996 157
1997 265
1998 166
1999 204
2000 233
2001 147
2002 202
2003 214
2004 219
2005 205
2006 211
2007 184
2008 151
2009 207
2010 260
2011 192
2012 200
2013 206
2014 237
2015 165
2016 202
2017 217
2018 209
2019 204
2020 248
2021 184
2022 247
2023 210
2024 230
2025 162
2026 242
2027 186
2028 164
2029 268
2030 252
2031 191
2032 272
2033 240
2034 183
2035 226
2036 222
2037 246
2038 228
2039 199
2040 191
2041 246
2042 295
2043 215
2044 254
2045 222
2046 113
2047 282
2048 220
2049 226
2050 219
2051 162
2052 198
2053 230
2054 185
2055 283
2056 189
2057 247
2058 258
2059 262
2060 207
2061 227
2062 210
2063 131
2064 254
2065 237
2066 175
2067 264
2068 219
2069 210
2070 198
2071 257
2072 256
2073 230
2074 236
2075 156
2076 165
2077 148
2078 181
2079 192
2080 202
2081 249
2082 217
2083 197
2084 192
2085 170
2086 272
2087 244
2088 181
2089 270
2090 213
2091 243
2092 170
2093 138
2094 172
2095 164
2096 142
2097 137
2098 188
2099 196
2100 223
2101 217
2102 244
2103 223
2104 241
2105 231
2106 206
2107 266
2108 309
2109 199
2110 159
2111 217
2112 128
2113 199
2114 257
2115 215
2116 212
2117 215
2118 230
2119 242
2120 201
2121 217
2122 272
2123 216
2124 205
2125 218
2126 190
2127 178
2128 223
2129 226
2130 227
2131 234
2132 230
2133 210
2134 283
2135 262
2136 209
2137 251
2138 233
2139 258
2140 199
2141 224
2142 281
2143 210
2144 218
2145 227
2146 202
2147 172
2148 228
2149 212
2150 154
2151 259
2152 199
2153 283
2154 236
2155 217
2156 216
2157 208
2158 222
2159 178
2160 238
2161 197
2162 233
2163 195
2164 205
2165 268
2166 194
2167 232
2168 205
2169 214
2170 229
2171 218
2172 182
2173 245
2174 233
2175 179
2176 234
2177 204
2178 162
2179 214
2180 234
2181 187
2182 246
2183 186
2184 214
2185 204
2186 171
2187 184
2188 249
2189 191
2190 222
2191 184
2192 217
2193 225
2194 168
2195 253
2196 237
2197 286
2198 239
2199 266
2200 235
2201 170
2202 198
2203 260
2204 190
2205 175
2206 213
2207 245
2208 219
2209 193
2210 225
2211 211
2212 162
2213 217
2214 187
2215 199
2216 209
2217 193
2218 215
2219 220
2220 212
2221 196
2222 164
2223 214
2224 176
2225 258
2226 206
2227 234
2228 224
2229 210
2230 217
2231 167
2232 240
2233 234
2234 294
2235 203
2236 208
2237 171
2238 226
2239 276
2240 205
2241 167
2242 231
2243 204
2244 260
2245 220
2246 158
2247 182
2248 313
2249 240
2250 181
2251 203
2252 186
2253 186
2254 238
2255 218
2256 216
2257 230
2258 210
2259 233
2260 263
2261 236
2262 192
2263 127
2264 154
2265 177
2266 216
2267 195
2268 220
2269 246
2270 231
2271 254
2272 213
2273 222
2274 177
2275 150
2276 195
2277 291
2278 206
2279 181
2280 224
2281 192
2282 221
2283 236
2284 166
2285 198
2286 172
2287 165
2288 206
2289 277
2290 200
2291 179
2292 187
2293 261
2294 212
2295 176
2296 231
2297 272
2298 218
2299 239
2300 231
2301 250
2302 228
2303 168
2304 172
2305 195
2306 148
2307 205
2308 231
2309 153
2310 226
2311 235
2312 212
2313 238
2314 260
2315 140
2316 249
2317 158
2318 202
2319 239
2320 254
2321 210
2322 181
2323 226
2324 292
2325 235
2326 209
2327 234
2328 293
2329 185
2330 191
2331 247
2332 222
2333 195
2334 245
2335 230
2336 197
2337 298
2338 232
2339 159
2340 120
2341 248
2342 216
2343 289
2344 210
2345 192
2346 206
2347 211
2348 267
2349 258
2350 208
2351 197
2352 218
2353 244
2354 126
2355 168
2356 253
2357 233
2358 213
2359 212
2360 249
2361 0
2362 255
2363 186
2364 255
2365 181
2366 188
2367 0
2368 208
2369 249
2370 230
2371 186
2372 221
2373 183
2374 277
2375 257
2376 222
2377 195
2378 248
2379 250
2380 235
2381 264
2382 196
2383 274
2384 241
2385 156
2386 222
2387 207
2388 239
2389 182
2390 250
2391 236
2392 165
2393 218
2394 161
2395 243
2396 232
2397 208
2398 168
2399 240
2400 223
2401 285
2402 251
2403 210
2404 186
2405 132
2406 205
2407 250
2408 216
2409 238
2410 180
2411 128
2412 291
2413 174
2414 284
2415 161
2416 197
2417 216
2418 0
2419 191
2420 260
2421 210
2422 187
2423 179
2424 186
2425 208
2426 262
2427 212
2428 104
2429 207
2430 194
2431 221
2432 199
2433 201
2434 230
2435 173
2436 188
2437 223
2438 299
2439 245
2440 218
2441 216
2442 188
2443 241
2444 213
2445 226
2446 150
2447 192
2448 100
2449 205
2450 166
2451 265
2452 257
2453 196
2454 224
2455 157
2456 150
2457 154
2458 207
2459 244
2460 220
2461 209
2462 281
2463 254
2464 153
2465 233
2466 244
2467 216
2468 216
2469 188
2470 228
2471 220
2472 259
2473 260
2474 223
2475 242
2476 209
2477 260
2478 228
2479 257
2480 221
2481 246
2482 252
2483 163
2484 211
2485 115
2486 236
2487 211
2488 216
2489 208
2490 167
2491 233
2492 240
2493 253
2494 293
2495 116
2496 178
2497 325
2498 241
2499 175
2500 227
2501 226
2502 282
2503 131
2504 151
2505 221
2506 189
2507 212
2508 250
2509 259
2510 213
2511 212
2512 232
2513 210
2514 217
2515 287
2516 247
2517 311
2518 137
2519 245
2520 197
2521 288
2522 197
2523 32
2524 242
2525 174
2526 202
2527 290
2528 240
2529 265
2530 182
2531 252
2532 195
2533 253
2534 243
2535 202
2536 251
2537 171
2538 220
2539 171
2540 121
2541 206
2542 190
2543 195
2544 214
2545 233
2546 208
2547 242
2548 237
2549 263
2550 219
2551 218
2552 158
2553 125
2554 294
2555 185
2556 189
2557 213
2558 84
2559 240
2560 270
2561 178
2562 206
2563 210
2564 260
2565 269
2566 194
2567 180
2568 197
2569 167
2570 201
2571 218
2572 276
2573 195
2574 0
2575 229
2576 179
2577 223
2578 174
2579 192
2580 202
2581 327
2582 206
2583 255
2584 164
2585 263
2586 218
2587 214
2588 247
2589 217
2590 187
2591 145
2592 182
2593 241
2594 282
2595 197
2596 226
2597 195
2598 227
2599 236
2600 200
2601 207
2602 196
2603 176
2604 226
2605 258
2606 187
2607 230
2608 205
2609 208
2610 189
2611 286
2612 255
2613 234
2614 196
2615 200
2616 168
2617 240
2618 206
2619 254
2620 224
2621 245
2622 259
2623 220
2624 205
2625 183
2626 183
2627 202
2628 0
2629 227
2630 249
2631 202
2632 244
2633 168
2634 171
2635 196
2636 221
2637 195
2638 226
2639 245
2640 212
2641 226
2642 257
2643 139
2644 186
2645 224
2646 256
2647 164
2648 202
2649 184
2650 235
2651 239
2652 268
2653 186
2654 245
2655 295
2656 129
2657 178
2658 203
2659 221
2660 286
2661 166
2662 0
2663 262
2664 196
2665 202
2666 208
2667 195
2668 209
2669 227
2670 195
2671 248
2672 206
2673 144
2674 217
2675 237
2676 228
2677 200
2678 212
2679 215
2680 274
2681 192
2682 222
2683 263
2684 180
2685 175
2686 281
2687 242
2688 256
2689 202
2690 166
2691 225
2692 264
2693 235
2694 261
2695 220
2696 202
2697 239
2698 220
2699 220
2700 241
2701 196
2702 221
2703 271
2704 211
2705 251
2706 153
2707 256
2708 211
2709 249
2710 164
2711 237
2712 203
2713 189
2714 190
2715 195
2716 173
2717 241
2718 197
2719 254
2720 233
2721 221
2722 225
2723 289
2724 174
2725 217
2726 254
2727 219
2728 312
2729 186
2730 181
2731 229
2732 243
2733 292
2734 212
2735 183
2736 213
2737 248
2738 159
2739 245
2740 226
2741 207
2742 241
2743 219
2744 227
2745 227
2746 215
2747 191
2748 207
2749 242
2750 202
2751 244
2752 201
2753 214
2754 245
2755 187
2756 262
2757 268
2758 126
2759 201
2760 193
2761 229
2762 226
2763 203
2764 144
2765 259
2766 245
2767 193
2768 148
2769 178
2770 210
2771 271
2772 245
2773 167
2774 231
2775 178
2776 236
2777 212
2778 228
2779 187
2780 237
2781 184
2782 242
2783 254
2784 212
2785 201
2786 221
2787 273
2788 238
2789 233
2790 217
2791 158
2792 175
2793 206
2794 195
2795 214
2796 228
2797 227
2798 262
2799 214
2800 211
2801 167
2802 163
2803 228
2804 245
2805 0
2806 225
2807 0
2808 171
2809 259
2810 243
2811 268
2812 227
2813 207
2814 202
2815 161
2816 203
2817 212
2818 202
2819 220
2820 239
2821 184
2822 228
2823 241
2824 204
2825 270
2826 206
2827 257
2828 231
2829 213
2830 222
2831 266
2832 191
2833 234
2834 224
2835 243
2836 201
2837 240
2838 236
2839 217
2840 220
2841 194
2842 182
2843 184
2844 276
2845 193
2846 297
2847 236
2848 185
2849 239
2850 0
2851 170
2852 214
2853 204
2854 141
2855 213
2856 193
2857 236
2858 299
2859 181
2860 258
2861 196
2862 238
2863 250
2864 0
2865 264
2866 224
2867 234
2868 250
2869 195
2870 164
2871 213
2872 222
2873 200
2874 208
2875 137
2876 207
2877 195
2878 236
2879 195
2880 173
2881 210
2882 171
2883 217
2884 173
2885 219
2886 0
2887 220
2888 169
2889 276
2890 195
2891 217
2892 185
2893 193
2894 260
2895 297
2896 190
2897 238
2898 236
2899 228
2900 213
2901 155
2902 231
2903 255
2904 231
2905 286
2906 228
2907 192
2908 223
2909 249
2910 217
2911 197
2912 229
2913 217
2914 285
2915 246
2916 152
2917 215
2918 233
2919 198
2920 168
2921 230
2922 248
2923 186
2924 235
2925 237
2926 205
2927 228
2928 177
2929 187
2930 288
2931 236
2932 277
2933 271
2934 225
2935 260
2936 233
2937 244
2938 272
2939 79
2940 209
2941 249
2942 226
2943 322
2944 203
2945 249
2946 225
2947 237
2948 103
2949 222
2950 189
2951 238
2952 139
2953 208
2954 206
2955 294
2956 248
2957 222
2958 136
2959 263
2960 315
2961 219
2962 232
2963 227
2964 286
2965 224
2966 251
2967 211
2968 200
2969 201
2970 220
2971 156
2972 182
2973 217
2974 231
2975 211
2976 208
2977 179
2978 144
2979 211
2980 189
2981 249
2982 266
2983 174
2984 261
2985 219
2986 340
2987 162
2988 191
2989 207
2990 271
2991 254
2992 209
2993 184
2994 207
2995 237
2996 180
2997 202
2998 237
2999 196
3000 217
3001 238
3002 244
3003 219
3004 240
3005 234
3006 214
3007 189
3008 253
3009 227
3010 248
3011 239
3012 225
3013 277
3014 159
3015 219
3016 268
3017 227
3018 226
3019 217
3020 257
3021 226
3022 234
3023 217
3024 199
3025 172
3026 229
3027 230
3028 188
3029 232
3030 208
3031 229
3032 224
3033 183
3034 204
3035 199
3036 213
3037 181
3038 151
3039 208
3040 179
3041 184
3042 187
3043 194
3044 208
3045 204
3046 249
3047 258
3048 241
3049 234
3050 228
3051 123
3052 194
3053 274
3054 180
3055 242
3056 168
3057 218
3058 222
3059 215
3060 214
3061 203
3062 199
3063 160
3064 164
3065 232
3066 265
3067 257
3068 111
3069 224
3070 248
3071 214
3072 182
3073 334
3074 234
3075 214
3076 241
3077 226
3078 152
3079 177
3080 315
3081 229
3082 217
3083 284
3084 217
3085 219
3086 189
3087 232
3088 199
3089 266
3090 192
3091 193
3092 104
3093 164
3094 165
3095 242
3096 185
3097 234
3098 248
3099 217
3100 203
3101 197
3102 223
3103 191
3104 188
3105 236
3106 185
3107 217
3108 136
3109 162
3110 229
3111 201
3112 215
3113 191
3114 133
3115 218
3116 207
3117 195
3118 133
3119 197
3120 226
3121 250
3122 189
3123 238
3124 181
3125 174
3126 211
3127 150
3128 208
3129 246
3130 232
3131 256
3132 202
3133 230
3134 205
3135 167
3136 217
3137 230
3138 212
3139 202
3140 92
3141 214
3142 177
3143 246
3144 224
3145 361
3146 169
3147 232
3148 216
3149 235
3150 232
3151 240
3152 225
3153 228
3154 229
3155 225
3156 284
3157 203
3158 194
3159 260
3160 217
3161 192
3162 175
3163 289
3164 225
3165 256
3166 201
3167 141
3168 157
3169 222
3170 230
3171 236
3172 271
3173 225
3174 221
3175 239
3176 175
3177 199
3178 247
3179 187
3180 152
3181 258
3182 239
3183 283
3184 202
3185 276
3186 246
3187 195
3188 256
3189 192
3190 227
3191 238
3192 147
3193 220
3194 238
3195 222
3196 223
3197 310
3198 208
3199 216
3200 230
3201 248
3202 230
3203 219
3204 152
3205 185
3206 213
3207 215
3208 198
3209 266
3210 192
3211 197
3212 150
3213 241
3214 212
3215 173
3216 266
3217 202
3218 239
3219 201
3220 237
3221 157
3222 214
3223 223
3224 258
3225 195
3226 193
3227 245
3228 181
3229 166
3230 258
3231 295
3232 218
3233 329
3234 285
3235 182
3236 163
3237 202
3238 253
3239 176
3240 236
3241 174
3242 197
3243 153
3244 213
3245 203
3246 292
3247 201
3248 242
3249 244
3250 173
3251 204
3252 102
3253 211
3254 206
3255 190
3256 204
3257 233
3258 217
3259 215
3260 254
3261 235
3262 254
3263 257
3264 259
3265 264
3266 181
3267 173
3268 119
3269 244
3270 239
3271 194
3272 228
3273 203
3274 278
3275 263
3276 211
3277 199
3278 216
3279 190
3280 197
3281 234
3282 209
3283 232
3284 156
3285 192
3286 215
3287 190
3288 198
3289 209
3290 136
3291 182
3292 183
3293 229
3294 148
3295 271
3296 251
3297 185
3298 234
3299 208
3300 223
3301 218
3302 272
3303 243
3304 193
3305 253
3306 106
3307 0
3308 241
3309 230
3310 176
3311 172
3312 229
3313 245
3314 156
3315 314
3316 217
3317 188
3318 242
3319 230
3320 248
3321 217
3322 243
3323 222
3324 202
3325 165
3326 216
3327 218
3328 235
3329 268
3330 210
3331 218
3332 278
3333 258
3334 217
3335 224
3336 230
3337 198
3338 185
3339 254
3340 157
3341 233
3342 220
3343 206
3344 267
3345 229
3346 176
3347 178
3348 270
3349 222
3350 199
3351 216
3352 218
3353 201
3354 253
3355 280
3356 221
3357 257
3358 228
3359 236
3360 162
3361 152
3362 289
3363 201
3364 253
3365 231
3366 235
3367 215
3368 257
3369 216
3370 197
3371 245
3372 213
3373 179
3374 292
3375 231
3376 169
3377 208
3378 220
3379 138
3380 186
3381 85
3382 123
3383 187
3384 229
3385 228
3386 198
3387 213
3388 203
3389 174
3390 221
3391 205
3392 218
3393 198
3394 195
3395 269
3396 295
3397 210
3398 236
3399 232
3400 204
3401 215
3402 217
3403 187
3404 285
3405 191
3406 224
3407 138
3408 206
3409 220
3410 0
3411 245
3412 243
3413 252
3414 229
3415 204
3416 196
3417 198
3418 226
3419 227
3420 202
3421 121
3422 261
3423 159
3424 246
3425 222
3426 232
3427 167
3428 195
3429 135
3430 219
3431 216
3432 235
3433 221
3434 208
3435 258
3436 225
3437 229
3438 250
3439 158
3440 272
3441 196
3442 227
3443 308
3444 200
3445 261
3446 174
3447 189
3448 271
3449 221
3450 189
3451 208
3452 0
3453 203
3454 190
3455 203
3456 247
3457 229
3458 201
3459 224
3460 262
3461 195
3462 217
3463 0
3464 232
3465 195
3466 154
3467 258
3468 256
3469 275
3470 209
3471 253
3472 258
3473 192
3474 242
3475 231
3476 212
3477 245
3478 278
3479 243
3480 211
3481 207
3482 167
3483 254
3484 207
3485 239
3486 199
3487 249
3488 242
3489 215
3490 203
3491 192
3492 222
3493 212
3494 232
3495 337
3496 161
3497 270
3498 246
3499 153
3500 154
3501 184
3502 208
3503 226
3504 240
3505 235
3506 168
3507 157
3508 202
3509 180
3510 170
3511 180
3512 228
3513 187
3514 235
3515 245
3516 229
3517 206
3518 237
3519 199
3520 206
3521 207
3522 234
3523 206
3524 220
3525 233
3526 222
3527 274
3528 232
3529 255
3530 202
3531 177
3532 253
3533 237
3534 227
3535 174
3536 253
3537 222
3538 205
3539 216
3540 228
3541 164
3542 272
3543 213
3544 261
3545 153
3546 232
3547 201
3548 155
3549 195
3550 251
3551 229
3552 194
3553 210
3554 201
3555 246
3556 199
3557 236
3558 230
3559 258
3560 156
3561 177
3562 284
3563 218
3564 229
3565 200
3566 240
3567 235
3568 147
3569 245
3570 190
3571 270
3572 213
3573 223
3574 109
3575 212
3576 217
3577 237
3578 263
3579 225
3580 277
3581 175
3582 227
3583 232
3584 236
3585 233
3586 185
3587 209
3588 213
3589 227
3590 140
3591 193
3592 220
3593 277
3594 231
3595 233
3596 184
3597 265
3598 273
3599 181
3600 224
3601 229
3602 209
3603 150
3604 194
3605 215
3606 157
3607 197
3608 117
3609 269
3610 232
3611 211
3612 213
3613 172
3614 152
3615 222
3616 192
3617 139
3618 215
3619 206
3620 226
3621 229
3622 210
3623 280
3624 244
3625 262
3626 230
3627 203
3628 247
3629 233
3630 248
3631 211
3632 235
3633 108
3634 181
3635 228
3636 190
3637 222
3638 212
3639 243
3640 222
3641 202
3642 231
3643 186
3644 198
3645 189
3646 246
3647 211
3648 193
3649 245
3650 300
3651 243
3652 155
3653 223
3654 199
3655 171
3656 225
3657 134
3658 211
3659 223
3660 269
3661 216
3662 214
3663 258
3664 219
3665 293
3666 234
3667 203
3668 251
3669 190
3670 193
3671 273
3672 216
3673 231
3674 173
3675 284
3676 212
3677 242
3678 218
3679 183
3680 211
3681 181
3682 227
3683 228
3684 210
3685 246
3686 256
3687 227
3688 227
3689 274
3690 216
3691 224
3692 203
3693 200
3694 247
3695 246
3696 192
3697 225
3698 216
3699 238
3700 230
3701 192
3702 256
3703 171
3704 256
3705 242
3706 200
3707 195
3708 221
3709 248
3710 191
3711 162
3712 219
3713 201
3714 237
3715 191
3716 266
3717 211
3718 243
3719 215
3720 211
3721 239
3722 159
3723 167
3724 257
3725 147
3726 145
3727 194
3728 138
3729 204
3730 297
3731 225
3732 167
3733 208
3734 221
3735 225
3736 182
3737 216
3738 168
3739 167
3740 213
3741 194
3742 189
3743 207
3744 168
3745 230
3746 202
3747 175
3748 283
3749 219
3750 230
3751 198
3752 186
3753 202
3754 228
3755 180
3756 232
3757 129
3758 227
3759 293
3760 238
3761 214
3762 187
3763 221
3764 191
3765 254
3766 225
3767 185
3768 146
3769 208
3770 235
3771 192
3772 237
3773 195
3774 226
3775 267
3776 194
3777 248
3778 171
3779 218
3780 152
3781 212
3782 166
3783 267
3784 228
3785 202
3786 203
3787 203
3788 229
3789 225
3790 206
3791 262
3792 263
3793 192
3794 253
3795 251
3796 216
3797 148
3798 232
3799 184
3800 257
3801 229
3802 233
3803 197
3804 174
3805 238
3806 204
3807 238
3808 217
3809 294
3810 262
3811 211
3812 260
3813 224
3814 250
3815 196
3816 183
3817 197
3818 226
3819 164
3820 252
3821 247
3822 174
3823 227
3824 254
3825 243
3826 233
3827 261
3828 147
3829 244
3830 190
3831 207
3832 273
3833 291
3834 279
3835 162
3836 219
3837 164
3838 171
3839 241
3840 237
3841 242
3842 202
3843 223
3844 247
3845 192
3846 226
3847 194
3848 289
3849 210
3850 190
3851 267
3852 246
3853 190
3854 189
3855 202
3856 190
3857 243
3858 223
3859 194
3860 227
3861 244
3862 253
3863 276
3864 215
3865 247
3866 190
3867 233
3868 177
3869 193
3870 238
3871 233
3872 228
3873 202
3874 237
3875 152
3876 200
3877 111
3878 248
3879 279
3880 237
3881 222
3882 250
3883 246
3884 225
3885 208
3886 220
3887 186
3888 241
3889 248
3890 219
3891 211
3892 188
3893 207
3894 284
3895 247
3896 224
3897 238
3898 174
3899 199
3900 242
3901 207
3902 238
3903 220
3904 182
3905 230
3906 196
3907 178
3908 266
3909 209
3910 158
3911 197
3912 181
3913 257
3914 261
3915 153
3916 219
3917 200
3918 235
3919 214
3920 249
3921 279
3922 249
3923 236
3924 213
3925 183
3926 213
3927 249
3928 174
3929 203
3930 207
3931 213
3932 227
3933 209
3934 271
3935 233
3936 216
3937 249
3938 238
3939 231
3940 203
3941 262
3942 209
3943 230
3944 260
3945 189
3946 225
3947 199
3948 237
3949 232
3950 206
3951 223
3952 218
3953 186
3954 166
3955 304
3956 158
3957 245
3958 222
3959 197
3960 195
3961 182
3962 246
3963 208
3964 187
3965 252
3966 198
3967 228
3968 234
3969 257
3970 235
3971 215
3972 230
3973 238
3974 158
3975 280
3976 184
3977 199
3978 268
3979 163
3980 243
3981 248
3982 221
3983 230
3984 210
3985 216
3986 197
3987 237
3988 264
3989 231
3990 250
3991 197
3992 227
3993 187
3994 186
3995 213
3996 181
3997 223
3998 220
3999 226
4000 243
4001 204
4002 193
4003 231
4004 171
4005 256
4006 238
4007 216
4008 205
4009 198
4010 192
4011 0
4012 250
4013 190
4014 189
4015 187
4016 239
4017 194
4018 236
4019 211
4020 250
4021 182
4022 238
4023 284
4024 218
4025 169
4026 150
4027 210
4028 159
4029 187
4030 265
4031 211
4032 170
4033 239
4034 306
4035 207
4036 187
4037 207
4038 215
4039 222
4040 184
4041 208
4042 245
4043 247
4044 195
4045 239
4046 227
4047 192
4048 209
4049 194
4050 238
4051 214
4052 361
4053 234
4054 257
4055 162
4056 226
4057 188
4058 226
4059 221
4060 201
4061 244
4062 241
4063 175
4064 145
4065 218
4066 174
4067 208
4068 160
4069 191
4070 183
4071 214
4072 187
4073 252
4074 219
4075 183
4076 192
4077 203
4078 180
4079 229
4080 171
4081 205
4082 204
4083 183
4084 266
4085 222
4086 242
4087 150
4088 179
4089 190
4090 253
4091 212
4092 231
4093 0
4094 199
4095 270
4096 207
4097 219
4098 189
4099 185
4100 216
4101 196
4102 227
4103 173
4104 208
4105 213
4106 128
4107 235
4108 210
4109 227
4110 244
4111 242
4112 165
4113 205
4114 177
4115 200
4116 190
4117 229
4118 197
4119 109
4120 184
4121 209
4122 228
4123 271
4124 222
4125 181
4126 195
4127 164
4128 281
4129 178
4130 183
4131 209
4132 142
4133 230
4134 277
4135 228
4136 269
4137 204
4138 224
4139 227
4140 257
4141 289
4142 186
4143 165
4144 217
4145 247
4146 207
4147 183
4148 212
4149 245
4150 228
4151 182
4152 230
4153 187
4154 239
4155 251
4156 135
4157 231
4158 222
4159 273
4160 201
4161 238
4162 220
4163 237
4164 241
4165 246
4166 201
4167 260
4168 303
4169 231
4170 239
4171 232
4172 219
4173 162
4174 192
4175 225
4176 204
4177 160
4178 234
4179 236
4180 206
4181 215
4182 164
4183 188
4184 321
4185 158
4186 253
4187 243
4188 197
4189 230
4190 189
4191 235
4192 204
4193 206
4194 225
4195 206
4196 225
4197 167
4198 141
4199 189
4200 140
4201 215
4202 165
4203 234
4204 143
4205 186
4206 145
4207 117
4208 246
4209 162
4210 281
4211 162
4212 267
4213 203
4214 188
4215 205
4216 219
4217 237
4218 255
4219 195
4220 177
4221 265
4222 254
4223 203
4224 199
4225 231
4226 95
4227 187
4228 244
4229 231
4230 202
4231 215
4232 194
4233 213
4234 222
4235 246
4236 218
4237 266
4238 217
4239 182
4240 218
4241 258
4242 226
4243 232
4244 243
4245 229
4246 230
4247 251
4248 192
4249 223
4250 266
4251 247
4252 168
4253 266
4254 196
4255 221
4256 236
4257 175
4258 217
4259 208
4260 192
4261 247
4262 190
4263 245
4264 206
4265 195
4266 199
4267 262
4268 250
4269 201
4270 200
4271 116
4272 210
4273 196
4274 223
4275 225
4276 205
4277 252
4278 205
4279 261
4280 207
4281 210
4282 213
4283 203
4284 199
4285 222
4286 219
4287 199
4288 340
4289 209
4290 264
4291 226
4292 227
4293 220
4294 186
4295 211
4296 214
4297 211
4298 185
4299 281
4300 198
4301 246
4302 218
4303 190
4304 234
4305 311
4306 247
4307 216
4308 237
4309 166
4310 131
4311 166
4312 229
4313 278
4314 240
4315 197
4316 232
4317 176
4318 269
4319 246
4320 130
4321 259
4322 256
4323 217
4324 229
4325 130
4326 254
4327 223
4328 216
4329 209
4330 237
4331 233
4332 181
4333 295
4334 200
4335 173
4336 212
4337 250
4338 200
4339 151
4340 219
4341 232
4342 203
4343 245
4344 140
4345 207
4346 215
4347 234
4348 270
4349 243
4350 246
4351 240
4352 234
4353 95
4354 181
4355 251
4356 193
4357 286
4358 207
4359 223
4360 259
4361 159
4362 231
4363 202
4364 232
4365 119
4366 115
4367 235
4368 145
4369 185
4370 262
4371 213
4372 228
4373 173
4374 229
4375 204
4376 223
4377 190
4378 229
4379 223
4380 164
4381 249
4382 300
4383 203
4384 162
4385 247
4386 259
4387 212
4388 0
4389 154
4390 206
4391 228
4392 231
4393 240
4394 194
4395 208
4396 202
4397 216
4398 172
4399 179
4400 216
4401 186
4402 226
4403 244
4404 193
4405 238
4406 204
4407 206
4408 137
4409 186
4410 195
4411 194
4412 256
4413 191
4414 265
4415 154
4416 270
4417 221
4418 208
4419 186
4420 252
4421 205
4422 224
4423 185
4424 249
4425 229
4426 354
4427 177
4428 200
4429 196
4430 214
4431 184
4432 131
4433 198
4434 251
4435 221
4436 209
4437 204
4438 211
4439 164
4440 225
4441 230
4442 252
4443 226
4444 227
4445 214
4446 222
4447 217
4448 229
4449 160
4450 314
4451 233
4452 239
4453 155
4454 216
4455 238
4456 200
4457 235
4458 0
4459 222
4460 231
4461 212
4462 174
4463 244
4464 227
4465 187
4466 228
4467 221
4468 208
4469 213
4470 229
4471 254
4472 174
4473 206
4474 195
4475 175
4476 219
4477 174
4478 208
4479 155
4480 253
4481 252
4482 221
4483 224
4484 260
4485 184
4486 274
4487 159
4488 238
4489 274
4490 233
4491 184
4492 191
4493 248
4494 237
4495 253
4496 321
4497 212
4498 199
4499 263
4500 284
4501 173
4502 226
4503 176
4504 221
4505 229
4506 245
4507 226
4508 206
4509 230
4510 147
4511 200
4512 224
4513 230
4514 185
4515 238
4516 198
4517 174
4518 204
4519 197
4520 224
4521 214
4522 195
4523 156
4524 193
4525 274
4526 230
4527 202
4528 198
4529 192
4530 241
4531 221
4532 219
4533 147
4534 186
4535 195
4536 170
4537 210
4538 222
4539 194
4540 213
4541 170
4542 234
4543 251
4544 188
4545 238
4546 249
4547 229
4548 228
4549 183
4550 182
4551 199
4552 189
4553 260
4554 202
4555 180
4556 175
4557 201
4558 72
4559 171
4560 215
4561 173
4562 339
4563 215
4564 207
4565 211
4566 213
4567 288
4568 225
4569 196
4570 296
4571 215
4572 213
4573 204
4574 236
4575 221
4576 219
4577 250
4578 247
4579 215
4580 255
4581 175
4582 212
4583 244
4584 189
4585 215
4586 249
4587 149
4588 245
4589 183
4590 244
4591 193
4592 190
4593 273
4594 221
4595 253
4596 166
4597 197
4598 237
4599 281
4600 207
4601 241
4602 201
4603 204
4604 295
4605 229
4606 180
4607 251
4608 174
4609 206
4610 224
4611 219
4612 183
4613 218
4614 160
4615 235
4616 221
4617 190
4618 231
4619 212
4620 234
4621 172
4622 202
4623 277
4624 247
4625 186
4626 169
4627 201
4628 220
4629 158
4630 184
4631 207
4632 268
4633 285
4634 242
4635 0
4636 217
4637 202
4638 230
4639 223
4640 216
4641 264
4642 193
4643 224
4644 186
4645 303
4646 162
4647 136
4648 195
4649 222
4650 164
4651 241
4652 301
4653 263
4654 204
4655 199
4656 244
4657 247
4658 283
4659 180
4660 244
4661 182
4662 246
4663 230
4664 220
4665 271
4666 211
4667 269
4668 312
4669 234
4670 147
4671 197
4672 265
4673 129
4674 240
4675 270
4676 154
4677 204
4678 131
4679 197
4680 186
4681 261
4682 161
4683 222
4684 148
4685 141
4686 180
4687 197
4688 163
4689 129
4690 208
4691 211
4692 141
4693 232
4694 161
4695 250
4696 208
4697 183
4698 215
4699 168
4700 238
4701 219
4702 250
4703 163
4704 240
4705 213
4706 0
4707 253
4708 262
4709 221
4710 175
4711 278
4712 202
4713 168
4714 262
4715 210
4716 238
4717 174
4718 278
4719 192
4720 212
4721 167
4722 202
4723 218
4724 196
4725 226
4726 221
4727 103
4728 303
4729 238
4730 124
4731 154
4732 208
4733 218
4734 200
4735 163
4736 203
4737 225
4738 223
4739 237
4740 206
4741 134
4742 255
4743 227
4744 245
4745 213
4746 252
4747 205
4748 228
4749 264
4750 179
4751 259
4752 189
4753 225
4754 262
4755 213
4756 246
4757 173
4758 201
4759 177
4760 244
4761 237
4762 210
4763 179
4764 265
4765 179
4766 197
4767 194
4768 210
4769 229
4770 213
4771 195
4772 217
4773 231
4774 191
4775 283
4776 214
4777 187
4778 213
4779 255
4780 213
4781 217
4782 138
4783 166
4784 239
4785 250
4786 237
4787 237
4788 215
4789 234
4790 197
4791 211
4792 247
4793 211
4794 194
4795 270
4796 235
4797 245
4798 222
4799 242
4800 230
4801 219
4802 227
4803 214
4804 178
4805 221
4806 182
4807 0
4808 234
4809 202
4810 244
4811 189
4812 242
4813 274
4814 211
4815 203
4816 214
4817 186
4818 229
4819 231
4820 247
4821 204
4822 233
4823 191
4824 269
4825 177
4826 236
4827 243
4828 225
4829 240
4830 191
4831 207
4832 211
4833 171
4834 237
4835 265
4836 269
4837 209
4838 222
4839 228
4840 182
4841 216
4842 310
4843 157
4844 162
4845 239
4846 206
4847 201
4848 220
4849 195
4850 169
4851 220
4852 244
4853 241
4854 240
4855 174
4856 194
4857 226
4858 230
4859 286
4860 270
4861 222
4862 193
4863 250
4864 215
4865 194
4866 175
4867 193
4868 241
4869 207
4870 209
4871 223
4872 215
4873 245
4874 189
4875 251
4876 235
4877 215
4878 147
4879 131
4880 170
4881 278
4882 200
4883 225
4884 233
4885 281
4886 222
4887 211
4888 219
4889 237
4890 150
4891 137
4892 216
4893 226
4894 289
4895 198
4896 223
4897 262
4898 199
4899 211
4900 223
4901 245
4902 244
4903 172
4904 249
4905 193
4906 176
4907 240
4908 217
4909 240
4910 240
4911 235
4912 298
4913 212
4914 229
4915 196
4916 263
4917 225
4918 189
4919 201
4920 277
4921 172
4922 216
4923 220
4924 210
4925 187
4926 243
4927 227
4928 0
4929 267
4930 222
4931 216
4932 196
4933 206
4934 190
4935 0
4936 201
4937 248
4938 228
4939 272
4940 267
4941 215
4942 208
4943 190
4944 213
4945 265
4946 274
4947 207
4948 192
4949 245
4950 309
4951 194
4952 223
4953 269
4954 206
4955 0
4956 248
4957 220
4958 224
4959 194
4960 245
4961 134
4962 235
4963 228
4964 164
4965 211
4966 209
4967 210
4968 204
4969 217
4970 216
4971 229
4972 223
4973 0
4974 179
4975 225
4976 238
4977 160
4978 215
4979 228
4980 221
4981 241
4982 209
4983 151
4984 118
4985 241
4986 218
4987 258
4988 196
4989 256
4990 181
4991 237
4992 184
4993 223
4994 186
4995 269
4996 241
4997 227
4998 201
4999 231
5000 321
5001 200
5002 208
5003 164
5004 234
5005 224
5006 219
5007 247
5008 249
5009 269
5010 293
5011 217
5012 172
5013 239
5014 198
5015 171
5016 200
5017 202
5018 225
5019 264
5020 153
5021 187
5022 0
5023 168
5024 213
5025 238
5026 168
5027 249
5028 219
5029 188
5030 221
5031 220
5032 193
5033 221
5034 171
5035 218
5036 205
5037 243
5038 216
5039 221
5040 206
5041 186
5042 221
5043 237
5044 240
5045 139
5046 262
5047 169
5048 205
5049 225
5050 254
5051 230
5052 158
5053 224
5054 227
5055 191
5056 180
5057 271
5058 211
5059 178
5060 211
5061 192
5062 260
5063 187
5064 221
5065 207
5066 186
5067 216
5068 264
5069 226
5070 226
5071 241
5072 230
5073 232
5074 201
5075 225
5076 207
5077 199
5078 205
5079 248
5080 255
5081 214
5082 260
5083 228
5084 220
5085 214
5086 227
5087 237
5088 225
5089 196
5090 206
5091 190
5092 175
5093 195
5094 290
5095 220
5096 234
5097 203
5098 264
5099 205
5100 356
5101 234
5102 228
5103 229
5104 206
5105 250
5106 174
5107 197
5108 233
5109 278
5110 172
5111 245
5112 242
5113 241
5114 213
5115 201
5116 252
5117 212
5118 224
5119 180
5120 234
5121 240
5122 207
5123 218
5124 218
5125 214
5126 189
5127 243
5128 210
5129 230
5130 327
5131 287
5132 267
5133 275
5134 223
5135 195
5136 199
5137 208
5138 215
5139 197
5140 208
5141 193
5142 209
5143 178
5144 217
5145 183
5146 161
5147 197
5148 254
5149 202
5150 243
5151 171
5152 302
5153 195
5154 218
5155 185
5156 192
5157 214
5158 188
5159 246
5160 155
5161 281
5162 238
5163 198
5164 147
5165 184
5166 261
5167 249
5168 128
5169 200
5170 226
5171 243
5172 225
5173 183
5174 191
5175 175
5176 204
5177 257
5178 212
5179 224
5180 173
5181 227
5182 232
5183 211
5184 254
5185 211
5186 229
5187 145
5188 201
5189 0
5190 192
5191 151
5192 169
5193 230
5194 283
5195 224
5196 212
5197 187
5198 181
5199 240
5200 215
5201 203
5202 202
5203 163
5204 260
5205 173
5206 183
5207 181
5208 182
5209 173
5210 174
5211 209
5212 209
5213 243
5214 232
5215 224
5216 239
5217 263
5218 179
5219 259
5220 169
5221 172
5222 245
5223 220
5224 191
5225 180
5226 219
5227 302
5228 230
5229 247
5230 221
5231 218
5232 208
5233 0
5234 210
5235 264
5236 228
5237 278
5238 158
5239 231
5240 201
5241 246
5242 225
5243 230
5244 190
5245 222
5246 207
5247 180
5248 250
5249 251
5250 208
5251 217
5252 183
5253 236
5254 169
5255 242
5256 290
5257 226
5258 219
5259 186
5260 193
5261 178
5262 198
5263 240
5264 248
5265 263
5266 174
5267 206
5268 203
5269 175
5270 159
5271 219
5272 179
5273 221
5274 223
5275 193
5276 265
5277 220
5278 209
5279 226
5280 218
5281 236
5282 227
5283 165
5284 232
5285 191
5286 183
5287 227
5288 211
5289 242
5290 187
5291 211
5292 214
5293 205
5294 177
5295 215
5296 220
5297 224
5298 285
5299 248
5300 237
5301 239
5302 148
5303 238
5304 228
5305 171
5306 255
5307 238
5308 217
5309 260
5310 218
5311 197
5312 0
5313 189
5314 178
5315 162
5316 161
5317 224
5318 227
5319 193
5320 231
5321 172
5322 216
5323 214
5324 13
5325 206
5326 241
5327 192
5328 264
5329 264
5330 213
5331 272
5332 202
5333 227
5334 190
5335 248
5336 186
5337 182
5338 213
5339 208
5340 220
5341 212
5342 294
5343 277
5344 263
5345 225
5346 255
5347 230
5348 222
5349 204
5350 165
5351 216
5352 261
5353 149
5354 252
5355 229
5356 180
5357 223
5358 217
5359 250
5360 204
5361 264
5362 217
5363 185
5364 204
5365 161
5366 211
5367 240
5368 206
5369 194
5370 265
5371 178
5372 201
5373 270
5374 179
5375 205
5376 272
5377 323
5378 234
5379 232
5380 238
5381 207
5382 219
5383 226
5384 278
5385 183
5386 275
5387 200
5388 174
5389 207
5390 219
5391 198
5392 174
5393 244
5394 200
5395 166
5396 249
5397 209
5398 210
5399 246
5400 203
5401 197
5402 266
5403 223
5404 191
5405 208
5406 309
5407 246
5408 196
5409 235
5410 237
5411 157
5412 259
5413 220
5414 153
5415 264
5416 212
5417 177
5418 185
5419 180
5420 192
5421 231
5422 218
5423 177
5424 201
5425 299
5426 187
5427 256
5428 229
5429 230
5430 215
5431 231
5432 289
5433 183
5434 189
5435 242
5436 255
5437 275
5438 226
5439 255
5440 142
5441 199
5442 290
5443 193
5444 214
5445 240
5446 209
5447 235
5448 251
5449 0
5450 206
5451 232
5452 160
5453 246
5454 195
5455 230
5456 202
5457 229
5458 219
5459 261
5460 211
5461 232
5462 227
5463 213
5464 159
5465 211
5466 185
5467 284
5468 229
5469 228
5470 252
5471 276
5472 283
5473 288
5474 193
5475 177
5476 185
5477 193
5478 217
5479 195
5480 184
5481 220
5482 176
5483 230
5484 224
5485 220
5486 256
5487 214
5488 154
5489 231
5490 277
5491 236
5492 227
5493 220
5494 234
5495 196
5496 216
5497 166
5498 222
5499 163
5500 219
5501 186
5502 327
5503 184
5504 206
5505 193
5506 242
5507 247
5508 244
5509 202
5510 201
5511 256
5512 223
5513 208
5514 239
5515 207
5516 216
5517 166
5518 216
5519 176
5520 178
5521 153
5522 217
5523 192
5524 247
5525 220
5526 230
5527 182
5528 262
5529 151
5530 178
5531 256
5532 163
5533 228
5534 225
5535 273
5536 232
5537 184
5538 241
5539 131
5540 244
5541 284
5542 240
5543 268
5544 196
5545 182
5546 227
5547 212
5548 271
5549 255
5550 243
5551 278
5552 191
5553 251
5554 211
5555 261
5556 207
5557 284
5558 222
5559 211
5560 218
5561 245
5562 208
5563 200
5564 65
5565 193
5566 206
5567 209
5568 252
5569 242
5570 0
5571 169
5572 156
5573 223
5574 344
5575 246
5576 373
5577 180
5578 241
5579 143
5580 213
5581 245
5582 0
5583 192
5584 213
5585 254
5586 226
5587 213
5588 244
5589 259
5590 242
5591 172
5592 231
5593 192
5594 232
5595 161
5596 198
5597 189
5598 205
5599 215
5600 215
5601 222
5602 219
5603 198
5604 261
5605 174
5606 193
5607 243
5608 217
5609 285
5610 202
5611 195
5612 227
5613 247
5614 210
5615 224
5616 245
5617 0
5618 355
5619 224
5620 302
5621 250
5622 218
5623 222
5624 221
5625 214
5626 143
5627 187
5628 272
5629 179
5630 210
5631 247
5632 242
5633 188
5634 207
5635 197
5636 228
5637 212
5638 258
5639 205
5640 213
5641 227
5642 246
5643 173
5644 222
5645 241
5646 263
5647 209
5648 193
5649 226
5650 270
5651 286
5652 197
5653 188
5654 235
5655 219
5656 180
5657 248
5658 259
5659 181
5660 226
5661 227
5662 217
5663 287
5664 313
5665 225
5666 332
5667 185
5668 189
5669 194
5670 150
5671 237
5672 193
5673 215
5674 245
5675 209
5676 228
5677 194
5678 238
5679 225
5680 221
5681 114
5682 251
5683 191
5684 253
5685 227
5686 264
5687 218
5688 216
5689 0
5690 175
5691 172
5692 191
5693 226
5694 232
5695 219
5696 259
5697 205
5698 276
5699 293
5700 195
5701 155
5702 0
5703 236
5704 222
5705 222
5706 182
5707 204
5708 218
5709 235
5710 211
5711 225
5712 261
5713 179
5714 183
5715 168
5716 216
5717 220
5718 207
5719 209
5720 204
5721 256
5722 213
5723 260
5724 219
5725 199
5726 257
5727 147
5728 233
5729 188
5730 271
5731 197
5732 165
5733 258
5734 254
5735 242
5736 252
5737 283
5738 152
5739 143
5740 211
5741 201
5742 234
5743 221
5744 305
5745 243
5746 249
5747 197
5748 210
5749 159
5750 192
5751 196
5752 253
5753 217
5754 222
5755 264
5756 256
5757 245
5758 260
5759 207
5760 222
5761 220
5762 244
5763 237
5764 284
5765 245
5766 192
5767 174
5768 225
5769 175
5770 244
5771 257
5772 191
5773 222
5774 193
5775 191
5776 160
5777 218
5778 176
5779 181
5780 203
5781 240
5782 187
5783 217
5784 224
5785 204
5786 301
5787 128
5788 231
5789 118
5790 177
5791 200
5792 210
5793 217
5794 267
5795 219
5796 294
5797 213
5798 229
5799 163
5800 0
5801 252
5802 237
5803 173
5804 167
5805 213
5806 247
5807 243
5808 178
5809 213
5810 230
5811 191
5812 222
5813 203
5814 216
5815 0
5816 200
5817 240
5818 278
5819 189
5820 200
5821 218
5822 223
5823 267
5824 240
5825 200
5826 218
5827 190
5828 204
5829 227
5830 145
5831 209
5832 228
5833 222
5834 207
5835 198
5836 143
5837 225
5838 178
5839 218
5840 173
5841 238
5842 302
5843 251
5844 233
5845 235
5846 214
5847 240
5848 212
5849 254
5850 280
5851 248
5852 243
5853 292
5854 200
5855 289
5856 249
5857 202
5858 195
5859 235
5860 255
5861 259
5862 225
5863 221
5864 189
5865 205
5866 225
5867 221
5868 257
5869 259
5870 252
5871 212
5872 174
5873 210
5874 216
5875 193
5876 209
5877 172
5878 308
5879 184
5880 266
5881 208
5882 278
5883 256
5884 216
5885 213
5886 235
5887 240
5888 250
5889 343
5890 212
5891 243
5892 197
5893 179
5894 167
5895 255
5896 236
5897 206
5898 230
5899 168
5900 188
5901 196
5902 352
5903 203
5904 229
5905 223
5906 198
5907 243
5908 168
5909 219
5910 241
5911 110
5912 259
5913 212
5914 245
5915 183
5916 234
5917 247
5918 126
5919 203
5920 200
5921 229
5922 187
5923 246
5924 188
5925 187
5926 148
5927 246
5928 244
5929 258
5930 264
5931 175
5932 286
5933 163
5934 232
5935 233
5936 265
5937 214
5938 195
5939 264
5940 189
5941 229
5942 205
5943 190
5944 229
5945 211
5946 245
5947 151
5948 236
5949 171
5950 180
5951 271
5952 204
5953 273
5954 207
5955 240
5956 199
5957 204
5958 179
5959 203
5960 222
5961 219
5962 268
5963 227
5964 282
5965 175
5966 174
5967 230
5968 275
5969 239
5970 213
5971 223
5972 192
5973 205
5974 239
5975 182
5976 264
5977 164
5978 267
5979 302
5980 233
5981 264
5982 257
5983 212
5984 207
5985 188
5986 233
5987 226
5988 249
5989 262
5990 263
5991 151
5992 235
5993 286
5994 196
5995 232
5996 134
5997 176
5998 219
5999 240
6000 243
6001 221
6002 200
6003 154
6004 278
6005 334
6006 247
6007 187
6008 217
6009 195
6010 219
6011 148
6012 315
6013 120
6014 172
6015 184
6016 219
6017 256
6018 197
6019 216
6020 219
6021 177
6022 237
6023 160
6024 249
6025 233
6026 174
6027 227
6028 240
6029 210
6030 254
6031 231
6032 212
6033 248
6034 221
6035 253
6036 175
6037 120
6038 192
6039 240
6040 162
6041 249
6042 241
6043 183
6044 186
6045 243
6046 240
6047 230
6048 245
6049 164
6050 183
6051 257
6052 232
6053 243
6054 288
6055 205
6056 216
6057 149
6058 242
6059 219
6060 250
6061 257
6062 211
6063 175
6064 220
6065 188
6066 219
6067 217
6068 243
6069 316
6070 238
6071 242
6072 202
6073 200
6074 241
6075 149
6076 282
6077 232
6078 156
6079 215
6080 201
6081 180
6082 256
6083 210
6084 165
6085 234
6086 193
6087 199
6088 207
6089 217
6090 169
6091 212
6092 122
6093 249
6094 216
6095 268
6096 247
6097 176
6098 171
6099 177
6100 223
6101 209
6102 263
6103 224
6104 206
6105 191
6106 186
6107 217
6108 225
6109 206
6110 241
6111 127
6112 267
6113 201
6114 212
6115 234
6116 296
6117 204
6118 242
6119 263
6120 209
6121 174
6122 223
6123 204
6124 197
6125 231
6126 119
6127 168
6128 209
6129 194
6130 254
6131 166
6132 125
6133 228
6134 199
6135 272
6136 247
6137 258
6138 285
6139 305
6140 137
6141 212
6142 247
6143 209
6144 221
6145 223
6146 232
6147 294
6148 205
6149 252
6150 200
6151 270
6152 238
6153 238
6154 278
6155 0
6156 308
6157 221
6158 233
6159 189
6160 230
6161 213
6162 260
6163 274
6164 257
6165 231
6166 174
6167 238
6168 239
6169 253
6170 266
6171 194
6172 233
6173 221
6174 175
6175 201
6176 219
6177 227
6178 233
6179 236
6180 234
6181 231
6182 185
6183 241
6184 192
6185 219
6186 268
6187 159
6188 207
6189 180
6190 246
6191 189
6192 232
6193 245
6194 193
6195 218
6196 250
6197 182
6198 237
6199 146
6200 183
6201 204
6202 238
6203 158
6204 296
6205 240
6206 183
6207 254
6208 215
6209 176
6210 243
6211 260
6212 194
6213 223
6214 237
6215 246
6216 241
6217 296
6218 307
6219 218
6220 163
6221 218
6222 206
6223 227
6224 247
6225 231
6226 204
6227 231
6228 181
6229 206
6230 237
6231 248
6232 270
6233 230
6234 198
6235 151
6236 82
6237 142
6238 243
6239 218
6240 206
6241 268
6242 241
6243 239
6244 141
6245 132
6246 210
6247 230
6248 222
6249 180
6250 278
6251 170
6252 215
6253 174
6254 198
6255 200
6256 129
6257 144
6258 211
6259 174
6260 202
6261 253
6262 176
6263 195
6264 208
6265 231
6266 238
6267 198
6268 246
6269 251
6270 192
6271 0
6272 208
6273 180
6274 168
6275 184
6276 160
6277 217
6278 195
6279 165
6280 243
6281 217
6282 198
6283 265
6284 211
6285 222
6286 248
6287 212
6288 188
6289 271
6290 252
6291 214
6292 202
6293 227
6294 281
6295 217
6296 159
6297 242
6298 267
6299 218
6300 285
6301 225
6302 275
6303 351
6304 231
6305 218
6306 284
6307 214
6308 195
6309 215
6310 236
6311 189
6312 196
6313 167
6314 239
6315 192
6316 212
6317 128
6318 176
6319 225
6320 169
6321 138
6322 271
6323 178
6324 205
6325 209
6326 196
6327 314
6328 209
6329 199
6330 276
6331 202
6332 179
6333 233
6334 225
6335 179
6336 211
6337 225
6338 227
6339 216
6340 207
6341 237
6342 213
6343 204
6344 235
6345 252
6346 240
6347 221
6348 211
6349 206
6350 208
6351 197
6352 250
6353 177
6354 269
6355 229
6356 239
6357 274
6358 209
6359 240
6360 226
6361 248
6362 162
6363 211
6364 204
6365 281
6366 245
6367 178
6368 229
6369 193
6370 194
6371 214
6372 207
6373 278
6374 220
6375 162
6376 219
6377 196
6378 255
6379 223
6380 263
6381 204
6382 228
6383 217
6384 131
6385 208
6386 230
6387 150
6388 198
6389 99
6390 187
6391 173
6392 203
6393 249
6394 209
6395 214
6396 208
6397 217
6398 240
6399 230
6400 222
6401 223
6402 204
6403 192
6404 242
6405 226
6406 210
6407 235
6408 259
6409 210
6410 213
6411 197
6412 148
6413 207
6414 211
6415 255
6416 247
6417 232
6418 187
6419 214
6420 227
6421 173
6422 221
6423 266
6424 264
6425 246
6426 185
6427 203
6428 300
6429 216
6430 256
6431 287
6432 157
6433 217
6434 161
6435 226
6436 216
6437 231
6438 227
6439 227
6440 205
6441 174
6442 173
6443 265
6444 205
6445 235
6446 191
6447 259
6448 232
6449 223
6450 250
6451 263
6452 223
6453 190
6454 203
6455 209
6456 218
6457 178
6458 112
6459 232
6460 208
6461 157
6462 236
6463 310
6464 161
6465 247
6466 213
6467 247
6468 201
6469 233
6470 213
6471 182
6472 255
6473 173
6474 0
6475 207
6476 290
6477 248
6478 205
6479 192
6480 112
6481 192
6482 198
6483 209
6484 228
6485 281
6486 237
6487 204
6488 256
6489 221
6490 193
6491 290
6492 215
6493 149
6494 205
6495 234
6496 162
6497 185
6498 239
6499 240
6500 230
6501 184
6502 265
6503 243
6504 263
6505 244
6506 154
6507 303
6508 176
6509 212
6510 194
6511 228
6512 242
6513 212
6514 250
6515 173
6516 229
6517 240
6518 202
6519 174
6520 212
6521 224
6522 225
6523 203
6524 204
6525 244
6526 200
6527 196
6528 257
6529 214
6530 0
6531 231
6532 186
6533 222
6534 208
6535 201
6536 196
6537 207
6538 221
6539 238
6540 195
6541 208
6542 225
6543 251
6544 202
6545 0
6546 197
6547 186
6548 206
6549 254
6550 190
6551 204
6552 101
6553 237
6554 273
6555 235
6556 195
6557 207
6558 231
6559 234
6560 207
6561 175
6562 182
6563 218
6564 211
6565 239
6566 162
6567 198
6568 166
6569 219
6570 187
6571 255
6572 177
6573 200
6574 237
6575 185
6576 183
6577 266
6578 264
6579 213
6580 168
6581 284
6582 233
6583 192
6584 171
6585 236
6586 196
6587 261
6588 232
6589 238
6590 194
6591 245
6592 171
6593 202
6594 239
6595 254
6596 248
6597 196
6598 183
6599 190
6600 230
6601 171
6602 242
6603 176
6604 229
6605 190
6606 210
6607 223
6608 291
6609 161
6610 227
6611 209
6612 161
6613 182
6614 240
6615 240
6616 169
6617 168
6618 136
6619 268
6620 168
6621 248
6622 233
6623 182
6624 224
6625 227
6626 129
6627 230
6628 194
6629 241
6630 246
6631 288
6632 229
6633 250
6634 155
6635 247
6636 205
6637 218
6638 230
6639 207
6640 258
6641 213
6642 180
6643 256
6644 231
6645 189
6646 143
6647 251
6648 237
6649 248
6650 179
6651 186
6652 241
6653 190
6654 230
6655 185
6656 189
6657 177
6658 225
6659 292
6660 277
6661 140
6662 209
6663 232
6664 284
6665 264
6666 262
6667 253
6668 180
6669 301
6670 238
6671 170
6672 174
6673 233
6674 210
6675 252
6676 184
6677 246
6678 234
6679 178
6680 181
6681 175
6682 124
6683 201
6684 213
6685 226
6686 132
6687 236
6688 230
6689 242
6690 192
6691 178
6692 172
6693 175
6694 259
6695 223
6696 241
6697 249
6698 211
6699 208
6700 212
6701 185
6702 204
6703 172
6704 218
6705 211
6706 236
6707 241
6708 184
6709 233
6710 228
6711 255
6712 196
6713 203
6714 96
6715 230
6716 231
6717 159
6718 193
6719 222
6720 318
6721 199
6722 261
6723 203
6724 190
6725 239
6726 258
6727 233
6728 278
6729 222
6730 236
6731 221
6732 205
6733 300
6734 202
6735 204
6736 209
6737 175
6738 315
6739 244
6740 177
6741 254
6742 223
6743 238
6744 257
6745 216
6746 291
6747 260
6748 282
6749 163
6750 154
6751 196
6752 247
6753 204
6754 164
6755 156
6756 215
6757 254
6758 155
6759 259
6760 213
6761 217
6762 166
6763 223
6764 231
6765 293
6766 248
6767 171
6768 179
6769 215
6770 204
6771 261
6772 215
6773 232
6774 200
6775 223
6776 174
6777 203
6778 225
6779 264
6780 265
6781 234
6782 245
6783 220
6784 182
6785 231
6786 228
6787 222
6788 156
6789 236
6790 212
6791 307
6792 198
6793 236
6794 193
6795 225
6796 242
6797 198
6798 210
6799 240
6800 202
6801 253
6802 213
6803 247
6804 246
6805 196
6806 199
6807 219
6808 151
6809 277
6810 236
6811 219
6812 261
6813 179
6814 273
6815 214
6816 170
6817 185
6818 230
6819 200
6820 264
6821 210
6822 162
6823 145
6824 194
6825 312
6826 146
6827 207
6828 169
6829 184
6830 173
6831 230
6832 238
6833 198
6834 201
6835 191
6836 155
6837 278
6838 166
6839 258
6840 227
6841 203
6842 204
6843 283
6844 171
6845 171
6846 238
6847 226
6848 211
6849 236
6850 285
6851 234
6852 197
6853 205
6854 190
6855 201
6856 200
6857 177
6858 216
6859 150
6860 198
6861 238
6862 309
6863 187
6864 202
6865 220
6866 177
6867 189
6868 207
6869 219
6870 226
6871 223
6872 186
6873 223
6874 236
6875 200
6876 225
6877 202
6878 201
6879 214
6880 157
6881 244
6882 262
6883 196
6884 154
6885 157
6886 186
6887 222
6888 167
6889 215
6890 250
6891 215
6892 203
6893 325
6894 248
6895 210
6896 218
6897 221
6898 285
6899 189
6900 233
6901 197
6902 195
6903 195
6904 245
6905 193
6906 229
6907 195
6908 230
6909 204
6910 177
6911 259
6912 198
6913 193
6914 226
6915 195
6916 169
6917 218
6918 292
6919 235
6920 184
6921 178
6922 202
6923 214
6924 257
6925 227
6926 257
6927 237
6928 216
6929 219
6930 194
6931 225
6932 225
6933 171
6934 191
6935 189
6936 251
6937 342
6938 236
6939 250
6940 228
6941 214
6942 266
6943 232
6944 188
6945 224
6946 164
6947 217
6948 194
6949 211
6950 219
6951 231
6952 229
6953 268
6954 161
6955 290
6956 214
6957 269
6958 249
6959 257
6960 189
6961 255
6962 182
6963 174
6964 217
6965 203
6966 195
6967 212
6968 243
6969 205
6970 244
6971 219
6972 264
6973 188
6974 203
6975 208
6976 218
6977 237
6978 221
6979 278
6980 191
6981 163
6982 198
6983 229
6984 213
6985 277
6986 172
6987 173
6988 235
6989 196
6990 274
6991 170
6992 157
6993 247
6994 174
6995 239
6996 236
6997 214
6998 178
6999 220
7000 161
7001 160
7002 166
7003 214
7004 215
7005 210
7006 150
7007 221
7008 196
7009 211
7010 172
7011 216
7012 237
7013 192
7014 165
7015 203
7016 225
7017 249
7018 262
7019 212
7020 262
7021 237
7022 232
7023 204
7024 214
7025 259
7026 141
7027 226
7028 166
7029 228
7030 176
7031 264
7032 251
7033 222
7034 266
7035 167
7036 277
7037 218
7038 241
7039 201
7040 248
7041 212
7042 239
7043 319
7044 206
7045 70
7046 143
7047 207
7048 220
7049 192
7050 118
7051 226
7052 257
7053 202
7054 186
7055 208
7056 120
7057 199
7058 254
7059 249
7060 218
7061 224
7062 243
7063 239
7064 183
7065 180
7066 227
7067 195
7068 233
7069 225
7070 223
7071 206
7072 233
7073 129
7074 235
7075 229
7076 231
7077 150
7078 346
7079 197
7080 232
7081 196
7082 220
7083 208
7084 207
7085 263
7086 238
7087 182
7088 257
7089 217
7090 264
7091 214
7092 255
7093 228
7094 218
7095 184
7096 185
7097 232
7098 226
7099 202
7100 209
7101 213
7102 177
7103 208
7104 234
7105 263
7106 189
7107 207
7108 257
7109 195
7110 199
7111 189
7112 181
7113 180
7114 259
7115 169
7116 202
7117 249
7118 206
7119 209
7120 179
7121 250
7122 148
7123 291
7124 251
7125 220
7126 270
7127 165
7128 243
7129 223
7130 268
7131 227
7132 221
7133 202
7134 199
7135 223
7136 204
7137 210
7138 214
7139 244
7140 221
7141 231
7142 249
7143 210
7144 253
7145 234
7146 222
7147 249
7148 235
7149 262
7150 172
7151 220
7152 226
7153 238
7154 157
7155 230
7156 235
7157 253
7158 226
7159 236
7160 187
7161 204
7162 232
7163 141
7164 184
7165 187
7166 226
7167 236
7168 235
7169 222
7170 215
7171 241
7172 189
7173 216
7174 224
7175 233
7176 204
7177 159
7178 239
7179 209
7180 214
7181 246
7182 120
7183 236
7184 208
7185 202
7186 212
7187 99
7188 231
7189 155
7190 237
7191 247
7192 232
7193 214
7194 205
7195 263
7196 229
7197 216
7198 239
7199 196
7200 221
7201 262
7202 216
7203 246
7204 294
7205 215
7206 186
7207 242
7208 221
7209 240
7210 218
7211 239
7212 257
7213 178
7214 256
7215 337
7216 233
7217 203
7218 219
7219 214
7220 241
7221 265
7222 240
7223 242
7224 220
7225 218
7226 224
7227 250
7228 227
7229 206
7230 173
7231 182
7232 181
7233 170
7234 227
7235 154
7236 292
7237 201
7238 218
7239 202
7240 211
7241 204
7242 284
7243 276
7244 235
7245 231
7246 146
7247 210
7248 214
7249 238
7250 263
7251 180
7252 235
7253 236
7254 218
7255 248
7256 248
7257 219
7258 217
7259 218
7260 232
7261 193
7262 200
7263 274
7264 166
7265 242
7266 235
7267 249
7268 207
7269 218
7270 251
7271 251
7272 250
7273 204
7274 262
7275 197
7276 248
7277 91
7278 220
7279 212
7280 194
7281 234
7282 228
7283 228
7284 307
7285 225
7286 247
7287 238
7288 254
7289 203
7290 204
7291 174
7292 240
7293 217
7294 229
7295 203
7296 234
7297 246
7298 236
7299 241
7300 194
7301 249
7302 178
7303 169
7304 198
7305 186
7306 255
7307 232
7308 207
7309 261
7310 199
7311 234
7312 190
7313 209
7314 236
7315 171
7316 216
7317 247
7318 246
7319 167
7320 199
7321 172
7322 302
7323 206
7324 212
7325 240
7326 208
7327 233
7328 203
7329 243
7330 278
7331 230
7332 238
7333 196
7334 239
7335 247
7336 222
7337 195
7338 91
7339 178
7340 308
7341 188
7342 237
7343 222
7344 227
7345 256
7346 131
7347 180
7348 0
7349 168
7350 230
7351 210
7352 248
7353 266
7354 219
7355 235
7356 223
7357 278
7358 251
7359 238
7360 210
7361 251
7362 295
7363 179
7364 179
7365 217
7366 206
7367 119
7368 234
7369 218
7370 221
7371 192
7372 210
7373 226
7374 161
7375 233
7376 208
7377 231
7378 141
7379 262
7380 177
7381 232
7382 238
7383 199
7384 132
7385 292
7386 225
7387 262
7388 290
7389 178
7390 203
7391 161
7392 161
7393 222
7394 236
7395 222
7396 177
7397 225
7398 175
7399 175
7400 228
7401 187
7402 160
7403 245
7404 192
7405 250
7406 159
7407 225
7408 197
7409 266
7410 221
7411 198
7412 227
7413 228
7414 238
7415 213
7416 247
7417 205
7418 216
7419 199
7420 251
7421 214
7422 158
7423 255
7424 225
7425 242
7426 208
7427 231
7428 297
7429 282
7430 275
7431 247
7432 193
7433 293
7434 221
7435 207
7436 164
7437 245
7438 293
7439 251
7440 205
7441 212
7442 206
7443 240
7444 196
7445 240
7446 151
7447 178
7448 193
7449 176
7450 216
7451 237
7452 69
7453 229
7454 214
7455 285
7456 250
7457 228
7458 244
7459 197
7460 160
7461 196
7462 195
7463 218
7464 232
7465 260
7466 308
7467 232
7468 230
7469 282
7470 192
7471 250
7472 212
7473 197
7474 229
7475 203
7476 190
7477 208
7478 211
7479 288
7480 240
7481 270
7482 197
7483 241
7484 168
7485 0
7486 217
7487 217
7488 239
7489 215
7490 194
7491 239
7492 239
7493 203
7494 226
7495 180
7496 211
7497 210
7498 215
7499 213
7500 216
7501 279
7502 215
7503 218
7504 179
7505 222
7506 219
7507 128
7508 214
7509 196
7510 244
7511 155
7512 196
7513 172
7514 217
7515 235
7516 215
7517 202
7518 207
7519 200
7520 250
7521 204
7522 210
7523 252
7524 253
7525 244
7526 196
7527 210
7528 115
7529 186
7530 225
7531 224
7532 213
7533 203
7534 242
7535 259
7536 176
7537 206
7538 170
7539 234
7540 190
7541 221
7542 210
7543 222
7544 203
7545 196
7546 199
7547 188
7548 213
7549 188
7550 206
7551 279
7552 214
7553 313
7554 120
7555 164
7556 259
7557 217
7558 155
7559 224
7560 299
7561 225
7562 288
7563 212
7564 227
7565 218
7566 265
7567 223
7568 197
7569 226
7570 231
7571 257
7572 228
7573 180
7574 215
7575 260
7576 204
7577 177
7578 218
7579 202
7580 234
7581 160
7582 276
7583 208
7584 214
7585 192
7586 239
7587 149
7588 214
7589 227
7590 223
7591 238
7592 218
7593 216
7594 173
7595 218
7596 255
7597 213
7598 248
7599 200
7600 254
7601 146
7602 252
7603 0
7604 231
7605 205
7606 210
7607 214
7608 193
7609 172
7610 214
7611 207
7612 303
7613 218
7614 205
7615 208
7616 240
7617 206
7618 189
7619 190
7620 168
7621 237
7622 237
7623 186
7624 257
7625 167
7626 224
7627 235
7628 300
7629 302
7630 224
7631 174
7632 200
7633 142
7634 306
7635 213
7636 283
7637 223
7638 168
7639 194
7640 248
7641 222
7642 224
7643 227
7644 212
7645 190
7646 155
7647 146
7648 254
7649 214
7650 210
7651 316
7652 152
7653 0
7654 254
7655 236
7656 254
7657 278
7658 225
7659 238
7660 234
7661 187
7662 223
7663 198
7664 196
7665 209
7666 172
7667 190
7668 301
7669 234
7670 209
7671 211
7672 273
7673 219
7674 203
7675 149
7676 248
7677 240
7678 193
7679 180
7680 217
7681 238
7682 194
7683 189
7684 203
7685 215
7686 235
7687 233
7688 205
7689 156
7690 224
7691 206
7692 241
7693 195
7694 0
7695 234
7696 224
7697 214
7698 229
7699 193
7700 249
7701 300
7702 216
7703 185
7704 228
7705 226
7706 0
7707 252
7708 225
7709 124
7710 212
7711 207
7712 204
7713 176
7714 293
7715 213
7716 217
7717 211
7718 221
7719 222
7720 271
7721 186
7722 207
7723 181
7724 262
7725 213
7726 180
7727 133
7728 209
7729 250
7730 154
7731 166
7732 209
7733 224
7734 216
7735 267
7736 264
7737 212
7738 288
7739 207
7740 194
7741 186
7742 174
7743 0
7744 231
7745 284
7746 184
7747 207
7748 242
7749 192
7750 251
7751 219
7752 171
7753 239
7754 196
7755 219
7756 224
7757 169
7758 245
7759 235
7760 197
7761 277
7762 248
7763 220
7764 253
7765 221
7766 198
7767 277
7768 298
7769 225
7770 227
7771 255
7772 281
7773 220
7774 243
7775 164
7776 280
7777 228
7778 228
7779 187
7780 247
7781 157
7782 253
7783 261
7784 277
7785 170
7786 174
7787 174
7788 285
7789 195
7790 259
7791 233
7792 219
7793 261
7794 227
7795 175
7796 270
7797 200
7798 219
7799 248
7800 260
7801 295
7802 261
7803 164
7804 194
7805 303
7806 179
7807 232
7808 235
7809 177
7810 232
7811 210
7812 170
7813 196
7814 215
7815 229
7816 170
7817 184
7818 224
7819 195
7820 266
7821 233
7822 248
7823 207
7824 208
7825 176
7826 277
7827 238
7828 220
7829 151
7830 299
7831 252
7832 223
7833 228
7834 258
7835 232
7836 171
7837 189
7838 187
7839 203
7840 213
7841 211
7842 144
7843 215
7844 264
7845 185
7846 267
7847 211
7848 235
7849 217
7850 239
7851 183
7852 172
7853 167
7854 224
7855 248
7856 229
7857 226
7858 243
7859 155
7860 240
7861 182
7862 221
7863 205
7864 181
7865 218
7866 190
7867 228
7868 237
7869 186
7870 240
7871 180
7872 272
7873 176
7874 273
7875 137
7876 285
7877 268
7878 178
7879 174
7880 216
7881 175
7882 292
7883 246
7884 211
7885 243
7886 208
7887 212
7888 209
7889 251
7890 141
7891 133
7892 195
7893 176
7894 176
7895 250
7896 280
7897 188
7898 178
7899 234
7900 253
7901 204
7902 301
7903 282
7904 223
7905 193
7906 168
7907 221
7908 290
7909 221
7910 249
7911 278
7912 234
7913 186
7914 222
7915 363
7916 172
7917 222
7918 224
7919 212
7920 227
7921 268
7922 215
7923 256
7924 232
7925 202
7926 231
7927 194
7928 219
7929 142
7930 219
7931 248
7932 221
7933 270
7934 239
7935 199
7936 239
7937 204
7938 254
7939 175
7940 166
7941 178
7942 230
7943 237
7944 181
7945 186
7946 171
7947 220
7948 203
7949 268
7950 220
7951 278
7952 234
7953 237
7954 199
7955 204
7956 259
7957 180
7958 217
7959 215
7960 253
7961 215
7962 218
7963 211
7964 230
7965 148
7966 152
7967 238
7968 225
7969 144
7970 205
7971 216
7972 203
7973 256
7974 207
7975 213
7976 191
7977 198
7978 230
7979 238
7980 207
7981 232
7982 260
7983 249
7984 222
7985 222
7986 185
7987 166
7988 189
7989 178
7990 230
7991 205
7992 216
7993 153
7994 205
7995 121
7996 212
7997 222
7998 233
7999 257
8000 289
8001 211
8002 213
8003 128
8004 224
8005 236
8006 0
8007 225
8008 260
8009 249
8010 189
8011 201
8012 213
8013 161
8014 168
8015 188
8016 217
8017 232
8018 221
8019 240
8020 260
8021 247
8022 216
8023 161
8024 332
8025 224
8026 263
8027 232
8028 222
8029 171
8030 127
8031 249
8032 188
8033 284
8034 193
8035 192
8036 203
8037 122
8038 203
8039 208
8040 215
8041 153
8042 204
8043 225
8044 230
8045 211
8046 235
8047 199
8048 250
8049 254
8050 216
8051 264
8052 218
8053 211
8054 220
8055 186
8056 228
8057 213
8058 202
8059 189
8060 221
8061 223
8062 256
8063 244
8064 211
8065 208
8066 227
8067 202
8068 220
8069 204
8070 190
8071 164
8072 199
8073 258
8074 220
8075 239
8076 201
8077 214
8078 212
8079 190
8080 288
8081 229
8082 319
8083 280
8084 243
8085 252
8086 198
8087 189
8088 233
8089 204
8090 228
8091 278
8092 205
8093 190
8094 219
8095 198
8096 199
8097 209
8098 238
8099 243
8100 217
8101 137
8102 208
8103 148
8104 212
8105 285
8106 192
8107 167
8108 184
8109 302
8110 258
8111 210
8112 270
8113 224
8114 191
8115 226
8116 193
8117 209
8118 199
8119 213
8120 166
8121 238
8122 218
8123 283
8124 239
8125 222
8126 249
8127 169
8128 0
8129 208
8130 183
8131 169
8132 229
8133 155
8134 221
8135 103
8136 229
8137 206
8138 192
8139 188
8140 172
8141 226
8142 194
8143 219
8144 202
8145 240
8146 223
8147 180
8148 246
8149 212
8150 160
8151 225
8152 225
8153 191
8154 116
8155 213
8156 206
8157 306
8158 251
8159 241
8160 94
8161 241
8162 221
8163 258
8164 234
8165 151
8166 212
8167 217
8168 220
8169 186
8170 231
8171 236
8172 228
8173 194
8174 194
8175 209
8176 241
8177 219
8178 246
8179 252
8180 219
8181 229
8182 227
8183 208
8184 240
8185 229
8186 217
8187 283
8188 300
8189 219
8190 219
8191 186
8192 296
8193 201
8194 253
8195 139
8196 216
8197 215
8198 185
8199 184
8200 206
8201 280
8202 210
8203 219
8204 323
8205 271
8206 229
8207 179
8208 189
8209 253
8210 198
8211 216
8212 191
8213 71
8214 238
8215 113
8216 162
8217 232
8218 198
8219 243
8220 216
8221 227
8222 264
8223 220
8224 168
8225 172
8226 176
8227 244
8228 192
8229 174
8230 220
8231 221
8232 169
8233 233
8234 134
8235 161
8236 214
8237 221
8238 218
8239 221
8240 218
8241 254
8242 191
8243 252
8244 204
8245 210
8246 192
8247 207
8248 246
8249 185
8250 246
8251 252
8252 195
8253 257
8254 152
8255 195
8256 254
8257 216
8258 301
8259 179
8260 202
8261 210
8262 273
8263 270
8264 230
8265 148
8266 293
8267 264
8268 214
8269 206
8270 185
8271 226
8272 230
8273 219
8274 195
8275 186
8276 255
8277 194
8278 166
8279 219
8280 223
8281 174
8282 226
8283 197
8284 237
8285 242
8286 228
8287 254
8288 214
8289 272
8290 182
8291 317
8292 187
8293 225
8294 182
8295 241
8296 215
8297 182
8298 155
8299 225
8300 240
8301 214
8302 212
8303 173
8304 241
8305 215
8306 214
8307 156
8308 230
8309 166
8310 256
8311 212
8312 212
8313 167
8314 162
8315 189
8316 135
8317 161
8318 160
8319 209
8320 200
8321 167
8322 257
8323 199
8324 182
8325 232
8326 250
8327 192
8328 196
8329 255
8330 175
8331 259
8332 216
8333 203
8334 237
8335 207
8336 148
8337 210
8338 206
8339 225
8340 251
8341 232
8342 244
8343 238
8344 220
8345 258
8346 220
8347 191
8348 208
8349 248
8350 269
8351 215
8352 285
8353 229
8354 233
8355 159
8356 230
8357 209
8358 197
8359 250
8360 181
8361 220
8362 187
8363 274
8364 182
8365 256
8366 266
8367 204
8368 168
8369 241
8370 294
8371 224
8372 248
8373 122
8374 171
8375 246
8376 266
8377 224
8378 194
8379 252
8380 210
8381 217
8382 246
8383 215
8384 213
8385 197
8386 208
8387 226
8388 227
8389 252
8390 222
8391 179
8392 223
8393 212
8394 196
8395 225
8396 236
8397 228
8398 188
8399 230
8400 221
8401 163
8402 141
8403 181
8404 226
8405 207
8406 176
8407 251
8408 279
8409 225
8410 248
8411 230
8412 257
8413 196
8414 201
8415 227
8416 165
8417 200
8418 237
8419 243
8420 237
8421 214
8422 179
8423 221
8424 224
8425 257
8426 225
8427 210
8428 221
8429 190
8430 238
8431 207
8432 227
8433 160
8434 161
8435 188
8436 244
8437 238
8438 239
8439 258
8440 207
8441 219
8442 242
8443 278
8444 201
8445 217
8446 273
8447 173
8448 227
8449 151
8450 224
8451 193
8452 257
8453 300
8454 225
8455 143
8456 235
8457 169
8458 198
8459 153
8460 281
8461 271
8462 188
8463 135
8464 247
8465 241
8466 269
8467 222
8468 277
8469 224
8470 216
8471 217
8472 229
8473 310
8474 248
8475 217
8476 294
8477 272
8478 206
8479 215
8480 209
8481 171
8482 271
8483 195
8484 208
8485 209
8486 242
8487 219
8488 208
8489 219
8490 261
8491 138
8492 212
8493 306
8494 173
8495 185
8496 218
8497 222
8498 199
8499 221
8500 198
8501 202
8502 230
8503 233
8504 207
8505 265
8506 241
8507 241
8508 224
8509 240
8510 195
8511 201
8512 188
8513 233
8514 200
8515 227
8516 204
8517 219
8518 250
8519 210
8520 240
8521 219
8522 228
8523 232
8524 271
8525 225
8526 201
8527 201
8528 147
8529 236
8530 223
8531 190
8532 221
8533 272
8534 231
8535 273
8536 215
8537 156
8538 197
8539 230
8540 263
8541 242
8542 276
8543 221
8544 175
8545 214
8546 186
8547 218
8548 158
8549 222
8550 170
8551 227
8552 290
8553 207
8554 179
8555 283
8556 167
8557 197
8558 218
8559 203
8560 232
8561 207
8562 271
8563 278
8564 248
8565 214
8566 219
8567 257
8568 244
8569 217
8570 240
8571 295
8572 213
8573 189
8574 280
8575 195
8576 247
8577 214
8578 186
8579 264
8580 222
8581 84
8582 197
8583 176
8584 152
8585 191
8586 199
8587 248
8588 231
8589 173
8590 178
8591 253
8592 204
8593 178
8594 259
8595 167
8596 165
8597 247
8598 149
8599 256
8600 217
8601 256
8602 170
8603 208
8604 207
8605 247
8606 175
8607 207
8608 205
8609 247
8610 224
8611 202
8612 207
8613 234
8614 216
8615 234
8616 195
8617 202
8618 244
8619 205
8620 256
8621 205
8622 215
8623 175
8624 318
8625 168
8626 224
8627 175
8628 156
8629 200
8630 234
8631 252
8632 224
8633 179
8634 239
8635 231
8636 187
8637 225
8638 167
8639 187
8640 181
8641 99
8642 250
8643 219
8644 111
8645 225
8646 166
8647 183
8648 186
8649 273
8650 175
8651 164
8652 218
8653 191
8654 188
8655 232
8656 266
8657 239
8658 270
8659 201
8660 249
8661 220
8662 216
8663 253
8664 249
8665 232
8666 142
8667 201
8668 215
8669 184
8670 233
8671 246
8672 220
8673 298
8674 198
8675 220
8676 207
8677 216
8678 222
8679 200
8680 180
8681 220
8682 220
8683 236
8684 209
8685 249
8686 169
8687 187
8688 177
8689 236
8690 178
8691 206
8692 211
8693 229
8694 210
8695 167
8696 212
8697 209
8698 221
8699 245
8700 170
8701 227
8702 201
8703 237
8704 256
8705 148
8706 180
8707 212
8708 230
8709 229
8710 217
8711 219
8712 181
8713 205
8714 218
8715 230
8716 260
8717 291
8718 225
8719 210
8720 197
8721 187
8722 124
8723 241
8724 123
8725 269
8726 216
8727 178
8728 175
8729 197
8730 179
8731 206
8732 258
8733 229
8734 236
8735 212
8736 169
8737 70
8738 263
8739 200
8740 208
8741 203
8742 246
8743 162
8744 160
8745 196
8746 204
8747 175
8748 157
8749 174
8750 201
8751 266
8752 222
8753 279
8754 222
8755 216
8756 198
8757 187
8758 238
8759 235
8760 255
8761 243
8762 210
8763 193
8764 198
8765 173
8766 192
8767 231
8768 210
8769 261
8770 231
8771 237
8772 224
8773 113
8774 218
8775 209
8776 252
8777 276
8778 209
8779 233
8780 209
8781 205
8782 244
8783 249
8784 269
8785 290
8786 216
8787 185
8788 217
8789 223
8790 203
8791 153
8792 229
8793 247
8794 268
8795 206
8796 166
8797 218
8798 216
8799 193
8800 224
8801 210
8802 78
8803 156
8804 214
8805 208
8806 170
8807 222
8808 220
8809 294
8810 200
8811 171
8812 217
8813 187
8814 207
8815 272
8816 225
8817 207
8818 162
8819 116
8820 220
8821 223
8822 200
8823 251
8824 132
8825 291
8826 177
8827 215
8828 226
8829 206
8830 184
8831 225
8832 207
8833 200
8834 265
8835 234
8836 212
8837 206
8838 180
8839 278
8840 160
8841 191
8842 284
8843 189
8844 232
8845 177
8846 197
8847 212
8848 213
8849 195
8850 277
8851 204
8852 260
8853 230
8854 177
8855 165
8856 186
8857 244
8858 233
8859 263
8860 255
8861 282
8862 197
8863 238
8864 172
8865 250
8866 241
8867 217
8868 279
8869 214
8870 274
8871 277
8872 196
8873 259
8874 198
8875 117
8876 251
8877 166
8878 269
8879 222
8880 195
8881 248
8882 236
8883 156
8884 134
8885 218
8886 175
8887 183
8888 230
8889 312
8890 266
8891 227
8892 289
8893 210
8894 290
8895 244
8896 228
8897 180
8898 175
8899 273
8900 255
8901 239
8902 249
8903 225
8904 183
8905 162
8906 239
8907 237
8908 198
8909 0
8910 216
8911 196
8912 204
8913 197
8914 212
8915 240
8916 180
8917 164
8918 181
8919 150
8920 229
8921 234
8922 205
8923 198
8924 238
8925 170
8926 147
8927 225
8928 206
8929 240
8930 188
8931 232
8932 276
8933 248
8934 247
8935 297
8936 246
8937 212
8938 200
8939 322
8940 210
8941 233
8942 188
8943 201
8944 201
8945 249
8946 214
8947 248
8948 185
8949 206
8950 174
8951 271
8952 218
8953 284
8954 227
8955 236
8956 247
8957 171
8958 252
8959 243
8960 193
8961 219
8962 184
8963 220
8964 291
8965 207
8966 202
8967 325
8968 178
8969 234
8970 252
8971 215
8972 232
8973 255
8974 173
8975 191
8976 230
8977 224
8978 203
8979 244
8980 168
8981 206
8982 166
8983 253
8984 199
8985 252
8986 143
8987 240
8988 231
8989 224
8990 137
8991 228
8992 223
8993 225
8994 241
8995 214
8996 206
8997 192
8998 191
8999 197
9000 191
9001 183
9002 221
9003 193
9004 211
9005 228
9006 210
9007 206
9008 189
9009 232
9010 222
9011 161
9012 189
9013 203
9014 211
9015 131
9016 247
9017 196
9018 0
9019 228
9020 239
9021 257
9022 242
9023 155
9024 217
9025 239
9026 171
9027 228
9028 206
9029 235
9030 198
9031 205
9032 178
9033 139
9034 255
9035 167
9036 217
9037 211
9038 216
9039 132
9040 218
9041 170
9042 224
9043 223
9044 209
9045 134
9046 205
9047 217
9048 247
9049 241
9050 227
9051 266
9052 205
9053 241
9054 187
9055 227
9056 208
9057 235
9058 172
9059 191
9060 186
9061 264
9062 242
9063 237
9064 242
9065 221
9066 237
9067 239
9068 0
9069 142
9070 169
9071 216
9072 192
9073 210
9074 192
9075 222
9076 169
9077 272
9078 175
9079 256
9080 261
9081 219
9082 214
9083 233
9084 227
9085 203
9086 174
9087 155
9088 149
9089 178
9090 212
9091 210
9092 222
9093 194
9094 239
9095 246
9096 211
9097 253
9098 263
9099 174
9100 268
9101 241
9102 229
9103 237
9104 202
9105 182
9106 192
9107 232
9108 204
9109 186
9110 211
9111 224
9112 296
9113 231
9114 220
9115 221
9116 253
9117 201
9118 250
9119 230
9120 228
9121 223
9122 184
9123 232
9124 247
9125 267
9126 181
9127 225
9128 270
9129 229
9130 150
9131 233
9132 259
9133 159
9134 196
9135 221
9136 244
9137 207
9138 197
9139 224
9140 174
9141 264
9142 233
9143 180
9144 313
9145 248
9146 190
9147 190
9148 237
9149 225
9150 264
9151 235
9152 193
9153 220
9154 189
9155 235
9156 203
9157 202
9158 210
9159 266
9160 223
9161 247
9162 212
9163 216
9164 209
9165 177
9166 227
9167 286
9168 184
9169 168
9170 200
9171 226
9172 218
9173 271
9174 231
9175 170
9176 226
9177 204
9178 224
9179 184
9180 228
9181 224
9182 193
9183 146
9184 183
9185 263
9186 205
9187 237
9188 225
9189 186
9190 209
9191 210
9192 202
9193 257
9194 211
9195 184
9196 228
9197 267
9198 190
9199 295
9200 213
9201 176
9202 255
9203 222
9204 240
9205 176
9206 242
9207 197
9208 204
9209 265
9210 195
9211 158
9212 207
9213 216
9214 273
9215 200
9216 189
9217 223
9218 204
9219 219
9220 182
9221 187
9222 226
9223 241
9224 238
9225 94
9226 228
9227 216
9228 217
9229 273
9230 232
9231 241
9232 228
9233 145
9234 217
9235 229
9236 190
9237 189
9238 210
9239 210
9240 184
9241 137
9242 219
9243 206
9244 217
9245 198
9246 180
9247 213
9248 254
9249 308
9250 230
9251 204
9252 185
9253 161
9254 216
9255 195
9256 239
9257 248
9258 152
9259 253
9260 226
9261 276
9262 199
9263 235
9264 247
9265 188
9266 223
9267 263
9268 220
9269 229
9270 198
9271 213
9272 220
9273 189
9274 207
9275 269
9276 237
9277 182
9278 242
9279 165
9280 187
9281 206
9282 204
9283 258
9284 198
9285 210
9286 198
9287 214
9288 258
9289 254
9290 209
9291 230
9292 224
9293 199
9294 176
9295 214
9296 164
9297 203
9298 164
9299 135
9300 147
9301 216
9302 245
9303 258
9304 326
9305 226
9306 160
9307 212
9308 182
9309 226
9310 232
9311 183
9312 255
9313 179
9314 167
9315 266
9316 247
9317 240
9318 181
9319 240
9320 228
9321 268
9322 210
9323 220
9324 233
9325 218
9326 247
9327 215
9328 213
9329 159
9330 236
9331 202
9332 280
9333 215
9334 231
9335 159
9336 235
9337 155
9338 207
9339 200
9340 178
9341 301
9342 209
9343 169
9344 264
9345 243
9346 193
9347 202
9348 204
9349 229
9350 217
9351 201
9352 152
9353 247
9354 170
9355 155
9356 312
9357 241
9358 174
9359 212
9360 222
9361 174
9362 215
9363 211
9364 178
9365 231
9366 279
9367 190
9368 249
9369 279
9370 175
9371 206
9372 162
9373 256
9374 166
9375 190
9376 259
9377 215
9378 236
9379 118
9380 218
9381 184
9382 188
9383 141
9384 184
9385 243
9386 197
9387 265
9388 255
9389 287
9390 269
9391 171
9392 234
9393 233
9394 169
9395 211
9396 189
9397 270
9398 255
9399 228
9400 268
9401 234
9402 272
9403 218
9404 225
9405 263
9406 138
9407 173
9408 211
9409 280
9410 277
9411 258
9412 143
9413 257
9414 271
9415 163
9416 209
9417 224
9418 220
9419 255
9420 227
9421 241
9422 277
9423 220
9424 310
9425 251
9426 243
9427 232
9428 162
9429 219
9430 203
9431 276
9432 266
9433 208
9434 226
9435 214
9436 242
9437 201
9438 231
9439 298
9440 151
9441 176
9442 255
9443 154
9444 189
9445 154
9446 226
9447 286
9448 197
9449 168
9450 196
9451 206
9452 216
9453 231
9454 243
9455 223
9456 232
9457 176
9458 177
9459 228
9460 200
9461 199
9462 230
9463 166
9464 144
9465 335
9466 196
9467 203
9468 223
9469 194
9470 234
9471 212
9472 211
9473 185
9474 151
9475 246
9476 237
9477 250
9478 202
9479 192
9480 284
9481 251
9482 249
9483 225
9484 235
9485 208
9486 190
9487 217
9488 198
9489 280
9490 232
9491 240
9492 187
9493 210
9494 257
9495 230
9496 198
9497 193
9498 220
9499 214
9500 208
9501 151
9502 228
9503 233
9504 227
9505 250
9506 208
9507 278
9508 240
9509 288
9510 305
9511 304
9512 207
9513 211
9514 220
9515 228
9516 289
9517 221
9518 165
9519 210
9520 193
9521 204
9522 194
9523 214
9524 236
9525 277
9526 287
9527 166
9528 214
9529 228
9530 239
9531 212
9532 232
9533 157
9534 233
9535 237
9536 240
9537 249
9538 171
9539 214
9540 253
9541 239
9542 227
9543 250
9544 175
9545 193
9546 202
9547 191
9548 190
9549 159
9550 184
9551 215
9552 218
9553 191
9554 227
9555 229
9556 284
9557 215
9558 200
9559 251
9560 217
9561 233
9562 261
9563 220
9564 166
9565 255
9566 251
9567 201
9568 237
9569 224
9570 195
9571 206
9572 278
9573 199
9574 256
9575 232
9576 210
9577 222
9578 184
9579 179
9580 196
9581 135
9582 207
9583 219
9584 174
9585 162
9586 213
9587 165
9588 181
9589 232
9590 206
9591 211
9592 181
9593 171
9594 224
9595 161
9596 147
9597 233
9598 198
9599 255
9600 222
9601 237
9602 242
9603 232
9604 242
9605 240
9606 193
9607 206
9608 256
9609 262
9610 236
9611 252
9612 231
9613 233
9614 163
9615 207
9616 264
9617 164
9618 208
9619 191
9620 252
9621 224
9622 208
9623 265
9624 240
9625 206
9626 200
9627 226
9628 194
9629 182
9630 198
9631 245
9632 181
9633 262
9634 225
9635 191
9636 243
9637 262
9638 243
9639 212
9640 206
9641 197
9642 251
9643 158
9644 258
9645 201
9646 209
9647 289
9648 238
9649 230
9650 195
9651 264
9652 240
9653 226
9654 249
9655 224
9656 216
9657 195
9658 182
9659 190
9660 190
9661 259
9662 235
9663 258
9664 267
9665 199
9666 231
9667 231
9668 231
9669 201
9670 206
9671 222
9672 256
9673 234
9674 217
9675 219
9676 200
9677 229
9678 221
9679 153
9680 173
9681 177
9682 225
9683 262
9684 184
9685 291
9686 160
9687 199
9688 257
9689 318
9690 241
9691 259
9692 247
9693 243
9694 213
9695 220
9696 226
9697 167
9698 272
9699 248
9700 226
9701 152
9702 199
9703 184
9704 195
9705 221
9706 219
9707 232
9708 215
9709 174
9710 246
9711 286
9712 300
9713 225
9714 238
9715 194
9716 191
9717 250
9718 218
9719 269
9720 306
9721 234
9722 238
9723 266
9724 53
9725 256
9726 215
9727 203
9728 234
9729 214
9730 237
9731 273
9732 169
9733 236
9734 199
9735 255
9736 190
9737 253
9738 245
9739 225
9740 275
9741 194
9742 212
9743 206
9744 183
9745 221
9746 219
9747 306
9748 232
9749 239
9750 257
9751 181
9752 223
9753 165
9754 222
9755 200
9756 241
9757 194
9758 201
9759 265
9760 215
9761 171
9762 234
9763 278
9764 224
9765 197
9766 228
9767 237
9768 152
9769 208
9770 179
9771 157
9772 219
9773 161
9774 214
9775 230
9776 143
9777 256
9778 234
9779 217
9780 184
9781 191
9782 42
9783 254
9784 258
9785 214
9786 219
9787 219
9788 225
9789 256
9790 233
9791 245
9792 278
9793 171
9794 143
9795 253
9796 176
9797 190
9798 206
9799 215
9800 232
9801 188
9802 186
9803 317
9804 237
9805 167
9806 192
9807 198
9808 260
9809 251
9810 222
9811 198
9812 237
9813 208
9814 273
9815 284
9816 189
9817 216
9818 150
9819 271
9820 242
9821 230
9822 140
9823 187
9824 196
9825 0
9826 324
9827 282
9828 198
9829 210
9830 204
9831 178
9832 242
9833 232
9834 216
9835 182
9836 191
9837 177
9838 243
9839 197
9840 160
9841 278
9842 216
9843 197
9844 245
9845 212
9846 162
9847 229
9848 246
9849 212
9850 164
9851 179
9852 109
9853 181
9854 170
9855 124
9856 165
9857 231
9858 210
9859 271
9860 205
9861 276
9862 227
9863 205
9864 209
9865 179
9866 239
9867 125
9868 201
9869 236
9870 205
9871 164
9872 83
9873 199
9874 281
9875 299
9876 250
9877 211
9878 237
9879 238
9880 234
9881 157
9882 206
9883 263
9884 180
9885 178
9886 205
9887 176
9888 187
9889 226
9890 228
9891 191
9892 191
9893 214
9894 189
9895 231
9896 190
9897 222
9898 188
9899 239
