Vertices: 1100
Edges: 5500
Time: 3,138 ms
Iterations: 5442
Vertex Distance
0 0
1 151
2 158
3 165
4 160
5 134
6 146
7 126
8 181
9 123
10 166
11 152
12 121
13 112
14 235
15 186
16 87
17 115
18 170
19 174
20 146
21 148
22 74
23 168
24 140
25 169
26 176
27 203
28 125
29 179
30 234
31 118
32 201
33 138
34 165
35 178
36 130
37 105
38 158
39 219
40 116
41 135
42 158
43 142
44 164
45 222
46 169
47 156
48 127
49 182
50 144
51 124
52 150
53 154
54 131
55 162
56 165
57 156
58 172
59 215
60 166
61 151
62 133
63 175
64 145
65 171
66 167
67 163
68 114
69 69
70 110
71 149
72 168
73 139
74 166
75 125
76 138
77 149
78 113
79 190
80 157
81 169
82 112
83 178
84 104
85 154
86 155
87 168
88 140
89 173
90 159
91 164
92 140
93 84
94 130
95 146
96 118
97 161
98 205
99 217
100 193
101 136
102 147
103 176
104 175
105 174
106 122
107 144
108 209
109 138
110 98
111 83
112 187
113 179
114 179
115 146
116 137
117 145
118 134
119 151
120 155
121 128
122 237
123 123
124 186
125 112
126 143
127 262
128 138
129 149
130 140
131 125
132 142
133 291
134 180
135 185
136 134
137 141
138 125
139 140
140 144
141 221
142 158
143 130
144 62
145 163
146 142
147 65
148 0
149 149
150 191
151 144
152 169
153 136
154 86
155 161
156 126
157 158
158 157
159 260
160 127
161 90
162 141
163 104
164 104
165 168
166 151
167 200
168 103
169 131
170 169
171 148
172 169
173 140
174 142
175 170
176 163
177 148
178 127
179 134
180 162
181 160
182 72
183 160
184 138
185 115
186 168
187 0
188 133
189 110
190 156
191 177
192 193
193 105
194 149
195 179
196 108
197 174
198 133
199 135
200 134
201 192
202 143
203 138
204 215
205 113
206 162
207 122
208 138
209 126
210 180
211 183
212 177
213 175
214 151
215 182
216 206
217 125
218 189
219 164
220 130
221 151
222 177
223 175
224 158
225 97
226 132
227 89
228 165
229 150
230 134
231 155
232 153
233 216
234 152
235 110
236 104
237 162
238 105
239 184
240 114
241 131
242 180
243 144
244 142
245 115
246 159
247 133
248 143
249 110
250 117
251 200
252 142
253 148
254 117
255 233
256 160
257 184
258 169
259 130
260 178
261 164
262 131
263 203
264 122
265 100
266 171
267 168
268 175
269 174
270 121
271 181
272 106
273 148
274 139
275 176
276 150
277 106
278 147
279 138
280 172
281 150
282 115
283 135
284 178
285 102
286 108
287 207
288 177
289 143
290 165
291 110
292 171
293 196
294 109
295 102
296 196
297 140
298 175
299 174
300 213
301 177
302 147
303 154
304 150
305 161
306 159
307 147
308 139
309 177
310 168
311 36
312 154
313 192
314 154
315 187
316 157
317 121
318 150
319 164
320 190
321 146
322 100
323 175
324 182
325 153
326 72
327 123
328 116
329 137
330 144
331 104
332 186
333 188
334 82
335 159
336 127
337 135
338 90
339 115
340 106
341 76
342 132
343 157
344 149
345 178
346 177
347 146
348 110
349 159
350 160
351 153
352 234
353 163
354 152
355 122
356 93
357 194
358 120
359 108
360 123
361 149
362 116
363 84
364 73
365 151
366 153
367 174
368 180
369 154
370 179
371 118
372 203
373 90
374 146
375 64
376 168
377 221
378 226
379 186
380 179
381 125
382 126
383 169
384 101
385 172
386 151
387 131
388 232
389 221
390 61
391 104
392 212
393 175
394 163
395 156
396 121
397 116
398 127
399 103
400 139
401 161
402 216
403 230
404 102
405 123
406 148
407 119
408 129
409 158
410 152
411 122
412 164
413 150
414 139
415 143
416 144
417 133
418 191
419 196
420 160
421 151
422 131
423 134
424 68
425 183
426 59
427 182
428 136
429 147
430 122
431 154
432 113
433 155
434 155
435 167
436 89
437 216
438 184
439 112
440 132
441 134
442 158
443 126
444 132
445 193
446 217
447 177
448 128
449 177
450 148
451 159
452 188
453 156
454 147
455 180
456 134
457 144
458 131
459 166
460 134
461 121
462 172
463 152
464 124
465 126
466 170
467 156
468 161
469 143
470 147
471 175
472 135
473 160
474 121
475 118
476 176
477 196
478 151
479 147
480 94
481 258
482 175
483 118
484 175
485 149
486 137
487 100
488 101
489 155
490 157
491 157
492 159
493 178
494 173
495 189
496 138
497 142
498 163
499 132
500 153
501 239
502 148
503 95
504 98
505 153
506 129
507 164
508 128
509 191
510 185
511 111
512 141
513 118
514 105
515 141
516 163
517 140
518 105
519 132
520 129
521 144
522 131
523 233
524 115
525 96
526 109
527 117
528 0
529 84
530 170
531 95
532 113
533 0
534 200
535 151
536 150
537 178
538 137
539 169
540 180
541 149
542 137
543 158
544 175
545 176
546 113
547 145
548 115
549 156
550 158
551 85
552 162
553 158
554 187
555 152
556 138
557 41
558 150
559 135
560 161
561 141
562 169
563 121
564 165
565 143
566 150
567 160
568 213
569 187
570 142
571 130
572 145
573 144
574 136
575 109
576 163
577 86
578 199
579 157
580 158
581 159
582 150
583 159
584 145
585 98
586 43
587 143
588 173
589 133
590 183
591 131
592 148
593 141
594 171
595 111
596 144
597 166
598 123
599 169
600 146
601 152
602 204
603 140
604 202
605 208
606 172
607 203
608 128
609 154
610 98
611 138
612 97
613 142
614 199
615 119
616 112
617 110
618 136
619 109
620 126
621 154
622 111
623 90
624 130
625 130
626 170
627 148
628 152
629 80
630 141
631 164
632 129
633 155
634 33
635 136
636 132
637 155
638 183
639 124
640 174
641 130
642 102
643 149
644 244
645 120
646 127
647 155
648 183
649 113
650 161
651 125
652 163
653 123
654 149
655 136
656 155
657 159
658 147
659 84
660 153
661 182
662 135
663 189
664 206
665 160
666 110
667 170
668 0
669 167
670 111
671 183
672 126
673 151
674 101
675 108
676 153
677 149
678 161
679 147
680 182
681 140
682 120
683 174
684 161
685 159
686 138
687 133
688 169
689 175
690 163
691 127
692 165
693 118
694 112
695 138
696 146
697 150
698 113
699 163
700 179
701 184
702 155
703 145
704 135
705 191
706 135
707 131
708 175
709 140
710 179
711 211
712 167
713 163
714 156
715 161
716 85
717 101
718 162
719 73
720 186
721 130
722 156
723 132
724 149
725 184
726 209
727 120
728 166
729 204
730 164
731 233
732 107
733 159
734 212
735 187
736 132
737 147
738 106
739 112
740 148
741 158
742 120
743 135
744 141
745 121
746 176
747 154
748 195
749 132
750 137
751 130
752 250
753 110
754 131
755 119
756 131
757 221
758 131
759 155
760 80
761 88
762 172
763 176
764 106
765 154
766 196
767 127
768 179
769 0
770 147
771 126
772 172
773 164
774 143
775 60
776 126
777 133
778 149
779 105
780 0
781 155
782 151
783 165
784 97
785 201
786 156
787 133
788 129
789 127
790 177
791 113
792 149
793 172
794 190
795 168
796 175
797 120
798 143
799 138
800 134
801 148
802 147
803 230
804 181
805 120
806 199
807 97
808 186
809 143
810 171
811 101
812 171
813 150
814 136
815 201
816 162
817 161
818 144
819 103
820 59
821 132
822 103
823 188
824 142
825 161
826 188
827 189
828 155
829 182
830 171
831 131
832 146
833 122
834 141
835 99
836 173
837 166
838 140
839 191
840 187
841 148
842 196
843 216
844 147
845 89
846 136
847 130
848 163
849 164
850 117
851 154
852 91
853 132
854 156
855 139
856 221
857 194
858 139
859 160
860 113
861 193
862 117
863 145
864 178
865 158
866 171
867 140
868 103
869 157
870 174
871 169
872 160
873 131
874 107
875 127
876 119
877 138
878 148
879 149
880 196
881 135
882 222
883 153
884 118
885 162
886 162
887 139
888 144
889 208
890 171
891 151
892 133
893 96
894 123
895 161
896 156
897 199
898 130
899 156
900 241
901 143
902 46
903 121
904 152
905 190
906 151
907 0
908 123
909 189
910 94
911 126
912 119
913 167
914 145
915 156
916 130
917 165
918 116
919 195
920 151
921 163
922 119
923 196
924 110
925 112
926 165
927 105
928 139
929 189
930 164
931 172
932 0
933 210
934 166
935 175
936 156
937 69
938 136
939 169
940 140
941 171
942 109
943 156
944 200
945 106
946 112
947 171
948 61
949 169
950 130
951 116
952 111
953 110
954 193
955 211
956 112
957 118
958 144
959 146
960 104
961 125
962 152
963 120
964 175
965 202
966 158
967 151
968 161
969 156
970 110
971 28
972 155
973 148
974 142
975 132
976 160
977 159
978 130
979 187
980 133
981 116
982 136
983 119
984 157
985 157
986 187
987 150
988 134
989 111
990 156
991 152
992 11
993 144
994 167
995 139
996 118
997 178
998 173
999 136
1000 119
1001 166
1002 127
1003 172
1004 140
1005 179
1006 134
1007 210
1008 163
1009 191
1010 117
1011 134
1012 170
1013 130
1014 134
1015 174
1016 138
1017 180
1018 189
1019 138
1020 130
1021 166
1022 237
1023 133
1024 117
1025 180
1026 139
1027 91
1028 164
1029 175
1030 178
1031 129
1032 137
1033 192
1034 231
1035 154
1036 195
1037 136
1038 155
1039 174
1040 140
1041 169
1042 106
1043 136
1044 101
1045 173
1046 150
1047 84
1048 0
1049 142
1050 145
1051 155
1052 109
1053 164
1054 129
1055 169
1056 134
1057 135
1058 182
1059 99
1060 146
1061 191
1062 151
1063 160
1064 79
1065 242
1066 161
1067 174
1068 158
1069 145
1070 150
1071 0
1072 149
1073 218
1074 153
1075 156
1076 137
1077 171
1078 133
1079 208
1080 181
1081 81
1082 179
1083 174
1084 162
1085 147
1086 124
1087 87
1088 160
1089 142
1090 105
1091 106
1092 163
1093 154
1094 188
1095 158
1096 158
1097 86
1098 132
1099 112
