Vertices: 8100
Edges: 40500
Time: 2,004 ms
Iterations: 40200
Vertex Distance
0 0
1 153
2 149
3 195
4 161
5 165
6 166
7 158
8 139
9 181
10 192
11 108
12 140
13 134
14 188
15 0
16 125
17 110
18 151
19 141
20 162
21 224
22 155
23 142
24 193
25 171
26 183
27 164
28 163
29 174
30 164
31 156
32 144
33 226
34 174
35 201
36 187
37 177
38 160
39 194
40 171
41 170
42 186
43 173
44 194
45 156
46 198
47 201
48 220
49 169
50 132
51 131
52 163
53 190
54 133
55 196
56 177
57 196
58 75
59 156
60 182
61 163
62 158
63 173
64 182
65 200
66 224
67 208
68 196
69 113
70 125
71 166
72 137
73 264
74 151
75 126
76 191
77 153
78 170
79 233
80 195
81 121
82 161
83 163
84 154
85 133
86 185
87 113
88 126
89 110
90 194
91 256
92 134
93 218
94 138
95 219
96 221
97 131
98 174
99 176
100 203
101 206
102 185
103 147
104 181
105 189
106 137
107 111
108 130
109 91
110 155
111 147
112 183
113 211
114 154
115 221
116 207
117 121
118 137
119 165
120 165
121 130
122 171
123 169
124 144
125 227
126 121
127 197
128 166
129 190
130 188
131 190
132 151
133 209
134 149
135 128
136 142
137 189
138 221
139 163
140 96
141 206
142 151
143 108
144 161
145 142
146 154
147 160
148 119
149 171
150 164
151 140
152 83
153 148
154 187
155 147
156 141
157 226
158 172
159 130
160 136
161 138
162 187
163 122
164 155
165 188
166 137
167 131
168 155
169 130
170 157
171 96
172 177
173 205
174 337
175 199
176 101
177 173
178 175
179 110
180 112
181 193
182 218
183 193
184 140
185 123
186 131
187 122
188 169
189 157
190 217
191 164
192 207
193 168
194 134
195 169
196 156
197 67
198 166
199 212
200 154
201 129
202 141
203 154
204 183
205 112
206 197
207 121
208 156
209 143
210 189
211 122
212 192
213 160
214 133
215 144
216 154
217 152
218 178
219 193
220 203
221 122
222 173
223 142
224 150
225 183
226 206
227 166
228 197
229 182
230 179
231 146
232 107
233 185
234 155
235 178
236 206
237 160
238 170
239 130
240 141
241 169
242 192
243 188
244 88
245 248
246 146
247 172
248 215
249 156
250 166
251 199
252 212
253 126
254 51
255 165
256 123
257 167
258 185
259 200
260 169
261 0
262 202
263 147
264 185
265 126
266 145
267 153
268 95
269 189
270 173
271 107
272 173
273 136
274 152
275 151
276 176
277 201
278 148
279 165
280 149
281 165
282 209
283 127
284 211
285 170
286 162
287 162
288 223
289 152
290 149
291 219
292 205
293 151
294 204
295 182
296 153
297 195
298 174
299 129
300 107
301 156
302 124
303 156
304 138
305 215
306 121
307 264
308 146
309 174
310 222
311 168
312 161
313 173
314 170
315 170
316 213
317 169
318 148
319 160
320 159
321 166
322 156
323 139
324 177
325 184
326 171
327 164
328 112
329 171
330 190
331 136
332 167
333 123
334 138
335 140
336 252
337 205
338 170
339 188
340 159
341 151
342 139
343 146
344 142
345 178
346 227
347 159
348 190
349 121
350 216
351 98
352 204
353 152
354 189
355 127
356 152
357 119
358 224
359 144
360 149
361 128
362 178
363 155
364 152
365 138
366 194
367 191
368 187
369 197
370 201
371 93
372 178
373 148
374 216
375 97
376 166
377 139
378 212
379 156
380 277
381 113
382 144
383 197
384 174
385 279
386 170
387 162
388 113
389 201
390 184
391 170
392 194
393 208
394 118
395 142
396 234
397 169
398 111
399 147
400 116
401 198
402 195
403 167
404 132
405 178
406 173
407 160
408 130
409 185
410 153
411 192
412 217
413 174
414 178
415 131
416 116
417 124
418 148
419 136
420 162
421 145
422 190
423 74
424 132
425 244
426 168
427 138
428 149
429 103
430 174
431 143
432 109
433 179
434 215
435 152
436 185
437 178
438 179
439 114
440 135
441 159
442 56
443 161
444 167
445 213
446 152
447 220
448 194
449 172
450 162
451 168
452 179
453 169
454 161
455 105
456 316
457 150
458 150
459 187
460 204
461 145
462 93
463 213
464 183
465 162
466 196
467 223
468 178
469 190
470 170
471 194
472 176
473 130
474 114
475 181
476 170
477 179
478 151
479 152
480 153
481 156
482 180
483 176
484 198
485 107
486 151
487 118
488 169
489 159
490 216
491 171
492 146
493 162
494 157
495 150
496 188
497 185
498 168
499 220
500 150
501 140
502 140
503 84
504 143
505 193
506 164
507 0
508 158
509 115
510 150
511 176
512 269
513 161
514 89
515 104
516 178
517 189
518 124
519 163
520 129
521 70
522 267
523 119
524 177
525 155
526 167
527 198
528 145
529 203
530 213
531 136
532 149
533 166
534 168
535 149
536 185
537 225
538 273
539 165
540 202
541 159
542 145
543 190
544 0
545 164
546 140
547 153
548 173
549 170
550 169
551 151
552 181
553 181
554 123
555 221
556 185
557 206
558 163
559 138
560 139
561 203
562 173
563 165
564 140
565 125
566 177
567 161
568 120
569 210
570 134
571 173
572 179
573 178
574 136
575 139
576 158
577 159
578 192
579 197
580 164
581 138
582 177
583 124
584 247
585 142
586 111
587 193
588 215
589 251
590 162
591 150
592 177
593 136
594 205
595 246
596 155
597 140
598 129
599 133
600 179
601 157
602 0
603 119
604 130
605 161
606 123
607 156
608 171
609 159
610 167
611 174
612 173
613 104
614 188
615 157
616 120
617 185
618 172
619 145
620 132
621 100
622 143
623 191
624 177
625 159
626 182
627 42
628 181
629 163
630 126
631 152
632 176
633 130
634 162
635 179
636 195
637 186
638 137
639 179
640 153
641 163
642 165
643 157
644 157
645 130
646 160
647 196
648 134
649 110
650 180
651 143
652 188
653 179
654 223
655 167
656 118
657 170
658 157
659 115
660 200
661 42
662 220
663 174
664 243
665 159
666 93
667 153
668 201
669 119
670 151
671 156
672 148
673 219
674 125
675 168
676 193
677 144
678 205
679 155
680 184
681 159
682 128
683 180
684 154
685 149
686 224
687 206
688 125
689 158
690 118
691 185
692 175
693 115
694 99
695 178
696 188
697 200
698 162
699 160
700 169
701 138
702 107
703 113
704 90
705 110
706 138
707 257
708 122
709 170
710 257
711 135
712 205
713 95
714 124
715 122
716 142
717 159
718 102
719 190
720 139
721 182
722 180
723 164
724 250
725 191
726 155
727 196
728 181
729 220
730 174
731 161
732 129
733 198
734 139
735 124
736 147
737 174
738 173
739 200
740 123
741 151
742 175
743 174
744 294
745 145
746 151
747 179
748 259
749 171
750 179
751 188
752 90
753 167
754 153
755 152
756 177
757 159
758 187
759 166
760 121
761 150
762 254
763 141
764 156
765 146
766 160
767 136
768 149
769 158
770 125
771 211
772 126
773 166
774 154
775 166
776 204
777 257
778 248
779 152
780 191
781 162
782 166
783 142
784 168
785 202
786 153
787 137
788 195
789 193
790 174
791 175
792 168
793 194
794 194
795 129
796 129
797 159
798 194
799 136
800 191
801 145
802 179
803 192
804 168
805 181
806 147
807 196
808 131
809 143
810 158
811 164
812 182
813 173
814 126
815 176
816 233
817 184
818 187
819 175
820 191
821 184
822 157
823 189
824 215
825 148
826 173
827 227
828 147
829 189
830 153
831 189
832 157
833 155
834 44
835 171
836 209
837 133
838 194
839 127
840 232
841 0
842 189
843 180
844 142
845 186
846 170
847 195
848 128
849 172
850 166
851 176
852 143
853 115
854 148
855 133
856 153
857 151
858 146
859 154
860 143
861 173
862 119
863 140
864 176
865 225
866 136
867 174
868 138
869 159
870 147
871 152
872 169
873 192
874 121
875 119
876 186
877 177
878 195
879 148
880 171
881 207
882 187
883 139
884 235
885 153
886 179
887 138
888 176
889 161
890 231
891 166
892 145
893 137
894 113
895 251
896 204
897 177
898 206
899 149
900 174
901 146
902 195
903 174
904 161
905 176
906 173
907 197
908 165
909 198
910 196
911 219
912 133
913 83
914 168
915 159
916 159
917 199
918 184
919 142
920 176
921 156
922 123
923 221
924 120
925 146
926 170
927 101
928 141
929 137
930 166
931 216
932 197
933 170
934 123
935 172
936 145
937 182
938 133
939 176
940 188
941 158
942 160
943 124
944 135
945 175
946 95
947 183
948 160
949 177
950 139
951 148
952 181
953 135
954 190
955 131
956 194
957 110
958 220
959 148
960 169
961 181
962 251
963 102
964 112
965 134
966 79
967 162
968 149
969 212
970 179
971 149
972 179
973 154
974 187
975 161
976 179
977 161
978 143
979 134
980 180
981 142
982 215
983 168
984 174
985 193
986 162
987 160
988 104
989 262
990 143
991 196
992 137
993 161
994 175
995 230
996 157
997 255
998 193
999 196
1000 173
1001 173
1002 154
1003 233
1004 138
1005 163
1006 0
1007 190
1008 154
1009 189
1010 137
1011 181
1012 189
1013 114
1014 177
1015 189
1016 205
1017 199
1018 163
1019 161
1020 160
1021 151
1022 175
1023 153
1024 173
1025 142
1026 138
1027 99
1028 172
1029 168
1030 174
1031 163
1032 187
1033 191
1034 136
1035 132
1036 197
1037 99
1038 144
1039 178
1040 208
1041 154
1042 192
1043 165
1044 76
1045 174
1046 167
1047 194
1048 176
1049 151
1050 177
1051 79
1052 205
1053 198
1054 76
1055 171
1056 121
1057 149
1058 252
1059 113
1060 129
1061 164
1062 168
1063 143
1064 218
1065 174
1066 169
1067 204
1068 149
1069 181
1070 133
1071 165
1072 192
1073 184
1074 142
1075 141
1076 176
1077 184
1078 133
1079 149
1080 188
1081 125
1082 150
1083 189
1084 216
1085 182
1086 196
1087 154
1088 99
1089 134
1090 151
1091 139
1092 195
1093 199
1094 199
1095 101
1096 139
1097 148
1098 177
1099 165
1100 115
1101 167
1102 185
1103 173
1104 100
1105 163
1106 207
1107 152
1108 142
1109 187
1110 162
1111 160
1112 177
1113 130
1114 216
1115 185
1116 150
1117 207
1118 220
1119 136
1120 189
1121 195
1122 168
1123 168
1124 168
1125 178
1126 200
1127 130
1128 168
1129 182
1130 194
1131 193
1132 193
1133 132
1134 238
1135 172
1136 135
1137 160
1138 147
1139 193
1140 197
1141 123
1142 167
1143 167
1144 205
1145 131
1146 149
1147 181
1148 138
1149 148
1150 200
1151 168
1152 172
1153 182
1154 167
1155 169
1156 186
1157 172
1158 121
1159 133
1160 149
1161 174
1162 92
1163 140
1164 164
1165 173
1166 168
1167 134
1168 122
1169 218
1170 160
1171 128
1172 166
1173 141
1174 171
1175 187
1176 180
1177 214
1178 203
1179 210
1180 202
1181 132
1182 75
1183 95
1184 172
1185 119
1186 204
1187 129
1188 192
1189 128
1190 195
1191 108
1192 174
1193 128
1194 153
1195 152
1196 147
1197 125
1198 229
1199 158
1200 197
1201 183
1202 141
1203 176
1204 180
1205 98
1206 177
1207 168
1208 104
1209 204
1210 226
1211 178
1212 169
1213 156
1214 0
1215 135
1216 166
1217 160
1218 190
1219 123
1220 202
1221 202
1222 193
1223 153
1224 194
1225 216
1226 146
1227 101
1228 147
1229 178
1230 159
1231 155
1232 154
1233 248
1234 114
1235 137
1236 138
1237 263
1238 190
1239 149
1240 87
1241 75
1242 118
1243 174
1244 162
1245 185
1246 157
1247 158
1248 180
1249 176
1250 172
1251 110
1252 148
1253 206
1254 116
1255 42
1256 144
1257 163
1258 213
1259 133
1260 104
1261 176
1262 134
1263 135
1264 159
1265 152
1266 174
1267 121
1268 198
1269 193
1270 196
1271 178
1272 84
1273 145
1274 128
1275 169
1276 165
1277 191
1278 158
1279 159
1280 123
1281 199
1282 117
1283 205
1284 168
1285 131
1286 105
1287 199
1288 214
1289 173
1290 156
1291 187
1292 154
1293 176
1294 128
1295 193
1296 178
1297 142
1298 133
1299 119
1300 132
1301 155
1302 189
1303 162
1304 179
1305 95
1306 133
1307 206
1308 72
1309 176
1310 133
1311 145
1312 175
1313 147
1314 133
1315 157
1316 142
1317 159
1318 193
1319 193
1320 188
1321 213
1322 180
1323 220
1324 140
1325 123
1326 180
1327 159
1328 167
1329 118
1330 158
1331 157
1332 179
1333 160
1334 182
1335 157
1336 189
1337 137
1338 159
1339 193
1340 150
1341 201
1342 202
1343 174
1344 155
1345 213
1346 146
1347 115
1348 141
1349 187
1350 152
1351 206
1352 144
1353 178
1354 134
1355 145
1356 123
1357 156
1358 166
1359 147
1360 188
1361 130
1362 163
1363 167
1364 198
1365 143
1366 175
1367 187
1368 116
1369 141
1370 114
1371 157
1372 183
1373 160
1374 192
1375 161
1376 159
1377 208
1378 128
1379 198
1380 187
1381 149
1382 184
1383 145
1384 177
1385 168
1386 217
1387 91
1388 172
1389 248
1390 184
1391 119
1392 146
1393 197
1394 171
1395 143
1396 159
1397 150
1398 113
1399 168
1400 117
1401 203
1402 153
1403 112
1404 203
1405 106
1406 198
1407 152
1408 113
1409 174
1410 200
1411 97
1412 149
1413 178
1414 128
1415 126
1416 174
1417 141
1418 169
1419 168
1420 157
1421 137
1422 221
1423 150
1424 124
1425 184
1426 175
1427 167
1428 145
1429 107
1430 181
1431 120
1432 201
1433 164
1434 138
1435 185
1436 189
1437 186
1438 143
1439 161
1440 164
1441 204
1442 46
1443 170
1444 147
1445 167
1446 166
1447 127
1448 157
1449 144
1450 139
1451 145
1452 156
1453 185
1454 212
1455 167
1456 167
1457 157
1458 153
1459 175
1460 160
1461 199
1462 179
1463 124
1464 161
1465 109
1466 181
1467 180
1468 211
1469 169
1470 226
1471 111
1472 163
1473 116
1474 175
1475 236
1476 156
1477 198
1478 164
1479 237
1480 167
1481 178
1482 98
1483 203
1484 166
1485 143
1486 199
1487 99
1488 151
1489 191
1490 138
1491 123
1492 157
1493 154
1494 164
1495 158
1496 226
1497 181
1498 143
1499 154
1500 169
1501 101
1502 172
1503 179
1504 163
1505 157
1506 230
1507 138
1508 205
1509 151
1510 176
1511 134
1512 207
1513 112
1514 233
1515 184
1516 157
1517 160
1518 170
1519 173
1520 91
1521 0
1522 131
1523 110
1524 145
1525 165
1526 156
1527 149
1528 247
1529 161
1530 157
1531 136
1532 169
1533 170
1534 76
1535 150
1536 164
1537 162
1538 139
1539 156
1540 173
1541 200
1542 164
1543 150
1544 82
1545 153
1546 161
1547 174
1548 191
1549 130
1550 158
1551 148
1552 234
1553 207
1554 175
1555 173
1556 179
1557 178
1558 188
1559 185
1560 139
1561 98
1562 183
1563 148
1564 190
1565 175
1566 157
1567 130
1568 163
1569 186
1570 170
1571 127
1572 329
1573 149
1574 164
1575 173
1576 206
1577 153
1578 95
1579 158
1580 117
1581 182
1582 198
1583 141
1584 120
1585 168
1586 188
1587 156
1588 173
1589 263
1590 170
1591 142
1592 188
1593 161
1594 171
1595 158
1596 157
1597 124
1598 177
1599 100
1600 162
1601 199
1602 216
1603 187
1604 113
1605 125
1606 172
1607 77
1608 180
1609 122
1610 147
1611 234
1612 120
1613 195
1614 181
1615 180
1616 69
1617 170
1618 197
1619 213
1620 161
1621 126
1622 238
1623 151
1624 184
1625 51
1626 159
1627 169
1628 196
1629 175
1630 209
1631 154
1632 189
1633 141
1634 128
1635 147
1636 113
1637 180
1638 171
1639 164
1640 113
1641 151
1642 206
1643 184
1644 181
1645 205
1646 139
1647 123
1648 137
1649 153
1650 140
1651 201
1652 167
1653 156
1654 179
1655 157
1656 168
1657 138
1658 197
1659 141
1660 142
1661 141
1662 153
1663 223
1664 245
1665 176
1666 169
1667 171
1668 173
1669 176
1670 139
1671 159
1672 174
1673 151
1674 138
1675 237
1676 134
1677 176
1678 180
1679 133
1680 176
1681 121
1682 174
1683 162
1684 146
1685 152
1686 192
1687 150
1688 174
1689 184
1690 175
1691 224
1692 151
1693 169
1694 159
1695 208
1696 123
1697 208
1698 136
1699 170
1700 138
1701 125
1702 214
1703 143
1704 182
1705 182
1706 192
1707 171
1708 169
1709 185
1710 137
1711 182
1712 184
1713 182
1714 185
1715 149
1716 174
1717 118
1718 140
1719 166
1720 122
1721 71
1722 200
1723 170
1724 160
1725 163
1726 107
1727 272
1728 105
1729 136
1730 167
1731 173
1732 187
1733 149
1734 194
1735 150
1736 141
1737 206
1738 164
1739 169
1740 84
1741 131
1742 150
1743 190
1744 182
1745 196
1746 221
1747 167
1748 152
1749 162
1750 175
1751 160
1752 204
1753 151
1754 121
1755 183
1756 136
1757 176
1758 187
1759 151
1760 188
1761 90
1762 91
1763 0
1764 192
1765 198
1766 190
1767 198
1768 129
1769 158
1770 236
1771 131
1772 157
1773 150
1774 151
1775 185
1776 158
1777 181
1778 147
1779 235
1780 173
1781 173
1782 138
1783 157
1784 179
1785 225
1786 112
1787 162
1788 200
1789 193
1790 203
1791 121
1792 145
1793 229
1794 142
1795 158
1796 169
1797 156
1798 170
1799 151
1800 173
1801 157
1802 207
1803 151
1804 154
1805 216
1806 147
1807 171
1808 174
1809 175
1810 156
1811 268
1812 197
1813 132
1814 134
1815 126
1816 245
1817 221
1818 178
1819 141
1820 144
1821 119
1822 157
1823 169
1824 153
1825 176
1826 189
1827 0
1828 239
1829 139
1830 128
1831 70
1832 132
1833 188
1834 171
1835 225
1836 152
1837 207
1838 172
1839 142
1840 130
1841 179
1842 168
1843 196
1844 190
1845 119
1846 163
1847 168
1848 0
1849 125
1850 149
1851 158
1852 160
1853 126
1854 191
1855 150
1856 238
1857 185
1858 121
1859 177
1860 213
1861 192
1862 187
1863 215
1864 188
1865 170
1866 161
1867 215
1868 170
1869 168
1870 151
1871 170
1872 157
1873 150
1874 121
1875 93
1876 144
1877 182
1878 150
1879 174
1880 192
1881 147
1882 194
1883 153
1884 160
1885 101
1886 138
1887 154
1888 148
1889 180
1890 207
1891 118
1892 146
1893 165
1894 143
1895 126
1896 184
1897 131
1898 174
1899 135
1900 167
1901 204
1902 183
1903 182
1904 184
1905 182
1906 67
1907 176
1908 153
1909 122
1910 190
1911 154
1912 187
1913 212
1914 206
1915 203
1916 234
1917 138
1918 172
1919 149
1920 136
1921 152
1922 147
1923 153
1924 169
1925 115
1926 163
1927 167
1928 146
1929 159
1930 158
1931 169
1932 146
1933 176
1934 195
1935 263
1936 145
1937 149
1938 172
1939 115
1940 115
1941 141
1942 121
1943 64
1944 186
1945 131
1946 171
1947 218
1948 144
1949 163
1950 234
1951 131
1952 162
1953 144
1954 183
1955 143
1956 119
1957 190
1958 174
1959 149
1960 161
1961 136
1962 172
1963 160
1964 173
1965 211
1966 169
1967 183
1968 191
1969 141
1970 205
1971 170
1972 187
1973 120
1974 153
1975 142
1976 180
1977 145
1978 113
1979 159
1980 155
1981 167
1982 120
1983 171
1984 211
1985 146
1986 186
1987 181
1988 176
1989 68
1990 121
1991 131
1992 189
1993 319
1994 193
1995 151
1996 0
1997 126
1998 266
1999 110
2000 208
2001 190
2002 138
2003 150
2004 147
2005 155
2006 184
2007 153
2008 236
2009 197
2010 139
2011 207
2012 177
2013 213
2014 210
2015 207
2016 171
2017 148
2018 181
2019 184
2020 205
2021 182
2022 202
2023 75
2024 217
2025 122
2026 172
2027 152
2028 159
2029 170
2030 217
2031 117
2032 171
2033 178
2034 167
2035 179
2036 142
2037 115
2038 65
2039 120
2040 169
2041 172
2042 84
2043 130
2044 167
2045 88
2046 163
2047 83
2048 288
2049 163
2050 193
2051 147
2052 120
2053 75
2054 131
2055 163
2056 165
2057 189
2058 193
2059 170
2060 150
2061 208
2062 222
2063 214
2064 238
2065 153
2066 142
2067 150
2068 228
2069 203
2070 188
2071 152
2072 214
2073 212
2074 182
2075 0
2076 189
2077 141
2078 159
2079 98
2080 170
2081 177
2082 159
2083 106
2084 84
2085 114
2086 125
2087 150
2088 151
2089 157
2090 203
2091 160
2092 152
2093 143
2094 125
2095 159
2096 198
2097 154
2098 198
2099 116
2100 125
2101 71
2102 182
2103 133
2104 136
2105 152
2106 223
2107 156
2108 250
2109 146
2110 199
2111 196
2112 110
2113 142
2114 120
2115 188
2116 181
2117 198
2118 164
2119 128
2120 186
2121 157
2122 95
2123 119
2124 140
2125 145
2126 160
2127 175
2128 185
2129 128
2130 161
2131 145
2132 189
2133 171
2134 78
2135 159
2136 145
2137 198
2138 217
2139 188
2140 107
2141 202
2142 77
2143 0
2144 199
2145 42
2146 161
2147 175
2148 230
2149 145
2150 181
2151 231
2152 249
2153 113
2154 216
2155 43
2156 140
2157 103
2158 166
2159 167
2160 145
2161 156
2162 204
2163 170
2164 177
2165 100
2166 134
2167 86
2168 134
2169 164
2170 169
2171 192
2172 138
2173 129
2174 201
2175 146
2176 119
2177 135
2178 139
2179 217
2180 177
2181 184
2182 164
2183 225
2184 191
2185 148
2186 191
2187 111
2188 100
2189 113
2190 128
2191 153
2192 259
2193 199
2194 179
2195 132
2196 179
2197 164
2198 215
2199 156
2200 107
2201 149
2202 172
2203 176
2204 137
2205 150
2206 144
2207 174
2208 167
2209 123
2210 196
2211 172
2212 132
2213 118
2214 0
2215 137
2216 200
2217 146
2218 205
2219 144
2220 190
2221 119
2222 49
2223 171
2224 158
2225 144
2226 146
2227 176
2228 124
2229 136
2230 118
2231 151
2232 157
2233 139
2234 178
2235 189
2236 139
2237 161
2238 130
2239 191
2240 191
2241 178
2242 177
2243 136
2244 162
2245 167
2246 162
2247 183
2248 115
2249 127
2250 169
2251 131
2252 160
2253 135
2254 154
2255 212
2256 216
2257 187
2258 174
2259 178
2260 217
2261 176
2262 125
2263 152
2264 174
2265 162
2266 211
2267 112
2268 163
2269 95
2270 189
2271 104
2272 181
2273 174
2274 127
2275 156
2276 187
2277 138
2278 212
2279 192
2280 225
2281 163
2282 129
2283 182
2284 141
2285 0
2286 207
2287 215
2288 140
2289 168
2290 219
2291 198
2292 188
2293 189
2294 184
2295 245
2296 180
2297 170
2298 135
2299 155
2300 160
2301 152
2302 147
2303 209
2304 159
2305 116
2306 153
2307 151
2308 58
2309 140
2310 152
2311 152
2312 204
2313 134
2314 172
2315 188
2316 197
2317 174
2318 53
2319 159
2320 182
2321 177
2322 126
2323 166
2324 180
2325 141
2326 136
2327 215
2328 201
2329 152
2330 143
2331 157
2332 180
2333 166
2334 148
2335 198
2336 172
2337 215
2338 98
2339 92
2340 194
2341 127
2342 213
2343 147
2344 147
2345 149
2346 197
2347 189
2348 212
2349 205
2350 157
2351 200
2352 210
2353 166
2354 185
2355 195
2356 155
2357 167
2358 184
2359 183
2360 97
2361 187
2362 165
2363 227
2364 135
2365 192
2366 142
2367 143
2368 189
2369 167
2370 136
2371 186
2372 189
2373 156
2374 141
2375 190
2376 212
2377 181
2378 134
2379 178
2380 150
2381 0
2382 127
2383 224
2384 145
2385 146
2386 176
2387 210
2388 206
2389 151
2390 184
2391 120
2392 209
2393 187
2394 175
2395 141
2396 156
2397 94
2398 189
2399 162
2400 89
2401 134
2402 162
2403 167
2404 217
2405 160
2406 263
2407 207
2408 192
2409 177
2410 161
2411 146
2412 145
2413 175
2414 151
2415 133
2416 76
2417 165
2418 50
2419 170
2420 203
2421 168
2422 203
2423 138
2424 135
2425 158
2426 194
2427 155
2428 181
2429 177
2430 161
2431 155
2432 131
2433 133
2434 143
2435 197
2436 157
2437 109
2438 70
2439 181
2440 98
2441 151
2442 249
2443 183
2444 146
2445 191
2446 200
2447 175
2448 112
2449 223
2450 171
2451 125
2452 191
2453 125
2454 135
2455 144
2456 159
2457 140
2458 172
2459 170
2460 161
2461 133
2462 180
2463 161
2464 195
2465 133
2466 59
2467 148
2468 172
2469 97
2470 153
2471 152
2472 218
2473 157
2474 152
2475 191
2476 213
2477 158
2478 146
2479 166
2480 153
2481 177
2482 189
2483 170
2484 211
2485 141
2486 215
2487 157
2488 151
2489 126
2490 144
2491 113
2492 177
2493 106
2494 111
2495 175
2496 141
2497 74
2498 138
2499 144
2500 101
2501 151
2502 111
2503 137
2504 125
2505 161
2506 212
2507 205
2508 161
2509 169
2510 224
2511 204
2512 153
2513 159
2514 79
2515 175
2516 123
2517 184
2518 142
2519 183
2520 207
2521 127
2522 110
2523 153
2524 130
2525 167
2526 141
2527 258
2528 144
2529 191
2530 157
2531 156
2532 161
2533 146
2534 192
2535 181
2536 131
2537 130
2538 180
2539 186
2540 152
2541 229
2542 112
2543 144
2544 177
2545 173
2546 260
2547 132
2548 186
2549 130
2550 174
2551 192
2552 177
2553 147
2554 185
2555 131
2556 213
2557 61
2558 214
2559 138
2560 201
2561 167
2562 173
2563 207
2564 128
2565 158
2566 143
2567 167
2568 170
2569 165
2570 195
2571 121
2572 173
2573 142
2574 196
2575 196
2576 191
2577 106
2578 172
2579 234
2580 147
2581 173
2582 192
2583 152
2584 205
2585 173
2586 205
2587 134
2588 141
2589 181
2590 147
2591 156
2592 196
2593 157
2594 221
2595 224
2596 161
2597 172
2598 159
2599 176
2600 177
2601 96
2602 149
2603 170
2604 233
2605 167
2606 105
2607 164
2608 186
2609 49
2610 144
2611 131
2612 149
2613 150
2614 153
2615 179
2616 175
2617 118
2618 183
2619 101
2620 198
2621 204
2622 165
2623 149
2624 145
2625 198
2626 214
2627 162
2628 116
2629 143
2630 0
2631 171
2632 146
2633 169
2634 102
2635 199
2636 156
2637 78
2638 161
2639 177
2640 130
2641 115
2642 118
2643 202
2644 160
2645 162
2646 170
2647 65
2648 175
2649 150
2650 165
2651 136
2652 142
2653 98
2654 170
2655 216
2656 166
2657 164
2658 174
2659 189
2660 198
2661 122
2662 140
2663 95
2664 159
2665 129
2666 203
2667 196
2668 280
2669 168
2670 160
2671 196
2672 240
2673 272
2674 195
2675 183
2676 148
2677 145
2678 131
2679 120
2680 166
2681 149
2682 159
2683 152
2684 139
2685 163
2686 179
2687 146
2688 112
2689 158
2690 200
2691 267
2692 173
2693 116
2694 155
2695 169
2696 149
2697 198
2698 164
2699 186
2700 167
2701 165
2702 229
2703 176
2704 119
2705 158
2706 187
2707 68
2708 180
2709 192
2710 161
2711 103
2712 168
2713 219
2714 73
2715 164
2716 269
2717 145
2718 115
2719 134
2720 175
2721 134
2722 151
2723 169
2724 190
2725 169
2726 154
2727 165
2728 146
2729 137
2730 119
2731 182
2732 147
2733 171
2734 181
2735 204
2736 136
2737 175
2738 139
2739 153
2740 117
2741 188
2742 192
2743 159
2744 131
2745 148
2746 164
2747 142
2748 133
2749 136
2750 164
2751 193
2752 182
2753 195
2754 145
2755 112
2756 163
2757 186
2758 110
2759 192
2760 200
2761 157
2762 163
2763 160
2764 156
2765 188
2766 116
2767 159
2768 148
2769 277
2770 131
2771 121
2772 150
2773 131
2774 187
2775 161
2776 152
2777 93
2778 138
2779 98
2780 157
2781 130
2782 60
2783 170
2784 221
2785 207
2786 210
2787 185
2788 202
2789 138
2790 168
2791 202
2792 125
2793 113
2794 161
2795 269
2796 111
2797 210
2798 125
2799 108
2800 150
2801 207
2802 189
2803 178
2804 165
2805 207
2806 91
2807 175
2808 158
2809 188
2810 178
2811 155
2812 153
2813 141
2814 99
2815 197
2816 193
2817 186
2818 119
2819 183
2820 151
2821 182
2822 203
2823 152
2824 152
2825 167
2826 145
2827 162
2828 163
2829 144
2830 147
2831 125
2832 173
2833 177
2834 177
2835 167
2836 165
2837 127
2838 204
2839 131
2840 227
2841 176
2842 168
2843 146
2844 157
2845 152
2846 176
2847 150
2848 152
2849 171
2850 195
2851 184
2852 191
2853 166
2854 213
2855 146
2856 192
2857 223
2858 127
2859 170
2860 139
2861 161
2862 120
2863 121
2864 135
2865 153
2866 175
2867 173
2868 209
2869 188
2870 150
2871 147
2872 163
2873 148
2874 202
2875 106
2876 165
2877 104
2878 169
2879 177
2880 145
2881 127
2882 135
2883 167
2884 159
2885 115
2886 124
2887 127
2888 107
2889 132
2890 157
2891 77
2892 182
2893 150
2894 140
2895 176
2896 103
2897 130
2898 128
2899 178
2900 147
2901 219
2902 169
2903 179
2904 180
2905 183
2906 172
2907 170
2908 181
2909 184
2910 191
2911 100
2912 240
2913 90
2914 172
2915 201
2916 154
2917 164
2918 198
2919 163
2920 168
2921 155
2922 234
2923 144
2924 224
2925 309
2926 174
2927 142
2928 163
2929 173
2930 199
2931 133
2932 218
2933 129
2934 169
2935 140
2936 93
2937 202
2938 166
2939 173
2940 178
2941 206
2942 140
2943 174
2944 186
2945 124
2946 177
2947 144
2948 250
2949 239
2950 192
2951 180
2952 183
2953 207
2954 180
2955 105
2956 133
2957 190
2958 119
2959 185
2960 178
2961 128
2962 159
2963 189
2964 161
2965 210
2966 136
2967 187
2968 141
2969 148
2970 106
2971 120
2972 218
2973 142
2974 143
2975 136
2976 193
2977 219
2978 137
2979 121
2980 179
2981 213
2982 150
2983 164
2984 125
2985 153
2986 130
2987 163
2988 169
2989 101
2990 186
2991 104
2992 139
2993 177
2994 149
2995 194
2996 133
2997 189
2998 122
2999 176
3000 198
3001 132
3002 208
3003 131
3004 161
3005 179
3006 164
3007 114
3008 175
3009 102
3010 174
3011 170
3012 133
3013 150
3014 180
3015 194
3016 214
3017 0
3018 199
3019 241
3020 144
3021 140
3022 156
3023 147
3024 147
3025 193
3026 158
3027 166
3028 208
3029 189
3030 194
3031 209
3032 159
3033 211
3034 194
3035 178
3036 176
3037 145
3038 166
3039 204
3040 232
3041 140
3042 164
3043 152
3044 168
3045 173
3046 148
3047 129
3048 162
3049 133
3050 212
3051 155
3052 192
3053 149
3054 133
3055 185
3056 129
3057 140
3058 159
3059 150
3060 63
3061 198
3062 207
3063 134
3064 134
3065 207
3066 153
3067 163
3068 216
3069 147
3070 215
3071 145
3072 214
3073 189
3074 176
3075 182
3076 137
3077 196
3078 149
3079 179
3080 146
3081 167
3082 128
3083 130
3084 126
3085 188
3086 152
3087 159
3088 153
3089 220
3090 200
3091 184
3092 200
3093 100
3094 273
3095 161
3096 180
3097 159
3098 163
3099 119
3100 187
3101 183
3102 197
3103 179
3104 257
3105 154
3106 134
3107 164
3108 174
3109 81
3110 173
3111 130
3112 178
3113 172
3114 189
3115 188
3116 193
3117 155
3118 247
3119 161
3120 205
3121 193
3122 161
3123 151
3124 148
3125 152
3126 168
3127 143
3128 160
3129 90
3130 152
3131 221
3132 155
3133 231
3134 142
3135 159
3136 160
3137 151
3138 172
3139 161
3140 204
3141 129
3142 168
3143 104
3144 158
3145 163
3146 211
3147 154
3148 176
3149 179
3150 207
3151 202
3152 200
3153 173
3154 185
3155 142
3156 195
3157 158
3158 73
3159 207
3160 221
3161 174
3162 147
3163 177
3164 158
3165 136
3166 256
3167 140
3168 192
3169 150
3170 182
3171 157
3172 145
3173 171
3174 197
3175 181
3176 145
3177 149
3178 165
3179 195
3180 150
3181 160
3182 0
3183 141
3184 125
3185 192
3186 151
3187 101
3188 211
3189 173
3190 143
3191 300
3192 134
3193 203
3194 139
3195 132
3196 282
3197 169
3198 219
3199 175
3200 154
3201 131
3202 193
3203 141
3204 208
3205 190
3206 152
3207 238
3208 149
3209 213
3210 224
3211 145
3212 193
3213 163
3214 147
3215 231
3216 141
3217 140
3218 174
3219 189
3220 179
3221 178
3222 126
3223 161
3224 193
3225 227
3226 169
3227 135
3228 297
3229 212
3230 133
3231 201
3232 177
3233 201
3234 136
3235 122
3236 187
3237 146
3238 145
3239 186
3240 189
3241 157
3242 200
3243 141
3244 153
3245 240
3246 221
3247 242
3248 223
3249 175
3250 173
3251 156
3252 149
3253 155
3254 151
3255 171
3256 235
3257 143
3258 175
3259 109
3260 141
3261 175
3262 163
3263 137
3264 224
3265 246
3266 194
3267 160
3268 193
3269 136
3270 141
3271 199
3272 145
3273 169
3274 130
3275 218
3276 122
3277 117
3278 170
3279 163
3280 260
3281 116
3282 112
3283 164
3284 195
3285 141
3286 176
3287 142
3288 106
3289 159
3290 68
3291 243
3292 173
3293 142
3294 182
3295 140
3296 122
3297 188
3298 184
3299 165
3300 189
3301 177
3302 149
3303 167
3304 157
3305 128
3306 173
3307 147
3308 144
3309 239
3310 177
3311 168
3312 121
3313 76
3314 135
3315 176
3316 183
3317 45
3318 100
3319 162
3320 140
3321 91
3322 165
3323 133
3324 245
3325 181
3326 176
3327 176
3328 116
3329 0
3330 141
3331 159
3332 223
3333 165
3334 209
3335 129
3336 185
3337 141
3338 131
3339 187
3340 130
3341 59
3342 235
3343 108
3344 158
3345 207
3346 117
3347 126
3348 111
3349 163
3350 209
3351 75
3352 154
3353 159
3354 158
3355 141
3356 154
3357 157
3358 188
3359 179
3360 124
3361 233
3362 150
3363 166
3364 197
3365 202
3366 157
3367 161
3368 158
3369 131
3370 186
3371 164
3372 146
3373 130
3374 149
3375 183
3376 170
3377 218
3378 198
3379 225
3380 151
3381 176
3382 198
3383 71
3384 126
3385 123
3386 178
3387 143
3388 203
3389 177
3390 122
3391 94
3392 155
3393 165
3394 188
3395 136
3396 162
3397 163
3398 212
3399 160
3400 159
3401 115
3402 143
3403 166
3404 225
3405 183
3406 154
3407 148
3408 107
3409 157
3410 133
3411 122
3412 227
3413 207
3414 172
3415 198
3416 177
3417 130
3418 147
3419 209
3420 111
3421 90
3422 102
3423 159
3424 145
3425 163
3426 170
3427 141
3428 152
3429 121
3430 177
3431 137
3432 153
3433 184
3434 126
3435 157
3436 189
3437 131
3438 177
3439 220
3440 165
3441 228
3442 145
3443 155
3444 176
3445 194
3446 163
3447 210
3448 155
3449 163
3450 171
3451 161
3452 171
3453 136
3454 177
3455 177
3456 203
3457 193
3458 168
3459 182
3460 169
3461 158
3462 254
3463 133
3464 176
3465 151
3466 0
3467 192
3468 141
3469 155
3470 216
3471 202
3472 216
3473 260
3474 149
3475 97
3476 167
3477 34
3478 213
3479 149
3480 121
3481 131
3482 113
3483 220
3484 265
3485 165
3486 216
3487 196
3488 205
3489 166
3490 173
3491 150
3492 179
3493 94
3494 179
3495 210
3496 184
3497 208
3498 181
3499 138
3500 123
3501 145
3502 205
3503 142
3504 125
3505 165
3506 170
3507 180
3508 140
3509 122
3510 148
3511 157
3512 201
3513 139
3514 223
3515 97
3516 176
3517 198
3518 149
3519 147
3520 156
3521 154
3522 202
3523 189
3524 158
3525 181
3526 128
3527 18
3528 123
3529 41
3530 146
3531 118
3532 110
3533 164
3534 157
3535 156
3536 158
3537 155
3538 196
3539 161
3540 179
3541 190
3542 189
3543 123
3544 164
3545 170
3546 84
3547 89
3548 154
3549 180
3550 198
3551 187
3552 184
3553 0
3554 167
3555 170
3556 115
3557 174
3558 141
3559 206
3560 189
3561 213
3562 162
3563 186
3564 152
3565 159
3566 163
3567 155
3568 213
3569 44
3570 196
3571 115
3572 134
3573 176
3574 142
3575 174
3576 63
3577 146
3578 106
3579 175
3580 190
3581 157
3582 0
3583 175
3584 160
3585 163
3586 179
3587 139
3588 130
3589 165
3590 213
3591 139
3592 224
3593 144
3594 235
3595 144
3596 172
3597 264
3598 153
3599 131
3600 163
3601 171
3602 147
3603 158
3604 110
3605 158
3606 159
3607 128
3608 116
3609 189
3610 149
3611 79
3612 83
3613 202
3614 113
3615 154
3616 223
3617 192
3618 147
3619 154
3620 114
3621 169
3622 168
3623 218
3624 151
3625 135
3626 146
3627 153
3628 179
3629 174
3630 146
3631 176
3632 155
3633 140
3634 93
3635 164
3636 170
3637 80
3638 164
3639 91
3640 138
3641 159
3642 180
3643 160
3644 161
3645 162
3646 150
3647 194
3648 128
3649 141
3650 174
3651 170
3652 180
3653 198
3654 169
3655 142
3656 106
3657 155
3658 238
3659 90
3660 200
3661 176
3662 144
3663 170
3664 220
3665 144
3666 167
3667 174
3668 209
3669 116
3670 157
3671 175
3672 160
3673 166
3674 0
3675 234
3676 189
3677 108
3678 142
3679 136
3680 203
3681 161
3682 74
3683 179
3684 30
3685 103
3686 165
3687 180
3688 166
3689 151
3690 135
3691 158
3692 110
3693 183
3694 157
3695 164
3696 212
3697 139
3698 242
3699 150
3700 215
3701 115
3702 143
3703 138
3704 184
3705 159
3706 155
3707 133
3708 178
3709 164
3710 147
3711 151
3712 0
3713 216
3714 239
3715 115
3716 182
3717 162
3718 168
3719 126
3720 117
3721 222
3722 172
3723 146
3724 157
3725 133
3726 159
3727 132
3728 165
3729 214
3730 128
3731 167
3732 178
3733 132
3734 166
3735 123
3736 141
3737 162
3738 170
3739 194
3740 172
3741 139
3742 202
3743 134
3744 170
3745 207
3746 130
3747 192
3748 168
3749 169
3750 95
3751 185
3752 217
3753 171
3754 159
3755 190
3756 173
3757 157
3758 159
3759 241
3760 112
3761 250
3762 143
3763 154
3764 130
3765 189
3766 144
3767 138
3768 173
3769 133
3770 134
3771 161
3772 213
3773 181
3774 135
3775 204
3776 159
3777 128
3778 142
3779 153
3780 173
3781 148
3782 142
3783 234
3784 165
3785 163
3786 96
3787 119
3788 192
3789 189
3790 155
3791 176
3792 117
3793 155
3794 79
3795 162
3796 140
3797 204
3798 153
3799 193
3800 155
3801 166
3802 181
3803 165
3804 136
3805 159
3806 144
3807 107
3808 173
3809 190
3810 178
3811 156
3812 123
3813 200
3814 24
3815 106
3816 122
3817 177
3818 175
3819 204
3820 183
3821 163
3822 196
3823 177
3824 172
3825 83
3826 215
3827 188
3828 178
3829 156
3830 138
3831 169
3832 126
3833 144
3834 177
3835 264
3836 163
3837 150
3838 178
3839 197
3840 182
3841 125
3842 171
3843 139
3844 175
3845 158
3846 187
3847 173
3848 111
3849 194
3850 180
3851 151
3852 138
3853 178
3854 200
3855 182
3856 126
3857 169
3858 184
3859 180
3860 111
3861 173
3862 156
3863 204
3864 135
3865 144
3866 238
3867 176
3868 148
3869 106
3870 189
3871 176
3872 166
3873 211
3874 139
3875 167
3876 149
3877 167
3878 177
3879 169
3880 190
3881 185
3882 147
3883 122
3884 143
3885 167
3886 150
3887 112
3888 166
3889 85
3890 109
3891 64
3892 163
3893 149
3894 163
3895 224
3896 161
3897 163
3898 138
3899 124
3900 171
3901 98
3902 171
3903 161
3904 134
3905 181
3906 111
3907 129
3908 206
3909 170
3910 123
3911 87
3912 146
3913 183
3914 156
3915 156
3916 169
3917 160
3918 157
3919 153
3920 108
3921 134
3922 212
3923 139
3924 146
3925 139
3926 166
3927 68
3928 152
3929 167
3930 110
3931 146
3932 134
3933 189
3934 192
3935 202
3936 175
3937 172
3938 114
3939 144
3940 81
3941 182
3942 179
3943 161
3944 194
3945 151
3946 178
3947 136
3948 139
3949 172
3950 108
3951 183
3952 114
3953 164
3954 150
3955 120
3956 158
3957 151
3958 112
3959 153
3960 195
3961 135
3962 140
3963 125
3964 187
3965 193
3966 168
3967 173
3968 131
3969 52
3970 177
3971 183
3972 142
3973 266
3974 183
3975 184
3976 163
3977 212
3978 208
3979 132
3980 187
3981 92
3982 240
3983 164
3984 268
3985 225
3986 206
3987 232
3988 180
3989 110
3990 0
3991 133
3992 138
3993 136
3994 159
3995 225
3996 103
3997 185
3998 175
3999 205
4000 203
4001 229
4002 138
4003 184
4004 200
4005 135
4006 139
4007 152
4008 125
4009 141
4010 172
4011 206
4012 195
4013 139
4014 88
4015 176
4016 111
4017 179
4018 210
4019 121
4020 181
4021 148
4022 176
4023 155
4024 166
4025 127
4026 192
4027 95
4028 202
4029 168
4030 198
4031 83
4032 98
4033 187
4034 127
4035 104
4036 210
4037 183
4038 108
4039 167
4040 170
4041 151
4042 180
4043 179
4044 240
4045 148
4046 112
4047 84
4048 74
4049 154
4050 152
4051 166
4052 157
4053 151
4054 165
4055 216
4056 194
4057 143
4058 226
4059 161
4060 88
4061 198
4062 198
4063 149
4064 124
4065 128
4066 176
4067 150
4068 134
4069 166
4070 185
4071 184
4072 115
4073 167
4074 165
4075 166
4076 159
4077 177
4078 154
4079 179
4080 182
4081 130
4082 200
4083 144
4084 130
4085 172
4086 121
4087 191
4088 187
4089 199
4090 136
4091 112
4092 163
4093 142
4094 164
4095 164
4096 155
4097 179
4098 197
4099 139
4100 141
4101 201
4102 159
4103 134
4104 84
4105 193
4106 154
4107 215
4108 198
4109 144
4110 138
4111 177
4112 224
4113 176
4114 206
4115 202
4116 153
4117 129
4118 121
4119 162
4120 186
4121 194
4122 188
4123 143
4124 96
4125 38
4126 192
4127 143
4128 139
4129 256
4130 250
4131 212
4132 120
4133 255
4134 195
4135 220
4136 149
4137 156
4138 146
4139 109
4140 151
4141 146
4142 189
4143 226
4144 118
4145 120
4146 85
4147 178
4148 246
4149 145
4150 159
4151 148
4152 201
4153 180
4154 170
4155 120
4156 149
4157 162
4158 213
4159 225
4160 170
4161 161
4162 95
4163 191
4164 148
4165 218
4166 135
4167 161
4168 156
4169 166
4170 253
4171 121
4172 185
4173 131
4174 189
4175 208
4176 205
4177 135
4178 163
4179 164
4180 205
4181 143
4182 201
4183 140
4184 123
4185 177
4186 221
4187 170
4188 96
4189 167
4190 52
4191 171
4192 207
4193 162
4194 166
4195 160
4196 130
4197 180
4198 170
4199 119
4200 139
4201 168
4202 178
4203 147
4204 150
4205 224
4206 162
4207 149
4208 186
4209 138
4210 168
4211 229
4212 185
4213 155
4214 150
4215 157
4216 231
4217 168
4218 219
4219 186
4220 192
4221 173
4222 114
4223 254
4224 193
4225 202
4226 124
4227 238
4228 138
4229 159
4230 146
4231 137
4232 265
4233 148
4234 226
4235 250
4236 187
4237 167
4238 185
4239 151
4240 158
4241 96
4242 152
4243 69
4244 207
4245 185
4246 171
4247 155
4248 191
4249 177
4250 161
4251 171
4252 132
4253 173
4254 186
4255 152
4256 165
4257 157
4258 176
4259 179
4260 178
4261 152
4262 149
4263 134
4264 133
4265 115
4266 89
4267 167
4268 193
4269 200
4270 148
4271 168
4272 205
4273 41
4274 166
4275 122
4276 152
4277 140
4278 166
4279 154
4280 161
4281 165
4282 160
4283 236
4284 134
4285 210
4286 104
4287 128
4288 201
4289 150
4290 133
4291 133
4292 164
4293 195
4294 149
4295 209
4296 155
4297 178
4298 103
4299 208
4300 139
4301 156
4302 142
4303 152
4304 159
4305 136
4306 208
4307 184
4308 211
4309 155
4310 186
4311 201
4312 176
4313 172
4314 172
4315 170
4316 165
4317 174
4318 197
4319 178
4320 142
4321 99
4322 164
4323 150
4324 159
4325 180
4326 180
4327 180
4328 201
4329 233
4330 170
4331 101
4332 180
4333 171
4334 197
4335 109
4336 136
4337 137
4338 216
4339 156
4340 178
4341 118
4342 140
4343 162
4344 190
4345 138
4346 81
4347 309
4348 129
4349 195
4350 163
4351 170
4352 158
4353 179
4354 144
4355 97
4356 172
4357 217
4358 149
4359 188
4360 146
4361 282
4362 184
4363 149
4364 185
4365 209
4366 196
4367 167
4368 169
4369 155
4370 170
4371 194
4372 169
4373 153
4374 199
4375 109
4376 188
4377 143
4378 200
4379 144
4380 146
4381 142
4382 138
4383 148
4384 212
4385 163
4386 177
4387 144
4388 142
4389 177
4390 73
4391 141
4392 167
4393 193
4394 133
4395 170
4396 129
4397 157
4398 214
4399 203
4400 138
4401 160
4402 156
4403 178
4404 119
4405 173
4406 232
4407 166
4408 177
4409 194
4410 184
4411 212
4412 194
4413 151
4414 176
4415 189
4416 187
4417 116
4418 162
4419 162
4420 157
4421 172
4422 78
4423 132
4424 134
4425 109
4426 162
4427 166
4428 182
4429 193
4430 249
4431 173
4432 111
4433 180
4434 164
4435 199
4436 165
4437 151
4438 191
4439 167
4440 174
4441 136
4442 176
4443 147
4444 228
4445 198
4446 83
4447 141
4448 128
4449 221
4450 121
4451 182
4452 151
4453 181
4454 148
4455 182
4456 183
4457 161
4458 207
4459 200
4460 234
4461 176
4462 153
4463 137
4464 226
4465 155
4466 185
4467 124
4468 168
4469 122
4470 163
4471 150
4472 180
4473 150
4474 176
4475 135
4476 189
4477 163
4478 83
4479 118
4480 133
4481 162
4482 184
4483 193
4484 154
4485 81
4486 186
4487 176
4488 133
4489 107
4490 203
4491 207
4492 144
4493 107
4494 161
4495 175
4496 117
4497 142
4498 215
4499 166
4500 196
4501 216
4502 127
4503 100
4504 165
4505 161
4506 145
4507 157
4508 123
4509 153
4510 145
4511 202
4512 77
4513 211
4514 136
4515 190
4516 132
4517 179
4518 224
4519 152
4520 179
4521 132
4522 189
4523 149
4524 157
4525 151
4526 110
4527 135
4528 199
4529 150
4530 248
4531 128
4532 134
4533 173
4534 201
4535 195
4536 177
4537 182
4538 192
4539 167
4540 217
4541 214
4542 156
4543 130
4544 223
4545 165
4546 147
4547 189
4548 127
4549 143
4550 141
4551 206
4552 164
4553 174
4554 150
4555 163
4556 194
4557 208
4558 178
4559 120
4560 151
4561 111
4562 151
4563 184
4564 201
4565 132
4566 181
4567 214
4568 145
4569 113
4570 204
4571 182
4572 168
4573 272
4574 191
4575 197
4576 160
4577 181
4578 169
4579 138
4580 200
4581 148
4582 164
4583 191
4584 119
4585 151
4586 120
4587 45
4588 170
4589 202
4590 249
4591 223
4592 121
4593 197
4594 141
4595 266
4596 178
4597 182
4598 184
4599 176
4600 182
4601 209
4602 187
4603 167
4604 174
4605 191
4606 187
4607 156
4608 191
4609 167
4610 175
4611 204
4612 208
4613 158
4614 207
4615 197
4616 159
4617 207
4618 116
4619 206
4620 112
4621 182
4622 177
4623 196
4624 135
4625 154
4626 184
4627 202
4628 131
4629 160
4630 261
4631 147
4632 125
4633 133
4634 171
4635 157
4636 217
4637 256
4638 159
4639 159
4640 198
4641 180
4642 89
4643 161
4644 75
4645 209
4646 57
4647 240
4648 111
4649 190
4650 182
4651 128
4652 188
4653 122
4654 118
4655 166
4656 141
4657 198
4658 195
4659 139
4660 167
4661 223
4662 157
4663 198
4664 145
4665 183
4666 160
4667 142
4668 139
4669 156
4670 140
4671 128
4672 192
4673 153
4674 168
4675 267
4676 168
4677 180
4678 122
4679 139
4680 153
4681 187
4682 187
4683 197
4684 156
4685 183
4686 164
4687 149
4688 158
4689 111
4690 185
4691 157
4692 154
4693 199
4694 105
4695 176
4696 194
4697 124
4698 132
4699 216
4700 199
4701 185
4702 157
4703 174
4704 148
4705 157
4706 160
4707 124
4708 4
4709 87
4710 157
4711 133
4712 155
4713 145
4714 154
4715 202
4716 115
4717 85
4718 170
4719 160
4720 172
4721 167
4722 221
4723 150
4724 170
4725 200
4726 148
4727 167
4728 151
4729 105
4730 155
4731 140
4732 160
4733 173
4734 171
4735 175
4736 133
4737 0
4738 169
4739 148
4740 218
4741 187
4742 140
4743 178
4744 165
4745 160
4746 203
4747 138
4748 207
4749 187
4750 226
4751 157
4752 81
4753 83
4754 115
4755 180
4756 166
4757 211
4758 188
4759 203
4760 230
4761 189
4762 121
4763 94
4764 185
4765 180
4766 138
4767 133
4768 179
4769 180
4770 216
4771 138
4772 163
4773 169
4774 211
4775 216
4776 155
4777 180
4778 206
4779 146
4780 197
4781 142
4782 168
4783 152
4784 206
4785 178
4786 171
4787 166
4788 170
4789 132
4790 177
4791 182
4792 105
4793 122
4794 164
4795 162
4796 179
4797 189
4798 210
4799 0
4800 110
4801 156
4802 133
4803 134
4804 149
4805 174
4806 164
4807 126
4808 157
4809 202
4810 156
4811 182
4812 0
4813 172
4814 177
4815 141
4816 176
4817 111
4818 196
4819 129
4820 265
4821 193
4822 184
4823 154
4824 165
4825 0
4826 121
4827 130
4828 106
4829 202
4830 116
4831 176
4832 191
4833 146
4834 204
4835 213
4836 190
4837 123
4838 164
4839 157
4840 194
4841 215
4842 175
4843 165
4844 197
4845 168
4846 203
4847 155
4848 222
4849 148
4850 155
4851 140
4852 207
4853 185
4854 159
4855 164
4856 174
4857 158
4858 196
4859 142
4860 222
4861 103
4862 155
4863 102
4864 158
4865 163
4866 153
4867 204
4868 199
4869 151
4870 148
4871 135
4872 162
4873 156
4874 118
4875 166
4876 177
4877 199
4878 172
4879 206
4880 194
4881 141
4882 217
4883 160
4884 207
4885 234
4886 113
4887 173
4888 105
4889 112
4890 179
4891 149
4892 117
4893 156
4894 104
4895 91
4896 153
4897 0
4898 125
4899 215
4900 191
4901 230
4902 98
4903 144
4904 162
4905 174
4906 161
4907 148
4908 194
4909 174
4910 136
4911 140
4912 207
4913 117
4914 156
4915 101
4916 166
4917 173
4918 163
4919 142
4920 181
4921 99
4922 170
4923 154
4924 126
4925 145
4926 117
4927 175
4928 193
4929 109
4930 120
4931 152
4932 167
4933 155
4934 169
4935 167
4936 177
4937 228
4938 168
4939 176
4940 172
4941 221
4942 136
4943 186
4944 129
4945 181
4946 189
4947 196
4948 149
4949 208
4950 176
4951 132
4952 186
4953 123
4954 181
4955 163
4956 152
4957 91
4958 128
4959 285
4960 130
4961 216
4962 121
4963 135
4964 166
4965 197
4966 135
4967 197
4968 143
4969 189
4970 130
4971 205
4972 133
4973 0
4974 142
4975 178
4976 186
4977 153
4978 169
4979 163
4980 121
4981 157
4982 176
4983 166
4984 208
4985 195
4986 140
4987 117
4988 144
4989 129
4990 182
4991 93
4992 155
4993 176
4994 178
4995 173
4996 186
4997 177
4998 163
4999 143
5000 154
5001 198
5002 149
5003 200
5004 164
5005 151
5006 210
5007 212
5008 165
5009 163
5010 167
5011 112
5012 173
5013 142
5014 136
5015 166
5016 125
5017 79
5018 173
5019 134
5020 140
5021 148
5022 145
5023 237
5024 121
5025 164
5026 135
5027 138
5028 210
5029 158
5030 143
5031 137
5032 189
5033 202
5034 147
5035 162
5036 186
5037 164
5038 144
5039 113
5040 154
5041 173
5042 165
5043 131
5044 79
5045 158
5046 185
5047 116
5048 143
5049 199
5050 194
5051 124
5052 169
5053 142
5054 158
5055 168
5056 256
5057 266
5058 216
5059 175
5060 187
5061 151
5062 172
5063 200
5064 177
5065 150
5066 252
5067 132
5068 178
5069 253
5070 134
5071 149
5072 191
5073 157
5074 187
5075 138
5076 196
5077 138
5078 209
5079 135
5080 139
5081 91
5082 176
5083 156
5084 164
5085 185
5086 204
5087 179
5088 203
5089 169
5090 172
5091 206
5092 271
5093 149
5094 124
5095 160
5096 197
5097 157
5098 91
5099 183
5100 180
5101 150
5102 163
5103 159
5104 131
5105 158
5106 180
5107 130
5108 133
5109 184
5110 163
5111 191
5112 133
5113 161
5114 116
5115 108
5116 176
5117 172
5118 135
5119 198
5120 196
5121 160
5122 152
5123 119
5124 69
5125 146
5126 135
5127 206
5128 96
5129 161
5130 172
5131 145
5132 135
5133 259
5134 167
5135 134
5136 151
5137 151
5138 211
5139 195
5140 151
5141 187
5142 178
5143 128
5144 185
5145 196
5146 220
5147 147
5148 0
5149 197
5150 143
5151 168
5152 192
5153 156
5154 163
5155 194
5156 187
5157 142
5158 133
5159 198
5160 124
5161 132
5162 252
5163 181
5164 185
5165 218
5166 140
5167 210
5168 108
5169 153
5170 174
5171 167
5172 193
5173 168
5174 150
5175 123
5176 145
5177 149
5178 172
5179 155
5180 135
5181 163
5182 164
5183 147
5184 149
5185 156
5186 112
5187 73
5188 89
5189 273
5190 191
5191 153
5192 141
5193 182
5194 178
5195 201
5196 165
5197 137
5198 150
5199 177
5200 83
5201 145
5202 187
5203 231
5204 165
5205 177
5206 181
5207 178
5208 173
5209 172
5210 153
5211 167
5212 149
5213 212
5214 178
5215 179
5216 133
5217 147
5218 160
5219 178
5220 144
5221 157
5222 189
5223 161
5224 195
5225 191
5226 142
5227 236
5228 258
5229 142
5230 137
5231 136
5232 186
5233 154
5234 124
5235 120
5236 156
5237 177
5238 177
5239 180
5240 144
5241 162
5242 210
5243 138
5244 155
5245 130
5246 93
5247 168
5248 136
5249 166
5250 146
5251 95
5252 138
5253 8
5254 149
5255 0
5256 176
5257 183
5258 127
5259 197
5260 144
5261 146
5262 165
5263 128
5264 168
5265 155
5266 163
5267 123
5268 141
5269 158
5270 176
5271 164
5272 192
5273 198
5274 149
5275 149
5276 179
5277 179
5278 134
5279 196
5280 173
5281 115
5282 115
5283 147
5284 144
5285 181
5286 200
5287 137
5288 175
5289 135
5290 157
5291 143
5292 141
5293 166
5294 129
5295 133
5296 166
5297 149
5298 179
5299 250
5300 167
5301 121
5302 124
5303 188
5304 105
5305 144
5306 163
5307 223
5308 178
5309 152
5310 221
5311 102
5312 179
5313 137
5314 170
5315 136
5316 111
5317 286
5318 179
5319 156
5320 199
5321 0
5322 166
5323 246
5324 214
5325 115
5326 128
5327 153
5328 164
5329 154
5330 156
5331 176
5332 184
5333 192
5334 182
5335 255
5336 189
5337 147
5338 176
5339 206
5340 143
5341 172
5342 185
5343 204
5344 199
5345 183
5346 119
5347 145
5348 170
5349 212
5350 106
5351 177
5352 186
5353 174
5354 128
5355 177
5356 179
5357 165
5358 156
5359 197
5360 133
5361 160
5362 115
5363 157
5364 221
5365 164
5366 114
5367 248
5368 154
5369 108
5370 155
5371 142
5372 170
5373 139
5374 151
5375 213
5376 214
5377 202
5378 165
5379 175
5380 141
5381 125
5382 158
5383 168
5384 72
5385 179
5386 158
5387 155
5388 154
5389 160
5390 144
5391 232
5392 181
5393 132
5394 102
5395 207
5396 148
5397 119
5398 169
5399 155
5400 172
5401 237
5402 203
5403 181
5404 165
5405 100
5406 0
5407 130
5408 137
5409 121
5410 162
5411 168
5412 163
5413 178
5414 121
5415 139
5416 136
5417 179
5418 86
5419 107
5420 200
5421 190
5422 172
5423 124
5424 145
5425 138
5426 167
5427 122
5428 168
5429 172
5430 168
5431 171
5432 106
5433 161
5434 245
5435 167
5436 178
5437 65
5438 171
5439 111
5440 185
5441 164
5442 91
5443 178
5444 148
5445 174
5446 174
5447 181
5448 163
5449 131
5450 126
5451 149
5452 174
5453 165
5454 182
5455 188
5456 177
5457 158
5458 126
5459 159
5460 213
5461 187
5462 172
5463 156
5464 178
5465 182
5466 159
5467 142
5468 160
5469 133
5470 161
5471 175
5472 189
5473 179
5474 136
5475 112
5476 163
5477 186
5478 126
5479 129
5480 175
5481 168
5482 201
5483 181
5484 147
5485 177
5486 195
5487 150
5488 134
5489 84
5490 145
5491 208
5492 177
5493 176
5494 213
5495 171
5496 168
5497 183
5498 156
5499 87
5500 183
5501 160
5502 238
5503 27
5504 218
5505 174
5506 167
5507 131
5508 170
5509 129
5510 225
5511 158
5512 254
5513 188
5514 151
5515 162
5516 147
5517 134
5518 128
5519 150
5520 161
5521 96
5522 148
5523 248
5524 161
5525 129
5526 115
5527 217
5528 194
5529 22
5530 185
5531 176
5532 140
5533 177
5534 184
5535 176
5536 166
5537 157
5538 191
5539 165
5540 167
5541 209
5542 128
5543 158
5544 218
5545 129
5546 142
5547 209
5548 212
5549 126
5550 145
5551 166
5552 181
5553 164
5554 198
5555 103
5556 184
5557 209
5558 139
5559 141
5560 137
5561 23
5562 167
5563 184
5564 198
5565 165
5566 164
5567 260
5568 153
5569 161
5570 84
5571 136
5572 226
5573 106
5574 227
5575 155
5576 175
5577 166
5578 219
5579 157
5580 212
5581 201
5582 123
5583 181
5584 204
5585 191
5586 130
5587 167
5588 154
5589 83
5590 191
5591 107
5592 137
5593 187
5594 196
5595 170
5596 85
5597 107
5598 123
5599 205
5600 129
5601 182
5602 173
5603 157
5604 133
5605 158
5606 0
5607 195
5608 186
5609 109
5610 121
5611 0
5612 187
5613 198
5614 263
5615 187
5616 172
5617 143
5618 188
5619 178
5620 248
5621 205
5622 83
5623 170
5624 156
5625 177
5626 181
5627 146
5628 164
5629 0
5630 193
5631 155
5632 173
5633 124
5634 230
5635 155
5636 174
5637 118
5638 180
5639 91
5640 181
5641 170
5642 32
5643 151
5644 148
5645 191
5646 149
5647 185
5648 176
5649 152
5650 121
5651 127
5652 170
5653 141
5654 109
5655 234
5656 161
5657 143
5658 123
5659 153
5660 170
5661 150
5662 88
5663 149
5664 129
5665 154
5666 186
5667 176
5668 189
5669 125
5670 177
5671 209
5672 103
5673 118
5674 168
5675 211
5676 124
5677 137
5678 162
5679 164
5680 140
5681 120
5682 163
5683 116
5684 166
5685 182
5686 197
5687 175
5688 247
5689 190
5690 239
5691 151
5692 103
5693 145
5694 148
5695 219
5696 200
5697 231
5698 160
5699 127
5700 187
5701 171
5702 134
5703 177
5704 160
5705 225
5706 146
5707 207
5708 137
5709 132
5710 176
5711 188
5712 165
5713 196
5714 184
5715 184
5716 139
5717 165
5718 179
5719 99
5720 167
5721 169
5722 159
5723 140
5724 97
5725 234
5726 167
5727 103
5728 127
5729 150
5730 237
5731 111
5732 185
5733 160
5734 162
5735 143
5736 197
5737 184
5738 81
5739 166
5740 151
5741 228
5742 211
5743 163
5744 139
5745 198
5746 158
5747 188
5748 144
5749 170
5750 196
5751 177
5752 201
5753 175
5754 136
5755 130
5756 202
5757 174
5758 128
5759 173
5760 131
5761 160
5762 137
5763 123
5764 251
5765 173
5766 109
5767 135
5768 170
5769 121
5770 149
5771 197
5772 88
5773 200
5774 169
5775 183
5776 198
5777 124
5778 137
5779 151
5780 158
5781 168
5782 144
5783 164
5784 130
5785 0
5786 163
5787 187
5788 158
5789 205
5790 155
5791 207
5792 181
5793 193
5794 135
5795 171
5796 185
5797 152
5798 169
5799 178
5800 153
5801 120
5802 112
5803 102
5804 251
5805 230
5806 144
5807 148
5808 170
5809 202
5810 166
5811 147
5812 163
5813 140
5814 112
5815 179
5816 163
5817 275
5818 200
5819 199
5820 135
5821 198
5822 225
5823 107
5824 120
5825 198
5826 134
5827 155
5828 172
5829 191
5830 216
5831 159
5832 171
5833 157
5834 168
5835 157
5836 172
5837 232
5838 124
5839 165
5840 78
5841 161
5842 252
5843 146
5844 104
5845 146
5846 129
5847 186
5848 204
5849 172
5850 112
5851 94
5852 159
5853 136
5854 188
5855 199
5856 154
5857 120
5858 153
5859 144
5860 140
5861 140
5862 129
5863 216
5864 195
5865 176
5866 193
5867 101
5868 93
5869 145
5870 247
5871 216
5872 176
5873 188
5874 160
5875 95
5876 158
5877 178
5878 174
5879 194
5880 156
5881 186
5882 133
5883 145
5884 150
5885 154
5886 242
5887 124
5888 165
5889 180
5890 172
5891 154
5892 208
5893 202
5894 57
5895 172
5896 142
5897 197
5898 147
5899 163
5900 238
5901 163
5902 116
5903 194
5904 188
5905 151
5906 167
5907 237
5908 170
5909 129
5910 173
5911 166
5912 174
5913 156
5914 189
5915 182
5916 206
5917 161
5918 145
5919 130
5920 147
5921 145
5922 151
5923 129
5924 210
5925 179
5926 156
5927 121
5928 138
5929 181
5930 133
5931 133
5932 172
5933 122
5934 147
5935 205
5936 166
5937 177
5938 143
5939 164
5940 131
5941 124
5942 97
5943 151
5944 147
5945 137
5946 175
5947 72
5948 223
5949 149
5950 143
5951 165
5952 124
5953 118
5954 124
5955 156
5956 118
5957 192
5958 154
5959 189
5960 201
5961 85
5962 152
5963 115
5964 147
5965 195
5966 146
5967 142
5968 112
5969 40
5970 109
5971 157
5972 138
5973 157
5974 148
5975 185
5976 119
5977 156
5978 144
5979 126
5980 127
5981 82
5982 211
5983 252
5984 167
5985 124
5986 161
5987 70
5988 138
5989 132
5990 146
5991 201
5992 144
5993 190
5994 136
5995 182
5996 142
5997 170
5998 127
5999 179
6000 231
6001 155
6002 161
6003 157
6004 114
6005 166
6006 187
6007 146
6008 179
6009 151
6010 172
6011 177
6012 105
6013 164
6014 167
6015 179
6016 175
6017 191
6018 174
6019 184
6020 141
6021 186
6022 142
6023 148
6024 163
6025 82
6026 136
6027 140
6028 0
6029 133
6030 111
6031 159
6032 165
6033 207
6034 108
6035 100
6036 118
6037 168
6038 163
6039 191
6040 150
6041 138
6042 43
6043 122
6044 226
6045 171
6046 205
6047 270
6048 155
6049 128
6050 166
6051 157
6052 160
6053 138
6054 98
6055 134
6056 146
6057 169
6058 190
6059 235
6060 172
6061 198
6062 166
6063 152
6064 225
6065 63
6066 164
6067 161
6068 162
6069 180
6070 153
6071 202
6072 194
6073 221
6074 172
6075 233
6076 188
6077 176
6078 170
6079 162
6080 148
6081 177
6082 201
6083 188
6084 132
6085 258
6086 62
6087 179
6088 169
6089 138
6090 164
6091 161
6092 247
6093 164
6094 145
6095 190
6096 155
6097 144
6098 152
6099 191
6100 196
6101 202
6102 180
6103 158
6104 138
6105 181
6106 153
6107 158
6108 171
6109 143
6110 187
6111 132
6112 136
6113 182
6114 177
6115 189
6116 153
6117 126
6118 201
6119 114
6120 177
6121 182
6122 177
6123 196
6124 134
6125 142
6126 235
6127 181
6128 165
6129 163
6130 219
6131 191
6132 172
6133 136
6134 220
6135 179
6136 183
6137 179
6138 0
6139 169
6140 117
6141 160
6142 160
6143 167
6144 184
6145 124
6146 154
6147 177
6148 173
6149 136
6150 131
6151 98
6152 173
6153 200
6154 152
6155 90
6156 163
6157 155
6158 133
6159 178
6160 185
6161 172
6162 161
6163 139
6164 202
6165 139
6166 143
6167 182
6168 136
6169 147
6170 133
6171 203
6172 209
6173 182
6174 126
6175 186
6176 139
6177 162
6178 128
6179 219
6180 64
6181 189
6182 92
6183 165
6184 172
6185 218
6186 205
6187 142
6188 182
6189 145
6190 147
6191 109
6192 167
6193 148
6194 164
6195 167
6196 134
6197 80
6198 102
6199 204
6200 171
6201 159
6202 203
6203 173
6204 194
6205 152
6206 139
6207 326
6208 201
6209 220
6210 144
6211 145
6212 151
6213 113
6214 147
6215 181
6216 157
6217 158
6218 120
6219 218
6220 231
6221 180
6222 211
6223 177
6224 185
6225 162
6226 125
6227 164
6228 152
6229 127
6230 169
6231 145
6232 147
6233 150
6234 174
6235 157
6236 140
6237 151
6238 233
6239 153
6240 160
6241 198
6242 204
6243 169
6244 146
6245 134
6246 155
6247 136
6248 176
6249 192
6250 209
6251 177
6252 209
6253 147
6254 204
6255 192
6256 139
6257 169
6258 157
6259 141
6260 258
6261 197
6262 161
6263 160
6264 168
6265 168
6266 211
6267 131
6268 125
6269 160
6270 126
6271 160
6272 194
6273 152
6274 179
6275 85
6276 174
6277 138
6278 149
6279 217
6280 149
6281 142
6282 207
6283 146
6284 164
6285 138
6286 187
6287 171
6288 172
6289 175
6290 178
6291 236
6292 124
6293 173
6294 124
6295 206
6296 139
6297 178
6298 198
6299 147
6300 199
6301 156
6302 153
6303 152
6304 93
6305 182
6306 138
6307 161
6308 163
6309 194
6310 155
6311 186
6312 154
6313 153
6314 127
6315 192
6316 207
6317 136
6318 199
6319 184
6320 100
6321 168
6322 183
6323 166
6324 205
6325 187
6326 174
6327 210
6328 151
6329 108
6330 181
6331 174
6332 215
6333 171
6334 168
6335 161
6336 224
6337 231
6338 167
6339 216
6340 159
6341 132
6342 152
6343 174
6344 139
6345 98
6346 146
6347 155
6348 146
6349 157
6350 191
6351 155
6352 144
6353 182
6354 172
6355 146
6356 172
6357 156
6358 181
6359 179
6360 167
6361 142
6362 133
6363 190
6364 137
6365 194
6366 185
6367 103
6368 113
6369 137
6370 132
6371 119
6372 159
6373 166
6374 183
6375 192
6376 151
6377 174
6378 149
6379 150
6380 107
6381 156
6382 159
6383 121
6384 126
6385 159
6386 171
6387 223
6388 183
6389 173
6390 320
6391 205
6392 173
6393 84
6394 135
6395 175
6396 115
6397 181
6398 212
6399 101
6400 176
6401 182
6402 163
6403 139
6404 177
6405 187
6406 141
6407 159
6408 119
6409 225
6410 212
6411 204
6412 188
6413 177
6414 116
6415 172
6416 132
6417 184
6418 126
6419 173
6420 145
6421 144
6422 119
6423 236
6424 128
6425 173
6426 85
6427 185
6428 156
6429 203
6430 185
6431 166
6432 134
6433 161
6434 141
6435 235
6436 137
6437 165
6438 138
6439 159
6440 184
6441 119
6442 179
6443 194
6444 128
6445 156
6446 102
6447 166
6448 142
6449 145
6450 110
6451 208
6452 197
6453 227
6454 153
6455 116
6456 146
6457 170
6458 167
6459 148
6460 171
6461 194
6462 111
6463 138
6464 163
6465 148
6466 146
6467 121
6468 256
6469 149
6470 151
6471 72
6472 164
6473 213
6474 245
6475 157
6476 149
6477 211
6478 167
6479 141
6480 159
6481 248
6482 118
6483 170
6484 148
6485 123
6486 156
6487 160
6488 114
6489 165
6490 209
6491 176
6492 113
6493 140
6494 163
6495 59
6496 164
6497 125
6498 199
6499 208
6500 192
6501 92
6502 191
6503 157
6504 147
6505 236
6506 155
6507 210
6508 153
6509 157
6510 145
6511 149
6512 157
6513 219
6514 141
6515 171
6516 92
6517 186
6518 165
6519 211
6520 171
6521 195
6522 86
6523 72
6524 163
6525 157
6526 163
6527 145
6528 154
6529 161
6530 180
6531 133
6532 95
6533 145
6534 167
6535 151
6536 164
6537 103
6538 122
6539 180
6540 127
6541 154
6542 152
6543 154
6544 194
6545 183
6546 166
6547 140
6548 200
6549 150
6550 128
6551 306
6552 130
6553 269
6554 173
6555 160
6556 158
6557 224
6558 187
6559 131
6560 164
6561 177
6562 149
6563 190
6564 221
6565 133
6566 109
6567 125
6568 172
6569 244
6570 200
6571 173
6572 173
6573 205
6574 142
6575 204
6576 128
6577 232
6578 179
6579 93
6580 135
6581 185
6582 171
6583 151
6584 170
6585 245
6586 162
6587 184
6588 163
6589 130
6590 151
6591 199
6592 203
6593 128
6594 132
6595 203
6596 154
6597 138
6598 127
6599 160
6600 166
6601 182
6602 135
6603 151
6604 157
6605 205
6606 203
6607 193
6608 126
6609 234
6610 216
6611 129
6612 141
6613 86
6614 160
6615 167
6616 180
6617 149
6618 179
6619 137
6620 114
6621 122
6622 177
6623 189
6624 210
6625 160
6626 161
6627 156
6628 162
6629 165
6630 180
6631 147
6632 135
6633 147
6634 137
6635 177
6636 159
6637 223
6638 106
6639 204
6640 132
6641 145
6642 110
6643 156
6644 175
6645 141
6646 151
6647 119
6648 149
6649 137
6650 125
6651 179
6652 137
6653 173
6654 148
6655 153
6656 163
6657 72
6658 185
6659 149
6660 185
6661 174
6662 170
6663 120
6664 216
6665 184
6666 180
6667 139
6668 68
6669 202
6670 189
6671 182
6672 89
6673 230
6674 156
6675 86
6676 168
6677 233
6678 136
6679 177
6680 247
6681 255
6682 185
6683 258
6684 153
6685 187
6686 147
6687 165
6688 167
6689 166
6690 142
6691 153
6692 170
6693 180
6694 189
6695 209
6696 176
6697 244
6698 128
6699 136
6700 146
6701 196
6702 184
6703 142
6704 152
6705 195
6706 225
6707 292
6708 199
6709 228
6710 176
6711 199
6712 163
6713 141
6714 182
6715 193
6716 147
6717 164
6718 169
6719 122
6720 187
6721 201
6722 126
6723 175
6724 162
6725 165
6726 159
6727 124
6728 138
6729 160
6730 92
6731 117
6732 208
6733 178
6734 198
6735 163
6736 137
6737 160
6738 222
6739 134
6740 175
6741 214
6742 177
6743 168
6744 193
6745 158
6746 151
6747 151
6748 195
6749 118
6750 146
6751 101
6752 84
6753 147
6754 92
6755 152
6756 192
6757 195
6758 123
6759 189
6760 207
6761 173
6762 186
6763 154
6764 201
6765 149
6766 187
6767 164
6768 173
6769 180
6770 134
6771 149
6772 207
6773 200
6774 139
6775 185
6776 165
6777 189
6778 161
6779 157
6780 186
6781 143
6782 177
6783 213
6784 133
6785 171
6786 172
6787 134
6788 154
6789 242
6790 154
6791 195
6792 185
6793 154
6794 84
6795 110
6796 158
6797 193
6798 175
6799 216
6800 163
6801 193
6802 215
6803 164
6804 202
6805 126
6806 118
6807 140
6808 147
6809 125
6810 167
6811 172
6812 151
6813 186
6814 190
6815 182
6816 178
6817 132
6818 65
6819 147
6820 216
6821 164
6822 156
6823 195
6824 113
6825 198
6826 157
6827 158
6828 155
6829 163
6830 167
6831 0
6832 179
6833 112
6834 277
6835 143
6836 155
6837 165
6838 130
6839 139
6840 176
6841 174
6842 170
6843 130
6844 170
6845 130
6846 209
6847 170
6848 152
6849 170
6850 147
6851 121
6852 217
6853 191
6854 189
6855 66
6856 136
6857 184
6858 128
6859 191
6860 130
6861 176
6862 139
6863 237
6864 171
6865 158
6866 157
6867 125
6868 177
6869 117
6870 159
6871 178
6872 227
6873 202
6874 173
6875 154
6876 207
6877 147
6878 189
6879 110
6880 110
6881 119
6882 196
6883 109
6884 141
6885 141
6886 185
6887 151
6888 181
6889 196
6890 215
6891 172
6892 182
6893 208
6894 179
6895 166
6896 138
6897 202
6898 175
6899 193
6900 152
6901 109
6902 148
6903 154
6904 154
6905 201
6906 108
6907 166
6908 161
6909 169
6910 213
6911 193
6912 150
6913 125
6914 200
6915 172
6916 190
6917 136
6918 177
6919 143
6920 172
6921 137
6922 168
6923 119
6924 193
6925 165
6926 161
6927 256
6928 151
6929 108
6930 182
6931 181
6932 141
6933 202
6934 203
6935 163
6936 142
6937 152
6938 191
6939 179
6940 80
6941 185
6942 207
6943 168
6944 163
6945 166
6946 152
6947 151
6948 142
6949 106
6950 122
6951 176
6952 186
6953 169
6954 129
6955 125
6956 156
6957 186
6958 110
6959 141
6960 213
6961 198
6962 159
6963 110
6964 219
6965 127
6966 134
6967 147
6968 139
6969 251
6970 134
6971 128
6972 155
6973 143
6974 187
6975 174
6976 170
6977 122
6978 150
6979 150
6980 72
6981 199
6982 255
6983 202
6984 151
6985 174
6986 197
6987 153
6988 196
6989 137
6990 199
6991 179
6992 169
6993 227
6994 160
6995 166
6996 165
6997 130
6998 147
6999 140
7000 131
7001 176
7002 192
7003 189
7004 168
7005 174
7006 145
7007 91
7008 156
7009 0
7010 139
7011 164
7012 176
7013 251
7014 167
7015 163
7016 153
7017 194
7018 0
7019 126
7020 149
7021 139
7022 163
7023 163
7024 192
7025 176
7026 219
7027 179
7028 202
7029 253
7030 169
7031 139
7032 158
7033 163
7034 165
7035 103
7036 159
7037 166
7038 176
7039 211
7040 156
7041 94
7042 131
7043 184
7044 160
7045 150
7046 200
7047 136
7048 131
7049 193
7050 219
7051 174
7052 164
7053 173
7054 155
7055 151
7056 151
7057 163
7058 104
7059 159
7060 121
7061 56
7062 153
7063 214
7064 133
7065 172
7066 118
7067 213
7068 221
7069 156
7070 206
7071 136
7072 108
7073 205
7074 160
7075 176
7076 194
7077 190
7078 165
7079 177
7080 181
7081 183
7082 168
7083 124
7084 176
7085 129
7086 98
7087 117
7088 124
7089 170
7090 158
7091 106
7092 176
7093 167
7094 170
7095 184
7096 201
7097 163
7098 108
7099 254
7100 161
7101 160
7102 231
7103 81
7104 156
7105 152
7106 108
7107 188
7108 170
7109 197
7110 124
7111 202
7112 191
7113 182
7114 202
7115 162
7116 188
7117 155
7118 136
7119 194
7120 150
7121 128
7122 252
7123 131
7124 160
7125 157
7126 169
7127 123
7128 169
7129 166
7130 172
7131 115
7132 151
7133 167
7134 196
7135 120
7136 173
7137 120
7138 144
7139 161
7140 151
7141 153
7142 16
7143 147
7144 204
7145 126
7146 172
7147 172
7148 262
7149 195
7150 105
7151 156
7152 176
7153 151
7154 198
7155 187
7156 189
7157 230
7158 160
7159 167
7160 165
7161 141
7162 128
7163 178
7164 187
7165 144
7166 123
7167 196
7168 159
7169 209
7170 180
7171 208
7172 200
7173 70
7174 179
7175 194
7176 140
7177 149
7178 271
7179 122
7180 124
7181 114
7182 187
7183 130
7184 177
7185 188
7186 196
7187 156
7188 143
7189 115
7190 176
7191 155
7192 174
7193 179
7194 145
7195 169
7196 13
7197 150
7198 148
7199 177
7200 163
7201 102
7202 129
7203 153
7204 170
7205 191
7206 165
7207 151
7208 139
7209 167
7210 88
7211 182
7212 138
7213 169
7214 162
7215 137
7216 161
7217 100
7218 151
7219 135
7220 189
7221 149
7222 207
7223 163
7224 143
7225 209
7226 221
7227 151
7228 192
7229 156
7230 173
7231 170
7232 183
7233 161
7234 92
7235 164
7236 184
7237 176
7238 184
7239 149
7240 204
7241 129
7242 156
7243 137
7244 200
7245 240
7246 122
7247 130
7248 171
7249 175
7250 154
7251 157
7252 159
7253 107
7254 190
7255 122
7256 173
7257 159
7258 136
7259 172
7260 146
7261 156
7262 180
7263 214
7264 190
7265 152
7266 138
7267 187
7268 179
7269 143
7270 178
7271 167
7272 155
7273 136
7274 165
7275 279
7276 142
7277 132
7278 137
7279 243
7280 91
7281 147
7282 174
7283 188
7284 183
7285 190
7286 98
7287 147
7288 221
7289 126
7290 155
7291 175
7292 149
7293 150
7294 150
7295 147
7296 183
7297 195
7298 193
7299 211
7300 154
7301 130
7302 156
7303 122
7304 226
7305 143
7306 194
7307 164
7308 256
7309 194
7310 142
7311 122
7312 125
7313 183
7314 127
7315 84
7316 85
7317 136
7318 78
7319 142
7320 230
7321 145
7322 90
7323 177
7324 216
7325 171
7326 169
7327 190
7328 152
7329 171
7330 169
7331 197
7332 181
7333 139
7334 126
7335 141
7336 171
7337 121
7338 180
7339 163
7340 161
7341 174
7342 155
7343 220
7344 121
7345 147
7346 205
7347 198
7348 149
7349 161
7350 135
7351 122
7352 212
7353 161
7354 133
7355 152
7356 110
7357 174
7358 186
7359 76
7360 194
7361 75
7362 135
7363 165
7364 136
7365 161
7366 147
7367 184
7368 151
7369 184
7370 124
7371 169
7372 147
7373 93
7374 150
7375 126
7376 176
7377 175
7378 148
7379 138
7380 145
7381 103
7382 175
7383 249
7384 154
7385 155
7386 162
7387 142
7388 80
7389 155
7390 120
7391 187
7392 221
7393 123
7394 147
7395 138
7396 154
7397 138
7398 176
7399 189
7400 123
7401 118
7402 132
7403 221
7404 211
7405 201
7406 154
7407 185
7408 201
7409 117
7410 0
7411 220
7412 84
7413 148
7414 168
7415 158
7416 150
7417 195
7418 161
7419 297
7420 178
7421 150
7422 196
7423 124
7424 123
7425 176
7426 172
7427 197
7428 138
7429 145
7430 148
7431 153
7432 217
7433 232
7434 203
7435 0
7436 192
7437 122
7438 194
7439 202
7440 121
7441 196
7442 136
7443 177
7444 163
7445 114
7446 132
7447 218
7448 195
7449 150
7450 198
7451 144
7452 162
7453 202
7454 117
7455 164
7456 222
7457 49
7458 145
7459 187
7460 156
7461 146
7462 208
7463 92
7464 137
7465 149
7466 222
7467 171
7468 229
7469 197
7470 157
7471 185
7472 139
7473 158
7474 155
7475 181
7476 270
7477 241
7478 171
7479 111
7480 110
7481 170
7482 161
7483 222
7484 118
7485 139
7486 187
7487 175
7488 98
7489 145
7490 160
7491 161
7492 162
7493 164
7494 172
7495 110
7496 203
7497 163
7498 249
7499 153
7500 154
7501 155
7502 145
7503 0
7504 160
7505 191
7506 176
7507 134
7508 176
7509 187
7510 174
7511 204
7512 211
7513 166
7514 123
7515 151
7516 214
7517 136
7518 146
7519 178
7520 147
7521 121
7522 181
7523 218
7524 136
7525 154
7526 150
7527 253
7528 0
7529 163
7530 81
7531 154
7532 204
7533 86
7534 191
7535 150
7536 204
7537 191
7538 129
7539 133
7540 166
7541 121
7542 188
7543 157
7544 249
7545 185
7546 144
7547 147
7548 101
7549 197
7550 162
7551 186
7552 135
7553 126
7554 210
7555 189
7556 165
7557 183
7558 120
7559 231
7560 0
7561 255
7562 160
7563 185
7564 158
7565 190
7566 184
7567 169
7568 107
7569 187
7570 117
7571 150
7572 258
7573 168
7574 183
7575 118
7576 157
7577 143
7578 221
7579 131
7580 172
7581 146
7582 170
7583 146
7584 147
7585 181
7586 177
7587 179
7588 110
7589 157
7590 145
7591 164
7592 157
7593 185
7594 154
7595 146
7596 185
7597 188
7598 112
7599 195
7600 175
7601 152
7602 178
7603 165
7604 155
7605 115
7606 168
7607 170
7608 115
7609 146
7610 171
7611 234
7612 122
7613 121
7614 221
7615 193
7616 187
7617 173
7618 169
7619 189
7620 170
7621 213
7622 175
7623 192
7624 126
7625 155
7626 144
7627 126
7628 164
7629 143
7630 178
7631 134
7632 109
7633 128
7634 149
7635 123
7636 159
7637 184
7638 142
7639 156
7640 195
7641 117
7642 116
7643 117
7644 171
7645 177
7646 192
7647 213
7648 199
7649 199
7650 163
7651 181
7652 123
7653 131
7654 126
7655 139
7656 177
7657 165
7658 127
7659 193
7660 192
7661 128
7662 190
7663 158
7664 205
7665 226
7666 176
7667 149
7668 176
7669 153
7670 207
7671 180
7672 167
7673 114
7674 103
7675 170
7676 184
7677 193
7678 139
7679 183
7680 171
7681 221
7682 142
7683 187
7684 182
7685 192
7686 146
7687 207
7688 158
7689 174
7690 210
7691 160
7692 158
7693 148
7694 158
7695 177
7696 170
7697 94
7698 163
7699 160
7700 141
7701 147
7702 156
7703 129
7704 180
7705 127
7706 189
7707 164
7708 145
7709 178
7710 0
7711 190
7712 136
7713 109
7714 191
7715 164
7716 156
7717 61
7718 25
7719 149
7720 185
7721 191
7722 181
7723 150
7724 171
7725 186
7726 103
7727 180
7728 167
7729 208
7730 174
7731 137
7732 153
7733 160
7734 173
7735 166
7736 224
7737 180
7738 158
7739 151
7740 195
7741 112
7742 126
7743 155
7744 125
7745 277
7746 136
7747 84
7748 156
7749 168
7750 101
7751 173
7752 171
7753 200
7754 203
7755 177
7756 178
7757 169
7758 153
7759 127
7760 172
7761 154
7762 129
7763 164
7764 155
7765 203
7766 196
7767 250
7768 117
7769 169
7770 221
7771 216
7772 155
7773 163
7774 177
7775 216
7776 157
7777 140
7778 62
7779 228
7780 192
7781 199
7782 195
7783 132
7784 198
7785 194
7786 163
7787 165
7788 124
7789 128
7790 163
7791 211
7792 150
7793 151
7794 184
7795 146
7796 82
7797 169
7798 175
7799 207
7800 161
7801 170
7802 115
7803 160
7804 170
7805 130
7806 152
7807 182
7808 133
7809 163
7810 157
7811 204
7812 143
7813 138
7814 182
7815 48
7816 145
7817 153
7818 177
7819 191
7820 157
7821 193
7822 154
7823 217
7824 145
7825 167
7826 109
7827 145
7828 207
7829 195
7830 197
7831 192
7832 132
7833 159
7834 194
7835 165
7836 111
7837 172
7838 210
7839 176
7840 169
7841 157
7842 137
7843 164
7844 177
7845 145
7846 108
7847 158
7848 112
7849 146
7850 159
7851 179
7852 164
7853 140
7854 184
7855 131
7856 111
7857 141
7858 226
7859 212
7860 219
7861 175
7862 172
7863 156
7864 102
7865 196
7866 160
7867 138
7868 149
7869 148
7870 146
7871 176
7872 138
7873 146
7874 204
7875 167
7876 94
7877 158
7878 153
7879 193
7880 175
7881 183
7882 177
7883 211
7884 159
7885 155
7886 159
7887 143
7888 185
7889 175
7890 153
7891 137
7892 161
7893 166
7894 235
7895 92
7896 174
7897 109
7898 168
7899 168
7900 157
7901 100
7902 208
7903 155
7904 171
7905 146
7906 123
7907 159
7908 170
7909 184
7910 218
7911 136
7912 153
7913 151
7914 162
7915 162
7916 134
7917 171
7918 154
7919 157
7920 133
7921 130
7922 122
7923 159
7924 173
7925 167
7926 143
7927 156
7928 201
7929 139
7930 185
7931 154
7932 164
7933 165
7934 197
7935 152
7936 153
7937 152
7938 159
7939 176
7940 150
7941 104
7942 157
7943 156
7944 154
7945 161
7946 162
7947 178
7948 153
7949 162
7950 112
7951 161
7952 188
7953 247
7954 170
7955 137
7956 183
7957 172
7958 170
7959 116
7960 92
7961 181
7962 127
7963 122
7964 178
7965 192
7966 203
7967 151
7968 139
7969 161
7970 124
7971 197
7972 189
7973 152
7974 171
7975 63
7976 200
7977 165
7978 227
7979 116
7980 191
7981 210
7982 148
7983 151
7984 198
7985 127
7986 147
7987 208
7988 161
7989 125
7990 216
7991 189
7992 130
7993 159
7994 204
7995 148
7996 211
7997 223
7998 143
7999 137
8000 153
8001 178
8002 161
8003 147
8004 183
8005 189
8006 221
8007 229
8008 128
8009 152
8010 143
8011 132
8012 162
8013 136
8014 124
8015 223
8016 147
8017 194
8018 169
8019 180
8020 109
8021 168
8022 138
8023 152
8024 215
8025 135
8026 249
8027 209
8028 217
8029 186
8030 150
8031 126
8032 183
8033 162
8034 216
8035 140
8036 140
8037 156
8038 150
8039 149
8040 109
8041 176
8042 94
8043 104
8044 157
8045 169
8046 156
8047 179
8048 0
8049 188
8050 159
8051 116
8052 264
8053 174
8054 254
8055 148
8056 154
8057 252
8058 167
8059 169
8060 249
8061 77
8062 213
8063 192
8064 194
8065 171
8066 189
8067 164
8068 164
8069 193
8070 165
8071 174
8072 185
8073 202
8074 127
8075 159
8076 167
8077 159
8078 140
8079 232
8080 168
8081 106
8082 187
8083 102
8084 47
8085 144
8086 137
8087 128
8088 171
8089 148
8090 171
8091 166
8092 170
8093 195
8094 185
8095 97
8096 104
8097 159
8098 223
8099 116
