Vertices: 5400
Edges: 27000
Time: 3,236 ms
Iterations: 26808
Vertex Distance
0 0
1 186
2 175
3 157
4 188
5 221
6 101
7 186
8 96
9 164
10 198
11 196
12 149
13 154
14 174
15 164
16 163
17 151
18 180
19 149
20 206
21 214
22 173
23 169
24 184
25 175
26 162
27 118
28 142
29 123
30 179
31 117
32 133
33 151
34 160
35 235
36 132
37 137
38 188
39 203
40 173
41 187
42 183
43 135
44 179
45 193
46 161
47 138
48 222
49 166
50 138
51 167
52 148
53 97
54 131
55 176
56 189
57 127
58 145
59 132
60 237
61 158
62 157
63 0
64 142
65 174
66 167
67 179
68 165
69 176
70 200
71 178
72 119
73 185
74 145
75 194
76 178
77 168
78 122
79 146
80 135
81 180
82 210
83 154
84 140
85 231
86 189
87 155
88 126
89 202
90 193
91 185
92 189
93 212
94 170
95 154
96 214
97 217
98 190
99 172
100 242
101 140
102 206
103 210
104 152
105 165
106 102
107 208
108 175
109 170
110 204
111 149
112 148
113 149
114 153
115 151
116 129
117 144
118 147
119 202
120 191
121 182
122 210
123 223
124 189
125 171
126 192
127 192
128 154
129 171
130 116
131 139
132 76
133 166
134 242
135 173
136 190
137 13
138 139
139 170
140 126
141 215
142 197
143 184
144 194
145 168
146 125
147 139
148 83
149 224
150 92
151 121
152 180
153 116
154 180
155 191
156 185
157 162
158 172
159 217
160 175
161 160
162 148
163 181
164 117
165 211
166 192
167 156
168 135
169 183
170 163
171 178
172 170
173 214
174 136
175 166
176 152
177 159
178 150
179 156
180 214
181 155
182 195
183 164
184 224
185 178
186 188
187 188
188 60
189 186
190 214
191 146
192 120
193 163
194 168
195 0
196 187
197 180
198 183
199 254
200 175
201 139
202 176
203 187
204 90
205 168
206 100
207 83
208 157
209 173
210 159
211 184
212 146
213 216
214 263
215 227
216 164
217 212
218 241
219 190
220 140
221 245
222 186
223 143
224 207
225 154
226 131
227 92
228 165
229 161
230 148
231 126
232 152
233 153
234 245
235 185
236 143
237 153
238 179
239 184
240 201
241 149
242 169
243 148
244 130
245 219
246 175
247 85
248 151
249 110
250 109
251 163
252 160
253 135
254 170
255 153
256 137
257 168
258 157
259 170
260 212
261 117
262 212
263 206
264 170
265 140
266 178
267 196
268 208
269 197
270 184
271 132
272 107
273 187
274 178
275 161
276 182
277 143
278 175
279 191
280 124
281 171
282 157
283 154
284 136
285 166
286 157
287 158
288 169
289 168
290 211
291 195
292 42
293 183
294 197
295 186
296 107
297 188
298 153
299 203
300 181
301 150
302 133
303 147
304 161
305 122
306 126
307 131
308 183
309 156
310 137
311 171
312 204
313 194
314 159
315 175
316 148
317 141
318 131
319 207
320 163
321 211
322 193
323 146
324 241
325 151
326 185
327 161
328 160
329 156
330 81
331 179
332 132
333 136
334 237
335 201
336 159
337 141
338 108
339 122
340 139
341 176
342 182
343 163
344 202
345 180
346 180
347 144
348 159
349 192
350 174
351 166
352 131
353 171
354 143
355 203
356 200
357 154
358 147
359 165
360 51
361 190
362 147
363 72
364 109
365 117
366 191
367 160
368 162
369 157
370 241
371 180
372 205
373 213
374 164
375 181
376 196
377 163
378 130
379 128
380 178
381 207
382 197
383 152
384 61
385 154
386 206
387 157
388 174
389 159
390 298
391 183
392 230
393 156
394 159
395 153
396 147
397 175
398 171
399 207
400 207
401 178
402 136
403 136
404 218
405 176
406 160
407 153
408 170
409 111
410 146
411 164
412 179
413 173
414 205
415 194
416 132
417 133
418 186
419 153
420 126
421 136
422 193
423 133
424 182
425 113
426 183
427 224
428 138
429 186
430 80
431 183
432 176
433 188
434 206
435 163
436 146
437 170
438 191
439 186
440 251
441 222
442 229
443 162
444 165
445 168
446 183
447 151
448 164
449 161
450 168
451 178
452 117
453 141
454 149
455 178
456 83
457 190
458 131
459 147
460 136
461 165
462 115
463 137
464 219
465 156
466 120
467 202
468 212
469 108
470 161
471 167
472 186
473 176
474 160
475 143
476 184
477 115
478 149
479 159
480 114
481 167
482 207
483 204
484 150
485 201
486 172
487 218
488 202
489 166
490 135
491 158
492 157
493 153
494 155
495 119
496 110
497 134
498 187
499 227
500 158
501 204
502 153
503 173
504 155
505 87
506 158
507 250
508 192
509 196
510 163
511 177
512 200
513 190
514 146
515 172
516 138
517 115
518 209
519 175
520 107
521 171
522 132
523 166
524 166
525 220
526 213
527 161
528 154
529 155
530 153
531 189
532 164
533 121
534 140
535 202
536 168
537 177
538 181
539 200
540 161
541 191
542 218
543 200
544 169
545 196
546 129
547 163
548 179
549 179
550 185
551 150
552 157
553 208
554 134
555 190
556 155
557 165
558 176
559 136
560 190
561 114
562 180
563 180
564 143
565 120
566 135
567 174
568 123
569 184
570 144
571 109
572 189
573 158
574 164
575 92
576 255
577 145
578 181
579 120
580 166
581 185
582 141
583 19
584 176
585 150
586 185
587 110
588 161
589 135
590 198
591 256
592 164
593 125
594 169
595 245
596 120
597 150
598 161
599 105
600 195
601 158
602 160
603 153
604 150
605 149
606 160
607 182
608 208
609 168
610 201
611 128
612 164
613 52
614 182
615 91
616 182
617 171
618 96
619 122
620 150
621 199
622 144
623 156
624 191
625 146
626 119
627 161
628 163
629 103
630 148
631 186
632 192
633 172
634 121
635 166
636 212
637 229
638 188
639 196
640 172
641 191
642 159
643 193
644 217
645 224
646 121
647 149
648 164
649 124
650 261
651 148
652 162
653 135
654 120
655 170
656 227
657 219
658 150
659 195
660 171
661 166
662 214
663 169
664 150
665 147
666 173
667 123
668 181
669 191
670 142
671 204
672 176
673 173
674 155
675 138
676 172
677 188
678 211
679 106
680 175
681 206
682 131
683 105
684 187
685 178
686 172
687 201
688 193
689 160
690 146
691 170
692 42
693 137
694 165
695 197
696 184
697 149
698 124
699 173
700 163
701 154
702 201
703 115
704 158
705 177
706 136
707 149
708 170
709 156
710 142
711 122
712 133
713 150
714 175
715 148
716 91
717 0
718 89
719 80
720 216
721 129
722 191
723 223
724 158
725 202
726 159
727 166
728 75
729 145
730 151
731 165
732 153
733 224
734 66
735 163
736 170
737 112
738 184
739 130
740 178
741 98
742 223
743 29
744 178
745 205
746 147
747 223
748 162
749 182
750 137
751 190
752 126
753 206
754 219
755 119
756 199
757 211
758 179
759 115
760 125
761 155
762 260
763 172
764 203
765 187
766 171
767 180
768 201
769 144
770 163
771 231
772 125
773 176
774 209
775 154
776 187
777 159
778 91
779 157
780 150
781 198
782 154
783 143
784 188
785 155
786 223
787 150
788 188
789 119
790 151
791 138
792 162
793 212
794 170
795 190
796 179
797 202
798 154
799 152
800 147
801 213
802 90
803 160
804 152
805 169
806 77
807 169
808 199
809 173
810 202
811 131
812 111
813 116
814 130
815 221
816 163
817 141
818 116
819 167
820 177
821 163
822 221
823 163
824 158
825 166
826 249
827 204
828 230
829 199
830 144
831 171
832 158
833 159
834 156
835 170
836 170
837 120
838 161
839 149
840 122
841 154
842 179
843 57
844 170
845 90
846 220
847 153
848 176
849 238
850 88
851 117
852 217
853 154
854 206
855 135
856 174
857 129
858 116
859 126
860 157
861 130
862 147
863 214
864 162
865 230
866 163
867 212
868 123
869 132
870 256
871 193
872 166
873 0
874 126
875 124
876 110
877 183
878 222
879 171
880 123
881 177
882 92
883 164
884 189
885 108
886 175
887 165
888 162
889 165
890 161
891 145
892 185
893 139
894 148
895 194
896 180
897 146
898 139
899 178
900 158
901 175
902 193
903 196
904 166
905 162
906 150
907 158
908 169
909 152
910 129
911 199
912 113
913 167
914 164
915 205
916 198
917 153
918 171
919 187
920 123
921 243
922 210
923 183
924 171
925 172
926 147
927 150
928 195
929 221
930 132
931 176
932 142
933 170
934 238
935 237
936 194
937 134
938 170
939 167
940 96
941 175
942 111
943 150
944 123
945 187
946 182
947 177
948 173
949 196
950 140
951 197
952 155
953 119
954 204
955 179
956 123
957 235
958 167
959 166
960 175
961 179
962 185
963 111
964 158
965 162
966 203
967 163
968 221
969 131
970 176
971 206
972 152
973 142
974 135
975 95
976 147
977 206
978 141
979 155
980 162
981 136
982 162
983 173
984 163
985 133
986 132
987 177
988 165
989 171
990 207
991 154
992 171
993 134
994 193
995 173
996 201
997 163
998 210
999 140
1000 160
1001 247
1002 206
1003 211
1004 155
1005 81
1006 166
1007 187
1008 145
1009 199
1010 214
1011 171
1012 151
1013 154
1014 157
1015 191
1016 104
1017 273
1018 129
1019 168
1020 152
1021 160
1022 171
1023 194
1024 191
1025 144
1026 193
1027 183
1028 211
1029 186
1030 137
1031 174
1032 172
1033 133
1034 141
1035 110
1036 174
1037 116
1038 233
1039 168
1040 202
1041 162
1042 180
1043 173
1044 261
1045 203
1046 0
1047 157
1048 153
1049 166
1050 178
1051 227
1052 117
1053 51
1054 186
1055 134
1056 179
1057 148
1058 180
1059 155
1060 242
1061 232
1062 192
1063 165
1064 154
1065 143
1066 173
1067 176
1068 144
1069 174
1070 184
1071 197
1072 49
1073 148
1074 122
1075 217
1076 135
1077 185
1078 167
1079 163
1080 189
1081 135
1082 170
1083 128
1084 193
1085 148
1086 149
1087 175
1088 116
1089 191
1090 203
1091 224
1092 184
1093 114
1094 139
1095 176
1096 159
1097 174
1098 142
1099 182
1100 202
1101 202
1102 176
1103 151
1104 189
1105 128
1106 146
1107 278
1108 105
1109 193
1110 217
1111 102
1112 199
1113 181
1114 170
1115 211
1116 184
1117 123
1118 107
1119 227
1120 179
1121 149
1122 167
1123 157
1124 167
1125 181
1126 133
1127 156
1128 157
1129 97
1130 136
1131 160
1132 198
1133 141
1134 160
1135 228
1136 195
1137 183
1138 158
1139 109
1140 171
1141 168
1142 169
1143 151
1144 136
1145 178
1146 182
1147 199
1148 128
1149 163
1150 175
1151 213
1152 114
1153 197
1154 194
1155 167
1156 170
1157 180
1158 49
1159 189
1160 202
1161 177
1162 122
1163 182
1164 197
1165 0
1166 233
1167 169
1168 151
1169 219
1170 168
1171 169
1172 173
1173 156
1174 67
1175 200
1176 178
1177 227
1178 170
1179 154
1180 157
1181 66
1182 197
1183 183
1184 116
1185 161
1186 90
1187 166
1188 147
1189 167
1190 175
1191 165
1192 141
1193 87
1194 227
1195 183
1196 163
1197 186
1198 192
1199 159
1200 192
1201 210
1202 176
1203 168
1204 205
1205 181
1206 171
1207 189
1208 164
1209 136
1210 0
1211 186
1212 172
1213 142
1214 180
1215 161
1216 124
1217 82
1218 169
1219 121
1220 152
1221 152
1222 194
1223 170
1224 185
1225 149
1226 120
1227 161
1228 145
1229 177
1230 193
1231 157
1232 275
1233 169
1234 183
1235 166
1236 196
1237 125
1238 163
1239 143
1240 157
1241 170
1242 232
1243 153
1244 189
1245 116
1246 155
1247 177
1248 176
1249 199
1250 158
1251 209
1252 165
1253 177
1254 208
1255 162
1256 101
1257 211
1258 208
1259 112
1260 170
1261 180
1262 142
1263 168
1264 248
1265 158
1266 200
1267 150
1268 177
1269 171
1270 182
1271 0
1272 233
1273 153
1274 133
1275 115
1276 158
1277 240
1278 85
1279 201
1280 205
1281 134
1282 176
1283 145
1284 118
1285 204
1286 111
1287 148
1288 224
1289 46
1290 247
1291 208
1292 187
1293 67
1294 160
1295 40
1296 141
1297 186
1298 160
1299 168
1300 133
1301 147
1302 200
1303 187
1304 145
1305 152
1306 150
1307 169
1308 107
1309 201
1310 227
1311 134
1312 161
1313 133
1314 99
1315 131
1316 150
1317 175
1318 135
1319 170
1320 165
1321 160
1322 191
1323 169
1324 161
1325 167
1326 212
1327 171
1328 179
1329 163
1330 202
1331 128
1332 188
1333 159
1334 158
1335 197
1336 102
1337 152
1338 64
1339 176
1340 175
1341 149
1342 101
1343 102
1344 167
1345 182
1346 151
1347 227
1348 183
1349 206
1350 127
1351 255
1352 184
1353 171
1354 106
1355 126
1356 208
1357 216
1358 49
1359 153
1360 155
1361 197
1362 236
1363 209
1364 170
1365 240
1366 167
1367 242
1368 192
1369 176
1370 157
1371 130
1372 210
1373 136
1374 202
1375 118
1376 223
1377 155
1378 112
1379 177
1380 249
1381 96
1382 168
1383 213
1384 156
1385 176
1386 104
1387 9
1388 188
1389 223
1390 172
1391 144
1392 90
1393 202
1394 136
1395 169
1396 91
1397 232
1398 214
1399 153
1400 96
1401 162
1402 271
1403 178
1404 179
1405 160
1406 132
1407 127
1408 109
1409 182
1410 150
1411 176
1412 144
1413 170
1414 220
1415 169
1416 186
1417 176
1418 191
1419 174
1420 152
1421 169
1422 129
1423 146
1424 147
1425 94
1426 142
1427 162
1428 161
1429 236
1430 156
1431 139
1432 148
1433 158
1434 162
1435 123
1436 161
1437 185
1438 162
1439 196
1440 150
1441 137
1442 240
1443 133
1444 144
1445 136
1446 181
1447 149
1448 105
1449 109
1450 175
1451 182
1452 0
1453 175
1454 156
1455 144
1456 184
1457 167
1458 183
1459 172
1460 186
1461 179
1462 0
1463 216
1464 135
1465 167
1466 195
1467 94
1468 146
1469 170
1470 163
1471 181
1472 176
1473 193
1474 192
1475 181
1476 112
1477 181
1478 273
1479 106
1480 193
1481 192
1482 124
1483 183
1484 170
1485 142
1486 163
1487 131
1488 167
1489 0
1490 161
1491 161
1492 155
1493 161
1494 155
1495 159
1496 150
1497 164
1498 140
1499 132
1500 137
1501 189
1502 150
1503 146
1504 144
1505 187
1506 167
1507 198
1508 179
1509 140
1510 144
1511 158
1512 117
1513 177
1514 120
1515 136
1516 226
1517 175
1518 185
1519 169
1520 188
1521 161
1522 202
1523 123
1524 163
1525 162
1526 225
1527 200
1528 193
1529 167
1530 269
1531 151
1532 49
1533 209
1534 160
1535 137
1536 163
1537 147
1538 127
1539 140
1540 236
1541 141
1542 110
1543 164
1544 232
1545 187
1546 135
1547 155
1548 172
1549 193
1550 141
1551 152
1552 92
1553 144
1554 164
1555 139
1556 130
1557 198
1558 164
1559 209
1560 211
1561 225
1562 128
1563 204
1564 188
1565 171
1566 160
1567 122
1568 90
1569 222
1570 202
1571 124
1572 151
1573 181
1574 91
1575 165
1576 170
1577 182
1578 254
1579 172
1580 116
1581 162
1582 110
1583 175
1584 146
1585 159
1586 125
1587 213
1588 141
1589 204
1590 129
1591 162
1592 149
1593 168
1594 114
1595 166
1596 159
1597 111
1598 223
1599 157
1600 136
1601 178
1602 116
1603 169
1604 177
1605 140
1606 138
1607 224
1608 95
1609 191
1610 128
1611 37
1612 203
1613 120
1614 151
1615 208
1616 153
1617 198
1618 147
1619 169
1620 168
1621 184
1622 156
1623 194
1624 76
1625 166
1626 155
1627 123
1628 148
1629 240
1630 161
1631 151
1632 221
1633 220
1634 205
1635 188
1636 209
1637 197
1638 143
1639 183
1640 222
1641 173
1642 200
1643 180
1644 100
1645 167
1646 271
1647 140
1648 143
1649 166
1650 155
1651 146
1652 188
1653 88
1654 227
1655 211
1656 134
1657 168
1658 139
1659 157
1660 157
1661 191
1662 191
1663 194
1664 231
1665 186
1666 140
1667 139
1668 206
1669 162
1670 223
1671 176
1672 184
1673 174
1674 149
1675 201
1676 91
1677 170
1678 209
1679 270
1680 247
1681 211
1682 184
1683 181
1684 277
1685 125
1686 139
1687 148
1688 104
1689 194
1690 48
1691 130
1692 163
1693 218
1694 198
1695 152
1696 141
1697 189
1698 100
1699 179
1700 158
1701 130
1702 200
1703 162
1704 208
1705 156
1706 91
1707 158
1708 187
1709 203
1710 171
1711 204
1712 187
1713 214
1714 192
1715 181
1716 169
1717 169
1718 199
1719 148
1720 175
1721 174
1722 191
1723 178
1724 171
1725 112
1726 167
1727 124
1728 216
1729 188
1730 217
1731 192
1732 180
1733 147
1734 140
1735 159
1736 139
1737 123
1738 151
1739 173
1740 162
1741 206
1742 244
1743 193
1744 211
1745 176
1746 166
1747 328
1748 220
1749 142
1750 127
1751 196
1752 116
1753 256
1754 127
1755 137
1756 180
1757 143
1758 102
1759 133
1760 192
1761 111
1762 195
1763 198
1764 200
1765 206
1766 128
1767 280
1768 194
1769 143
1770 150
1771 123
1772 176
1773 128
1774 145
1775 65
1776 142
1777 183
1778 149
1779 213
1780 168
1781 126
1782 214
1783 159
1784 198
1785 185
1786 138
1787 183
1788 154
1789 154
1790 182
1791 148
1792 164
1793 221
1794 158
1795 215
1796 201
1797 175
1798 146
1799 137
1800 163
1801 137
1802 188
1803 174
1804 179
1805 177
1806 192
1807 139
1808 155
1809 148
1810 187
1811 139
1812 127
1813 137
1814 186
1815 219
1816 192
1817 150
1818 160
1819 172
1820 198
1821 171
1822 177
1823 162
1824 120
1825 135
1826 182
1827 200
1828 137
1829 218
1830 123
1831 159
1832 201
1833 190
1834 190
1835 170
1836 194
1837 140
1838 167
1839 160
1840 186
1841 174
1842 176
1843 186
1844 186
1845 171
1846 171
1847 141
1848 145
1849 129
1850 192
1851 158
1852 182
1853 198
1854 120
1855 185
1856 167
1857 140
1858 98
1859 156
1860 279
1861 201
1862 149
1863 144
1864 176
1865 177
1866 114
1867 177
1868 111
1869 138
1870 269
1871 205
1872 323
1873 178
1874 201
1875 193
1876 142
1877 101
1878 152
1879 104
1880 126
1881 185
1882 188
1883 138
1884 185
1885 191
1886 161
1887 127
1888 151
1889 216
1890 192
1891 73
1892 129
1893 179
1894 160
1895 187
1896 200
1897 185
1898 177
1899 82
1900 174
1901 187
1902 215
1903 147
1904 221
1905 199
1906 162
1907 226
1908 131
1909 211
1910 121
1911 214
1912 227
1913 133
1914 127
1915 183
1916 43
1917 195
1918 119
1919 129
1920 248
1921 156
1922 219
1923 150
1924 133
1925 124
1926 143
1927 189
1928 228
1929 182
1930 195
1931 202
1932 203
1933 0
1934 163
1935 187
1936 158
1937 163
1938 123
1939 161
1940 190
1941 194
1942 220
1943 114
1944 168
1945 133
1946 158
1947 175
1948 155
1949 179
1950 158
1951 153
1952 190
1953 258
1954 198
1955 0
1956 194
1957 105
1958 161
1959 165
1960 171
1961 212
1962 157
1963 192
1964 171
1965 173
1966 177
1967 120
1968 164
1969 231
1970 155
1971 170
1972 120
1973 190
1974 166
1975 182
1976 174
1977 143
1978 167
1979 197
1980 160
1981 208
1982 142
1983 190
1984 177
1985 126
1986 154
1987 158
1988 181
1989 180
1990 176
1991 103
1992 228
1993 193
1994 288
1995 185
1996 135
1997 265
1998 223
1999 83
2000 119
2001 117
2002 170
2003 123
2004 187
2005 275
2006 262
2007 146
2008 136
2009 187
2010 143
2011 176
2012 158
2013 227
2014 173
2015 152
2016 142
2017 164
2018 106
2019 144
2020 0
2021 173
2022 154
2023 149
2024 166
2025 116
2026 170
2027 131
2028 147
2029 158
2030 138
2031 180
2032 172
2033 222
2034 241
2035 166
2036 188
2037 239
2038 192
2039 203
2040 191
2041 262
2042 144
2043 183
2044 121
2045 116
2046 101
2047 167
2048 195
2049 250
2050 162
2051 226
2052 156
2053 151
2054 198
2055 95
2056 231
2057 135
2058 245
2059 153
2060 142
2061 255
2062 200
2063 163
2064 222
2065 75
2066 166
2067 215
2068 170
2069 158
2070 182
2071 148
2072 169
2073 201
2074 139
2075 139
2076 180
2077 148
2078 69
2079 141
2080 162
2081 179
2082 158
2083 150
2084 142
2085 173
2086 105
2087 129
2088 143
2089 203
2090 192
2091 144
2092 162
2093 151
2094 120
2095 125
2096 165
2097 146
2098 172
2099 164
2100 187
2101 156
2102 177
2103 168
2104 168
2105 213
2106 158
2107 124
2108 250
2109 164
2110 155
2111 143
2112 112
2113 196
2114 148
2115 122
2116 100
2117 0
2118 130
2119 142
2120 183
2121 108
2122 174
2123 156
2124 138
2125 190
2126 123
2127 144
2128 209
2129 161
2130 178
2131 184
2132 121
2133 177
2134 143
2135 185
2136 201
2137 126
2138 140
2139 215
2140 268
2141 189
2142 60
2143 199
2144 202
2145 141
2146 207
2147 120
2148 163
2149 165
2150 145
2151 171
2152 151
2153 106
2154 196
2155 234
2156 204
2157 187
2158 98
2159 199
2160 203
2161 165
2162 171
2163 184
2164 193
2165 128
2166 190
2167 168
2168 146
2169 186
2170 236
2171 153
2172 104
2173 150
2174 170
2175 92
2176 172
2177 147
2178 148
2179 131
2180 198
2181 180
2182 165
2183 140
2184 265
2185 180
2186 189
2187 183
2188 147
2189 185
2190 219
2191 170
2192 182
2193 181
2194 169
2195 136
2196 203
2197 206
2198 164
2199 172
2200 198
2201 174
2202 174
2203 179
2204 215
2205 190
2206 169
2207 167
2208 158
2209 161
2210 108
2211 152
2212 154
2213 209
2214 217
2215 201
2216 158
2217 168
2218 176
2219 177
2220 164
2221 166
2222 195
2223 140
2224 129
2225 113
2226 107
2227 202
2228 168
2229 177
2230 220
2231 221
2232 155
2233 151
2234 201
2235 220
2236 201
2237 196
2238 179
2239 215
2240 123
2241 136
2242 175
2243 169
2244 133
2245 156
2246 155
2247 153
2248 118
2249 131
2250 129
2251 123
2252 178
2253 212
2254 203
2255 183
2256 150
2257 130
2258 140
2259 149
2260 170
2261 214
2262 110
2263 145
2264 144
2265 140
2266 168
2267 127
2268 119
2269 141
2270 151
2271 179
2272 161
2273 200
2274 140
2275 143
2276 197
2277 152
2278 141
2279 176
2280 181
2281 197
2282 241
2283 190
2284 122
2285 168
2286 159
2287 123
2288 152
2289 146
2290 203
2291 154
2292 237
2293 127
2294 176
2295 136
2296 193
2297 196
2298 113
2299 152
2300 166
2301 176
2302 152
2303 190
2304 155
2305 119
2306 96
2307 244
2308 205
2309 187
2310 195
2311 234
2312 194
2313 211
2314 123
2315 206
2316 139
2317 126
2318 244
2319 140
2320 190
2321 178
2322 200
2323 151
2324 223
2325 132
2326 196
2327 194
2328 197
2329 136
2330 184
2331 171
2332 192
2333 192
2334 182
2335 126
2336 154
2337 105
2338 188
2339 161
2340 170
2341 131
2342 137
2343 148
2344 213
2345 242
2346 136
2347 187
2348 130
2349 155
2350 172
2351 129
2352 152
2353 188
2354 146
2355 164
2356 156
2357 130
2358 191
2359 192
2360 161
2361 159
2362 170
2363 143
2364 205
2365 137
2366 202
2367 143
2368 112
2369 125
2370 149
2371 167
2372 224
2373 213
2374 107
2375 152
2376 114
2377 120
2378 202
2379 142
2380 132
2381 132
2382 164
2383 198
2384 162
2385 226
2386 167
2387 188
2388 174
2389 171
2390 157
2391 122
2392 265
2393 185
2394 144
2395 170
2396 170
2397 184
2398 217
2399 180
2400 186
2401 195
2402 192
2403 180
2404 133
2405 88
2406 153
2407 165
2408 181
2409 175
2410 140
2411 161
2412 152
2413 170
2414 126
2415 170
2416 162
2417 148
2418 175
2419 179
2420 204
2421 0
2422 193
2423 197
2424 181
2425 197
2426 213
2427 137
2428 129
2429 51
2430 195
2431 120
2432 153
2433 145
2434 202
2435 174
2436 151
2437 180
2438 124
2439 219
2440 152
2441 149
2442 205
2443 177
2444 126
2445 147
2446 219
2447 132
2448 194
2449 218
2450 131
2451 188
2452 132
2453 123
2454 162
2455 150
2456 176
2457 224
2458 148
2459 208
2460 121
2461 73
2462 176
2463 203
2464 118
2465 212
2466 155
2467 174
2468 152
2469 106
2470 183
2471 224
2472 220
2473 225
2474 188
2475 194
2476 173
2477 236
2478 171
2479 117
2480 135
2481 242
2482 140
2483 251
2484 136
2485 180
2486 168
2487 144
2488 186
2489 145
2490 161
2491 269
2492 147
2493 164
2494 188
2495 144
2496 100
2497 153
2498 130
2499 169
2500 60
2501 169
2502 164
2503 179
2504 180
2505 147
2506 172
2507 231
2508 168
2509 172
2510 158
2511 201
2512 147
2513 98
2514 206
2515 145
2516 110
2517 170
2518 192
2519 121
2520 175
2521 237
2522 184
2523 145
2524 182
2525 116
2526 146
2527 133
2528 63
2529 206
2530 231
2531 164
2532 212
2533 220
2534 87
2535 179
2536 149
2537 198
2538 126
2539 169
2540 201
2541 179
2542 167
2543 146
2544 155
2545 205
2546 138
2547 167
2548 145
2549 130
2550 132
2551 156
2552 148
2553 275
2554 185
2555 194
2556 128
2557 138
2558 158
2559 175
2560 156
2561 194
2562 173
2563 120
2564 219
2565 104
2566 125
2567 104
2568 150
2569 46
2570 131
2571 124
2572 173
2573 165
2574 171
2575 139
2576 127
2577 182
2578 193
2579 171
2580 184
2581 153
2582 174
2583 177
2584 185
2585 231
2586 175
2587 177
2588 219
2589 185
2590 169
2591 185
2592 171
2593 165
2594 208
2595 183
2596 154
2597 140
2598 198
2599 193
2600 163
2601 209
2602 116
2603 118
2604 142
2605 191
2606 179
2607 154
2608 203
2609 191
2610 153
2611 143
2612 149
2613 128
2614 140
2615 116
2616 112
2617 173
2618 182
2619 165
2620 250
2621 145
2622 144
2623 151
2624 125
2625 247
2626 190
2627 127
2628 182
2629 132
2630 186
2631 199
2632 140
2633 220
2634 174
2635 160
2636 185
2637 193
2638 123
2639 128
2640 205
2641 200
2642 215
2643 275
2644 151
2645 169
2646 139
2647 147
2648 231
2649 238
2650 190
2651 140
2652 143
2653 157
2654 162
2655 194
2656 184
2657 108
2658 81
2659 156
2660 149
2661 104
2662 88
2663 157
2664 177
2665 201
2666 109
2667 186
2668 218
2669 211
2670 156
2671 178
2672 201
2673 142
2674 222
2675 146
2676 177
2677 139
2678 150
2679 167
2680 200
2681 159
2682 176
2683 131
2684 196
2685 155
2686 149
2687 173
2688 131
2689 147
2690 202
2691 233
2692 128
2693 201
2694 182
2695 176
2696 148
2697 159
2698 182
2699 176
2700 188
2701 158
2702 162
2703 124
2704 136
2705 146
2706 175
2707 189
2708 191
2709 140
2710 157
2711 169
2712 132
2713 164
2714 171
2715 184
2716 159
2717 144
2718 183
2719 178
2720 187
2721 116
2722 181
2723 173
2724 188
2725 189
2726 111
2727 62
2728 211
2729 185
2730 137
2731 135
2732 160
2733 162
2734 166
2735 118
2736 231
2737 213
2738 184
2739 162
2740 165
2741 110
2742 86
2743 73
2744 127
2745 183
2746 173
2747 156
2748 169
2749 190
2750 187
2751 112
2752 164
2753 223
2754 162
2755 179
2756 160
2757 155
2758 170
2759 173
2760 196
2761 189
2762 165
2763 143
2764 171
2765 158
2766 155
2767 173
2768 159
2769 190
2770 135
2771 161
2772 230
2773 206
2774 175
2775 153
2776 153
2777 154
2778 157
2779 182
2780 180
2781 162
2782 132
2783 221
2784 174
2785 167
2786 144
2787 146
2788 189
2789 163
2790 138
2791 106
2792 135
2793 149
2794 234
2795 197
2796 216
2797 162
2798 181
2799 150
2800 155
2801 175
2802 203
2803 158
2804 187
2805 167
2806 125
2807 191
2808 214
2809 108
2810 190
2811 173
2812 123
2813 142
2814 191
2815 262
2816 81
2817 159
2818 177
2819 163
2820 184
2821 203
2822 221
2823 180
2824 189
2825 210
2826 0
2827 204
2828 186
2829 174
2830 158
2831 145
2832 159
2833 201
2834 150
2835 176
2836 207
2837 169
2838 182
2839 157
2840 142
2841 161
2842 176
2843 202
2844 168
2845 205
2846 111
2847 170
2848 127
2849 156
2850 97
2851 146
2852 299
2853 180
2854 161
2855 144
2856 182
2857 188
2858 167
2859 183
2860 146
2861 164
2862 207
2863 151
2864 136
2865 144
2866 177
2867 153
2868 243
2869 198
2870 170
2871 149
2872 171
2873 216
2874 144
2875 206
2876 180
2877 137
2878 184
2879 180
2880 189
2881 185
2882 199
2883 131
2884 122
2885 244
2886 176
2887 89
2888 206
2889 144
2890 168
2891 134
2892 239
2893 131
2894 173
2895 175
2896 146
2897 214
2898 181
2899 247
2900 188
2901 114
2902 141
2903 156
2904 219
2905 158
2906 184
2907 174
2908 172
2909 128
2910 158
2911 152
2912 169
2913 60
2914 175
2915 199
2916 190
2917 127
2918 148
2919 220
2920 174
2921 135
2922 146
2923 183
2924 159
2925 187
2926 155
2927 142
2928 163
2929 186
2930 119
2931 159
2932 163
2933 169
2934 155
2935 166
2936 197
2937 187
2938 222
2939 147
2940 159
2941 158
2942 194
2943 119
2944 157
2945 187
2946 115
2947 184
2948 193
2949 175
2950 157
2951 171
2952 167
2953 158
2954 188
2955 162
2956 137
2957 163
2958 185
2959 148
2960 130
2961 150
2962 123
2963 169
2964 177
2965 165
2966 0
2967 121
2968 216
2969 189
2970 145
2971 142
2972 202
2973 171
2974 121
2975 121
2976 161
2977 247
2978 212
2979 115
2980 185
2981 164
2982 194
2983 237
2984 170
2985 175
2986 202
2987 293
2988 178
2989 129
2990 211
2991 162
2992 192
2993 198
2994 129
2995 183
2996 141
2997 160
2998 176
2999 172
3000 189
3001 223
3002 196
3003 162
3004 77
3005 154
3006 102
3007 199
3008 182
3009 106
3010 177
3011 120
3012 220
3013 121
3014 130
3015 221
3016 116
3017 218
3018 165
3019 140
3020 0
3021 146
3022 203
3023 94
3024 193
3025 69
3026 139
3027 230
3028 148
3029 144
3030 175
3031 187
3032 178
3033 207
3034 120
3035 175
3036 128
3037 194
3038 195
3039 149
3040 143
3041 168
3042 113
3043 209
3044 122
3045 153
3046 141
3047 149
3048 120
3049 175
3050 0
3051 204
3052 153
3053 186
3054 177
3055 181
3056 166
3057 143
3058 157
3059 138
3060 97
3061 159
3062 153
3063 118
3064 184
3065 166
3066 152
3067 195
3068 183
3069 87
3070 173
3071 183
3072 148
3073 167
3074 172
3075 170
3076 180
3077 165
3078 198
3079 180
3080 233
3081 168
3082 160
3083 141
3084 149
3085 177
3086 141
3087 142
3088 146
3089 149
3090 183
3091 169
3092 79
3093 138
3094 150
3095 193
3096 135
3097 164
3098 183
3099 110
3100 169
3101 148
3102 219
3103 131
3104 141
3105 266
3106 170
3107 141
3108 176
3109 173
3110 204
3111 212
3112 123
3113 163
3114 166
3115 165
3116 128
3117 175
3118 173
3119 176
3120 139
3121 149
3122 183
3123 157
3124 183
3125 227
3126 111
3127 159
3128 171
3129 179
3130 176
3131 174
3132 145
3133 154
3134 162
3135 165
3136 143
3137 135
3138 194
3139 219
3140 165
3141 163
3142 226
3143 141
3144 136
3145 183
3146 141
3147 158
3148 146
3149 207
3150 140
3151 205
3152 101
3153 166
3154 180
3155 137
3156 0
3157 160
3158 186
3159 113
3160 222
3161 161
3162 149
3163 213
3164 148
3165 168
3166 183
3167 136
3168 176
3169 150
3170 200
3171 142
3172 174
3173 132
3174 191
3175 157
3176 187
3177 135
3178 149
3179 166
3180 177
3181 174
3182 204
3183 189
3184 219
3185 164
3186 130
3187 188
3188 196
3189 202
3190 182
3191 123
3192 117
3193 118
3194 194
3195 190
3196 166
3197 175
3198 218
3199 168
3200 161
3201 99
3202 141
3203 62
3204 129
3205 187
3206 164
3207 154
3208 126
3209 116
3210 150
3211 203
3212 168
3213 170
3214 213
3215 145
3216 184
3217 160
3218 93
3219 140
3220 190
3221 180
3222 78
3223 195
3224 185
3225 157
3226 153
3227 140
3228 177
3229 191
3230 189
3231 168
3232 200
3233 138
3234 238
3235 164
3236 171
3237 180
3238 151
3239 230
3240 129
3241 132
3242 205
3243 165
3244 211
3245 207
3246 189
3247 102
3248 141
3249 129
3250 138
3251 177
3252 147
3253 180
3254 194
3255 156
3256 133
3257 103
3258 159
3259 194
3260 122
3261 170
3262 138
3263 142
3264 145
3265 152
3266 171
3267 147
3268 119
3269 213
3270 175
3271 147
3272 179
3273 169
3274 142
3275 188
3276 163
3277 185
3278 170
3279 191
3280 285
3281 193
3282 185
3283 196
3284 203
3285 231
3286 132
3287 173
3288 223
3289 121
3290 182
3291 133
3292 170
3293 207
3294 181
3295 130
3296 162
3297 139
3298 229
3299 162
3300 169
3301 144
3302 209
3303 134
3304 200
3305 156
3306 114
3307 51
3308 145
3309 231
3310 161
3311 181
3312 208
3313 169
3314 201
3315 184
3316 157
3317 117
3318 140
3319 156
3320 180
3321 117
3322 202
3323 206
3324 154
3325 139
3326 134
3327 185
3328 154
3329 135
3330 135
3331 199
3332 150
3333 174
3334 195
3335 324
3336 228
3337 117
3338 76
3339 165
3340 192
3341 198
3342 100
3343 230
3344 160
3345 208
3346 186
3347 136
3348 211
3349 178
3350 138
3351 216
3352 87
3353 184
3354 168
3355 202
3356 223
3357 154
3358 69
3359 157
3360 146
3361 164
3362 106
3363 124
3364 197
3365 244
3366 146
3367 103
3368 89
3369 148
3370 138
3371 189
3372 145
3373 142
3374 110
3375 187
3376 195
3377 193
3378 207
3379 133
3380 115
3381 196
3382 187
3383 146
3384 145
3385 134
3386 151
3387 220
3388 166
3389 193
3390 130
3391 187
3392 196
3393 113
3394 165
3395 150
3396 213
3397 157
3398 140
3399 161
3400 151
3401 191
3402 182
3403 150
3404 142
3405 188
3406 162
3407 182
3408 178
3409 187
3410 102
3411 208
3412 123
3413 157
3414 166
3415 182
3416 182
3417 182
3418 191
3419 158
3420 122
3421 167
3422 167
3423 160
3424 183
3425 190
3426 222
3427 153
3428 59
3429 167
3430 166
3431 156
3432 158
3433 180
3434 196
3435 187
3436 181
3437 161
3438 149
3439 162
3440 152
3441 167
3442 136
3443 161
3444 185
3445 113
3446 114
3447 145
3448 208
3449 183
3450 146
3451 169
3452 205
3453 158
3454 118
3455 201
3456 151
3457 176
3458 198
3459 125
3460 173
3461 154
3462 132
3463 165
3464 189
3465 180
3466 156
3467 174
3468 152
3469 144
3470 195
3471 199
3472 176
3473 147
3474 303
3475 185
3476 131
3477 183
3478 173
3479 229
3480 212
3481 219
3482 161
3483 220
3484 143
3485 191
3486 186
3487 188
3488 172
3489 183
3490 181
3491 166
3492 165
3493 140
3494 135
3495 139
3496 194
3497 140
3498 148
3499 152
3500 0
3501 216
3502 151
3503 153
3504 203
3505 175
3506 170
3507 114
3508 173
3509 109
3510 198
3511 159
3512 157
3513 211
3514 191
3515 184
3516 156
3517 207
3518 91
3519 147
3520 152
3521 150
3522 192
3523 179
3524 252
3525 224
3526 146
3527 175
3528 166
3529 116
3530 162
3531 175
3532 76
3533 87
3534 190
3535 187
3536 73
3537 150
3538 162
3539 209
3540 205
3541 184
3542 148
3543 84
3544 190
3545 137
3546 172
3547 210
3548 122
3549 174
3550 185
3551 224
3552 196
3553 142
3554 184
3555 113
3556 156
3557 168
3558 206
3559 231
3560 171
3561 180
3562 127
3563 193
3564 200
3565 223
3566 93
3567 158
3568 161
3569 166
3570 134
3571 145
3572 113
3573 174
3574 167
3575 165
3576 172
3577 144
3578 189
3579 168
3580 180
3581 147
3582 205
3583 171
3584 141
3585 185
3586 259
3587 196
3588 173
3589 136
3590 208
3591 139
3592 156
3593 148
3594 208
3595 163
3596 193
3597 113
3598 148
3599 205
3600 182
3601 213
3602 161
3603 88
3604 201
3605 162
3606 65
3607 152
3608 196
3609 127
3610 280
3611 216
3612 190
3613 177
3614 106
3615 0
3616 176
3617 186
3618 139
3619 187
3620 184
3621 83
3622 182
3623 119
3624 142
3625 201
3626 161
3627 269
3628 143
3629 139
3630 163
3631 147
3632 185
3633 126
3634 181
3635 246
3636 178
3637 164
3638 118
3639 229
3640 156
3641 140
3642 206
3643 178
3644 178
3645 195
3646 172
3647 135
3648 203
3649 185
3650 126
3651 139
3652 77
3653 217
3654 202
3655 216
3656 182
3657 169
3658 205
3659 179
3660 208
3661 214
3662 187
3663 206
3664 184
3665 103
3666 190
3667 149
3668 93
3669 141
3670 140
3671 175
3672 242
3673 192
3674 228
3675 202
3676 109
3677 163
3678 246
3679 199
3680 158
3681 200
3682 162
3683 187
3684 128
3685 135
3686 145
3687 186
3688 120
3689 112
3690 217
3691 227
3692 155
3693 132
3694 139
3695 141
3696 170
3697 167
3698 156
3699 238
3700 181
3701 130
3702 190
3703 175
3704 141
3705 201
3706 137
3707 156
3708 158
3709 82
3710 82
3711 148
3712 112
3713 100
3714 0
3715 185
3716 181
3717 174
3718 161
3719 125
3720 163
3721 194
3722 188
3723 134
3724 214
3725 152
3726 187
3727 205
3728 138
3729 222
3730 143
3731 225
3732 72
3733 115
3734 146
3735 97
3736 175
3737 194
3738 192
3739 195
3740 162
3741 194
3742 192
3743 182
3744 149
3745 220
3746 171
3747 156
3748 221
3749 146
3750 113
3751 143
3752 193
3753 233
3754 105
3755 133
3756 52
3757 180
3758 153
3759 101
3760 173
3761 232
3762 175
3763 64
3764 187
3765 186
3766 166
3767 99
3768 154
3769 221
3770 147
3771 163
3772 160
3773 226
3774 143
3775 188
3776 191
3777 120
3778 163
3779 96
3780 140
3781 156
3782 172
3783 225
3784 179
3785 143
3786 167
3787 133
3788 166
3789 206
3790 149
3791 100
3792 240
3793 168
3794 192
3795 177
3796 0
3797 255
3798 133
3799 181
3800 131
3801 114
3802 177
3803 195
3804 178
3805 150
3806 289
3807 193
3808 182
3809 174
3810 161
3811 159
3812 177
3813 235
3814 177
3815 148
3816 187
3817 91
3818 177
3819 177
3820 131
3821 133
3822 186
3823 181
3824 236
3825 211
3826 134
3827 153
3828 170
3829 105
3830 208
3831 217
3832 174
3833 155
3834 221
3835 96
3836 193
3837 231
3838 121
3839 144
3840 176
3841 166
3842 128
3843 93
3844 109
3845 167
3846 221
3847 172
3848 124
3849 181
3850 163
3851 179
3852 85
3853 178
3854 152
3855 154
3856 0
3857 165
3858 181
3859 159
3860 150
3861 0
3862 141
3863 134
3864 180
3865 158
3866 186
3867 191
3868 161
3869 216
3870 169
3871 152
3872 157
3873 166
3874 140
3875 172
3876 140
3877 165
3878 185
3879 121
3880 180
3881 131
3882 191
3883 203
3884 160
3885 139
3886 130
3887 174
3888 147
3889 184
3890 291
3891 163
3892 134
3893 213
3894 190
3895 137
3896 95
3897 222
3898 135
3899 162
3900 157
3901 174
3902 167
3903 194
3904 118
3905 137
3906 182
3907 141
3908 147
3909 128
3910 167
3911 163
3912 191
3913 201
3914 177
3915 0
3916 78
3917 275
3918 130
3919 182
3920 180
3921 132
3922 147
3923 150
3924 161
3925 170
3926 137
3927 146
3928 196
3929 184
3930 126
3931 215
3932 256
3933 204
3934 97
3935 182
3936 149
3937 162
3938 198
3939 0
3940 66
3941 115
3942 182
3943 138
3944 256
3945 213
3946 116
3947 180
3948 169
3949 184
3950 154
3951 169
3952 164
3953 162
3954 186
3955 139
3956 181
3957 166
3958 145
3959 178
3960 151
3961 136
3962 180
3963 176
3964 179
3965 165
3966 112
3967 127
3968 153
3969 190
3970 149
3971 172
3972 170
3973 233
3974 171
3975 135
3976 199
3977 190
3978 188
3979 189
3980 163
3981 165
3982 191
3983 195
3984 180
3985 116
3986 207
3987 168
3988 264
3989 120
3990 137
3991 166
3992 183
3993 203
3994 122
3995 150
3996 164
3997 222
3998 184
3999 143
4000 162
4001 281
4002 229
4003 101
4004 187
4005 184
4006 233
4007 160
4008 119
4009 119
4010 136
4011 215
4012 177
4013 133
4014 170
4015 143
4016 195
4017 169
4018 185
4019 157
4020 187
4021 129
4022 185
4023 139
4024 144
4025 180
4026 164
4027 178
4028 154
4029 230
4030 186
4031 155
4032 89
4033 194
4034 178
4035 0
4036 160
4037 116
4038 175
4039 83
4040 194
4041 213
4042 117
4043 117
4044 153
4045 86
4046 165
4047 211
4048 185
4049 184
4050 211
4051 171
4052 198
4053 115
4054 173
4055 184
4056 144
4057 156
4058 132
4059 130
4060 152
4061 163
4062 190
4063 180
4064 236
4065 145
4066 159
4067 163
4068 118
4069 155
4070 137
4071 148
4072 203
4073 174
4074 194
4075 198
4076 179
4077 295
4078 217
4079 186
4080 148
4081 166
4082 196
4083 206
4084 122
4085 188
4086 119
4087 127
4088 168
4089 211
4090 82
4091 147
4092 133
4093 169
4094 139
4095 155
4096 145
4097 205
4098 134
4099 190
4100 181
4101 182
4102 155
4103 180
4104 69
4105 195
4106 196
4107 145
4108 203
4109 175
4110 165
4111 162
4112 128
4113 175
4114 139
4115 145
4116 137
4117 157
4118 156
4119 152
4120 168
4121 176
4122 159
4123 153
4124 185
4125 182
4126 157
4127 154
4128 112
4129 221
4130 140
4131 170
4132 237
4133 173
4134 219
4135 117
4136 202
4137 194
4138 152
4139 14
4140 144
4141 150
4142 182
4143 126
4144 86
4145 157
4146 77
4147 111
4148 150
4149 197
4150 233
4151 205
4152 191
4153 160
4154 160
4155 166
4156 212
4157 124
4158 230
4159 102
4160 148
4161 259
4162 130
4163 262
4164 122
4165 165
4166 119
4167 196
4168 186
4169 149
4170 156
4171 191
4172 125
4173 178
4174 206
4175 148
4176 213
4177 131
4178 245
4179 98
4180 132
4181 187
4182 131
4183 178
4184 184
4185 160
4186 113
4187 226
4188 142
4189 209
4190 197
4191 193
4192 156
4193 159
4194 54
4195 203
4196 205
4197 112
4198 165
4199 176
4200 192
4201 192
4202 170
4203 164
4204 151
4205 174
4206 165
4207 166
4208 155
4209 166
4210 207
4211 160
4212 156
4213 134
4214 183
4215 159
4216 144
4217 157
4218 251
4219 137
4220 226
4221 184
4222 182
4223 154
4224 157
4225 234
4226 127
4227 159
4228 175
4229 211
4230 213
4231 191
4232 271
4233 0
4234 183
4235 138
4236 114
4237 105
4238 182
4239 166
4240 172
4241 219
4242 157
4243 175
4244 137
4245 168
4246 155
4247 167
4248 164
4249 133
4250 128
4251 161
4252 142
4253 180
4254 233
4255 187
4256 172
4257 182
4258 138
4259 167
4260 202
4261 137
4262 169
4263 168
4264 287
4265 125
4266 187
4267 155
4268 135
4269 191
4270 209
4271 104
4272 188
4273 182
4274 201
4275 143
4276 202
4277 204
4278 210
4279 178
4280 121
4281 172
4282 186
4283 196
4284 168
4285 107
4286 130
4287 77
4288 131
4289 180
4290 140
4291 220
4292 175
4293 183
4294 155
4295 180
4296 204
4297 152
4298 207
4299 213
4300 125
4301 217
4302 150
4303 180
4304 163
4305 143
4306 176
4307 157
4308 204
4309 212
4310 237
4311 169
4312 164
4313 122
4314 79
4315 163
4316 229
4317 170
4318 129
4319 198
4320 92
4321 197
4322 198
4323 180
4324 225
4325 30
4326 141
4327 178
4328 143
4329 164
4330 158
4331 255
4332 164
4333 179
4334 180
4335 173
4336 173
4337 216
4338 213
4339 172
4340 227
4341 122
4342 146
4343 149
4344 137
4345 91
4346 199
4347 109
4348 152
4349 144
4350 213
4351 176
4352 185
4353 153
4354 176
4355 148
4356 261
4357 153
4358 174
4359 85
4360 224
4361 185
4362 224
4363 156
4364 152
4365 177
4366 116
4367 164
4368 225
4369 217
4370 134
4371 156
4372 164
4373 185
4374 158
4375 148
4376 209
4377 146
4378 168
4379 136
4380 101
4381 201
4382 138
4383 169
4384 190
4385 201
4386 191
4387 204
4388 119
4389 128
4390 142
4391 129
4392 258
4393 198
4394 151
4395 190
4396 194
4397 205
4398 146
4399 168
4400 183
4401 220
4402 126
4403 108
4404 154
4405 59
4406 214
4407 185
4408 111
4409 185
4410 176
4411 195
4412 164
4413 92
4414 174
4415 149
4416 193
4417 181
4418 188
4419 156
4420 164
4421 168
4422 197
4423 78
4424 211
4425 138
4426 161
4427 179
4428 156
4429 138
4430 161
4431 146
4432 140
4433 180
4434 104
4435 173
4436 203
4437 161
4438 189
4439 107
4440 245
4441 170
4442 172
4443 148
4444 218
4445 183
4446 193
4447 145
4448 131
4449 148
4450 175
4451 226
4452 176
4453 275
4454 164
4455 170
4456 116
4457 201
4458 173
4459 146
4460 176
4461 111
4462 188
4463 206
4464 164
4465 167
4466 80
4467 198
4468 200
4469 174
4470 179
4471 170
4472 161
4473 178
4474 140
4475 159
4476 167
4477 136
4478 111
4479 200
4480 183
4481 195
4482 172
4483 169
4484 158
4485 170
4486 130
4487 162
4488 117
4489 152
4490 165
4491 139
4492 151
4493 221
4494 149
4495 225
4496 167
4497 190
4498 190
4499 162
4500 138
4501 126
4502 127
4503 182
4504 186
4505 184
4506 197
4507 175
4508 150
4509 152
4510 95
4511 257
4512 231
4513 151
4514 176
4515 184
4516 202
4517 144
4518 134
4519 161
4520 179
4521 178
4522 152
4523 96
4524 186
4525 209
4526 178
4527 73
4528 204
4529 226
4530 163
4531 174
4532 135
4533 162
4534 185
4535 182
4536 0
4537 196
4538 132
4539 192
4540 224
4541 177
4542 120
4543 177
4544 152
4545 149
4546 120
4547 175
4548 172
4549 172
4550 175
4551 122
4552 179
4553 44
4554 164
4555 178
4556 184
4557 243
4558 155
4559 152
4560 158
4561 152
4562 171
4563 178
4564 191
4565 165
4566 158
4567 227
4568 185
4569 202
4570 107
4571 208
4572 120
4573 134
4574 122
4575 193
4576 130
4577 179
4578 103
4579 153
4580 184
4581 162
4582 146
4583 188
4584 163
4585 157
4586 170
4587 147
4588 155
4589 285
4590 152
4591 192
4592 222
4593 233
4594 142
4595 116
4596 120
4597 147
4598 154
4599 119
4600 153
4601 146
4602 203
4603 209
4604 99
4605 167
4606 140
4607 142
4608 156
4609 162
4610 188
4611 228
4612 51
4613 175
4614 152
4615 141
4616 149
4617 167
4618 203
4619 172
4620 131
4621 199
4622 189
4623 211
4624 130
4625 162
4626 207
4627 220
4628 97
4629 134
4630 179
4631 149
4632 114
4633 201
4634 192
4635 49
4636 157
4637 163
4638 207
4639 149
4640 158
4641 181
4642 167
4643 139
4644 99
4645 165
4646 163
4647 113
4648 136
4649 197
4650 176
4651 143
4652 185
4653 147
4654 136
4655 135
4656 185
4657 236
4658 153
4659 139
4660 185
4661 172
4662 181
4663 197
4664 183
4665 174
4666 111
4667 200
4668 181
4669 176
4670 91
4671 176
4672 171
4673 156
4674 180
4675 187
4676 128
4677 245
4678 208
4679 175
4680 119
4681 194
4682 176
4683 147
4684 183
4685 102
4686 180
4687 189
4688 132
4689 189
4690 150
4691 219
4692 146
4693 131
4694 159
4695 203
4696 239
4697 151
4698 145
4699 148
4700 126
4701 162
4702 122
4703 155
4704 144
4705 177
4706 199
4707 240
4708 174
4709 195
4710 134
4711 162
4712 231
4713 160
4714 215
4715 222
4716 157
4717 240
4718 171
4719 209
4720 188
4721 197
4722 188
4723 189
4724 161
4725 137
4726 152
4727 220
4728 192
4729 103
4730 166
4731 208
4732 177
4733 179
4734 138
4735 176
4736 196
4737 161
4738 125
4739 166
4740 114
4741 154
4742 178
4743 172
4744 185
4745 183
4746 184
4747 153
4748 213
4749 121
4750 149
4751 198
4752 135
4753 182
4754 184
4755 183
4756 128
4757 154
4758 201
4759 227
4760 236
4761 194
4762 128
4763 188
4764 155
4765 49
4766 191
4767 154
4768 187
4769 179
4770 172
4771 199
4772 166
4773 208
4774 137
4775 170
4776 183
4777 201
4778 186
4779 170
4780 170
4781 179
4782 119
4783 174
4784 177
4785 167
4786 181
4787 279
4788 194
4789 120
4790 139
4791 119
4792 184
4793 150
4794 182
4795 118
4796 132
4797 182
4798 151
4799 182
4800 185
4801 147
4802 183
4803 181
4804 155
4805 119
4806 128
4807 163
4808 136
4809 159
4810 240
4811 171
4812 163
4813 126
4814 196
4815 214
4816 157
4817 147
4818 139
4819 152
4820 210
4821 142
4822 162
4823 171
4824 189
4825 138
4826 197
4827 238
4828 160
4829 102
4830 154
4831 221
4832 153
4833 188
4834 154
4835 156
4836 110
4837 185
4838 153
4839 206
4840 152
4841 101
4842 165
4843 80
4844 243
4845 202
4846 195
4847 82
4848 134
4849 174
4850 206
4851 103
4852 215
4853 147
4854 133
4855 174
4856 108
4857 85
4858 179
4859 206
4860 160
4861 141
4862 158
4863 92
4864 119
4865 174
4866 138
4867 166
4868 186
4869 127
4870 190
4871 249
4872 138
4873 166
4874 239
4875 129
4876 109
4877 147
4878 169
4879 148
4880 201
4881 167
4882 153
4883 152
4884 185
4885 169
4886 157
4887 142
4888 172
4889 231
4890 153
4891 179
4892 151
4893 187
4894 186
4895 194
4896 177
4897 214
4898 194
4899 172
4900 225
4901 165
4902 161
4903 191
4904 130
4905 147
4906 198
4907 150
4908 188
4909 182
4910 151
4911 180
4912 185
4913 204
4914 134
4915 190
4916 179
4917 207
4918 193
4919 195
4920 215
4921 322
4922 187
4923 140
4924 96
4925 15
4926 192
4927 169
4928 131
4929 207
4930 165
4931 140
4932 237
4933 172
4934 185
4935 130
4936 168
4937 113
4938 128
4939 158
4940 155
4941 208
4942 146
4943 118
4944 174
4945 143
4946 260
4947 157
4948 151
4949 164
4950 209
4951 185
4952 126
4953 197
4954 176
4955 174
4956 0
4957 151
4958 104
4959 150
4960 158
4961 208
4962 179
4963 193
4964 201
4965 177
4966 188
4967 225
4968 181
4969 172
4970 183
4971 134
4972 194
4973 158
4974 196
4975 183
4976 174
4977 128
4978 151
4979 162
4980 89
4981 176
4982 219
4983 203
4984 153
4985 190
4986 192
4987 223
4988 195
4989 171
4990 172
4991 167
4992 126
4993 167
4994 170
4995 139
4996 147
4997 140
4998 184
4999 206
5000 205
5001 270
5002 198
5003 0
5004 187
5005 166
5006 203
5007 122
5008 136
5009 153
5010 182
5011 167
5012 144
5013 163
5014 170
5015 157
5016 185
5017 156
5018 146
5019 190
5020 180
5021 115
5022 120
5023 168
5024 161
5025 182
5026 162
5027 157
5028 125
5029 198
5030 138
5031 238
5032 152
5033 171
5034 160
5035 204
5036 141
5037 184
5038 158
5039 148
5040 147
5041 178
5042 171
5043 159
5044 194
5045 181
5046 178
5047 188
5048 284
5049 183
5050 157
5051 202
5052 126
5053 184
5054 191
5055 124
5056 118
5057 146
5058 190
5059 168
5060 126
5061 185
5062 165
5063 145
5064 211
5065 150
5066 208
5067 111
5068 160
5069 136
5070 169
5071 143
5072 129
5073 157
5074 188
5075 210
5076 148
5077 154
5078 206
5079 123
5080 201
5081 167
5082 211
5083 144
5084 129
5085 175
5086 156
5087 167
5088 126
5089 231
5090 171
5091 197
5092 156
5093 176
5094 184
5095 159
5096 170
5097 166
5098 170
5099 200
5100 138
5101 218
5102 214
5103 173
5104 94
5105 214
5106 156
5107 157
5108 129
5109 211
5110 151
5111 148
5112 189
5113 176
5114 160
5115 121
5116 147
5117 219
5118 209
5119 184
5120 57
5121 140
5122 99
5123 156
5124 148
5125 143
5126 227
5127 75
5128 201
5129 139
5130 96
5131 184
5132 136
5133 209
5134 148
5135 218
5136 193
5137 161
5138 190
5139 116
5140 163
5141 159
5142 159
5143 145
5144 113
5145 201
5146 189
5147 0
5148 171
5149 206
5150 203
5151 159
5152 165
5153 155
5154 152
5155 107
5156 124
5157 183
5158 140
5159 144
5160 172
5161 124
5162 204
5163 201
5164 149
5165 249
5166 148
5167 171
5168 181
5169 153
5170 118
5171 236
5172 191
5173 163
5174 10
5175 133
5176 169
5177 172
5178 199
5179 142
5180 132
5181 195
5182 154
5183 158
5184 234
5185 190
5186 210
5187 120
5188 256
5189 190
5190 226
5191 257
5192 203
5193 127
5194 181
5195 126
5196 179
5197 170
5198 183
5199 167
5200 176
5201 189
5202 212
5203 101
5204 196
5205 173
5206 143
5207 182
5208 174
5209 264
5210 128
5211 159
5212 196
5213 164
5214 182
5215 166
5216 143
5217 184
5218 196
5219 156
5220 164
5221 171
5222 165
5223 200
5224 135
5225 175
5226 159
5227 240
5228 152
5229 134
5230 234
5231 134
5232 150
5233 143
5234 174
5235 166
5236 186
5237 159
5238 183
5239 169
5240 145
5241 172
5242 167
5243 186
5244 205
5245 169
5246 136
5247 169
5248 193
5249 188
5250 166
5251 185
5252 177
5253 203
5254 185
5255 148
5256 196
5257 172
5258 151
5259 108
5260 175
5261 160
5262 136
5263 183
5264 199
5265 194
5266 145
5267 209
5268 181
5269 165
5270 139
5271 100
5272 217
5273 170
5274 123
5275 171
5276 181
5277 135
5278 173
5279 167
5280 181
5281 193
5282 171
5283 121
5284 125
5285 104
5286 169
5287 198
5288 193
5289 123
5290 176
5291 206
5292 152
5293 212
5294 138
5295 207
5296 218
5297 146
5298 166
5299 148
5300 140
5301 115
5302 174
5303 156
5304 149
5305 149
5306 204
5307 180
5308 153
5309 243
5310 141
5311 101
5312 196
5313 87
5314 126
5315 79
5316 129
5317 126
5318 121
5319 192
5320 144
5321 137
5322 172
5323 131
5324 223
5325 110
5326 235
5327 157
5328 187
5329 195
5330 171
5331 183
5332 141
5333 156
5334 154
5335 190
5336 157
5337 151
5338 145
5339 187
5340 221
5341 137
5342 202
5343 211
5344 163
5345 170
5346 214
5347 174
5348 164
5349 187
5350 181
5351 183
5352 147
5353 148
5354 199
5355 186
5356 157
5357 118
5358 121
5359 141
5360 122
5361 158
5362 147
5363 192
5364 174
5365 226
5366 4
5367 166
5368 209
5369 160
5370 147
5371 206
5372 183
5373 175
5374 188
5375 149
5376 149
5377 133
5378 116
5379 234
5380 173
5381 176
5382 208
5383 179
5384 122
5385 178
5386 183
5387 199
5388 211
5389 129
5390 184
5391 197
5392 225
5393 110
5394 0
5395 157
5396 89
5397 115
5398 128
5399 101
