Vertices: 3400
Edges: 17000
Time: 1,025 ms
Iterations: 16897
Vertex Distance
0 0
1 111
2 187
3 188
4 164
5 113
6 107
7 213
8 155
9 158
10 128
11 249
12 169
13 196
14 135
15 158
16 185
17 186
18 106
19 201
20 172
21 202
22 234
23 174
24 81
25 162
26 62
27 180
28 135
29 146
30 153
31 157
32 192
33 143
34 181
35 182
36 123
37 138
38 136
39 120
40 102
41 140
42 121
43 127
44 164
45 117
46 223
47 147
48 134
49 172
50 126
51 123
52 153
53 160
54 168
55 107
56 160
57 94
58 121
59 200
60 138
61 158
62 132
63 152
64 136
65 186
66 163
67 123
68 243
69 176
70 178
71 143
72 148
73 187
74 187
75 179
76 190
77 123
78 166
79 192
80 120
81 202
82 118
83 106
84 113
85 186
86 207
87 115
88 167
89 107
90 139
91 141
92 170
93 116
94 165
95 140
96 212
97 171
98 141
99 119
100 177
101 194
102 133
103 163
104 227
105 129
106 140
107 196
108 167
109 104
110 135
111 150
112 118
113 157
114 136
115 154
116 146
117 128
118 172
119 221
120 163
121 140
122 88
123 157
124 125
125 178
126 174
127 253
128 296
129 153
130 142
131 206
132 179
133 128
134 113
135 181
136 132
137 150
138 141
139 162
140 142
141 164
142 174
143 153
144 146
145 146
146 240
147 169
148 154
149 128
150 209
151 148
152 150
153 180
154 161
155 159
156 159
157 145
158 196
159 98
160 100
161 229
162 105
163 123
164 196
165 72
166 204
167 113
168 124
169 192
170 137
171 108
172 137
173 195
174 111
175 96
176 130
177 122
178 104
179 152
180 158
181 0
182 190
183 81
184 145
185 125
186 142
187 168
188 157
189 165
190 205
191 161
192 132
193 162
194 160
195 202
196 80
197 162
198 109
199 188
200 157
201 111
202 130
203 164
204 122
205 115
206 118
207 221
208 167
209 159
210 137
211 177
212 109
213 207
214 189
215 149
216 165
217 142
218 102
219 127
220 151
221 111
222 87
223 151
224 120
225 164
226 133
227 174
228 170
229 228
230 169
231 121
232 191
233 121
234 76
235 153
236 220
237 188
238 222
239 163
240 136
241 137
242 119
243 62
244 136
245 121
246 194
247 75
248 159
249 90
250 106
251 111
252 77
253 168
254 192
255 123
256 113
257 85
258 159
259 154
260 135
261 157
262 199
263 38
264 139
265 139
266 139
267 133
268 117
269 91
270 160
271 140
272 116
273 143
274 167
275 213
276 166
277 112
278 168
279 164
280 186
281 192
282 189
283 145
284 195
285 126
286 145
287 168
288 169
289 129
290 110
291 148
292 145
293 164
294 128
295 218
296 121
297 103
298 200
299 162
300 155
301 189
302 162
303 176
304 185
305 181
306 153
307 150
308 223
309 124
310 135
311 0
312 49
313 111
314 158
315 198
316 136
317 166
318 177
319 111
320 199
321 189
322 161
323 155
324 158
325 94
326 133
327 148
328 124
329 142
330 153
331 107
332 221
333 181
334 90
335 173
336 194
337 146
338 170
339 182
340 120
341 237
342 144
343 157
344 162
345 147
346 128
347 150
348 169
349 135
350 156
351 128
352 212
353 191
354 153
355 129
356 131
357 197
358 86
359 169
360 149
361 164
362 192
363 101
364 227
365 171
366 156
367 176
368 124
369 132
370 183
371 152
372 114
373 189
374 168
375 155
376 123
377 221
378 155
379 147
380 97
381 190
382 102
383 209
384 127
385 186
386 140
387 169
388 139
389 144
390 102
391 123
392 113
393 153
394 252
395 176
396 174
397 170
398 147
399 218
400 126
401 190
402 97
403 163
404 168
405 178
406 161
407 175
408 129
409 141
410 132
411 158
412 137
413 78
414 79
415 157
416 140
417 66
418 150
419 242
420 166
421 126
422 127
423 174
424 86
425 223
426 104
427 167
428 164
429 143
430 128
431 144
432 113
433 132
434 130
435 129
436 161
437 142
438 187
439 171
440 140
441 161
442 184
443 150
444 143
445 148
446 160
447 126
448 248
449 240
450 153
451 252
452 136
453 226
454 104
455 196
456 143
457 152
458 186
459 112
460 160
461 166
462 171
463 152
464 182
465 192
466 127
467 110
468 139
469 184
470 144
471 147
472 203
473 121
474 161
475 150
476 162
477 229
478 170
479 158
480 133
481 129
482 179
483 171
484 150
485 133
486 116
487 124
488 154
489 167
490 247
491 173
492 171
493 174
494 144
495 183
496 105
497 152
498 117
499 164
500 121
501 194
502 181
503 109
504 141
505 162
506 144
507 109
508 179
509 217
510 119
511 87
512 184
513 117
514 73
515 87
516 273
517 147
518 73
519 121
520 173
521 178
522 159
523 57
524 183
525 162
526 154
527 106
528 146
529 155
530 129
531 197
532 192
533 139
534 137
535 215
536 131
537 228
538 188
539 108
540 153
541 0
542 123
543 157
544 142
545 207
546 167
547 194
548 134
549 185
550 119
551 111
552 73
553 149
554 67
555 188
556 138
557 254
558 181
559 124
560 119
561 182
562 184
563 164
564 127
565 128
566 147
567 118
568 192
569 92
570 150
571 193
572 147
573 114
574 180
575 183
576 115
577 163
578 155
579 158
580 170
581 121
582 231
583 125
584 211
585 163
586 177
587 158
588 156
589 132
590 173
591 124
592 113
593 250
594 145
595 219
596 162
597 156
598 116
599 141
600 172
601 38
602 175
603 160
604 186
605 131
606 127
607 201
608 154
609 149
610 119
611 215
612 231
613 148
614 218
615 141
616 91
617 153
618 155
619 108
620 93
621 121
622 150
623 182
624 185
625 197
626 218
627 140
628 191
629 153
630 182
631 166
632 186
633 144
634 121
635 161
636 151
637 142
638 123
639 196
640 134
641 121
642 139
643 154
644 120
645 93
646 88
647 170
648 160
649 116
650 197
651 171
652 117
653 135
654 167
655 124
656 144
657 141
658 140
659 25
660 92
661 56
662 127
663 186
664 166
665 120
666 172
667 143
668 207
669 173
670 203
671 175
672 145
673 156
674 142
675 142
676 134
677 128
678 102
679 133
680 163
681 183
682 149
683 181
684 144
685 138
686 177
687 127
688 215
689 168
690 184
691 179
692 136
693 112
694 136
695 166
696 151
697 166
698 93
699 147
700 176
701 107
702 151
703 161
704 56
705 123
706 153
707 155
708 117
709 197
710 155
711 199
712 160
713 191
714 104
715 154
716 219
717 202
718 161
719 175
720 121
721 206
722 106
723 146
724 171
725 197
726 0
727 181
728 179
729 136
730 77
731 112
732 222
733 155
734 142
735 168
736 137
737 176
738 165
739 204
740 145
741 148
742 177
743 102
744 166
745 150
746 192
747 114
748 170
749 179
750 169
751 160
752 150
753 154
754 94
755 119
756 169
757 196
758 118
759 168
760 171
761 185
762 165
763 176
764 119
765 137
766 132
767 194
768 129
769 151
770 251
771 237
772 214
773 176
774 128
775 82
776 242
777 255
778 175
779 87
780 168
781 170
782 164
783 222
784 176
785 99
786 149
787 252
788 145
789 133
790 182
791 130
792 166
793 167
794 167
795 151
796 132
797 289
798 148
799 143
800 120
801 159
802 114
803 99
804 143
805 131
806 210
807 148
808 24
809 151
810 42
811 178
812 137
813 168
814 195
815 146
816 149
817 195
818 202
819 165
820 190
821 109
822 178
823 100
824 143
825 162
826 163
827 138
828 133
829 214
830 189
831 118
832 180
833 203
834 156
835 162
836 193
837 168
838 234
839 176
840 120
841 212
842 174
843 203
844 185
845 179
846 155
847 118
848 158
849 192
850 172
851 188
852 148
853 144
854 135
855 147
856 131
857 137
858 170
859 193
860 146
861 120
862 162
863 179
864 164
865 228
866 180
867 83
868 112
869 181
870 153
871 133
872 167
873 137
874 201
875 168
876 99
877 49
878 125
879 113
880 151
881 190
882 163
883 165
884 212
885 226
886 134
887 164
888 134
889 142
890 171
891 141
892 205
893 116
894 152
895 151
896 89
897 155
898 160
899 137
900 149
901 152
902 43
903 151
904 130
905 162
906 160
907 95
908 158
909 152
910 147
911 155
912 152
913 155
914 151
915 197
916 168
917 143
918 147
919 236
920 160
921 145
922 179
923 171
924 173
925 159
926 146
927 127
928 146
929 123
930 132
931 169
932 131
933 144
934 153
935 150
936 141
937 138
938 183
939 152
940 188
941 125
942 136
943 192
944 207
945 167
946 102
947 127
948 163
949 61
950 181
951 132
952 149
953 113
954 164
955 147
956 79
957 132
958 167
959 190
960 143
961 151
962 210
963 125
964 163
965 98
966 186
967 190
968 146
969 167
970 142
971 156
972 104
973 190
974 176
975 92
976 151
977 73
978 131
979 152
980 173
981 167
982 121
983 240
984 123
985 156
986 116
987 153
988 146
989 132
990 133
991 82
992 127
993 98
994 87
995 107
996 117
997 141
998 145
999 134
1000 134
1001 54
1002 106
1003 189
1004 150
1005 136
1006 172
1007 127
1008 79
1009 168
1010 159
1011 114
1012 171
1013 131
1014 133
1015 212
1016 238
1017 158
1018 135
1019 160
1020 170
1021 134
1022 155
1023 80
1024 144
1025 182
1026 176
1027 169
1028 114
1029 80
1030 124
1031 150
1032 162
1033 181
1034 0
1035 119
1036 169
1037 103
1038 179
1039 118
1040 71
1041 165
1042 181
1043 215
1044 177
1045 104
1046 238
1047 149
1048 180
1049 163
1050 202
1051 162
1052 147
1053 98
1054 211
1055 5
1056 173
1057 153
1058 137
1059 191
1060 126
1061 77
1062 138
1063 120
1064 177
1065 93
1066 145
1067 160
1068 162
1069 164
1070 115
1071 155
1072 130
1073 180
1074 133
1075 133
1076 186
1077 139
1078 107
1079 148
1080 155
1081 128
1082 161
1083 165
1084 129
1085 175
1086 148
1087 187
1088 147
1089 159
1090 103
1091 157
1092 146
1093 138
1094 155
1095 0
1096 155
1097 81
1098 159
1099 210
1100 206
1101 105
1102 163
1103 153
1104 136
1105 161
1106 125
1107 186
1108 151
1109 167
1110 137
1111 148
1112 157
1113 92
1114 128
1115 181
1116 109
1117 147
1118 164
1119 199
1120 193
1121 180
1122 143
1123 204
1124 204
1125 164
1126 115
1127 154
1128 93
1129 175
1130 122
1131 182
1132 185
1133 130
1134 150
1135 186
1136 186
1137 157
1138 180
1139 143
1140 166
1141 146
1142 187
1143 151
1144 159
1145 133
1146 100
1147 111
1148 144
1149 162
1150 123
1151 151
1152 130
1153 114
1154 155
1155 95
1156 136
1157 138
1158 228
1159 210
1160 125
1161 138
1162 204
1163 163
1164 186
1165 131
1166 114
1167 106
1168 145
1169 142
1170 200
1171 125
1172 179
1173 141
1174 99
1175 159
1176 188
1177 175
1178 172
1179 184
1180 160
1181 107
1182 78
1183 91
1184 147
1185 171
1186 149
1187 137
1188 121
1189 125
1190 144
1191 148
1192 169
1193 162
1194 170
1195 123
1196 172
1197 156
1198 199
1199 171
1200 173
1201 150
1202 177
1203 164
1204 185
1205 105
1206 133
1207 135
1208 179
1209 117
1210 169
1211 0
1212 131
1213 196
1214 185
1215 159
1216 105
1217 181
1218 177
1219 165
1220 148
1221 184
1222 99
1223 137
1224 112
1225 239
1226 144
1227 130
1228 171
1229 236
1230 116
1231 172
1232 104
1233 221
1234 178
1235 95
1236 147
1237 163
1238 156
1239 167
1240 152
1241 95
1242 173
1243 186
1244 147
1245 140
1246 147
1247 207
1248 159
1249 122
1250 98
1251 165
1252 138
1253 84
1254 126
1255 159
1256 173
1257 150
1258 99
1259 163
1260 201
1261 117
1262 92
1263 180
1264 178
1265 99
1266 156
1267 181
1268 139
1269 161
1270 118
1271 174
1272 144
1273 121
1274 121
1275 174
1276 155
1277 139
1278 186
1279 70
1280 87
1281 142
1282 64
1283 120
1284 154
1285 132
1286 70
1287 129
1288 164
1289 167
1290 164
1291 168
1292 168
1293 211
1294 175
1295 142
1296 110
1297 111
1298 152
1299 109
1300 48
1301 206
1302 171
1303 142
1304 196
1305 150
1306 201
1307 133
1308 171
1309 88
1310 182
1311 122
1312 148
1313 184
1314 142
1315 175
1316 124
1317 61
1318 132
1319 154
1320 95
1321 125
1322 152
1323 113
1324 211
1325 150
1326 125
1327 179
1328 95
1329 172
1330 152
1331 121
1332 163
1333 146
1334 224
1335 132
1336 126
1337 126
1338 160
1339 144
1340 144
1341 180
1342 156
1343 119
1344 194
1345 116
1346 165
1347 179
1348 74
1349 140
1350 115
1351 153
1352 134
1353 120
1354 161
1355 149
1356 179
1357 136
1358 192
1359 132
1360 187
1361 163
1362 112
1363 139
1364 121
1365 177
1366 181
1367 155
1368 149
1369 148
1370 196
1371 122
1372 169
1373 131
1374 176
1375 150
1376 162
1377 171
1378 86
1379 153
1380 127
1381 180
1382 146
1383 143
1384 167
1385 101
1386 198
1387 193
1388 63
1389 147
1390 152
1391 209
1392 226
1393 158
1394 215
1395 162
1396 133
1397 168
1398 143
1399 128
1400 121
1401 200
1402 177
1403 166
1404 180
1405 137
1406 120
1407 162
1408 155
1409 32
1410 179
1411 106
1412 121
1413 181
1414 124
1415 119
1416 150
1417 173
1418 149
1419 184
1420 181
1421 119
1422 140
1423 0
1424 129
1425 127
1426 121
1427 112
1428 153
1429 235
1430 131
1431 199
1432 145
1433 115
1434 187
1435 115
1436 145
1437 126
1438 182
1439 157
1440 194
1441 142
1442 156
1443 188
1444 161
1445 111
1446 138
1447 101
1448 216
1449 155
1450 142
1451 126
1452 170
1453 231
1454 128
1455 190
1456 145
1457 209
1458 150
1459 150
1460 95
1461 186
1462 186
1463 232
1464 106
1465 121
1466 149
1467 89
1468 175
1469 161
1470 117
1471 180
1472 131
1473 183
1474 173
1475 150
1476 94
1477 198
1478 218
1479 147
1480 170
1481 125
1482 171
1483 111
1484 98
1485 137
1486 135
1487 137
1488 81
1489 164
1490 191
1491 125
1492 243
1493 128
1494 173
1495 135
1496 147
1497 106
1498 93
1499 118
1500 44
1501 122
1502 191
1503 130
1504 88
1505 131
1506 134
1507 176
1508 245
1509 162
1510 144
1511 164
1512 128
1513 120
1514 126
1515 138
1516 217
1517 184
1518 163
1519 191
1520 179
1521 127
1522 189
1523 130
1524 146
1525 151
1526 146
1527 184
1528 157
1529 149
1530 202
1531 131
1532 82
1533 196
1534 126
1535 139
1536 193
1537 156
1538 89
1539 98
1540 160
1541 124
1542 134
1543 195
1544 278
1545 157
1546 80
1547 150
1548 54
1549 175
1550 97
1551 97
1552 162
1553 116
1554 113
1555 172
1556 193
1557 150
1558 139
1559 168
1560 158
1561 160
1562 172
1563 158
1564 224
1565 149
1566 215
1567 146
1568 144
1569 142
1570 198
1571 157
1572 127
1573 76
1574 128
1575 161
1576 72
1577 130
1578 122
1579 243
1580 146
1581 88
1582 83
1583 154
1584 208
1585 203
1586 166
1587 140
1588 164
1589 184
1590 177
1591 199
1592 62
1593 155
1594 179
1595 134
1596 216
1597 94
1598 138
1599 159
1600 233
1601 138
1602 88
1603 126
1604 146
1605 173
1606 115
1607 134
1608 141
1609 103
1610 157
1611 146
1612 137
1613 118
1614 121
1615 144
1616 138
1617 131
1618 183
1619 143
1620 140
1621 105
1622 162
1623 149
1624 94
1625 182
1626 157
1627 150
1628 118
1629 178
1630 89
1631 115
1632 140
1633 123
1634 157
1635 209
1636 131
1637 134
1638 193
1639 133
1640 133
1641 122
1642 60
1643 148
1644 179
1645 67
1646 102
1647 182
1648 216
1649 194
1650 122
1651 193
1652 205
1653 102
1654 223
1655 175
1656 188
1657 128
1658 129
1659 234
1660 190
1661 102
1662 147
1663 152
1664 120
1665 185
1666 159
1667 152
1668 89
1669 188
1670 113
1671 179
1672 145
1673 119
1674 183
1675 205
1676 135
1677 255
1678 163
1679 181
1680 106
1681 147
1682 135
1683 166
1684 164
1685 127
1686 146
1687 69
1688 181
1689 102
1690 201
1691 122
1692 157
1693 247
1694 148
1695 150
1696 130
1697 144
1698 110
1699 143
1700 133
1701 172
1702 196
1703 173
1704 184
1705 195
1706 153
1707 249
1708 167
1709 173
1710 149
1711 145
1712 113
1713 162
1714 181
1715 124
1716 113
1717 129
1718 133
1719 169
1720 126
1721 63
1722 152
1723 123
1724 123
1725 57
1726 224
1727 136
1728 186
1729 98
1730 232
1731 134
1732 152
1733 173
1734 135
1735 171
1736 128
1737 156
1738 174
1739 121
1740 107
1741 126
1742 91
1743 161
1744 165
1745 183
1746 132
1747 185
1748 176
1749 207
1750 102
1751 160
1752 133
1753 173
1754 166
1755 152
1756 141
1757 144
1758 157
1759 171
1760 194
1761 152
1762 152
1763 120
1764 158
1765 138
1766 37
1767 177
1768 223
1769 188
1770 140
1771 134
1772 61
1773 188
1774 124
1775 164
1776 131
1777 128
1778 267
1779 195
1780 97
1781 167
1782 188
1783 152
1784 144
1785 155
1786 124
1787 167
1788 125
1789 217
1790 157
1791 169
1792 225
1793 141
1794 158
1795 169
1796 193
1797 128
1798 115
1799 209
1800 169
1801 220
1802 130
1803 141
1804 171
1805 144
1806 109
1807 191
1808 135
1809 134
1810 191
1811 110
1812 144
1813 191
1814 216
1815 99
1816 193
1817 139
1818 170
1819 200
1820 127
1821 196
1822 154
1823 180
1824 131
1825 145
1826 188
1827 149
1828 162
1829 126
1830 190
1831 118
1832 184
1833 148
1834 133
1835 198
1836 152
1837 225
1838 180
1839 136
1840 135
1841 183
1842 128
1843 120
1844 133
1845 131
1846 115
1847 155
1848 181
1849 183
1850 143
1851 146
1852 171
1853 236
1854 150
1855 104
1856 127
1857 117
1858 117
1859 169
1860 90
1861 150
1862 113
1863 159
1864 117
1865 184
1866 170
1867 152
1868 168
1869 150
1870 205
1871 147
1872 114
1873 133
1874 107
1875 93
1876 154
1877 121
1878 159
1879 210
1880 92
1881 157
1882 150
1883 124
1884 156
1885 167
1886 146
1887 138
1888 203
1889 138
1890 148
1891 171
1892 146
1893 213
1894 164
1895 192
1896 146
1897 186
1898 218
1899 171
1900 152
1901 146
1902 193
1903 128
1904 152
1905 214
1906 144
1907 206
1908 198
1909 135
1910 154
1911 143
1912 157
1913 209
1914 120
1915 176
1916 119
1917 120
1918 68
1919 175
1920 145
1921 122
1922 130
1923 169
1924 130
1925 151
1926 149
1927 143
1928 123
1929 129
1930 107
1931 172
1932 129
1933 150
1934 165
1935 143
1936 213
1937 237
1938 95
1939 164
1940 151
1941 165
1942 156
1943 189
1944 110
1945 162
1946 200
1947 135
1948 139
1949 196
1950 73
1951 166
1952 157
1953 146
1954 149
1955 143
1956 145
1957 152
1958 186
1959 113
1960 134
1961 136
1962 0
1963 136
1964 165
1965 109
1966 140
1967 168
1968 147
1969 151
1970 172
1971 170
1972 144
1973 163
1974 179
1975 129
1976 178
1977 250
1978 159
1979 146
1980 114
1981 189
1982 98
1983 157
1984 185
1985 169
1986 174
1987 120
1988 116
1989 158
1990 94
1991 174
1992 123
1993 111
1994 210
1995 179
1996 139
1997 152
1998 126
1999 198
2000 139
2001 155
2002 132
2003 144
2004 136
2005 157
2006 104
2007 175
2008 125
2009 134
2010 141
2011 159
2012 58
2013 150
2014 152
2015 221
2016 156
2017 136
2018 148
2019 206
2020 140
2021 120
2022 231
2023 131
2024 169
2025 153
2026 148
2027 111
2028 125
2029 189
2030 142
2031 149
2032 247
2033 133
2034 244
2035 125
2036 126
2037 129
2038 75
2039 105
2040 152
2041 156
2042 138
2043 217
2044 206
2045 159
2046 133
2047 168
2048 125
2049 185
2050 158
2051 133
2052 146
2053 130
2054 192
2055 143
2056 193
2057 198
2058 180
2059 173
2060 169
2061 217
2062 186
2063 187
2064 176
2065 177
2066 140
2067 163
2068 176
2069 113
2070 194
2071 183
2072 104
2073 123
2074 101
2075 169
2076 0
2077 161
2078 171
2079 70
2080 186
2081 171
2082 148
2083 104
2084 207
2085 156
2086 159
2087 158
2088 145
2089 105
2090 166
2091 106
2092 220
2093 149
2094 127
2095 158
2096 185
2097 180
2098 106
2099 63
2100 176
2101 193
2102 165
2103 118
2104 119
2105 109
2106 164
2107 171
2108 225
2109 166
2110 185
2111 126
2112 160
2113 126
2114 205
2115 154
2116 141
2117 238
2118 161
2119 135
2120 275
2121 135
2122 204
2123 112
2124 159
2125 123
2126 113
2127 148
2128 172
2129 156
2130 100
2131 137
2132 192
2133 156
2134 240
2135 118
2136 145
2137 158
2138 149
2139 125
2140 157
2141 162
2142 153
2143 117
2144 106
2145 92
2146 169
2147 121
2148 198
2149 140
2150 154
2151 169
2152 284
2153 136
2154 195
2155 115
2156 157
2157 177
2158 120
2159 155
2160 204
2161 76
2162 168
2163 186
2164 148
2165 184
2166 106
2167 139
2168 128
2169 138
2170 217
2171 126
2172 115
2173 180
2174 153
2175 75
2176 159
2177 128
2178 144
2179 106
2180 141
2181 159
2182 123
2183 139
2184 99
2185 144
2186 174
2187 186
2188 150
2189 175
2190 199
2191 101
2192 206
2193 137
2194 73
2195 201
2196 161
2197 154
2198 134
2199 231
2200 112
2201 210
2202 187
2203 170
2204 266
2205 167
2206 209
2207 157
2208 161
2209 136
2210 148
2211 156
2212 206
2213 103
2214 127
2215 191
2216 222
2217 142
2218 169
2219 132
2220 158
2221 194
2222 97
2223 48
2224 156
2225 141
2226 102
2227 151
2228 193
2229 137
2230 184
2231 211
2232 145
2233 154
2234 207
2235 171
2236 101
2237 186
2238 81
2239 99
2240 108
2241 177
2242 145
2243 146
2244 137
2245 156
2246 180
2247 193
2248 140
2249 134
2250 179
2251 172
2252 149
2253 190
2254 142
2255 223
2256 110
2257 181
2258 173
2259 123
2260 106
2261 132
2262 140
2263 122
2264 148
2265 161
2266 166
2267 161
2268 183
2269 143
2270 120
2271 173
2272 112
2273 84
2274 149
2275 148
2276 216
2277 149
2278 93
2279 173
2280 112
2281 134
2282 190
2283 166
2284 198
2285 166
2286 143
2287 131
2288 92
2289 161
2290 118
2291 182
2292 224
2293 176
2294 146
2295 165
2296 127
2297 141
2298 130
2299 178
2300 191
2301 50
2302 151
2303 157
2304 211
2305 182
2306 173
2307 141
2308 190
2309 96
2310 130
2311 174
2312 126
2313 149
2314 187
2315 186
2316 81
2317 140
2318 83
2319 125
2320 149
2321 136
2322 215
2323 150
2324 98
2325 140
2326 133
2327 146
2328 129
2329 185
2330 63
2331 147
2332 145
2333 70
2334 156
2335 186
2336 117
2337 175
2338 149
2339 126
2340 103
2341 113
2342 143
2343 210
2344 117
2345 74
2346 178
2347 109
2348 171
2349 197
2350 93
2351 159
2352 104
2353 161
2354 138
2355 214
2356 168
2357 212
2358 134
2359 175
2360 158
2361 142
2362 151
2363 148
2364 179
2365 142
2366 64
2367 225
2368 111
2369 199
2370 101
2371 190
2372 140
2373 109
2374 232
2375 0
2376 170
2377 143
2378 162
2379 147
2380 119
2381 145
2382 144
2383 65
2384 146
2385 178
2386 166
2387 165
2388 199
2389 180
2390 91
2391 131
2392 176
2393 150
2394 91
2395 153
2396 182
2397 118
2398 103
2399 173
2400 185
2401 206
2402 119
2403 135
2404 183
2405 173
2406 88
2407 139
2408 169
2409 166
2410 117
2411 144
2412 176
2413 172
2414 162
2415 117
2416 198
2417 78
2418 222
2419 137
2420 178
2421 107
2422 54
2423 153
2424 187
2425 145
2426 143
2427 137
2428 140
2429 121
2430 163
2431 164
2432 186
2433 182
2434 153
2435 145
2436 150
2437 155
2438 143
2439 178
2440 162
2441 134
2442 155
2443 129
2444 189
2445 90
2446 116
2447 158
2448 164
2449 0
2450 180
2451 119
2452 164
2453 198
2454 169
2455 158
2456 170
2457 0
2458 116
2459 101
2460 105
2461 212
2462 159
2463 179
2464 154
2465 169
2466 163
2467 130
2468 175
2469 147
2470 139
2471 164
2472 154
2473 121
2474 147
2475 164
2476 154
2477 181
2478 112
2479 161
2480 173
2481 147
2482 206
2483 197
2484 158
2485 38
2486 130
2487 273
2488 144
2489 153
2490 259
2491 170
2492 153
2493 140
2494 107
2495 161
2496 107
2497 113
2498 113
2499 121
2500 147
2501 121
2502 140
2503 200
2504 136
2505 157
2506 139
2507 173
2508 123
2509 183
2510 202
2511 137
2512 163
2513 182
2514 96
2515 131
2516 147
2517 184
2518 118
2519 109
2520 117
2521 183
2522 159
2523 107
2524 223
2525 106
2526 162
2527 168
2528 185
2529 192
2530 194
2531 148
2532 124
2533 156
2534 115
2535 198
2536 46
2537 139
2538 149
2539 189
2540 154
2541 110
2542 160
2543 122
2544 123
2545 139
2546 225
2547 162
2548 145
2549 184
2550 179
2551 173
2552 174
2553 160
2554 98
2555 152
2556 100
2557 183
2558 157
2559 133
2560 162
2561 118
2562 139
2563 215
2564 130
2565 123
2566 294
2567 144
2568 227
2569 132
2570 163
2571 161
2572 142
2573 198
2574 98
2575 113
2576 121
2577 186
2578 183
2579 123
2580 120
2581 203
2582 182
2583 129
2584 175
2585 148
2586 127
2587 133
2588 192
2589 198
2590 89
2591 111
2592 116
2593 186
2594 170
2595 170
2596 128
2597 145
2598 101
2599 146
2600 149
2601 160
2602 140
2603 165
2604 181
2605 203
2606 144
2607 116
2608 128
2609 187
2610 119
2611 246
2612 83
2613 170
2614 76
2615 149
2616 137
2617 159
2618 211
2619 71
2620 213
2621 156
2622 114
2623 180
2624 136
2625 198
2626 157
2627 187
2628 79
2629 146
2630 50
2631 233
2632 223
2633 173
2634 203
2635 166
2636 84
2637 108
2638 169
2639 163
2640 137
2641 100
2642 172
2643 151
2644 117
2645 146
2646 106
2647 131
2648 166
2649 144
2650 190
2651 134
2652 115
2653 141
2654 191
2655 162
2656 119
2657 165
2658 152
2659 134
2660 137
2661 183
2662 114
2663 155
2664 129
2665 159
2666 169
2667 128
2668 141
2669 155
2670 129
2671 200
2672 152
2673 180
2674 151
2675 0
2676 176
2677 130
2678 154
2679 131
2680 176
2681 144
2682 145
2683 164
2684 228
2685 122
2686 164
2687 152
2688 202
2689 149
2690 161
2691 183
2692 137
2693 173
2694 119
2695 119
2696 148
2697 183
2698 179
2699 172
2700 170
2701 158
2702 175
2703 124
2704 263
2705 173
2706 161
2707 190
2708 162
2709 162
2710 212
2711 91
2712 130
2713 119
2714 120
2715 136
2716 201
2717 161
2718 191
2719 137
2720 98
2721 139
2722 191
2723 197
2724 131
2725 178
2726 185
2727 113
2728 177
2729 113
2730 113
2731 195
2732 0
2733 132
2734 119
2735 166
2736 188
2737 105
2738 168
2739 186
2740 194
2741 195
2742 123
2743 182
2744 164
2745 129
2746 87
2747 128
2748 208
2749 187
2750 196
2751 135
2752 145
2753 190
2754 148
2755 122
2756 154
2757 161
2758 158
2759 157
2760 155
2761 180
2762 171
2763 160
2764 160
2765 144
2766 135
2767 123
2768 151
2769 167
2770 193
2771 177
2772 154
2773 172
2774 191
2775 155
2776 209
2777 120
2778 129
2779 139
2780 223
2781 130
2782 113
2783 113
2784 107
2785 162
2786 130
2787 146
2788 51
2789 140
2790 174
2791 106
2792 194
2793 159
2794 187
2795 201
2796 172
2797 181
2798 157
2799 130
2800 125
2801 118
2802 181
2803 190
2804 144
2805 172
2806 126
2807 168
2808 142
2809 128
2810 200
2811 141
2812 171
2813 224
2814 161
2815 175
2816 154
2817 194
2818 241
2819 135
2820 220
2821 180
2822 80
2823 145
2824 159
2825 118
2826 163
2827 159
2828 181
2829 219
2830 121
2831 118
2832 88
2833 138
2834 189
2835 109
2836 146
2837 81
2838 139
2839 139
2840 304
2841 95
2842 154
2843 203
2844 113
2845 177
2846 158
2847 154
2848 130
2849 164
2850 139
2851 216
2852 184
2853 121
2854 176
2855 133
2856 94
2857 162
2858 173
2859 219
2860 140
2861 181
2862 161
2863 214
2864 154
2865 131
2866 169
2867 130
2868 135
2869 160
2870 161
2871 147
2872 103
2873 124
2874 167
2875 131
2876 180
2877 205
2878 190
2879 98
2880 145
2881 134
2882 148
2883 157
2884 182
2885 116
2886 175
2887 175
2888 144
2889 162
2890 125
2891 123
2892 148
2893 138
2894 134
2895 180
2896 218
2897 161
2898 118
2899 176
2900 126
2901 166
2902 121
2903 102
2904 139
2905 133
2906 170
2907 190
2908 137
2909 159
2910 146
2911 194
2912 151
2913 158
2914 142
2915 128
2916 138
2917 137
2918 163
2919 116
2920 152
2921 172
2922 130
2923 167
2924 169
2925 109
2926 177
2927 91
2928 150
2929 153
2930 0
2931 165
2932 151
2933 202
2934 135
2935 159
2936 109
2937 172
2938 163
2939 128
2940 176
2941 133
2942 200
2943 150
2944 193
2945 156
2946 144
2947 131
2948 148
2949 114
2950 170
2951 112
2952 208
2953 62
2954 160
2955 144
2956 131
2957 123
2958 139
2959 136
2960 128
2961 196
2962 99
2963 124
2964 144
2965 121
2966 140
2967 111
2968 103
2969 127
2970 146
2971 194
2972 180
2973 109
2974 180
2975 85
2976 175
2977 118
2978 57
2979 179
2980 0
2981 144
2982 196
2983 95
2984 205
2985 93
2986 163
2987 134
2988 184
2989 115
2990 183
2991 203
2992 195
2993 147
2994 183
2995 137
2996 146
2997 126
2998 178
2999 147
3000 149
3001 196
3002 179
3003 98
3004 130
3005 174
3006 158
3007 144
3008 158
3009 66
3010 123
3011 172
3012 185
3013 181
3014 184
3015 0
3016 139
3017 140
3018 140
3019 175
3020 170
3021 151
3022 121
3023 232
3024 142
3025 149
3026 121
3027 164
3028 150
3029 126
3030 173
3031 184
3032 153
3033 183
3034 133
3035 142
3036 80
3037 147
3038 193
3039 182
3040 178
3041 175
3042 168
3043 253
3044 176
3045 165
3046 203
3047 154
3048 118
3049 204
3050 116
3051 129
3052 158
3053 172
3054 117
3055 246
3056 144
3057 84
3058 178
3059 192
3060 154
3061 120
3062 182
3063 133
3064 194
3065 156
3066 152
3067 172
3068 161
3069 112
3070 149
3071 117
3072 55
3073 105
3074 250
3075 148
3076 132
3077 208
3078 116
3079 155
3080 166
3081 181
3082 179
3083 126
3084 162
3085 220
3086 181
3087 225
3088 196
3089 151
3090 126
3091 78
3092 161
3093 208
3094 115
3095 163
3096 87
3097 156
3098 145
3099 132
3100 183
3101 38
3102 129
3103 159
3104 152
3105 107
3106 183
3107 149
3108 100
3109 174
3110 163
3111 147
3112 139
3113 185
3114 135
3115 179
3116 168
3117 126
3118 184
3119 113
3120 211
3121 125
3122 149
3123 142
3124 195
3125 180
3126 200
3127 139
3128 169
3129 184
3130 133
3131 142
3132 172
3133 187
3134 197
3135 85
3136 155
3137 230
3138 192
3139 130
3140 218
3141 210
3142 56
3143 159
3144 176
3145 152
3146 108
3147 174
3148 158
3149 171
3150 163
3151 136
3152 220
3153 237
3154 156
3155 219
3156 106
3157 115
3158 164
3159 166
3160 184
3161 114
3162 197
3163 126
3164 141
3165 146
3166 211
3167 0
3168 137
3169 159
3170 138
3171 163
3172 187
3173 167
3174 100
3175 227
3176 196
3177 210
3178 156
3179 132
3180 141
3181 216
3182 123
3183 148
3184 67
3185 149
3186 203
3187 150
3188 147
3189 143
3190 198
3191 128
3192 141
3193 209
3194 219
3195 148
3196 79
3197 174
3198 166
3199 209
3200 164
3201 193
3202 178
3203 172
3204 181
3205 108
3206 180
3207 200
3208 161
3209 172
3210 108
3211 156
3212 159
3213 118
3214 169
3215 135
3216 118
3217 140
3218 127
3219 249
3220 178
3221 167
3222 140
3223 158
3224 116
3225 179
3226 166
3227 106
3228 143
3229 130
3230 133
3231 133
3232 0
3233 99
3234 148
3235 142
3236 105
3237 92
3238 142
3239 114
3240 185
3241 131
3242 131
3243 138
3244 133
3245 162
3246 172
3247 156
3248 148
3249 194
3250 186
3251 135
3252 131
3253 129
3254 97
3255 75
3256 163
3257 174
3258 164
3259 164
3260 144
3261 186
3262 143
3263 150
3264 79
3265 153
3266 171
3267 147
3268 179
3269 189
3270 50
3271 159
3272 152
3273 124
3274 54
3275 141
3276 157
3277 113
3278 149
3279 120
3280 113
3281 167
3282 111
3283 252
3284 167
3285 170
3286 116
3287 112
3288 187
3289 213
3290 207
3291 156
3292 173
3293 140
3294 125
3295 0
3296 114
3297 211
3298 151
3299 122
3300 169
3301 155
3302 181
3303 226
3304 111
3305 176
3306 120
3307 107
3308 169
3309 215
3310 213
3311 51
3312 109
3313 25
3314 236
3315 149
3316 174
3317 166
3318 127
3319 150
3320 147
3321 191
3322 86
3323 220
3324 140
3325 143
3326 48
3327 21
3328 161
3329 216
3330 117
3331 98
3332 204
3333 146
3334 145
3335 158
3336 278
3337 138
3338 128
3339 126
3340 217
3341 197
3342 143
3343 157
3344 154
3345 145
3346 153
3347 161
3348 199
3349 183
3350 159
3351 189
3352 168
3353 108
3354 123
3355 164
3356 121
3357 190
3358 111
3359 129
3360 131
3361 117
3362 139
3363 124
3364 194
3365 122
3366 245
3367 136
3368 213
3369 137
3370 174
3371 208
3372 188
3373 164
3374 187
3375 184
3376 190
3377 136
3378 204
3379 171
3380 151
3381 146
3382 107
3383 158
3384 149
3385 183
3386 188
3387 148
3388 150
3389 147
3390 203
3391 163
3392 215
3393 156
3394 166
3395 47
3396 185
3397 140
3398 186
3399 153
