Vertices: 1700
Edges: 8500
Time: 0,365 ms
Iterations: 8446
Vertex Distance
0 0
1 134
2 158
3 154
4 98
5 83
6 163
7 117
8 87
9 125
10 117
11 147
12 100
13 137
14 107
15 155
16 138
17 144
18 186
19 176
20 95
21 98
22 16
23 28
24 132
25 85
26 122
27 165
28 155
29 128
30 98
31 98
32 208
33 99
34 168
35 130
36 121
37 133
38 133
39 150
40 157
41 156
42 105
43 93
44 157
45 157
46 129
47 154
48 143
49 125
50 121
51 131
52 142
53 128
54 219
55 140
56 94
57 152
58 78
59 136
60 147
61 154
62 153
63 122
64 82
65 90
66 138
67 170
68 159
69 33
70 142
71 96
72 146
73 27
74 113
75 168
76 116
77 75
78 124
79 106
80 116
81 156
82 140
83 161
84 131
85 140
86 152
87 91
88 140
89 167
90 120
91 127
92 92
93 57
94 78
95 113
96 126
97 153
98 91
99 139
100 131
101 129
102 240
103 145
104 108
105 89
106 63
107 107
108 152
109 134
110 63
111 151
112 169
113 143
114 129
115 167
116 88
117 140
118 124
119 160
120 140
121 113
122 139
123 146
124 72
125 97
126 145
127 167
128 146
129 159
130 116
131 49
132 144
133 79
134 130
135 141
136 119
137 77
138 161
139 143
140 81
141 27
142 157
143 181
144 135
145 199
146 174
147 196
148 98
149 0
150 149
151 178
152 220
153 104
154 186
155 164
156 104
157 127
158 138
159 132
160 141
161 216
162 177
163 198
164 152
165 133
166 118
167 139
168 132
169 98
170 156
171 111
172 0
173 100
174 143
175 99
176 125
177 128
178 110
179 118
180 113
181 90
182 112
183 83
184 143
185 116
186 131
187 157
188 174
189 123
190 141
191 138
192 213
193 108
194 135
195 120
196 105
197 140
198 157
199 80
200 147
201 140
202 93
203 121
204 157
205 141
206 152
207 153
208 98
209 75
210 90
211 152
212 211
213 55
214 183
215 132
216 140
217 173
218 93
219 139
220 68
221 121
222 100
223 162
224 108
225 125
226 121
227 108
228 148
229 125
230 145
231 147
232 146
233 125
234 163
235 170
236 122
237 133
238 167
239 102
240 64
241 173
242 101
243 226
244 91
245 192
246 156
247 124
248 153
249 130
250 197
251 118
252 57
253 108
254 163
255 124
256 139
257 97
258 77
259 191
260 199
261 97
262 142
263 142
264 88
265 180
266 94
267 142
268 153
269 142
270 102
271 257
272 89
273 88
274 127
275 156
276 193
277 145
278 0
279 147
280 139
281 132
282 99
283 104
284 154
285 97
286 141
287 136
288 141
289 168
290 124
291 0
292 183
293 122
294 133
295 121
296 178
297 139
298 113
299 116
300 138
301 68
302 107
303 208
304 163
305 129
306 188
307 154
308 86
309 131
310 85
311 132
312 95
313 107
314 159
315 133
316 202
317 84
318 135
319 201
320 118
321 115
322 89
323 138
324 168
325 156
326 53
327 144
328 131
329 165
330 148
331 132
332 113
333 160
334 140
335 123
336 89
337 81
338 135
339 133
340 143
341 116
342 38
343 122
344 102
345 198
346 136
347 130
348 203
349 129
350 102
351 129
352 115
353 95
354 168
355 90
356 105
357 112
358 111
359 86
360 106
361 82
362 107
363 139
364 137
365 136
366 113
367 183
368 88
369 165
370 145
371 128
372 121
373 163
374 96
375 137
376 109
377 144
378 73
379 153
380 123
381 127
382 131
383 114
384 64
385 129
386 126
387 119
388 152
389 122
390 87
391 108
392 100
393 125
394 128
395 134
396 143
397 0
398 140
399 58
400 137
401 143
402 146
403 92
404 139
405 126
406 167
407 103
408 149
409 98
410 154
411 109
412 154
413 128
414 173
415 164
416 145
417 122
418 110
419 97
420 159
421 121
422 135
423 146
424 146
425 178
426 174
427 111
428 176
429 132
430 133
431 192
432 150
433 151
434 180
435 141
436 186
437 136
438 129
439 147
440 98
441 124
442 171
443 65
444 141
445 166
446 169
447 121
448 164
449 141
450 163
451 140
452 191
453 135
454 122
455 119
456 89
457 111
458 117
459 177
460 159
461 146
462 145
463 110
464 128
465 117
466 100
467 70
468 141
469 96
470 114
471 178
472 134
473 148
474 75
475 142
476 134
477 131
478 116
479 129
480 192
481 186
482 223
483 159
484 208
485 173
486 115
487 73
488 149
489 145
490 115
491 167
492 68
493 17
494 108
495 91
496 136
497 64
498 143
499 111
500 45
501 117
502 158
503 120
504 123
505 131
506 105
507 61
508 40
509 147
510 110
511 124
512 116
513 171
514 120
515 121
516 136
517 131
518 74
519 160
520 117
521 106
522 59
523 152
524 102
525 108
526 228
527 155
528 166
529 176
530 168
531 100
532 193
533 181
534 96
535 188
536 125
537 140
538 103
539 177
540 109
541 131
542 92
543 95
544 129
545 133
546 135
547 126
548 153
549 127
550 111
551 102
552 144
553 96
554 163
555 161
556 152
557 121
558 189
559 51
560 87
561 117
562 139
563 118
564 152
565 136
566 102
567 102
568 124
569 85
570 59
571 97
572 140
573 124
574 141
575 120
576 131
577 124
578 209
579 133
580 225
581 162
582 149
583 127
584 117
585 139
586 48
587 126
588 151
589 211
590 107
591 179
592 163
593 166
594 88
595 117
596 127
597 157
598 103
599 151
600 134
601 73
602 115
603 123
604 163
605 109
606 108
607 139
608 143
609 124
610 83
611 122
612 91
613 152
614 105
615 91
616 80
617 59
618 0
619 114
620 121
621 172
622 120
623 122
624 120
625 91
626 201
627 110
628 153
629 101
630 76
631 134
632 127
633 108
634 132
635 126
636 104
637 203
638 102
639 104
640 119
641 141
642 131
643 121
644 152
645 175
646 141
647 165
648 136
649 173
650 134
651 123
652 120
653 89
654 154
655 144
656 83
657 144
658 84
659 125
660 127
661 90
662 179
663 101
664 180
665 108
666 101
667 118
668 136
669 204
670 131
671 101
672 117
673 186
674 98
675 193
676 114
677 72
678 213
679 160
680 164
681 138
682 137
683 136
684 112
685 158
686 186
687 147
688 136
689 143
690 105
691 159
692 114
693 164
694 135
695 170
696 102
697 190
698 177
699 189
700 107
701 143
702 176
703 52
704 51
705 79
706 189
707 90
708 58
709 114
710 148
711 116
712 116
713 121
714 76
715 136
716 48
717 202
718 143
719 103
720 115
721 195
722 153
723 169
724 190
725 120
726 195
727 97
728 110
729 165
730 159
731 255
732 123
733 134
734 114
735 61
736 91
737 100
738 190
739 118
740 185
741 145
742 173
743 96
744 156
745 168
746 142
747 117
748 199
749 140
750 162
751 119
752 141
753 122
754 121
755 154
756 113
757 88
758 133
759 209
760 155
761 146
762 124
763 131
764 128
765 173
766 111
767 139
768 114
769 118
770 105
771 128
772 173
773 106
774 150
775 242
776 218
777 140
778 82
779 119
780 155
781 85
782 115
783 89
784 109
785 156
786 120
787 105
788 217
789 106
790 103
791 96
792 104
793 116
794 116
795 105
796 113
797 76
798 177
799 104
800 127
801 138
802 117
803 81
804 131
805 139
806 134
807 46
808 137
809 156
810 109
811 170
812 152
813 118
814 145
815 62
816 107
817 95
818 103
819 182
820 153
821 129
822 168
823 112
824 138
825 188
826 115
827 170
828 98
829 190
830 102
831 82
832 127
833 132
834 87
835 107
836 150
837 116
838 70
839 16
840 151
841 129
842 84
843 135
844 131
845 145
846 107
847 100
848 84
849 132
850 149
851 106
852 197
853 112
854 70
855 136
856 143
857 107
858 105
859 74
860 89
861 138
862 102
863 124
864 107
865 224
866 161
867 121
868 159
869 127
870 155
871 111
872 171
873 126
874 141
875 143
876 167
877 126
878 170
879 147
880 179
881 191
882 152
883 106
884 135
885 158
886 127
887 149
888 99
889 116
890 134
891 112
892 128
893 169
894 141
895 119
896 149
897 111
898 132
899 121
900 148
901 104
902 121
903 186
904 92
905 86
906 84
907 102
908 41
909 140
910 114
911 41
912 106
913 83
914 119
915 94
916 157
917 148
918 0
919 158
920 153
921 127
922 80
923 101
924 122
925 111
926 134
927 0
928 108
929 134
930 145
931 164
932 132
933 215
934 128
935 164
936 132
937 71
938 67
939 105
940 107
941 181
942 197
943 44
944 189
945 143
946 186
947 135
948 142
949 83
950 127
951 119
952 97
953 86
954 109
955 121
956 67
957 169
958 71
959 97
960 53
961 144
962 131
963 107
964 197
965 89
966 107
967 164
968 148
969 121
970 92
971 183
972 151
973 100
974 135
975 123
976 111
977 168
978 68
979 146
980 155
981 152
982 133
983 71
984 166
985 176
986 225
987 172
988 143
989 158
990 115
991 147
992 128
993 98
994 129
995 106
996 118
997 96
998 164
999 153
1000 108
1001 107
1002 140
1003 138
1004 140
1005 164
1006 110
1007 79
1008 165
1009 98
1010 195
1011 144
1012 140
1013 74
1014 92
1015 169
1016 136
1017 50
1018 118
1019 129
1020 94
1021 99
1022 165
1023 124
1024 137
1025 133
1026 160
1027 50
1028 138
1029 95
1030 110
1031 124
1032 112
1033 141
1034 159
1035 137
1036 125
1037 137
1038 148
1039 195
1040 78
1041 112
1042 147
1043 212
1044 92
1045 108
1046 131
1047 138
1048 161
1049 107
1050 82
1051 173
1052 102
1053 104
1054 106
1055 170
1056 167
1057 129
1058 81
1059 96
1060 106
1061 133
1062 158
1063 120
1064 120
1065 98
1066 99
1067 98
1068 149
1069 167
1070 121
1071 114
1072 124
1073 141
1074 104
1075 120
1076 77
1077 128
1078 108
1079 106
1080 123
1081 80
1082 100
1083 136
1084 124
1085 175
1086 133
1087 120
1088 123
1089 140
1090 77
1091 106
1092 136
1093 126
1094 75
1095 117
1096 133
1097 117
1098 123
1099 111
1100 147
1101 153
1102 137
1103 131
1104 208
1105 118
1106 155
1107 44
1108 145
1109 91
1110 109
1111 76
1112 176
1113 79
1114 154
1115 139
1116 121
1117 99
1118 127
1119 187
1120 129
1121 132
1122 121
1123 90
1124 144
1125 167
1126 127
1127 105
1128 142
1129 126
1130 37
1131 112
1132 134
1133 102
1134 111
1135 98
1136 79
1137 139
1138 129
1139 141
1140 106
1141 122
1142 147
1143 141
1144 91
1145 109
1146 123
1147 93
1148 124
1149 152
1150 126
1151 162
1152 157
1153 167
1154 130
1155 197
1156 85
1157 144
1158 106
1159 105
1160 103
1161 101
1162 154
1163 102
1164 84
1165 105
1166 119
1167 121
1168 131
1169 140
1170 134
1171 76
1172 142
1173 121
1174 159
1175 121
1176 154
1177 199
1178 96
1179 147
1180 46
1181 166
1182 115
1183 104
1184 150
1185 90
1186 120
1187 144
1188 147
1189 144
1190 155
1191 130
1192 7
1193 173
1194 94
1195 200
1196 95
1197 117
1198 194
1199 146
1200 129
1201 114
1202 123
1203 130
1204 21
1205 158
1206 62
1207 206
1208 156
1209 145
1210 75
1211 53
1212 137
1213 197
1214 231
1215 143
1216 130
1217 126
1218 164
1219 132
1220 109
1221 169
1222 87
1223 118
1224 166
1225 109
1226 142
1227 168
1228 126
1229 209
1230 146
1231 122
1232 127
1233 141
1234 125
1235 61
1236 129
1237 127
1238 129
1239 135
1240 74
1241 147
1242 165
1243 100
1244 48
1245 192
1246 106
1247 72
1248 178
1249 102
1250 56
1251 110
1252 103
1253 197
1254 43
1255 142
1256 0
1257 53
1258 91
1259 146
1260 74
1261 147
1262 132
1263 96
1264 189
1265 107
1266 230
1267 77
1268 50
1269 117
1270 120
1271 96
1272 93
1273 57
1274 111
1275 137
1276 100
1277 125
1278 106
1279 165
1280 82
1281 132
1282 68
1283 96
1284 125
1285 98
1286 95
1287 86
1288 149
1289 114
1290 141
1291 116
1292 123
1293 88
1294 114
1295 151
1296 166
1297 111
1298 169
1299 128
1300 110
1301 130
1302 125
1303 111
1304 66
1305 105
1306 132
1307 169
1308 153
1309 117
1310 128
1311 74
1312 141
1313 183
1314 97
1315 90
1316 142
1317 89
1318 132
1319 101
1320 155
1321 111
1322 113
1323 140
1324 120
1325 136
1326 81
1327 170
1328 76
1329 119
1330 165
1331 100
1332 108
1333 155
1334 141
1335 124
1336 148
1337 87
1338 186
1339 138
1340 162
1341 136
1342 140
1343 217
1344 136
1345 120
1346 67
1347 144
1348 133
1349 204
1350 159
1351 144
1352 143
1353 166
1354 82
1355 134
1356 169
1357 246
1358 173
1359 137
1360 103
1361 92
1362 179
1363 132
1364 221
1365 195
1366 105
1367 162
1368 146
1369 114
1370 204
1371 137
1372 120
1373 109
1374 123
1375 103
1376 116
1377 138
1378 5
1379 151
1380 133
1381 144
1382 60
1383 109
1384 0
1385 170
1386 145
1387 166
1388 155
1389 112
1390 103
1391 107
1392 156
1393 124
1394 143
1395 101
1396 118
1397 111
1398 129
1399 145
1400 79
1401 104
1402 122
1403 88
1404 122
1405 157
1406 93
1407 100
1408 115
1409 121
1410 118
1411 134
1412 93
1413 165
1414 155
1415 158
1416 119
1417 119
1418 122
1419 134
1420 113
1421 158
1422 139
1423 61
1424 201
1425 198
1426 122
1427 172
1428 154
1429 61
1430 130
1431 123
1432 156
1433 89
1434 165
1435 132
1436 72
1437 144
1438 97
1439 63
1440 151
1441 43
1442 30
1443 141
1444 107
1445 78
1446 143
1447 154
1448 111
1449 102
1450 67
1451 117
1452 142
1453 141
1454 145
1455 108
1456 69
1457 105
1458 93
1459 99
1460 144
1461 116
1462 136
1463 79
1464 143
1465 146
1466 159
1467 124
1468 171
1469 145
1470 143
1471 157
1472 118
1473 151
1474 108
1475 60
1476 182
1477 92
1478 88
1479 92
1480 62
1481 103
1482 168
1483 203
1484 148
1485 157
1486 93
1487 114
1488 158
1489 127
1490 136
1491 144
1492 110
1493 151
1494 127
1495 165
1496 111
1497 164
1498 140
1499 105
1500 163
1501 119
1502 117
1503 63
1504 164
1505 139
1506 98
1507 123
1508 113
1509 158
1510 161
1511 119
1512 125
1513 147
1514 125
1515 127
1516 108
1517 119
1518 134
1519 120
1520 157
1521 111
1522 108
1523 121
1524 148
1525 128
1526 134
1527 199
1528 125
1529 162
1530 173
1531 129
1532 150
1533 134
1534 123
1535 160
1536 76
1537 170
1538 203
1539 89
1540 139
1541 87
1542 120
1543 119
1544 121
1545 135
1546 121
1547 167
1548 137
1549 143
1550 145
1551 149
1552 104
1553 167
1554 136
1555 100
1556 116
1557 133
1558 85
1559 151
1560 127
1561 119
1562 111
1563 117
1564 116
1565 121
1566 107
1567 135
1568 151
1569 182
1570 123
1571 96
1572 140
1573 162
1574 99
1575 125
1576 178
1577 150
1578 113
1579 165
1580 107
1581 118
1582 139
1583 114
1584 92
1585 119
1586 139
1587 152
1588 134
1589 130
1590 126
1591 222
1592 95
1593 131
1594 124
1595 149
1596 102
1597 141
1598 94
1599 137
1600 126
1601 142
1602 124
1603 157
1604 201
1605 68
1606 102
1607 108
1608 160
1609 153
1610 163
1611 232
1612 103
1613 83
1614 135
1615 0
1616 75
1617 125
1618 149
1619 133
1620 135
1621 145
1622 138
1623 82
1624 117
1625 116
1626 137
1627 143
1628 82
1629 138
1630 131
1631 137
1632 155
1633 115
1634 131
1635 169
1636 118
1637 135
1638 127
1639 172
1640 118
1641 156
1642 106
1643 78
1644 85
1645 74
1646 212
1647 120
1648 90
1649 174
1650 161
1651 105
1652 96
1653 89
1654 138
1655 145
1656 125
1657 161
1658 110
1659 91
1660 141
1661 172
1662 62
1663 105
1664 90
1665 161
1666 94
1667 124
1668 169
1669 97
1670 125
1671 111
1672 127
1673 73
1674 33
1675 106
1676 144
1677 120
1678 124
1679 157
1680 178
1681 144
1682 165
1683 104
1684 90
1685 72
1686 114
1687 147
1688 143
1689 46
1690 63
1691 116
1692 78
1693 114
1694 122
1695 176
1696 142
1697 115
1698 106
1699 140
