Vertices: 4200
Edges: 21000
Time: 1,041 ms
Iterations: 20870
Vertex Distance
0 0
1 151
2 215
3 193
4 122
5 138
6 215
7 154
8 201
9 197
10 335
11 184
12 176
13 204
14 209
15 200
16 232
17 232
18 245
19 171
20 200
21 217
22 193
23 192
24 192
25 223
26 171
27 162
28 89
29 175
30 162
31 194
32 206
33 175
34 170
35 278
36 205
37 181
38 183
39 181
40 211
41 192
42 225
43 201
44 164
45 207
46 244
47 172
48 159
49 127
50 174
51 212
52 128
53 174
54 130
55 206
56 181
57 188
58 185
59 175
60 231
61 196
62 261
63 138
64 213
65 130
66 144
67 163
68 189
69 219
70 194
71 203
72 197
73 185
74 177
75 155
76 161
77 160
78 223
79 172
80 229
81 215
82 147
83 229
84 213
85 234
86 171
87 232
88 206
89 224
90 199
91 164
92 158
93 168
94 295
95 190
96 160
97 207
98 224
99 156
100 150
101 106
102 195
103 149
104 210
105 142
106 179
107 134
108 193
109 281
110 182
111 159
112 191
113 199
114 171
115 115
116 195
117 132
118 243
119 111
120 228
121 198
122 217
123 196
124 199
125 182
126 215
127 182
128 169
129 186
130 175
131 98
132 192
133 162
134 104
135 161
136 232
137 133
138 221
139 198
140 213
141 204
142 191
143 211
144 200
145 228
146 182
147 183
148 187
149 162
150 132
151 142
152 91
153 247
154 163
155 146
156 157
157 207
158 222
159 224
160 155
161 189
162 208
163 168
164 172
165 157
166 252
167 81
168 136
169 185
170 195
171 172
172 194
173 159
174 126
175 201
176 120
177 203
178 203
179 126
180 173
181 136
182 295
183 223
184 203
185 278
186 176
187 161
188 129
189 191
190 156
191 179
192 190
193 173
194 229
195 209
196 201
197 179
198 168
199 174
200 167
201 239
202 235
203 193
204 214
205 203
206 187
207 228
208 115
209 188
210 179
211 158
212 238
213 137
214 194
215 184
216 192
217 204
218 199
219 167
220 183
221 125
222 175
223 178
224 214
225 201
226 180
227 228
228 162
229 194
230 198
231 178
232 197
233 144
234 164
235 150
236 169
237 187
238 175
239 182
240 162
241 201
242 216
243 199
244 179
245 201
246 162
247 192
248 224
249 204
250 188
251 203
252 193
253 169
254 220
255 154
256 220
257 205
258 195
259 212
260 158
261 179
262 242
263 198
264 210
265 192
266 139
267 259
268 226
269 177
270 152
271 167
272 166
273 175
274 194
275 167
276 181
277 176
278 218
279 169
280 187
281 197
282 142
283 153
284 189
285 165
286 246
287 190
288 193
289 162
290 211
291 250
292 194
293 173
294 171
295 192
296 163
297 209
298 187
299 180
300 196
301 265
302 197
303 221
304 163
305 185
306 189
307 202
308 151
309 175
310 141
311 173
312 220
313 115
314 136
315 205
316 198
317 200
318 207
319 214
320 200
321 127
322 187
323 210
324 200
325 192
326 185
327 204
328 223
329 218
330 126
331 189
332 250
333 153
334 204
335 164
336 183
337 178
338 137
339 191
340 187
341 198
342 213
343 236
344 142
345 225
346 148
347 263
348 202
349 234
350 184
351 109
352 174
353 193
354 167
355 175
356 182
357 150
358 156
359 157
360 212
361 301
362 180
363 140
364 216
365 173
366 186
367 183
368 240
369 199
370 197
371 131
372 190
373 201
374 129
375 191
376 163
377 212
378 237
379 188
380 165
381 164
382 213
383 206
384 207
385 244
386 179
387 209
388 149
389 197
390 222
391 169
392 124
393 169
394 200
395 252
396 136
397 189
398 222
399 163
400 176
401 187
402 171
403 172
404 125
405 178
406 0
407 180
408 227
409 171
410 215
411 198
412 201
413 228
414 193
415 278
416 172
417 192
418 202
419 178
420 102
421 163
422 216
423 157
424 278
425 188
426 133
427 134
428 184
429 186
430 190
431 167
432 198
433 212
434 223
435 162
436 140
437 131
438 127
439 180
440 157
441 150
442 151
443 242
444 296
445 139
446 155
447 188
448 160
449 122
450 186
451 145
452 225
453 157
454 174
455 227
456 188
457 232
458 182
459 172
460 155
461 251
462 183
463 179
464 195
465 224
466 188
467 214
468 166
469 158
470 171
471 174
472 212
473 190
474 166
475 186
476 202
477 180
478 146
479 185
480 286
481 0
482 178
483 184
484 199
485 126
486 214
487 191
488 205
489 196
490 222
491 200
492 142
493 126
494 179
495 222
496 191
497 166
498 172
499 182
500 148
501 0
502 225
503 193
504 179
505 197
506 199
507 245
508 188
509 154
510 151
511 195
512 154
513 242
514 219
515 100
516 182
517 211
518 176
519 189
520 194
521 171
522 176
523 186
524 140
525 183
526 201
527 253
528 183
529 232
530 116
531 205
532 196
533 223
534 211
535 252
536 196
537 191
538 171
539 202
540 277
541 215
542 172
543 141
544 193
545 136
546 88
547 165
548 180
549 176
550 166
551 98
552 235
553 189
554 169
555 211
556 181
557 162
558 214
559 0
560 135
561 199
562 232
563 166
564 0
565 248
566 195
567 221
568 214
569 127
570 222
571 140
572 169
573 135
574 221
575 194
576 282
577 147
578 158
579 185
580 236
581 165
582 206
583 149
584 194
585 246
586 191
587 149
588 218
589 209
590 180
591 183
592 197
593 133
594 117
595 214
596 165
597 189
598 210
599 158
600 163
601 178
602 260
603 186
604 204
605 249
606 185
607 206
608 144
609 217
610 224
611 157
612 154
613 137
614 191
615 170
616 176
617 189
618 225
619 106
620 175
621 227
622 220
623 245
624 205
625 221
626 203
627 200
628 217
629 206
630 158
631 185
632 214
633 179
634 234
635 238
636 163
637 163
638 218
639 176
640 303
641 200
642 150
643 187
644 168
645 59
646 240
647 223
648 143
649 216
650 206
651 169
652 202
653 192
654 81
655 183
656 93
657 216
658 192
659 145
660 214
661 169
662 142
663 186
664 175
665 187
666 199
667 115
668 159
669 186
670 154
671 187
672 251
673 119
674 190
675 160
676 206
677 208
678 183
679 155
680 212
681 231
682 182
683 152
684 166
685 232
686 196
687 173
688 187
689 217
690 189
691 181
692 159
693 175
694 180
695 167
696 150
697 228
698 205
699 212
700 194
701 200
702 161
703 168
704 179
705 166
706 212
707 207
708 178
709 181
710 161
711 136
712 220
713 215
714 165
715 215
716 201
717 206
718 136
719 171
720 187
721 223
722 237
723 211
724 204
725 217
726 169
727 277
728 172
729 171
730 155
731 136
732 173
733 195
734 199
735 99
736 192
737 140
738 165
739 190
740 188
741 180
742 244
743 225
744 191
745 139
746 149
747 213
748 159
749 189
750 188
751 134
752 239
753 170
754 158
755 182
756 161
757 158
758 152
759 159
760 212
761 151
762 200
763 230
764 213
765 155
766 190
767 165
768 97
769 179
770 116
771 229
772 196
773 197
774 208
775 316
776 198
777 193
778 192
779 190
780 194
781 137
782 192
783 209
784 181
785 175
786 244
787 167
788 149
789 165
790 217
791 191
792 180
793 134
794 134
795 167
796 173
797 191
798 147
799 184
800 218
801 222
802 250
803 176
804 176
805 189
806 196
807 207
808 179
809 224
810 214
811 163
812 160
813 195
814 210
815 119
816 259
817 168
818 155
819 209
820 195
821 135
822 171
823 168
824 161
825 198
826 192
827 204
828 185
829 186
830 175
831 208
832 206
833 0
834 189
835 198
836 152
837 194
838 191
839 221
840 285
841 126
842 179
843 104
844 193
845 117
846 199
847 191
848 205
849 215
850 166
851 202
852 151
853 194
854 192
855 148
856 174
857 158
858 173
859 171
860 113
861 157
862 192
863 176
864 177
865 169
866 73
867 180
868 190
869 294
870 192
871 116
872 203
873 127
874 139
875 208
876 286
877 141
878 242
879 186
880 177
881 154
882 157
883 192
884 276
885 209
886 201
887 182
888 260
889 189
890 234
891 182
892 227
893 225
894 233
895 195
896 149
897 209
898 191
899 222
900 174
901 0
902 189
903 134
904 124
905 239
906 163
907 152
908 176
909 216
910 170
911 131
912 0
913 189
914 191
915 189
916 133
917 230
918 164
919 148
920 156
921 193
922 227
923 164
924 160
925 170
926 200
927 113
928 215
929 212
930 300
931 197
932 223
933 176
934 154
935 199
936 215
937 202
938 214
939 187
940 164
941 118
942 281
943 180
944 177
945 209
946 204
947 225
948 206
949 158
950 137
951 129
952 192
953 190
954 200
955 157
956 206
957 180
958 185
959 181
960 204
961 143
962 153
963 151
964 261
965 208
966 165
967 174
968 239
969 214
970 244
971 147
972 159
973 160
974 186
975 225
976 210
977 161
978 202
979 243
980 186
981 160
982 157
983 159
984 216
985 214
986 272
987 192
988 143
989 230
990 101
991 230
992 173
993 148
994 175
995 147
996 206
997 189
998 164
999 186
1000 174
1001 218
1002 185
1003 190
1004 220
1005 221
1006 198
1007 240
1008 104
1009 182
1010 194
1011 197
1012 126
1013 171
1014 168
1015 250
1016 208
1017 215
1018 171
1019 150
1020 131
1021 140
1022 213
1023 186
1024 207
1025 171
1026 159
1027 157
1028 192
1029 204
1030 168
1031 156
1032 160
1033 187
1034 220
1035 115
1036 201
1037 212
1038 258
1039 181
1040 183
1041 231
1042 219
1043 201
1044 279
1045 175
1046 105
1047 235
1048 256
1049 104
1050 182
1051 211
1052 110
1053 131
1054 197
1055 198
1056 140
1057 227
1058 214
1059 208
1060 303
1061 167
1062 161
1063 170
1064 153
1065 197
1066 175
1067 171
1068 240
1069 141
1070 125
1071 117
1072 217
1073 179
1074 196
1075 206
1076 180
1077 119
1078 182
1079 184
1080 160
1081 229
1082 167
1083 173
1084 147
1085 209
1086 192
1087 195
1088 186
1089 171
1090 182
1091 178
1092 145
1093 181
1094 181
1095 181
1096 183
1097 189
1098 193
1099 190
1100 157
1101 148
1102 194
1103 214
1104 214
1105 131
1106 291
1107 179
1108 166
1109 178
1110 156
1111 219
1112 157
1113 207
1114 172
1115 161
1116 236
1117 138
1118 163
1119 233
1120 197
1121 193
1122 241
1123 237
1124 210
1125 204
1126 196
1127 262
1128 152
1129 172
1130 185
1131 166
1132 214
1133 109
1134 203
1135 118
1136 225
1137 180
1138 196
1139 206
1140 204
1141 172
1142 194
1143 174
1144 147
1145 317
1146 222
1147 213
1148 205
1149 235
1150 173
1151 242
1152 162
1153 156
1154 218
1155 207
1156 199
1157 189
1158 158
1159 180
1160 151
1161 94
1162 177
1163 184
1164 172
1165 260
1166 241
1167 193
1168 173
1169 207
1170 234
1171 226
1172 182
1173 0
1174 181
1175 190
1176 187
1177 156
1178 193
1179 174
1180 182
1181 227
1182 131
1183 195
1184 253
1185 158
1186 236
1187 152
1188 180
1189 178
1190 199
1191 120
1192 176
1193 249
1194 181
1195 202
1196 168
1197 157
1198 194
1199 238
1200 140
1201 189
1202 203
1203 230
1204 142
1205 192
1206 129
1207 212
1208 190
1209 205
1210 96
1211 173
1212 168
1213 152
1214 195
1215 213
1216 186
1217 192
1218 213
1219 209
1220 264
1221 209
1222 162
1223 170
1224 161
1225 151
1226 174
1227 239
1228 173
1229 167
1230 173
1231 224
1232 198
1233 150
1234 195
1235 143
1236 250
1237 202
1238 271
1239 222
1240 152
1241 216
1242 227
1243 188
1244 124
1245 125
1246 145
1247 190
1248 246
1249 276
1250 191
1251 236
1252 201
1253 170
1254 198
1255 195
1256 76
1257 166
1258 203
1259 213
1260 221
1261 132
1262 164
1263 167
1264 151
1265 167
1266 216
1267 215
1268 256
1269 205
1270 179
1271 222
1272 213
1273 171
1274 0
1275 181
1276 122
1277 178
1278 153
1279 164
1280 193
1281 221
1282 280
1283 182
1284 169
1285 165
1286 207
1287 176
1288 201
1289 209
1290 185
1291 177
1292 194
1293 203
1294 231
1295 189
1296 233
1297 141
1298 138
1299 87
1300 214
1301 203
1302 167
1303 187
1304 150
1305 224
1306 245
1307 238
1308 178
1309 139
1310 232
1311 197
1312 208
1313 169
1314 193
1315 219
1316 202
1317 173
1318 170
1319 226
1320 189
1321 231
1322 210
1323 234
1324 206
1325 183
1326 204
1327 193
1328 147
1329 69
1330 189
1331 189
1332 201
1333 134
1334 172
1335 150
1336 154
1337 137
1338 139
1339 149
1340 195
1341 176
1342 180
1343 242
1344 158
1345 229
1346 156
1347 227
1348 151
1349 184
1350 173
1351 159
1352 194
1353 172
1354 206
1355 163
1356 162
1357 197
1358 193
1359 207
1360 148
1361 138
1362 221
1363 152
1364 130
1365 181
1366 194
1367 166
1368 212
1369 199
1370 156
1371 146
1372 207
1373 224
1374 51
1375 104
1376 191
1377 188
1378 225
1379 226
1380 158
1381 270
1382 189
1383 115
1384 238
1385 208
1386 219
1387 192
1388 138
1389 276
1390 204
1391 155
1392 216
1393 185
1394 164
1395 129
1396 220
1397 298
1398 203
1399 243
1400 187
1401 197
1402 190
1403 163
1404 169
1405 112
1406 188
1407 213
1408 184
1409 143
1410 170
1411 137
1412 253
1413 123
1414 203
1415 167
1416 262
1417 155
1418 135
1419 169
1420 133
1421 167
1422 162
1423 189
1424 192
1425 278
1426 174
1427 166
1428 219
1429 203
1430 202
1431 293
1432 192
1433 127
1434 304
1435 161
1436 172
1437 218
1438 205
1439 203
1440 194
1441 199
1442 196
1443 155
1444 246
1445 202
1446 210
1447 197
1448 236
1449 185
1450 194
1451 143
1452 187
1453 138
1454 184
1455 205
1456 224
1457 162
1458 228
1459 180
1460 139
1461 249
1462 212
1463 187
1464 181
1465 115
1466 188
1467 208
1468 120
1469 191
1470 201
1471 217
1472 180
1473 248
1474 115
1475 233
1476 170
1477 238
1478 168
1479 166
1480 207
1481 188
1482 225
1483 209
1484 175
1485 228
1486 215
1487 199
1488 236
1489 154
1490 193
1491 201
1492 247
1493 110
1494 181
1495 133
1496 146
1497 132
1498 158
1499 170
1500 212
1501 152
1502 131
1503 205
1504 197
1505 195
1506 175
1507 153
1508 217
1509 254
1510 93
1511 218
1512 174
1513 175
1514 201
1515 223
1516 194
1517 96
1518 176
1519 214
1520 212
1521 183
1522 169
1523 172
1524 243
1525 152
1526 109
1527 160
1528 169
1529 0
1530 168
1531 180
1532 272
1533 203
1534 211
1535 283
1536 202
1537 231
1538 168
1539 185
1540 216
1541 186
1542 197
1543 186
1544 113
1545 245
1546 201
1547 260
1548 161
1549 162
1550 114
1551 104
1552 176
1553 131
1554 193
1555 277
1556 167
1557 160
1558 170
1559 240
1560 180
1561 148
1562 179
1563 149
1564 157
1565 196
1566 190
1567 224
1568 170
1569 181
1570 192
1571 110
1572 190
1573 214
1574 186
1575 176
1576 252
1577 207
1578 138
1579 228
1580 243
1581 237
1582 151
1583 259
1584 214
1585 172
1586 140
1587 200
1588 155
1589 189
1590 184
1591 132
1592 196
1593 179
1594 195
1595 157
1596 227
1597 250
1598 155
1599 185
1600 195
1601 206
1602 188
1603 121
1604 174
1605 138
1606 218
1607 185
1608 175
1609 173
1610 179
1611 207
1612 91
1613 190
1614 177
1615 209
1616 157
1617 139
1618 93
1619 170
1620 197
1621 149
1622 212
1623 193
1624 193
1625 191
1626 171
1627 201
1628 236
1629 171
1630 196
1631 192
1632 171
1633 143
1634 215
1635 227
1636 227
1637 216
1638 207
1639 191
1640 184
1641 232
1642 204
1643 171
1644 175
1645 144
1646 181
1647 197
1648 198
1649 198
1650 193
1651 212
1652 184
1653 211
1654 151
1655 194
1656 189
1657 138
1658 0
1659 186
1660 193
1661 170
1662 156
1663 227
1664 188
1665 135
1666 229
1667 208
1668 308
1669 191
1670 210
1671 180
1672 237
1673 234
1674 135
1675 177
1676 183
1677 249
1678 214
1679 197
1680 135
1681 137
1682 227
1683 246
1684 177
1685 203
1686 176
1687 183
1688 201
1689 166
1690 193
1691 0
1692 187
1693 136
1694 155
1695 191
1696 206
1697 175
1698 211
1699 189
1700 198
1701 216
1702 98
1703 184
1704 203
1705 198
1706 104
1707 167
1708 201
1709 152
1710 153
1711 129
1712 217
1713 182
1714 181
1715 201
1716 163
1717 185
1718 212
1719 158
1720 129
1721 191
1722 173
1723 143
1724 152
1725 205
1726 162
1727 204
1728 178
1729 221
1730 133
1731 171
1732 224
1733 161
1734 231
1735 180
1736 205
1737 127
1738 219
1739 211
1740 202
1741 194
1742 215
1743 189
1744 182
1745 276
1746 198
1747 202
1748 190
1749 141
1750 218
1751 226
1752 190
1753 197
1754 219
1755 244
1756 179
1757 161
1758 211
1759 205
1760 174
1761 159
1762 179
1763 189
1764 201
1765 270
1766 130
1767 165
1768 149
1769 155
1770 180
1771 297
1772 152
1773 203
1774 200
1775 130
1776 166
1777 196
1778 181
1779 142
1780 156
1781 170
1782 183
1783 220
1784 178
1785 144
1786 213
1787 191
1788 117
1789 189
1790 193
1791 146
1792 225
1793 174
1794 156
1795 181
1796 212
1797 183
1798 141
1799 193
1800 207
1801 186
1802 186
1803 135
1804 264
1805 153
1806 164
1807 175
1808 139
1809 255
1810 206
1811 176
1812 133
1813 195
1814 164
1815 168
1816 203
1817 196
1818 163
1819 146
1820 172
1821 116
1822 194
1823 193
1824 216
1825 100
1826 185
1827 155
1828 241
1829 249
1830 206
1831 218
1832 255
1833 211
1834 190
1835 198
1836 183
1837 195
1838 230
1839 176
1840 180
1841 202
1842 200
1843 123
1844 177
1845 120
1846 189
1847 160
1848 178
1849 117
1850 107
1851 145
1852 191
1853 151
1854 247
1855 150
1856 181
1857 153
1858 129
1859 230
1860 169
1861 235
1862 150
1863 176
1864 230
1865 174
1866 212
1867 153
1868 188
1869 160
1870 174
1871 95
1872 227
1873 193
1874 185
1875 285
1876 149
1877 177
1878 131
1879 213
1880 120
1881 182
1882 209
1883 185
1884 185
1885 191
1886 175
1887 201
1888 266
1889 265
1890 161
1891 199
1892 89
1893 210
1894 147
1895 0
1896 233
1897 206
1898 221
1899 166
1900 198
1901 175
1902 298
1903 187
1904 192
1905 177
1906 162
1907 198
1908 181
1909 125
1910 195
1911 185
1912 188
1913 192
1914 171
1915 201
1916 231
1917 195
1918 211
1919 180
1920 202
1921 147
1922 207
1923 256
1924 110
1925 161
1926 218
1927 191
1928 230
1929 143
1930 203
1931 124
1932 151
1933 275
1934 180
1935 136
1936 182
1937 162
1938 175
1939 169
1940 260
1941 169
1942 166
1943 146
1944 238
1945 185
1946 250
1947 149
1948 141
1949 158
1950 182
1951 236
1952 238
1953 201
1954 212
1955 191
1956 189
1957 211
1958 187
1959 179
1960 207
1961 205
1962 201
1963 147
1964 199
1965 146
1966 102
1967 166
1968 167
1969 238
1970 225
1971 163
1972 165
1973 195
1974 162
1975 271
1976 213
1977 200
1978 201
1979 209
1980 153
1981 163
1982 161
1983 273
1984 189
1985 208
1986 190
1987 185
1988 187
1989 208
1990 82
1991 161
1992 203
1993 260
1994 194
1995 209
1996 105
1997 169
1998 193
1999 150
2000 140
2001 148
2002 167
2003 157
2004 185
2005 184
2006 201
2007 186
2008 185
2009 176
2010 192
2011 107
2012 153
2013 181
2014 195
2015 141
2016 157
2017 186
2018 255
2019 227
2020 133
2021 167
2022 186
2023 191
2024 201
2025 183
2026 243
2027 150
2028 199
2029 178
2030 199
2031 149
2032 171
2033 234
2034 173
2035 188
2036 173
2037 220
2038 193
2039 213
2040 184
2041 196
2042 261
2043 152
2044 229
2045 124
2046 169
2047 142
2048 164
2049 118
2050 197
2051 179
2052 213
2053 184
2054 193
2055 222
2056 124
2057 183
2058 222
2059 194
2060 262
2061 192
2062 187
2063 208
2064 221
2065 170
2066 260
2067 211
2068 190
2069 128
2070 246
2071 187
2072 145
2073 170
2074 185
2075 188
2076 179
2077 201
2078 231
2079 151
2080 129
2081 162
2082 160
2083 151
2084 199
2085 212
2086 217
2087 229
2088 204
2089 211
2090 236
2091 227
2092 131
2093 174
2094 180
2095 190
2096 222
2097 187
2098 193
2099 181
2100 203
2101 136
2102 165
2103 188
2104 136
2105 200
2106 181
2107 189
2108 159
2109 171
2110 197
2111 169
2112 162
2113 265
2114 248
2115 156
2116 184
2117 203
2118 185
2119 211
2120 198
2121 216
2122 141
2123 158
2124 181
2125 284
2126 153
2127 180
2128 211
2129 176
2130 187
2131 190
2132 149
2133 194
2134 154
2135 187
2136 176
2137 187
2138 202
2139 229
2140 196
2141 122
2142 163
2143 181
2144 132
2145 250
2146 198
2147 224
2148 215
2149 197
2150 170
2151 196
2152 240
2153 199
2154 184
2155 179
2156 176
2157 213
2158 93
2159 189
2160 177
2161 158
2162 217
2163 201
2164 205
2165 192
2166 158
2167 188
2168 142
2169 273
2170 157
2171 167
2172 140
2173 188
2174 149
2175 221
2176 173
2177 193
2178 172
2179 205
2180 214
2181 218
2182 159
2183 170
2184 197
2185 201
2186 153
2187 181
2188 199
2189 160
2190 147
2191 147
2192 195
2193 147
2194 159
2195 191
2196 198
2197 189
2198 199
2199 177
2200 202
2201 200
2202 213
2203 159
2204 197
2205 209
2206 200
2207 182
2208 201
2209 186
2210 241
2211 178
2212 119
2213 182
2214 176
2215 211
2216 212
2217 235
2218 206
2219 236
2220 189
2221 184
2222 134
2223 156
2224 167
2225 271
2226 149
2227 170
2228 157
2229 208
2230 317
2231 152
2232 124
2233 206
2234 201
2235 206
2236 167
2237 167
2238 190
2239 185
2240 182
2241 195
2242 200
2243 167
2244 184
2245 167
2246 185
2247 156
2248 178
2249 172
2250 100
2251 172
2252 187
2253 235
2254 130
2255 233
2256 178
2257 183
2258 122
2259 86
2260 201
2261 208
2262 163
2263 171
2264 240
2265 192
2266 224
2267 168
2268 231
2269 172
2270 184
2271 224
2272 148
2273 198
2274 298
2275 207
2276 169
2277 110
2278 220
2279 173
2280 167
2281 208
2282 185
2283 190
2284 177
2285 187
2286 281
2287 235
2288 229
2289 185
2290 172
2291 237
2292 104
2293 227
2294 238
2295 155
2296 177
2297 236
2298 169
2299 188
2300 148
2301 189
2302 175
2303 244
2304 226
2305 160
2306 180
2307 233
2308 175
2309 197
2310 189
2311 130
2312 118
2313 173
2314 212
2315 239
2316 184
2317 168
2318 175
2319 170
2320 181
2321 208
2322 133
2323 163
2324 161
2325 163
2326 142
2327 190
2328 211
2329 172
2330 250
2331 174
2332 203
2333 161
2334 115
2335 218
2336 203
2337 165
2338 134
2339 146
2340 193
2341 164
2342 137
2343 219
2344 173
2345 167
2346 230
2347 186
2348 180
2349 133
2350 208
2351 232
2352 212
2353 175
2354 162
2355 235
2356 171
2357 160
2358 288
2359 201
2360 166
2361 251
2362 112
2363 183
2364 211
2365 183
2366 180
2367 185
2368 187
2369 187
2370 221
2371 201
2372 150
2373 208
2374 145
2375 146
2376 219
2377 200
2378 151
2379 0
2380 179
2381 177
2382 165
2383 208
2384 214
2385 166
2386 186
2387 163
2388 167
2389 200
2390 184
2391 182
2392 223
2393 237
2394 153
2395 151
2396 157
2397 195
2398 135
2399 174
2400 214
2401 168
2402 185
2403 111
2404 166
2405 195
2406 212
2407 201
2408 186
2409 177
2410 164
2411 169
2412 70
2413 212
2414 148
2415 190
2416 286
2417 227
2418 156
2419 180
2420 204
2421 242
2422 168
2423 266
2424 162
2425 209
2426 208
2427 181
2428 200
2429 368
2430 170
2431 140
2432 155
2433 226
2434 201
2435 184
2436 117
2437 183
2438 221
2439 196
2440 210
2441 185
2442 222
2443 153
2444 208
2445 190
2446 147
2447 213
2448 168
2449 199
2450 149
2451 180
2452 193
2453 114
2454 157
2455 177
2456 211
2457 174
2458 217
2459 159
2460 191
2461 183
2462 181
2463 127
2464 185
2465 196
2466 182
2467 234
2468 158
2469 154
2470 130
2471 227
2472 174
2473 196
2474 226
2475 188
2476 184
2477 187
2478 188
2479 178
2480 216
2481 195
2482 214
2483 180
2484 181
2485 201
2486 168
2487 248
2488 186
2489 231
2490 0
2491 132
2492 112
2493 231
2494 202
2495 171
2496 202
2497 154
2498 170
2499 176
2500 138
2501 211
2502 203
2503 156
2504 170
2505 193
2506 160
2507 226
2508 174
2509 246
2510 214
2511 240
2512 153
2513 193
2514 154
2515 158
2516 206
2517 199
2518 163
2519 172
2520 154
2521 262
2522 199
2523 243
2524 183
2525 231
2526 184
2527 119
2528 199
2529 176
2530 199
2531 233
2532 197
2533 177
2534 148
2535 156
2536 175
2537 188
2538 158
2539 178
2540 201
2541 153
2542 146
2543 125
2544 183
2545 149
2546 169
2547 154
2548 131
2549 239
2550 207
2551 185
2552 191
2553 220
2554 250
2555 159
2556 275
2557 125
2558 210
2559 171
2560 156
2561 160
2562 205
2563 215
2564 208
2565 204
2566 139
2567 194
2568 186
2569 126
2570 151
2571 183
2572 190
2573 112
2574 194
2575 192
2576 230
2577 269
2578 225
2579 178
2580 184
2581 180
2582 194
2583 290
2584 195
2585 152
2586 200
2587 145
2588 132
2589 187
2590 187
2591 232
2592 206
2593 219
2594 207
2595 220
2596 174
2597 161
2598 202
2599 222
2600 163
2601 187
2602 154
2603 149
2604 163
2605 125
2606 216
2607 195
2608 132
2609 118
2610 171
2611 173
2612 211
2613 177
2614 219
2615 192
2616 155
2617 233
2618 137
2619 183
2620 173
2621 187
2622 69
2623 218
2624 176
2625 134
2626 161
2627 150
2628 218
2629 165
2630 210
2631 203
2632 156
2633 239
2634 145
2635 215
2636 164
2637 156
2638 185
2639 211
2640 169
2641 192
2642 193
2643 160
2644 230
2645 150
2646 190
2647 180
2648 155
2649 230
2650 194
2651 141
2652 213
2653 195
2654 197
2655 155
2656 210
2657 165
2658 204
2659 184
2660 196
2661 206
2662 165
2663 195
2664 200
2665 215
2666 178
2667 195
2668 210
2669 194
2670 119
2671 163
2672 177
2673 165
2674 117
2675 170
2676 177
2677 178
2678 204
2679 193
2680 221
2681 221
2682 59
2683 198
2684 177
2685 193
2686 224
2687 207
2688 196
2689 163
2690 143
2691 211
2692 215
2693 131
2694 205
2695 178
2696 186
2697 182
2698 168
2699 214
2700 194
2701 197
2702 194
2703 143
2704 250
2705 181
2706 161
2707 178
2708 163
2709 151
2710 193
2711 227
2712 201
2713 168
2714 158
2715 208
2716 174
2717 205
2718 164
2719 182
2720 170
2721 187
2722 166
2723 305
2724 133
2725 162
2726 365
2727 105
2728 166
2729 180
2730 175
2731 234
2732 139
2733 184
2734 245
2735 145
2736 146
2737 198
2738 99
2739 192
2740 278
2741 162
2742 200
2743 145
2744 185
2745 173
2746 297
2747 171
2748 221
2749 152
2750 195
2751 184
2752 171
2753 186
2754 0
2755 207
2756 180
2757 188
2758 200
2759 125
2760 136
2761 204
2762 250
2763 182
2764 160
2765 191
2766 150
2767 194
2768 174
2769 201
2770 167
2771 187
2772 194
2773 171
2774 210
2775 167
2776 183
2777 138
2778 257
2779 178
2780 221
2781 259
2782 182
2783 185
2784 199
2785 178
2786 203
2787 155
2788 190
2789 176
2790 209
2791 201
2792 145
2793 188
2794 172
2795 150
2796 197
2797 241
2798 175
2799 229
2800 170
2801 206
2802 100
2803 126
2804 128
2805 188
2806 134
2807 240
2808 189
2809 184
2810 237
2811 188
2812 239
2813 282
2814 275
2815 221
2816 171
2817 162
2818 88
2819 181
2820 182
2821 168
2822 212
2823 195
2824 152
2825 247
2826 184
2827 230
2828 175
2829 172
2830 183
2831 200
2832 217
2833 232
2834 186
2835 129
2836 175
2837 185
2838 160
2839 353
2840 238
2841 142
2842 219
2843 184
2844 232
2845 144
2846 228
2847 181
2848 141
2849 208
2850 203
2851 187
2852 248
2853 118
2854 201
2855 143
2856 251
2857 171
2858 172
2859 261
2860 154
2861 118
2862 211
2863 189
2864 42
2865 183
2866 133
2867 228
2868 209
2869 237
2870 307
2871 190
2872 193
2873 174
2874 155
2875 177
2876 248
2877 166
2878 182
2879 230
2880 205
2881 141
2882 131
2883 67
2884 167
2885 77
2886 212
2887 188
2888 193
2889 123
2890 0
2891 255
2892 206
2893 0
2894 139
2895 157
2896 228
2897 192
2898 205
2899 150
2900 188
2901 175
2902 168
2903 126
2904 243
2905 197
2906 175
2907 177
2908 190
2909 240
2910 167
2911 140
2912 120
2913 202
2914 134
2915 180
2916 152
2917 282
2918 168
2919 215
2920 244
2921 169
2922 166
2923 205
2924 161
2925 242
2926 179
2927 223
2928 214
2929 234
2930 164
2931 275
2932 142
2933 209
2934 241
2935 201
2936 237
2937 143
2938 158
2939 180
2940 183
2941 128
2942 178
2943 162
2944 223
2945 175
2946 214
2947 174
2948 180
2949 188
2950 228
2951 119
2952 183
2953 152
2954 177
2955 247
2956 214
2957 176
2958 235
2959 172
2960 181
2961 122
2962 204
2963 255
2964 161
2965 229
2966 102
2967 151
2968 207
2969 184
2970 261
2971 207
2972 263
2973 185
2974 246
2975 274
2976 183
2977 200
2978 117
2979 87
2980 203
2981 210
2982 176
2983 179
2984 157
2985 211
2986 178
2987 166
2988 207
2989 167
2990 114
2991 214
2992 153
2993 153
2994 160
2995 151
2996 123
2997 191
2998 211
2999 152
3000 127
3001 120
3002 179
3003 185
3004 104
3005 218
3006 260
3007 185
3008 226
3009 160
3010 191
3011 185
3012 220
3013 242
3014 240
3015 198
3016 194
3017 179
3018 185
3019 225
3020 154
3021 257
3022 124
3023 176
3024 150
3025 162
3026 252
3027 167
3028 166
3029 202
3030 147
3031 198
3032 156
3033 106
3034 228
3035 224
3036 213
3037 163
3038 240
3039 134
3040 230
3041 164
3042 173
3043 192
3044 153
3045 188
3046 209
3047 177
3048 192
3049 224
3050 276
3051 175
3052 245
3053 181
3054 193
3055 203
3056 179
3057 242
3058 169
3059 168
3060 169
3061 143
3062 193
3063 187
3064 205
3065 192
3066 223
3067 220
3068 187
3069 185
3070 125
3071 157
3072 180
3073 235
3074 247
3075 160
3076 200
3077 144
3078 194
3079 210
3080 181
3081 188
3082 207
3083 181
3084 288
3085 179
3086 217
3087 173
3088 217
3089 144
3090 188
3091 183
3092 189
3093 139
3094 178
3095 178
3096 126
3097 170
3098 168
3099 206
3100 132
3101 222
3102 173
3103 181
3104 170
3105 181
3106 160
3107 234
3108 220
3109 217
3110 192
3111 179
3112 188
3113 192
3114 203
3115 87
3116 170
3117 205
3118 112
3119 282
3120 184
3121 215
3122 209
3123 161
3124 164
3125 163
3126 162
3127 187
3128 170
3129 218
3130 170
3131 245
3132 230
3133 143
3134 160
3135 184
3136 117
3137 88
3138 239
3139 175
3140 154
3141 197
3142 219
3143 162
3144 209
3145 207
3146 178
3147 205
3148 179
3149 176
3150 240
3151 214
3152 201
3153 124
3154 145
3155 245
3156 208
3157 195
3158 172
3159 221
3160 127
3161 167
3162 261
3163 140
3164 128
3165 234
3166 264
3167 194
3168 177
3169 235
3170 160
3171 181
3172 165
3173 167
3174 139
3175 177
3176 235
3177 214
3178 277
3179 155
3180 215
3181 187
3182 127
3183 237
3184 177
3185 210
3186 139
3187 119
3188 178
3189 169
3190 217
3191 203
3192 213
3193 146
3194 181
3195 163
3196 208
3197 176
3198 150
3199 222
3200 220
3201 195
3202 100
3203 157
3204 246
3205 122
3206 224
3207 210
3208 191
3209 184
3210 189
3211 214
3212 186
3213 196
3214 140
3215 234
3216 193
3217 191
3218 136
3219 88
3220 186
3221 162
3222 113
3223 172
3224 178
3225 195
3226 262
3227 196
3228 164
3229 128
3230 225
3231 152
3232 102
3233 179
3234 203
3235 237
3236 200
3237 206
3238 139
3239 149
3240 195
3241 213
3242 238
3243 194
3244 155
3245 243
3246 184
3247 118
3248 192
3249 217
3250 164
3251 247
3252 267
3253 224
3254 95
3255 275
3256 140
3257 225
3258 205
3259 246
3260 176
3261 197
3262 240
3263 186
3264 186
3265 227
3266 175
3267 179
3268 141
3269 139
3270 155
3271 111
3272 164
3273 239
3274 232
3275 155
3276 262
3277 195
3278 193
3279 223
3280 217
3281 156
3282 192
3283 129
3284 221
3285 173
3286 183
3287 239
3288 222
3289 176
3290 161
3291 212
3292 185
3293 243
3294 209
3295 158
3296 226
3297 183
3298 221
3299 149
3300 99
3301 208
3302 165
3303 157
3304 146
3305 184
3306 184
3307 105
3308 232
3309 212
3310 164
3311 195
3312 227
3313 180
3314 165
3315 245
3316 198
3317 247
3318 147
3319 114
3320 203
3321 221
3322 271
3323 164
3324 203
3325 202
3326 155
3327 199
3328 250
3329 112
3330 175
3331 163
3332 127
3333 160
3334 111
3335 173
3336 169
3337 248
3338 67
3339 137
3340 149
3341 194
3342 184
3343 234
3344 189
3345 317
3346 207
3347 198
3348 127
3349 160
3350 155
3351 226
3352 173
3353 111
3354 202
3355 200
3356 210
3357 204
3358 201
3359 204
3360 278
3361 226
3362 163
3363 255
3364 175
3365 191
3366 195
3367 99
3368 148
3369 145
3370 178
3371 191
3372 197
3373 250
3374 186
3375 150
3376 199
3377 178
3378 200
3379 172
3380 108
3381 190
3382 201
3383 171
3384 242
3385 194
3386 211
3387 193
3388 55
3389 156
3390 195
3391 197
3392 197
3393 224
3394 158
3395 176
3396 166
3397 220
3398 239
3399 177
3400 223
3401 161
3402 202
3403 225
3404 191
3405 265
3406 233
3407 185
3408 146
3409 183
3410 208
3411 228
3412 156
3413 204
3414 201
3415 222
3416 167
3417 159
3418 184
3419 197
3420 195
3421 188
3422 168
3423 161
3424 173
3425 256
3426 202
3427 170
3428 163
3429 183
3430 209
3431 154
3432 183
3433 168
3434 138
3435 207
3436 145
3437 255
3438 200
3439 207
3440 217
3441 170
3442 139
3443 124
3444 178
3445 170
3446 250
3447 209
3448 139
3449 181
3450 148
3451 163
3452 207
3453 170
3454 173
3455 263
3456 181
3457 212
3458 200
3459 150
3460 199
3461 138
3462 245
3463 180
3464 166
3465 179
3466 195
3467 131
3468 204
3469 160
3470 215
3471 136
3472 145
3473 136
3474 181
3475 247
3476 194
3477 193
3478 251
3479 175
3480 0
3481 175
3482 169
3483 97
3484 203
3485 191
3486 190
3487 197
3488 136
3489 226
3490 137
3491 224
3492 210
3493 169
3494 170
3495 127
3496 216
3497 162
3498 242
3499 171
3500 228
3501 185
3502 158
3503 173
3504 197
3505 191
3506 174
3507 183
3508 183
3509 178
3510 218
3511 194
3512 185
3513 217
3514 174
3515 150
3516 257
3517 167
3518 252
3519 157
3520 255
3521 157
3522 120
3523 174
3524 165
3525 177
3526 137
3527 198
3528 198
3529 130
3530 190
3531 211
3532 137
3533 249
3534 169
3535 198
3536 178
3537 214
3538 193
3539 196
3540 104
3541 175
3542 191
3543 276
3544 241
3545 164
3546 235
3547 139
3548 210
3549 225
3550 214
3551 163
3552 168
3553 196
3554 212
3555 127
3556 198
3557 252
3558 146
3559 188
3560 142
3561 199
3562 143
3563 145
3564 193
3565 173
3566 237
3567 171
3568 193
3569 162
3570 259
3571 96
3572 141
3573 143
3574 173
3575 113
3576 108
3577 148
3578 183
3579 194
3580 254
3581 210
3582 145
3583 171
3584 246
3585 180
3586 196
3587 207
3588 204
3589 299
3590 193
3591 223
3592 138
3593 72
3594 149
3595 160
3596 160
3597 244
3598 232
3599 172
3600 200
3601 244
3602 169
3603 162
3604 178
3605 204
3606 185
3607 122
3608 176
3609 172
3610 204
3611 233
3612 144
3613 225
3614 150
3615 182
3616 181
3617 168
3618 240
3619 188
3620 186
3621 160
3622 227
3623 205
3624 236
3625 105
3626 169
3627 185
3628 255
3629 211
3630 200
3631 125
3632 0
3633 226
3634 193
3635 200
3636 214
3637 146
3638 152
3639 163
3640 259
3641 76
3642 186
3643 247
3644 170
3645 123
3646 169
3647 177
3648 129
3649 185
3650 188
3651 220
3652 240
3653 188
3654 180
3655 181
3656 192
3657 163
3658 171
3659 153
3660 179
3661 225
3662 267
3663 220
3664 132
3665 207
3666 185
3667 165
3668 199
3669 187
3670 166
3671 164
3672 224
3673 126
3674 194
3675 208
3676 190
3677 208
3678 168
3679 173
3680 179
3681 205
3682 235
3683 215
3684 208
3685 189
3686 102
3687 176
3688 133
3689 268
3690 198
3691 196
3692 207
3693 191
3694 218
3695 167
3696 253
3697 187
3698 152
3699 184
3700 192
3701 140
3702 238
3703 179
3704 183
3705 175
3706 180
3707 176
3708 224
3709 188
3710 184
3711 201
3712 208
3713 181
3714 219
3715 231
3716 174
3717 115
3718 204
3719 151
3720 214
3721 184
3722 207
3723 190
3724 175
3725 137
3726 166
3727 198
3728 191
3729 154
3730 157
3731 127
3732 218
3733 149
3734 158
3735 245
3736 151
3737 195
3738 179
3739 234
3740 157
3741 239
3742 168
3743 194
3744 252
3745 173
3746 209
3747 193
3748 223
3749 0
3750 215
3751 220
3752 229
3753 263
3754 238
3755 185
3756 160
3757 188
3758 208
3759 147
3760 165
3761 208
3762 129
3763 204
3764 210
3765 205
3766 183
3767 163
3768 139
3769 0
3770 175
3771 165
3772 168
3773 150
3774 139
3775 210
3776 190
3777 183
3778 192
3779 195
3780 232
3781 172
3782 250
3783 184
3784 198
3785 248
3786 211
3787 200
3788 140
3789 209
3790 167
3791 233
3792 189
3793 144
3794 229
3795 177
3796 146
3797 164
3798 156
3799 199
3800 217
3801 175
3802 171
3803 197
3804 197
3805 117
3806 167
3807 185
3808 59
3809 47
3810 155
3811 170
3812 160
3813 182
3814 169
3815 128
3816 166
3817 196
3818 119
3819 164
3820 189
3821 214
3822 220
3823 201
3824 149
3825 219
3826 210
3827 162
3828 218
3829 187
3830 216
3831 161
3832 205
3833 187
3834 172
3835 232
3836 195
3837 229
3838 140
3839 194
3840 183
3841 212
3842 150
3843 202
3844 189
3845 186
3846 173
3847 144
3848 194
3849 210
3850 175
3851 188
3852 172
3853 217
3854 228
3855 171
3856 172
3857 186
3858 153
3859 217
3860 226
3861 189
3862 240
3863 154
3864 128
3865 212
3866 213
3867 152
3868 170
3869 190
3870 172
3871 119
3872 200
3873 211
3874 139
3875 257
3876 132
3877 224
3878 165
3879 209
3880 171
3881 225
3882 86
3883 181
3884 173
3885 77
3886 202
3887 188
3888 177
3889 182
3890 183
3891 210
3892 185
3893 182
3894 196
3895 271
3896 175
3897 148
3898 209
3899 267
3900 180
3901 179
3902 173
3903 192
3904 207
3905 184
3906 234
3907 118
3908 142
3909 189
3910 154
3911 202
3912 181
3913 188
3914 189
3915 91
3916 133
3917 185
3918 135
3919 197
3920 118
3921 214
3922 163
3923 200
3924 184
3925 193
3926 155
3927 203
3928 164
3929 221
3930 210
3931 158
3932 210
3933 183
3934 274
3935 145
3936 178
3937 145
3938 146
3939 146
3940 176
3941 159
3942 56
3943 172
3944 169
3945 219
3946 163
3947 190
3948 151
3949 158
3950 246
3951 153
3952 192
3953 139
3954 213
3955 173
3956 176
3957 167
3958 163
3959 221
3960 169
3961 176
3962 176
3963 172
3964 188
3965 194
3966 155
3967 172
3968 152
3969 122
3970 172
3971 155
3972 243
3973 201
3974 138
3975 208
3976 162
3977 213
3978 260
3979 196
3980 207
3981 176
3982 148
3983 148
3984 151
3985 109
3986 212
3987 149
3988 243
3989 197
3990 154
3991 183
3992 233
3993 194
3994 199
3995 168
3996 99
3997 169
3998 193
3999 240
4000 178
4001 196
4002 176
4003 174
4004 168
4005 183
4006 222
4007 158
4008 208
4009 188
4010 197
4011 181
4012 177
4013 208
4014 221
4015 149
4016 262
4017 182
4018 193
4019 188
4020 204
4021 205
4022 160
4023 172
4024 199
4025 206
4026 252
4027 170
4028 178
4029 85
4030 183
4031 148
4032 188
4033 216
4034 144
4035 259
4036 106
4037 182
4038 209
4039 138
4040 149
4041 175
4042 189
4043 194
4044 248
4045 240
4046 159
4047 106
4048 159
4049 142
4050 180
4051 167
4052 230
4053 235
4054 225
4055 148
4056 148
4057 185
4058 155
4059 188
4060 199
4061 163
4062 191
4063 221
4064 214
4065 72
4066 200
4067 192
4068 183
4069 270
4070 0
4071 135
4072 167
4073 178
4074 239
4075 171
4076 203
4077 128
4078 186
4079 196
4080 164
4081 166
4082 234
4083 181
4084 216
4085 161
4086 80
4087 183
4088 209
4089 258
4090 223
4091 120
4092 186
4093 186
4094 186
4095 113
4096 151
4097 215
4098 209
4099 169
4100 187
4101 211
4102 172
4103 168
4104 196
4105 199
4106 182
4107 190
4108 79
4109 239
4110 202
4111 138
4112 186
4113 164
4114 183
4115 227
4116 162
4117 171
4118 228
4119 184
4120 182
4121 173
4122 158
4123 249
4124 185
4125 174
4126 247
4127 192
4128 178
4129 187
4130 194
4131 188
4132 205
4133 172
4134 210
4135 211
4136 251
4137 253
4138 169
4139 226
4140 226
4141 112
4142 182
4143 227
4144 219
4145 172
4146 175
4147 148
4148 177
4149 0
4150 177
4151 173
4152 204
4153 218
4154 167
4155 258
4156 154
4157 202
4158 162
4159 99
4160 145
4161 185
4162 192
4163 184
4164 174
4165 194
4166 236
4167 195
4168 201
4169 185
4170 191
4171 168
4172 194
4173 236
4174 154
4175 150
4176 250
4177 195
4178 187
4179 149
4180 192
4181 214
4182 198
4183 192
4184 153
4185 149
4186 239
4187 170
4188 155
4189 173
4190 200
4191 0
4192 183
4193 145
4194 201
4195 210
4196 228
4197 203
4198 220
4199 159
