Vertices: 4700
Edges: 23500
Time: 1,991 ms
Iterations: 23374
Vertex Distance
0 0
1 216
2 207
3 116
4 143
5 197
6 169
7 158
8 183
9 178
10 176
11 141
12 155
13 189
14 217
15 194
16 153
17 182
18 186
19 174
20 104
21 163
22 244
23 171
24 159
25 170
26 166
27 179
28 115
29 222
30 172
31 232
32 225
33 195
34 215
35 268
36 160
37 156
38 219
39 152
40 158
41 162
42 187
43 262
44 251
45 171
46 134
47 208
48 191
49 228
50 201
51 168
52 146
53 220
54 165
55 255
56 173
57 188
58 226
59 184
60 144
61 199
62 178
63 252
64 173
65 201
66 164
67 190
68 152
69 235
70 188
71 201
72 182
73 167
74 183
75 160
76 220
77 203
78 120
79 202
80 182
81 180
82 175
83 183
84 210
85 111
86 201
87 216
88 162
89 209
90 191
91 164
92 160
93 198
94 143
95 170
96 199
97 160
98 185
99 164
100 210
101 252
102 287
103 124
104 137
105 175
106 167
107 166
108 157
109 194
110 137
111 209
112 176
113 200
114 191
115 205
116 170
117 139
118 144
119 135
120 231
121 184
122 224
123 219
124 150
125 199
126 215
127 199
128 159
129 205
130 164
131 164
132 145
133 190
134 185
135 189
136 180
137 176
138 172
139 192
140 203
141 152
142 204
143 198
144 215
145 193
146 195
147 195
148 188
149 118
150 214
151 192
152 174
153 190
154 160
155 159
156 190
157 94
158 131
159 129
160 143
161 183
162 145
163 134
164 152
165 152
166 177
167 193
168 164
169 204
170 179
171 196
172 190
173 192
174 208
175 158
176 139
177 184
178 166
179 178
180 101
181 126
182 182
183 239
184 0
185 172
186 134
187 75
188 182
189 133
190 139
191 166
192 128
193 53
194 140
195 135
196 165
197 133
198 133
199 225
200 176
201 163
202 231
203 179
204 162
205 211
206 227
207 162
208 144
209 162
210 262
211 138
212 251
213 149
214 184
215 173
216 132
217 185
218 171
219 162
220 303
221 76
222 190
223 157
224 212
225 126
226 200
227 218
228 191
229 116
230 169
231 138
232 205
233 144
234 187
235 169
236 183
237 161
238 178
239 171
240 221
241 180
242 210
243 176
244 198
245 173
246 200
247 121
248 166
249 124
250 153
251 232
252 147
253 193
254 167
255 217
256 184
257 168
258 160
259 198
260 182
261 194
262 152
263 219
264 141
265 215
266 178
267 143
268 193
269 194
270 224
271 187
272 163
273 196
274 176
275 192
276 172
277 183
278 176
279 142
280 155
281 223
282 124
283 212
284 180
285 201
286 139
287 175
288 122
289 152
290 184
291 185
292 190
293 201
294 118
295 207
296 166
297 138
298 170
299 216
300 158
301 181
302 135
303 171
304 151
305 0
306 265
307 169
308 207
309 210
310 289
311 158
312 129
313 202
314 183
315 174
316 161
317 161
318 185
319 155
320 190
321 94
322 207
323 229
324 158
325 147
326 230
327 166
328 192
329 209
330 197
331 183
332 193
333 182
334 261
335 198
336 190
337 188
338 184
339 169
340 160
341 201
342 185
343 249
344 221
345 263
346 234
347 196
348 86
349 212
350 196
351 124
352 196
353 282
354 175
355 174
356 234
357 231
358 174
359 177
360 157
361 0
362 216
363 0
364 170
365 191
366 142
367 196
368 202
369 142
370 139
371 160
372 126
373 190
374 190
375 218
376 162
377 177
378 175
379 96
380 125
381 173
382 180
383 143
384 174
385 195
386 154
387 244
388 128
389 114
390 178
391 181
392 153
393 147
394 163
395 130
396 268
397 209
398 225
399 170
400 188
401 172
402 237
403 185
404 215
405 160
406 189
407 173
408 239
409 117
410 181
411 192
412 231
413 181
414 237
415 174
416 155
417 167
418 169
419 187
420 184
421 119
422 243
423 157
424 157
425 252
426 199
427 137
428 210
429 143
430 189
431 188
432 158
433 158
434 143
435 169
436 226
437 176
438 169
439 135
440 190
441 185
442 157
443 174
444 150
445 180
446 154
447 196
448 158
449 146
450 234
451 111
452 207
453 250
454 111
455 164
456 146
457 102
458 163
459 208
460 227
461 200
462 121
463 215
464 275
465 141
466 196
467 205
468 198
469 158
470 175
471 199
472 254
473 200
474 174
475 206
476 164
477 132
478 124
479 134
480 232
481 199
482 297
483 228
484 177
485 166
486 107
487 109
488 179
489 227
490 189
491 173
492 356
493 155
494 196
495 204
496 190
497 185
498 171
499 182
500 194
501 198
502 182
503 203
504 189
505 140
506 194
507 148
508 157
509 181
510 246
511 222
512 136
513 196
514 142
515 143
516 106
517 168
518 168
519 135
520 152
521 203
522 137
523 161
524 122
525 201
526 155
527 0
528 186
529 237
530 195
531 125
532 197
533 219
534 167
535 158
536 130
537 145
538 139
539 181
540 168
541 197
542 249
543 166
544 165
545 156
546 131
547 169
548 169
549 129
550 178
551 208
552 213
553 161
554 119
555 189
556 115
557 182
558 129
559 186
560 189
561 229
562 169
563 162
564 155
565 170
566 118
567 140
568 150
569 175
570 212
571 168
572 167
573 169
574 174
575 219
576 134
577 150
578 128
579 157
580 172
581 192
582 176
583 139
584 165
585 153
586 184
587 180
588 178
589 178
590 152
591 180
592 136
593 162
594 194
595 295
596 190
597 159
598 131
599 194
600 147
601 158
602 161
603 171
604 210
605 205
606 215
607 176
608 147
609 150
610 200
611 150
612 147
613 172
614 158
615 159
616 170
617 226
618 174
619 131
620 145
621 198
622 195
623 128
624 159
625 225
626 165
627 140
628 155
629 142
630 252
631 139
632 207
633 168
634 189
635 122
636 183
637 166
638 138
639 182
640 225
641 166
642 124
643 140
644 229
645 151
646 182
647 274
648 181
649 218
650 188
651 173
652 176
653 181
654 156
655 140
656 108
657 238
658 201
659 153
660 212
661 182
662 128
663 176
664 249
665 199
666 192
667 184
668 163
669 0
670 181
671 211
672 162
673 142
674 138
675 198
676 151
677 134
678 140
679 201
680 153
681 191
682 149
683 121
684 190
685 141
686 175
687 168
688 185
689 154
690 215
691 144
692 160
693 153
694 130
695 197
696 138
697 180
698 204
699 204
700 208
701 146
702 203
703 160
704 137
705 203
706 152
707 171
708 162
709 127
710 174
711 146
712 205
713 172
714 217
715 166
716 181
717 178
718 111
719 204
720 206
721 200
722 142
723 169
724 194
725 198
726 164
727 175
728 181
729 177
730 158
731 127
732 209
733 165
734 178
735 186
736 187
737 175
738 118
739 165
740 139
741 198
742 136
743 185
744 155
745 199
746 150
747 170
748 172
749 148
750 212
751 145
752 191
753 154
754 173
755 131
756 168
757 136
758 166
759 207
760 160
761 176
762 189
763 149
764 169
765 172
766 208
767 208
768 134
769 158
770 258
771 215
772 138
773 168
774 117
775 164
776 153
777 152
778 133
779 185
780 300
781 119
782 196
783 185
784 182
785 242
786 179
787 97
788 153
789 230
790 156
791 198
792 227
793 76
794 200
795 164
796 132
797 222
798 207
799 217
800 183
801 208
802 215
803 167
804 228
805 190
806 161
807 187
808 143
809 158
810 164
811 112
812 160
813 135
814 153
815 154
816 186
817 142
818 143
819 76
820 151
821 132
822 189
823 98
824 147
825 192
826 201
827 141
828 177
829 185
830 168
831 185
832 152
833 132
834 112
835 112
836 95
837 173
838 222
839 185
840 121
841 170
842 143
843 180
844 191
845 196
846 201
847 129
848 217
849 186
850 177
851 212
852 207
853 183
854 165
855 187
856 194
857 171
858 0
859 185
860 247
861 182
862 192
863 173
864 195
865 141
866 155
867 197
868 177
869 90
870 158
871 168
872 212
873 173
874 186
875 228
876 156
877 121
878 230
879 137
880 155
881 218
882 200
883 128
884 128
885 159
886 191
887 154
888 204
889 164
890 204
891 176
892 186
893 198
894 129
895 211
896 173
897 214
898 217
899 215
900 171
901 101
902 137
903 228
904 123
905 122
906 215
907 199
908 239
909 168
910 166
911 159
912 157
913 175
914 216
915 169
916 178
917 168
918 133
919 188
920 117
921 359
922 171
923 200
924 206
925 110
926 151
927 197
928 186
929 188
930 146
931 187
932 177
933 156
934 131
935 216
936 193
937 159
938 128
939 137
940 150
941 202
942 173
943 155
944 197
945 191
946 204
947 151
948 172
949 214
950 149
951 159
952 181
953 170
954 187
955 162
956 159
957 89
958 118
959 214
960 135
961 161
962 147
963 179
964 169
965 199
966 205
967 176
968 117
969 144
970 241
971 186
972 151
973 179
974 190
975 206
976 112
977 114
978 172
979 177
980 144
981 158
982 144
983 165
984 186
985 172
986 184
987 109
988 168
989 65
990 173
991 166
992 184
993 215
994 181
995 187
996 198
997 0
998 217
999 210
1000 132
1001 57
1002 203
1003 173
1004 133
1005 206
1006 143
1007 173
1008 152
1009 219
1010 211
1011 211
1012 135
1013 212
1014 218
1015 151
1016 164
1017 169
1018 195
1019 203
1020 226
1021 179
1022 168
1023 194
1024 199
1025 180
1026 169
1027 167
1028 199
1029 208
1030 275
1031 149
1032 194
1033 165
1034 181
1035 174
1036 174
1037 205
1038 227
1039 168
1040 150
1041 198
1042 189
1043 162
1044 165
1045 159
1046 195
1047 207
1048 149
1049 154
1050 174
1051 214
1052 160
1053 165
1054 185
1055 210
1056 187
1057 162
1058 216
1059 188
1060 166
1061 240
1062 174
1063 162
1064 165
1065 177
1066 180
1067 137
1068 171
1069 61
1070 215
1071 199
1072 194
1073 162
1074 191
1075 115
1076 169
1077 182
1078 201
1079 145
1080 193
1081 136
1082 161
1083 136
1084 97
1085 155
1086 196
1087 168
1088 174
1089 178
1090 179
1091 211
1092 0
1093 188
1094 182
1095 258
1096 284
1097 191
1098 206
1099 150
1100 127
1101 239
1102 141
1103 185
1104 186
1105 151
1106 125
1107 109
1108 157
1109 171
1110 105
1111 204
1112 176
1113 166
1114 147
1115 107
1116 194
1117 133
1118 158
1119 198
1120 199
1121 235
1122 240
1123 206
1124 187
1125 194
1126 197
1127 97
1128 127
1129 168
1130 136
1131 133
1132 180
1133 99
1134 190
1135 157
1136 232
1137 216
1138 144
1139 152
1140 100
1141 177
1142 163
1143 169
1144 168
1145 169
1146 131
1147 223
1148 256
1149 80
1150 193
1151 161
1152 217
1153 99
1154 266
1155 162
1156 142
1157 225
1158 214
1159 149
1160 120
1161 191
1162 164
1163 127
1164 155
1165 153
1166 209
1167 138
1168 150
1169 152
1170 161
1171 170
1172 221
1173 148
1174 168
1175 166
1176 211
1177 169
1178 64
1179 115
1180 143
1181 245
1182 123
1183 217
1184 206
1185 184
1186 147
1187 258
1188 153
1189 161
1190 127
1191 205
1192 141
1193 169
1194 149
1195 158
1196 176
1197 157
1198 153
1199 172
1200 198
1201 163
1202 107
1203 156
1204 185
1205 213
1206 134
1207 190
1208 166
1209 267
1210 166
1211 191
1212 141
1213 179
1214 155
1215 165
1216 159
1217 179
1218 210
1219 121
1220 169
1221 245
1222 148
1223 186
1224 181
1225 224
1226 127
1227 180
1228 181
1229 155
1230 191
1231 168
1232 253
1233 168
1234 163
1235 167
1236 90
1237 192
1238 167
1239 157
1240 147
1241 135
1242 213
1243 157
1244 161
1245 193
1246 193
1247 160
1248 168
1249 182
1250 221
1251 122
1252 212
1253 188
1254 71
1255 176
1256 197
1257 195
1258 199
1259 203
1260 223
1261 86
1262 187
1263 177
1264 211
1265 229
1266 69
1267 182
1268 200
1269 142
1270 152
1271 199
1272 137
1273 197
1274 128
1275 176
1276 181
1277 166
1278 149
1279 221
1280 170
1281 155
1282 224
1283 160
1284 186
1285 242
1286 136
1287 199
1288 162
1289 141
1290 152
1291 218
1292 166
1293 170
1294 186
1295 178
1296 181
1297 244
1298 150
1299 120
1300 227
1301 228
1302 187
1303 172
1304 213
1305 207
1306 138
1307 173
1308 202
1309 173
1310 122
1311 192
1312 200
1313 174
1314 196
1315 136
1316 159
1317 175
1318 222
1319 200
1320 148
1321 193
1322 154
1323 139
1324 96
1325 129
1326 191
1327 196
1328 188
1329 218
1330 163
1331 153
1332 159
1333 198
1334 201
1335 187
1336 138
1337 224
1338 191
1339 190
1340 145
1341 198
1342 154
1343 199
1344 198
1345 175
1346 174
1347 155
1348 123
1349 151
1350 150
1351 168
1352 172
1353 178
1354 156
1355 188
1356 191
1357 104
1358 188
1359 187
1360 215
1361 191
1362 222
1363 173
1364 193
1365 152
1366 160
1367 193
1368 193
1369 164
1370 187
1371 171
1372 164
1373 190
1374 155
1375 139
1376 167
1377 205
1378 163
1379 207
1380 243
1381 193
1382 116
1383 173
1384 147
1385 152
1386 287
1387 232
1388 145
1389 121
1390 233
1391 160
1392 207
1393 180
1394 106
1395 121
1396 164
1397 211
1398 203
1399 169
1400 178
1401 200
1402 175
1403 184
1404 221
1405 140
1406 160
1407 169
1408 216
1409 232
1410 158
1411 181
1412 202
1413 220
1414 163
1415 154
1416 207
1417 207
1418 158
1419 156
1420 226
1421 131
1422 192
1423 178
1424 126
1425 201
1426 159
1427 72
1428 154
1429 155
1430 164
1431 249
1432 207
1433 211
1434 208
1435 153
1436 143
1437 171
1438 113
1439 131
1440 165
1441 116
1442 168
1443 183
1444 189
1445 151
1446 137
1447 136
1448 111
1449 170
1450 170
1451 133
1452 155
1453 114
1454 174
1455 179
1456 160
1457 228
1458 141
1459 197
1460 135
1461 165
1462 143
1463 206
1464 152
1465 189
1466 256
1467 180
1468 251
1469 200
1470 154
1471 220
1472 147
1473 202
1474 133
1475 170
1476 185
1477 178
1478 141
1479 143
1480 180
1481 83
1482 192
1483 161
1484 211
1485 234
1486 125
1487 218
1488 254
1489 185
1490 190
1491 198
1492 222
1493 188
1494 161
1495 194
1496 196
1497 179
1498 135
1499 139
1500 180
1501 42
1502 159
1503 122
1504 208
1505 165
1506 176
1507 135
1508 197
1509 160
1510 210
1511 191
1512 159
1513 157
1514 103
1515 212
1516 116
1517 180
1518 229
1519 150
1520 192
1521 134
1522 185
1523 140
1524 194
1525 152
1526 181
1527 250
1528 174
1529 175
1530 125
1531 169
1532 183
1533 172
1534 170
1535 145
1536 156
1537 172
1538 178
1539 206
1540 149
1541 165
1542 188
1543 190
1544 219
1545 149
1546 140
1547 205
1548 177
1549 198
1550 167
1551 167
1552 139
1553 180
1554 196
1555 214
1556 208
1557 184
1558 203
1559 183
1560 267
1561 199
1562 131
1563 171
1564 160
1565 201
1566 189
1567 170
1568 176
1569 196
1570 172
1571 209
1572 188
1573 175
1574 190
1575 220
1576 162
1577 175
1578 158
1579 185
1580 116
1581 153
1582 184
1583 172
1584 162
1585 169
1586 196
1587 165
1588 167
1589 95
1590 234
1591 132
1592 169
1593 265
1594 182
1595 203
1596 133
1597 161
1598 210
1599 149
1600 155
1601 192
1602 140
1603 164
1604 160
1605 175
1606 163
1607 206
1608 203
1609 167
1610 116
1611 211
1612 159
1613 118
1614 184
1615 172
1616 171
1617 191
1618 194
1619 128
1620 110
1621 157
1622 166
1623 211
1624 333
1625 206
1626 132
1627 193
1628 228
1629 141
1630 201
1631 139
1632 136
1633 127
1634 176
1635 223
1636 146
1637 231
1638 161
1639 273
1640 203
1641 134
1642 116
1643 130
1644 122
1645 143
1646 156
1647 155
1648 209
1649 133
1650 198
1651 139
1652 142
1653 111
1654 71
1655 204
1656 166
1657 174
1658 190
1659 248
1660 198
1661 177
1662 196
1663 185
1664 135
1665 148
1666 144
1667 149
1668 166
1669 254
1670 104
1671 192
1672 157
1673 144
1674 181
1675 212
1676 140
1677 199
1678 159
1679 251
1680 191
1681 175
1682 159
1683 135
1684 193
1685 168
1686 181
1687 129
1688 146
1689 210
1690 219
1691 179
1692 231
1693 150
1694 114
1695 153
1696 172
1697 87
1698 179
1699 163
1700 192
1701 176
1702 189
1703 160
1704 171
1705 189
1706 147
1707 160
1708 213
1709 188
1710 182
1711 176
1712 166
1713 181
1714 215
1715 212
1716 140
1717 212
1718 178
1719 118
1720 179
1721 216
1722 230
1723 166
1724 183
1725 164
1726 129
1727 169
1728 197
1729 185
1730 183
1731 206
1732 200
1733 156
1734 200
1735 190
1736 164
1737 279
1738 199
1739 145
1740 162
1741 183
1742 184
1743 258
1744 195
1745 163
1746 152
1747 142
1748 232
1749 142
1750 175
1751 183
1752 173
1753 83
1754 179
1755 193
1756 166
1757 241
1758 150
1759 212
1760 155
1761 155
1762 185
1763 146
1764 190
1765 122
1766 179
1767 185
1768 204
1769 178
1770 163
1771 148
1772 153
1773 141
1774 190
1775 81
1776 173
1777 123
1778 245
1779 136
1780 177
1781 261
1782 190
1783 164
1784 203
1785 175
1786 143
1787 154
1788 153
1789 173
1790 164
1791 234
1792 113
1793 182
1794 160
1795 184
1796 233
1797 192
1798 190
1799 221
1800 177
1801 220
1802 134
1803 136
1804 163
1805 223
1806 189
1807 144
1808 176
1809 179
1810 179
1811 157
1812 223
1813 158
1814 164
1815 183
1816 207
1817 274
1818 231
1819 182
1820 150
1821 150
1822 174
1823 193
1824 173
1825 173
1826 242
1827 150
1828 164
1829 197
1830 202
1831 213
1832 186
1833 163
1834 180
1835 223
1836 166
1837 144
1838 187
1839 144
1840 200
1841 177
1842 158
1843 120
1844 164
1845 210
1846 173
1847 172
1848 174
1849 162
1850 221
1851 165
1852 176
1853 196
1854 190
1855 182
1856 189
1857 139
1858 175
1859 171
1860 197
1861 115
1862 191
1863 140
1864 187
1865 168
1866 185
1867 174
1868 190
1869 175
1870 172
1871 184
1872 155
1873 143
1874 186
1875 154
1876 206
1877 178
1878 142
1879 258
1880 165
1881 183
1882 179
1883 132
1884 218
1885 183
1886 244
1887 184
1888 191
1889 177
1890 154
1891 182
1892 174
1893 135
1894 180
1895 166
1896 152
1897 133
1898 231
1899 140
1900 201
1901 192
1902 115
1903 0
1904 136
1905 179
1906 166
1907 211
1908 177
1909 144
1910 180
1911 126
1912 174
1913 210
1914 168
1915 175
1916 184
1917 203
1918 226
1919 186
1920 151
1921 173
1922 179
1923 165
1924 230
1925 135
1926 169
1927 213
1928 204
1929 186
1930 178
1931 118
1932 180
1933 283
1934 123
1935 240
1936 132
1937 195
1938 150
1939 218
1940 152
1941 170
1942 187
1943 195
1944 169
1945 212
1946 139
1947 184
1948 174
1949 154
1950 160
1951 174
1952 112
1953 233
1954 157
1955 208
1956 176
1957 153
1958 140
1959 147
1960 151
1961 166
1962 125
1963 140
1964 214
1965 144
1966 122
1967 163
1968 128
1969 191
1970 125
1971 200
1972 129
1973 174
1974 130
1975 144
1976 175
1977 127
1978 236
1979 150
1980 159
1981 191
1982 182
1983 77
1984 180
1985 144
1986 172
1987 142
1988 144
1989 225
1990 196
1991 119
1992 199
1993 192
1994 139
1995 0
1996 151
1997 194
1998 140
1999 255
2000 174
2001 153
2002 93
2003 144
2004 184
2005 237
2006 183
2007 138
2008 156
2009 149
2010 99
2011 144
2012 119
2013 190
2014 224
2015 152
2016 91
2017 192
2018 129
2019 137
2020 160
2021 131
2022 237
2023 183
2024 171
2025 150
2026 206
2027 201
2028 223
2029 174
2030 187
2031 130
2032 91
2033 131
2034 153
2035 199
2036 158
2037 155
2038 135
2039 114
2040 145
2041 213
2042 163
2043 214
2044 213
2045 215
2046 195
2047 140
2048 152
2049 166
2050 156
2051 189
2052 155
2053 164
2054 196
2055 133
2056 162
2057 142
2058 232
2059 167
2060 158
2061 194
2062 242
2063 205
2064 168
2065 201
2066 195
2067 158
2068 136
2069 217
2070 162
2071 221
2072 157
2073 180
2074 169
2075 157
2076 223
2077 206
2078 135
2079 206
2080 188
2081 218
2082 187
2083 148
2084 191
2085 176
2086 106
2087 155
2088 170
2089 242
2090 136
2091 178
2092 147
2093 153
2094 179
2095 250
2096 178
2097 186
2098 166
2099 178
2100 238
2101 202
2102 221
2103 245
2104 159
2105 198
2106 217
2107 222
2108 166
2109 141
2110 170
2111 163
2112 186
2113 206
2114 178
2115 207
2116 301
2117 144
2118 280
2119 215
2120 158
2121 184
2122 173
2123 148
2124 153
2125 158
2126 172
2127 182
2128 168
2129 209
2130 192
2131 113
2132 164
2133 123
2134 148
2135 194
2136 193
2137 152
2138 167
2139 133
2140 185
2141 200
2142 197
2143 189
2144 186
2145 160
2146 189
2147 177
2148 194
2149 164
2150 120
2151 197
2152 137
2153 245
2154 139
2155 147
2156 169
2157 79
2158 248
2159 182
2160 138
2161 112
2162 127
2163 172
2164 151
2165 155
2166 178
2167 213
2168 178
2169 184
2170 150
2171 194
2172 89
2173 185
2174 160
2175 149
2176 220
2177 126
2178 186
2179 151
2180 107
2181 155
2182 164
2183 130
2184 203
2185 151
2186 166
2187 216
2188 151
2189 241
2190 155
2191 130
2192 197
2193 205
2194 159
2195 196
2196 160
2197 96
2198 182
2199 151
2200 114
2201 156
2202 156
2203 138
2204 137
2205 219
2206 116
2207 152
2208 177
2209 165
2210 184
2211 190
2212 200
2213 125
2214 194
2215 155
2216 154
2217 209
2218 121
2219 117
2220 179
2221 253
2222 166
2223 168
2224 192
2225 159
2226 186
2227 196
2228 198
2229 203
2230 153
2231 150
2232 169
2233 184
2234 133
2235 175
2236 216
2237 243
2238 189
2239 172
2240 207
2241 210
2242 163
2243 147
2244 180
2245 334
2246 157
2247 166
2248 169
2249 224
2250 168
2251 98
2252 115
2253 120
2254 159
2255 233
2256 197
2257 174
2258 132
2259 164
2260 174
2261 218
2262 169
2263 122
2264 153
2265 69
2266 151
2267 221
2268 187
2269 204
2270 204
2271 208
2272 152
2273 189
2274 220
2275 185
2276 163
2277 120
2278 146
2279 179
2280 185
2281 140
2282 178
2283 176
2284 151
2285 137
2286 106
2287 265
2288 144
2289 227
2290 175
2291 175
2292 123
2293 144
2294 156
2295 46
2296 225
2297 216
2298 91
2299 117
2300 221
2301 147
2302 167
2303 209
2304 180
2305 173
2306 196
2307 168
2308 162
2309 114
2310 179
2311 152
2312 163
2313 181
2314 171
2315 162
2316 131
2317 103
2318 177
2319 210
2320 197
2321 245
2322 227
2323 175
2324 157
2325 148
2326 95
2327 219
2328 209
2329 163
2330 205
2331 210
2332 214
2333 233
2334 158
2335 183
2336 167
2337 178
2338 196
2339 209
2340 135
2341 172
2342 142
2343 172
2344 175
2345 172
2346 197
2347 175
2348 206
2349 182
2350 171
2351 124
2352 145
2353 180
2354 161
2355 153
2356 169
2357 231
2358 64
2359 158
2360 218
2361 148
2362 187
2363 154
2364 184
2365 202
2366 176
2367 147
2368 192
2369 195
2370 178
2371 157
2372 166
2373 176
2374 236
2375 206
2376 192
2377 194
2378 192
2379 166
2380 200
2381 259
2382 154
2383 158
2384 231
2385 188
2386 137
2387 224
2388 192
2389 162
2390 261
2391 181
2392 190
2393 167
2394 157
2395 144
2396 208
2397 151
2398 179
2399 185
2400 115
2401 202
2402 137
2403 164
2404 206
2405 205
2406 192
2407 195
2408 157
2409 231
2410 211
2411 134
2412 188
2413 172
2414 159
2415 174
2416 202
2417 214
2418 176
2419 201
2420 161
2421 87
2422 143
2423 168
2424 196
2425 223
2426 164
2427 156
2428 203
2429 188
2430 179
2431 208
2432 201
2433 190
2434 118
2435 164
2436 215
2437 163
2438 158
2439 205
2440 203
2441 146
2442 173
2443 107
2444 132
2445 179
2446 169
2447 249
2448 156
2449 218
2450 248
2451 169
2452 198
2453 158
2454 175
2455 159
2456 161
2457 243
2458 175
2459 210
2460 187
2461 0
2462 144
2463 206
2464 147
2465 206
2466 0
2467 156
2468 158
2469 187
2470 155
2471 313
2472 223
2473 113
2474 209
2475 227
2476 116
2477 183
2478 126
2479 151
2480 186
2481 188
2482 165
2483 235
2484 131
2485 188
2486 137
2487 166
2488 171
2489 107
2490 177
2491 209
2492 144
2493 97
2494 122
2495 172
2496 172
2497 199
2498 176
2499 200
2500 184
2501 206
2502 148
2503 190
2504 149
2505 189
2506 192
2507 135
2508 147
2509 144
2510 146
2511 116
2512 160
2513 236
2514 147
2515 141
2516 108
2517 169
2518 162
2519 186
2520 146
2521 168
2522 215
2523 321
2524 155
2525 172
2526 157
2527 212
2528 219
2529 221
2530 183
2531 184
2532 149
2533 208
2534 204
2535 190
2536 232
2537 234
2538 175
2539 118
2540 145
2541 191
2542 230
2543 171
2544 208
2545 172
2546 191
2547 169
2548 104
2549 236
2550 165
2551 192
2552 249
2553 179
2554 183
2555 192
2556 153
2557 107
2558 189
2559 213
2560 211
2561 169
2562 181
2563 148
2564 163
2565 224
2566 123
2567 197
2568 172
2569 271
2570 212
2571 150
2572 134
2573 140
2574 211
2575 156
2576 181
2577 228
2578 149
2579 126
2580 207
2581 170
2582 137
2583 136
2584 198
2585 167
2586 132
2587 200
2588 158
2589 145
2590 152
2591 186
2592 142
2593 0
2594 151
2595 0
2596 136
2597 156
2598 160
2599 211
2600 129
2601 168
2602 148
2603 181
2604 174
2605 130
2606 231
2607 223
2608 193
2609 207
2610 171
2611 183
2612 194
2613 214
2614 197
2615 228
2616 137
2617 176
2618 179
2619 147
2620 191
2621 219
2622 194
2623 131
2624 250
2625 168
2626 158
2627 169
2628 177
2629 162
2630 193
2631 153
2632 235
2633 152
2634 141
2635 189
2636 177
2637 119
2638 170
2639 181
2640 155
2641 187
2642 252
2643 172
2644 147
2645 189
2646 193
2647 211
2648 141
2649 191
2650 185
2651 136
2652 171
2653 237
2654 196
2655 185
2656 194
2657 142
2658 196
2659 176
2660 156
2661 177
2662 171
2663 159
2664 152
2665 152
2666 198
2667 182
2668 190
2669 181
2670 172
2671 217
2672 214
2673 207
2674 194
2675 166
2676 195
2677 135
2678 179
2679 139
2680 139
2681 121
2682 188
2683 196
2684 230
2685 140
2686 239
2687 148
2688 164
2689 147
2690 154
2691 196
2692 185
2693 143
2694 176
2695 188
2696 170
2697 190
2698 100
2699 165
2700 209
2701 0
2702 180
2703 187
2704 172
2705 294
2706 171
2707 132
2708 163
2709 185
2710 151
2711 210
2712 183
2713 197
2714 219
2715 195
2716 240
2717 164
2718 172
2719 174
2720 285
2721 142
2722 195
2723 207
2724 173
2725 190
2726 117
2727 180
2728 147
2729 194
2730 209
2731 169
2732 159
2733 179
2734 189
2735 178
2736 227
2737 135
2738 193
2739 176
2740 150
2741 159
2742 208
2743 157
2744 184
2745 236
2746 164
2747 165
2748 183
2749 143
2750 209
2751 175
2752 198
2753 159
2754 159
2755 203
2756 191
2757 179
2758 103
2759 173
2760 216
2761 190
2762 160
2763 202
2764 184
2765 218
2766 92
2767 208
2768 144
2769 151
2770 223
2771 141
2772 179
2773 159
2774 124
2775 177
2776 164
2777 197
2778 223
2779 143
2780 115
2781 159
2782 126
2783 166
2784 170
2785 194
2786 159
2787 145
2788 219
2789 191
2790 202
2791 151
2792 137
2793 173
2794 146
2795 218
2796 175
2797 164
2798 247
2799 229
2800 153
2801 215
2802 214
2803 148
2804 187
2805 144
2806 133
2807 218
2808 279
2809 229
2810 176
2811 205
2812 172
2813 141
2814 247
2815 113
2816 181
2817 120
2818 179
2819 200
2820 164
2821 182
2822 194
2823 203
2824 188
2825 231
2826 193
2827 153
2828 255
2829 266
2830 147
2831 151
2832 182
2833 86
2834 200
2835 251
2836 159
2837 221
2838 138
2839 154
2840 222
2841 162
2842 187
2843 229
2844 180
2845 100
2846 187
2847 233
2848 132
2849 178
2850 145
2851 188
2852 142
2853 206
2854 155
2855 185
2856 256
2857 0
2858 150
2859 180
2860 145
2861 210
2862 129
2863 168
2864 198
2865 182
2866 188
2867 0
2868 159
2869 165
2870 196
2871 110
2872 198
2873 159
2874 210
2875 191
2876 207
2877 150
2878 182
2879 196
2880 192
2881 210
2882 213
2883 135
2884 106
2885 181
2886 136
2887 182
2888 186
2889 110
2890 193
2891 142
2892 194
2893 171
2894 153
2895 161
2896 183
2897 142
2898 143
2899 189
2900 148
2901 170
2902 173
2903 148
2904 134
2905 215
2906 224
2907 129
2908 211
2909 148
2910 240
2911 193
2912 180
2913 164
2914 252
2915 165
2916 198
2917 194
2918 200
2919 117
2920 195
2921 232
2922 139
2923 165
2924 149
2925 160
2926 198
2927 164
2928 162
2929 137
2930 213
2931 189
2932 196
2933 293
2934 150
2935 178
2936 124
2937 234
2938 178
2939 164
2940 207
2941 223
2942 198
2943 201
2944 216
2945 167
2946 125
2947 167
2948 196
2949 191
2950 161
2951 167
2952 184
2953 190
2954 199
2955 180
2956 142
2957 209
2958 197
2959 156
2960 240
2961 242
2962 117
2963 105
2964 145
2965 171
2966 174
2967 128
2968 273
2969 150
2970 131
2971 165
2972 228
2973 220
2974 188
2975 163
2976 166
2977 153
2978 176
2979 177
2980 242
2981 166
2982 156
2983 207
2984 184
2985 180
2986 135
2987 189
2988 86
2989 144
2990 251
2991 203
2992 154
2993 183
2994 186
2995 153
2996 170
2997 161
2998 196
2999 221
3000 128
3001 151
3002 184
3003 237
3004 105
3005 235
3006 236
3007 150
3008 128
3009 181
3010 233
3011 195
3012 136
3013 130
3014 123
3015 155
3016 185
3017 106
3018 218
3019 196
3020 196
3021 181
3022 178
3023 145
3024 215
3025 207
3026 163
3027 184
3028 167
3029 165
3030 155
3031 109
3032 166
3033 124
3034 201
3035 153
3036 229
3037 171
3038 154
3039 209
3040 201
3041 151
3042 170
3043 179
3044 117
3045 208
3046 185
3047 190
3048 188
3049 177
3050 161
3051 103
3052 209
3053 191
3054 146
3055 199
3056 220
3057 168
3058 150
3059 136
3060 180
3061 205
3062 127
3063 114
3064 216
3065 183
3066 167
3067 178
3068 159
3069 169
3070 137
3071 156
3072 188
3073 227
3074 167
3075 164
3076 239
3077 151
3078 179
3079 123
3080 174
3081 162
3082 206
3083 171
3084 178
3085 139
3086 226
3087 175
3088 184
3089 221
3090 208
3091 182
3092 162
3093 161
3094 182
3095 208
3096 123
3097 201
3098 210
3099 123
3100 136
3101 177
3102 256
3103 155
3104 166
3105 140
3106 167
3107 96
3108 148
3109 136
3110 178
3111 201
3112 122
3113 195
3114 185
3115 121
3116 207
3117 233
3118 165
3119 149
3120 210
3121 159
3122 174
3123 142
3124 247
3125 256
3126 153
3127 185
3128 187
3129 88
3130 184
3131 89
3132 205
3133 124
3134 131
3135 137
3136 131
3137 171
3138 146
3139 187
3140 179
3141 154
3142 143
3143 182
3144 179
3145 160
3146 147
3147 209
3148 177
3149 203
3150 126
3151 200
3152 177
3153 240
3154 160
3155 195
3156 218
3157 202
3158 0
3159 128
3160 134
3161 237
3162 117
3163 204
3164 165
3165 126
3166 150
3167 177
3168 195
3169 203
3170 157
3171 178
3172 105
3173 94
3174 118
3175 225
3176 176
3177 180
3178 198
3179 162
3180 139
3181 210
3182 173
3183 230
3184 167
3185 206
3186 208
3187 171
3188 220
3189 175
3190 151
3191 75
3192 223
3193 149
3194 211
3195 180
3196 171
3197 90
3198 133
3199 137
3200 109
3201 199
3202 128
3203 121
3204 181
3205 100
3206 183
3207 252
3208 184
3209 179
3210 255
3211 220
3212 154
3213 220
3214 216
3215 206
3216 138
3217 174
3218 135
3219 156
3220 193
3221 197
3222 171
3223 179
3224 204
3225 200
3226 186
3227 137
3228 175
3229 160
3230 185
3231 173
3232 195
3233 151
3234 126
3235 188
3236 242
3237 209
3238 230
3239 177
3240 178
3241 210
3242 186
3243 219
3244 114
3245 251
3246 224
3247 143
3248 179
3249 175
3250 200
3251 286
3252 261
3253 104
3254 230
3255 219
3256 207
3257 126
3258 216
3259 143
3260 167
3261 168
3262 199
3263 169
3264 221
3265 151
3266 152
3267 201
3268 168
3269 231
3270 162
3271 241
3272 144
3273 180
3274 147
3275 175
3276 183
3277 176
3278 182
3279 219
3280 186
3281 182
3282 111
3283 212
3284 199
3285 156
3286 156
3287 157
3288 180
3289 0
3290 183
3291 174
3292 204
3293 199
3294 201
3295 166
3296 194
3297 242
3298 224
3299 214
3300 99
3301 202
3302 175
3303 149
3304 137
3305 138
3306 161
3307 198
3308 149
3309 230
3310 137
3311 214
3312 142
3313 167
3314 143
3315 158
3316 194
3317 128
3318 165
3319 195
3320 98
3321 170
3322 191
3323 147
3324 170
3325 211
3326 158
3327 208
3328 153
3329 124
3330 140
3331 218
3332 219
3333 160
3334 174
3335 169
3336 174
3337 167
3338 133
3339 178
3340 194
3341 141
3342 164
3343 190
3344 175
3345 197
3346 207
3347 177
3348 229
3349 159
3350 126
3351 180
3352 127
3353 106
3354 107
3355 179
3356 191
3357 125
3358 260
3359 144
3360 156
3361 159
3362 165
3363 179
3364 138
3365 135
3366 163
3367 198
3368 195
3369 164
3370 151
3371 214
3372 175
3373 191
3374 201
3375 184
3376 221
3377 198
3378 143
3379 177
3380 152
3381 24
3382 196
3383 212
3384 195
3385 211
3386 168
3387 212
3388 194
3389 136
3390 216
3391 125
3392 179
3393 226
3394 152
3395 188
3396 175
3397 172
3398 195
3399 194
3400 216
3401 187
3402 170
3403 230
3404 120
3405 180
3406 127
3407 172
3408 203
3409 143
3410 186
3411 151
3412 238
3413 160
3414 147
3415 237
3416 137
3417 180
3418 57
3419 154
3420 180
3421 177
3422 177
3423 150
3424 222
3425 163
3426 198
3427 207
3428 186
3429 201
3430 0
3431 191
3432 127
3433 179
3434 171
3435 186
3436 145
3437 132
3438 195
3439 259
3440 167
3441 171
3442 192
3443 92
3444 197
3445 189
3446 220
3447 136
3448 160
3449 149
3450 250
3451 194
3452 167
3453 188
3454 175
3455 245
3456 204
3457 158
3458 206
3459 184
3460 149
3461 193
3462 209
3463 123
3464 124
3465 133
3466 110
3467 171
3468 144
3469 180
3470 243
3471 198
3472 161
3473 204
3474 189
3475 184
3476 139
3477 144
3478 153
3479 229
3480 105
3481 84
3482 133
3483 171
3484 139
3485 152
3486 193
3487 178
3488 199
3489 173
3490 192
3491 144
3492 157
3493 197
3494 144
3495 132
3496 188
3497 266
3498 171
3499 217
3500 216
3501 150
3502 133
3503 176
3504 254
3505 151
3506 227
3507 254
3508 183
3509 162
3510 166
3511 184
3512 176
3513 152
3514 157
3515 181
3516 187
3517 143
3518 143
3519 193
3520 149
3521 194
3522 221
3523 86
3524 173
3525 203
3526 239
3527 134
3528 145
3529 153
3530 167
3531 167
3532 176
3533 218
3534 204
3535 239
3536 155
3537 195
3538 182
3539 0
3540 178
3541 169
3542 175
3543 246
3544 194
3545 166
3546 39
3547 176
3548 183
3549 148
3550 157
3551 167
3552 188
3553 199
3554 210
3555 201
3556 187
3557 153
3558 179
3559 155
3560 238
3561 82
3562 123
3563 154
3564 243
3565 215
3566 182
3567 176
3568 227
3569 124
3570 219
3571 123
3572 139
3573 130
3574 196
3575 164
3576 147
3577 228
3578 176
3579 111
3580 156
3581 194
3582 142
3583 110
3584 148
3585 142
3586 140
3587 115
3588 205
3589 158
3590 207
3591 167
3592 138
3593 177
3594 181
3595 198
3596 199
3597 173
3598 119
3599 144
3600 184
3601 140
3602 140
3603 177
3604 213
3605 181
3606 212
3607 150
3608 185
3609 54
3610 214
3611 164
3612 83
3613 219
3614 320
3615 169
3616 184
3617 202
3618 174
3619 181
3620 164
3621 202
3622 158
3623 204
3624 195
3625 251
3626 182
3627 157
3628 120
3629 179
3630 146
3631 152
3632 177
3633 185
3634 215
3635 176
3636 155
3637 215
3638 192
3639 183
3640 156
3641 191
3642 205
3643 220
3644 117
3645 216
3646 197
3647 100
3648 158
3649 150
3650 212
3651 177
3652 230
3653 205
3654 146
3655 140
3656 198
3657 142
3658 179
3659 68
3660 197
3661 182
3662 156
3663 197
3664 197
3665 197
3666 140
3667 155
3668 180
3669 169
3670 124
3671 143
3672 189
3673 181
3674 198
3675 138
3676 208
3677 201
3678 179
3679 189
3680 222
3681 151
3682 232
3683 158
3684 198
3685 176
3686 173
3687 140
3688 178
3689 193
3690 107
3691 182
3692 113
3693 120
3694 178
3695 165
3696 134
3697 188
3698 177
3699 135
3700 146
3701 175
3702 212
3703 246
3704 156
3705 188
3706 169
3707 204
3708 217
3709 169
3710 128
3711 190
3712 132
3713 214
3714 165
3715 167
3716 98
3717 166
3718 167
3719 125
3720 162
3721 152
3722 129
3723 188
3724 60
3725 148
3726 176
3727 116
3728 195
3729 210
3730 142
3731 166
3732 168
3733 215
3734 199
3735 166
3736 198
3737 205
3738 153
3739 211
3740 171
3741 172
3742 147
3743 144
3744 192
3745 143
3746 160
3747 220
3748 194
3749 209
3750 227
3751 220
3752 245
3753 162
3754 215
3755 185
3756 72
3757 205
3758 189
3759 70
3760 243
3761 243
3762 188
3763 142
3764 253
3765 138
3766 172
3767 120
3768 107
3769 132
3770 186
3771 148
3772 117
3773 211
3774 119
3775 200
3776 208
3777 140
3778 197
3779 112
3780 201
3781 221
3782 111
3783 150
3784 157
3785 135
3786 195
3787 177
3788 211
3789 168
3790 115
3791 0
3792 177
3793 242
3794 177
3795 186
3796 167
3797 160
3798 194
3799 307
3800 154
3801 145
3802 145
3803 138
3804 168
3805 213
3806 224
3807 166
3808 167
3809 130
3810 160
3811 138
3812 149
3813 224
3814 142
3815 184
3816 123
3817 111
3818 139
3819 205
3820 142
3821 157
3822 148
3823 147
3824 148
3825 199
3826 149
3827 101
3828 203
3829 160
3830 169
3831 205
3832 163
3833 159
3834 172
3835 109
3836 205
3837 218
3838 180
3839 142
3840 170
3841 154
3842 191
3843 156
3844 150
3845 169
3846 218
3847 164
3848 240
3849 129
3850 268
3851 194
3852 159
3853 137
3854 201
3855 198
3856 188
3857 139
3858 117
3859 135
3860 159
3861 167
3862 144
3863 171
3864 168
3865 194
3866 192
3867 65
3868 159
3869 197
3870 295
3871 167
3872 152
3873 149
3874 111
3875 196
3876 172
3877 220
3878 215
3879 171
3880 160
3881 236
3882 188
3883 118
3884 172
3885 163
3886 178
3887 156
3888 188
3889 196
3890 172
3891 135
3892 203
3893 182
3894 141
3895 154
3896 207
3897 194
3898 165
3899 226
3900 247
3901 113
3902 135
3903 150
3904 123
3905 181
3906 207
3907 101
3908 201
3909 161
3910 173
3911 189
3912 136
3913 121
3914 176
3915 185
3916 162
3917 168
3918 154
3919 118
3920 175
3921 146
3922 165
3923 275
3924 165
3925 134
3926 88
3927 216
3928 194
3929 193
3930 190
3931 173
3932 161
3933 231
3934 129
3935 196
3936 201
3937 134
3938 179
3939 183
3940 207
3941 175
3942 198
3943 183
3944 160
3945 200
3946 242
3947 186
3948 122
3949 201
3950 173
3951 151
3952 149
3953 129
3954 111
3955 158
3956 0
3957 236
3958 197
3959 238
3960 201
3961 239
3962 225
3963 244
3964 228
3965 149
3966 145
3967 180
3968 188
3969 244
3970 183
3971 154
3972 129
3973 229
3974 93
3975 222
3976 170
3977 193
3978 196
3979 136
3980 205
3981 239
3982 163
3983 204
3984 49
3985 203
3986 226
3987 155
3988 166
3989 215
3990 174
3991 153
3992 143
3993 168
3994 163
3995 155
3996 211
3997 188
3998 165
3999 134
4000 134
4001 220
4002 157
4003 159
4004 146
4005 181
4006 157
4007 244
4008 129
4009 205
4010 215
4011 179
4012 158
4013 163
4014 162
4015 133
4016 194
4017 150
4018 170
4019 109
4020 153
4021 243
4022 156
4023 108
4024 223
4025 146
4026 177
4027 177
4028 154
4029 160
4030 156
4031 163
4032 196
4033 187
4034 214
4035 191
4036 150
4037 187
4038 212
4039 136
4040 0
4041 145
4042 148
4043 130
4044 215
4045 276
4046 196
4047 158
4048 184
4049 184
4050 183
4051 181
4052 211
4053 198
4054 171
4055 191
4056 137
4057 198
4058 228
4059 156
4060 194
4061 179
4062 166
4063 201
4064 215
4065 169
4066 190
4067 180
4068 193
4069 174
4070 176
4071 213
4072 168
4073 188
4074 181
4075 179
4076 199
4077 168
4078 136
4079 200
4080 137
4081 141
4082 182
4083 199
4084 211
4085 182
4086 172
4087 189
4088 148
4089 165
4090 175
4091 175
4092 163
4093 150
4094 149
4095 191
4096 121
4097 153
4098 143
4099 231
4100 166
4101 204
4102 183
4103 169
4104 167
4105 132
4106 177
4107 158
4108 116
4109 153
4110 180
4111 193
4112 151
4113 166
4114 152
4115 139
4116 132
4117 177
4118 198
4119 202
4120 193
4121 189
4122 273
4123 220
4124 214
4125 147
4126 187
4127 199
4128 170
4129 157
4130 146
4131 191
4132 159
4133 146
4134 182
4135 12
4136 150
4137 167
4138 196
4139 179
4140 197
4141 160
4142 138
4143 231
4144 109
4145 169
4146 195
4147 230
4148 146
4149 162
4150 110
4151 100
4152 187
4153 151
4154 184
4155 201
4156 159
4157 150
4158 189
4159 112
4160 170
4161 168
4162 151
4163 147
4164 216
4165 142
4166 198
4167 181
4168 139
4169 205
4170 140
4171 157
4172 157
4173 139
4174 182
4175 164
4176 164
4177 212
4178 169
4179 188
4180 139
4181 169
4182 168
4183 155
4184 92
4185 275
4186 216
4187 187
4188 163
4189 140
4190 124
4191 154
4192 179
4193 218
4194 170
4195 194
4196 182
4197 155
4198 172
4199 107
4200 149
4201 228
4202 194
4203 195
4204 160
4205 198
4206 204
4207 143
4208 168
4209 187
4210 148
4211 189
4212 189
4213 210
4214 196
4215 187
4216 133
4217 177
4218 151
4219 165
4220 190
4221 199
4222 137
4223 181
4224 203
4225 212
4226 177
4227 166
4228 218
4229 246
4230 158
4231 154
4232 162
4233 152
4234 173
4235 154
4236 244
4237 95
4238 171
4239 165
4240 199
4241 221
4242 156
4243 207
4244 137
4245 175
4246 224
4247 250
4248 0
4249 172
4250 231
4251 195
4252 161
4253 241
4254 169
4255 181
4256 191
4257 215
4258 139
4259 198
4260 174
4261 133
4262 99
4263 215
4264 146
4265 87
4266 186
4267 224
4268 149
4269 186
4270 183
4271 156
4272 141
4273 123
4274 175
4275 189
4276 178
4277 200
4278 158
4279 162
4280 180
4281 180
4282 150
4283 164
4284 170
4285 224
4286 227
4287 154
4288 175
4289 167
4290 133
4291 154
4292 221
4293 188
4294 235
4295 179
4296 169
4297 183
4298 158
4299 144
4300 159
4301 162
4302 180
4303 76
4304 229
4305 171
4306 163
4307 169
4308 195
4309 164
4310 159
4311 170
4312 149
4313 147
4314 199
4315 128
4316 196
4317 176
4318 136
4319 149
4320 200
4321 105
4322 151
4323 104
4324 228
4325 198
4326 144
4327 167
4328 168
4329 179
4330 138
4331 166
4332 189
4333 262
4334 175
4335 172
4336 240
4337 204
4338 146
4339 162
4340 173
4341 184
4342 142
4343 183
4344 174
4345 156
4346 241
4347 194
4348 148
4349 178
4350 53
4351 223
4352 187
4353 105
4354 159
4355 220
4356 236
4357 194
4358 140
4359 186
4360 207
4361 182
4362 134
4363 192
4364 26
4365 235
4366 187
4367 167
4368 142
4369 224
4370 202
4371 167
4372 178
4373 138
4374 175
4375 197
4376 186
4377 197
4378 233
4379 157
4380 192
4381 184
4382 171
4383 149
4384 249
4385 143
4386 165
4387 164
4388 175
4389 117
4390 201
4391 214
4392 205
4393 146
4394 194
4395 166
4396 176
4397 175
4398 131
4399 150
4400 139
4401 85
4402 152
4403 167
4404 252
4405 172
4406 181
4407 219
4408 145
4409 164
4410 180
4411 199
4412 166
4413 211
4414 194
4415 187
4416 139
4417 163
4418 69
4419 164
4420 157
4421 138
4422 159
4423 189
4424 233
4425 212
4426 189
4427 164
4428 226
4429 240
4430 152
4431 190
4432 161
4433 137
4434 183
4435 166
4436 196
4437 119
4438 195
4439 160
4440 205
4441 160
4442 200
4443 133
4444 150
4445 141
4446 214
4447 227
4448 150
4449 163
4450 151
4451 202
4452 168
4453 103
4454 73
4455 193
4456 81
4457 210
4458 135
4459 91
4460 196
4461 134
4462 174
4463 152
4464 201
4465 114
4466 161
4467 176
4468 185
4469 171
4470 190
4471 160
4472 210
4473 202
4474 198
4475 137
4476 239
4477 185
4478 208
4479 126
4480 228
4481 168
4482 206
4483 201
4484 150
4485 118
4486 174
4487 149
4488 186
4489 127
4490 232
4491 182
4492 224
4493 203
4494 185
4495 237
4496 126
4497 162
4498 166
4499 116
4500 158
4501 213
4502 196
4503 180
4504 199
4505 227
4506 188
4507 174
4508 220
4509 126
4510 73
4511 156
4512 188
4513 162
4514 176
4515 197
4516 160
4517 159
4518 179
4519 175
4520 156
4521 44
4522 145
4523 132
4524 198
4525 160
4526 184
4527 136
4528 148
4529 206
4530 130
4531 174
4532 128
4533 179
4534 194
4535 191
4536 221
4537 233
4538 98
4539 218
4540 172
4541 153
4542 139
4543 125
4544 210
4545 145
4546 141
4547 207
4548 187
4549 171
4550 217
4551 141
4552 106
4553 108
4554 223
4555 153
4556 197
4557 185
4558 197
4559 172
4560 169
4561 95
4562 160
4563 259
4564 173
4565 164
4566 123
4567 160
4568 183
4569 145
4570 208
4571 104
4572 208
4573 180
4574 188
4575 145
4576 120
4577 43
4578 182
4579 215
4580 146
4581 188
4582 239
4583 158
4584 186
4585 181
4586 162
4587 179
4588 133
4589 138
4590 126
4591 161
4592 220
4593 163
4594 281
4595 157
4596 125
4597 182
4598 135
4599 287
4600 184
4601 196
4602 141
4603 170
4604 175
4605 196
4606 160
4607 173
4608 114
4609 152
4610 191
4611 162
4612 172
4613 133
4614 77
4615 133
4616 136
4617 184
4618 312
4619 213
4620 212
4621 169
4622 194
4623 211
4624 186
4625 168
4626 199
4627 224
4628 40
4629 140
4630 204
4631 236
4632 158
4633 169
4634 170
4635 156
4636 88
4637 173
4638 302
4639 193
4640 215
4641 213
4642 119
4643 202
4644 159
4645 164
4646 168
4647 199
4648 142
4649 235
4650 156
4651 132
4652 214
4653 131
4654 174
4655 140
4656 93
4657 158
4658 197
4659 169
4660 167
4661 167
4662 266
4663 153
4664 188
4665 206
4666 202
4667 187
4668 213
4669 201
4670 163
4671 238
4672 268
4673 103
4674 154
4675 159
4676 170
4677 255
4678 180
4679 170
4680 118
4681 182
4682 205
4683 209
4684 163
4685 246
4686 130
4687 185
4688 174
4689 109
4690 143
4691 200
4692 200
4693 186
4694 177
4695 157
4696 277
4697 178
4698 234
4699 192
