Vertices: 2100
Edges: 10500
Time: 0,498 ms
Iterations: 10427
Vertex Distance
0 0
1 153
2 167
3 0
4 125
5 215
6 122
7 162
8 120
9 79
10 154
11 197
12 159
13 237
14 153
15 238
16 115
17 107
18 184
19 131
20 167
21 178
22 154
23 136
24 188
25 0
26 147
27 218
28 188
29 162
30 155
31 119
32 121
33 172
34 147
35 157
36 108
37 168
38 109
39 164
40 130
41 136
42 145
43 194
44 148
45 149
46 147
47 157
48 132
49 166
50 149
51 146
52 140
53 116
54 139
55 138
56 126
57 129
58 128
59 148
60 143
61 126
62 113
63 145
64 147
65 189
66 160
67 127
68 170
69 157
70 165
71 84
72 117
73 147
74 132
75 164
76 100
77 222
78 145
79 156
80 214
81 181
82 83
83 129
84 195
85 126
86 166
87 200
88 187
89 154
90 152
91 150
92 134
93 97
94 90
95 145
96 66
97 171
98 137
99 165
100 204
101 157
102 10
103 125
104 124
105 84
106 161
107 153
108 147
109 164
110 145
111 91
112 149
113 215
114 193
115 193
116 145
117 0
118 194
119 154
120 89
121 184
122 114
123 190
124 88
125 70
126 223
127 155
128 122
129 142
130 131
131 137
132 208
133 163
134 123
135 190
136 110
137 191
138 169
139 141
140 174
141 181
142 121
143 177
144 124
145 109
146 167
147 108
148 182
149 219
150 171
151 168
152 140
153 158
154 101
155 141
156 205
157 148
158 144
159 143
160 139
161 174
162 134
163 162
164 127
165 173
166 193
167 173
168 171
169 148
170 189
171 130
172 169
173 154
174 177
175 163
176 132
177 200
178 142
179 91
180 247
181 178
182 206
183 156
184 116
185 133
186 166
187 172
188 140
189 167
190 144
191 42
192 145
193 151
194 109
195 117
196 175
197 75
198 154
199 129
200 194
201 109
202 108
203 204
204 171
205 157
206 139
207 151
208 142
209 138
210 174
211 0
212 153
213 194
214 171
215 108
216 131
217 184
218 188
219 208
220 112
221 106
222 86
223 193
224 147
225 155
226 164
227 192
228 127
229 128
230 164
231 212
232 74
233 138
234 143
235 179
236 159
237 109
238 153
239 188
240 211
241 154
242 178
243 141
244 129
245 143
246 161
247 161
248 121
249 166
250 165
251 144
252 135
253 158
254 128
255 166
256 187
257 111
258 129
259 161
260 0
261 109
262 168
263 230
264 152
265 239
266 129
267 168
268 175
269 121
270 118
271 167
272 139
273 137
274 208
275 85
276 137
277 227
278 169
279 132
280 233
281 166
282 138
283 210
284 96
285 151
286 173
287 159
288 169
289 158
290 156
291 210
292 174
293 194
294 173
295 167
296 104
297 145
298 254
299 93
300 197
301 132
302 72
303 166
304 122
305 129
306 160
307 138
308 150
309 112
310 139
311 195
312 151
313 180
314 181
315 141
316 179
317 118
318 159
319 124
320 93
321 112
322 189
323 156
324 178
325 95
326 190
327 159
328 165
329 179
330 135
331 131
332 116
333 139
334 147
335 76
336 143
337 144
338 49
339 140
340 116
341 183
342 136
343 206
344 149
345 223
346 174
347 128
348 109
349 211
350 119
351 117
352 185
353 207
354 132
355 162
356 159
357 177
358 199
359 98
360 74
361 177
362 164
363 160
364 151
365 119
366 227
367 194
368 183
369 103
370 128
371 160
372 151
373 165
374 122
375 151
376 128
377 132
378 170
379 202
380 141
381 166
382 70
383 105
384 158
385 138
386 147
387 170
388 167
389 156
390 181
391 206
392 85
393 118
394 177
395 47
396 190
397 166
398 157
399 161
400 198
401 168
402 162
403 149
404 103
405 84
406 140
407 126
408 167
409 172
410 149
411 142
412 147
413 119
414 189
415 130
416 167
417 238
418 172
419 131
420 152
421 175
422 112
423 222
424 92
425 167
426 180
427 244
428 170
429 175
430 127
431 142
432 193
433 149
434 139
435 151
436 159
437 146
438 139
439 138
440 120
441 116
442 58
443 156
444 223
445 143
446 214
447 160
448 201
449 146
450 118
451 145
452 145
453 173
454 97
455 162
456 150
457 161
458 146
459 150
460 163
461 97
462 99
463 140
464 107
465 158
466 154
467 150
468 197
469 137
470 114
471 142
472 148
473 135
474 132
475 145
476 158
477 108
478 123
479 182
480 168
481 183
482 158
483 172
484 170
485 163
486 186
487 0
488 151
489 158
490 202
491 110
492 182
493 165
494 151
495 171
496 177
497 175
498 154
499 207
500 81
501 180
502 124
503 105
504 161
505 168
506 216
507 112
508 110
509 164
510 189
511 178
512 146
513 239
514 159
515 178
516 171
517 141
518 117
519 138
520 216
521 223
522 154
523 129
524 175
525 152
526 104
527 138
528 139
529 169
530 116
531 147
532 226
533 262
534 119
535 107
536 189
537 146
538 153
539 210
540 168
541 168
542 151
543 134
544 144
545 148
546 152
547 146
548 171
549 157
550 168
551 139
552 144
553 162
554 188
555 111
556 156
557 167
558 207
559 105
560 151
561 153
562 103
563 133
564 103
565 253
566 176
567 154
568 138
569 156
570 133
571 147
572 199
573 135
574 139
575 147
576 211
577 175
578 242
579 211
580 126
581 161
582 151
583 161
584 236
585 117
586 70
587 188
588 184
589 214
590 156
591 185
592 134
593 171
594 135
595 201
596 131
597 92
598 141
599 137
600 136
601 129
602 154
603 218
604 153
605 63
606 208
607 185
608 159
609 143
610 185
611 214
612 181
613 118
614 145
615 120
616 135
617 26
618 161
619 156
620 177
621 160
622 102
623 143
624 163
625 121
626 123
627 120
628 124
629 119
630 270
631 224
632 151
633 160
634 178
635 160
636 144
637 148
638 56
639 165
640 217
641 252
642 180
643 104
644 174
645 231
646 198
647 148
648 78
649 156
650 188
651 181
652 145
653 177
654 130
655 145
656 196
657 135
658 163
659 194
660 96
661 134
662 111
663 88
664 167
665 153
666 162
667 136
668 151
669 129
670 180
671 156
672 179
673 213
674 139
675 167
676 158
677 109
678 134
679 139
680 59
681 183
682 156
683 135
684 154
685 88
686 170
687 167
688 191
689 128
690 143
691 90
692 73
693 80
694 150
695 173
696 136
697 135
698 110
699 205
700 145
701 113
702 139
703 153
704 106
705 281
706 140
707 149
708 178
709 0
710 157
711 140
712 100
713 160
714 141
715 169
716 224
717 124
718 93
719 159
720 184
721 208
722 195
723 158
724 103
725 166
726 131
727 157
728 63
729 175
730 129
731 117
732 115
733 172
734 175
735 130
736 83
737 78
738 142
739 164
740 200
741 141
742 121
743 181
744 146
745 156
746 215
747 130
748 148
749 177
750 170
751 226
752 174
753 128
754 156
755 134
756 151
757 205
758 167
759 205
760 163
761 186
762 182
763 171
764 159
765 176
766 158
767 155
768 196
769 155
770 156
771 95
772 159
773 179
774 236
775 145
776 216
777 133
778 131
779 204
780 145
781 112
782 70
783 169
784 109
785 190
786 135
787 115
788 150
789 138
790 213
791 140
792 116
793 144
794 124
795 172
796 157
797 183
798 156
799 64
800 99
801 201
802 140
803 111
804 193
805 215
806 122
807 162
808 192
809 185
810 149
811 183
812 183
813 146
814 204
815 117
816 150
817 123
818 198
819 134
820 169
821 241
822 140
823 173
824 152
825 161
826 137
827 148
828 191
829 128
830 171
831 122
832 169
833 151
834 144
835 92
836 199
837 180
838 146
839 110
840 175
841 137
842 135
843 157
844 84
845 133
846 225
847 188
848 158
849 170
850 155
851 135
852 121
853 183
854 181
855 175
856 155
857 188
858 112
859 123
860 205
861 134
862 167
863 175
864 204
865 166
866 152
867 200
868 131
869 138
870 176
871 310
872 143
873 155
874 183
875 0
876 158
877 153
878 177
879 180
880 201
881 125
882 225
883 171
884 124
885 121
886 155
887 145
888 107
889 197
890 130
891 169
892 147
893 159
894 140
895 204
896 240
897 179
898 183
899 176
900 134
901 177
902 175
903 144
904 99
905 124
906 105
907 225
908 121
909 140
910 68
911 141
912 152
913 137
914 181
915 15
916 180
917 176
918 187
919 174
920 186
921 163
922 192
923 130
924 165
925 143
926 164
927 159
928 143
929 157
930 169
931 169
932 148
933 144
934 154
935 189
936 151
937 86
938 174
939 133
940 166
941 164
942 88
943 189
944 156
945 109
946 152
947 163
948 157
949 118
950 108
951 104
952 149
953 150
954 249
955 108
956 77
957 148
958 202
959 365
960 172
961 82
962 159
963 128
964 233
965 176
966 160
967 151
968 134
969 159
970 175
971 111
972 149
973 72
974 92
975 119
976 97
977 138
978 167
979 208
980 87
981 211
982 116
983 134
984 171
985 176
986 236
987 131
988 184
989 66
990 140
991 58
992 166
993 146
994 178
995 181
996 167
997 197
998 120
999 93
1000 178
1001 145
1002 139
1003 100
1004 111
1005 173
1006 90
1007 105
1008 123
1009 136
1010 176
1011 133
1012 127
1013 98
1014 156
1015 159
1016 161
1017 122
1018 151
1019 133
1020 135
1021 156
1022 180
1023 114
1024 76
1025 102
1026 135
1027 157
1028 180
1029 157
1030 161
1031 150
1032 137
1033 167
1034 156
1035 110
1036 181
1037 166
1038 157
1039 178
1040 178
1041 166
1042 149
1043 139
1044 125
1045 133
1046 66
1047 189
1048 103
1049 121
1050 139
1051 183
1052 163
1053 246
1054 190
1055 154
1056 172
1057 140
1058 142
1059 149
1060 187
1061 162
1062 153
1063 189
1064 155
1065 0
1066 205
1067 152
1068 160
1069 152
1070 104
1071 135
1072 121
1073 117
1074 164
1075 171
1076 147
1077 127
1078 178
1079 126
1080 151
1081 214
1082 166
1083 163
1084 104
1085 179
1086 120
1087 160
1088 132
1089 144
1090 189
1091 144
1092 170
1093 219
1094 216
1095 112
1096 169
1097 139
1098 120
1099 166
1100 123
1101 129
1102 172
1103 93
1104 97
1105 168
1106 153
1107 190
1108 267
1109 144
1110 199
1111 254
1112 153
1113 177
1114 138
1115 141
1116 164
1117 154
1118 180
1119 169
1120 112
1121 159
1122 115
1123 189
1124 226
1125 117
1126 150
1127 135
1128 162
1129 152
1130 184
1131 169
1132 0
1133 134
1134 199
1135 143
1136 209
1137 0
1138 146
1139 99
1140 172
1141 162
1142 152
1143 187
1144 136
1145 147
1146 169
1147 214
1148 148
1149 173
1150 212
1151 142
1152 138
1153 211
1154 144
1155 134
1156 142
1157 137
1158 104
1159 164
1160 185
1161 217
1162 150
1163 51
1164 150
1165 125
1166 177
1167 124
1168 208
1169 143
1170 176
1171 107
1172 135
1173 155
1174 143
1175 162
1176 198
1177 214
1178 136
1179 108
1180 177
1181 164
1182 156
1183 150
1184 183
1185 154
1186 199
1187 88
1188 159
1189 48
1190 131
1191 180
1192 93
1193 186
1194 142
1195 102
1196 183
1197 142
1198 133
1199 83
1200 120
1201 182
1202 191
1203 75
1204 53
1205 174
1206 115
1207 181
1208 112
1209 202
1210 162
1211 235
1212 149
1213 89
1214 179
1215 108
1216 135
1217 157
1218 169
1219 164
1220 81
1221 114
1222 159
1223 116
1224 218
1225 177
1226 127
1227 215
1228 152
1229 89
1230 0
1231 152
1232 130
1233 107
1234 184
1235 143
1236 180
1237 144
1238 220
1239 246
1240 151
1241 156
1242 139
1243 191
1244 119
1245 154
1246 168
1247 86
1248 64
1249 143
1250 161
1251 146
1252 192
1253 179
1254 192
1255 130
1256 162
1257 115
1258 164
1259 152
1260 153
1261 191
1262 253
1263 123
1264 151
1265 170
1266 165
1267 179
1268 171
1269 129
1270 161
1271 160
1272 118
1273 182
1274 187
1275 193
1276 91
1277 111
1278 217
1279 178
1280 188
1281 166
1282 133
1283 165
1284 218
1285 173
1286 124
1287 165
1288 138
1289 101
1290 119
1291 137
1292 198
1293 139
1294 144
1295 141
1296 114
1297 186
1298 131
1299 172
1300 223
1301 160
1302 198
1303 176
1304 236
1305 181
1306 142
1307 182
1308 51
1309 128
1310 67
1311 136
1312 131
1313 73
1314 160
1315 126
1316 107
1317 126
1318 186
1319 56
1320 153
1321 177
1322 197
1323 183
1324 185
1325 166
1326 194
1327 137
1328 123
1329 167
1330 169
1331 112
1332 196
1333 149
1334 201
1335 171
1336 90
1337 130
1338 77
1339 149
1340 185
1341 192
1342 162
1343 162
1344 110
1345 183
1346 88
1347 153
1348 208
1349 82
1350 157
1351 111
1352 154
1353 261
1354 154
1355 188
1356 160
1357 116
1358 136
1359 141
1360 123
1361 167
1362 153
1363 151
1364 101
1365 180
1366 156
1367 178
1368 189
1369 139
1370 183
1371 179
1372 174
1373 131
1374 169
1375 130
1376 205
1377 81
1378 174
1379 137
1380 176
1381 132
1382 131
1383 193
1384 155
1385 128
1386 132
1387 161
1388 123
1389 167
1390 98
1391 171
1392 135
1393 121
1394 118
1395 104
1396 98
1397 121
1398 147
1399 96
1400 167
1401 119
1402 126
1403 194
1404 139
1405 172
1406 200
1407 136
1408 215
1409 193
1410 173
1411 175
1412 144
1413 102
1414 176
1415 182
1416 152
1417 150
1418 172
1419 168
1420 93
1421 86
1422 161
1423 136
1424 138
1425 152
1426 116
1427 194
1428 108
1429 166
1430 109
1431 138
1432 120
1433 144
1434 90
1435 93
1436 86
1437 126
1438 134
1439 159
1440 132
1441 160
1442 167
1443 161
1444 146
1445 186
1446 133
1447 173
1448 191
1449 90
1450 0
1451 129
1452 122
1453 149
1454 121
1455 177
1456 109
1457 162
1458 146
1459 228
1460 93
1461 175
1462 181
1463 155
1464 156
1465 164
1466 132
1467 214
1468 134
1469 160
1470 138
1471 33
1472 197
1473 212
1474 155
1475 180
1476 196
1477 140
1478 141
1479 179
1480 213
1481 90
1482 144
1483 133
1484 187
1485 151
1486 121
1487 257
1488 125
1489 189
1490 119
1491 174
1492 148
1493 133
1494 187
1495 153
1496 116
1497 185
1498 134
1499 63
1500 138
1501 172
1502 140
1503 163
1504 133
1505 166
1506 160
1507 158
1508 141
1509 155
1510 189
1511 152
1512 238
1513 129
1514 104
1515 76
1516 187
1517 158
1518 124
1519 50
1520 93
1521 190
1522 96
1523 182
1524 83
1525 170
1526 131
1527 253
1528 162
1529 137
1530 150
1531 146
1532 134
1533 197
1534 129
1535 144
1536 169
1537 155
1538 136
1539 142
1540 160
1541 123
1542 115
1543 157
1544 154
1545 106
1546 147
1547 139
1548 149
1549 125
1550 157
1551 103
1552 169
1553 155
1554 202
1555 136
1556 148
1557 152
1558 134
1559 141
1560 150
1561 180
1562 169
1563 45
1564 149
1565 123
1566 165
1567 130
1568 278
1569 94
1570 181
1571 150
1572 167
1573 109
1574 160
1575 151
1576 162
1577 133
1578 107
1579 151
1580 173
1581 217
1582 104
1583 107
1584 154
1585 194
1586 231
1587 206
1588 208
1589 153
1590 122
1591 169
1592 164
1593 166
1594 139
1595 117
1596 134
1597 198
1598 120
1599 195
1600 121
1601 151
1602 143
1603 83
1604 135
1605 167
1606 111
1607 187
1608 188
1609 112
1610 125
1611 129
1612 179
1613 187
1614 140
1615 131
1616 165
1617 202
1618 185
1619 207
1620 124
1621 108
1622 178
1623 129
1624 72
1625 215
1626 149
1627 162
1628 123
1629 258
1630 195
1631 136
1632 189
1633 189
1634 155
1635 87
1636 177
1637 95
1638 113
1639 180
1640 105
1641 115
1642 174
1643 125
1644 181
1645 97
1646 196
1647 191
1648 140
1649 190
1650 156
1651 178
1652 110
1653 159
1654 130
1655 194
1656 157
1657 198
1658 173
1659 108
1660 114
1661 125
1662 191
1663 129
1664 101
1665 135
1666 250
1667 148
1668 186
1669 233
1670 171
1671 147
1672 158
1673 162
1674 159
1675 126
1676 125
1677 186
1678 140
1679 157
1680 151
1681 144
1682 189
1683 143
1684 61
1685 97
1686 169
1687 117
1688 227
1689 237
1690 112
1691 134
1692 150
1693 86
1694 209
1695 141
1696 151
1697 187
1698 137
1699 172
1700 147
1701 215
1702 99
1703 123
1704 166
1705 150
1706 190
1707 167
1708 187
1709 232
1710 167
1711 104
1712 152
1713 128
1714 91
1715 102
1716 164
1717 188
1718 222
1719 161
1720 142
1721 156
1722 116
1723 122
1724 142
1725 169
1726 192
1727 193
1728 150
1729 211
1730 185
1731 128
1732 213
1733 174
1734 200
1735 172
1736 161
1737 93
1738 206
1739 116
1740 146
1741 182
1742 123
1743 202
1744 162
1745 165
1746 92
1747 217
1748 203
1749 133
1750 111
1751 113
1752 191
1753 149
1754 121
1755 217
1756 124
1757 215
1758 134
1759 107
1760 168
1761 167
1762 116
1763 186
1764 160
1765 110
1766 173
1767 137
1768 107
1769 126
1770 189
1771 93
1772 130
1773 144
1774 131
1775 176
1776 187
1777 161
1778 192
1779 110
1780 177
1781 139
1782 196
1783 212
1784 118
1785 200
1786 120
1787 161
1788 150
1789 102
1790 155
1791 199
1792 161
1793 179
1794 147
1795 78
1796 107
1797 174
1798 109
1799 157
1800 174
1801 195
1802 135
1803 146
1804 217
1805 231
1806 158
1807 142
1808 132
1809 211
1810 128
1811 259
1812 125
1813 205
1814 164
1815 87
1816 118
1817 97
1818 193
1819 122
1820 165
1821 149
1822 155
1823 208
1824 162
1825 149
1826 53
1827 99
1828 148
1829 181
1830 124
1831 155
1832 163
1833 171
1834 150
1835 198
1836 180
1837 128
1838 94
1839 195
1840 165
1841 136
1842 139
1843 133
1844 174
1845 167
1846 121
1847 143
1848 133
1849 107
1850 180
1851 149
1852 158
1853 82
1854 110
1855 184
1856 241
1857 170
1858 131
1859 149
1860 84
1861 193
1862 182
1863 158
1864 158
1865 123
1866 123
1867 142
1868 108
1869 137
1870 164
1871 190
1872 161
1873 181
1874 228
1875 181
1876 184
1877 139
1878 162
1879 169
1880 177
1881 249
1882 110
1883 134
1884 161
1885 134
1886 215
1887 145
1888 168
1889 243
1890 118
1891 182
1892 138
1893 107
1894 140
1895 145
1896 72
1897 143
1898 200
1899 143
1900 143
1901 151
1902 117
1903 176
1904 152
1905 66
1906 167
1907 142
1908 188
1909 141
1910 139
1911 205
1912 185
1913 166
1914 195
1915 114
1916 107
1917 185
1918 148
1919 134
1920 145
1921 131
1922 192
1923 123
1924 144
1925 133
1926 134
1927 134
1928 180
1929 122
1930 132
1931 167
1932 186
1933 115
1934 150
1935 161
1936 199
1937 157
1938 96
1939 123
1940 173
1941 160
1942 149
1943 142
1944 143
1945 74
1946 55
1947 102
1948 130
1949 157
1950 109
1951 122
1952 125
1953 198
1954 75
1955 168
1956 92
1957 226
1958 220
1959 186
1960 153
1961 148
1962 130
1963 203
1964 196
1965 156
1966 177
1967 151
1968 133
1969 70
1970 150
1971 125
1972 156
1973 205
1974 170
1975 269
1976 150
1977 154
1978 132
1979 106
1980 142
1981 165
1982 173
1983 94
1984 157
1985 110
1986 149
1987 159
1988 158
1989 132
1990 176
1991 115
1992 137
1993 159
1994 123
1995 140
1996 156
1997 188
1998 176
1999 165
2000 139
2001 132
2002 155
2003 184
2004 165
2005 183
2006 157
2007 146
2008 137
2009 98
2010 142
2011 104
2012 154
2013 120
2014 142
2015 145
2016 146
2017 135
2018 163
2019 186
2020 121
2021 179
2022 80
2023 151
2024 138
2025 115
2026 170
2027 101
2028 194
2029 107
2030 161
2031 91
2032 190
2033 150
2034 129
2035 124
2036 152
2037 123
2038 232
2039 175
2040 234
2041 182
2042 186
2043 144
2044 151
2045 164
2046 152
2047 164
2048 249
2049 159
2050 99
2051 152
2052 145
2053 114
2054 131
2055 103
2056 155
2057 170
2058 152
2059 170
2060 137
2061 81
2062 59
2063 113
2064 147
2065 149
2066 150
2067 158
2068 93
2069 169
2070 161
2071 95
2072 237
2073 72
2074 158
2075 123
2076 169
2077 174
2078 159
2079 176
2080 191
2081 208
2082 133
2083 34
2084 104
2085 130
2086 152
2087 132
2088 156
2089 121
2090 186
2091 189
2092 110
2093 167
2094 174
2095 149
2096 154
2097 187
2098 141
2099 125
