Vertices: 5700
Edges: 28500
Time: 1,659 ms
Iterations: 28314
Vertex Distance
0 0
1 195
2 227
3 160
4 218
5 205
6 225
7 188
8 177
9 264
10 245
11 241
12 223
13 219
14 269
15 215
16 188
17 219
18 0
19 196
20 184
21 172
22 221
23 187
24 217
25 211
26 223
27 179
28 212
29 202
30 182
31 176
32 237
33 157
34 239
35 248
36 238
37 237
38 241
39 187
40 118
41 111
42 243
43 238
44 216
45 248
46 258
47 229
48 174
49 164
50 292
51 224
52 272
53 197
54 222
55 214
56 260
57 272
58 261
59 196
60 208
61 218
62 206
63 206
64 224
65 215
66 0
67 241
68 160
69 210
70 190
71 187
72 171
73 189
74 263
75 187
76 192
77 190
78 163
79 244
80 196
81 248
82 205
83 161
84 214
85 222
86 187
87 225
88 176
89 199
90 214
91 228
92 255
93 298
94 201
95 221
96 219
97 123
98 175
99 210
100 236
101 284
102 244
103 225
104 135
105 269
106 180
107 228
108 229
109 189
110 150
111 264
112 169
113 192
114 118
115 243
116 183
117 185
118 198
119 223
120 192
121 264
122 182
123 279
124 244
125 252
126 209
127 154
128 216
129 213
130 212
131 246
132 236
133 173
134 222
135 201
136 158
137 190
138 167
139 212
140 295
141 229
142 224
143 357
144 184
145 245
146 190
147 196
148 228
149 271
150 148
151 203
152 211
153 231
154 235
155 226
156 301
157 250
158 239
159 170
160 144
161 234
162 197
163 172
164 157
165 204
166 168
167 241
168 126
169 207
170 219
171 206
172 161
173 174
174 179
175 184
176 257
177 254
178 218
179 227
180 212
181 181
182 198
183 148
184 221
185 207
186 227
187 181
188 204
189 237
190 190
191 158
192 190
193 142
194 158
195 141
196 196
197 123
198 176
199 99
200 237
201 195
202 217
203 160
204 222
205 265
206 241
207 216
208 190
209 232
210 187
211 283
212 236
213 200
214 200
215 230
216 213
217 226
218 193
219 253
220 224
221 157
222 237
223 248
224 259
225 216
226 142
227 213
228 188
229 196
230 225
231 215
232 189
233 210
234 167
235 224
236 337
237 272
238 222
239 227
240 188
241 189
242 197
243 195
244 236
245 191
246 232
247 237
248 155
249 223
250 118
251 268
252 193
253 186
254 207
255 201
256 206
257 264
258 201
259 254
260 215
261 181
262 207
263 163
264 198
265 229
266 212
267 182
268 226
269 263
270 275
271 172
272 259
273 207
274 220
275 202
276 208
277 179
278 232
279 188
280 239
281 176
282 218
283 226
284 182
285 228
286 241
287 195
288 226
289 169
290 194
291 256
292 199
293 185
294 213
295 261
296 220
297 171
298 167
299 217
300 180
301 193
302 182
303 238
304 225
305 178
306 214
307 207
308 194
309 220
310 85
311 218
312 171
313 222
314 222
315 165
316 208
317 218
318 195
319 165
320 214
321 210
322 171
323 217
324 225
325 205
326 230
327 158
328 185
329 234
330 213
331 242
332 210
333 238
334 144
335 269
336 209
337 179
338 135
339 190
340 216
341 212
342 197
343 219
344 197
345 218
346 249
347 216
348 221
349 175
350 196
351 206
352 202
353 193
354 180
355 228
356 239
357 230
358 243
359 145
360 203
361 133
362 167
363 239
364 189
365 200
366 231
367 198
368 197
369 235
370 193
371 209
372 247
373 200
374 237
375 148
376 265
377 190
378 158
379 201
380 134
381 160
382 201
383 148
384 199
385 198
386 253
387 215
388 246
389 162
390 216
391 206
392 226
393 208
394 187
395 213
396 273
397 212
398 219
399 234
400 241
401 213
402 216
403 197
404 243
405 260
406 168
407 177
408 206
409 237
410 213
411 200
412 192
413 171
414 172
415 244
416 201
417 178
418 143
419 204
420 186
421 339
422 217
423 207
424 225
425 198
426 161
427 204
428 190
429 179
430 181
431 205
432 174
433 253
434 178
435 182
436 291
437 249
438 247
439 184
440 227
441 218
442 228
443 158
444 171
445 176
446 216
447 226
448 212
449 193
450 282
451 219
452 182
453 217
454 205
455 217
456 192
457 154
458 162
459 258
460 134
461 236
462 176
463 162
464 210
465 188
466 186
467 230
468 202
469 175
470 198
471 172
472 169
473 244
474 187
475 204
476 185
477 155
478 245
479 156
480 125
481 211
482 211
483 200
484 177
485 228
486 235
487 230
488 177
489 122
490 226
491 192
492 133
493 184
494 199
495 238
496 137
497 122
498 205
499 178
500 184
501 232
502 155
503 235
504 180
505 214
506 217
507 161
508 0
509 179
510 204
511 228
512 243
513 160
514 218
515 248
516 220
517 172
518 270
519 155
520 194
521 154
522 199
523 218
524 168
525 200
526 159
527 189
528 145
529 111
530 225
531 216
532 175
533 218
534 193
535 173
536 211
537 153
538 211
539 238
540 277
541 194
542 172
543 201
544 196
545 167
546 215
547 200
548 239
549 216
550 215
551 222
552 228
553 178
554 209
555 221
556 247
557 210
558 256
559 205
560 171
561 156
562 217
563 186
564 217
565 116
566 236
567 237
568 217
569 167
570 231
571 229
572 205
573 167
574 131
575 265
576 226
577 184
578 212
579 259
580 245
581 87
582 182
583 239
584 189
585 187
586 167
587 192
588 132
589 252
590 172
591 203
592 178
593 166
594 200
595 172
596 223
597 182
598 146
599 180
600 219
601 226
602 183
603 226
604 212
605 206
606 187
607 230
608 274
609 221
610 222
611 179
612 140
613 174
614 237
615 213
616 191
617 206
618 237
619 217
620 264
621 186
622 271
623 313
624 268
625 266
626 174
627 230
628 303
629 244
630 166
631 218
632 246
633 218
634 204
635 160
636 217
637 214
638 192
639 244
640 166
641 214
642 257
643 206
644 190
645 203
646 160
647 217
648 281
649 229
650 221
651 184
652 212
653 241
654 269
655 219
656 199
657 158
658 250
659 176
660 239
661 183
662 196
663 334
664 260
665 236
666 258
667 215
668 252
669 233
670 213
671 140
672 174
673 208
674 213
675 178
676 185
677 166
678 239
679 195
680 243
681 175
682 245
683 230
684 192
685 224
686 238
687 169
688 208
689 150
690 159
691 188
692 236
693 222
694 126
695 253
696 249
697 254
698 175
699 262
700 211
701 183
702 272
703 208
704 246
705 241
706 161
707 240
708 199
709 224
710 195
711 224
712 184
713 177
714 193
715 194
716 236
717 176
718 0
719 230
720 222
721 193
722 221
723 214
724 175
725 158
726 147
727 267
728 221
729 200
730 164
731 224
732 232
733 283
734 224
735 201
736 216
737 188
738 264
739 227
740 192
741 226
742 178
743 145
744 271
745 179
746 273
747 211
748 221
749 209
750 211
751 192
752 171
753 191
754 218
755 208
756 186
757 213
758 232
759 239
760 225
761 184
762 173
763 172
764 163
765 246
766 226
767 180
768 217
769 183
770 212
771 187
772 215
773 206
774 222
775 218
776 210
777 216
778 210
779 188
780 212
781 208
782 225
783 234
784 133
785 193
786 197
787 208
788 168
789 259
790 178
791 163
792 211
793 230
794 185
795 175
796 196
797 221
798 209
799 202
800 227
801 218
802 179
803 236
804 182
805 222
806 213
807 215
808 164
809 228
810 264
811 191
812 114
813 138
814 180
815 133
816 221
817 143
818 215
819 184
820 137
821 215
822 235
823 171
824 209
825 239
826 127
827 249
828 171
829 239
830 188
831 213
832 231
833 234
834 216
835 194
836 197
837 260
838 265
839 229
840 201
841 250
842 191
843 192
844 188
845 211
846 223
847 178
848 216
849 274
850 210
851 193
852 243
853 300
854 238
855 180
856 198
857 177
858 192
859 255
860 216
861 148
862 176
863 143
864 252
865 224
866 240
867 193
868 137
869 172
870 214
871 194
872 212
873 307
874 166
875 195
876 195
877 162
878 174
879 192
880 212
881 231
882 247
883 243
884 208
885 201
886 160
887 129
888 195
889 230
890 205
891 133
892 240
893 229
894 161
895 262
896 262
897 211
898 183
899 277
900 213
901 170
902 143
903 205
904 253
905 167
906 275
907 198
908 230
909 189
910 234
911 191
912 206
913 266
914 157
915 258
916 187
917 202
918 189
919 183
920 224
921 210
922 189
923 226
924 202
925 224
926 181
927 209
928 184
929 239
930 221
931 211
932 175
933 199
934 200
935 227
936 206
937 204
938 191
939 271
940 210
941 215
942 203
943 236
944 252
945 226
946 204
947 173
948 251
949 276
950 245
951 220
952 272
953 181
954 180
955 214
956 239
957 225
958 239
959 199
960 154
961 136
962 211
963 213
964 263
965 220
966 186
967 207
968 186
969 244
970 230
971 242
972 281
973 256
974 132
975 212
976 197
977 168
978 149
979 210
980 240
981 183
982 241
983 301
984 217
985 224
986 302
987 143
988 168
989 214
990 199
991 227
992 214
993 190
994 187
995 198
996 208
997 182
998 228
999 216
1000 158
1001 215
1002 207
1003 179
1004 209
1005 169
1006 184
1007 245
1008 238
1009 207
1010 226
1011 180
1012 154
1013 230
1014 178
1015 158
1016 174
1017 296
1018 169
1019 215
1020 210
1021 185
1022 207
1023 195
1024 199
1025 204
1026 220
1027 197
1028 229
1029 205
1030 158
1031 225
1032 163
1033 0
1034 202
1035 193
1036 235
1037 215
1038 207
1039 213
1040 258
1041 186
1042 218
1043 217
1044 204
1045 206
1046 174
1047 170
1048 207
1049 233
1050 216
1051 229
1052 167
1053 156
1054 187
1055 190
1056 205
1057 185
1058 215
1059 201
1060 234
1061 190
1062 191
1063 0
1064 197
1065 189
1066 228
1067 234
1068 195
1069 181
1070 172
1071 176
1072 161
1073 250
1074 195
1075 270
1076 200
1077 212
1078 204
1079 170
1080 195
1081 274
1082 138
1083 201
1084 241
1085 160
1086 207
1087 251
1088 194
1089 178
1090 190
1091 261
1092 220
1093 231
1094 195
1095 205
1096 231
1097 234
1098 157
1099 245
1100 203
1101 190
1102 202
1103 187
1104 205
1105 262
1106 199
1107 230
1108 224
1109 292
1110 201
1111 191
1112 163
1113 261
1114 240
1115 212
1116 253
1117 194
1118 230
1119 227
1120 192
1121 175
1122 161
1123 196
1124 184
1125 183
1126 218
1127 234
1128 163
1129 249
1130 256
1131 180
1132 220
1133 226
1134 219
1135 201
1136 102
1137 240
1138 198
1139 162
1140 248
1141 195
1142 293
1143 146
1144 163
1145 239
1146 213
1147 28
1148 187
1149 198
1150 159
1151 269
1152 204
1153 180
1154 178
1155 222
1156 240
1157 154
1158 229
1159 202
1160 188
1161 189
1162 138
1163 225
1164 200
1165 181
1166 183
1167 316
1168 202
1169 225
1170 176
1171 212
1172 195
1173 214
1174 276
1175 176
1176 267
1177 180
1178 177
1179 291
1180 207
1181 161
1182 202
1183 223
1184 240
1185 137
1186 187
1187 239
1188 172
1189 142
1190 196
1191 245
1192 182
1193 188
1194 128
1195 212
1196 191
1197 141
1198 128
1199 202
1200 244
1201 212
1202 222
1203 187
1204 214
1205 244
1206 228
1207 194
1208 275
1209 226
1210 224
1211 150
1212 186
1213 259
1214 110
1215 212
1216 202
1217 201
1218 172
1219 177
1220 225
1221 150
1222 234
1223 181
1224 181
1225 215
1226 214
1227 183
1228 249
1229 204
1230 276
1231 200
1232 188
1233 251
1234 162
1235 226
1236 276
1237 202
1238 192
1239 233
1240 234
1241 166
1242 206
1243 193
1244 221
1245 236
1246 238
1247 251
1248 177
1249 215
1250 185
1251 118
1252 191
1253 166
1254 232
1255 0
1256 167
1257 178
1258 188
1259 178
1260 235
1261 177
1262 272
1263 226
1264 242
1265 174
1266 191
1267 187
1268 170
1269 131
1270 254
1271 173
1272 183
1273 223
1274 161
1275 174
1276 244
1277 282
1278 241
1279 233
1280 206
1281 189
1282 242
1283 213
1284 198
1285 222
1286 200
1287 234
1288 171
1289 186
1290 183
1291 129
1292 203
1293 186
1294 184
1295 115
1296 155
1297 217
1298 186
1299 190
1300 250
1301 192
1302 225
1303 183
1304 0
1305 243
1306 187
1307 187
1308 171
1309 213
1310 259
1311 184
1312 214
1313 214
1314 165
1315 208
1316 227
1317 257
1318 252
1319 198
1320 232
1321 232
1322 208
1323 175
1324 183
1325 178
1326 174
1327 216
1328 184
1329 167
1330 130
1331 237
1332 256
1333 279
1334 258
1335 182
1336 230
1337 233
1338 182
1339 222
1340 176
1341 234
1342 206
1343 225
1344 223
1345 139
1346 167
1347 281
1348 316
1349 217
1350 207
1351 203
1352 212
1353 136
1354 179
1355 240
1356 192
1357 235
1358 160
1359 189
1360 243
1361 181
1362 214
1363 225
1364 226
1365 172
1366 271
1367 191
1368 124
1369 198
1370 252
1371 0
1372 228
1373 113
1374 225
1375 226
1376 230
1377 180
1378 180
1379 225
1380 266
1381 226
1382 258
1383 182
1384 238
1385 195
1386 206
1387 161
1388 181
1389 194
1390 167
1391 220
1392 229
1393 221
1394 192
1395 229
1396 185
1397 252
1398 144
1399 196
1400 161
1401 228
1402 208
1403 139
1404 220
1405 177
1406 223
1407 193
1408 175
1409 203
1410 178
1411 191
1412 174
1413 183
1414 182
1415 168
1416 205
1417 166
1418 244
1419 151
1420 200
1421 241
1422 220
1423 183
1424 261
1425 179
1426 140
1427 85
1428 174
1429 260
1430 266
1431 194
1432 227
1433 102
1434 224
1435 192
1436 214
1437 282
1438 187
1439 178
1440 234
1441 205
1442 217
1443 280
1444 195
1445 193
1446 160
1447 150
1448 178
1449 209
1450 165
1451 224
1452 228
1453 204
1454 190
1455 200
1456 213
1457 254
1458 194
1459 209
1460 148
1461 252
1462 188
1463 216
1464 193
1465 167
1466 175
1467 216
1468 209
1469 175
1470 204
1471 212
1472 192
1473 212
1474 176
1475 197
1476 168
1477 238
1478 194
1479 138
1480 252
1481 193
1482 194
1483 242
1484 258
1485 226
1486 222
1487 271
1488 171
1489 209
1490 214
1491 185
1492 221
1493 231
1494 237
1495 172
1496 204
1497 139
1498 128
1499 226
1500 242
1501 198
1502 212
1503 199
1504 188
1505 176
1506 224
1507 201
1508 169
1509 277
1510 318
1511 184
1512 185
1513 213
1514 179
1515 185
1516 172
1517 195
1518 200
1519 165
1520 219
1521 238
1522 308
1523 159
1524 226
1525 181
1526 249
1527 185
1528 214
1529 251
1530 201
1531 200
1532 181
1533 220
1534 195
1535 192
1536 178
1537 167
1538 170
1539 264
1540 198
1541 208
1542 149
1543 116
1544 214
1545 229
1546 167
1547 131
1548 182
1549 207
1550 239
1551 199
1552 173
1553 193
1554 165
1555 183
1556 216
1557 194
1558 224
1559 131
1560 229
1561 214
1562 163
1563 228
1564 231
1565 223
1566 323
1567 190
1568 227
1569 227
1570 195
1571 202
1572 246
1573 236
1574 199
1575 187
1576 197
1577 197
1578 203
1579 108
1580 189
1581 203
1582 270
1583 184
1584 148
1585 0
1586 229
1587 248
1588 154
1589 186
1590 222
1591 195
1592 172
1593 292
1594 189
1595 214
1596 213
1597 278
1598 203
1599 226
1600 197
1601 229
1602 175
1603 198
1604 177
1605 265
1606 175
1607 245
1608 200
1609 229
1610 215
1611 208
1612 135
1613 211
1614 217
1615 285
1616 249
1617 110
1618 198
1619 205
1620 189
1621 212
1622 209
1623 223
1624 235
1625 192
1626 261
1627 180
1628 138
1629 243
1630 230
1631 230
1632 143
1633 148
1634 255
1635 201
1636 258
1637 181
1638 178
1639 229
1640 151
1641 217
1642 278
1643 198
1644 168
1645 214
1646 252
1647 210
1648 171
1649 183
1650 218
1651 213
1652 251
1653 202
1654 222
1655 222
1656 170
1657 87
1658 193
1659 239
1660 171
1661 262
1662 226
1663 206
1664 166
1665 206
1666 234
1667 187
1668 148
1669 194
1670 211
1671 177
1672 187
1673 140
1674 268
1675 199
1676 291
1677 193
1678 231
1679 182
1680 202
1681 215
1682 279
1683 254
1684 276
1685 287
1686 201
1687 198
1688 243
1689 225
1690 206
1691 219
1692 245
1693 176
1694 186
1695 295
1696 227
1697 176
1698 198
1699 213
1700 207
1701 183
1702 187
1703 215
1704 235
1705 150
1706 213
1707 206
1708 201
1709 229
1710 212
1711 146
1712 207
1713 153
1714 200
1715 188
1716 219
1717 146
1718 212
1719 186
1720 240
1721 204
1722 98
1723 144
1724 215
1725 217
1726 245
1727 241
1728 246
1729 224
1730 243
1731 223
1732 129
1733 115
1734 116
1735 222
1736 217
1737 220
1738 228
1739 186
1740 183
1741 209
1742 202
1743 172
1744 222
1745 208
1746 235
1747 214
1748 215
1749 214
1750 203
1751 188
1752 0
1753 231
1754 209
1755 240
1756 243
1757 209
1758 199
1759 286
1760 139
1761 208
1762 204
1763 236
1764 206
1765 256
1766 211
1767 212
1768 241
1769 236
1770 191
1771 204
1772 197
1773 118
1774 255
1775 227
1776 171
1777 199
1778 168
1779 202
1780 240
1781 299
1782 206
1783 200
1784 226
1785 261
1786 198
1787 275
1788 159
1789 177
1790 222
1791 259
1792 186
1793 190
1794 195
1795 231
1796 207
1797 183
1798 149
1799 207
1800 226
1801 229
1802 197
1803 135
1804 214
1805 151
1806 222
1807 296
1808 241
1809 268
1810 164
1811 271
1812 194
1813 264
1814 241
1815 187
1816 196
1817 218
1818 188
1819 178
1820 220
1821 263
1822 210
1823 219
1824 125
1825 170
1826 243
1827 240
1828 231
1829 213
1830 186
1831 185
1832 220
1833 198
1834 196
1835 230
1836 236
1837 209
1838 203
1839 140
1840 281
1841 191
1842 195
1843 231
1844 193
1845 170
1846 191
1847 218
1848 202
1849 200
1850 186
1851 168
1852 222
1853 279
1854 195
1855 209
1856 214
1857 202
1858 193
1859 217
1860 298
1861 191
1862 197
1863 164
1864 232
1865 198
1866 223
1867 175
1868 181
1869 233
1870 200
1871 224
1872 207
1873 237
1874 255
1875 189
1876 165
1877 238
1878 219
1879 221
1880 95
1881 159
1882 176
1883 210
1884 182
1885 245
1886 286
1887 207
1888 205
1889 194
1890 183
1891 208
1892 163
1893 244
1894 230
1895 204
1896 267
1897 0
1898 183
1899 193
1900 141
1901 155
1902 249
1903 197
1904 196
1905 187
1906 280
1907 156
1908 205
1909 190
1910 250
1911 252
1912 291
1913 239
1914 196
1915 240
1916 124
1917 228
1918 194
1919 194
1920 199
1921 193
1922 217
1923 270
1924 205
1925 208
1926 188
1927 229
1928 219
1929 205
1930 243
1931 238
1932 198
1933 164
1934 184
1935 258
1936 177
1937 148
1938 192
1939 216
1940 209
1941 180
1942 186
1943 209
1944 265
1945 199
1946 171
1947 219
1948 234
1949 220
1950 207
1951 212
1952 173
1953 186
1954 237
1955 197
1956 227
1957 240
1958 211
1959 133
1960 202
1961 237
1962 225
1963 206
1964 199
1965 189
1966 238
1967 195
1968 240
1969 106
1970 177
1971 245
1972 202
1973 219
1974 199
1975 198
1976 89
1977 202
1978 250
1979 166
1980 255
1981 301
1982 215
1983 190
1984 199
1985 216
1986 173
1987 175
1988 231
1989 159
1990 174
1991 188
1992 212
1993 230
1994 184
1995 192
1996 214
1997 213
1998 236
1999 189
2000 213
2001 196
2002 221
2003 188
2004 213
2005 217
2006 205
2007 171
2008 236
2009 203
2010 257
2011 262
2012 195
2013 209
2014 203
2015 257
2016 229
2017 241
2018 144
2019 241
2020 215
2021 227
2022 198
2023 212
2024 221
2025 204
2026 195
2027 194
2028 212
2029 236
2030 261
2031 184
2032 218
2033 179
2034 228
2035 229
2036 203
2037 234
2038 205
2039 203
2040 253
2041 195
2042 222
2043 267
2044 187
2045 239
2046 228
2047 170
2048 186
2049 218
2050 254
2051 214
2052 117
2053 187
2054 195
2055 183
2056 177
2057 252
2058 218
2059 180
2060 190
2061 206
2062 228
2063 269
2064 236
2065 224
2066 190
2067 156
2068 229
2069 205
2070 0
2071 245
2072 216
2073 201
2074 211
2075 115
2076 227
2077 292
2078 211
2079 186
2080 221
2081 268
2082 206
2083 188
2084 220
2085 207
2086 196
2087 132
2088 238
2089 229
2090 219
2091 273
2092 221
2093 213
2094 231
2095 267
2096 132
2097 202
2098 188
2099 157
2100 268
2101 237
2102 203
2103 191
2104 241
2105 188
2106 220
2107 213
2108 195
2109 203
2110 236
2111 225
2112 211
2113 232
2114 176
2115 171
2116 184
2117 199
2118 165
2119 232
2120 164
2121 264
2122 206
2123 186
2124 196
2125 218
2126 219
2127 187
2128 182
2129 136
2130 138
2131 268
2132 197
2133 177
2134 146
2135 209
2136 242
2137 205
2138 228
2139 142
2140 243
2141 197
2142 218
2143 204
2144 212
2145 268
2146 200
2147 289
2148 187
2149 142
2150 191
2151 256
2152 207
2153 179
2154 206
2155 180
2156 162
2157 239
2158 236
2159 292
2160 225
2161 210
2162 171
2163 233
2164 164
2165 210
2166 145
2167 164
2168 222
2169 285
2170 202
2171 211
2172 286
2173 224
2174 232
2175 104
2176 210
2177 176
2178 182
2179 205
2180 206
2181 222
2182 206
2183 249
2184 192
2185 179
2186 218
2187 186
2188 218
2189 182
2190 284
2191 186
2192 211
2193 208
2194 226
2195 252
2196 226
2197 194
2198 231
2199 181
2200 300
2201 148
2202 265
2203 204
2204 266
2205 241
2206 211
2207 230
2208 264
2209 169
2210 226
2211 163
2212 240
2213 171
2214 213
2215 186
2216 215
2217 236
2218 257
2219 170
2220 268
2221 168
2222 157
2223 137
2224 215
2225 229
2226 198
2227 201
2228 151
2229 218
2230 250
2231 196
2232 178
2233 190
2234 182
2235 183
2236 222
2237 213
2238 204
2239 168
2240 202
2241 177
2242 232
2243 209
2244 146
2245 231
2246 201
2247 212
2248 240
2249 203
2250 210
2251 203
2252 193
2253 266
2254 197
2255 234
2256 232
2257 245
2258 203
2259 261
2260 197
2261 267
2262 280
2263 223
2264 166
2265 237
2266 167
2267 230
2268 150
2269 228
2270 269
2271 201
2272 219
2273 237
2274 268
2275 186
2276 226
2277 179
2278 196
2279 195
2280 200
2281 201
2282 209
2283 255
2284 183
2285 210
2286 149
2287 214
2288 205
2289 227
2290 204
2291 200
2292 218
2293 230
2294 191
2295 154
2296 204
2297 171
2298 192
2299 152
2300 230
2301 189
2302 232
2303 233
2304 227
2305 169
2306 229
2307 190
2308 189
2309 199
2310 156
2311 172
2312 236
2313 221
2314 115
2315 171
2316 221
2317 206
2318 191
2319 194
2320 214
2321 184
2322 210
2323 225
2324 150
2325 224
2326 178
2327 184
2328 138
2329 202
2330 187
2331 195
2332 226
2333 217
2334 82
2335 273
2336 115
2337 180
2338 164
2339 231
2340 156
2341 219
2342 204
2343 117
2344 221
2345 213
2346 276
2347 220
2348 195
2349 181
2350 229
2351 210
2352 196
2353 214
2354 186
2355 78
2356 204
2357 86
2358 175
2359 182
2360 220
2361 186
2362 177
2363 195
2364 218
2365 190
2366 156
2367 256
2368 221
2369 200
2370 173
2371 126
2372 194
2373 189
2374 159
2375 191
2376 206
2377 198
2378 228
2379 280
2380 141
2381 235
2382 167
2383 172
2384 191
2385 233
2386 225
2387 215
2388 233
2389 133
2390 227
2391 113
2392 205
2393 251
2394 192
2395 214
2396 181
2397 198
2398 183
2399 189
2400 204
2401 153
2402 202
2403 197
2404 209
2405 196
2406 300
2407 244
2408 199
2409 212
2410 231
2411 258
2412 248
2413 135
2414 181
2415 208
2416 186
2417 163
2418 229
2419 187
2420 181
2421 188
2422 204
2423 73
2424 168
2425 160
2426 206
2427 233
2428 213
2429 162
2430 196
2431 141
2432 224
2433 235
2434 268
2435 190
2436 168
2437 203
2438 232
2439 235
2440 259
2441 194
2442 208
2443 247
2444 215
2445 179
2446 164
2447 182
2448 199
2449 192
2450 236
2451 240
2452 184
2453 170
2454 259
2455 205
2456 234
2457 205
2458 235
2459 180
2460 182
2461 197
2462 208
2463 190
2464 231
2465 228
2466 196
2467 227
2468 187
2469 192
2470 154
2471 237
2472 212
2473 205
2474 248
2475 373
2476 208
2477 214
2478 229
2479 293
2480 211
2481 213
2482 218
2483 215
2484 218
2485 206
2486 170
2487 189
2488 192
2489 186
2490 193
2491 197
2492 209
2493 216
2494 184
2495 252
2496 302
2497 181
2498 220
2499 243
2500 233
2501 194
2502 172
2503 211
2504 182
2505 165
2506 220
2507 180
2508 222
2509 220
2510 247
2511 203
2512 180
2513 239
2514 277
2515 183
2516 115
2517 187
2518 184
2519 165
2520 190
2521 266
2522 238
2523 242
2524 266
2525 234
2526 166
2527 189
2528 207
2529 225
2530 218
2531 233
2532 190
2533 198
2534 193
2535 220
2536 185
2537 179
2538 244
2539 233
2540 229
2541 209
2542 223
2543 136
2544 215
2545 230
2546 167
2547 246
2548 196
2549 167
2550 240
2551 208
2552 190
2553 166
2554 95
2555 287
2556 226
2557 0
2558 188
2559 153
2560 182
2561 220
2562 198
2563 208
2564 146
2565 202
2566 197
2567 220
2568 84
2569 200
2570 187
2571 229
2572 264
2573 176
2574 267
2575 245
2576 202
2577 220
2578 115
2579 227
2580 211
2581 263
2582 216
2583 230
2584 245
2585 216
2586 176
2587 198
2588 181
2589 193
2590 196
2591 192
2592 214
2593 149
2594 214
2595 217
2596 288
2597 176
2598 245
2599 246
2600 205
2601 168
2602 184
2603 168
2604 165
2605 252
2606 219
2607 231
2608 272
2609 241
2610 57
2611 227
2612 222
2613 210
2614 238
2615 149
2616 215
2617 256
2618 178
2619 259
2620 219
2621 153
2622 126
2623 253
2624 185
2625 221
2626 252
2627 254
2628 191
2629 201
2630 225
2631 167
2632 176
2633 168
2634 231
2635 163
2636 208
2637 137
2638 245
2639 188
2640 245
2641 128
2642 259
2643 167
2644 221
2645 206
2646 202
2647 198
2648 149
2649 268
2650 218
2651 165
2652 212
2653 189
2654 220
2655 263
2656 220
2657 198
2658 315
2659 205
2660 170
2661 167
2662 199
2663 191
2664 123
2665 214
2666 254
2667 211
2668 244
2669 220
2670 129
2671 247
2672 226
2673 238
2674 259
2675 195
2676 225
2677 171
2678 245
2679 174
2680 265
2681 184
2682 235
2683 214
2684 191
2685 225
2686 179
2687 151
2688 233
2689 249
2690 185
2691 177
2692 174
2693 204
2694 250
2695 248
2696 241
2697 179
2698 195
2699 234
2700 215
2701 220
2702 207
2703 157
2704 204
2705 163
2706 212
2707 165
2708 288
2709 239
2710 207
2711 217
2712 226
2713 212
2714 220
2715 256
2716 203
2717 197
2718 179
2719 197
2720 110
2721 154
2722 257
2723 182
2724 237
2725 222
2726 186
2727 218
2728 191
2729 170
2730 214
2731 247
2732 199
2733 208
2734 211
2735 198
2736 147
2737 149
2738 160
2739 211
2740 233
2741 265
2742 217
2743 137
2744 193
2745 222
2746 261
2747 173
2748 188
2749 168
2750 234
2751 238
2752 271
2753 182
2754 207
2755 232
2756 237
2757 224
2758 199
2759 211
2760 259
2761 229
2762 233
2763 243
2764 283
2765 253
2766 200
2767 207
2768 210
2769 211
2770 173
2771 254
2772 182
2773 232
2774 90
2775 223
2776 209
2777 81
2778 254
2779 263
2780 232
2781 166
2782 232
2783 227
2784 192
2785 215
2786 243
2787 205
2788 232
2789 198
2790 157
2791 186
2792 230
2793 202
2794 196
2795 258
2796 195
2797 172
2798 202
2799 255
2800 201
2801 193
2802 196
2803 193
2804 163
2805 160
2806 171
2807 256
2808 187
2809 201
2810 209
2811 203
2812 241
2813 271
2814 211
2815 146
2816 206
2817 197
2818 201
2819 202
2820 226
2821 229
2822 214
2823 170
2824 207
2825 250
2826 229
2827 190
2828 168
2829 241
2830 291
2831 169
2832 208
2833 176
2834 223
2835 189
2836 242
2837 199
2838 204
2839 111
2840 141
2841 305
2842 242
2843 207
2844 199
2845 230
2846 221
2847 208
2848 235
2849 234
2850 173
2851 157
2852 164
2853 213
2854 224
2855 233
2856 158
2857 191
2858 200
2859 231
2860 257
2861 211
2862 209
2863 185
2864 202
2865 224
2866 222
2867 217
2868 204
2869 239
2870 214
2871 217
2872 244
2873 193
2874 230
2875 197
2876 183
2877 238
2878 232
2879 204
2880 164
2881 177
2882 203
2883 187
2884 260
2885 212
2886 168
2887 223
2888 199
2889 218
2890 168
2891 194
2892 188
2893 263
2894 263
2895 306
2896 282
2897 167
2898 228
2899 227
2900 180
2901 235
2902 152
2903 269
2904 194
2905 197
2906 211
2907 201
2908 277
2909 237
2910 240
2911 277
2912 189
2913 293
2914 195
2915 229
2916 214
2917 191
2918 176
2919 192
2920 173
2921 202
2922 115
2923 163
2924 199
2925 210
2926 219
2927 201
2928 261
2929 231
2930 198
2931 230
2932 261
2933 171
2934 253
2935 186
2936 218
2937 145
2938 195
2939 184
2940 210
2941 201
2942 200
2943 256
2944 112
2945 213
2946 210
2947 203
2948 212
2949 192
2950 200
2951 239
2952 137
2953 191
2954 223
2955 133
2956 276
2957 250
2958 206
2959 172
2960 167
2961 253
2962 195
2963 159
2964 156
2965 205
2966 224
2967 195
2968 100
2969 188
2970 212
2971 234
2972 224
2973 173
2974 195
2975 195
2976 217
2977 245
2978 179
2979 186
2980 208
2981 232
2982 216
2983 154
2984 218
2985 187
2986 188
2987 194
2988 172
2989 283
2990 208
2991 247
2992 208
2993 250
2994 223
2995 219
2996 208
2997 180
2998 183
2999 216
3000 272
3001 183
3002 301
3003 225
3004 226
3005 267
3006 209
3007 243
3008 208
3009 171
3010 268
3011 304
3012 197
3013 182
3014 192
3015 215
3016 190
3017 223
3018 141
3019 282
3020 150
3021 69
3022 200
3023 197
3024 277
3025 239
3026 247
3027 195
3028 281
3029 165
3030 192
3031 216
3032 241
3033 255
3034 199
3035 175
3036 220
3037 244
3038 250
3039 200
3040 192
3041 120
3042 222
3043 204
3044 200
3045 224
3046 213
3047 232
3048 185
3049 159
3050 207
3051 242
3052 162
3053 212
3054 204
3055 213
3056 231
3057 273
3058 218
3059 236
3060 194
3061 146
3062 191
3063 221
3064 204
3065 192
3066 226
3067 161
3068 214
3069 154
3070 153
3071 190
3072 231
3073 211
3074 281
3075 149
3076 211
3077 194
3078 163
3079 265
3080 149
3081 189
3082 173
3083 138
3084 212
3085 179
3086 237
3087 323
3088 237
3089 162
3090 146
3091 185
3092 258
3093 183
3094 170
3095 216
3096 187
3097 182
3098 207
3099 254
3100 260
3101 203
3102 187
3103 204
3104 170
3105 202
3106 217
3107 267
3108 210
3109 178
3110 205
3111 195
3112 184
3113 212
3114 194
3115 181
3116 187
3117 199
3118 267
3119 152
3120 260
3121 203
3122 253
3123 266
3124 201
3125 168
3126 220
3127 220
3128 191
3129 180
3130 118
3131 160
3132 204
3133 218
3134 234
3135 233
3136 206
3137 265
3138 211
3139 213
3140 274
3141 202
3142 204
3143 177
3144 225
3145 243
3146 261
3147 249
3148 240
3149 249
3150 249
3151 200
3152 228
3153 248
3154 120
3155 185
3156 193
3157 185
3158 177
3159 147
3160 173
3161 227
3162 113
3163 235
3164 212
3165 200
3166 132
3167 155
3168 232
3169 205
3170 191
3171 130
3172 216
3173 190
3174 228
3175 176
3176 198
3177 206
3178 0
3179 210
3180 227
3181 216
3182 172
3183 222
3184 169
3185 192
3186 185
3187 204
3188 216
3189 155
3190 215
3191 206
3192 210
3193 207
3194 212
3195 164
3196 156
3197 176
3198 198
3199 297
3200 218
3201 214
3202 200
3203 235
3204 195
3205 191
3206 210
3207 231
3208 216
3209 254
3210 169
3211 190
3212 185
3213 215
3214 231
3215 186
3216 160
3217 193
3218 163
3219 207
3220 174
3221 252
3222 150
3223 155
3224 244
3225 187
3226 245
3227 172
3228 205
3229 193
3230 214
3231 201
3232 212
3233 232
3234 191
3235 229
3236 187
3237 282
3238 163
3239 237
3240 200
3241 179
3242 189
3243 173
3244 192
3245 250
3246 186
3247 226
3248 218
3249 171
3250 223
3251 228
3252 183
3253 194
3254 191
3255 142
3256 198
3257 221
3258 193
3259 246
3260 233
3261 198
3262 200
3263 191
3264 241
3265 217
3266 154
3267 219
3268 316
3269 206
3270 188
3271 263
3272 196
3273 174
3274 211
3275 243
3276 277
3277 238
3278 237
3279 210
3280 207
3281 227
3282 181
3283 201
3284 257
3285 197
3286 221
3287 221
3288 182
3289 204
3290 148
3291 201
3292 228
3293 219
3294 230
3295 169
3296 188
3297 225
3298 171
3299 172
3300 109
3301 214
3302 242
3303 212
3304 204
3305 187
3306 247
3307 111
3308 196
3309 211
3310 170
3311 269
3312 168
3313 196
3314 178
3315 215
3316 191
3317 249
3318 172
3319 207
3320 241
3321 184
3322 201
3323 256
3324 190
3325 191
3326 206
3327 201
3328 214
3329 257
3330 217
3331 214
3332 247
3333 113
3334 180
3335 185
3336 242
3337 191
3338 229
3339 242
3340 168
3341 195
3342 197
3343 181
3344 140
3345 232
3346 202
3347 219
3348 228
3349 178
3350 159
3351 249
3352 230
3353 0
3354 193
3355 225
3356 187
3357 219
3358 186
3359 239
3360 150
3361 210
3362 253
3363 193
3364 157
3365 209
3366 245
3367 169
3368 163
3369 152
3370 243
3371 211
3372 161
3373 229
3374 231
3375 249
3376 210
3377 234
3378 245
3379 181
3380 227
3381 214
3382 259
3383 219
3384 215
3385 215
3386 188
3387 224
3388 187
3389 228
3390 167
3391 233
3392 227
3393 332
3394 66
3395 137
3396 211
3397 165
3398 212
3399 201
3400 186
3401 204
3402 258
3403 254
3404 202
3405 206
3406 185
3407 227
3408 186
3409 210
3410 175
3411 195
3412 212
3413 174
3414 219
3415 288
3416 283
3417 178
3418 191
3419 224
3420 149
3421 157
3422 234
3423 195
3424 180
3425 211
3426 192
3427 223
3428 195
3429 216
3430 229
3431 187
3432 195
3433 193
3434 190
3435 263
3436 217
3437 221
3438 263
3439 200
3440 200
3441 133
3442 189
3443 0
3444 235
3445 192
3446 189
3447 182
3448 178
3449 169
3450 214
3451 198
3452 210
3453 173
3454 173
3455 211
3456 224
3457 249
3458 201
3459 228
3460 91
3461 225
3462 203
3463 188
3464 289
3465 217
3466 142
3467 265
3468 263
3469 202
3470 207
3471 217
3472 193
3473 107
3474 219
3475 163
3476 192
3477 209
3478 191
3479 193
3480 0
3481 179
3482 218
3483 200
3484 150
3485 238
3486 222
3487 253
3488 206
3489 139
3490 281
3491 213
3492 208
3493 199
3494 180
3495 258
3496 186
3497 224
3498 220
3499 200
3500 215
3501 202
3502 190
3503 226
3504 197
3505 184
3506 312
3507 238
3508 254
3509 219
3510 189
3511 184
3512 135
3513 134
3514 175
3515 193
3516 206
3517 267
3518 231
3519 206
3520 180
3521 234
3522 188
3523 219
3524 225
3525 156
3526 239
3527 214
3528 196
3529 166
3530 191
3531 250
3532 251
3533 225
3534 212
3535 218
3536 188
3537 209
3538 243
3539 188
3540 239
3541 200
3542 184
3543 230
3544 157
3545 209
3546 184
3547 268
3548 225
3549 217
3550 38
3551 203
3552 205
3553 223
3554 207
3555 181
3556 228
3557 224
3558 241
3559 325
3560 156
3561 120
3562 206
3563 254
3564 173
3565 177
3566 254
3567 242
3568 242
3569 227
3570 205
3571 188
3572 216
3573 196
3574 223
3575 188
3576 191
3577 169
3578 211
3579 209
3580 239
3581 139
3582 208
3583 206
3584 216
3585 239
3586 233
3587 266
3588 252
3589 220
3590 184
3591 216
3592 220
3593 214
3594 0
3595 232
3596 194
3597 128
3598 221
3599 258
3600 250
3601 246
3602 198
3603 186
3604 178
3605 214
3606 202
3607 213
3608 209
3609 155
3610 218
3611 197
3612 200
3613 207
3614 330
3615 218
3616 194
3617 221
3618 254
3619 225
3620 197
3621 194
3622 211
3623 276
3624 158
3625 228
3626 137
3627 242
3628 204
3629 221
3630 160
3631 171
3632 204
3633 79
3634 201
3635 112
3636 226
3637 274
3638 252
3639 206
3640 172
3641 262
3642 0
3643 183
3644 321
3645 268
3646 174
3647 247
3648 223
3649 238
3650 212
3651 242
3652 174
3653 256
3654 282
3655 155
3656 235
3657 156
3658 191
3659 217
3660 185
3661 137
3662 210
3663 190
3664 191
3665 225
3666 245
3667 202
3668 191
3669 190
3670 150
3671 165
3672 201
3673 120
3674 170
3675 191
3676 218
3677 191
3678 234
3679 234
3680 249
3681 152
3682 276
3683 199
3684 183
3685 228
3686 213
3687 189
3688 128
3689 235
3690 174
3691 232
3692 179
3693 231
3694 191
3695 151
3696 201
3697 225
3698 302
3699 263
3700 210
3701 167
3702 177
3703 204
3704 206
3705 70
3706 215
3707 170
3708 118
3709 164
3710 229
3711 275
3712 199
3713 174
3714 223
3715 285
3716 174
3717 258
3718 241
3719 239
3720 170
3721 217
3722 163
3723 199
3724 146
3725 208
3726 234
3727 195
3728 189
3729 186
3730 223
3731 225
3732 161
3733 188
3734 156
3735 198
3736 249
3737 271
3738 209
3739 237
3740 217
3741 221
3742 217
3743 295
3744 249
3745 174
3746 221
3747 195
3748 211
3749 141
3750 224
3751 200
3752 208
3753 214
3754 294
3755 254
3756 185
3757 184
3758 188
3759 174
3760 211
3761 241
3762 235
3763 228
3764 216
3765 190
3766 198
3767 225
3768 172
3769 269
3770 197
3771 157
3772 146
3773 197
3774 218
3775 195
3776 194
3777 177
3778 155
3779 264
3780 127
3781 208
3782 178
3783 159
3784 349
3785 224
3786 195
3787 167
3788 272
3789 202
3790 206
3791 200
3792 289
3793 161
3794 73
3795 216
3796 202
3797 175
3798 188
3799 183
3800 318
3801 244
3802 204
3803 208
3804 202
3805 130
3806 233
3807 257
3808 215
3809 198
3810 237
3811 227
3812 159
3813 216
3814 245
3815 186
3816 210
3817 184
3818 249
3819 164
3820 218
3821 283
3822 252
3823 261
3824 217
3825 186
3826 216
3827 236
3828 190
3829 202
3830 238
3831 187
3832 211
3833 186
3834 228
3835 220
3836 185
3837 244
3838 203
3839 161
3840 272
3841 138
3842 191
3843 196
3844 194
3845 217
3846 185
3847 216
3848 200
3849 167
3850 219
3851 222
3852 217
3853 177
3854 186
3855 228
3856 151
3857 55
3858 223
3859 160
3860 261
3861 150
3862 201
3863 257
3864 206
3865 208
3866 207
3867 214
3868 216
3869 299
3870 204
3871 176
3872 218
3873 256
3874 190
3875 201
3876 197
3877 245
3878 214
3879 209
3880 175
3881 169
3882 199
3883 207
3884 210
3885 238
3886 176
3887 178
3888 286
3889 158
3890 246
3891 91
3892 199
3893 264
3894 188
3895 203
3896 236
3897 205
3898 159
3899 200
3900 249
3901 231
3902 283
3903 247
3904 171
3905 214
3906 248
3907 141
3908 171
3909 241
3910 224
3911 179
3912 228
3913 196
3914 197
3915 221
3916 180
3917 230
3918 220
3919 250
3920 175
3921 210
3922 201
3923 203
3924 283
3925 201
3926 182
3927 250
3928 156
3929 229
3930 211
3931 226
3932 226
3933 196
3934 260
3935 191
3936 243
3937 225
3938 206
3939 228
3940 208
3941 195
3942 234
3943 163
3944 255
3945 245
3946 215
3947 253
3948 221
3949 251
3950 259
3951 229
3952 234
3953 232
3954 223
3955 224
3956 204
3957 221
3958 257
3959 210
3960 227
3961 246
3962 262
3963 150
3964 183
3965 139
3966 242
3967 239
3968 242
3969 249
3970 288
3971 210
3972 0
3973 228
3974 261
3975 221
3976 207
3977 205
3978 189
3979 179
3980 221
3981 210
3982 189
3983 0
3984 193
3985 224
3986 197
3987 156
3988 198
3989 199
3990 187
3991 240
3992 273
3993 203
3994 218
3995 0
3996 182
3997 166
3998 186
3999 186
4000 280
4001 196
4002 182
4003 201
4004 242
4005 241
4006 203
4007 163
4008 240
4009 229
4010 199
4011 213
4012 196
4013 214
4014 157
4015 182
4016 175
4017 210
4018 132
4019 218
4020 184
4021 170
4022 241
4023 221
4024 232
4025 168
4026 150
4027 139
4028 221
4029 155
4030 214
4031 150
4032 221
4033 215
4034 186
4035 192
4036 223
4037 235
4038 202
4039 335
4040 256
4041 212
4042 171
4043 249
4044 235
4045 175
4046 213
4047 173
4048 217
4049 212
4050 148
4051 212
4052 150
4053 180
4054 206
4055 217
4056 173
4057 241
4058 232
4059 214
4060 231
4061 150
4062 148
4063 188
4064 201
4065 211
4066 227
4067 188
4068 319
4069 236
4070 257
4071 137
4072 190
4073 178
4074 222
4075 245
4076 161
4077 195
4078 241
4079 160
4080 270
4081 237
4082 261
4083 223
4084 199
4085 221
4086 209
4087 207
4088 147
4089 226
4090 243
4091 171
4092 125
4093 209
4094 201
4095 283
4096 185
4097 198
4098 200
4099 242
4100 146
4101 207
4102 204
4103 227
4104 209
4105 258
4106 236
4107 217
4108 240
4109 175
4110 127
4111 292
4112 120
4113 149
4114 208
4115 228
4116 228
4117 209
4118 184
4119 219
4120 209
4121 221
4122 273
4123 220
4124 240
4125 234
4126 276
4127 209
4128 220
4129 201
4130 240
4131 169
4132 199
4133 187
4134 179
4135 181
4136 232
4137 208
4138 236
4139 201
4140 192
4141 206
4142 200
4143 223
4144 203
4145 203
4146 0
4147 180
4148 253
4149 162
4150 215
4151 213
4152 226
4153 201
4154 219
4155 218
4156 253
4157 193
4158 204
4159 170
4160 218
4161 369
4162 288
4163 218
4164 209
4165 171
4166 219
4167 162
4168 220
4169 205
4170 233
4171 250
4172 192
4173 263
4174 192
4175 245
4176 255
4177 204
4178 229
4179 172
4180 205
4181 205
4182 214
4183 211
4184 250
4185 178
4186 219
4187 241
4188 206
4189 101
4190 236
4191 203
4192 188
4193 204
4194 171
4195 245
4196 215
4197 257
4198 192
4199 235
4200 188
4201 147
4202 192
4203 231
4204 158
4205 113
4206 130
4207 149
4208 201
4209 215
4210 241
4211 252
4212 283
4213 234
4214 187
4215 164
4216 202
4217 259
4218 253
4219 261
4220 193
4221 231
4222 220
4223 223
4224 166
4225 208
4226 0
4227 246
4228 160
4229 187
4230 203
4231 225
4232 176
4233 172
4234 203
4235 197
4236 146
4237 244
4238 152
4239 211
4240 229
4241 211
4242 182
4243 189
4244 240
4245 195
4246 190
4247 211
4248 213
4249 141
4250 183
4251 204
4252 235
4253 189
4254 252
4255 180
4256 290
4257 165
4258 205
4259 202
4260 233
4261 184
4262 195
4263 162
4264 225
4265 174
4266 155
4267 190
4268 216
4269 223
4270 98
4271 223
4272 182
4273 150
4274 157
4275 209
4276 198
4277 239
4278 312
4279 103
4280 186
4281 298
4282 200
4283 186
4284 249
4285 197
4286 236
4287 198
4288 217
4289 157
4290 198
4291 262
4292 232
4293 149
4294 160
4295 236
4296 204
4297 281
4298 198
4299 191
4300 228
4301 210
4302 253
4303 188
4304 216
4305 158
4306 226
4307 218
4308 219
4309 266
4310 194
4311 251
4312 182
4313 271
4314 223
4315 190
4316 229
4317 196
4318 171
4319 218
4320 221
4321 211
4322 105
4323 153
4324 218
4325 156
4326 170
4327 248
4328 235
4329 263
4330 225
4331 172
4332 217
4333 156
4334 222
4335 247
4336 177
4337 193
4338 198
4339 203
4340 189
4341 291
4342 190
4343 167
4344 227
4345 218
4346 162
4347 226
4348 224
4349 212
4350 256
4351 168
4352 129
4353 207
4354 162
4355 195
4356 277
4357 217
4358 167
4359 200
4360 215
4361 238
4362 186
4363 263
4364 192
4365 259
4366 203
4367 199
4368 202
4369 208
4370 233
4371 192
4372 211
4373 286
4374 190
4375 193
4376 224
4377 231
4378 222
4379 228
4380 133
4381 255
4382 261
4383 192
4384 158
4385 221
4386 203
4387 190
4388 220
4389 185
4390 176
4391 195
4392 187
4393 209
4394 189
4395 219
4396 269
4397 203
4398 200
4399 171
4400 211
4401 194
4402 219
4403 207
4404 247
4405 216
4406 230
4407 205
4408 173
4409 216
4410 189
4411 199
4412 173
4413 192
4414 181
4415 207
4416 263
4417 201
4418 107
4419 205
4420 261
4421 207
4422 267
4423 223
4424 195
4425 203
4426 150
4427 157
4428 215
4429 194
4430 212
4431 222
4432 251
4433 264
4434 235
4435 259
4436 191
4437 233
4438 225
4439 167
4440 226
4441 225
4442 202
4443 256
4444 206
4445 242
4446 268
4447 168
4448 266
4449 213
4450 150
4451 216
4452 189
4453 237
4454 223
4455 239
4456 200
4457 187
4458 148
4459 226
4460 216
4461 215
4462 307
4463 206
4464 206
4465 233
4466 234
4467 216
4468 194
4469 234
4470 196
4471 234
4472 206
4473 204
4474 153
4475 179
4476 179
4477 182
4478 263
4479 188
4480 189
4481 180
4482 141
4483 167
4484 203
4485 264
4486 204
4487 188
4488 237
4489 184
4490 215
4491 215
4492 223
4493 0
4494 247
4495 214
4496 208
4497 196
4498 241
4499 226
4500 234
4501 187
4502 186
4503 223
4504 212
4505 230
4506 204
4507 225
4508 181
4509 173
4510 153
4511 226
4512 192
4513 226
4514 260
4515 49
4516 184
4517 254
4518 207
4519 191
4520 194
4521 184
4522 249
4523 270
4524 231
4525 218
4526 234
4527 246
4528 246
4529 172
4530 277
4531 211
4532 234
4533 202
4534 132
4535 187
4536 295
4537 217
4538 179
4539 292
4540 207
4541 185
4542 216
4543 187
4544 252
4545 236
4546 238
4547 262
4548 201
4549 280
4550 232
4551 227
4552 189
4553 203
4554 230
4555 190
4556 195
4557 235
4558 148
4559 215
4560 220
4561 199
4562 191
4563 128
4564 184
4565 200
4566 224
4567 219
4568 194
4569 231
4570 144
4571 197
4572 251
4573 173
4574 228
4575 224
4576 147
4577 225
4578 194
4579 180
4580 226
4581 233
4582 174
4583 216
4584 178
4585 205
4586 283
4587 248
4588 225
4589 0
4590 158
4591 223
4592 206
4593 201
4594 226
4595 197
4596 218
4597 160
4598 244
4599 216
4600 242
4601 175
4602 170
4603 201
4604 240
4605 205
4606 183
4607 253
4608 222
4609 243
4610 155
4611 193
4612 180
4613 202
4614 183
4615 212
4616 202
4617 189
4618 234
4619 155
4620 273
4621 210
4622 235
4623 221
4624 215
4625 207
4626 178
4627 163
4628 163
4629 209
4630 187
4631 306
4632 247
4633 193
4634 132
4635 162
4636 191
4637 174
4638 0
4639 132
4640 207
4641 216
4642 231
4643 216
4644 202
4645 201
4646 192
4647 184
4648 179
4649 163
4650 190
4651 214
4652 198
4653 181
4654 222
4655 201
4656 204
4657 184
4658 203
4659 186
4660 211
4661 193
4662 203
4663 250
4664 157
4665 176
4666 244
4667 208
4668 181
4669 152
4670 229
4671 222
4672 225
4673 206
4674 211
4675 217
4676 227
4677 194
4678 182
4679 200
4680 147
4681 165
4682 284
4683 247
4684 200
4685 262
4686 209
4687 191
4688 212
4689 137
4690 262
4691 194
4692 201
4693 194
4694 190
4695 168
4696 208
4697 213
4698 221
4699 315
4700 217
4701 191
4702 209
4703 191
4704 236
4705 205
4706 222
4707 227
4708 260
4709 158
4710 195
4711 291
4712 195
4713 180
4714 221
4715 239
4716 212
4717 207
4718 210
4719 214
4720 196
4721 200
4722 222
4723 251
4724 220
4725 191
4726 172
4727 167
4728 255
4729 174
4730 167
4731 238
4732 194
4733 211
4734 220
4735 175
4736 220
4737 212
4738 278
4739 166
4740 235
4741 210
4742 206
4743 208
4744 171
4745 159
4746 196
4747 221
4748 192
4749 201
4750 144
4751 232
4752 186
4753 193
4754 249
4755 251
4756 208
4757 198
4758 266
4759 201
4760 223
4761 161
4762 211
4763 241
4764 178
4765 214
4766 259
4767 186
4768 244
4769 144
4770 203
4771 194
4772 240
4773 219
4774 148
4775 138
4776 193
4777 185
4778 230
4779 190
4780 219
4781 215
4782 230
4783 242
4784 244
4785 145
4786 192
4787 203
4788 158
4789 240
4790 201
4791 239
4792 211
4793 254
4794 239
4795 269
4796 210
4797 200
4798 237
4799 173
4800 233
4801 205
4802 193
4803 147
4804 181
4805 190
4806 165
4807 226
4808 235
4809 236
4810 261
4811 235
4812 267
4813 179
4814 197
4815 228
4816 194
4817 215
4818 207
4819 186
4820 211
4821 207
4822 274
4823 193
4824 220
4825 209
4826 239
4827 105
4828 242
4829 229
4830 182
4831 237
4832 252
4833 210
4834 195
4835 208
4836 228
4837 245
4838 212
4839 292
4840 244
4841 206
4842 248
4843 209
4844 249
4845 219
4846 156
4847 179
4848 245
4849 261
4850 239
4851 194
4852 212
4853 232
4854 228
4855 216
4856 212
4857 194
4858 199
4859 231
4860 215
4861 256
4862 99
4863 232
4864 194
4865 204
4866 189
4867 205
4868 208
4869 211
4870 205
4871 196
4872 188
4873 201
4874 211
4875 234
4876 225
4877 217
4878 253
4879 194
4880 188
4881 216
4882 206
4883 206
4884 238
4885 166
4886 196
4887 188
4888 190
4889 186
4890 171
4891 184
4892 173
4893 226
4894 68
4895 146
4896 187
4897 241
4898 215
4899 181
4900 231
4901 217
4902 219
4903 201
4904 186
4905 245
4906 165
4907 173
4908 240
4909 188
4910 208
4911 203
4912 200
4913 181
4914 163
4915 214
4916 187
4917 191
4918 248
4919 223
4920 215
4921 205
4922 202
4923 173
4924 148
4925 154
4926 262
4927 124
4928 215
4929 197
4930 188
4931 232
4932 265
4933 207
4934 195
4935 206
4936 195
4937 161
4938 251
4939 180
4940 248
4941 207
4942 215
4943 192
4944 205
4945 205
4946 184
4947 202
4948 255
4949 192
4950 202
4951 224
4952 230
4953 237
4954 226
4955 205
4956 248
4957 212
4958 186
4959 178
4960 205
4961 238
4962 235
4963 192
4964 193
4965 223
4966 185
4967 209
4968 221
4969 232
4970 226
4971 135
4972 204
4973 186
4974 0
4975 254
4976 244
4977 162
4978 206
4979 227
4980 170
4981 213
4982 233
4983 141
4984 201
4985 223
4986 158
4987 209
4988 0
4989 195
4990 277
4991 171
4992 217
4993 210
4994 253
4995 232
4996 0
4997 178
4998 227
4999 231
5000 157
5001 244
5002 188
5003 155
5004 208
5005 158
5006 176
5007 213
5008 204
5009 203
5010 164
5011 196
5012 205
5013 183
5014 225
5015 233
5016 203
5017 161
5018 245
5019 208
5020 177
5021 208
5022 168
5023 186
5024 231
5025 239
5026 205
5027 170
5028 219
5029 214
5030 235
5031 90
5032 209
5033 201
5034 164
5035 179
5036 176
5037 218
5038 168
5039 201
5040 241
5041 177
5042 227
5043 221
5044 150
5045 239
5046 197
5047 149
5048 255
5049 218
5050 222
5051 81
5052 237
5053 183
5054 295
5055 154
5056 186
5057 143
5058 206
5059 213
5060 93
5061 261
5062 179
5063 203
5064 199
5065 147
5066 219
5067 217
5068 197
5069 164
5070 230
5071 210
5072 164
5073 180
5074 175
5075 221
5076 155
5077 196
5078 272
5079 222
5080 185
5081 201
5082 251
5083 271
5084 247
5085 233
5086 0
5087 200
5088 213
5089 220
5090 176
5091 231
5092 128
5093 209
5094 142
5095 203
5096 194
5097 218
5098 228
5099 181
5100 185
5101 220
5102 197
5103 233
5104 193
5105 194
5106 200
5107 173
5108 200
5109 0
5110 218
5111 172
5112 214
5113 240
5114 237
5115 232
5116 198
5117 183
5118 172
5119 206
5120 182
5121 99
5122 227
5123 217
5124 196
5125 207
5126 195
5127 157
5128 286
5129 198
5130 220
5131 209
5132 199
5133 226
5134 175
5135 206
5136 252
5137 232
5138 225
5139 219
5140 219
5141 155
5142 239
5143 139
5144 170
5145 208
5146 178
5147 321
5148 255
5149 224
5150 224
5151 129
5152 183
5153 130
5154 168
5155 264
5156 225
5157 181
5158 235
5159 204
5160 196
5161 138
5162 244
5163 192
5164 150
5165 196
5166 207
5167 211
5168 112
5169 250
5170 217
5171 204
5172 195
5173 192
5174 125
5175 245
5176 149
5177 209
5178 200
5179 196
5180 227
5181 163
5182 222
5183 232
5184 175
5185 352
5186 235
5187 207
5188 269
5189 214
5190 180
5191 185
5192 162
5193 247
5194 273
5195 235
5196 213
5197 186
5198 239
5199 205
5200 197
5201 260
5202 229
5203 204
5204 152
5205 218
5206 225
5207 209
5208 236
5209 160
5210 239
5211 146
5212 205
5213 234
5214 212
5215 230
5216 188
5217 228
5218 201
5219 197
5220 223
5221 237
5222 248
5223 215
5224 235
5225 203
5226 162
5227 203
5228 216
5229 186
5230 203
5231 259
5232 192
5233 257
5234 275
5235 190
5236 225
5237 234
5238 220
5239 174
5240 152
5241 255
5242 156
5243 243
5244 149
5245 267
5246 237
5247 198
5248 206
5249 177
5250 242
5251 148
5252 218
5253 196
5254 201
5255 188
5256 154
5257 180
5258 235
5259 164
5260 235
5261 239
5262 204
5263 202
5264 213
5265 178
5266 185
5267 184
5268 166
5269 189
5270 205
5271 260
5272 238
5273 189
5274 204
5275 165
5276 244
5277 224
5278 222
5279 167
5280 232
5281 208
5282 244
5283 195
5284 167
5285 228
5286 149
5287 159
5288 179
5289 257
5290 179
5291 242
5292 166
5293 161
5294 228
5295 212
5296 221
5297 258
5298 206
5299 274
5300 213
5301 231
5302 234
5303 204
5304 225
5305 189
5306 237
5307 241
5308 225
5309 175
5310 194
5311 194
5312 250
5313 250
5314 247
5315 303
5316 270
5317 204
5318 251
5319 181
5320 220
5321 162
5322 215
5323 268
5324 210
5325 178
5326 235
5327 207
5328 193
5329 189
5330 212
5331 259
5332 206
5333 204
5334 309
5335 178
5336 144
5337 193
5338 164
5339 204
5340 220
5341 137
5342 231
5343 158
5344 235
5345 184
5346 227
5347 261
5348 191
5349 198
5350 179
5351 194
5352 212
5353 192
5354 152
5355 195
5356 231
5357 233
5358 167
5359 215
5360 199
5361 210
5362 205
5363 214
5364 260
5365 200
5366 188
5367 244
5368 177
5369 177
5370 198
5371 186
5372 236
5373 191
5374 233
5375 224
5376 305
5377 156
5378 223
5379 255
5380 261
5381 180
5382 197
5383 193
5384 0
5385 215
5386 247
5387 180
5388 238
5389 215
5390 198
5391 248
5392 145
5393 186
5394 157
5395 223
5396 251
5397 180
5398 181
5399 214
5400 252
5401 229
5402 198
5403 231
5404 190
5405 193
5406 249
5407 175
5408 172
5409 209
5410 234
5411 191
5412 254
5413 188
5414 205
5415 182
5416 177
5417 185
5418 206
5419 221
5420 172
5421 152
5422 161
5423 244
5424 212
5425 189
5426 225
5427 203
5428 186
5429 180
5430 215
5431 215
5432 204
5433 178
5434 260
5435 246
5436 155
5437 90
5438 221
5439 208
5440 186
5441 198
5442 225
5443 182
5444 189
5445 175
5446 200
5447 224
5448 199
5449 165
5450 193
5451 182
5452 152
5453 244
5454 219
5455 218
5456 197
5457 188
5458 202
5459 237
5460 243
5461 283
5462 272
5463 209
5464 196
5465 215
5466 135
5467 185
5468 221
5469 222
5470 233
5471 192
5472 262
5473 232
5474 176
5475 239
5476 278
5477 216
5478 255
5479 187
5480 267
5481 165
5482 167
5483 0
5484 216
5485 183
5486 211
5487 205
5488 198
5489 209
5490 178
5491 178
5492 214
5493 170
5494 79
5495 160
5496 177
5497 214
5498 205
5499 225
5500 234
5501 253
5502 230
5503 198
5504 224
5505 205
5506 219
5507 215
5508 184
5509 135
5510 187
5511 312
5512 141
5513 177
5514 211
5515 110
5516 197
5517 206
5518 211
5519 166
5520 204
5521 241
5522 158
5523 234
5524 190
5525 175
5526 156
5527 247
5528 205
5529 216
5530 182
5531 158
5532 191
5533 310
5534 206
5535 226
5536 182
5537 196
5538 186
5539 226
5540 201
5541 201
5542 221
5543 222
5544 160
5545 171
5546 195
5547 198
5548 249
5549 202
5550 187
5551 258
5552 0
5553 190
5554 135
5555 246
5556 180
5557 205
5558 104
5559 237
5560 210
5561 210
5562 198
5563 189
5564 235
5565 205
5566 227
5567 192
5568 190
5569 180
5570 182
5571 211
5572 208
5573 270
5574 212
5575 246
5576 224
5577 189
5578 188
5579 196
5580 243
5581 246
5582 224
5583 201
5584 173
5585 255
5586 174
5587 256
5588 163
5589 191
5590 206
5591 329
5592 166
5593 198
5594 189
5595 218
5596 213
5597 0
5598 151
5599 163
5600 201
5601 179
5602 234
5603 235
5604 221
5605 179
5606 206
5607 237
5608 229
5609 197
5610 214
5611 199
5612 212
5613 305
5614 210
5615 211
5616 240
5617 218
5618 191
5619 180
5620 260
5621 143
5622 223
5623 240
5624 223
5625 208
5626 187
5627 215
5628 307
5629 283
5630 152
5631 182
5632 267
5633 212
5634 175
5635 254
5636 250
5637 211
5638 219
5639 244
5640 205
5641 174
5642 200
5643 214
5644 98
5645 197
5646 217
5647 242
5648 198
5649 231
5650 204
5651 137
5652 205
5653 207
5654 174
5655 165
5656 237
5657 186
5658 188
5659 249
5660 188
5661 231
5662 198
5663 179
5664 159
5665 177
5666 187
5667 200
5668 220
5669 216
5670 215
5671 236
5672 234
5673 234
5674 93
5675 210
5676 230
5677 100
5678 147
5679 197
5680 180
5681 176
5682 266
5683 185
5684 226
5685 197
5686 180
5687 197
5688 210
5689 242
5690 230
5691 188
5692 266
5693 244
5694 107
5695 201
5696 208
5697 211
5698 256
5699 217
