Vertices: 3000
Edges: 15000
Time: 0,739 ms
Iterations: 14857
Vertex Distance
0 0
1 179
2 178
3 161
4 154
5 169
6 221
7 169
8 90
9 157
10 212
11 178
12 138
13 120
14 163
15 151
16 120
17 238
18 163
19 152
20 158
21 215
22 192
23 151
24 166
25 159
26 201
27 174
28 84
29 31
30 225
31 135
32 183
33 209
34 184
35 187
36 132
37 112
38 164
39 89
40 138
41 146
42 167
43 152
44 193
45 132
46 128
47 141
48 189
49 171
50 75
51 164
52 186
53 128
54 124
55 98
56 54
57 156
58 191
59 96
60 141
61 143
62 136
63 126
64 67
65 182
66 157
67 122
68 122
69 204
70 200
71 197
72 183
73 208
74 151
75 189
76 178
77 135
78 174
79 114
80 169
81 138
82 139
83 144
84 116
85 124
86 135
87 103
88 176
89 130
90 157
91 105
92 134
93 95
94 223
95 150
96 150
97 206
98 84
99 190
100 142
101 148
102 150
103 186
104 172
105 238
106 156
107 207
108 145
109 198
110 122
111 149
112 166
113 191
114 168
115 196
116 164
117 111
118 161
119 156
120 184
121 124
122 152
123 167
124 250
125 191
126 108
127 181
128 189
129 145
130 179
131 134
132 153
133 127
134 121
135 168
136 155
137 146
138 126
139 192
140 246
141 208
142 166
143 247
144 141
145 190
146 179
147 104
148 157
149 153
150 116
151 163
152 149
153 204
154 160
155 191
156 155
157 99
158 182
159 179
160 147
161 144
162 126
163 120
164 151
165 199
166 146
167 171
168 212
169 147
170 126
171 220
172 169
173 114
174 174
175 144
176 183
177 162
178 142
179 196
180 149
181 194
182 169
183 165
184 161
185 101
186 157
187 153
188 96
189 178
190 180
191 131
192 147
193 159
194 197
195 113
196 154
197 153
198 135
199 152
200 82
201 218
202 170
203 137
204 225
205 182
206 195
207 144
208 163
209 129
210 163
211 160
212 164
213 203
214 122
215 147
216 168
217 135
218 152
219 166
220 156
221 122
222 146
223 119
224 133
225 162
226 128
227 164
228 125
229 146
230 155
231 181
232 101
233 0
234 196
235 134
236 173
237 146
238 133
239 186
240 183
241 158
242 154
243 155
244 163
245 137
246 109
247 133
248 170
249 146
250 274
251 120
252 103
253 113
254 129
255 164
256 200
257 189
258 205
259 112
260 163
261 198
262 128
263 154
264 140
265 133
266 145
267 124
268 226
269 190
270 157
271 160
272 231
273 169
274 252
275 150
276 85
277 204
278 131
279 172
280 150
281 151
282 175
283 181
284 133
285 138
286 135
287 124
288 169
289 139
290 181
291 151
292 235
293 162
294 186
295 116
296 192
297 111
298 168
299 126
300 169
301 162
302 93
303 174
304 125
305 135
306 189
307 152
308 157
309 168
310 128
311 203
312 122
313 169
314 152
315 160
316 192
317 119
318 165
319 227
320 184
321 0
322 112
323 200
324 144
325 99
326 162
327 178
328 100
329 142
330 171
331 160
332 162
333 207
334 140
335 216
336 180
337 132
338 111
339 208
340 164
341 161
342 207
343 39
344 146
345 232
346 152
347 164
348 174
349 97
350 160
351 131
352 169
353 197
354 150
355 116
356 152
357 166
358 138
359 173
360 98
361 147
362 168
363 174
364 281
365 211
366 162
367 106
368 129
369 197
370 103
371 158
372 201
373 176
374 105
375 165
376 136
377 195
378 138
379 239
380 188
381 151
382 92
383 112
384 123
385 166
386 143
387 222
388 150
389 147
390 170
391 212
392 136
393 167
394 158
395 127
396 169
397 83
398 157
399 158
400 175
401 155
402 127
403 122
404 172
405 171
406 184
407 199
408 218
409 176
410 128
411 118
412 177
413 153
414 143
415 168
416 108
417 172
418 0
419 144
420 184
421 198
422 142
423 144
424 63
425 199
426 161
427 176
428 172
429 156
430 86
431 157
432 113
433 164
434 101
435 80
436 157
437 197
438 135
439 182
440 144
441 127
442 191
443 221
444 168
445 166
446 129
447 176
448 194
449 173
450 151
451 0
452 162
453 170
454 174
455 180
456 206
457 183
458 120
459 110
460 136
461 185
462 170
463 235
464 182
465 138
466 164
467 151
468 220
469 173
470 197
471 99
472 233
473 168
474 159
475 142
476 150
477 0
478 152
479 94
480 253
481 205
482 127
483 182
484 213
485 202
486 158
487 139
488 200
489 159
490 138
491 167
492 177
493 229
494 89
495 219
496 100
497 184
498 188
499 184
500 156
501 172
502 133
503 132
504 136
505 215
506 143
507 158
508 200
509 189
510 231
511 121
512 66
513 181
514 80
515 174
516 139
517 165
518 146
519 156
520 148
521 119
522 117
523 122
524 123
525 105
526 134
527 236
528 151
529 188
530 199
531 220
532 158
533 107
534 172
535 135
536 107
537 166
538 154
539 118
540 134
541 145
542 141
543 123
544 170
545 151
546 206
547 162
548 165
549 114
550 124
551 168
552 209
553 134
554 234
555 175
556 163
557 172
558 127
559 201
560 108
561 149
562 180
563 153
564 226
565 124
566 120
567 116
568 145
569 124
570 155
571 96
572 205
573 178
574 98
575 142
576 170
577 175
578 196
579 153
580 138
581 150
582 176
583 88
584 149
585 173
586 175
587 118
588 172
589 206
590 160
591 190
592 182
593 144
594 182
595 113
596 197
597 161
598 143
599 117
600 157
601 133
602 167
603 128
604 161
605 171
606 165
607 234
608 195
609 136
610 145
611 125
612 199
613 194
614 158
615 231
616 155
617 148
618 139
619 200
620 94
621 149
622 100
623 174
624 178
625 225
626 133
627 165
628 176
629 167
630 147
631 240
632 134
633 147
634 153
635 119
636 161
637 143
638 171
639 212
640 150
641 165
642 141
643 150
644 159
645 183
646 0
647 117
648 162
649 192
650 129
651 138
652 137
653 188
654 130
655 170
656 180
657 75
658 192
659 73
660 104
661 179
662 207
663 187
664 110
665 121
666 143
667 140
668 169
669 188
670 173
671 158
672 79
673 142
674 159
675 163
676 190
677 175
678 197
679 161
680 144
681 248
682 53
683 184
684 144
685 193
686 144
687 106
688 204
689 136
690 125
691 107
692 182
693 128
694 156
695 176
696 220
697 215
698 182
699 146
700 170
701 166
702 144
703 81
704 180
705 173
706 99
707 174
708 200
709 163
710 127
711 114
712 183
713 157
714 143
715 184
716 227
717 222
718 209
719 169
720 257
721 133
722 145
723 188
724 152
725 124
726 140
727 219
728 131
729 186
730 190
731 185
732 189
733 106
734 139
735 180
736 154
737 161
738 201
739 163
740 142
741 121
742 144
743 215
744 134
745 164
746 73
747 166
748 84
749 124
750 129
751 150
752 181
753 160
754 172
755 177
756 169
757 105
758 189
759 163
760 151
761 170
762 156
763 95
764 144
765 109
766 126
767 157
768 139
769 147
770 123
771 156
772 131
773 197
774 193
775 166
776 200
777 167
778 99
779 257
780 83
781 175
782 167
783 189
784 130
785 183
786 115
787 147
788 203
789 143
790 121
791 196
792 161
793 96
794 124
795 87
796 163
797 147
798 208
799 209
800 145
801 171
802 185
803 89
804 169
805 189
806 163
807 158
808 158
809 134
810 132
811 205
812 143
813 179
814 134
815 192
816 147
817 155
818 152
819 142
820 145
821 203
822 109
823 169
824 190
825 90
826 233
827 160
828 110
829 152
830 162
831 158
832 175
833 178
834 0
835 174
836 115
837 175
838 119
839 129
840 107
841 141
842 150
843 165
844 179
845 37
846 133
847 152
848 208
849 128
850 176
851 103
852 185
853 192
854 150
855 138
856 160
857 232
858 184
859 149
860 203
861 159
862 223
863 174
864 164
865 119
866 205
867 214
868 178
869 160
870 152
871 156
872 216
873 176
874 252
875 210
876 158
877 180
878 195
879 75
880 200
881 163
882 132
883 155
884 66
885 109
886 153
887 173
888 179
889 135
890 135
891 184
892 168
893 158
894 138
895 208
896 145
897 185
898 191
899 227
900 104
901 182
902 96
903 131
904 147
905 117
906 133
907 199
908 167
909 139
910 210
911 117
912 205
913 199
914 151
915 163
916 203
917 174
918 103
919 144
920 168
921 171
922 207
923 146
924 272
925 186
926 96
927 145
928 181
929 123
930 144
931 179
932 163
933 166
934 200
935 149
936 150
937 166
938 166
939 171
940 150
941 268
942 183
943 211
944 135
945 173
946 134
947 188
948 205
949 170
950 201
951 181
952 173
953 138
954 209
955 179
956 134
957 130
958 159
959 177
960 152
961 161
962 165
963 127
964 140
965 137
966 105
967 86
968 158
969 172
970 190
971 158
972 0
973 172
974 154
975 150
976 146
977 182
978 158
979 132
980 138
981 137
982 159
983 146
984 190
985 135
986 156
987 136
988 174
989 111
990 121
991 217
992 130
993 191
994 161
995 133
996 189
997 136
998 174
999 152
1000 151
1001 113
1002 181
1003 144
1004 139
1005 192
1006 124
1007 120
1008 171
1009 157
1010 201
1011 151
1012 165
1013 146
1014 174
1015 107
1016 123
1017 128
1018 141
1019 144
1020 131
1021 78
1022 179
1023 178
1024 168
1025 139
1026 156
1027 95
1028 207
1029 194
1030 155
1031 158
1032 116
1033 151
1034 135
1035 159
1036 137
1037 186
1038 148
1039 50
1040 143
1041 93
1042 220
1043 185
1044 166
1045 158
1046 102
1047 172
1048 202
1049 172
1050 215
1051 171
1052 152
1053 174
1054 110
1055 177
1056 171
1057 162
1058 150
1059 149
1060 164
1061 177
1062 187
1063 111
1064 166
1065 104
1066 123
1067 111
1068 237
1069 250
1070 104
1071 215
1072 189
1073 148
1074 134
1075 96
1076 179
1077 144
1078 147
1079 173
1080 141
1081 210
1082 158
1083 187
1084 150
1085 116
1086 123
1087 201
1088 109
1089 195
1090 179
1091 209
1092 182
1093 147
1094 125
1095 142
1096 165
1097 149
1098 189
1099 197
1100 150
1101 188
1102 147
1103 145
1104 166
1105 163
1106 175
1107 112
1108 142
1109 247
1110 175
1111 153
1112 190
1113 123
1114 148
1115 179
1116 135
1117 190
1118 99
1119 141
1120 166
1121 157
1122 0
1123 210
1124 190
1125 162
1126 158
1127 173
1128 265
1129 134
1130 142
1131 184
1132 181
1133 120
1134 229
1135 91
1136 145
1137 134
1138 138
1139 244
1140 165
1141 162
1142 207
1143 124
1144 159
1145 97
1146 275
1147 208
1148 151
1149 116
1150 164
1151 157
1152 199
1153 187
1154 168
1155 133
1156 175
1157 183
1158 207
1159 161
1160 163
1161 211
1162 154
1163 59
1164 98
1165 118
1166 147
1167 163
1168 166
1169 148
1170 142
1171 190
1172 232
1173 118
1174 118
1175 208
1176 169
1177 138
1178 165
1179 151
1180 184
1181 156
1182 137
1183 139
1184 168
1185 167
1186 120
1187 141
1188 181
1189 172
1190 151
1191 164
1192 203
1193 134
1194 214
1195 139
1196 181
1197 184
1198 88
1199 159
1200 124
1201 212
1202 181
1203 109
1204 197
1205 154
1206 118
1207 164
1208 148
1209 140
1210 133
1211 167
1212 289
1213 179
1214 51
1215 139
1216 167
1217 145
1218 122
1219 170
1220 181
1221 160
1222 189
1223 189
1224 194
1225 165
1226 123
1227 129
1228 131
1229 138
1230 169
1231 106
1232 167
1233 147
1234 90
1235 134
1236 205
1237 0
1238 103
1239 207
1240 206
1241 113
1242 158
1243 180
1244 141
1245 141
1246 210
1247 88
1248 196
1249 128
1250 177
1251 167
1252 167
1253 172
1254 129
1255 123
1256 123
1257 202
1258 92
1259 202
1260 157
1261 212
1262 142
1263 169
1264 120
1265 110
1266 182
1267 180
1268 194
1269 132
1270 170
1271 171
1272 145
1273 129
1274 148
1275 206
1276 146
1277 207
1278 0
1279 178
1280 165
1281 171
1282 142
1283 139
1284 140
1285 116
1286 93
1287 145
1288 87
1289 156
1290 83
1291 110
1292 148
1293 162
1294 132
1295 136
1296 173
1297 84
1298 95
1299 157
1300 147
1301 220
1302 167
1303 153
1304 119
1305 227
1306 139
1307 152
1308 146
1309 120
1310 145
1311 136
1312 157
1313 101
1314 221
1315 124
1316 157
1317 205
1318 195
1319 147
1320 206
1321 176
1322 187
1323 135
1324 146
1325 160
1326 172
1327 140
1328 170
1329 108
1330 164
1331 145
1332 175
1333 79
1334 118
1335 172
1336 188
1337 152
1338 145
1339 151
1340 261
1341 146
1342 182
1343 177
1344 152
1345 181
1346 186
1347 104
1348 175
1349 172
1350 176
1351 126
1352 129
1353 158
1354 156
1355 198
1356 140
1357 155
1358 147
1359 137
1360 114
1361 135
1362 203
1363 236
1364 235
1365 167
1366 227
1367 76
1368 163
1369 147
1370 183
1371 202
1372 174
1373 191
1374 221
1375 23
1376 141
1377 155
1378 136
1379 177
1380 144
1381 113
1382 128
1383 155
1384 155
1385 182
1386 149
1387 197
1388 166
1389 99
1390 173
1391 83
1392 178
1393 179
1394 183
1395 251
1396 138
1397 131
1398 129
1399 129
1400 213
1401 92
1402 189
1403 129
1404 91
1405 144
1406 175
1407 174
1408 103
1409 172
1410 151
1411 206
1412 68
1413 141
1414 124
1415 144
1416 179
1417 191
1418 128
1419 145
1420 170
1421 102
1422 187
1423 141
1424 104
1425 173
1426 61
1427 167
1428 195
1429 144
1430 155
1431 129
1432 135
1433 183
1434 130
1435 123
1436 172
1437 179
1438 117
1439 141
1440 151
1441 208
1442 139
1443 100
1444 152
1445 197
1446 145
1447 160
1448 185
1449 179
1450 150
1451 154
1452 200
1453 138
1454 141
1455 136
1456 110
1457 194
1458 0
1459 131
1460 123
1461 183
1462 173
1463 194
1464 140
1465 142
1466 115
1467 157
1468 188
1469 149
1470 142
1471 190
1472 148
1473 148
1474 170
1475 164
1476 181
1477 99
1478 181
1479 201
1480 181
1481 172
1482 223
1483 168
1484 140
1485 142
1486 125
1487 182
1488 159
1489 156
1490 83
1491 0
1492 146
1493 187
1494 198
1495 169
1496 172
1497 86
1498 101
1499 128
1500 138
1501 165
1502 153
1503 156
1504 133
1505 124
1506 214
1507 156
1508 150
1509 133
1510 115
1511 134
1512 106
1513 143
1514 125
1515 102
1516 140
1517 169
1518 176
1519 180
1520 159
1521 173
1522 203
1523 147
1524 220
1525 115
1526 181
1527 150
1528 201
1529 162
1530 140
1531 109
1532 196
1533 122
1534 197
1535 161
1536 176
1537 145
1538 177
1539 149
1540 161
1541 120
1542 191
1543 192
1544 125
1545 182
1546 222
1547 125
1548 186
1549 167
1550 150
1551 174
1552 148
1553 115
1554 141
1555 185
1556 186
1557 110
1558 176
1559 134
1560 102
1561 134
1562 137
1563 173
1564 109
1565 180
1566 140
1567 171
1568 212
1569 0
1570 222
1571 146
1572 97
1573 169
1574 158
1575 218
1576 213
1577 145
1578 175
1579 205
1580 115
1581 154
1582 124
1583 162
1584 192
1585 180
1586 171
1587 201
1588 145
1589 137
1590 171
1591 188
1592 151
1593 125
1594 192
1595 198
1596 245
1597 167
1598 155
1599 177
1600 120
1601 200
1602 247
1603 113
1604 153
1605 150
1606 159
1607 148
1608 157
1609 149
1610 176
1611 151
1612 183
1613 172
1614 178
1615 167
1616 166
1617 112
1618 166
1619 162
1620 234
1621 164
1622 191
1623 159
1624 192
1625 133
1626 148
1627 171
1628 132
1629 181
1630 155
1631 172
1632 106
1633 111
1634 165
1635 110
1636 158
1637 129
1638 128
1639 145
1640 142
1641 147
1642 180
1643 269
1644 129
1645 191
1646 163
1647 196
1648 185
1649 155
1650 162
1651 119
1652 190
1653 149
1654 146
1655 181
1656 137
1657 227
1658 143
1659 184
1660 113
1661 139
1662 169
1663 165
1664 134
1665 161
1666 181
1667 151
1668 162
1669 193
1670 158
1671 92
1672 154
1673 199
1674 144
1675 175
1676 214
1677 149
1678 207
1679 106
1680 149
1681 183
1682 168
1683 187
1684 140
1685 152
1686 161
1687 173
1688 196
1689 218
1690 94
1691 168
1692 205
1693 141
1694 142
1695 182
1696 0
1697 193
1698 151
1699 203
1700 88
1701 143
1702 223
1703 204
1704 155
1705 191
1706 226
1707 217
1708 163
1709 184
1710 135
1711 218
1712 159
1713 150
1714 144
1715 155
1716 163
1717 130
1718 31
1719 185
1720 61
1721 189
1722 129
1723 118
1724 182
1725 106
1726 59
1727 202
1728 209
1729 178
1730 190
1731 149
1732 139
1733 110
1734 153
1735 153
1736 212
1737 210
1738 60
1739 138
1740 176
1741 187
1742 159
1743 159
1744 159
1745 159
1746 156
1747 178
1748 108
1749 139
1750 148
1751 154
1752 130
1753 209
1754 148
1755 198
1756 73
1757 127
1758 169
1759 238
1760 83
1761 148
1762 141
1763 161
1764 156
1765 203
1766 160
1767 106
1768 172
1769 146
1770 201
1771 207
1772 115
1773 132
1774 184
1775 168
1776 141
1777 191
1778 113
1779 165
1780 100
1781 125
1782 151
1783 192
1784 145
1785 247
1786 153
1787 135
1788 128
1789 195
1790 95
1791 183
1792 128
1793 171
1794 178
1795 157
1796 142
1797 142
1798 160
1799 145
1800 212
1801 160
1802 158
1803 214
1804 86
1805 0
1806 189
1807 178
1808 153
1809 123
1810 204
1811 160
1812 121
1813 191
1814 145
1815 151
1816 139
1817 131
1818 156
1819 148
1820 104
1821 131
1822 171
1823 141
1824 150
1825 135
1826 77
1827 171
1828 186
1829 137
1830 141
1831 109
1832 214
1833 175
1834 111
1835 189
1836 93
1837 135
1838 174
1839 247
1840 165
1841 154
1842 0
1843 85
1844 150
1845 170
1846 197
1847 120
1848 155
1849 138
1850 141
1851 162
1852 157
1853 136
1854 124
1855 237
1856 150
1857 160
1858 174
1859 171
1860 171
1861 125
1862 112
1863 150
1864 163
1865 179
1866 127
1867 125
1868 164
1869 172
1870 215
1871 190
1872 178
1873 83
1874 171
1875 109
1876 156
1877 105
1878 224
1879 134
1880 183
1881 177
1882 163
1883 178
1884 176
1885 158
1886 204
1887 233
1888 156
1889 149
1890 172
1891 103
1892 150
1893 173
1894 164
1895 140
1896 190
1897 163
1898 130
1899 130
1900 144
1901 97
1902 39
1903 165
1904 179
1905 144
1906 227
1907 136
1908 212
1909 141
1910 222
1911 142
1912 111
1913 146
1914 188
1915 166
1916 121
1917 169
1918 63
1919 166
1920 165
1921 197
1922 172
1923 217
1924 146
1925 124
1926 108
1927 163
1928 162
1929 164
1930 141
1931 135
1932 170
1933 0
1934 105
1935 57
1936 127
1937 150
1938 176
1939 131
1940 195
1941 225
1942 263
1943 191
1944 171
1945 171
1946 151
1947 175
1948 154
1949 161
1950 190
1951 132
1952 144
1953 197
1954 193
1955 177
1956 105
1957 196
1958 224
1959 137
1960 155
1961 161
1962 123
1963 185
1964 198
1965 204
1966 203
1967 219
1968 218
1969 147
1970 237
1971 206
1972 156
1973 156
1974 195
1975 158
1976 149
1977 184
1978 225
1979 212
1980 101
1981 174
1982 171
1983 198
1984 210
1985 173
1986 75
1987 124
1988 142
1989 181
1990 170
1991 88
1992 173
1993 140
1994 153
1995 161
1996 50
1997 175
1998 130
1999 89
2000 164
2001 129
2002 168
2003 155
2004 89
2005 181
2006 166
2007 184
2008 133
2009 200
2010 166
2011 114
2012 140
2013 178
2014 143
2015 170
2016 176
2017 100
2018 172
2019 212
2020 127
2021 161
2022 156
2023 108
2024 126
2025 77
2026 164
2027 158
2028 187
2029 166
2030 127
2031 118
2032 146
2033 164
2034 121
2035 129
2036 140
2037 124
2038 232
2039 202
2040 138
2041 128
2042 159
2043 178
2044 151
2045 104
2046 73
2047 189
2048 173
2049 135
2050 166
2051 172
2052 268
2053 170
2054 165
2055 161
2056 122
2057 90
2058 78
2059 147
2060 164
2061 201
2062 137
2063 152
2064 162
2065 169
2066 191
2067 138
2068 117
2069 168
2070 195
2071 212
2072 115
2073 168
2074 174
2075 127
2076 122
2077 118
2078 121
2079 219
2080 140
2081 108
2082 169
2083 129
2084 170
2085 183
2086 119
2087 119
2088 183
2089 220
2090 201
2091 177
2092 191
2093 164
2094 139
2095 48
2096 130
2097 172
2098 140
2099 157
2100 97
2101 204
2102 193
2103 174
2104 215
2105 250
2106 179
2107 124
2108 182
2109 102
2110 174
2111 162
2112 171
2113 155
2114 163
2115 186
2116 113
2117 124
2118 139
2119 152
2120 138
2121 89
2122 200
2123 168
2124 180
2125 171
2126 167
2127 160
2128 132
2129 158
2130 168
2131 173
2132 138
2133 158
2134 147
2135 144
2136 175
2137 182
2138 149
2139 195
2140 192
2141 141
2142 91
2143 149
2144 143
2145 163
2146 125
2147 114
2148 171
2149 170
2150 0
2151 169
2152 187
2153 169
2154 158
2155 180
2156 141
2157 149
2158 154
2159 160
2160 61
2161 207
2162 140
2163 143
2164 135
2165 189
2166 188
2167 108
2168 160
2169 145
2170 146
2171 161
2172 120
2173 148
2174 155
2175 158
2176 132
2177 188
2178 169
2179 98
2180 197
2181 154
2182 114
2183 222
2184 95
2185 216
2186 137
2187 196
2188 125
2189 161
2190 111
2191 83
2192 145
2193 184
2194 177
2195 176
2196 159
2197 174
2198 145
2199 153
2200 165
2201 122
2202 137
2203 94
2204 189
2205 172
2206 100
2207 113
2208 144
2209 163
2210 103
2211 142
2212 159
2213 148
2214 158
2215 178
2216 216
2217 170
2218 131
2219 134
2220 241
2221 142
2222 140
2223 115
2224 206
2225 201
2226 170
2227 145
2228 150
2229 136
2230 162
2231 108
2232 119
2233 155
2234 160
2235 164
2236 149
2237 144
2238 194
2239 0
2240 209
2241 112
2242 114
2243 100
2244 194
2245 45
2246 184
2247 136
2248 159
2249 136
2250 172
2251 158
2252 108
2253 166
2254 35
2255 88
2256 161
2257 125
2258 176
2259 173
2260 118
2261 200
2262 84
2263 144
2264 92
2265 125
2266 114
2267 192
2268 155
2269 111
2270 61
2271 0
2272 116
2273 198
2274 165
2275 182
2276 153
2277 204
2278 208
2279 111
2280 129
2281 54
2282 168
2283 181
2284 206
2285 108
2286 186
2287 139
2288 148
2289 185
2290 123
2291 193
2292 214
2293 152
2294 159
2295 131
2296 135
2297 136
2298 191
2299 170
2300 57
2301 193
2302 155
2303 198
2304 101
2305 224
2306 143
2307 163
2308 168
2309 180
2310 213
2311 151
2312 191
2313 151
2314 97
2315 185
2316 224
2317 120
2318 151
2319 173
2320 166
2321 188
2322 164
2323 157
2324 142
2325 255
2326 149
2327 183
2328 142
2329 134
2330 123
2331 173
2332 194
2333 153
2334 153
2335 190
2336 105
2337 94
2338 187
2339 179
2340 163
2341 143
2342 203
2343 140
2344 186
2345 301
2346 239
2347 142
2348 142
2349 152
2350 153
2351 116
2352 64
2353 180
2354 183
2355 141
2356 206
2357 169
2358 161
2359 93
2360 104
2361 123
2362 126
2363 128
2364 92
2365 107
2366 131
2367 101
2368 52
2369 157
2370 179
2371 140
2372 112
2373 115
2374 173
2375 180
2376 143
2377 155
2378 212
2379 116
2380 147
2381 172
2382 188
2383 189
2384 175
2385 197
2386 209
2387 121
2388 159
2389 143
2390 179
2391 189
2392 220
2393 160
2394 152
2395 156
2396 211
2397 122
2398 185
2399 118
2400 188
2401 119
2402 156
2403 198
2404 128
2405 143
2406 119
2407 160
2408 158
2409 149
2410 156
2411 193
2412 114
2413 185
2414 191
2415 168
2416 172
2417 127
2418 147
2419 54
2420 196
2421 97
2422 154
2423 169
2424 181
2425 172
2426 171
2427 189
2428 127
2429 198
2430 173
2431 143
2432 142
2433 180
2434 126
2435 138
2436 130
2437 143
2438 79
2439 120
2440 88
2441 184
2442 142
2443 195
2444 162
2445 151
2446 153
2447 76
2448 108
2449 121
2450 170
2451 177
2452 139
2453 149
2454 147
2455 161
2456 235
2457 182
2458 126
2459 127
2460 178
2461 123
2462 0
2463 164
2464 178
2465 126
2466 210
2467 196
2468 182
2469 183
2470 161
2471 148
2472 161
2473 245
2474 133
2475 111
2476 130
2477 170
2478 87
2479 112
2480 118
2481 123
2482 162
2483 174
2484 125
2485 116
2486 152
2487 138
2488 154
2489 154
2490 262
2491 253
2492 139
2493 184
2494 187
2495 86
2496 165
2497 84
2498 179
2499 173
2500 107
2501 69
2502 160
2503 88
2504 200
2505 115
2506 131
2507 149
2508 178
2509 122
2510 160
2511 118
2512 149
2513 182
2514 128
2515 161
2516 138
2517 168
2518 172
2519 166
2520 149
2521 122
2522 137
2523 161
2524 182
2525 103
2526 180
2527 169
2528 139
2529 176
2530 119
2531 184
2532 126
2533 177
2534 114
2535 142
2536 161
2537 186
2538 134
2539 135
2540 133
2541 125
2542 167
2543 148
2544 200
2545 128
2546 205
2547 147
2548 190
2549 180
2550 148
2551 123
2552 124
2553 182
2554 153
2555 249
2556 147
2557 124
2558 62
2559 197
2560 134
2561 161
2562 159
2563 165
2564 224
2565 193
2566 118
2567 172
2568 154
2569 104
2570 146
2571 174
2572 128
2573 130
2574 233
2575 116
2576 168
2577 114
2578 195
2579 200
2580 226
2581 133
2582 100
2583 129
2584 171
2585 161
2586 72
2587 175
2588 109
2589 179
2590 154
2591 195
2592 135
2593 107
2594 109
2595 175
2596 26
2597 96
2598 129
2599 126
2600 175
2601 123
2602 156
2603 195
2604 182
2605 168
2606 49
2607 174
2608 125
2609 137
2610 194
2611 135
2612 186
2613 144
2614 186
2615 179
2616 173
2617 119
2618 196
2619 129
2620 154
2621 126
2622 194
2623 171
2624 179
2625 142
2626 85
2627 197
2628 199
2629 219
2630 148
2631 162
2632 141
2633 128
2634 166
2635 133
2636 133
2637 178
2638 134
2639 120
2640 169
2641 145
2642 167
2643 228
2644 133
2645 215
2646 124
2647 106
2648 132
2649 180
2650 179
2651 142
2652 156
2653 212
2654 110
2655 147
2656 163
2657 163
2658 128
2659 189
2660 151
2661 131
2662 194
2663 181
2664 172
2665 133
2666 127
2667 157
2668 178
2669 192
2670 188
2671 147
2672 188
2673 123
2674 114
2675 155
2676 159
2677 169
2678 156
2679 166
2680 110
2681 219
2682 163
2683 148
2684 132
2685 113
2686 171
2687 157
2688 193
2689 152
2690 145
2691 162
2692 168
2693 124
2694 293
2695 157
2696 187
2697 216
2698 179
2699 75
2700 112
2701 123
2702 164
2703 116
2704 199
2705 114
2706 86
2707 219
2708 142
2709 207
2710 153
2711 173
2712 177
2713 138
2714 222
2715 184
2716 111
2717 114
2718 218
2719 161
2720 118
2721 141
2722 200
2723 195
2724 141
2725 139
2726 181
2727 128
2728 181
2729 138
2730 128
2731 131
2732 179
2733 110
2734 125
2735 178
2736 149
2737 140
2738 162
2739 102
2740 130
2741 180
2742 171
2743 224
2744 157
2745 217
2746 177
2747 0
2748 186
2749 120
2750 193
2751 100
2752 112
2753 143
2754 165
2755 116
2756 164
2757 196
2758 136
2759 151
2760 174
2761 21
2762 163
2763 105
2764 202
2765 129
2766 184
2767 39
2768 171
2769 146
2770 137
2771 123
2772 192
2773 168
2774 132
2775 153
2776 145
2777 174
2778 200
2779 147
2780 84
2781 133
2782 121
2783 107
2784 166
2785 132
2786 177
2787 156
2788 115
2789 210
2790 156
2791 173
2792 261
2793 162
2794 212
2795 178
2796 130
2797 182
2798 207
2799 137
2800 115
2801 155
2802 157
2803 94
2804 164
2805 110
2806 221
2807 138
2808 146
2809 113
2810 125
2811 228
2812 144
2813 198
2814 98
2815 194
2816 147
2817 193
2818 0
2819 123
2820 112
2821 114
2822 141
2823 163
2824 154
2825 144
2826 156
2827 158
2828 143
2829 115
2830 133
2831 194
2832 94
2833 180
2834 156
2835 150
2836 148
2837 109
2838 96
2839 125
2840 197
2841 169
2842 176
2843 134
2844 128
2845 128
2846 0
2847 134
2848 102
2849 155
2850 154
2851 158
2852 171
2853 206
2854 149
2855 156
2856 145
2857 194
2858 142
2859 128
2860 185
2861 132
2862 187
2863 149
2864 105
2865 257
2866 0
2867 124
2868 146
2869 164
2870 192
2871 131
2872 136
2873 185
2874 106
2875 181
2876 118
2877 148
2878 156
2879 96
2880 171
2881 183
2882 165
2883 47
2884 132
2885 152
2886 132
2887 61
2888 120
2889 199
2890 124
2891 259
2892 179
2893 166
2894 167
2895 123
2896 170
2897 112
2898 119
2899 137
2900 158
2901 135
2902 100
2903 103
2904 193
2905 0
2906 105
2907 185
2908 123
2909 116
2910 175
2911 0
2912 232
2913 0
2914 136
2915 111
2916 239
2917 179
2918 174
2919 172
2920 106
2921 241
2922 158
2923 97
2924 166
2925 170
2926 167
2927 132
2928 172
2929 133
2930 179
2931 46
2932 140
2933 151
2934 212
2935 181
2936 158
2937 149
2938 148
2939 87
2940 143
2941 139
2942 177
2943 181
2944 119
2945 98
2946 211
2947 197
2948 97
2949 143
2950 165
2951 137
2952 213
2953 114
2954 193
2955 136
2956 189
2957 169
2958 117
2959 224
2960 232
2961 156
2962 83
2963 148
2964 128
2965 152
2966 83
2967 152
2968 180
2969 239
2970 144
2971 149
2972 212
2973 176
2974 154
2975 175
2976 141
2977 58
2978 133
2979 145
2980 169
2981 149
2982 138
2983 148
2984 126
2985 129
2986 125
2987 81
2988 153
2989 74
2990 207
2991 130
2992 267
2993 170
2994 174
2995 165
2996 149
2997 204
2998 211
2999 139
