Vertices: 5600
Edges: 28000
Time: 4,565 ms
Iterations: 27832
Vertex Distance
0 0
1 210
2 176
3 87
4 153
5 142
6 195
7 206
8 190
9 129
10 191
11 185
12 137
13 164
14 122
15 156
16 160
17 176
18 114
19 159
20 107
21 196
22 120
23 160
24 166
25 141
26 149
27 194
28 172
29 143
30 193
31 173
32 268
33 138
34 213
35 164
36 181
37 104
38 200
39 257
40 154
41 152
42 108
43 206
44 192
45 187
46 246
47 167
48 137
49 143
50 170
51 177
52 162
53 117
54 192
55 125
56 242
57 172
58 150
59 182
60 135
61 185
62 119
63 135
64 75
65 81
66 123
67 191
68 134
69 158
70 60
71 179
72 220
73 183
74 225
75 176
76 150
77 105
78 125
79 149
80 165
81 160
82 193
83 215
84 167
85 242
86 179
87 170
88 149
89 170
90 250
91 201
92 135
93 94
94 119
95 167
96 207
97 167
98 181
99 146
100 141
101 158
102 122
103 170
104 162
105 162
106 141
107 186
108 80
109 173
110 99
111 147
112 207
113 169
114 202
115 186
116 160
117 175
118 199
119 170
120 194
121 192
122 182
123 172
124 153
125 214
126 191
127 176
128 162
129 158
130 198
131 154
132 189
133 123
134 190
135 120
136 158
137 184
138 162
139 154
140 0
141 152
142 82
143 189
144 152
145 152
146 206
147 165
148 203
149 183
150 172
151 174
152 134
153 185
154 180
155 146
156 159
157 75
158 201
159 225
160 157
161 193
162 190
163 197
164 149
165 144
166 179
167 142
168 0
169 181
170 168
171 202
172 145
173 133
174 179
175 136
176 133
177 170
178 187
179 174
180 139
181 91
182 130
183 140
184 204
185 128
186 108
187 105
188 156
189 123
190 202
191 114
192 130
193 155
194 172
195 153
196 174
197 182
198 149
199 160
200 203
201 117
202 142
203 216
204 115
205 188
206 213
207 133
208 148
209 172
210 200
211 202
212 190
213 160
214 185
215 183
216 146
217 0
218 135
219 204
220 88
221 174
222 136
223 217
224 161
225 172
226 191
227 159
228 113
229 127
230 71
231 158
232 185
233 111
234 144
235 157
236 172
237 191
238 177
239 130
240 179
241 117
242 138
243 96
244 122
245 129
246 191
247 191
248 160
249 133
250 207
251 163
252 145
253 0
254 177
255 140
256 114
257 162
258 130
259 158
260 159
261 202
262 201
263 167
264 253
265 160
266 143
267 161
268 191
269 155
270 132
271 181
272 113
273 149
274 195
275 188
276 137
277 156
278 191
279 97
280 188
281 143
282 96
283 209
284 126
285 127
286 217
287 166
288 188
289 152
290 162
291 144
292 130
293 144
294 136
295 135
296 200
297 111
298 165
299 173
300 178
301 163
302 137
303 218
304 142
305 169
306 158
307 191
308 104
309 172
310 139
311 132
312 182
313 161
314 146
315 185
316 179
317 157
318 154
319 142
320 204
321 90
322 153
323 166
324 202
325 155
326 186
327 178
328 197
329 172
330 171
331 169
332 106
333 0
334 158
335 191
336 222
337 143
338 150
339 132
340 122
341 148
342 189
343 167
344 185
345 234
346 157
347 190
348 173
349 138
350 211
351 239
352 137
353 74
354 277
355 147
356 181
357 179
358 108
359 177
360 169
361 145
362 163
363 106
364 98
365 221
366 151
367 162
368 109
369 165
370 158
371 174
372 90
373 170
374 198
375 115
376 179
377 197
378 95
379 163
380 225
381 181
382 195
383 262
384 138
385 92
386 98
387 140
388 181
389 191
390 235
391 176
392 155
393 228
394 144
395 158
396 200
397 162
398 140
399 186
400 23
401 166
402 136
403 133
404 150
405 160
406 141
407 157
408 133
409 235
410 191
411 94
412 127
413 115
414 138
415 208
416 206
417 150
418 166
419 158
420 135
421 135
422 189
423 184
424 118
425 134
426 232
427 137
428 189
429 152
430 151
431 157
432 98
433 164
434 156
435 132
436 148
437 139
438 166
439 116
440 166
441 153
442 167
443 172
444 159
445 190
446 178
447 178
448 145
449 190
450 183
451 160
452 175
453 172
454 195
455 141
456 173
457 130
458 208
459 138
460 230
461 190
462 169
463 159
464 158
465 200
466 179
467 158
468 152
469 162
470 200
471 89
472 150
473 158
474 155
475 100
476 161
477 217
478 159
479 216
480 139
481 117
482 145
483 107
484 144
485 136
486 63
487 157
488 210
489 202
490 184
491 160
492 221
493 189
494 158
495 149
496 155
497 159
498 145
499 93
500 162
501 163
502 228
503 161
504 182
505 196
506 139
507 151
508 187
509 113
510 187
511 176
512 142
513 128
514 146
515 126
516 161
517 121
518 151
519 148
520 188
521 147
522 146
523 139
524 168
525 206
526 162
527 144
528 181
529 171
530 146
531 0
532 189
533 186
534 170
535 238
536 154
537 143
538 156
539 147
540 175
541 147
542 163
543 123
544 206
545 0
546 148
547 162
548 125
549 120
550 188
551 174
552 151
553 224
554 115
555 186
556 129
557 104
558 113
559 106
560 101
561 188
562 183
563 154
564 181
565 230
566 123
567 175
568 109
569 113
570 238
571 238
572 212
573 198
574 168
575 129
576 139
577 163
578 183
579 146
580 161
581 179
582 166
583 224
584 174
585 222
586 113
587 161
588 190
589 182
590 96
591 0
592 169
593 183
594 133
595 187
596 182
597 95
598 196
599 114
600 128
601 162
602 182
603 174
604 123
605 203
606 169
607 157
608 185
609 203
610 123
611 191
612 137
613 154
614 216
615 107
616 119
617 135
618 144
619 135
620 158
621 205
622 126
623 164
624 181
625 129
626 123
627 204
628 146
629 128
630 65
631 141
632 184
633 162
634 184
635 0
636 191
637 182
638 127
639 116
640 124
641 166
642 185
643 207
644 180
645 155
646 195
647 99
648 182
649 163
650 159
651 209
652 123
653 127
654 160
655 211
656 194
657 167
658 158
659 162
660 253
661 183
662 183
663 203
664 147
665 146
666 164
667 191
668 154
669 141
670 173
671 157
672 168
673 180
674 133
675 190
676 0
677 99
678 186
679 106
680 178
681 126
682 147
683 210
684 132
685 183
686 210
687 137
688 128
689 86
690 237
691 173
692 183
693 151
694 115
695 40
696 252
697 175
698 155
699 147
700 157
701 188
702 155
703 173
704 66
705 139
706 216
707 84
708 108
709 159
710 149
711 183
712 151
713 176
714 155
715 167
716 149
717 181
718 184
719 151
720 184
721 174
722 170
723 185
724 180
725 203
726 137
727 195
728 114
729 35
730 157
731 173
732 167
733 0
734 0
735 184
736 116
737 190
738 108
739 222
740 134
741 112
742 145
743 151
744 204
745 130
746 188
747 136
748 165
749 29
750 172
751 72
752 89
753 205
754 201
755 171
756 166
757 139
758 117
759 155
760 126
761 175
762 180
763 198
764 177
765 190
766 158
767 146
768 156
769 262
770 156
771 153
772 138
773 166
774 135
775 171
776 129
777 0
778 155
779 164
780 235
781 82
782 175
783 200
784 168
785 88
786 129
787 168
788 119
789 140
790 188
791 204
792 124
793 144
794 177
795 150
796 153
797 139
798 172
799 194
800 142
801 142
802 209
803 214
804 164
805 164
806 151
807 154
808 118
809 123
810 158
811 154
812 167
813 166
814 169
815 187
816 211
817 205
818 173
819 143
820 179
821 159
822 141
823 179
824 152
825 157
826 139
827 266
828 128
829 214
830 192
831 164
832 166
833 121
834 194
835 163
836 176
837 160
838 135
839 234
840 110
841 157
842 43
843 195
844 165
845 157
846 174
847 225
848 157
849 125
850 196
851 105
852 148
853 155
854 155
855 123
856 129
857 169
858 146
859 138
860 105
861 197
862 141
863 186
864 121
865 163
866 193
867 159
868 119
869 119
870 253
871 185
872 154
873 200
874 216
875 96
876 27
877 76
878 195
879 171
880 112
881 176
882 111
883 165
884 160
885 200
886 289
887 153
888 172
889 147
890 176
891 139
892 134
893 193
894 157
895 142
896 132
897 195
898 139
899 191
900 79
901 32
902 181
903 184
904 162
905 218
906 144
907 159
908 120
909 138
910 120
911 93
912 200
913 174
914 123
915 169
916 117
917 258
918 177
919 175
920 171
921 157
922 124
923 102
924 163
925 139
926 130
927 160
928 147
929 150
930 111
931 185
932 183
933 181
934 161
935 164
936 201
937 131
938 153
939 134
940 154
941 173
942 146
943 149
944 181
945 201
946 170
947 123
948 80
949 183
950 131
951 197
952 151
953 158
954 190
955 149
956 145
957 0
958 117
959 136
960 198
961 120
962 162
963 158
964 112
965 119
966 145
967 152
968 200
969 150
970 218
971 169
972 237
973 145
974 208
975 186
976 212
977 0
978 141
979 99
980 163
981 148
982 163
983 185
984 162
985 197
986 178
987 126
988 167
989 168
990 251
991 144
992 206
993 136
994 121
995 198
996 140
997 168
998 180
999 173
1000 114
1001 160
1002 145
1003 133
1004 194
1005 149
1006 122
1007 161
1008 113
1009 176
1010 291
1011 147
1012 284
1013 154
1014 152
1015 121
1016 127
1017 222
1018 154
1019 178
1020 153
1021 175
1022 143
1023 164
1024 171
1025 201
1026 205
1027 191
1028 261
1029 206
1030 151
1031 103
1032 163
1033 187
1034 189
1035 161
1036 146
1037 192
1038 226
1039 165
1040 176
1041 169
1042 149
1043 163
1044 149
1045 147
1046 174
1047 225
1048 114
1049 168
1050 111
1051 139
1052 189
1053 129
1054 0
1055 143
1056 160
1057 159
1058 192
1059 150
1060 147
1061 213
1062 203
1063 170
1064 155
1065 131
1066 106
1067 91
1068 177
1069 149
1070 240
1071 0
1072 177
1073 122
1074 200
1075 169
1076 178
1077 183
1078 146
1079 177
1080 176
1081 145
1082 190
1083 152
1084 233
1085 187
1086 134
1087 142
1088 207
1089 119
1090 172
1091 164
1092 170
1093 140
1094 168
1095 219
1096 159
1097 169
1098 149
1099 132
1100 174
1101 155
1102 144
1103 145
1104 224
1105 181
1106 120
1107 184
1108 154
1109 145
1110 154
1111 105
1112 187
1113 192
1114 156
1115 144
1116 161
1117 182
1118 154
1119 165
1120 125
1121 27
1122 191
1123 55
1124 155
1125 151
1126 150
1127 198
1128 255
1129 139
1130 217
1131 109
1132 102
1133 133
1134 151
1135 179
1136 119
1137 135
1138 156
1139 174
1140 132
1141 152
1142 89
1143 162
1144 167
1145 75
1146 183
1147 110
1148 185
1149 122
1150 116
1151 127
1152 174
1153 169
1154 178
1155 139
1156 132
1157 192
1158 165
1159 185
1160 156
1161 143
1162 137
1163 155
1164 162
1165 166
1166 179
1167 161
1168 169
1169 163
1170 176
1171 162
1172 148
1173 118
1174 183
1175 103
1176 0
1177 199
1178 155
1179 114
1180 248
1181 190
1182 145
1183 205
1184 155
1185 162
1186 152
1187 163
1188 207
1189 236
1190 170
1191 138
1192 141
1193 121
1194 154
1195 155
1196 175
1197 204
1198 170
1199 190
1200 171
1201 152
1202 205
1203 120
1204 122
1205 112
1206 212
1207 158
1208 128
1209 54
1210 168
1211 157
1212 194
1213 178
1214 168
1215 156
1216 134
1217 91
1218 102
1219 79
1220 144
1221 125
1222 175
1223 164
1224 127
1225 158
1226 161
1227 205
1228 154
1229 182
1230 150
1231 203
1232 178
1233 176
1234 134
1235 151
1236 167
1237 158
1238 155
1239 80
1240 208
1241 163
1242 211
1243 149
1244 179
1245 131
1246 145
1247 136
1248 212
1249 186
1250 110
1251 132
1252 125
1253 199
1254 172
1255 142
1256 151
1257 131
1258 195
1259 191
1260 165
1261 139
1262 231
1263 181
1264 141
1265 155
1266 164
1267 178
1268 155
1269 167
1270 158
1271 145
1272 187
1273 185
1274 91
1275 106
1276 114
1277 166
1278 115
1279 157
1280 131
1281 184
1282 128
1283 236
1284 166
1285 169
1286 140
1287 148
1288 156
1289 160
1290 158
1291 158
1292 136
1293 169
1294 148
1295 194
1296 190
1297 130
1298 178
1299 126
1300 192
1301 156
1302 183
1303 185
1304 156
1305 112
1306 144
1307 183
1308 145
1309 134
1310 178
1311 167
1312 166
1313 159
1314 77
1315 148
1316 242
1317 136
1318 145
1319 154
1320 117
1321 169
1322 138
1323 247
1324 188
1325 92
1326 183
1327 116
1328 127
1329 171
1330 141
1331 98
1332 197
1333 182
1334 141
1335 147
1336 221
1337 152
1338 169
1339 50
1340 194
1341 136
1342 115
1343 242
1344 194
1345 152
1346 93
1347 155
1348 197
1349 149
1350 101
1351 113
1352 185
1353 173
1354 167
1355 262
1356 188
1357 151
1358 90
1359 171
1360 236
1361 152
1362 162
1363 207
1364 219
1365 191
1366 107
1367 121
1368 185
1369 207
1370 131
1371 168
1372 144
1373 109
1374 176
1375 196
1376 140
1377 208
1378 201
1379 155
1380 231
1381 134
1382 115
1383 250
1384 195
1385 160
1386 158
1387 126
1388 151
1389 166
1390 190
1391 141
1392 177
1393 151
1394 193
1395 146
1396 142
1397 171
1398 196
1399 141
1400 150
1401 33
1402 145
1403 192
1404 142
1405 179
1406 172
1407 160
1408 233
1409 125
1410 207
1411 140
1412 195
1413 83
1414 193
1415 146
1416 120
1417 194
1418 82
1419 149
1420 142
1421 169
1422 175
1423 128
1424 164
1425 129
1426 188
1427 146
1428 131
1429 220
1430 203
1431 200
1432 65
1433 132
1434 133
1435 108
1436 226
1437 154
1438 138
1439 178
1440 192
1441 160
1442 99
1443 162
1444 109
1445 172
1446 187
1447 117
1448 137
1449 205
1450 137
1451 268
1452 213
1453 166
1454 180
1455 89
1456 227
1457 141
1458 170
1459 168
1460 177
1461 164
1462 167
1463 121
1464 226
1465 121
1466 167
1467 176
1468 142
1469 185
1470 169
1471 126
1472 158
1473 135
1474 143
1475 199
1476 170
1477 181
1478 165
1479 188
1480 206
1481 151
1482 181
1483 126
1484 242
1485 199
1486 128
1487 158
1488 182
1489 173
1490 163
1491 133
1492 217
1493 88
1494 221
1495 137
1496 194
1497 183
1498 267
1499 164
1500 154
1501 197
1502 119
1503 173
1504 143
1505 160
1506 133
1507 180
1508 146
1509 120
1510 133
1511 155
1512 119
1513 149
1514 151
1515 159
1516 228
1517 148
1518 102
1519 201
1520 130
1521 139
1522 177
1523 155
1524 145
1525 275
1526 151
1527 153
1528 163
1529 115
1530 216
1531 28
1532 160
1533 162
1534 214
1535 109
1536 214
1537 145
1538 169
1539 230
1540 162
1541 126
1542 176
1543 200
1544 184
1545 203
1546 156
1547 167
1548 168
1549 131
1550 209
1551 157
1552 146
1553 162
1554 128
1555 118
1556 219
1557 160
1558 207
1559 94
1560 128
1561 176
1562 106
1563 158
1564 188
1565 185
1566 150
1567 159
1568 199
1569 163
1570 104
1571 186
1572 117
1573 181
1574 154
1575 192
1576 177
1577 176
1578 181
1579 183
1580 225
1581 170
1582 163
1583 173
1584 163
1585 154
1586 333
1587 150
1588 132
1589 174
1590 123
1591 141
1592 170
1593 165
1594 154
1595 168
1596 156
1597 158
1598 195
1599 142
1600 143
1601 157
1602 146
1603 151
1604 141
1605 183
1606 162
1607 171
1608 141
1609 54
1610 203
1611 162
1612 180
1613 214
1614 173
1615 230
1616 182
1617 179
1618 126
1619 131
1620 209
1621 144
1622 105
1623 124
1624 162
1625 173
1626 175
1627 76
1628 189
1629 218
1630 176
1631 194
1632 170
1633 140
1634 160
1635 120
1636 197
1637 203
1638 154
1639 134
1640 105
1641 155
1642 136
1643 183
1644 188
1645 146
1646 146
1647 208
1648 179
1649 133
1650 198
1651 139
1652 120
1653 158
1654 195
1655 167
1656 180
1657 151
1658 203
1659 171
1660 219
1661 180
1662 110
1663 159
1664 151
1665 166
1666 208
1667 175
1668 184
1669 161
1670 183
1671 147
1672 179
1673 188
1674 162
1675 192
1676 126
1677 164
1678 177
1679 141
1680 168
1681 194
1682 185
1683 209
1684 165
1685 64
1686 176
1687 169
1688 155
1689 215
1690 164
1691 115
1692 193
1693 157
1694 253
1695 177
1696 167
1697 152
1698 143
1699 193
1700 167
1701 152
1702 120
1703 127
1704 163
1705 171
1706 160
1707 199
1708 103
1709 205
1710 170
1711 221
1712 144
1713 219
1714 203
1715 206
1716 180
1717 131
1718 169
1719 112
1720 163
1721 172
1722 200
1723 181
1724 148
1725 176
1726 187
1727 202
1728 173
1729 174
1730 168
1731 110
1732 228
1733 144
1734 154
1735 134
1736 102
1737 130
1738 194
1739 169
1740 170
1741 166
1742 186
1743 144
1744 160
1745 132
1746 184
1747 134
1748 180
1749 159
1750 125
1751 181
1752 147
1753 178
1754 191
1755 186
1756 112
1757 140
1758 167
1759 223
1760 155
1761 30
1762 134
1763 186
1764 175
1765 173
1766 237
1767 171
1768 174
1769 140
1770 152
1771 177
1772 177
1773 135
1774 205
1775 151
1776 151
1777 140
1778 167
1779 154
1780 141
1781 156
1782 190
1783 165
1784 142
1785 204
1786 101
1787 151
1788 152
1789 202
1790 125
1791 154
1792 200
1793 148
1794 117
1795 190
1796 140
1797 139
1798 153
1799 275
1800 209
1801 181
1802 135
1803 172
1804 146
1805 191
1806 112
1807 150
1808 186
1809 138
1810 124
1811 163
1812 177
1813 154
1814 131
1815 139
1816 141
1817 136
1818 112
1819 195
1820 155
1821 90
1822 182
1823 184
1824 177
1825 220
1826 245
1827 148
1828 133
1829 167
1830 124
1831 207
1832 172
1833 166
1834 196
1835 173
1836 150
1837 149
1838 209
1839 199
1840 170
1841 143
1842 186
1843 263
1844 137
1845 233
1846 99
1847 192
1848 215
1849 35
1850 162
1851 200
1852 140
1853 136
1854 158
1855 133
1856 153
1857 125
1858 192
1859 211
1860 141
1861 177
1862 187
1863 150
1864 92
1865 151
1866 190
1867 0
1868 175
1869 171
1870 193
1871 170
1872 201
1873 158
1874 162
1875 209
1876 172
1877 177
1878 196
1879 158
1880 106
1881 184
1882 165
1883 166
1884 200
1885 92
1886 122
1887 159
1888 194
1889 174
1890 162
1891 215
1892 120
1893 122
1894 92
1895 142
1896 133
1897 258
1898 224
1899 174
1900 171
1901 131
1902 177
1903 176
1904 146
1905 149
1906 176
1907 142
1908 168
1909 151
1910 212
1911 153
1912 136
1913 164
1914 202
1915 156
1916 194
1917 220
1918 203
1919 126
1920 115
1921 101
1922 182
1923 149
1924 138
1925 166
1926 111
1927 157
1928 136
1929 187
1930 106
1931 170
1932 170
1933 150
1934 160
1935 248
1936 194
1937 127
1938 141
1939 108
1940 156
1941 179
1942 233
1943 196
1944 163
1945 150
1946 0
1947 105
1948 114
1949 232
1950 133
1951 188
1952 174
1953 134
1954 167
1955 180
1956 158
1957 183
1958 201
1959 172
1960 168
1961 144
1962 218
1963 213
1964 176
1965 126
1966 167
1967 167
1968 159
1969 129
1970 151
1971 161
1972 95
1973 163
1974 174
1975 180
1976 140
1977 144
1978 222
1979 153
1980 220
1981 194
1982 137
1983 159
1984 190
1985 172
1986 150
1987 150
1988 187
1989 181
1990 158
1991 204
1992 159
1993 207
1994 162
1995 172
1996 204
1997 183
1998 124
1999 169
2000 171
2001 164
2002 145
2003 174
2004 169
2005 153
2006 171
2007 190
2008 229
2009 165
2010 166
2011 215
2012 145
2013 170
2014 232
2015 171
2016 165
2017 172
2018 160
2019 201
2020 156
2021 142
2022 135
2023 116
2024 187
2025 155
2026 166
2027 157
2028 142
2029 155
2030 80
2031 163
2032 149
2033 173
2034 103
2035 180
2036 188
2037 184
2038 92
2039 134
2040 129
2041 139
2042 85
2043 171
2044 176
2045 162
2046 100
2047 167
2048 144
2049 180
2050 159
2051 170
2052 169
2053 181
2054 151
2055 177
2056 233
2057 156
2058 150
2059 130
2060 156
2061 200
2062 157
2063 179
2064 173
2065 187
2066 116
2067 133
2068 187
2069 157
2070 228
2071 155
2072 161
2073 162
2074 210
2075 150
2076 168
2077 190
2078 185
2079 144
2080 186
2081 132
2082 142
2083 164
2084 187
2085 168
2086 121
2087 151
2088 206
2089 159
2090 175
2091 140
2092 166
2093 188
2094 147
2095 154
2096 136
2097 99
2098 130
2099 174
2100 213
2101 210
2102 212
2103 188
2104 190
2105 141
2106 151
2107 145
2108 102
2109 161
2110 160
2111 257
2112 213
2113 195
2114 178
2115 195
2116 164
2117 195
2118 214
2119 168
2120 0
2121 200
2122 137
2123 246
2124 169
2125 155
2126 189
2127 174
2128 198
2129 129
2130 113
2131 139
2132 256
2133 213
2134 127
2135 129
2136 169
2137 127
2138 158
2139 184
2140 135
2141 155
2142 200
2143 151
2144 141
2145 187
2146 67
2147 170
2148 157
2149 162
2150 194
2151 172
2152 169
2153 224
2154 157
2155 243
2156 179
2157 144
2158 69
2159 220
2160 195
2161 173
2162 124
2163 180
2164 149
2165 133
2166 137
2167 175
2168 169
2169 223
2170 149
2171 115
2172 132
2173 119
2174 172
2175 201
2176 179
2177 184
2178 170
2179 168
2180 166
2181 170
2182 115
2183 74
2184 206
2185 161
2186 85
2187 167
2188 130
2189 168
2190 153
2191 184
2192 120
2193 178
2194 184
2195 210
2196 180
2197 117
2198 170
2199 214
2200 168
2201 180
2202 163
2203 187
2204 196
2205 173
2206 123
2207 154
2208 207
2209 119
2210 287
2211 155
2212 69
2213 191
2214 211
2215 128
2216 210
2217 180
2218 185
2219 128
2220 142
2221 168
2222 143
2223 151
2224 111
2225 183
2226 122
2227 187
2228 159
2229 100
2230 160
2231 208
2232 215
2233 173
2234 171
2235 192
2236 193
2237 137
2238 191
2239 212
2240 133
2241 204
2242 131
2243 156
2244 141
2245 109
2246 185
2247 146
2248 139
2249 97
2250 119
2251 167
2252 157
2253 169
2254 82
2255 197
2256 202
2257 166
2258 174
2259 225
2260 153
2261 129
2262 241
2263 167
2264 168
2265 129
2266 148
2267 143
2268 177
2269 168
2270 167
2271 166
2272 169
2273 126
2274 146
2275 171
2276 198
2277 204
2278 169
2279 209
2280 176
2281 220
2282 182
2283 208
2284 100
2285 132
2286 230
2287 133
2288 140
2289 163
2290 205
2291 195
2292 140
2293 155
2294 201
2295 117
2296 226
2297 137
2298 141
2299 147
2300 178
2301 184
2302 137
2303 169
2304 121
2305 180
2306 201
2307 157
2308 185
2309 211
2310 135
2311 155
2312 170
2313 168
2314 185
2315 133
2316 130
2317 174
2318 165
2319 135
2320 91
2321 110
2322 101
2323 160
2324 124
2325 160
2326 182
2327 175
2328 81
2329 158
2330 170
2331 169
2332 222
2333 188
2334 179
2335 14
2336 170
2337 184
2338 76
2339 191
2340 165
2341 168
2342 229
2343 170
2344 209
2345 210
2346 179
2347 170
2348 146
2349 170
2350 157
2351 266
2352 183
2353 134
2354 128
2355 198
2356 193
2357 172
2358 162
2359 166
2360 170
2361 169
2362 163
2363 130
2364 67
2365 216
2366 131
2367 167
2368 251
2369 109
2370 233
2371 163
2372 130
2373 177
2374 214
2375 140
2376 188
2377 165
2378 178
2379 211
2380 200
2381 120
2382 203
2383 148
2384 83
2385 177
2386 144
2387 178
2388 201
2389 183
2390 132
2391 147
2392 181
2393 187
2394 160
2395 170
2396 168
2397 138
2398 153
2399 106
2400 163
2401 164
2402 120
2403 180
2404 203
2405 185
2406 131
2407 165
2408 244
2409 160
2410 161
2411 140
2412 138
2413 167
2414 131
2415 154
2416 137
2417 114
2418 144
2419 185
2420 156
2421 174
2422 150
2423 142
2424 183
2425 155
2426 112
2427 150
2428 157
2429 174
2430 127
2431 168
2432 165
2433 161
2434 158
2435 136
2436 137
2437 115
2438 206
2439 173
2440 162
2441 178
2442 101
2443 65
2444 163
2445 102
2446 159
2447 183
2448 173
2449 209
2450 147
2451 241
2452 134
2453 157
2454 122
2455 184
2456 155
2457 130
2458 161
2459 123
2460 173
2461 147
2462 135
2463 176
2464 225
2465 166
2466 253
2467 197
2468 97
2469 170
2470 178
2471 202
2472 150
2473 109
2474 150
2475 182
2476 157
2477 142
2478 205
2479 190
2480 236
2481 158
2482 142
2483 177
2484 134
2485 200
2486 165
2487 127
2488 160
2489 183
2490 139
2491 165
2492 152
2493 170
2494 75
2495 153
2496 213
2497 165
2498 154
2499 180
2500 159
2501 122
2502 208
2503 53
2504 115
2505 162
2506 197
2507 129
2508 151
2509 134
2510 180
2511 114
2512 179
2513 218
2514 152
2515 78
2516 137
2517 151
2518 204
2519 182
2520 149
2521 117
2522 157
2523 138
2524 160
2525 144
2526 213
2527 135
2528 202
2529 43
2530 128
2531 195
2532 131
2533 163
2534 104
2535 200
2536 160
2537 171
2538 185
2539 169
2540 170
2541 110
2542 118
2543 138
2544 110
2545 231
2546 133
2547 127
2548 171
2549 171
2550 219
2551 177
2552 147
2553 197
2554 175
2555 151
2556 145
2557 105
2558 200
2559 163
2560 174
2561 159
2562 175
2563 190
2564 139
2565 169
2566 175
2567 190
2568 190
2569 158
2570 157
2571 165
2572 30
2573 129
2574 223
2575 175
2576 154
2577 255
2578 147
2579 167
2580 151
2581 165
2582 154
2583 202
2584 158
2585 185
2586 127
2587 191
2588 146
2589 280
2590 218
2591 186
2592 154
2593 183
2594 134
2595 143
2596 189
2597 98
2598 128
2599 140
2600 268
2601 132
2602 197
2603 0
2604 147
2605 115
2606 223
2607 139
2608 180
2609 192
2610 132
2611 145
2612 177
2613 115
2614 195
2615 139
2616 268
2617 173
2618 228
2619 186
2620 148
2621 187
2622 181
2623 181
2624 174
2625 155
2626 169
2627 127
2628 122
2629 158
2630 138
2631 153
2632 183
2633 196
2634 161
2635 173
2636 147
2637 189
2638 190
2639 150
2640 169
2641 121
2642 157
2643 149
2644 153
2645 144
2646 159
2647 159
2648 155
2649 165
2650 166
2651 149
2652 180
2653 166
2654 182
2655 128
2656 220
2657 156
2658 156
2659 110
2660 197
2661 173
2662 173
2663 192
2664 175
2665 120
2666 139
2667 176
2668 200
2669 155
2670 191
2671 143
2672 157
2673 240
2674 93
2675 176
2676 135
2677 176
2678 180
2679 162
2680 184
2681 181
2682 173
2683 160
2684 172
2685 268
2686 89
2687 233
2688 190
2689 159
2690 155
2691 141
2692 150
2693 77
2694 179
2695 209
2696 195
2697 163
2698 145
2699 178
2700 143
2701 209
2702 149
2703 178
2704 258
2705 172
2706 187
2707 142
2708 131
2709 134
2710 178
2711 253
2712 148
2713 137
2714 129
2715 187
2716 184
2717 128
2718 128
2719 152
2720 174
2721 181
2722 138
2723 135
2724 181
2725 132
2726 160
2727 202
2728 171
2729 128
2730 146
2731 141
2732 212
2733 182
2734 203
2735 212
2736 174
2737 86
2738 179
2739 133
2740 176
2741 209
2742 151
2743 90
2744 146
2745 126
2746 195
2747 125
2748 112
2749 154
2750 193
2751 178
2752 141
2753 124
2754 95
2755 171
2756 156
2757 164
2758 121
2759 213
2760 176
2761 116
2762 153
2763 135
2764 174
2765 202
2766 162
2767 75
2768 214
2769 133
2770 124
2771 120
2772 95
2773 192
2774 166
2775 177
2776 120
2777 78
2778 134
2779 157
2780 201
2781 197
2782 227
2783 184
2784 189
2785 168
2786 191
2787 171
2788 166
2789 197
2790 156
2791 214
2792 177
2793 179
2794 153
2795 136
2796 144
2797 164
2798 180
2799 158
2800 152
2801 167
2802 142
2803 144
2804 140
2805 174
2806 151
2807 217
2808 193
2809 193
2810 147
2811 145
2812 161
2813 146
2814 250
2815 156
2816 89
2817 115
2818 174
2819 137
2820 111
2821 113
2822 148
2823 172
2824 160
2825 160
2826 102
2827 174
2828 215
2829 63
2830 126
2831 126
2832 195
2833 163
2834 155
2835 178
2836 138
2837 165
2838 116
2839 191
2840 152
2841 109
2842 218
2843 219
2844 127
2845 165
2846 104
2847 126
2848 151
2849 214
2850 168
2851 221
2852 178
2853 92
2854 160
2855 128
2856 148
2857 168
2858 114
2859 166
2860 195
2861 171
2862 192
2863 178
2864 159
2865 127
2866 143
2867 147
2868 172
2869 204
2870 159
2871 166
2872 99
2873 176
2874 146
2875 123
2876 198
2877 269
2878 119
2879 196
2880 224
2881 164
2882 151
2883 198
2884 124
2885 84
2886 197
2887 112
2888 159
2889 141
2890 68
2891 188
2892 130
2893 196
2894 181
2895 134
2896 136
2897 92
2898 150
2899 157
2900 144
2901 236
2902 149
2903 168
2904 165
2905 210
2906 140
2907 78
2908 82
2909 148
2910 173
2911 172
2912 119
2913 161
2914 219
2915 173
2916 149
2917 239
2918 181
2919 113
2920 160
2921 169
2922 75
2923 181
2924 175
2925 169
2926 149
2927 97
2928 108
2929 181
2930 172
2931 182
2932 166
2933 177
2934 181
2935 178
2936 145
2937 131
2938 222
2939 167
2940 124
2941 131
2942 205
2943 172
2944 116
2945 154
2946 119
2947 185
2948 151
2949 140
2950 179
2951 173
2952 211
2953 221
2954 166
2955 142
2956 215
2957 161
2958 212
2959 145
2960 170
2961 180
2962 122
2963 98
2964 221
2965 172
2966 171
2967 114
2968 208
2969 196
2970 169
2971 147
2972 152
2973 190
2974 227
2975 197
2976 160
2977 196
2978 104
2979 215
2980 151
2981 96
2982 197
2983 158
2984 164
2985 131
2986 130
2987 191
2988 138
2989 164
2990 165
2991 129
2992 179
2993 211
2994 129
2995 159
2996 176
2997 138
2998 254
2999 124
3000 159
3001 166
3002 140
3003 227
3004 151
3005 110
3006 121
3007 102
3008 167
3009 149
3010 145
3011 157
3012 150
3013 236
3014 159
3015 127
3016 221
3017 193
3018 180
3019 86
3020 139
3021 165
3022 167
3023 212
3024 167
3025 110
3026 164
3027 192
3028 169
3029 218
3030 155
3031 244
3032 186
3033 159
3034 119
3035 186
3036 147
3037 108
3038 195
3039 144
3040 194
3041 181
3042 142
3043 133
3044 101
3045 171
3046 204
3047 148
3048 253
3049 179
3050 176
3051 165
3052 199
3053 174
3054 137
3055 207
3056 183
3057 215
3058 170
3059 184
3060 160
3061 179
3062 175
3063 155
3064 208
3065 149
3066 184
3067 171
3068 198
3069 166
3070 215
3071 122
3072 150
3073 174
3074 202
3075 167
3076 143
3077 199
3078 175
3079 128
3080 136
3081 187
3082 281
3083 254
3084 153
3085 140
3086 172
3087 148
3088 179
3089 188
3090 175
3091 110
3092 173
3093 92
3094 195
3095 153
3096 180
3097 128
3098 159
3099 188
3100 167
3101 162
3102 126
3103 215
3104 170
3105 159
3106 179
3107 172
3108 190
3109 221
3110 252
3111 177
3112 151
3113 162
3114 161
3115 260
3116 173
3117 186
3118 165
3119 69
3120 99
3121 178
3122 169
3123 172
3124 156
3125 201
3126 123
3127 106
3128 208
3129 172
3130 150
3131 113
3132 241
3133 246
3134 106
3135 116
3136 184
3137 159
3138 90
3139 139
3140 189
3141 160
3142 172
3143 174
3144 135
3145 140
3146 105
3147 101
3148 204
3149 151
3150 192
3151 122
3152 211
3153 226
3154 152
3155 173
3156 159
3157 136
3158 165
3159 145
3160 114
3161 184
3162 98
3163 178
3164 169
3165 122
3166 132
3167 188
3168 206
3169 168
3170 68
3171 126
3172 148
3173 169
3174 102
3175 101
3176 89
3177 206
3178 184
3179 140
3180 166
3181 133
3182 163
3183 180
3184 128
3185 210
3186 156
3187 85
3188 171
3189 141
3190 108
3191 113
3192 138
3193 145
3194 158
3195 173
3196 186
3197 175
3198 147
3199 144
3200 175
3201 234
3202 171
3203 121
3204 148
3205 189
3206 140
3207 1
3208 180
3209 139
3210 159
3211 183
3212 150
3213 136
3214 161
3215 156
3216 183
3217 154
3218 150
3219 166
3220 223
3221 154
3222 164
3223 171
3224 207
3225 199
3226 230
3227 208
3228 177
3229 78
3230 181
3231 154
3232 166
3233 204
3234 145
3235 130
3236 174
3237 191
3238 187
3239 213
3240 178
3241 121
3242 152
3243 134
3244 186
3245 167
3246 171
3247 181
3248 101
3249 213
3250 162
3251 117
3252 177
3253 122
3254 168
3255 184
3256 199
3257 117
3258 176
3259 179
3260 168
3261 249
3262 212
3263 172
3264 112
3265 129
3266 126
3267 172
3268 138
3269 220
3270 195
3271 172
3272 198
3273 174
3274 175
3275 166
3276 39
3277 173
3278 222
3279 150
3280 157
3281 157
3282 186
3283 169
3284 128
3285 146
3286 192
3287 123
3288 129
3289 130
3290 108
3291 194
3292 133
3293 184
3294 179
3295 183
3296 148
3297 173
3298 180
3299 178
3300 165
3301 168
3302 124
3303 157
3304 187
3305 156
3306 196
3307 159
3308 127
3309 111
3310 135
3311 193
3312 126
3313 154
3314 135
3315 171
3316 208
3317 143
3318 155
3319 151
3320 160
3321 177
3322 235
3323 193
3324 180
3325 149
3326 92
3327 98
3328 128
3329 150
3330 167
3331 176
3332 183
3333 147
3334 153
3335 163
3336 120
3337 180
3338 85
3339 160
3340 131
3341 138
3342 171
3343 135
3344 207
3345 247
3346 141
3347 129
3348 150
3349 138
3350 155
3351 162
3352 198
3353 96
3354 209
3355 161
3356 220
3357 141
3358 119
3359 203
3360 118
3361 148
3362 134
3363 146
3364 237
3365 100
3366 158
3367 115
3368 146
3369 176
3370 99
3371 165
3372 127
3373 195
3374 212
3375 174
3376 161
3377 184
3378 180
3379 146
3380 138
3381 171
3382 164
3383 239
3384 165
3385 123
3386 184
3387 120
3388 218
3389 215
3390 166
3391 159
3392 153
3393 155
3394 213
3395 174
3396 103
3397 143
3398 142
3399 161
3400 133
3401 138
3402 186
3403 71
3404 203
3405 87
3406 115
3407 184
3408 128
3409 199
3410 145
3411 139
3412 202
3413 158
3414 143
3415 135
3416 161
3417 136
3418 147
3419 191
3420 198
3421 145
3422 164
3423 242
3424 192
3425 153
3426 149
3427 147
3428 198
3429 197
3430 165
3431 162
3432 167
3433 211
3434 134
3435 126
3436 132
3437 243
3438 175
3439 211
3440 187
3441 171
3442 154
3443 169
3444 153
3445 193
3446 208
3447 178
3448 126
3449 217
3450 163
3451 108
3452 187
3453 182
3454 98
3455 132
3456 162
3457 156
3458 298
3459 159
3460 175
3461 211
3462 159
3463 133
3464 203
3465 137
3466 148
3467 195
3468 217
3469 134
3470 118
3471 171
3472 163
3473 101
3474 156
3475 175
3476 154
3477 189
3478 192
3479 149
3480 102
3481 165
3482 196
3483 126
3484 126
3485 126
3486 200
3487 180
3488 186
3489 199
3490 160
3491 142
3492 169
3493 146
3494 117
3495 131
3496 156
3497 121
3498 122
3499 151
3500 238
3501 145
3502 159
3503 146
3504 187
3505 188
3506 154
3507 73
3508 178
3509 198
3510 176
3511 116
3512 129
3513 143
3514 160
3515 160
3516 185
3517 176
3518 135
3519 169
3520 200
3521 166
3522 152
3523 216
3524 216
3525 149
3526 118
3527 208
3528 135
3529 175
3530 151
3531 167
3532 166
3533 194
3534 191
3535 171
3536 207
3537 135
3538 145
3539 85
3540 159
3541 193
3542 206
3543 142
3544 203
3545 206
3546 171
3547 133
3548 126
3549 179
3550 159
3551 197
3552 176
3553 162
3554 188
3555 147
3556 39
3557 225
3558 132
3559 163
3560 155
3561 132
3562 23
3563 254
3564 180
3565 129
3566 180
3567 172
3568 131
3569 171
3570 0
3571 128
3572 167
3573 170
3574 167
3575 178
3576 214
3577 155
3578 119
3579 159
3580 181
3581 149
3582 181
3583 160
3584 175
3585 130
3586 200
3587 165
3588 79
3589 162
3590 52
3591 198
3592 198
3593 132
3594 201
3595 146
3596 109
3597 168
3598 186
3599 191
3600 185
3601 194
3602 193
3603 122
3604 163
3605 111
3606 47
3607 207
3608 175
3609 102
3610 170
3611 104
3612 161
3613 129
3614 172
3615 143
3616 216
3617 199
3618 163
3619 168
3620 178
3621 185
3622 213
3623 166
3624 230
3625 118
3626 168
3627 152
3628 162
3629 212
3630 111
3631 214
3632 146
3633 121
3634 116
3635 180
3636 135
3637 224
3638 116
3639 268
3640 142
3641 175
3642 173
3643 211
3644 150
3645 146
3646 159
3647 184
3648 153
3649 168
3650 215
3651 123
3652 183
3653 123
3654 187
3655 192
3656 246
3657 103
3658 129
3659 166
3660 180
3661 134
3662 205
3663 199
3664 156
3665 112
3666 181
3667 191
3668 140
3669 199
3670 150
3671 170
3672 208
3673 128
3674 181
3675 108
3676 134
3677 185
3678 147
3679 209
3680 168
3681 177
3682 196
3683 160
3684 110
3685 145
3686 112
3687 127
3688 173
3689 116
3690 203
3691 74
3692 162
3693 141
3694 142
3695 232
3696 192
3697 177
3698 195
3699 123
3700 63
3701 187
3702 183
3703 282
3704 143
3705 187
3706 269
3707 129
3708 207
3709 139
3710 97
3711 148
3712 181
3713 147
3714 164
3715 151
3716 164
3717 221
3718 167
3719 118
3720 119
3721 173
3722 137
3723 184
3724 172
3725 107
3726 166
3727 133
3728 151
3729 152
3730 156
3731 149
3732 177
3733 121
3734 153
3735 228
3736 84
3737 121
3738 173
3739 135
3740 193
3741 185
3742 114
3743 171
3744 55
3745 181
3746 115
3747 84
3748 124
3749 131
3750 132
3751 155
3752 232
3753 178
3754 176
3755 169
3756 158
3757 147
3758 159
3759 190
3760 108
3761 0
3762 134
3763 135
3764 151
3765 132
3766 164
3767 170
3768 119
3769 128
3770 100
3771 242
3772 167
3773 134
3774 173
3775 156
3776 134
3777 177
3778 144
3779 159
3780 176
3781 169
3782 182
3783 195
3784 185
3785 150
3786 186
3787 230
3788 188
3789 121
3790 312
3791 155
3792 154
3793 117
3794 177
3795 174
3796 171
3797 193
3798 79
3799 127
3800 139
3801 175
3802 150
3803 140
3804 244
3805 171
3806 152
3807 170
3808 170
3809 127
3810 176
3811 95
3812 178
3813 164
3814 172
3815 150
3816 140
3817 105
3818 176
3819 67
3820 163
3821 217
3822 171
3823 243
3824 140
3825 144
3826 160
3827 171
3828 203
3829 199
3830 167
3831 152
3832 247
3833 129
3834 170
3835 147
3836 124
3837 165
3838 45
3839 149
3840 116
3841 166
3842 146
3843 145
3844 101
3845 135
3846 138
3847 193
3848 205
3849 155
3850 98
3851 130
3852 155
3853 196
3854 170
3855 150
3856 120
3857 170
3858 188
3859 156
3860 192
3861 120
3862 131
3863 183
3864 98
3865 180
3866 175
3867 213
3868 188
3869 146
3870 113
3871 139
3872 169
3873 169
3874 178
3875 141
3876 188
3877 168
3878 145
3879 183
3880 223
3881 213
3882 181
3883 216
3884 201
3885 115
3886 171
3887 184
3888 169
3889 198
3890 130
3891 194
3892 159
3893 191
3894 154
3895 72
3896 169
3897 137
3898 206
3899 145
3900 157
3901 135
3902 128
3903 125
3904 169
3905 185
3906 168
3907 173
3908 104
3909 34
3910 195
3911 171
3912 125
3913 281
3914 156
3915 165
3916 242
3917 183
3918 115
3919 162
3920 194
3921 140
3922 196
3923 180
3924 184
3925 142
3926 114
3927 165
3928 130
3929 209
3930 175
3931 149
3932 161
3933 106
3934 163
3935 141
3936 137
3937 188
3938 176
3939 180
3940 138
3941 163
3942 208
3943 187
3944 147
3945 176
3946 140
3947 183
3948 162
3949 179
3950 104
3951 183
3952 160
3953 167
3954 161
3955 189
3956 193
3957 170
3958 130
3959 88
3960 165
3961 171
3962 127
3963 201
3964 259
3965 117
3966 150
3967 202
3968 118
3969 112
3970 162
3971 156
3972 0
3973 162
3974 79
3975 153
3976 202
3977 107
3978 133
3979 157
3980 111
3981 164
3982 205
3983 162
3984 180
3985 178
3986 247
3987 184
3988 152
3989 152
3990 223
3991 194
3992 194
3993 166
3994 142
3995 120
3996 244
3997 163
3998 130
3999 216
4000 173
4001 151
4002 123
4003 205
4004 115
4005 210
4006 196
4007 147
4008 114
4009 195
4010 234
4011 154
4012 194
4013 0
4014 170
4015 177
4016 143
4017 167
4018 76
4019 115
4020 128
4021 195
4022 73
4023 173
4024 150
4025 232
4026 166
4027 197
4028 189
4029 118
4030 220
4031 130
4032 171
4033 189
4034 193
4035 143
4036 96
4037 190
4038 78
4039 210
4040 128
4041 188
4042 0
4043 107
4044 118
4045 131
4046 128
4047 172
4048 162
4049 172
4050 135
4051 149
4052 165
4053 212
4054 154
4055 212
4056 106
4057 157
4058 192
4059 168
4060 193
4061 192
4062 191
4063 165
4064 150
4065 155
4066 149
4067 154
4068 146
4069 142
4070 131
4071 200
4072 150
4073 165
4074 168
4075 112
4076 180
4077 182
4078 163
4079 163
4080 179
4081 192
4082 149
4083 139
4084 135
4085 133
4086 204
4087 161
4088 155
4089 168
4090 211
4091 198
4092 119
4093 173
4094 145
4095 128
4096 156
4097 144
4098 204
4099 141
4100 42
4101 150
4102 234
4103 158
4104 157
4105 169
4106 161
4107 153
4108 170
4109 144
4110 192
4111 120
4112 71
4113 145
4114 117
4115 152
4116 151
4117 140
4118 156
4119 142
4120 200
4121 149
4122 169
4123 147
4124 167
4125 115
4126 164
4127 193
4128 155
4129 111
4130 214
4131 181
4132 194
4133 178
4134 218
4135 129
4136 117
4137 162
4138 148
4139 219
4140 169
4141 187
4142 88
4143 111
4144 190
4145 148
4146 107
4147 186
4148 174
4149 161
4150 189
4151 103
4152 151
4153 100
4154 147
4155 94
4156 135
4157 142
4158 164
4159 187
4160 119
4161 145
4162 173
4163 209
4164 215
4165 183
4166 141
4167 186
4168 174
4169 165
4170 236
4171 164
4172 153
4173 146
4174 129
4175 162
4176 147
4177 152
4178 145
4179 169
4180 187
4181 199
4182 113
4183 146
4184 251
4185 165
4186 199
4187 203
4188 198
4189 218
4190 103
4191 212
4192 186
4193 213
4194 158
4195 164
4196 183
4197 159
4198 153
4199 190
4200 142
4201 208
4202 147
4203 98
4204 158
4205 198
4206 121
4207 164
4208 209
4209 0
4210 208
4211 98
4212 172
4213 162
4214 195
4215 164
4216 186
4217 197
4218 129
4219 141
4220 177
4221 150
4222 141
4223 213
4224 0
4225 213
4226 152
4227 190
4228 189
4229 139
4230 185
4231 174
4232 184
4233 146
4234 137
4235 197
4236 130
4237 249
4238 193
4239 124
4240 122
4241 164
4242 171
4243 180
4244 277
4245 201
4246 160
4247 193
4248 145
4249 141
4250 191
4251 192
4252 216
4253 143
4254 125
4255 194
4256 182
4257 179
4258 143
4259 156
4260 109
4261 140
4262 127
4263 186
4264 191
4265 176
4266 171
4267 154
4268 143
4269 136
4270 130
4271 121
4272 164
4273 192
4274 143
4275 209
4276 178
4277 201
4278 121
4279 164
4280 189
4281 106
4282 163
4283 129
4284 154
4285 155
4286 155
4287 211
4288 144
4289 128
4290 97
4291 130
4292 185
4293 180
4294 153
4295 157
4296 113
4297 208
4298 143
4299 136
4300 165
4301 146
4302 196
4303 150
4304 130
4305 139
4306 165
4307 202
4308 191
4309 97
4310 167
4311 159
4312 177
4313 133
4314 230
4315 184
4316 158
4317 152
4318 204
4319 119
4320 149
4321 113
4322 171
4323 254
4324 144
4325 185
4326 186
4327 170
4328 166
4329 151
4330 195
4331 0
4332 154
4333 125
4334 119
4335 190
4336 159
4337 173
4338 180
4339 146
4340 191
4341 238
4342 162
4343 193
4344 143
4345 152
4346 150
4347 163
4348 178
4349 154
4350 110
4351 210
4352 134
4353 138
4354 162
4355 181
4356 165
4357 170
4358 221
4359 133
4360 151
4361 167
4362 182
4363 138
4364 123
4365 171
4366 180
4367 115
4368 136
4369 197
4370 159
4371 160
4372 202
4373 125
4374 179
4375 153
4376 119
4377 157
4378 141
4379 196
4380 186
4381 243
4382 184
4383 154
4384 81
4385 245
4386 113
4387 176
4388 156
4389 58
4390 200
4391 168
4392 121
4393 185
4394 128
4395 128
4396 166
4397 165
4398 140
4399 155
4400 170
4401 200
4402 109
4403 109
4404 153
4405 159
4406 125
4407 192
4408 170
4409 233
4410 91
4411 182
4412 140
4413 214
4414 182
4415 183
4416 154
4417 181
4418 175
4419 213
4420 150
4421 163
4422 146
4423 138
4424 174
4425 190
4426 119
4427 167
4428 149
4429 161
4430 141
4431 175
4432 155
4433 120
4434 176
4435 111
4436 171
4437 155
4438 155
4439 133
4440 262
4441 207
4442 187
4443 136
4444 199
4445 97
4446 201
4447 219
4448 146
4449 223
4450 168
4451 144
4452 158
4453 179
4454 130
4455 168
4456 148
4457 191
4458 205
4459 207
4460 163
4461 138
4462 113
4463 132
4464 143
4465 130
4466 166
4467 152
4468 163
4469 131
4470 71
4471 109
4472 179
4473 153
4474 138
4475 62
4476 198
4477 159
4478 174
4479 206
4480 148
4481 156
4482 97
4483 111
4484 135
4485 153
4486 136
4487 169
4488 177
4489 143
4490 177
4491 145
4492 135
4493 162
4494 191
4495 166
4496 83
4497 157
4498 177
4499 131
4500 186
4501 180
4502 202
4503 141
4504 167
4505 121
4506 211
4507 162
4508 140
4509 216
4510 166
4511 162
4512 155
4513 227
4514 68
4515 146
4516 166
4517 175
4518 154
4519 167
4520 158
4521 165
4522 164
4523 139
4524 141
4525 184
4526 111
4527 182
4528 125
4529 170
4530 189
4531 189
4532 201
4533 166
4534 108
4535 195
4536 235
4537 144
4538 148
4539 175
4540 164
4541 198
4542 201
4543 176
4544 102
4545 110
4546 194
4547 126
4548 191
4549 169
4550 179
4551 179
4552 152
4553 172
4554 223
4555 140
4556 185
4557 151
4558 172
4559 217
4560 183
4561 155
4562 134
4563 160
4564 123
4565 183
4566 192
4567 180
4568 174
4569 179
4570 86
4571 135
4572 146
4573 188
4574 127
4575 177
4576 208
4577 140
4578 135
4579 190
4580 188
4581 162
4582 119
4583 162
4584 110
4585 173
4586 110
4587 192
4588 146
4589 241
4590 167
4591 0
4592 162
4593 195
4594 205
4595 191
4596 148
4597 192
4598 160
4599 216
4600 216
4601 131
4602 213
4603 165
4604 185
4605 200
4606 196
4607 123
4608 156
4609 190
4610 185
4611 198
4612 164
4613 117
4614 154
4615 180
4616 80
4617 189
4618 160
4619 159
4620 165
4621 154
4622 153
4623 97
4624 153
4625 167
4626 158
4627 205
4628 173
4629 214
4630 208
4631 174
4632 187
4633 195
4634 100
4635 220
4636 166
4637 163
4638 172
4639 136
4640 152
4641 158
4642 160
4643 185
4644 167
4645 224
4646 202
4647 164
4648 120
4649 79
4650 201
4651 140
4652 87
4653 126
4654 150
4655 130
4656 147
4657 133
4658 110
4659 138
4660 203
4661 178
4662 196
4663 156
4664 210
4665 128
4666 170
4667 139
4668 171
4669 181
4670 106
4671 180
4672 137
4673 175
4674 152
4675 170
4676 171
4677 137
4678 161
4679 246
4680 180
4681 193
4682 209
4683 107
4684 168
4685 165
4686 120
4687 182
4688 200
4689 99
4690 193
4691 199
4692 199
4693 131
4694 112
4695 267
4696 170
4697 168
4698 209
4699 203
4700 204
4701 175
4702 122
4703 177
4704 146
4705 193
4706 157
4707 153
4708 193
4709 127
4710 178
4711 203
4712 139
4713 172
4714 174
4715 164
4716 111
4717 176
4718 150
4719 127
4720 207
4721 105
4722 171
4723 136
4724 145
4725 146
4726 95
4727 101
4728 138
4729 149
4730 187
4731 165
4732 172
4733 101
4734 207
4735 202
4736 198
4737 157
4738 119
4739 156
4740 149
4741 158
4742 111
4743 156
4744 208
4745 173
4746 123
4747 158
4748 137
4749 141
4750 168
4751 95
4752 224
4753 222
4754 196
4755 154
4756 161
4757 140
4758 151
4759 175
4760 145
4761 146
4762 158
4763 91
4764 145
4765 203
4766 163
4767 135
4768 158
4769 150
4770 212
4771 159
4772 163
4773 181
4774 164
4775 94
4776 197
4777 98
4778 223
4779 56
4780 188
4781 140
4782 133
4783 153
4784 207
4785 126
4786 146
4787 142
4788 204
4789 173
4790 192
4791 116
4792 162
4793 183
4794 209
4795 121
4796 246
4797 86
4798 142
4799 159
4800 170
4801 149
4802 103
4803 156
4804 142
4805 149
4806 149
4807 90
4808 161
4809 119
4810 135
4811 164
4812 241
4813 152
4814 192
4815 158
4816 161
4817 137
4818 195
4819 151
4820 165
4821 203
4822 124
4823 225
4824 151
4825 168
4826 188
4827 159
4828 193
4829 161
4830 127
4831 202
4832 154
4833 181
4834 109
4835 175
4836 185
4837 133
4838 174
4839 170
4840 193
4841 0
4842 223
4843 137
4844 94
4845 208
4846 223
4847 177
4848 137
4849 152
4850 174
4851 127
4852 104
4853 218
4854 112
4855 140
4856 132
4857 215
4858 180
4859 158
4860 203
4861 193
4862 203
4863 162
4864 135
4865 168
4866 169
4867 171
4868 189
4869 137
4870 164
4871 151
4872 182
4873 176
4874 93
4875 192
4876 169
4877 183
4878 113
4879 184
4880 131
4881 201
4882 167
4883 140
4884 214
4885 140
4886 163
4887 200
4888 148
4889 203
4890 268
4891 173
4892 166
4893 184
4894 100
4895 158
4896 149
4897 161
4898 101
4899 173
4900 164
4901 119
4902 101
4903 158
4904 151
4905 111
4906 226
4907 177
4908 188
4909 142
4910 177
4911 170
4912 61
4913 170
4914 88
4915 185
4916 169
4917 157
4918 179
4919 222
4920 154
4921 104
4922 127
4923 197
4924 0
4925 150
4926 138
4927 196
4928 163
4929 195
4930 163
4931 156
4932 206
4933 209
4934 202
4935 133
4936 155
4937 245
4938 156
4939 144
4940 177
4941 204
4942 164
4943 139
4944 120
4945 174
4946 172
4947 169
4948 161
4949 148
4950 89
4951 194
4952 159
4953 178
4954 148
4955 261
4956 148
4957 68
4958 183
4959 117
4960 132
4961 196
4962 191
4963 184
4964 265
4965 164
4966 230
4967 143
4968 169
4969 199
4970 226
4971 191
4972 136
4973 155
4974 138
4975 173
4976 190
4977 142
4978 144
4979 183
4980 97
4981 138
4982 156
4983 126
4984 156
4985 160
4986 198
4987 170
4988 258
4989 210
4990 144
4991 213
4992 165
4993 157
4994 166
4995 191
4996 166
4997 137
4998 148
4999 190
5000 184
5001 179
5002 170
5003 167
5004 82
5005 191
5006 151
5007 137
5008 117
5009 163
5010 162
5011 182
5012 180
5013 155
5014 82
5015 145
5016 119
5017 259
5018 128
5019 145
5020 144
5021 240
5022 145
5023 172
5024 152
5025 142
5026 183
5027 228
5028 160
5029 190
5030 208
5031 128
5032 179
5033 163
5034 149
5035 200
5036 54
5037 173
5038 62
5039 191
5040 165
5041 168
5042 106
5043 121
5044 174
5045 182
5046 205
5047 154
5048 152
5049 165
5050 183
5051 173
5052 152
5053 168
5054 162
5055 130
5056 178
5057 151
5058 266
5059 214
5060 216
5061 216
5062 183
5063 156
5064 138
5065 170
5066 256
5067 187
5068 127
5069 147
5070 164
5071 196
5072 158
5073 135
5074 78
5075 178
5076 139
5077 137
5078 191
5079 164
5080 225
5081 157
5082 123
5083 188
5084 165
5085 175
5086 157
5087 112
5088 170
5089 148
5090 140
5091 121
5092 183
5093 123
5094 201
5095 87
5096 166
5097 183
5098 181
5099 222
5100 120
5101 166
5102 190
5103 145
5104 187
5105 207
5106 116
5107 168
5108 131
5109 122
5110 221
5111 169
5112 169
5113 168
5114 184
5115 208
5116 158
5117 93
5118 199
5119 167
5120 202
5121 157
5122 49
5123 174
5124 136
5125 135
5126 188
5127 132
5128 144
5129 203
5130 107
5131 145
5132 183
5133 207
5134 189
5135 189
5136 176
5137 88
5138 158
5139 165
5140 146
5141 190
5142 166
5143 177
5144 173
5145 153
5146 109
5147 220
5148 170
5149 160
5150 170
5151 140
5152 105
5153 130
5154 95
5155 128
5156 161
5157 195
5158 164
5159 148
5160 128
5161 189
5162 199
5163 143
5164 90
5165 195
5166 132
5167 181
5168 147
5169 186
5170 170
5171 117
5172 230
5173 180
5174 162
5175 80
5176 128
5177 157
5178 192
5179 175
5180 130
5181 140
5182 137
5183 244
5184 158
5185 116
5186 152
5187 176
5188 160
5189 152
5190 222
5191 185
5192 109
5193 299
5194 123
5195 186
5196 121
5197 169
5198 217
5199 133
5200 148
5201 126
5202 174
5203 153
5204 158
5205 188
5206 151
5207 131
5208 168
5209 138
5210 172
5211 122
5212 156
5213 161
5214 144
5215 144
5216 164
5217 210
5218 213
5219 162
5220 145
5221 122
5222 170
5223 157
5224 136
5225 182
5226 204
5227 133
5228 145
5229 174
5230 148
5231 130
5232 131
5233 197
5234 189
5235 217
5236 104
5237 199
5238 129
5239 182
5240 151
5241 198
5242 143
5243 168
5244 145
5245 75
5246 151
5247 165
5248 138
5249 184
5250 174
5251 185
5252 152
5253 131
5254 0
5255 127
5256 174
5257 75
5258 155
5259 179
5260 180
5261 204
5262 184
5263 181
5264 95
5265 153
5266 176
5267 83
5268 146
5269 141
5270 151
5271 154
5272 178
5273 107
5274 151
5275 147
5276 180
5277 160
5278 161
5279 104
5280 127
5281 156
5282 162
5283 155
5284 114
5285 182
5286 155
5287 144
5288 183
5289 150
5290 84
5291 137
5292 138
5293 146
5294 107
5295 147
5296 142
5297 212
5298 170
5299 245
5300 217
5301 173
5302 132
5303 187
5304 137
5305 136
5306 180
5307 199
5308 192
5309 106
5310 229
5311 162
5312 183
5313 130
5314 137
5315 182
5316 127
5317 130
5318 192
5319 191
5320 121
5321 191
5322 191
5323 113
5324 143
5325 0
5326 139
5327 160
5328 134
5329 105
5330 177
5331 172
5332 172
5333 257
5334 187
5335 141
5336 124
5337 162
5338 148
5339 114
5340 174
5341 161
5342 210
5343 139
5344 208
5345 181
5346 157
5347 168
5348 165
5349 103
5350 144
5351 150
5352 142
5353 229
5354 124
5355 119
5356 219
5357 189
5358 206
5359 125
5360 182
5361 235
5362 223
5363 140
5364 172
5365 166
5366 159
5367 166
5368 193
5369 164
5370 134
5371 145
5372 149
5373 149
5374 130
5375 207
5376 228
5377 147
5378 209
5379 139
5380 148
5381 173
5382 99
5383 197
5384 172
5385 171
5386 170
5387 87
5388 143
5389 180
5390 139
5391 136
5392 210
5393 269
5394 202
5395 199
5396 146
5397 196
5398 161
5399 187
5400 160
5401 96
5402 168
5403 213
5404 193
5405 189
5406 134
5407 163
5408 163
5409 173
5410 117
5411 137
5412 138
5413 148
5414 190
5415 181
5416 143
5417 189
5418 135
5419 192
5420 168
5421 180
5422 186
5423 189
5424 168
5425 194
5426 164
5427 80
5428 163
5429 123
5430 138
5431 189
5432 136
5433 173
5434 166
5435 179
5436 169
5437 178
5438 174
5439 170
5440 40
5441 204
5442 162
5443 84
5444 165
5445 245
5446 71
5447 98
5448 208
5449 176
5450 173
5451 207
5452 119
5453 179
5454 69
5455 0
5456 74
5457 171
5458 189
5459 140
5460 170
5461 162
5462 149
5463 171
5464 123
5465 174
5466 143
5467 82
5468 66
5469 144
5470 154
5471 77
5472 173
5473 181
5474 181
5475 140
5476 178
5477 147
5478 152
5479 68
5480 179
5481 132
5482 151
5483 182
5484 136
5485 210
5486 145
5487 104
5488 115
5489 188
5490 134
5491 208
5492 162
5493 162
5494 174
5495 114
5496 130
5497 184
5498 149
5499 110
5500 111
5501 137
5502 221
5503 207
5504 188
5505 185
5506 185
5507 172
5508 179
5509 147
5510 163
5511 112
5512 157
5513 123
5514 134
5515 135
5516 267
5517 172
5518 175
5519 187
5520 163
5521 189
5522 146
5523 175
5524 139
5525 163
5526 193
5527 159
5528 212
5529 121
5530 125
5531 168
5532 189
5533 256
5534 93
5535 180
5536 96
5537 134
5538 171
5539 182
5540 192
5541 127
5542 157
5543 131
5544 226
5545 141
5546 199
5547 155
5548 165
5549 168
5550 164
5551 127
5552 150
5553 179
5554 156
5555 98
5556 225
5557 174
5558 199
5559 154
5560 121
5561 88
5562 258
5563 175
5564 213
5565 192
5566 171
5567 144
5568 142
5569 118
5570 174
5571 136
5572 241
5573 162
5574 156
5575 178
5576 173
5577 129
5578 168
5579 180
5580 125
5581 172
5582 130
5583 184
5584 156
5585 234
5586 173
5587 165
5588 138
5589 115
5590 136
5591 185
5592 157
5593 145
5594 167
5595 194
5596 159
5597 161
5598 158
5599 187
