Vertices: 5900
Edges: 29500
Time: 2,026 ms
Iterations: 29306
Vertex Distance
0 0
1 206
2 198
3 208
4 231
5 187
6 175
7 214
8 225
9 260
10 252
11 182
12 130
13 205
14 189
15 209
16 231
17 132
18 195
19 235
20 150
21 196
22 212
23 189
24 211
25 164
26 216
27 197
28 261
29 222
30 191
31 215
32 308
33 168
34 205
35 191
36 230
37 249
38 229
39 209
40 205
41 171
42 234
43 288
44 221
45 182
46 212
47 233
48 191
49 212
50 248
51 172
52 207
53 216
54 245
55 126
56 176
57 273
58 192
59 162
60 212
61 123
62 218
63 183
64 229
65 260
66 248
67 215
68 246
69 205
70 178
71 255
72 220
73 218
74 190
75 0
76 185
77 195
78 168
79 225
80 239
81 187
82 230
83 235
84 211
85 181
86 98
87 175
88 196
89 245
90 250
91 239
92 261
93 157
94 219
95 198
96 268
97 193
98 203
99 182
100 212
101 182
102 227
103 185
104 166
105 205
106 230
107 166
108 210
109 222
110 171
111 205
112 261
113 172
114 229
115 158
116 152
117 234
118 216
119 149
120 203
121 219
122 249
123 239
124 211
125 223
126 0
127 235
128 197
129 163
130 184
131 0
132 217
133 217
134 220
135 214
136 220
137 229
138 225
139 184
140 215
141 186
142 215
143 176
144 154
145 180
146 142
147 224
148 206
149 216
150 156
151 232
152 211
153 189
154 158
155 199
156 238
157 206
158 199
159 195
160 199
161 188
162 192
163 208
164 178
165 213
166 285
167 234
168 220
169 204
170 239
171 0
172 207
173 265
174 247
175 188
176 191
177 236
178 231
179 172
180 140
181 190
182 191
183 202
184 224
185 258
186 188
187 166
188 232
189 265
190 251
191 214
192 121
193 255
194 264
195 151
196 233
197 198
198 134
199 206
200 188
201 250
202 147
203 193
204 230
205 200
206 146
207 188
208 132
209 229
210 226
211 202
212 212
213 194
214 279
215 210
216 205
217 210
218 185
219 205
220 191
221 189
222 172
223 250
224 182
225 290
226 177
227 237
228 255
229 208
230 236
231 226
232 205
233 199
234 231
235 214
236 137
237 194
238 225
239 191
240 214
241 198
242 166
243 173
244 250
245 152
246 171
247 249
248 227
249 199
250 195
251 224
252 218
253 240
254 196
255 243
256 195
257 241
258 0
259 246
260 271
261 187
262 247
263 213
264 187
265 137
266 194
267 286
268 216
269 245
270 267
271 208
272 175
273 204
274 174
275 217
276 287
277 157
278 193
279 194
280 272
281 186
282 210
283 207
284 254
285 234
286 227
287 162
288 177
289 197
290 161
291 210
292 133
293 241
294 197
295 194
296 198
297 211
298 260
299 228
300 164
301 281
302 186
303 256
304 168
305 229
306 221
307 198
308 174
309 215
310 221
311 230
312 194
313 202
314 183
315 236
316 208
317 225
318 221
319 195
320 206
321 247
322 183
323 206
324 204
325 212
326 212
327 277
328 221
329 278
330 218
331 220
332 245
333 272
334 220
335 236
336 197
337 215
338 171
339 169
340 177
341 160
342 216
343 231
344 194
345 160
346 143
347 231
348 154
349 165
350 294
351 167
352 214
353 247
354 240
355 201
356 239
357 218
358 210
359 171
360 229
361 205
362 201
363 118
364 211
365 171
366 169
367 220
368 192
369 173
370 242
371 204
372 218
373 198
374 180
375 205
376 159
377 107
378 220
379 196
380 209
381 180
382 203
383 267
384 232
385 244
386 226
387 238
388 240
389 192
390 191
391 206
392 265
393 182
394 132
395 276
396 279
397 194
398 197
399 125
400 191
401 227
402 173
403 214
404 198
405 202
406 184
407 175
408 247
409 155
410 203
411 225
412 220
413 293
414 178
415 181
416 206
417 203
418 236
419 264
420 180
421 207
422 195
423 250
424 159
425 140
426 168
427 245
428 114
429 198
430 184
431 163
432 209
433 239
434 292
435 277
436 226
437 248
438 186
439 174
440 216
441 124
442 215
443 181
444 237
445 231
446 220
447 221
448 234
449 202
450 160
451 184
452 185
453 215
454 214
455 254
456 215
457 242
458 206
459 176
460 203
461 204
462 292
463 244
464 189
465 211
466 178
467 191
468 175
469 196
470 231
471 192
472 227
473 241
474 178
475 202
476 172
477 246
478 164
479 258
480 178
481 181
482 212
483 281
484 180
485 130
486 197
487 234
488 241
489 231
490 190
491 189
492 221
493 236
494 209
495 198
496 183
497 192
498 161
499 203
500 270
501 115
502 278
503 144
504 152
505 164
506 187
507 216
508 260
509 172
510 194
511 213
512 193
513 167
514 258
515 209
516 190
517 186
518 248
519 201
520 209
521 166
522 226
523 348
524 146
525 225
526 193
527 220
528 195
529 230
530 205
531 215
532 234
533 281
534 160
535 236
536 204
537 0
538 180
539 181
540 204
541 178
542 171
543 187
544 222
545 214
546 230
547 209
548 237
549 233
550 200
551 188
552 237
553 231
554 188
555 231
556 199
557 260
558 0
559 202
560 242
561 195
562 225
563 196
564 210
565 154
566 202
567 166
568 204
569 238
570 226
571 172
572 253
573 252
574 167
575 211
576 208
577 216
578 189
579 105
580 239
581 265
582 207
583 161
584 157
585 275
586 160
587 228
588 167
589 247
590 172
591 253
592 195
593 231
594 189
595 232
596 179
597 191
598 184
599 203
600 212
601 237
602 217
603 260
604 224
605 242
606 155
607 234
608 212
609 212
610 219
611 177
612 172
613 163
614 244
615 178
616 167
617 227
618 208
619 215
620 186
621 186
622 205
623 208
624 208
625 165
626 244
627 203
628 151
629 202
630 255
631 202
632 165
633 174
634 213
635 247
636 193
637 266
638 205
639 188
640 127
641 214
642 220
643 181
644 164
645 180
646 234
647 164
648 243
649 209
650 192
651 229
652 207
653 164
654 202
655 204
656 224
657 194
658 192
659 222
660 205
661 197
662 230
663 214
664 234
665 225
666 194
667 165
668 213
669 234
670 236
671 187
672 234
673 216
674 159
675 134
676 208
677 193
678 200
679 166
680 232
681 202
682 211
683 211
684 229
685 203
686 181
687 205
688 187
689 235
690 215
691 208
692 226
693 149
694 233
695 246
696 238
697 172
698 257
699 209
700 178
701 157
702 217
703 261
704 209
705 219
706 191
707 184
708 201
709 243
710 115
711 199
712 196
713 212
714 229
715 179
716 156
717 201
718 188
719 187
720 207
721 212
722 258
723 221
724 177
725 229
726 171
727 239
728 230
729 180
730 191
731 197
732 218
733 291
734 193
735 207
736 185
737 268
738 164
739 197
740 211
741 150
742 204
743 228
744 219
745 202
746 223
747 159
748 202
749 277
750 0
751 237
752 265
753 242
754 187
755 227
756 190
757 176
758 177
759 252
760 186
761 207
762 117
763 210
764 220
765 159
766 203
767 194
768 223
769 236
770 235
771 192
772 162
773 196
774 202
775 177
776 133
777 193
778 0
779 238
780 203
781 216
782 244
783 196
784 213
785 195
786 188
787 225
788 193
789 194
790 171
791 240
792 158
793 204
794 214
795 0
796 212
797 217
798 219
799 199
800 296
801 189
802 253
803 250
804 251
805 214
806 156
807 192
808 163
809 176
810 192
811 200
812 253
813 211
814 232
815 185
816 168
817 140
818 182
819 215
820 165
821 224
822 278
823 163
824 223
825 186
826 153
827 216
828 198
829 211
830 189
831 206
832 179
833 231
834 176
835 189
836 211
837 214
838 288
839 259
840 192
841 178
842 183
843 198
844 195
845 235
846 380
847 224
848 197
849 139
850 230
851 262
852 121
853 191
854 181
855 268
856 271
857 174
858 222
859 190
860 199
861 209
862 174
863 231
864 193
865 202
866 219
867 224
868 225
869 147
870 212
871 235
872 209
873 245
874 224
875 252
876 68
877 135
878 127
879 192
880 108
881 201
882 283
883 235
884 243
885 212
886 204
887 156
888 199
889 255
890 189
891 201
892 152
893 216
894 146
895 248
896 283
897 242
898 210
899 192
900 178
901 226
902 233
903 210
904 179
905 195
906 164
907 184
908 215
909 229
910 222
911 205
912 164
913 225
914 210
915 191
916 179
917 169
918 223
919 202
920 169
921 186
922 199
923 257
924 245
925 275
926 231
927 166
928 252
929 230
930 258
931 156
932 200
933 218
934 139
935 158
936 163
937 210
938 219
939 255
940 199
941 214
942 207
943 203
944 231
945 196
946 229
947 218
948 178
949 174
950 236
951 180
952 242
953 248
954 186
955 182
956 207
957 126
958 221
959 204
960 274
961 109
962 203
963 199
964 194
965 232
966 71
967 197
968 205
969 127
970 233
971 172
972 229
973 219
974 195
975 212
976 200
977 209
978 254
979 174
980 241
981 206
982 202
983 181
984 211
985 196
986 166
987 212
988 206
989 165
990 223
991 212
992 192
993 210
994 194
995 224
996 179
997 212
998 202
999 236
1000 246
1001 210
1002 248
1003 185
1004 244
1005 186
1006 222
1007 156
1008 221
1009 244
1010 209
1011 180
1012 191
1013 109
1014 163
1015 190
1016 237
1017 206
1018 171
1019 205
1020 182
1021 207
1022 256
1023 218
1024 207
1025 188
1026 212
1027 233
1028 190
1029 150
1030 263
1031 226
1032 207
1033 222
1034 199
1035 211
1036 186
1037 192
1038 179
1039 185
1040 194
1041 192
1042 157
1043 226
1044 218
1045 275
1046 181
1047 241
1048 203
1049 260
1050 143
1051 187
1052 191
1053 248
1054 148
1055 207
1056 219
1057 0
1058 202
1059 187
1060 136
1061 172
1062 248
1063 243
1064 188
1065 211
1066 181
1067 213
1068 248
1069 225
1070 271
1071 180
1072 213
1073 220
1074 180
1075 276
1076 244
1077 168
1078 183
1079 231
1080 177
1081 181
1082 196
1083 222
1084 0
1085 182
1086 250
1087 273
1088 229
1089 210
1090 206
1091 233
1092 103
1093 205
1094 199
1095 166
1096 132
1097 194
1098 208
1099 289
1100 243
1101 244
1102 271
1103 196
1104 215
1105 214
1106 246
1107 206
1108 216
1109 190
1110 259
1111 180
1112 173
1113 222
1114 207
1115 255
1116 226
1117 161
1118 198
1119 245
1120 225
1121 213
1122 203
1123 179
1124 237
1125 153
1126 262
1127 192
1128 230
1129 232
1130 270
1131 117
1132 236
1133 164
1134 227
1135 225
1136 210
1137 207
1138 233
1139 237
1140 174
1141 241
1142 130
1143 224
1144 169
1145 159
1146 216
1147 249
1148 231
1149 151
1150 215
1151 106
1152 181
1153 228
1154 153
1155 237
1156 205
1157 150
1158 222
1159 184
1160 178
1161 208
1162 225
1163 226
1164 214
1165 241
1166 251
1167 189
1168 255
1169 222
1170 249
1171 250
1172 222
1173 269
1174 238
1175 154
1176 223
1177 227
1178 173
1179 170
1180 157
1181 241
1182 200
1183 232
1184 181
1185 230
1186 278
1187 135
1188 213
1189 218
1190 199
1191 238
1192 226
1193 295
1194 173
1195 233
1196 199
1197 135
1198 220
1199 195
1200 223
1201 211
1202 238
1203 222
1204 177
1205 203
1206 177
1207 212
1208 224
1209 266
1210 203
1211 171
1212 240
1213 222
1214 233
1215 230
1216 270
1217 243
1218 218
1219 216
1220 149
1221 211
1222 236
1223 229
1224 166
1225 192
1226 148
1227 195
1228 205
1229 190
1230 162
1231 156
1232 172
1233 207
1234 194
1235 240
1236 211
1237 247
1238 194
1239 230
1240 233
1241 186
1242 183
1243 237
1244 196
1245 219
1246 188
1247 167
1248 181
1249 199
1250 258
1251 212
1252 126
1253 254
1254 200
1255 210
1256 301
1257 193
1258 168
1259 187
1260 171
1261 201
1262 217
1263 211
1264 231
1265 253
1266 226
1267 171
1268 206
1269 290
1270 198
1271 227
1272 219
1273 209
1274 263
1275 154
1276 204
1277 189
1278 199
1279 184
1280 237
1281 215
1282 150
1283 120
1284 214
1285 166
1286 188
1287 168
1288 163
1289 164
1290 244
1291 171
1292 227
1293 173
1294 176
1295 193
1296 236
1297 217
1298 251
1299 188
1300 244
1301 223
1302 238
1303 165
1304 172
1305 241
1306 203
1307 242
1308 240
1309 272
1310 239
1311 207
1312 246
1313 160
1314 187
1315 188
1316 214
1317 142
1318 166
1319 168
1320 176
1321 244
1322 191
1323 242
1324 239
1325 258
1326 119
1327 175
1328 225
1329 255
1330 155
1331 215
1332 234
1333 191
1334 240
1335 219
1336 189
1337 232
1338 182
1339 179
1340 204
1341 131
1342 161
1343 178
1344 285
1345 232
1346 201
1347 218
1348 210
1349 170
1350 167
1351 197
1352 265
1353 206
1354 252
1355 194
1356 181
1357 187
1358 167
1359 213
1360 177
1361 203
1362 191
1363 257
1364 104
1365 165
1366 188
1367 206
1368 198
1369 208
1370 192
1371 227
1372 207
1373 165
1374 193
1375 232
1376 261
1377 164
1378 260
1379 220
1380 228
1381 255
1382 261
1383 185
1384 245
1385 183
1386 183
1387 126
1388 232
1389 179
1390 182
1391 180
1392 226
1393 292
1394 198
1395 218
1396 209
1397 183
1398 196
1399 232
1400 255
1401 174
1402 186
1403 214
1404 223
1405 234
1406 168
1407 171
1408 210
1409 178
1410 227
1411 241
1412 166
1413 148
1414 205
1415 226
1416 218
1417 224
1418 208
1419 194
1420 211
1421 215
1422 255
1423 183
1424 228
1425 249
1426 194
1427 238
1428 192
1429 191
1430 155
1431 245
1432 243
1433 214
1434 162
1435 11
1436 201
1437 222
1438 180
1439 254
1440 174
1441 216
1442 192
1443 215
1444 214
1445 187
1446 197
1447 190
1448 202
1449 168
1450 252
1451 123
1452 181
1453 222
1454 211
1455 189
1456 187
1457 200
1458 185
1459 170
1460 194
1461 105
1462 161
1463 218
1464 271
1465 238
1466 185
1467 207
1468 192
1469 205
1470 220
1471 214
1472 169
1473 264
1474 193
1475 263
1476 225
1477 233
1478 196
1479 149
1480 176
1481 204
1482 237
1483 189
1484 170
1485 165
1486 152
1487 225
1488 195
1489 241
1490 185
1491 219
1492 171
1493 203
1494 220
1495 203
1496 0
1497 178
1498 194
1499 252
1500 169
1501 219
1502 220
1503 249
1504 194
1505 321
1506 224
1507 191
1508 218
1509 171
1510 236
1511 187
1512 143
1513 236
1514 217
1515 196
1516 101
1517 177
1518 136
1519 262
1520 232
1521 215
1522 264
1523 118
1524 202
1525 209
1526 194
1527 194
1528 202
1529 230
1530 155
1531 204
1532 176
1533 248
1534 231
1535 144
1536 133
1537 154
1538 131
1539 213
1540 217
1541 255
1542 192
1543 175
1544 246
1545 169
1546 135
1547 190
1548 204
1549 183
1550 269
1551 252
1552 226
1553 228
1554 180
1555 205
1556 175
1557 200
1558 178
1559 214
1560 227
1561 201
1562 196
1563 203
1564 267
1565 215
1566 269
1567 148
1568 159
1569 241
1570 219
1571 164
1572 217
1573 188
1574 224
1575 166
1576 205
1577 212
1578 243
1579 214
1580 261
1581 196
1582 259
1583 160
1584 126
1585 243
1586 216
1587 222
1588 164
1589 147
1590 181
1591 255
1592 225
1593 247
1594 227
1595 246
1596 201
1597 186
1598 186
1599 257
1600 280
1601 134
1602 202
1603 219
1604 272
1605 179
1606 187
1607 192
1608 180
1609 242
1610 207
1611 289
1612 153
1613 175
1614 205
1615 241
1616 290
1617 173
1618 130
1619 178
1620 248
1621 212
1622 223
1623 102
1624 172
1625 231
1626 165
1627 187
1628 244
1629 217
1630 218
1631 194
1632 229
1633 227
1634 217
1635 219
1636 202
1637 255
1638 228
1639 198
1640 222
1641 208
1642 133
1643 190
1644 181
1645 276
1646 188
1647 212
1648 215
1649 253
1650 262
1651 304
1652 132
1653 254
1654 259
1655 232
1656 238
1657 200
1658 204
1659 185
1660 225
1661 234
1662 200
1663 225
1664 189
1665 198
1666 207
1667 185
1668 263
1669 238
1670 206
1671 193
1672 180
1673 230
1674 201
1675 195
1676 145
1677 197
1678 236
1679 252
1680 215
1681 246
1682 222
1683 212
1684 191
1685 156
1686 171
1687 218
1688 173
1689 180
1690 142
1691 261
1692 160
1693 221
1694 135
1695 216
1696 161
1697 222
1698 128
1699 186
1700 260
1701 172
1702 188
1703 187
1704 185
1705 255
1706 215
1707 236
1708 194
1709 233
1710 218
1711 190
1712 211
1713 250
1714 185
1715 192
1716 242
1717 195
1718 227
1719 228
1720 239
1721 189
1722 185
1723 83
1724 170
1725 165
1726 233
1727 242
1728 217
1729 238
1730 191
1731 171
1732 250
1733 128
1734 188
1735 216
1736 247
1737 242
1738 173
1739 147
1740 228
1741 231
1742 178
1743 204
1744 196
1745 195
1746 185
1747 172
1748 196
1749 221
1750 208
1751 168
1752 226
1753 240
1754 162
1755 201
1756 217
1757 146
1758 195
1759 186
1760 243
1761 148
1762 185
1763 226
1764 199
1765 209
1766 244
1767 186
1768 242
1769 217
1770 288
1771 132
1772 197
1773 195
1774 168
1775 208
1776 102
1777 198
1778 105
1779 207
1780 233
1781 172
1782 248
1783 203
1784 243
1785 259
1786 285
1787 227
1788 179
1789 284
1790 214
1791 201
1792 200
1793 171
1794 290
1795 227
1796 252
1797 249
1798 210
1799 137
1800 182
1801 241
1802 214
1803 304
1804 224
1805 252
1806 174
1807 186
1808 189
1809 203
1810 182
1811 193
1812 197
1813 190
1814 194
1815 207
1816 201
1817 197
1818 210
1819 260
1820 243
1821 213
1822 207
1823 236
1824 192
1825 206
1826 234
1827 182
1828 194
1829 253
1830 153
1831 179
1832 170
1833 175
1834 172
1835 179
1836 266
1837 201
1838 198
1839 280
1840 182
1841 229
1842 240
1843 294
1844 211
1845 182
1846 199
1847 180
1848 178
1849 206
1850 194
1851 161
1852 131
1853 209
1854 238
1855 221
1856 184
1857 192
1858 307
1859 198
1860 217
1861 187
1862 210
1863 122
1864 183
1865 234
1866 272
1867 178
1868 180
1869 245
1870 187
1871 219
1872 169
1873 170
1874 213
1875 159
1876 198
1877 159
1878 184
1879 232
1880 273
1881 192
1882 225
1883 208
1884 234
1885 210
1886 217
1887 232
1888 150
1889 197
1890 186
1891 90
1892 178
1893 203
1894 220
1895 186
1896 196
1897 254
1898 208
1899 220
1900 239
1901 192
1902 215
1903 240
1904 212
1905 226
1906 236
1907 248
1908 167
1909 280
1910 223
1911 101
1912 201
1913 210
1914 164
1915 200
1916 234
1917 219
1918 214
1919 248
1920 216
1921 255
1922 188
1923 243
1924 238
1925 225
1926 180
1927 222
1928 166
1929 217
1930 246
1931 194
1932 177
1933 202
1934 187
1935 172
1936 206
1937 253
1938 207
1939 235
1940 283
1941 196
1942 175
1943 119
1944 194
1945 262
1946 211
1947 191
1948 220
1949 209
1950 187
1951 156
1952 197
1953 263
1954 198
1955 233
1956 229
1957 203
1958 182
1959 257
1960 175
1961 173
1962 319
1963 141
1964 213
1965 251
1966 183
1967 205
1968 23
1969 258
1970 165
1971 246
1972 185
1973 182
1974 154
1975 200
1976 189
1977 163
1978 258
1979 170
1980 175
1981 216
1982 220
1983 173
1984 219
1985 240
1986 202
1987 224
1988 174
1989 210
1990 216
1991 147
1992 217
1993 198
1994 213
1995 211
1996 194
1997 250
1998 201
1999 197
2000 199
2001 229
2002 180
2003 192
2004 230
2005 210
2006 181
2007 233
2008 183
2009 163
2010 210
2011 173
2012 224
2013 0
2014 244
2015 209
2016 172
2017 183
2018 234
2019 223
2020 225
2021 161
2022 173
2023 268
2024 166
2025 181
2026 187
2027 216
2028 272
2029 194
2030 216
2031 145
2032 247
2033 219
2034 214
2035 213
2036 198
2037 134
2038 189
2039 183
2040 173
2041 227
2042 256
2043 245
2044 193
2045 288
2046 247
2047 182
2048 193
2049 193
2050 255
2051 153
2052 205
2053 199
2054 194
2055 219
2056 194
2057 207
2058 236
2059 190
2060 208
2061 200
2062 243
2063 231
2064 256
2065 186
2066 248
2067 215
2068 186
2069 201
2070 199
2071 121
2072 204
2073 190
2074 197
2075 281
2076 179
2077 182
2078 226
2079 213
2080 183
2081 213
2082 178
2083 210
2084 172
2085 184
2086 242
2087 195
2088 192
2089 236
2090 260
2091 212
2092 255
2093 229
2094 212
2095 305
2096 230
2097 141
2098 147
2099 206
2100 152
2101 178
2102 178
2103 260
2104 191
2105 194
2106 158
2107 210
2108 239
2109 190
2110 202
2111 211
2112 236
2113 185
2114 265
2115 200
2116 227
2117 227
2118 171
2119 180
2120 164
2121 227
2122 215
2123 228
2124 219
2125 166
2126 186
2127 208
2128 0
2129 202
2130 224
2131 156
2132 231
2133 220
2134 273
2135 208
2136 160
2137 234
2138 185
2139 225
2140 166
2141 237
2142 217
2143 167
2144 137
2145 181
2146 176
2147 207
2148 114
2149 209
2150 170
2151 219
2152 139
2153 184
2154 218
2155 156
2156 226
2157 153
2158 213
2159 192
2160 276
2161 258
2162 181
2163 249
2164 110
2165 178
2166 217
2167 203
2168 261
2169 278
2170 180
2171 131
2172 213
2173 190
2174 201
2175 232
2176 275
2177 245
2178 199
2179 201
2180 166
2181 166
2182 204
2183 178
2184 161
2185 176
2186 182
2187 175
2188 196
2189 229
2190 256
2191 146
2192 220
2193 204
2194 192
2195 178
2196 205
2197 250
2198 277
2199 209
2200 171
2201 240
2202 252
2203 97
2204 211
2205 187
2206 181
2207 162
2208 184
2209 275
2210 176
2211 73
2212 228
2213 212
2214 209
2215 207
2216 220
2217 192
2218 208
2219 217
2220 173
2221 158
2222 140
2223 220
2224 241
2225 180
2226 165
2227 210
2228 161
2229 211
2230 219
2231 162
2232 271
2233 222
2234 198
2235 180
2236 284
2237 179
2238 238
2239 199
2240 176
2241 191
2242 220
2243 110
2244 227
2245 227
2246 181
2247 223
2248 233
2249 221
2250 174
2251 204
2252 223
2253 200
2254 228
2255 220
2256 233
2257 164
2258 225
2259 196
2260 186
2261 211
2262 166
2263 161
2264 215
2265 301
2266 223
2267 226
2268 152
2269 252
2270 241
2271 230
2272 228
2273 171
2274 223
2275 179
2276 215
2277 218
2278 191
2279 195
2280 163
2281 234
2282 215
2283 209
2284 191
2285 219
2286 246
2287 217
2288 228
2289 260
2290 271
2291 174
2292 180
2293 296
2294 181
2295 251
2296 233
2297 154
2298 203
2299 244
2300 187
2301 247
2302 209
2303 175
2304 208
2305 225
2306 194
2307 137
2308 180
2309 214
2310 182
2311 244
2312 172
2313 170
2314 199
2315 225
2316 277
2317 248
2318 231
2319 162
2320 195
2321 108
2322 217
2323 225
2324 139
2325 175
2326 171
2327 181
2328 194
2329 224
2330 215
2331 191
2332 190
2333 0
2334 260
2335 183
2336 206
2337 144
2338 178
2339 179
2340 265
2341 230
2342 186
2343 126
2344 192
2345 254
2346 188
2347 179
2348 257
2349 228
2350 223
2351 288
2352 227
2353 199
2354 227
2355 247
2356 237
2357 174
2358 202
2359 172
2360 299
2361 122
2362 198
2363 206
2364 206
2365 198
2366 165
2367 216
2368 203
2369 253
2370 216
2371 191
2372 163
2373 261
2374 121
2375 192
2376 170
2377 291
2378 197
2379 178
2380 272
2381 245
2382 189
2383 226
2384 146
2385 174
2386 205
2387 207
2388 202
2389 182
2390 136
2391 221
2392 215
2393 235
2394 186
2395 192
2396 199
2397 208
2398 92
2399 199
2400 214
2401 201
2402 185
2403 198
2404 194
2405 203
2406 176
2407 255
2408 265
2409 173
2410 200
2411 221
2412 215
2413 267
2414 238
2415 154
2416 189
2417 187
2418 237
2419 0
2420 183
2421 182
2422 220
2423 164
2424 246
2425 254
2426 149
2427 219
2428 318
2429 199
2430 215
2431 207
2432 203
2433 190
2434 235
2435 161
2436 191
2437 244
2438 268
2439 241
2440 179
2441 249
2442 178
2443 222
2444 215
2445 169
2446 187
2447 253
2448 171
2449 194
2450 209
2451 225
2452 197
2453 207
2454 239
2455 144
2456 200
2457 175
2458 191
2459 191
2460 223
2461 165
2462 169
2463 166
2464 184
2465 181
2466 197
2467 206
2468 217
2469 181
2470 187
2471 221
2472 228
2473 169
2474 169
2475 211
2476 120
2477 147
2478 213
2479 191
2480 182
2481 199
2482 185
2483 188
2484 294
2485 222
2486 189
2487 199
2488 238
2489 164
2490 207
2491 293
2492 218
2493 199
2494 173
2495 200
2496 184
2497 105
2498 178
2499 251
2500 213
2501 230
2502 207
2503 248
2504 326
2505 198
2506 216
2507 155
2508 214
2509 251
2510 201
2511 256
2512 232
2513 230
2514 233
2515 145
2516 197
2517 148
2518 217
2519 167
2520 148
2521 176
2522 221
2523 222
2524 225
2525 277
2526 195
2527 210
2528 300
2529 156
2530 247
2531 294
2532 189
2533 209
2534 212
2535 168
2536 168
2537 201
2538 162
2539 249
2540 148
2541 239
2542 193
2543 208
2544 156
2545 176
2546 201
2547 171
2548 209
2549 213
2550 199
2551 167
2552 214
2553 212
2554 149
2555 215
2556 217
2557 245
2558 153
2559 215
2560 240
2561 199
2562 201
2563 151
2564 163
2565 266
2566 260
2567 206
2568 167
2569 234
2570 202
2571 204
2572 187
2573 0
2574 193
2575 204
2576 210
2577 240
2578 164
2579 201
2580 223
2581 183
2582 253
2583 231
2584 174
2585 205
2586 188
2587 211
2588 222
2589 241
2590 217
2591 210
2592 241
2593 164
2594 190
2595 265
2596 285
2597 198
2598 254
2599 269
2600 274
2601 183
2602 180
2603 187
2604 251
2605 237
2606 213
2607 203
2608 259
2609 165
2610 154
2611 221
2612 211
2613 178
2614 164
2615 188
2616 213
2617 174
2618 213
2619 233
2620 213
2621 211
2622 0
2623 139
2624 214
2625 180
2626 168
2627 258
2628 194
2629 211
2630 195
2631 283
2632 211
2633 226
2634 224
2635 237
2636 179
2637 177
2638 227
2639 226
2640 238
2641 218
2642 260
2643 196
2644 213
2645 207
2646 207
2647 199
2648 273
2649 225
2650 174
2651 182
2652 207
2653 171
2654 189
2655 199
2656 166
2657 196
2658 218
2659 176
2660 241
2661 199
2662 171
2663 283
2664 190
2665 254
2666 229
2667 269
2668 161
2669 235
2670 156
2671 103
2672 234
2673 213
2674 255
2675 213
2676 222
2677 198
2678 247
2679 168
2680 218
2681 232
2682 222
2683 259
2684 132
2685 267
2686 181
2687 185
2688 218
2689 206
2690 236
2691 213
2692 176
2693 204
2694 185
2695 239
2696 256
2697 227
2698 234
2699 165
2700 224
2701 222
2702 202
2703 202
2704 234
2705 267
2706 214
2707 201
2708 175
2709 131
2710 214
2711 208
2712 238
2713 209
2714 223
2715 167
2716 270
2717 197
2718 215
2719 212
2720 226
2721 233
2722 213
2723 199
2724 249
2725 195
2726 187
2727 186
2728 191
2729 180
2730 242
2731 181
2732 242
2733 289
2734 292
2735 203
2736 160
2737 178
2738 188
2739 240
2740 212
2741 226
2742 197
2743 230
2744 214
2745 193
2746 198
2747 241
2748 180
2749 241
2750 185
2751 233
2752 190
2753 124
2754 203
2755 148
2756 310
2757 169
2758 179
2759 195
2760 220
2761 166
2762 262
2763 229
2764 167
2765 169
2766 179
2767 205
2768 212
2769 165
2770 205
2771 158
2772 185
2773 217
2774 229
2775 195
2776 201
2777 222
2778 289
2779 181
2780 239
2781 153
2782 248
2783 215
2784 202
2785 264
2786 196
2787 200
2788 206
2789 208
2790 167
2791 184
2792 145
2793 223
2794 0
2795 254
2796 218
2797 205
2798 231
2799 139
2800 162
2801 166
2802 0
2803 169
2804 242
2805 226
2806 231
2807 265
2808 183
2809 292
2810 273
2811 66
2812 226
2813 163
2814 203
2815 230
2816 216
2817 182
2818 216
2819 272
2820 242
2821 128
2822 263
2823 203
2824 220
2825 169
2826 176
2827 193
2828 250
2829 195
2830 218
2831 163
2832 229
2833 177
2834 213
2835 227
2836 266
2837 164
2838 226
2839 192
2840 192
2841 226
2842 205
2843 200
2844 134
2845 205
2846 238
2847 246
2848 215
2849 260
2850 257
2851 176
2852 200
2853 209
2854 221
2855 243
2856 170
2857 235
2858 211
2859 211
2860 170
2861 165
2862 165
2863 179
2864 185
2865 188
2866 205
2867 195
2868 205
2869 199
2870 247
2871 213
2872 194
2873 182
2874 234
2875 193
2876 174
2877 197
2878 233
2879 247
2880 198
2881 247
2882 156
2883 166
2884 243
2885 278
2886 206
2887 233
2888 228
2889 232
2890 192
2891 154
2892 259
2893 181
2894 240
2895 248
2896 218
2897 210
2898 206
2899 173
2900 210
2901 218
2902 229
2903 205
2904 218
2905 204
2906 218
2907 193
2908 164
2909 176
2910 172
2911 229
2912 151
2913 205
2914 305
2915 208
2916 199
2917 184
2918 203
2919 193
2920 243
2921 189
2922 149
2923 239
2924 172
2925 232
2926 240
2927 210
2928 199
2929 177
2930 139
2931 244
2932 212
2933 252
2934 210
2935 270
2936 163
2937 184
2938 210
2939 186
2940 109
2941 194
2942 193
2943 226
2944 213
2945 173
2946 141
2947 166
2948 161
2949 158
2950 248
2951 193
2952 211
2953 289
2954 186
2955 202
2956 229
2957 199
2958 202
2959 94
2960 190
2961 213
2962 247
2963 223
2964 197
2965 207
2966 190
2967 247
2968 179
2969 156
2970 288
2971 236
2972 246
2973 191
2974 231
2975 199
2976 230
2977 140
2978 219
2979 227
2980 235
2981 232
2982 198
2983 214
2984 189
2985 193
2986 217
2987 179
2988 219
2989 150
2990 277
2991 238
2992 181
2993 193
2994 261
2995 228
2996 224
2997 164
2998 233
2999 222
3000 239
3001 227
3002 218
3003 211
3004 222
3005 210
3006 237
3007 151
3008 196
3009 150
3010 186
3011 216
3012 215
3013 226
3014 203
3015 189
3016 162
3017 204
3018 206
3019 162
3020 225
3021 219
3022 156
3023 193
3024 189
3025 148
3026 201
3027 303
3028 194
3029 197
3030 226
3031 204
3032 178
3033 211
3034 235
3035 198
3036 187
3037 195
3038 233
3039 243
3040 169
3041 233
3042 184
3043 239
3044 204
3045 251
3046 211
3047 198
3048 211
3049 246
3050 181
3051 162
3052 149
3053 212
3054 304
3055 198
3056 152
3057 179
3058 254
3059 114
3060 243
3061 219
3062 185
3063 229
3064 147
3065 214
3066 252
3067 199
3068 200
3069 189
3070 184
3071 274
3072 216
3073 213
3074 235
3075 165
3076 190
3077 183
3078 239
3079 204
3080 172
3081 244
3082 297
3083 161
3084 164
3085 186
3086 197
3087 224
3088 192
3089 236
3090 213
3091 223
3092 190
3093 226
3094 103
3095 220
3096 155
3097 202
3098 198
3099 179
3100 247
3101 171
3102 216
3103 236
3104 51
3105 215
3106 204
3107 232
3108 210
3109 247
3110 241
3111 197
3112 272
3113 223
3114 202
3115 145
3116 208
3117 183
3118 215
3119 162
3120 202
3121 202
3122 175
3123 189
3124 213
3125 206
3126 207
3127 219
3128 200
3129 288
3130 242
3131 165
3132 231
3133 154
3134 296
3135 208
3136 145
3137 171
3138 258
3139 180
3140 243
3141 216
3142 228
3143 174
3144 186
3145 199
3146 229
3147 238
3148 182
3149 173
3150 218
3151 253
3152 162
3153 185
3154 125
3155 202
3156 226
3157 210
3158 199
3159 235
3160 74
3161 194
3162 220
3163 174
3164 212
3165 202
3166 180
3167 225
3168 277
3169 251
3170 234
3171 204
3172 284
3173 202
3174 262
3175 282
3176 183
3177 217
3178 230
3179 253
3180 236
3181 237
3182 210
3183 233
3184 208
3185 240
3186 224
3187 199
3188 167
3189 120
3190 130
3191 174
3192 211
3193 169
3194 207
3195 240
3196 246
3197 234
3198 210
3199 236
3200 211
3201 221
3202 240
3203 194
3204 209
3205 250
3206 234
3207 163
3208 188
3209 148
3210 265
3211 237
3212 180
3213 201
3214 188
3215 204
3216 221
3217 211
3218 192
3219 211
3220 206
3221 201
3222 148
3223 204
3224 176
3225 176
3226 202
3227 218
3228 202
3229 227
3230 225
3231 258
3232 145
3233 213
3234 210
3235 204
3236 179
3237 217
3238 189
3239 214
3240 216
3241 225
3242 178
3243 195
3244 190
3245 184
3246 202
3247 238
3248 243
3249 164
3250 198
3251 231
3252 207
3253 232
3254 248
3255 245
3256 159
3257 191
3258 265
3259 206
3260 206
3261 219
3262 276
3263 191
3264 219
3265 260
3266 240
3267 179
3268 199
3269 241
3270 228
3271 214
3272 215
3273 188
3274 184
3275 282
3276 178
3277 287
3278 183
3279 166
3280 266
3281 210
3282 225
3283 193
3284 232
3285 259
3286 212
3287 193
3288 176
3289 192
3290 177
3291 203
3292 179
3293 209
3294 243
3295 197
3296 203
3297 208
3298 182
3299 179
3300 188
3301 161
3302 161
3303 202
3304 256
3305 207
3306 238
3307 197
3308 226
3309 196
3310 190
3311 223
3312 196
3313 265
3314 244
3315 156
3316 174
3317 202
3318 204
3319 338
3320 211
3321 221
3322 223
3323 245
3324 193
3325 295
3326 243
3327 225
3328 144
3329 154
3330 205
3331 178
3332 206
3333 222
3334 232
3335 215
3336 222
3337 166
3338 238
3339 183
3340 179
3341 169
3342 169
3343 195
3344 170
3345 181
3346 151
3347 205
3348 154
3349 240
3350 197
3351 203
3352 181
3353 220
3354 258
3355 214
3356 204
3357 256
3358 159
3359 203
3360 273
3361 264
3362 253
3363 244
3364 207
3365 164
3366 220
3367 231
3368 217
3369 190
3370 232
3371 146
3372 236
3373 200
3374 243
3375 137
3376 245
3377 144
3378 213
3379 182
3380 243
3381 206
3382 201
3383 197
3384 156
3385 289
3386 158
3387 209
3388 178
3389 162
3390 222
3391 234
3392 215
3393 244
3394 204
3395 218
3396 172
3397 192
3398 203
3399 189
3400 223
3401 208
3402 202
3403 258
3404 184
3405 238
3406 225
3407 181
3408 275
3409 180
3410 226
3411 228
3412 175
3413 288
3414 189
3415 185
3416 174
3417 194
3418 195
3419 134
3420 230
3421 230
3422 211
3423 216
3424 198
3425 196
3426 220
3427 249
3428 210
3429 239
3430 218
3431 150
3432 119
3433 156
3434 247
3435 212
3436 217
3437 131
3438 220
3439 187
3440 192
3441 223
3442 244
3443 205
3444 211
3445 175
3446 239
3447 208
3448 200
3449 178
3450 181
3451 195
3452 139
3453 237
3454 227
3455 214
3456 194
3457 225
3458 216
3459 169
3460 261
3461 259
3462 201
3463 158
3464 225
3465 203
3466 207
3467 186
3468 145
3469 197
3470 302
3471 199
3472 309
3473 263
3474 171
3475 187
3476 216
3477 186
3478 245
3479 272
3480 236
3481 209
3482 204
3483 156
3484 191
3485 217
3486 195
3487 144
3488 210
3489 168
3490 207
3491 187
3492 191
3493 148
3494 159
3495 177
3496 150
3497 219
3498 209
3499 263
3500 222
3501 202
3502 233
3503 188
3504 173
3505 139
3506 209
3507 232
3508 205
3509 244
3510 168
3511 212
3512 191
3513 187
3514 183
3515 214
3516 228
3517 205
3518 240
3519 190
3520 270
3521 214
3522 231
3523 184
3524 154
3525 208
3526 243
3527 217
3528 247
3529 192
3530 204
3531 163
3532 216
3533 192
3534 169
3535 257
3536 181
3537 187
3538 261
3539 156
3540 209
3541 168
3542 257
3543 201
3544 235
3545 202
3546 191
3547 188
3548 190
3549 233
3550 233
3551 213
3552 293
3553 301
3554 92
3555 227
3556 229
3557 177
3558 232
3559 156
3560 210
3561 150
3562 235
3563 252
3564 165
3565 251
3566 173
3567 139
3568 208
3569 223
3570 153
3571 197
3572 198
3573 207
3574 231
3575 193
3576 138
3577 212
3578 218
3579 258
3580 136
3581 185
3582 176
3583 208
3584 250
3585 175
3586 235
3587 233
3588 106
3589 167
3590 171
3591 242
3592 199
3593 255
3594 156
3595 130
3596 206
3597 113
3598 193
3599 183
3600 257
3601 185
3602 238
3603 214
3604 137
3605 209
3606 179
3607 160
3608 199
3609 214
3610 157
3611 182
3612 236
3613 238
3614 194
3615 196
3616 252
3617 239
3618 244
3619 308
3620 197
3621 201
3622 167
3623 158
3624 219
3625 163
3626 198
3627 191
3628 214
3629 182
3630 175
3631 187
3632 212
3633 187
3634 233
3635 187
3636 213
3637 173
3638 202
3639 287
3640 194
3641 208
3642 187
3643 159
3644 117
3645 209
3646 138
3647 257
3648 171
3649 200
3650 178
3651 196
3652 200
3653 238
3654 174
3655 192
3656 240
3657 162
3658 236
3659 178
3660 188
3661 173
3662 170
3663 153
3664 193
3665 149
3666 226
3667 255
3668 188
3669 209
3670 227
3671 190
3672 191
3673 276
3674 153
3675 195
3676 156
3677 241
3678 197
3679 165
3680 157
3681 255
3682 260
3683 0
3684 178
3685 209
3686 240
3687 176
3688 182
3689 155
3690 240
3691 284
3692 184
3693 182
3694 197
3695 264
3696 183
3697 169
3698 168
3699 199
3700 183
3701 218
3702 233
3703 188
3704 183
3705 212
3706 228
3707 171
3708 222
3709 258
3710 232
3711 237
3712 163
3713 214
3714 202
3715 202
3716 207
3717 247
3718 150
3719 222
3720 217
3721 213
3722 210
3723 202
3724 199
3725 203
3726 252
3727 203
3728 208
3729 188
3730 256
3731 197
3732 223
3733 222
3734 290
3735 0
3736 206
3737 133
3738 252
3739 204
3740 223
3741 225
3742 193
3743 237
3744 268
3745 230
3746 247
3747 97
3748 201
3749 144
3750 223
3751 234
3752 254
3753 243
3754 187
3755 306
3756 332
3757 158
3758 171
3759 275
3760 261
3761 235
3762 180
3763 258
3764 193
3765 218
3766 240
3767 210
3768 243
3769 177
3770 238
3771 208
3772 81
3773 264
3774 201
3775 190
3776 221
3777 183
3778 218
3779 198
3780 237
3781 179
3782 217
3783 182
3784 230
3785 206
3786 156
3787 180
3788 191
3789 214
3790 236
3791 182
3792 295
3793 279
3794 221
3795 184
3796 250
3797 210
3798 242
3799 151
3800 255
3801 229
3802 268
3803 159
3804 217
3805 170
3806 204
3807 251
3808 224
3809 255
3810 197
3811 105
3812 305
3813 230
3814 175
3815 166
3816 183
3817 199
3818 241
3819 222
3820 203
3821 214
3822 191
3823 178
3824 254
3825 145
3826 197
3827 217
3828 0
3829 227
3830 145
3831 196
3832 121
3833 173
3834 163
3835 201
3836 199
3837 199
3838 274
3839 111
3840 222
3841 191
3842 177
3843 189
3844 201
3845 190
3846 259
3847 202
3848 183
3849 227
3850 206
3851 227
3852 213
3853 211
3854 166
3855 269
3856 233
3857 232
3858 192
3859 260
3860 184
3861 222
3862 207
3863 201
3864 259
3865 255
3866 224
3867 238
3868 178
3869 232
3870 233
3871 178
3872 234
3873 215
3874 296
3875 299
3876 197
3877 200
3878 207
3879 102
3880 226
3881 222
3882 192
3883 167
3884 217
3885 228
3886 186
3887 226
3888 185
3889 183
3890 202
3891 221
3892 204
3893 256
3894 231
3895 221
3896 230
3897 188
3898 220
3899 154
3900 250
3901 218
3902 170
3903 270
3904 154
3905 169
3906 207
3907 216
3908 183
3909 176
3910 194
3911 175
3912 177
3913 97
3914 222
3915 238
3916 135
3917 0
3918 209
3919 202
3920 214
3921 97
3922 206
3923 204
3924 135
3925 214
3926 174
3927 216
3928 229
3929 227
3930 223
3931 224
3932 232
3933 170
3934 175
3935 220
3936 233
3937 216
3938 210
3939 210
3940 210
3941 220
3942 154
3943 195
3944 211
3945 229
3946 171
3947 211
3948 192
3949 189
3950 178
3951 173
3952 256
3953 191
3954 240
3955 242
3956 166
3957 210
3958 201
3959 222
3960 151
3961 170
3962 177
3963 235
3964 157
3965 220
3966 216
3967 181
3968 174
3969 226
3970 237
3971 281
3972 180
3973 231
3974 249
3975 212
3976 221
3977 202
3978 281
3979 215
3980 290
3981 183
3982 209
3983 151
3984 187
3985 179
3986 290
3987 212
3988 234
3989 237
3990 182
3991 288
3992 193
3993 149
3994 250
3995 168
3996 202
3997 194
3998 188
3999 190
4000 235
4001 179
4002 174
4003 217
4004 169
4005 201
4006 183
4007 210
4008 185
4009 253
4010 191
4011 182
4012 221
4013 263
4014 192
4015 158
4016 216
4017 168
4018 220
4019 222
4020 187
4021 220
4022 201
4023 177
4024 193
4025 196
4026 166
4027 111
4028 0
4029 219
4030 221
4031 271
4032 195
4033 252
4034 175
4035 252
4036 197
4037 259
4038 175
4039 197
4040 236
4041 243
4042 179
4043 199
4044 220
4045 219
4046 164
4047 203
4048 218
4049 116
4050 153
4051 282
4052 207
4053 151
4054 244
4055 196
4056 162
4057 240
4058 186
4059 205
4060 240
4061 188
4062 185
4063 261
4064 232
4065 218
4066 92
4067 262
4068 192
4069 176
4070 273
4071 199
4072 222
4073 253
4074 290
4075 217
4076 231
4077 214
4078 178
4079 209
4080 200
4081 156
4082 260
4083 201
4084 200
4085 217
4086 149
4087 220
4088 185
4089 219
4090 222
4091 220
4092 227
4093 186
4094 137
4095 227
4096 185
4097 212
4098 200
4099 216
4100 152
4101 206
4102 244
4103 255
4104 230
4105 227
4106 199
4107 230
4108 163
4109 273
4110 128
4111 173
4112 231
4113 172
4114 136
4115 263
4116 239
4117 190
4118 97
4119 239
4120 267
4121 195
4122 199
4123 197
4124 203
4125 185
4126 190
4127 179
4128 252
4129 275
4130 238
4131 210
4132 238
4133 240
4134 252
4135 220
4136 199
4137 179
4138 302
4139 244
4140 233
4141 207
4142 215
4143 215
4144 234
4145 204
4146 285
4147 211
4148 256
4149 178
4150 180
4151 209
4152 229
4153 198
4154 224
4155 296
4156 168
4157 205
4158 227
4159 245
4160 208
4161 222
4162 174
4163 163
4164 217
4165 197
4166 217
4167 182
4168 208
4169 230
4170 202
4171 199
4172 264
4173 188
4174 218
4175 232
4176 84
4177 183
4178 147
4179 214
4180 202
4181 190
4182 235
4183 241
4184 189
4185 264
4186 219
4187 176
4188 177
4189 200
4190 218
4191 194
4192 279
4193 164
4194 203
4195 157
4196 219
4197 211
4198 158
4199 288
4200 111
4201 229
4202 168
4203 176
4204 212
4205 150
4206 188
4207 239
4208 209
4209 193
4210 204
4211 199
4212 209
4213 192
4214 240
4215 213
4216 216
4217 179
4218 222
4219 246
4220 184
4221 197
4222 222
4223 238
4224 226
4225 184
4226 181
4227 187
4228 223
4229 246
4230 217
4231 276
4232 116
4233 238
4234 215
4235 127
4236 226
4237 193
4238 257
4239 198
4240 208
4241 175
4242 190
4243 156
4244 200
4245 175
4246 188
4247 216
4248 193
4249 180
4250 188
4251 203
4252 199
4253 246
4254 190
4255 175
4256 232
4257 232
4258 225
4259 167
4260 145
4261 183
4262 239
4263 111
4264 186
4265 188
4266 204
4267 219
4268 85
4269 199
4270 187
4271 212
4272 160
4273 106
4274 165
4275 230
4276 218
4277 239
4278 195
4279 144
4280 277
4281 219
4282 142
4283 196
4284 270
4285 209
4286 182
4287 178
4288 213
4289 210
4290 236
4291 188
4292 253
4293 177
4294 230
4295 238
4296 214
4297 233
4298 203
4299 214
4300 198
4301 204
4302 182
4303 157
4304 248
4305 230
4306 177
4307 204
4308 208
4309 140
4310 212
4311 241
4312 141
4313 101
4314 201
4315 197
4316 135
4317 205
4318 218
4319 241
4320 0
4321 169
4322 202
4323 218
4324 260
4325 228
4326 176
4327 205
4328 199
4329 239
4330 212
4331 227
4332 115
4333 199
4334 212
4335 222
4336 229
4337 249
4338 169
4339 198
4340 123
4341 172
4342 196
4343 124
4344 130
4345 195
4346 240
4347 199
4348 139
4349 204
4350 155
4351 183
4352 168
4353 198
4354 191
4355 247
4356 185
4357 166
4358 259
4359 141
4360 267
4361 197
4362 180
4363 268
4364 212
4365 229
4366 209
4367 193
4368 218
4369 195
4370 204
4371 181
4372 284
4373 184
4374 168
4375 234
4376 190
4377 235
4378 227
4379 249
4380 229
4381 256
4382 181
4383 206
4384 210
4385 201
4386 193
4387 200
4388 181
4389 189
4390 231
4391 210
4392 217
4393 141
4394 194
4395 223
4396 137
4397 184
4398 165
4399 204
4400 249
4401 183
4402 215
4403 242
4404 254
4405 180
4406 204
4407 195
4408 247
4409 188
4410 195
4411 220
4412 178
4413 225
4414 205
4415 245
4416 185
4417 224
4418 174
4419 225
4420 251
4421 210
4422 246
4423 189
4424 202
4425 152
4426 177
4427 199
4428 278
4429 234
4430 219
4431 174
4432 219
4433 186
4434 275
4435 188
4436 245
4437 216
4438 220
4439 201
4440 162
4441 173
4442 170
4443 244
4444 268
4445 204
4446 177
4447 236
4448 200
4449 190
4450 200
4451 240
4452 172
4453 200
4454 240
4455 174
4456 190
4457 249
4458 222
4459 187
4460 266
4461 209
4462 215
4463 237
4464 199
4465 233
4466 213
4467 221
4468 182
4469 169
4470 249
4471 234
4472 183
4473 186
4474 211
4475 230
4476 193
4477 192
4478 246
4479 206
4480 236
4481 187
4482 156
4483 210
4484 233
4485 200
4486 198
4487 219
4488 253
4489 206
4490 191
4491 224
4492 185
4493 258
4494 169
4495 220
4496 237
4497 289
4498 207
4499 232
4500 200
4501 173
4502 217
4503 220
4504 190
4505 250
4506 269
4507 191
4508 253
4509 203
4510 201
4511 239
4512 160
4513 199
4514 206
4515 182
4516 163
4517 140
4518 244
4519 189
4520 188
4521 222
4522 204
4523 190
4524 233
4525 188
4526 183
4527 270
4528 231
4529 184
4530 197
4531 227
4532 255
4533 217
4534 176
4535 225
4536 238
4537 207
4538 161
4539 239
4540 211
4541 207
4542 211
4543 196
4544 179
4545 216
4546 143
4547 114
4548 192
4549 221
4550 171
4551 184
4552 165
4553 272
4554 152
4555 183
4556 268
4557 219
4558 310
4559 189
4560 157
4561 154
4562 169
4563 249
4564 249
4565 172
4566 195
4567 168
4568 220
4569 238
4570 195
4571 182
4572 234
4573 227
4574 189
4575 213
4576 184
4577 175
4578 138
4579 266
4580 178
4581 200
4582 271
4583 213
4584 227
4585 201
4586 261
4587 221
4588 230
4589 291
4590 209
4591 234
4592 172
4593 184
4594 262
4595 186
4596 221
4597 173
4598 241
4599 145
4600 228
4601 176
4602 174
4603 212
4604 197
4605 195
4606 157
4607 234
4608 228
4609 206
4610 251
4611 191
4612 208
4613 213
4614 199
4615 259
4616 227
4617 223
4618 174
4619 212
4620 230
4621 255
4622 206
4623 222
4624 193
4625 211
4626 207
4627 248
4628 270
4629 209
4630 272
4631 218
4632 211
4633 229
4634 209
4635 177
4636 248
4637 234
4638 258
4639 161
4640 129
4641 231
4642 221
4643 223
4644 290
4645 229
4646 257
4647 200
4648 216
4649 222
4650 209
4651 225
4652 174
4653 295
4654 193
4655 182
4656 184
4657 200
4658 204
4659 220
4660 206
4661 202
4662 207
4663 236
4664 166
4665 203
4666 225
4667 193
4668 222
4669 244
4670 253
4671 191
4672 199
4673 229
4674 279
4675 248
4676 205
4677 240
4678 155
4679 200
4680 198
4681 246
4682 209
4683 236
4684 196
4685 240
4686 208
4687 193
4688 240
4689 225
4690 259
4691 211
4692 201
4693 207
4694 195
4695 198
4696 217
4697 176
4698 222
4699 144
4700 193
4701 183
4702 215
4703 224
4704 212
4705 196
4706 217
4707 195
4708 227
4709 152
4710 212
4711 245
4712 182
4713 208
4714 242
4715 0
4716 189
4717 161
4718 233
4719 230
4720 271
4721 206
4722 235
4723 158
4724 177
4725 191
4726 148
4727 219
4728 160
4729 200
4730 223
4731 188
4732 176
4733 145
4734 231
4735 161
4736 206
4737 245
4738 280
4739 0
4740 224
4741 204
4742 212
4743 178
4744 188
4745 173
4746 230
4747 191
4748 218
4749 198
4750 115
4751 199
4752 277
4753 113
4754 179
4755 208
4756 234
4757 141
4758 192
4759 225
4760 229
4761 238
4762 181
4763 171
4764 224
4765 81
4766 196
4767 173
4768 225
4769 176
4770 202
4771 219
4772 197
4773 238
4774 244
4775 234
4776 180
4777 167
4778 122
4779 179
4780 168
4781 175
4782 155
4783 227
4784 272
4785 247
4786 161
4787 253
4788 218
4789 181
4790 253
4791 207
4792 195
4793 190
4794 202
4795 218
4796 186
4797 207
4798 190
4799 235
4800 229
4801 238
4802 215
4803 221
4804 224
4805 191
4806 152
4807 245
4808 161
4809 232
4810 152
4811 205
4812 272
4813 152
4814 200
4815 210
4816 258
4817 186
4818 175
4819 219
4820 213
4821 222
4822 223
4823 134
4824 190
4825 223
4826 184
4827 218
4828 198
4829 202
4830 270
4831 185
4832 177
4833 227
4834 226
4835 234
4836 178
4837 192
4838 193
4839 147
4840 239
4841 150
4842 285
4843 255
4844 206
4845 227
4846 209
4847 157
4848 125
4849 188
4850 199
4851 173
4852 208
4853 171
4854 239
4855 223
4856 234
4857 215
4858 223
4859 212
4860 138
4861 188
4862 233
4863 250
4864 207
4865 209
4866 213
4867 186
4868 167
4869 204
4870 158
4871 217
4872 194
4873 202
4874 210
4875 312
4876 292
4877 177
4878 200
4879 203
4880 193
4881 189
4882 183
4883 225
4884 196
4885 197
4886 138
4887 187
4888 176
4889 204
4890 197
4891 163
4892 223
4893 220
4894 205
4895 201
4896 131
4897 210
4898 195
4899 154
4900 231
4901 270
4902 201
4903 206
4904 200
4905 201
4906 198
4907 192
4908 211
4909 210
4910 187
4911 229
4912 205
4913 235
4914 179
4915 244
4916 202
4917 232
4918 167
4919 161
4920 209
4921 236
4922 169
4923 127
4924 207
4925 198
4926 177
4927 196
4928 163
4929 237
4930 260
4931 261
4932 234
4933 260
4934 199
4935 210
4936 223
4937 240
4938 238
4939 168
4940 130
4941 196
4942 290
4943 165
4944 179
4945 191
4946 204
4947 165
4948 233
4949 178
4950 179
4951 215
4952 290
4953 76
4954 149
4955 261
4956 194
4957 236
4958 238
4959 176
4960 257
4961 170
4962 154
4963 127
4964 222
4965 225
4966 213
4967 183
4968 169
4969 150
4970 184
4971 141
4972 244
4973 170
4974 229
4975 182
4976 215
4977 247
4978 208
4979 186
4980 269
4981 213
4982 186
4983 265
4984 225
4985 214
4986 243
4987 135
4988 213
4989 186
4990 0
4991 197
4992 209
4993 95
4994 202
4995 172
4996 212
4997 207
4998 213
4999 249
5000 216
5001 181
5002 205
5003 194
5004 152
5005 162
5006 186
5007 213
5008 209
5009 194
5010 202
5011 234
5012 248
5013 213
5014 251
5015 213
5016 162
5017 226
5018 221
5019 229
5020 196
5021 182
5022 240
5023 190
5024 221
5025 202
5026 171
5027 191
5028 239
5029 185
5030 210
5031 199
5032 183
5033 233
5034 215
5035 221
5036 172
5037 208
5038 222
5039 139
5040 204
5041 129
5042 196
5043 166
5044 255
5045 194
5046 181
5047 142
5048 141
5049 196
5050 220
5051 237
5052 270
5053 215
5054 234
5055 150
5056 111
5057 183
5058 192
5059 172
5060 225
5061 167
5062 201
5063 229
5064 199
5065 200
5066 225
5067 172
5068 197
5069 160
5070 241
5071 198
5072 255
5073 269
5074 221
5075 155
5076 192
5077 196
5078 193
5079 201
5080 227
5081 236
5082 185
5083 220
5084 92
5085 202
5086 212
5087 223
5088 199
5089 199
5090 258
5091 194
5092 161
5093 274
5094 229
5095 266
5096 193
5097 218
5098 202
5099 180
5100 239
5101 266
5102 238
5103 200
5104 162
5105 185
5106 165
5107 188
5108 205
5109 238
5110 226
5111 240
5112 158
5113 255
5114 0
5115 188
5116 172
5117 271
5118 225
5119 267
5120 170
5121 214
5122 201
5123 155
5124 194
5125 238
5126 204
5127 254
5128 239
5129 194
5130 181
5131 238
5132 191
5133 177
5134 204
5135 178
5136 154
5137 190
5138 171
5139 263
5140 248
5141 187
5142 226
5143 215
5144 175
5145 186
5146 201
5147 188
5148 149
5149 244
5150 158
5151 134
5152 177
5153 0
5154 198
5155 174
5156 248
5157 218
5158 207
5159 198
5160 194
5161 176
5162 204
5163 224
5164 228
5165 209
5166 248
5167 265
5168 218
5169 180
5170 256
5171 168
5172 226
5173 175
5174 227
5175 239
5176 215
5177 206
5178 180
5179 170
5180 202
5181 129
5182 178
5183 161
5184 186
5185 157
5186 127
5187 236
5188 174
5189 209
5190 229
5191 205
5192 187
5193 195
5194 224
5195 163
5196 223
5197 0
5198 185
5199 198
5200 179
5201 191
5202 190
5203 206
5204 268
5205 175
5206 198
5207 214
5208 209
5209 164
5210 196
5211 270
5212 224
5213 227
5214 197
5215 199
5216 201
5217 199
5218 223
5219 193
5220 263
5221 293
5222 197
5223 198
5224 212
5225 252
5226 264
5227 171
5228 239
5229 216
5230 203
5231 225
5232 223
5233 191
5234 218
5235 223
5236 205
5237 224
5238 227
5239 236
5240 249
5241 160
5242 206
5243 159
5244 221
5245 282
5246 190
5247 236
5248 199
5249 195
5250 172
5251 116
5252 189
5253 232
5254 219
5255 238
5256 210
5257 199
5258 188
5259 199
5260 178
5261 229
5262 207
5263 232
5264 192
5265 239
5266 250
5267 151
5268 311
5269 195
5270 136
5271 207
5272 157
5273 163
5274 169
5275 217
5276 198
5277 254
5278 182
5279 167
5280 177
5281 204
5282 173
5283 108
5284 153
5285 153
5286 179
5287 251
5288 218
5289 215
5290 176
5291 280
5292 273
5293 0
5294 176
5295 107
5296 188
5297 267
5298 264
5299 247
5300 178
5301 295
5302 191
5303 257
5304 183
5305 209
5306 212
5307 181
5308 159
5309 237
5310 221
5311 201
5312 189
5313 221
5314 206
5315 318
5316 172
5317 212
5318 211
5319 217
5320 185
5321 177
5322 201
5323 207
5324 209
5325 207
5326 223
5327 187
5328 213
5329 209
5330 191
5331 141
5332 239
5333 150
5334 257
5335 221
5336 142
5337 208
5338 274
5339 211
5340 180
5341 186
5342 152
5343 217
5344 154
5345 202
5346 99
5347 222
5348 182
5349 186
5350 172
5351 264
5352 205
5353 203
5354 174
5355 230
5356 117
5357 164
5358 164
5359 169
5360 200
5361 207
5362 224
5363 162
5364 111
5365 262
5366 167
5367 152
5368 182
5369 197
5370 214
5371 150
5372 233
5373 158
5374 294
5375 140
5376 204
5377 250
5378 225
5379 237
5380 176
5381 199
5382 175
5383 134
5384 223
5385 168
5386 198
5387 145
5388 194
5389 254
5390 247
5391 272
5392 171
5393 214
5394 177
5395 199
5396 201
5397 195
5398 262
5399 162
5400 236
5401 232
5402 151
5403 210
5404 155
5405 210
5406 210
5407 130
5408 206
5409 244
5410 222
5411 198
5412 246
5413 181
5414 236
5415 214
5416 172
5417 242
5418 241
5419 222
5420 213
5421 164
5422 208
5423 198
5424 202
5425 160
5426 233
5427 271
5428 196
5429 153
5430 144
5431 216
5432 194
5433 153
5434 268
5435 220
5436 225
5437 134
5438 229
5439 162
5440 162
5441 191
5442 213
5443 226
5444 194
5445 200
5446 216
5447 224
5448 169
5449 253
5450 213
5451 208
5452 227
5453 285
5454 235
5455 198
5456 230
5457 203
5458 225
5459 165
5460 197
5461 172
5462 200
5463 141
5464 241
5465 164
5466 144
5467 204
5468 239
5469 240
5470 192
5471 281
5472 184
5473 222
5474 195
5475 223
5476 195
5477 179
5478 263
5479 241
5480 210
5481 158
5482 148
5483 260
5484 157
5485 255
5486 238
5487 224
5488 169
5489 261
5490 182
5491 238
5492 205
5493 241
5494 263
5495 199
5496 216
5497 195
5498 277
5499 166
5500 182
5501 207
5502 232
5503 229
5504 203
5505 173
5506 228
5507 257
5508 204
5509 204
5510 157
5511 211
5512 244
5513 147
5514 168
5515 229
5516 202
5517 227
5518 185
5519 207
5520 286
5521 207
5522 220
5523 126
5524 205
5525 241
5526 233
5527 150
5528 205
5529 226
5530 218
5531 227
5532 196
5533 196
5534 235
5535 176
5536 239
5537 206
5538 233
5539 231
5540 197
5541 194
5542 192
5543 206
5544 208
5545 278
5546 125
5547 137
5548 233
5549 217
5550 274
5551 238
5552 241
5553 243
5554 202
5555 220
5556 236
5557 212
5558 244
5559 277
5560 277
5561 169
5562 190
5563 237
5564 155
5565 243
5566 220
5567 195
5568 206
5569 162
5570 266
5571 213
5572 224
5573 214
5574 238
5575 218
5576 245
5577 126
5578 217
5579 264
5580 233
5581 180
5582 208
5583 202
5584 212
5585 173
5586 227
5587 203
5588 225
5589 225
5590 208
5591 205
5592 197
5593 222
5594 238
5595 212
5596 222
5597 180
5598 210
5599 231
5600 231
5601 227
5602 257
5603 254
5604 243
5605 147
5606 191
5607 225
5608 219
5609 172
5610 192
5611 169
5612 150
5613 180
5614 169
5615 224
5616 176
5617 258
5618 198
5619 205
5620 209
5621 0
5622 202
5623 221
5624 215
5625 163
5626 233
5627 147
5628 228
5629 158
5630 208
5631 223
5632 193
5633 163
5634 158
5635 193
5636 203
5637 246
5638 0
5639 299
5640 214
5641 139
5642 218
5643 190
5644 178
5645 234
5646 176
5647 181
5648 194
5649 122
5650 187
5651 199
5652 158
5653 185
5654 254
5655 168
5656 211
5657 163
5658 166
5659 215
5660 239
5661 259
5662 217
5663 223
5664 226
5665 186
5666 220
5667 173
5668 335
5669 221
5670 193
5671 153
5672 210
5673 238
5674 193
5675 192
5676 189
5677 237
5678 170
5679 272
5680 0
5681 223
5682 220
5683 243
5684 182
5685 194
5686 269
5687 228
5688 281
5689 191
5690 264
5691 187
5692 189
5693 230
5694 267
5695 204
5696 218
5697 201
5698 215
5699 208
5700 172
5701 147
5702 199
5703 224
5704 251
5705 220
5706 254
5707 205
5708 183
5709 249
5710 245
5711 185
5712 229
5713 261
5714 172
5715 189
5716 262
5717 200
5718 210
5719 196
5720 225
5721 234
5722 159
5723 205
5724 222
5725 200
5726 167
5727 229
5728 167
5729 178
5730 189
5731 210
5732 179
5733 269
5734 245
5735 170
5736 231
5737 218
5738 205
5739 204
5740 247
5741 261
5742 184
5743 189
5744 231
5745 194
5746 265
5747 292
5748 239
5749 192
5750 182
5751 152
5752 216
5753 154
5754 199
5755 240
5756 198
5757 109
5758 243
5759 167
5760 92
5761 196
5762 196
5763 210
5764 183
5765 195
5766 216
5767 203
5768 147
5769 195
5770 223
5771 149
5772 195
5773 269
5774 261
5775 260
5776 201
5777 246
5778 254
5779 248
5780 213
5781 252
5782 145
5783 149
5784 202
5785 187
5786 216
5787 195
5788 185
5789 163
5790 235
5791 258
5792 155
5793 178
5794 167
5795 187
5796 202
5797 179
5798 208
5799 212
5800 106
5801 186
5802 218
5803 239
5804 264
5805 187
5806 289
5807 192
5808 174
5809 210
5810 178
5811 171
5812 142
5813 266
5814 213
5815 208
5816 198
5817 204
5818 168
5819 173
5820 293
5821 223
5822 208
5823 183
5824 136
5825 115
5826 254
5827 262
5828 228
5829 272
5830 203
5831 152
5832 177
5833 174
5834 186
5835 213
5836 188
5837 199
5838 220
5839 151
5840 156
5841 207
5842 219
5843 221
5844 248
5845 217
5846 220
5847 231
5848 276
5849 194
5850 192
5851 138
5852 179
5853 182
5854 170
5855 198
5856 261
5857 195
5858 207
5859 249
5860 222
5861 226
5862 136
5863 202
5864 176
5865 158
5866 192
5867 220
5868 164
5869 157
5870 216
5871 172
5872 209
5873 180
5874 161
5875 242
5876 190
5877 212
5878 188
5879 215
5880 212
5881 184
5882 193
5883 229
5884 207
5885 213
5886 257
5887 242
5888 234
5889 158
5890 256
5891 233
5892 140
5893 160
5894 225
5895 192
5896 193
5897 165
5898 219
5899 202
