Vertices: 3500
Edges: 17500
Time: 3,652 ms
Iterations: 17370
Vertex Distance
0 0
1 167
2 257
3 152
4 238
5 230
6 207
7 188
8 197
9 161
10 165
11 254
12 221
13 152
14 227
15 223
16 172
17 186
18 203
19 206
20 191
21 205
22 159
23 281
24 166
25 236
26 128
27 178
28 250
29 164
30 222
31 215
32 193
33 179
34 181
35 201
36 163
37 214
38 179
39 148
40 228
41 181
42 184
43 145
44 190
45 168
46 218
47 235
48 126
49 211
50 165
51 148
52 232
53 162
54 161
55 191
56 173
57 219
58 150
59 169
60 225
61 162
62 149
63 230
64 189
65 183
66 188
67 0
68 222
69 178
70 252
71 155
72 189
73 189
74 202
75 218
76 191
77 162
78 279
79 257
80 159
81 164
82 188
83 176
84 221
85 207
86 177
87 201
88 194
89 167
90 159
91 172
92 231
93 236
94 225
95 146
96 212
97 217
98 195
99 203
100 192
101 170
102 219
103 207
104 196
105 223
106 157
107 185
108 247
109 206
110 0
111 215
112 239
113 220
114 138
115 187
116 152
117 0
118 187
119 182
120 196
121 0
122 170
123 139
124 178
125 148
126 195
127 189
128 206
129 241
130 212
131 187
132 217
133 204
134 198
135 256
136 103
137 199
138 180
139 66
140 89
141 254
142 194
143 213
144 162
145 169
146 172
147 151
148 146
149 197
150 210
151 219
152 156
153 197
154 186
155 171
156 246
157 161
158 206
159 213
160 206
161 214
162 195
163 152
164 206
165 190
166 198
167 206
168 217
169 188
170 202
171 200
172 198
173 198
174 210
175 195
176 143
177 219
178 217
179 185
180 184
181 204
182 167
183 144
184 217
185 153
186 260
187 230
188 195
189 242
190 189
191 175
192 165
193 179
194 140
195 192
196 200
197 42
198 145
199 196
200 213
201 319
202 228
203 137
204 156
205 197
206 223
207 267
208 244
209 211
210 181
211 240
212 184
213 192
214 198
215 204
216 152
217 210
218 145
219 232
220 194
221 225
222 185
223 221
224 225
225 193
226 239
227 180
228 157
229 197
230 144
231 212
232 253
233 261
234 160
235 249
236 210
237 161
238 210
239 194
240 221
241 171
242 157
243 202
244 181
245 202
246 167
247 188
248 174
249 186
250 191
251 184
252 248
253 221
254 215
255 154
256 147
257 256
258 176
259 198
260 204
261 192
262 199
263 176
264 180
265 231
266 134
267 198
268 219
269 121
270 179
271 180
272 204
273 221
274 259
275 214
276 201
277 216
278 143
279 298
280 201
281 159
282 190
283 143
284 214
285 173
286 257
287 194
288 182
289 221
290 156
291 222
292 176
293 185
294 205
295 238
296 199
297 229
298 225
299 207
300 158
301 205
302 187
303 222
304 225
305 168
306 137
307 231
308 207
309 209
310 206
311 159
312 194
313 172
314 84
315 187
316 206
317 195
318 217
319 182
320 192
321 172
322 186
323 210
324 162
325 158
326 180
327 210
328 155
329 136
330 136
331 187
332 178
333 208
334 127
335 133
336 249
337 251
338 149
339 221
340 209
341 187
342 185
343 180
344 159
345 154
346 176
347 208
348 110
349 215
350 204
351 256
352 207
353 186
354 210
355 220
356 198
357 0
358 216
359 265
360 173
361 235
362 194
363 117
364 163
365 191
366 287
367 124
368 185
369 178
370 183
371 259
372 188
373 190
374 185
375 159
376 184
377 192
378 204
379 232
380 231
381 232
382 179
383 218
384 205
385 154
386 189
387 187
388 155
389 184
390 138
391 190
392 187
393 225
394 211
395 167
396 236
397 160
398 0
399 246
400 216
401 225
402 234
403 143
404 202
405 141
406 204
407 96
408 179
409 177
410 205
411 174
412 173
413 157
414 178
415 272
416 271
417 195
418 177
419 178
420 115
421 227
422 201
423 226
424 228
425 141
426 244
427 179
428 263
429 172
430 195
431 202
432 282
433 138
434 184
435 185
436 179
437 81
438 234
439 177
440 234
441 221
442 165
443 152
444 203
445 152
446 188
447 0
448 200
449 178
450 232
451 211
452 189
453 114
454 232
455 249
456 234
457 226
458 211
459 226
460 186
461 200
462 271
463 186
464 200
465 209
466 136
467 232
468 197
469 191
470 180
471 166
472 197
473 188
474 207
475 172
476 186
477 222
478 206
479 243
480 201
481 193
482 194
483 199
484 137
485 230
486 190
487 214
488 194
489 141
490 117
491 285
492 211
493 245
494 161
495 269
496 241
497 190
498 194
499 196
500 176
501 161
502 206
503 221
504 267
505 190
506 139
507 185
508 275
509 211
510 214
511 181
512 159
513 190
514 190
515 153
516 232
517 202
518 193
519 251
520 163
521 237
522 195
523 173
524 70
525 216
526 229
527 198
528 134
529 202
530 194
531 165
532 192
533 245
534 146
535 240
536 113
537 208
538 266
539 176
540 157
541 217
542 147
543 195
544 157
545 157
546 219
547 254
548 221
549 190
550 163
551 181
552 226
553 175
554 199
555 184
556 188
557 189
558 198
559 244
560 177
561 214
562 203
563 231
564 144
565 301
566 227
567 183
568 179
569 234
570 253
571 201
572 209
573 246
574 207
575 276
576 198
577 77
578 217
579 207
580 167
581 224
582 222
583 174
584 127
585 185
586 226
587 230
588 94
589 229
590 162
591 189
592 200
593 185
594 208
595 203
596 230
597 180
598 153
599 207
600 232
601 211
602 258
603 172
604 240
605 174
606 252
607 190
608 239
609 180
610 186
611 175
612 170
613 169
614 193
615 155
616 180
617 260
618 174
619 187
620 180
621 218
622 187
623 202
624 186
625 204
626 185
627 148
628 146
629 245
630 183
631 164
632 144
633 213
634 177
635 201
636 174
637 221
638 206
639 206
640 204
641 172
642 125
643 132
644 169
645 190
646 211
647 169
648 156
649 216
650 129
651 227
652 217
653 184
654 219
655 265
656 209
657 207
658 210
659 220
660 239
661 219
662 183
663 247
664 210
665 200
666 192
667 187
668 133
669 206
670 181
671 207
672 187
673 229
674 191
675 203
676 219
677 207
678 148
679 162
680 251
681 191
682 180
683 243
684 154
685 179
686 222
687 150
688 244
689 241
690 214
691 215
692 220
693 151
694 194
695 229
696 210
697 172
698 137
699 245
700 208
701 164
702 198
703 168
704 164
705 194
706 126
707 161
708 194
709 179
710 201
711 250
712 167
713 175
714 210
715 152
716 178
717 201
718 231
719 250
720 222
721 169
722 160
723 139
724 169
725 254
726 179
727 213
728 226
729 233
730 222
731 171
732 137
733 203
734 161
735 176
736 181
737 172
738 212
739 280
740 236
741 202
742 243
743 190
744 158
745 172
746 139
747 203
748 203
749 209
750 256
751 172
752 175
753 150
754 109
755 152
756 226
757 299
758 135
759 185
760 178
761 171
762 206
763 156
764 133
765 123
766 146
767 184
768 155
769 198
770 208
771 193
772 197
773 195
774 173
775 180
776 173
777 209
778 197
779 207
780 182
781 236
782 191
783 199
784 241
785 147
786 189
787 250
788 225
789 196
790 251
791 203
792 170
793 187
794 293
795 183
796 147
797 160
798 194
799 200
800 121
801 171
802 149
803 187
804 169
805 225
806 192
807 135
808 233
809 173
810 200
811 188
812 239
813 114
814 200
815 166
816 204
817 261
818 176
819 209
820 157
821 126
822 187
823 204
824 221
825 187
826 166
827 208
828 226
829 142
830 192
831 183
832 179
833 48
834 215
835 167
836 157
837 200
838 200
839 178
840 140
841 207
842 209
843 206
844 130
845 195
846 143
847 216
848 180
849 185
850 262
851 194
852 157
853 178
854 186
855 167
856 141
857 182
858 160
859 205
860 242
861 156
862 221
863 154
864 217
865 148
866 191
867 202
868 220
869 149
870 87
871 219
872 151
873 183
874 159
875 117
876 195
877 229
878 150
879 199
880 181
881 220
882 198
883 233
884 238
885 214
886 182
887 183
888 169
889 233
890 158
891 213
892 187
893 113
894 141
895 112
896 235
897 204
898 241
899 271
900 199
901 195
902 189
903 188
904 128
905 219
906 208
907 209
908 188
909 175
910 185
911 202
912 189
913 191
914 177
915 132
916 220
917 213
918 173
919 180
920 168
921 216
922 184
923 209
924 202
925 177
926 199
927 259
928 261
929 175
930 225
931 201
932 194
933 141
934 215
935 262
936 208
937 177
938 184
939 171
940 191
941 194
942 197
943 207
944 271
945 176
946 186
947 176
948 212
949 175
950 101
951 187
952 136
953 293
954 153
955 181
956 198
957 194
958 109
959 197
960 259
961 210
962 132
963 215
964 172
965 179
966 186
967 166
968 207
969 201
970 131
971 232
972 164
973 183
974 218
975 156
976 193
977 209
978 186
979 117
980 188
981 215
982 194
983 183
984 205
985 202
986 185
987 244
988 168
989 189
990 195
991 168
992 179
993 168
994 180
995 228
996 130
997 167
998 271
999 186
1000 159
1001 190
1002 202
1003 136
1004 136
1005 199
1006 215
1007 139
1008 235
1009 176
1010 238
1011 211
1012 229
1013 177
1014 206
1015 196
1016 205
1017 188
1018 234
1019 219
1020 155
1021 268
1022 96
1023 162
1024 187
1025 203
1026 227
1027 175
1028 195
1029 238
1030 217
1031 198
1032 112
1033 64
1034 159
1035 259
1036 227
1037 190
1038 182
1039 185
1040 221
1041 200
1042 178
1043 187
1044 215
1045 141
1046 152
1047 215
1048 182
1049 180
1050 245
1051 212
1052 214
1053 179
1054 208
1055 212
1056 219
1057 232
1058 187
1059 181
1060 91
1061 214
1062 268
1063 186
1064 214
1065 266
1066 167
1067 120
1068 161
1069 143
1070 192
1071 152
1072 135
1073 175
1074 219
1075 156
1076 120
1077 209
1078 185
1079 220
1080 186
1081 218
1082 191
1083 157
1084 203
1085 203
1086 212
1087 173
1088 220
1089 0
1090 216
1091 162
1092 287
1093 209
1094 204
1095 225
1096 178
1097 170
1098 199
1099 193
1100 98
1101 170
1102 272
1103 225
1104 222
1105 198
1106 199
1107 198
1108 194
1109 0
1110 159
1111 204
1112 191
1113 211
1114 180
1115 165
1116 210
1117 229
1118 212
1119 164
1120 169
1121 143
1122 141
1123 223
1124 226
1125 203
1126 229
1127 192
1128 165
1129 138
1130 188
1131 257
1132 170
1133 173
1134 270
1135 137
1136 179
1137 231
1138 191
1139 83
1140 220
1141 152
1142 188
1143 235
1144 195
1145 172
1146 203
1147 233
1148 219
1149 103
1150 185
1151 200
1152 82
1153 152
1154 197
1155 216
1156 120
1157 168
1158 252
1159 276
1160 193
1161 206
1162 232
1163 164
1164 150
1165 191
1166 171
1167 177
1168 233
1169 217
1170 212
1171 159
1172 206
1173 205
1174 200
1175 170
1176 196
1177 159
1178 136
1179 164
1180 269
1181 139
1182 159
1183 205
1184 128
1185 200
1186 164
1187 191
1188 198
1189 143
1190 120
1191 189
1192 366
1193 231
1194 137
1195 180
1196 247
1197 221
1198 227
1199 165
1200 139
1201 163
1202 172
1203 190
1204 252
1205 247
1206 159
1207 337
1208 191
1209 138
1210 129
1211 186
1212 206
1213 155
1214 179
1215 236
1216 202
1217 171
1218 217
1219 206
1220 227
1221 155
1222 158
1223 212
1224 226
1225 136
1226 260
1227 290
1228 192
1229 213
1230 166
1231 150
1232 190
1233 228
1234 164
1235 141
1236 134
1237 195
1238 211
1239 214
1240 195
1241 214
1242 171
1243 251
1244 256
1245 117
1246 203
1247 153
1248 157
1249 179
1250 154
1251 213
1252 160
1253 226
1254 194
1255 137
1256 178
1257 224
1258 200
1259 203
1260 205
1261 210
1262 163
1263 213
1264 210
1265 239
1266 182
1267 205
1268 179
1269 133
1270 140
1271 147
1272 187
1273 196
1274 231
1275 159
1276 236
1277 230
1278 211
1279 235
1280 101
1281 226
1282 240
1283 175
1284 272
1285 163
1286 137
1287 176
1288 229
1289 111
1290 120
1291 208
1292 170
1293 206
1294 231
1295 197
1296 195
1297 199
1298 241
1299 194
1300 205
1301 243
1302 229
1303 218
1304 241
1305 202
1306 203
1307 209
1308 132
1309 223
1310 190
1311 190
1312 223
1313 192
1314 203
1315 236
1316 156
1317 183
1318 187
1319 185
1320 157
1321 197
1322 182
1323 239
1324 204
1325 175
1326 189
1327 204
1328 215
1329 236
1330 163
1331 144
1332 313
1333 159
1334 158
1335 191
1336 176
1337 237
1338 200
1339 217
1340 272
1341 228
1342 294
1343 199
1344 227
1345 181
1346 188
1347 196
1348 184
1349 146
1350 233
1351 192
1352 185
1353 213
1354 190
1355 162
1356 168
1357 222
1358 260
1359 170
1360 223
1361 206
1362 150
1363 159
1364 144
1365 169
1366 246
1367 267
1368 177
1369 194
1370 191
1371 215
1372 210
1373 195
1374 180
1375 188
1376 246
1377 192
1378 201
1379 213
1380 201
1381 192
1382 219
1383 141
1384 174
1385 117
1386 171
1387 227
1388 231
1389 189
1390 205
1391 221
1392 172
1393 198
1394 198
1395 135
1396 0
1397 228
1398 198
1399 177
1400 236
1401 202
1402 143
1403 171
1404 212
1405 174
1406 122
1407 177
1408 160
1409 192
1410 201
1411 172
1412 202
1413 177
1414 241
1415 188
1416 220
1417 157
1418 179
1419 225
1420 133
1421 163
1422 202
1423 248
1424 230
1425 169
1426 255
1427 225
1428 177
1429 235
1430 222
1431 166
1432 203
1433 188
1434 158
1435 228
1436 185
1437 243
1438 295
1439 184
1440 191
1441 197
1442 184
1443 262
1444 189
1445 230
1446 195
1447 139
1448 234
1449 232
1450 191
1451 165
1452 219
1453 169
1454 221
1455 173
1456 210
1457 119
1458 213
1459 221
1460 266
1461 220
1462 222
1463 163
1464 231
1465 186
1466 208
1467 239
1468 209
1469 176
1470 186
1471 188
1472 154
1473 180
1474 192
1475 188
1476 198
1477 216
1478 155
1479 209
1480 233
1481 192
1482 197
1483 141
1484 196
1485 192
1486 214
1487 170
1488 252
1489 213
1490 167
1491 229
1492 216
1493 191
1494 202
1495 228
1496 173
1497 184
1498 213
1499 192
1500 178
1501 198
1502 174
1503 161
1504 176
1505 251
1506 142
1507 204
1508 198
1509 220
1510 136
1511 164
1512 172
1513 242
1514 209
1515 181
1516 246
1517 226
1518 176
1519 233
1520 204
1521 189
1522 203
1523 106
1524 253
1525 0
1526 232
1527 298
1528 205
1529 170
1530 250
1531 224
1532 206
1533 238
1534 187
1535 195
1536 158
1537 127
1538 236
1539 193
1540 218
1541 215
1542 215
1543 234
1544 190
1545 194
1546 266
1547 202
1548 224
1549 193
1550 152
1551 176
1552 199
1553 183
1554 178
1555 0
1556 229
1557 183
1558 227
1559 216
1560 210
1561 144
1562 199
1563 174
1564 243
1565 197
1566 206
1567 208
1568 233
1569 176
1570 173
1571 190
1572 195
1573 218
1574 204
1575 206
1576 252
1577 206
1578 228
1579 223
1580 206
1581 203
1582 180
1583 200
1584 184
1585 152
1586 169
1587 121
1588 266
1589 157
1590 187
1591 200
1592 250
1593 249
1594 240
1595 252
1596 233
1597 217
1598 180
1599 196
1600 194
1601 176
1602 220
1603 110
1604 257
1605 262
1606 223
1607 87
1608 177
1609 216
1610 222
1611 185
1612 208
1613 186
1614 208
1615 174
1616 243
1617 128
1618 185
1619 271
1620 175
1621 240
1622 237
1623 164
1624 192
1625 220
1626 195
1627 201
1628 181
1629 217
1630 177
1631 179
1632 157
1633 161
1634 283
1635 172
1636 195
1637 233
1638 215
1639 219
1640 207
1641 228
1642 232
1643 167
1644 132
1645 212
1646 228
1647 173
1648 140
1649 216
1650 181
1651 139
1652 203
1653 163
1654 200
1655 205
1656 216
1657 234
1658 248
1659 236
1660 243
1661 209
1662 228
1663 189
1664 130
1665 190
1666 178
1667 240
1668 155
1669 199
1670 167
1671 202
1672 202
1673 205
1674 221
1675 246
1676 210
1677 209
1678 241
1679 127
1680 272
1681 240
1682 173
1683 196
1684 219
1685 260
1686 216
1687 183
1688 162
1689 201
1690 194
1691 241
1692 209
1693 145
1694 168
1695 224
1696 205
1697 202
1698 230
1699 165
1700 0
1701 147
1702 217
1703 245
1704 261
1705 220
1706 169
1707 269
1708 244
1709 195
1710 226
1711 216
1712 161
1713 208
1714 144
1715 153
1716 197
1717 249
1718 173
1719 181
1720 178
1721 157
1722 163
1723 228
1724 162
1725 202
1726 229
1727 207
1728 195
1729 171
1730 153
1731 207
1732 296
1733 161
1734 200
1735 220
1736 203
1737 222
1738 193
1739 225
1740 229
1741 214
1742 224
1743 134
1744 154
1745 247
1746 205
1747 159
1748 0
1749 187
1750 182
1751 192
1752 173
1753 190
1754 197
1755 240
1756 128
1757 105
1758 161
1759 195
1760 221
1761 151
1762 195
1763 235
1764 139
1765 185
1766 179
1767 167
1768 142
1769 217
1770 201
1771 167
1772 174
1773 136
1774 192
1775 208
1776 166
1777 179
1778 165
1779 157
1780 168
1781 181
1782 187
1783 212
1784 202
1785 295
1786 212
1787 176
1788 183
1789 206
1790 187
1791 253
1792 226
1793 244
1794 273
1795 208
1796 203
1797 143
1798 122
1799 186
1800 179
1801 141
1802 183
1803 142
1804 191
1805 185
1806 197
1807 190
1808 127
1809 209
1810 166
1811 216
1812 177
1813 169
1814 111
1815 184
1816 113
1817 183
1818 184
1819 213
1820 191
1821 181
1822 176
1823 207
1824 186
1825 180
1826 160
1827 0
1828 153
1829 162
1830 201
1831 208
1832 177
1833 187
1834 198
1835 181
1836 199
1837 200
1838 191
1839 216
1840 175
1841 198
1842 156
1843 191
1844 249
1845 222
1846 158
1847 199
1848 153
1849 175
1850 173
1851 205
1852 188
1853 237
1854 199
1855 105
1856 243
1857 255
1858 206
1859 136
1860 235
1861 211
1862 227
1863 158
1864 184
1865 208
1866 213
1867 210
1868 212
1869 219
1870 192
1871 180
1872 242
1873 229
1874 209
1875 227
1876 219
1877 205
1878 176
1879 168
1880 181
1881 148
1882 264
1883 203
1884 193
1885 203
1886 201
1887 240
1888 127
1889 206
1890 268
1891 121
1892 181
1893 203
1894 187
1895 186
1896 170
1897 178
1898 182
1899 228
1900 143
1901 199
1902 174
1903 201
1904 205
1905 227
1906 180
1907 165
1908 189
1909 210
1910 193
1911 173
1912 171
1913 162
1914 262
1915 167
1916 201
1917 222
1918 185
1919 194
1920 226
1921 153
1922 222
1923 132
1924 179
1925 0
1926 180
1927 244
1928 209
1929 215
1930 146
1931 203
1932 216
1933 208
1934 216
1935 209
1936 189
1937 233
1938 245
1939 131
1940 177
1941 131
1942 203
1943 180
1944 259
1945 206
1946 215
1947 173
1948 169
1949 168
1950 188
1951 167
1952 194
1953 160
1954 214
1955 200
1956 97
1957 192
1958 166
1959 274
1960 219
1961 204
1962 165
1963 234
1964 208
1965 186
1966 249
1967 174
1968 0
1969 196
1970 239
1971 201
1972 200
1973 182
1974 292
1975 251
1976 167
1977 249
1978 208
1979 214
1980 176
1981 171
1982 208
1983 161
1984 195
1985 209
1986 182
1987 208
1988 178
1989 183
1990 222
1991 197
1992 140
1993 192
1994 224
1995 177
1996 186
1997 229
1998 198
1999 139
2000 167
2001 135
2002 179
2003 250
2004 230
2005 221
2006 157
2007 230
2008 149
2009 192
2010 167
2011 235
2012 173
2013 214
2014 269
2015 273
2016 245
2017 187
2018 90
2019 150
2020 175
2021 204
2022 185
2023 249
2024 235
2025 148
2026 174
2027 221
2028 171
2029 212
2030 109
2031 195
2032 192
2033 211
2034 0
2035 196
2036 168
2037 232
2038 157
2039 222
2040 194
2041 223
2042 204
2043 194
2044 202
2045 190
2046 87
2047 136
2048 211
2049 138
2050 217
2051 233
2052 177
2053 172
2054 189
2055 229
2056 157
2057 209
2058 203
2059 196
2060 172
2061 210
2062 138
2063 190
2064 190
2065 250
2066 209
2067 227
2068 158
2069 161
2070 214
2071 241
2072 140
2073 175
2074 178
2075 275
2076 166
2077 256
2078 204
2079 186
2080 271
2081 130
2082 202
2083 224
2084 215
2085 264
2086 222
2087 178
2088 181
2089 152
2090 207
2091 124
2092 132
2093 168
2094 215
2095 268
2096 231
2097 201
2098 192
2099 173
2100 256
2101 165
2102 167
2103 189
2104 147
2105 178
2106 204
2107 172
2108 175
2109 149
2110 203
2111 198
2112 151
2113 123
2114 217
2115 205
2116 189
2117 208
2118 215
2119 213
2120 220
2121 162
2122 199
2123 182
2124 147
2125 223
2126 191
2127 147
2128 180
2129 152
2130 227
2131 206
2132 190
2133 202
2134 183
2135 189
2136 226
2137 159
2138 222
2139 199
2140 206
2141 223
2142 240
2143 147
2144 190
2145 122
2146 200
2147 220
2148 276
2149 170
2150 212
2151 203
2152 230
2153 187
2154 163
2155 215
2156 200
2157 201
2158 168
2159 258
2160 200
2161 198
2162 232
2163 215
2164 239
2165 0
2166 274
2167 238
2168 188
2169 181
2170 239
2171 205
2172 188
2173 186
2174 206
2175 277
2176 215
2177 188
2178 211
2179 131
2180 210
2181 194
2182 203
2183 196
2184 86
2185 181
2186 218
2187 148
2188 177
2189 172
2190 184
2191 186
2192 190
2193 208
2194 242
2195 260
2196 236
2197 282
2198 131
2199 230
2200 200
2201 249
2202 221
2203 187
2204 180
2205 190
2206 222
2207 161
2208 214
2209 217
2210 237
2211 108
2212 200
2213 208
2214 219
2215 139
2216 168
2217 195
2218 207
2219 149
2220 172
2221 187
2222 173
2223 196
2224 140
2225 217
2226 159
2227 208
2228 166
2229 164
2230 229
2231 151
2232 152
2233 200
2234 115
2235 187
2236 202
2237 161
2238 208
2239 179
2240 207
2241 218
2242 206
2243 228
2244 189
2245 172
2246 151
2247 188
2248 200
2249 168
2250 198
2251 184
2252 202
2253 152
2254 159
2255 201
2256 142
2257 254
2258 151
2259 206
2260 195
2261 206
2262 228
2263 230
2264 182
2265 191
2266 141
2267 229
2268 259
2269 187
2270 152
2271 182
2272 199
2273 0
2274 241
2275 234
2276 170
2277 177
2278 209
2279 187
2280 206
2281 126
2282 222
2283 193
2284 232
2285 230
2286 258
2287 173
2288 217
2289 179
2290 260
2291 190
2292 172
2293 236
2294 203
2295 210
2296 130
2297 225
2298 186
2299 150
2300 236
2301 158
2302 145
2303 176
2304 214
2305 222
2306 177
2307 174
2308 215
2309 215
2310 248
2311 197
2312 184
2313 155
2314 105
2315 168
2316 162
2317 192
2318 207
2319 224
2320 220
2321 134
2322 229
2323 192
2324 186
2325 134
2326 185
2327 197
2328 155
2329 211
2330 132
2331 168
2332 313
2333 184
2334 200
2335 195
2336 213
2337 204
2338 183
2339 208
2340 226
2341 192
2342 198
2343 196
2344 246
2345 223
2346 197
2347 201
2348 256
2349 182
2350 218
2351 231
2352 181
2353 204
2354 172
2355 193
2356 153
2357 192
2358 188
2359 212
2360 203
2361 182
2362 159
2363 209
2364 167
2365 225
2366 267
2367 167
2368 197
2369 168
2370 203
2371 180
2372 201
2373 180
2374 249
2375 178
2376 182
2377 174
2378 198
2379 185
2380 227
2381 251
2382 188
2383 156
2384 201
2385 165
2386 118
2387 199
2388 169
2389 113
2390 148
2391 206
2392 214
2393 247
2394 162
2395 188
2396 148
2397 185
2398 216
2399 193
2400 167
2401 194
2402 181
2403 217
2404 193
2405 182
2406 143
2407 207
2408 240
2409 212
2410 205
2411 218
2412 168
2413 206
2414 192
2415 189
2416 206
2417 199
2418 240
2419 131
2420 197
2421 204
2422 155
2423 134
2424 191
2425 255
2426 199
2427 234
2428 220
2429 202
2430 168
2431 173
2432 155
2433 193
2434 197
2435 130
2436 201
2437 194
2438 204
2439 165
2440 248
2441 244
2442 217
2443 202
2444 160
2445 184
2446 113
2447 215
2448 157
2449 167
2450 167
2451 217
2452 158
2453 212
2454 188
2455 207
2456 87
2457 165
2458 239
2459 211
2460 163
2461 251
2462 207
2463 177
2464 190
2465 161
2466 232
2467 194
2468 237
2469 194
2470 182
2471 168
2472 219
2473 264
2474 140
2475 162
2476 201
2477 209
2478 182
2479 148
2480 176
2481 134
2482 306
2483 243
2484 206
2485 181
2486 143
2487 152
2488 154
2489 203
2490 211
2491 179
2492 202
2493 181
2494 203
2495 127
2496 213
2497 175
2498 227
2499 260
2500 243
2501 153
2502 146
2503 153
2504 195
2505 187
2506 188
2507 224
2508 210
2509 259
2510 198
2511 141
2512 162
2513 131
2514 200
2515 203
2516 252
2517 194
2518 243
2519 244
2520 157
2521 199
2522 198
2523 208
2524 216
2525 221
2526 197
2527 165
2528 171
2529 266
2530 163
2531 164
2532 231
2533 171
2534 183
2535 186
2536 175
2537 224
2538 142
2539 224
2540 224
2541 168
2542 193
2543 213
2544 177
2545 244
2546 173
2547 143
2548 127
2549 203
2550 212
2551 215
2552 200
2553 215
2554 218
2555 174
2556 289
2557 193
2558 205
2559 176
2560 158
2561 251
2562 155
2563 245
2564 177
2565 289
2566 230
2567 176
2568 208
2569 218
2570 165
2571 133
2572 117
2573 94
2574 202
2575 177
2576 221
2577 106
2578 184
2579 146
2580 153
2581 181
2582 118
2583 199
2584 127
2585 219
2586 185
2587 137
2588 170
2589 189
2590 189
2591 177
2592 200
2593 130
2594 205
2595 202
2596 217
2597 245
2598 196
2599 191
2600 187
2601 182
2602 148
2603 230
2604 157
2605 222
2606 164
2607 198
2608 162
2609 208
2610 232
2611 185
2612 167
2613 171
2614 208
2615 225
2616 185
2617 217
2618 140
2619 221
2620 0
2621 180
2622 281
2623 171
2624 119
2625 229
2626 190
2627 205
2628 200
2629 229
2630 168
2631 228
2632 195
2633 220
2634 267
2635 206
2636 170
2637 217
2638 151
2639 111
2640 192
2641 225
2642 207
2643 180
2644 70
2645 211
2646 226
2647 153
2648 153
2649 158
2650 197
2651 205
2652 188
2653 228
2654 162
2655 193
2656 215
2657 152
2658 179
2659 174
2660 224
2661 133
2662 182
2663 188
2664 233
2665 200
2666 211
2667 157
2668 210
2669 177
2670 172
2671 281
2672 131
2673 210
2674 314
2675 187
2676 222
2677 199
2678 217
2679 221
2680 209
2681 147
2682 176
2683 0
2684 187
2685 165
2686 137
2687 167
2688 186
2689 207
2690 0
2691 175
2692 217
2693 223
2694 197
2695 100
2696 223
2697 125
2698 186
2699 185
2700 230
2701 160
2702 185
2703 178
2704 177
2705 131
2706 220
2707 192
2708 240
2709 193
2710 145
2711 201
2712 168
2713 151
2714 204
2715 228
2716 127
2717 107
2718 173
2719 186
2720 218
2721 222
2722 204
2723 177
2724 209
2725 242
2726 183
2727 224
2728 184
2729 193
2730 191
2731 187
2732 174
2733 154
2734 199
2735 170
2736 184
2737 205
2738 187
2739 178
2740 148
2741 241
2742 198
2743 192
2744 209
2745 208
2746 185
2747 173
2748 222
2749 110
2750 207
2751 180
2752 180
2753 143
2754 136
2755 160
2756 210
2757 190
2758 207
2759 159
2760 220
2761 147
2762 161
2763 234
2764 204
2765 188
2766 217
2767 240
2768 220
2769 252
2770 119
2771 181
2772 204
2773 101
2774 196
2775 211
2776 137
2777 204
2778 175
2779 139
2780 201
2781 183
2782 189
2783 168
2784 172
2785 103
2786 211
2787 164
2788 133
2789 131
2790 182
2791 181
2792 166
2793 205
2794 176
2795 238
2796 223
2797 245
2798 154
2799 177
2800 186
2801 0
2802 178
2803 161
2804 176
2805 191
2806 218
2807 176
2808 229
2809 236
2810 184
2811 202
2812 264
2813 166
2814 173
2815 215
2816 179
2817 168
2818 194
2819 198
2820 153
2821 201
2822 170
2823 167
2824 174
2825 238
2826 144
2827 214
2828 13
2829 179
2830 147
2831 184
2832 189
2833 225
2834 161
2835 171
2836 226
2837 256
2838 222
2839 184
2840 244
2841 162
2842 206
2843 231
2844 208
2845 176
2846 195
2847 232
2848 212
2849 134
2850 280
2851 169
2852 184
2853 202
2854 198
2855 184
2856 204
2857 184
2858 212
2859 209
2860 195
2861 207
2862 182
2863 207
2864 190
2865 191
2866 112
2867 202
2868 196
2869 239
2870 169
2871 189
2872 179
2873 212
2874 145
2875 156
2876 165
2877 191
2878 199
2879 255
2880 175
2881 174
2882 193
2883 211
2884 197
2885 202
2886 157
2887 208
2888 200
2889 162
2890 148
2891 196
2892 250
2893 200
2894 192
2895 156
2896 252
2897 175
2898 126
2899 175
2900 177
2901 163
2902 237
2903 210
2904 154
2905 119
2906 188
2907 233
2908 203
2909 258
2910 123
2911 141
2912 201
2913 254
2914 222
2915 184
2916 192
2917 147
2918 160
2919 226
2920 118
2921 240
2922 178
2923 177
2924 239
2925 156
2926 156
2927 238
2928 204
2929 195
2930 175
2931 208
2932 236
2933 152
2934 168
2935 189
2936 104
2937 204
2938 228
2939 156
2940 246
2941 213
2942 202
2943 188
2944 199
2945 273
2946 169
2947 190
2948 174
2949 164
2950 228
2951 199
2952 170
2953 159
2954 213
2955 239
2956 190
2957 249
2958 173
2959 301
2960 170
2961 264
2962 192
2963 227
2964 258
2965 189
2966 149
2967 210
2968 175
2969 198
2970 209
2971 148
2972 192
2973 197
2974 250
2975 195
2976 253
2977 176
2978 219
2979 226
2980 212
2981 193
2982 206
2983 180
2984 224
2985 147
2986 216
2987 174
2988 183
2989 186
2990 217
2991 173
2992 228
2993 165
2994 226
2995 147
2996 228
2997 199
2998 131
2999 167
3000 209
3001 279
3002 145
3003 174
3004 233
3005 101
3006 183
3007 229
3008 182
3009 182
3010 168
3011 155
3012 203
3013 169
3014 163
3015 212
3016 155
3017 178
3018 188
3019 161
3020 220
3021 213
3022 225
3023 156
3024 203
3025 194
3026 157
3027 213
3028 184
3029 136
3030 204
3031 195
3032 182
3033 152
3034 175
3035 112
3036 148
3037 197
3038 197
3039 171
3040 257
3041 203
3042 205
3043 195
3044 165
3045 283
3046 206
3047 214
3048 257
3049 52
3050 186
3051 228
3052 216
3053 222
3054 175
3055 207
3056 217
3057 237
3058 211
3059 225
3060 188
3061 148
3062 188
3063 208
3064 213
3065 193
3066 175
3067 210
3068 167
3069 144
3070 196
3071 157
3072 212
3073 122
3074 270
3075 199
3076 158
3077 175
3078 194
3079 200
3080 144
3081 180
3082 214
3083 227
3084 0
3085 147
3086 217
3087 174
3088 186
3089 241
3090 114
3091 205
3092 131
3093 166
3094 223
3095 183
3096 231
3097 98
3098 196
3099 187
3100 172
3101 176
3102 166
3103 208
3104 176
3105 204
3106 207
3107 181
3108 154
3109 210
3110 277
3111 185
3112 164
3113 207
3114 191
3115 150
3116 112
3117 203
3118 197
3119 156
3120 193
3121 156
3122 229
3123 173
3124 192
3125 179
3126 191
3127 245
3128 162
3129 197
3130 191
3131 253
3132 167
3133 220
3134 240
3135 185
3136 197
3137 223
3138 173
3139 202
3140 197
3141 209
3142 218
3143 239
3144 237
3145 193
3146 269
3147 202
3148 174
3149 182
3150 254
3151 215
3152 208
3153 239
3154 202
3155 222
3156 196
3157 149
3158 190
3159 186
3160 173
3161 213
3162 203
3163 160
3164 213
3165 220
3166 153
3167 244
3168 192
3169 194
3170 153
3171 162
3172 255
3173 206
3174 173
3175 166
3176 179
3177 182
3178 216
3179 283
3180 233
3181 196
3182 206
3183 163
3184 296
3185 183
3186 209
3187 144
3188 204
3189 187
3190 202
3191 181
3192 165
3193 196
3194 212
3195 182
3196 187
3197 162
3198 203
3199 227
3200 283
3201 216
3202 194
3203 153
3204 224
3205 158
3206 179
3207 241
3208 246
3209 174
3210 132
3211 170
3212 172
3213 172
3214 140
3215 153
3216 199
3217 142
3218 197
3219 169
3220 199
3221 169
3222 132
3223 192
3224 200
3225 213
3226 208
3227 265
3228 236
3229 186
3230 238
3231 170
3232 207
3233 172
3234 78
3235 204
3236 242
3237 200
3238 170
3239 212
3240 277
3241 175
3242 204
3243 233
3244 164
3245 221
3246 277
3247 200
3248 189
3249 205
3250 209
3251 234
3252 130
3253 322
3254 251
3255 186
3256 173
3257 193
3258 192
3259 183
3260 179
3261 184
3262 175
3263 215
3264 205
3265 221
3266 142
3267 173
3268 97
3269 198
3270 327
3271 212
3272 223
3273 276
3274 224
3275 231
3276 136
3277 262
3278 207
3279 161
3280 197
3281 142
3282 190
3283 152
3284 168
3285 294
3286 68
3287 208
3288 226
3289 156
3290 160
3291 165
3292 186
3293 204
3294 185
3295 239
3296 243
3297 248
3298 192
3299 166
3300 201
3301 241
3302 207
3303 190
3304 185
3305 191
3306 173
3307 124
3308 182
3309 189
3310 212
3311 175
3312 182
3313 226
3314 151
3315 123
3316 182
3317 187
3318 208
3319 190
3320 217
3321 173
3322 186
3323 185
3324 185
3325 234
3326 193
3327 186
3328 210
3329 224
3330 225
3331 168
3332 221
3333 177
3334 194
3335 207
3336 235
3337 237
3338 109
3339 196
3340 261
3341 227
3342 190
3343 274
3344 245
3345 177
3346 207
3347 181
3348 198
3349 225
3350 205
3351 186
3352 191
3353 184
3354 318
3355 184
3356 199
3357 294
3358 215
3359 183
3360 199
3361 209
3362 178
3363 239
3364 140
3365 158
3366 139
3367 166
3368 222
3369 177
3370 145
3371 178
3372 195
3373 140
3374 0
3375 151
3376 198
3377 203
3378 245
3379 152
3380 163
3381 215
3382 228
3383 230
3384 232
3385 209
3386 149
3387 181
3388 159
3389 198
3390 227
3391 251
3392 253
3393 223
3394 231
3395 172
3396 205
3397 145
3398 157
3399 179
3400 181
3401 163
3402 182
3403 173
3404 105
3405 190
3406 220
3407 258
3408 190
3409 174
3410 136
3411 218
3412 204
3413 190
3414 139
3415 164
3416 225
3417 230
3418 232
3419 309
3420 147
3421 192
3422 270
3423 190
3424 194
3425 246
3426 276
3427 234
3428 240
3429 167
3430 254
3431 205
3432 136
3433 0
3434 239
3435 159
3436 213
3437 164
3438 183
3439 196
3440 227
3441 135
3442 218
3443 163
3444 210
3445 175
3446 174
3447 211
3448 200
3449 185
3450 177
3451 243
3452 195
3453 228
3454 190
3455 130
3456 221
3457 192
3458 193
3459 184
3460 176
3461 205
3462 217
3463 179
3464 181
3465 154
3466 217
3467 163
3468 226
3469 268
3470 182
3471 226
3472 84
3473 200
3474 185
3475 158
3476 207
3477 205
3478 162
3479 178
3480 148
3481 179
3482 169
3483 202
3484 201
3485 210
3486 181
3487 127
3488 268
3489 184
3490 176
3491 217
3492 205
3493 161
3494 243
3495 233
3496 180
3497 208
3498 200
3499 124
