Vertices: 8500
Edges: 42500
Time: 3,459 ms
Iterations: 42302
Vertex Distance
0 0
1 217
2 263
3 168
4 267
5 204
6 269
7 270
8 241
9 230
10 224
11 275
12 258
13 193
14 186
15 239
16 233
17 266
18 182
19 246
20 251
21 274
22 221
23 288
24 224
25 171
26 234
27 240
28 290
29 213
30 204
31 187
32 212
33 124
34 173
35 177
36 202
37 193
38 148
39 270
40 238
41 241
42 276
43 281
44 206
45 283
46 234
47 201
48 143
49 243
50 208
51 240
52 285
53 253
54 269
55 184
56 215
57 228
58 339
59 221
60 228
61 190
62 234
63 248
64 233
65 206
66 245
67 174
68 150
69 145
70 218
71 246
72 226
73 245
74 208
75 222
76 194
77 255
78 244
79 276
80 124
81 195
82 241
83 214
84 212
85 203
86 219
87 179
88 267
89 180
90 219
91 256
92 210
93 147
94 258
95 236
96 242
97 178
98 192
99 242
100 267
101 218
102 256
103 218
104 299
105 202
106 198
107 253
108 217
109 229
110 147
111 268
112 214
113 237
114 186
115 229
116 205
117 246
118 227
119 224
120 236
121 226
122 214
123 231
124 256
125 266
126 242
127 209
128 236
129 292
130 91
131 218
132 135
133 222
134 219
135 250
136 237
137 246
138 261
139 266
140 224
141 216
142 213
143 222
144 217
145 230
146 236
147 271
148 238
149 168
150 244
151 117
152 281
153 255
154 216
155 321
156 152
157 189
158 241
159 172
160 192
161 292
162 266
163 249
164 229
165 240
166 208
167 228
168 165
169 248
170 229
171 197
172 251
173 198
174 225
175 181
176 182
177 225
178 224
179 304
180 238
181 217
182 222
183 280
184 231
185 278
186 235
187 235
188 247
189 205
190 310
191 218
192 245
193 220
194 217
195 262
196 339
197 226
198 224
199 221
200 227
201 199
202 172
203 263
204 321
205 229
206 170
207 182
208 235
209 233
210 237
211 199
212 175
213 248
214 220
215 227
216 255
217 178
218 278
219 210
220 206
221 236
222 228
223 183
224 223
225 257
226 280
227 216
228 195
229 183
230 213
231 208
232 217
233 0
234 157
235 145
236 270
237 262
238 234
239 283
240 212
241 196
242 180
243 220
244 164
245 204
246 192
247 223
248 205
249 238
250 226
251 230
252 188
253 213
254 174
255 215
256 216
257 221
258 222
259 234
260 235
261 234
262 246
263 194
264 231
265 238
266 193
267 228
268 251
269 219
270 141
271 191
272 209
273 257
274 248
275 182
276 203
277 195
278 264
279 247
280 165
281 175
282 273
283 242
284 228
285 225
286 214
287 283
288 242
289 229
290 240
291 179
292 302
293 281
294 182
295 241
296 265
297 233
298 195
299 243
300 217
301 199
302 227
303 260
304 213
305 249
306 178
307 148
308 153
309 213
310 224
311 246
312 242
313 351
314 244
315 233
316 187
317 220
318 202
319 236
320 189
321 242
322 223
323 255
324 251
325 196
326 262
327 223
328 196
329 208
330 241
331 237
332 195
333 218
334 207
335 217
336 178
337 183
338 240
339 226
340 250
341 248
342 173
343 132
344 208
345 237
346 250
347 172
348 233
349 244
350 240
351 204
352 224
353 283
354 210
355 221
356 242
357 211
358 238
359 261
360 217
361 214
362 240
363 321
364 216
365 219
366 185
367 238
368 230
369 188
370 215
371 249
372 164
373 231
374 245
375 206
376 206
377 0
378 132
379 233
380 238
381 158
382 0
383 204
384 193
385 195
386 255
387 214
388 240
389 263
390 222
391 204
392 270
393 234
394 241
395 238
396 203
397 234
398 168
399 243
400 209
401 216
402 240
403 175
404 206
405 174
406 203
407 217
408 257
409 210
410 194
411 302
412 193
413 246
414 195
415 221
416 203
417 171
418 212
419 237
420 246
421 282
422 221
423 222
424 137
425 193
426 242
427 254
428 114
429 226
430 197
431 248
432 186
433 276
434 201
435 180
436 176
437 193
438 245
439 276
440 193
441 225
442 288
443 165
444 194
445 219
446 194
447 242
448 181
449 230
450 295
451 229
452 245
453 214
454 277
455 219
456 207
457 166
458 204
459 226
460 142
461 285
462 242
463 217
464 176
465 209
466 205
467 277
468 214
469 302
470 212
471 181
472 225
473 0
474 210
475 191
476 197
477 242
478 235
479 184
480 271
481 211
482 248
483 231
484 228
485 166
486 277
487 169
488 221
489 240
490 188
491 213
492 250
493 220
494 188
495 264
496 234
497 204
498 212
499 223
500 238
501 245
502 182
503 275
504 205
505 202
506 242
507 227
508 240
509 216
510 247
511 253
512 199
513 245
514 147
515 278
516 234
517 211
518 254
519 208
520 204
521 216
522 231
523 160
524 235
525 217
526 184
527 207
528 240
529 236
530 184
531 255
532 225
533 286
534 224
535 228
536 236
537 244
538 220
539 154
540 155
541 221
542 240
543 196
544 176
545 225
546 181
547 163
548 225
549 274
550 253
551 190
552 210
553 214
554 231
555 265
556 239
557 196
558 248
559 206
560 221
561 213
562 175
563 269
564 259
565 274
566 201
567 193
568 256
569 264
570 226
571 179
572 242
573 217
574 260
575 230
576 210
577 242
578 212
579 218
580 317
581 186
582 213
583 226
584 268
585 51
586 209
587 228
588 217
589 305
590 130
591 180
592 216
593 219
594 265
595 203
596 235
597 209
598 245
599 183
600 228
601 236
602 199
603 228
604 234
605 228
606 230
607 211
608 208
609 246
610 265
611 243
612 228
613 242
614 221
615 231
616 240
617 246
618 273
619 222
620 266
621 274
622 150
623 192
624 269
625 210
626 209
627 234
628 242
629 185
630 240
631 221
632 244
633 245
634 211
635 231
636 313
637 223
638 315
639 290
640 233
641 208
642 232
643 179
644 242
645 199
646 259
647 219
648 224
649 290
650 253
651 295
652 208
653 248
654 237
655 233
656 233
657 190
658 205
659 158
660 201
661 280
662 213
663 153
664 226
665 166
666 253
667 212
668 147
669 211
670 238
671 298
672 248
673 253
674 214
675 137
676 233
677 213
678 219
679 253
680 202
681 190
682 230
683 216
684 204
685 240
686 235
687 147
688 263
689 265
690 207
691 167
692 178
693 211
694 221
695 176
696 222
697 205
698 237
699 226
700 173
701 211
702 204
703 246
704 256
705 227
706 252
707 250
708 179
709 234
710 160
711 217
712 243
713 234
714 184
715 251
716 162
717 241
718 222
719 201
720 207
721 294
722 252
723 237
724 196
725 267
726 149
727 197
728 271
729 228
730 222
731 244
732 271
733 231
734 150
735 251
736 281
737 209
738 226
739 151
740 172
741 222
742 217
743 192
744 213
745 220
746 231
747 166
748 224
749 237
750 239
751 235
752 224
753 113
754 191
755 242
756 243
757 244
758 224
759 190
760 299
761 0
762 196
763 223
764 217
765 245
766 196
767 219
768 229
769 240
770 231
771 185
772 190
773 177
774 235
775 202
776 262
777 183
778 242
779 211
780 207
781 116
782 177
783 277
784 227
785 253
786 194
787 279
788 246
789 221
790 192
791 250
792 174
793 221
794 247
795 208
796 193
797 229
798 212
799 235
800 253
801 189
802 253
803 187
804 226
805 143
806 214
807 221
808 222
809 269
810 236
811 160
812 226
813 240
814 136
815 168
816 252
817 258
818 199
819 172
820 240
821 236
822 217
823 193
824 210
825 181
826 223
827 256
828 236
829 196
830 201
831 205
832 187
833 206
834 197
835 221
836 246
837 201
838 85
839 225
840 212
841 237
842 268
843 187
844 265
845 228
846 290
847 186
848 214
849 245
850 211
851 195
852 231
853 258
854 117
855 246
856 232
857 219
858 192
859 260
860 201
861 190
862 284
863 305
864 204
865 213
866 215
867 215
868 283
869 228
870 189
871 233
872 214
873 223
874 197
875 266
876 225
877 194
878 226
879 217
880 241
881 227
882 283
883 240
884 239
885 209
886 243
887 247
888 228
889 248
890 259
891 177
892 185
893 308
894 284
895 239
896 231
897 216
898 244
899 241
900 234
901 271
902 253
903 222
904 229
905 241
906 205
907 219
908 175
909 207
910 220
911 199
912 108
913 259
914 202
915 104
916 276
917 225
918 205
919 218
920 225
921 215
922 272
923 275
924 232
925 205
926 197
927 270
928 232
929 248
930 192
931 196
932 251
933 265
934 212
935 140
936 261
937 186
938 216
939 232
940 152
941 297
942 178
943 253
944 285
945 216
946 169
947 209
948 231
949 234
950 218
951 267
952 244
953 210
954 270
955 251
956 173
957 209
958 222
959 223
960 241
961 248
962 216
963 224
964 160
965 199
966 164
967 200
968 262
969 183
970 229
971 185
972 252
973 264
974 232
975 202
976 204
977 229
978 221
979 279
980 181
981 165
982 176
983 221
984 222
985 246
986 170
987 246
988 278
989 186
990 225
991 199
992 228
993 217
994 271
995 247
996 0
997 229
998 208
999 215
1000 160
1001 201
1002 202
1003 192
1004 196
1005 212
1006 217
1007 257
1008 206
1009 191
1010 156
1011 205
1012 215
1013 185
1014 170
1015 126
1016 143
1017 187
1018 195
1019 207
1020 270
1021 293
1022 291
1023 196
1024 203
1025 187
1026 213
1027 207
1028 246
1029 300
1030 219
1031 222
1032 212
1033 210
1034 219
1035 176
1036 253
1037 235
1038 217
1039 166
1040 313
1041 259
1042 312
1043 244
1044 206
1045 246
1046 208
1047 231
1048 258
1049 232
1050 238
1051 224
1052 254
1053 158
1054 163
1055 242
1056 221
1057 240
1058 187
1059 252
1060 195
1061 213
1062 198
1063 265
1064 194
1065 205
1066 237
1067 238
1068 191
1069 262
1070 178
1071 185
1072 232
1073 215
1074 230
1075 191
1076 201
1077 221
1078 203
1079 198
1080 209
1081 126
1082 227
1083 200
1084 205
1085 221
1086 218
1087 161
1088 257
1089 170
1090 236
1091 212
1092 202
1093 151
1094 196
1095 239
1096 214
1097 238
1098 223
1099 245
1100 242
1101 254
1102 219
1103 228
1104 255
1105 233
1106 254
1107 212
1108 187
1109 257
1110 216
1111 204
1112 242
1113 149
1114 190
1115 256
1116 278
1117 245
1118 211
1119 215
1120 243
1121 147
1122 238
1123 181
1124 264
1125 267
1126 222
1127 191
1128 183
1129 177
1130 222
1131 245
1132 201
1133 213
1134 253
1135 254
1136 245
1137 191
1138 219
1139 237
1140 215
1141 239
1142 196
1143 198
1144 256
1145 257
1146 221
1147 214
1148 292
1149 235
1150 214
1151 214
1152 183
1153 227
1154 199
1155 229
1156 228
1157 238
1158 216
1159 269
1160 241
1161 237
1162 238
1163 219
1164 214
1165 216
1166 163
1167 234
1168 235
1169 223
1170 266
1171 196
1172 208
1173 252
1174 234
1175 239
1176 177
1177 253
1178 277
1179 266
1180 231
1181 170
1182 107
1183 159
1184 246
1185 238
1186 229
1187 238
1188 220
1189 258
1190 271
1191 275
1192 166
1193 229
1194 197
1195 206
1196 220
1197 250
1198 188
1199 272
1200 222
1201 193
1202 263
1203 416
1204 228
1205 206
1206 300
1207 287
1208 139
1209 289
1210 188
1211 212
1212 228
1213 230
1214 242
1215 204
1216 233
1217 207
1218 282
1219 199
1220 241
1221 216
1222 207
1223 148
1224 192
1225 206
1226 267
1227 117
1228 279
1229 226
1230 181
1231 184
1232 199
1233 174
1234 205
1235 223
1236 173
1237 211
1238 252
1239 366
1240 251
1241 210
1242 251
1243 225
1244 209
1245 208
1246 280
1247 217
1248 217
1249 242
1250 188
1251 224
1252 277
1253 205
1254 222
1255 210
1256 223
1257 235
1258 185
1259 324
1260 210
1261 201
1262 206
1263 247
1264 220
1265 194
1266 234
1267 219
1268 193
1269 241
1270 289
1271 278
1272 238
1273 226
1274 216
1275 291
1276 163
1277 204
1278 215
1279 263
1280 289
1281 231
1282 222
1283 252
1284 153
1285 208
1286 245
1287 243
1288 222
1289 175
1290 181
1291 235
1292 273
1293 243
1294 244
1295 175
1296 222
1297 280
1298 191
1299 222
1300 286
1301 178
1302 220
1303 230
1304 232
1305 0
1306 240
1307 230
1308 208
1309 141
1310 159
1311 273
1312 268
1313 236
1314 201
1315 247
1316 251
1317 210
1318 224
1319 182
1320 243
1321 0
1322 184
1323 219
1324 280
1325 245
1326 261
1327 184
1328 280
1329 217
1330 264
1331 0
1332 245
1333 238
1334 228
1335 265
1336 301
1337 267
1338 128
1339 236
1340 210
1341 210
1342 255
1343 128
1344 269
1345 224
1346 215
1347 190
1348 163
1349 246
1350 217
1351 173
1352 230
1353 224
1354 204
1355 0
1356 282
1357 253
1358 272
1359 187
1360 245
1361 215
1362 215
1363 315
1364 155
1365 249
1366 258
1367 190
1368 182
1369 216
1370 241
1371 170
1372 233
1373 174
1374 168
1375 237
1376 211
1377 222
1378 195
1379 227
1380 248
1381 191
1382 229
1383 254
1384 231
1385 168
1386 253
1387 191
1388 212
1389 229
1390 221
1391 181
1392 192
1393 194
1394 264
1395 187
1396 211
1397 173
1398 247
1399 221
1400 260
1401 237
1402 197
1403 96
1404 248
1405 240
1406 214
1407 214
1408 218
1409 212
1410 222
1411 249
1412 174
1413 146
1414 219
1415 264
1416 252
1417 199
1418 240
1419 255
1420 225
1421 235
1422 216
1423 144
1424 235
1425 176
1426 144
1427 191
1428 232
1429 210
1430 224
1431 131
1432 171
1433 223
1434 219
1435 196
1436 179
1437 179
1438 227
1439 213
1440 222
1441 259
1442 248
1443 255
1444 249
1445 226
1446 203
1447 288
1448 245
1449 221
1450 192
1451 216
1452 220
1453 257
1454 308
1455 284
1456 278
1457 249
1458 287
1459 242
1460 165
1461 153
1462 182
1463 215
1464 185
1465 149
1466 245
1467 209
1468 168
1469 266
1470 246
1471 134
1472 203
1473 207
1474 217
1475 216
1476 216
1477 214
1478 199
1479 236
1480 211
1481 222
1482 185
1483 205
1484 236
1485 211
1486 200
1487 275
1488 205
1489 278
1490 210
1491 135
1492 237
1493 163
1494 185
1495 240
1496 177
1497 217
1498 218
1499 207
1500 233
1501 172
1502 207
1503 191
1504 247
1505 176
1506 261
1507 186
1508 278
1509 220
1510 169
1511 209
1512 287
1513 247
1514 218
1515 218
1516 196
1517 311
1518 324
1519 279
1520 234
1521 240
1522 387
1523 210
1524 241
1525 389
1526 212
1527 196
1528 203
1529 201
1530 209
1531 198
1532 191
1533 267
1534 299
1535 225
1536 195
1537 190
1538 215
1539 179
1540 239
1541 207
1542 204
1543 254
1544 297
1545 164
1546 193
1547 216
1548 197
1549 145
1550 242
1551 186
1552 246
1553 225
1554 230
1555 242
1556 221
1557 200
1558 196
1559 254
1560 210
1561 221
1562 219
1563 212
1564 189
1565 137
1566 224
1567 165
1568 182
1569 171
1570 206
1571 293
1572 203
1573 178
1574 221
1575 237
1576 226
1577 188
1578 268
1579 222
1580 303
1581 233
1582 211
1583 201
1584 223
1585 238
1586 192
1587 233
1588 235
1589 202
1590 212
1591 220
1592 259
1593 256
1594 251
1595 215
1596 228
1597 252
1598 260
1599 283
1600 224
1601 233
1602 280
1603 192
1604 253
1605 187
1606 272
1607 275
1608 163
1609 235
1610 247
1611 213
1612 227
1613 229
1614 173
1615 218
1616 229
1617 123
1618 245
1619 165
1620 220
1621 247
1622 195
1623 202
1624 270
1625 203
1626 260
1627 197
1628 217
1629 215
1630 219
1631 253
1632 242
1633 84
1634 182
1635 302
1636 229
1637 182
1638 240
1639 188
1640 273
1641 314
1642 213
1643 213
1644 205
1645 258
1646 281
1647 147
1648 231
1649 211
1650 238
1651 138
1652 274
1653 127
1654 209
1655 181
1656 213
1657 228
1658 189
1659 222
1660 236
1661 218
1662 211
1663 221
1664 156
1665 251
1666 225
1667 206
1668 227
1669 272
1670 241
1671 256
1672 198
1673 175
1674 218
1675 222
1676 232
1677 226
1678 224
1679 241
1680 177
1681 154
1682 194
1683 223
1684 257
1685 243
1686 212
1687 273
1688 228
1689 153
1690 220
1691 206
1692 0
1693 195
1694 175
1695 179
1696 238
1697 200
1698 238
1699 204
1700 236
1701 209
1702 242
1703 190
1704 226
1705 226
1706 276
1707 212
1708 179
1709 191
1710 227
1711 258
1712 224
1713 230
1714 0
1715 226
1716 270
1717 222
1718 214
1719 208
1720 180
1721 184
1722 231
1723 208
1724 284
1725 172
1726 243
1727 256
1728 201
1729 196
1730 278
1731 189
1732 236
1733 195
1734 275
1735 231
1736 175
1737 192
1738 170
1739 199
1740 197
1741 213
1742 199
1743 258
1744 228
1745 222
1746 206
1747 214
1748 227
1749 237
1750 251
1751 264
1752 195
1753 220
1754 215
1755 272
1756 234
1757 204
1758 300
1759 189
1760 226
1761 301
1762 200
1763 222
1764 229
1765 220
1766 192
1767 221
1768 226
1769 214
1770 219
1771 217
1772 311
1773 218
1774 249
1775 220
1776 266
1777 290
1778 283
1779 259
1780 226
1781 243
1782 299
1783 201
1784 236
1785 246
1786 242
1787 235
1788 242
1789 254
1790 242
1791 244
1792 221
1793 209
1794 176
1795 276
1796 231
1797 194
1798 227
1799 200
1800 191
1801 178
1802 183
1803 208
1804 202
1805 215
1806 240
1807 266
1808 209
1809 194
1810 236
1811 264
1812 227
1813 185
1814 250
1815 180
1816 193
1817 239
1818 238
1819 237
1820 294
1821 212
1822 180
1823 262
1824 196
1825 272
1826 250
1827 223
1828 234
1829 277
1830 214
1831 211
1832 191
1833 231
1834 214
1835 233
1836 276
1837 174
1838 181
1839 227
1840 227
1841 175
1842 223
1843 177
1844 215
1845 242
1846 211
1847 193
1848 215
1849 268
1850 201
1851 212
1852 208
1853 213
1854 233
1855 229
1856 208
1857 299
1858 264
1859 230
1860 255
1861 273
1862 253
1863 247
1864 208
1865 213
1866 194
1867 230
1868 145
1869 260
1870 216
1871 215
1872 211
1873 239
1874 198
1875 164
1876 224
1877 229
1878 194
1879 180
1880 276
1881 199
1882 239
1883 248
1884 238
1885 197
1886 165
1887 250
1888 229
1889 265
1890 230
1891 216
1892 219
1893 203
1894 243
1895 205
1896 202
1897 225
1898 217
1899 221
1900 301
1901 158
1902 175
1903 223
1904 216
1905 167
1906 250
1907 207
1908 165
1909 206
1910 229
1911 212
1912 200
1913 264
1914 290
1915 284
1916 187
1917 242
1918 224
1919 184
1920 225
1921 234
1922 265
1923 224
1924 191
1925 261
1926 220
1927 177
1928 198
1929 212
1930 200
1931 204
1932 299
1933 213
1934 241
1935 160
1936 218
1937 249
1938 213
1939 234
1940 249
1941 212
1942 171
1943 232
1944 299
1945 246
1946 230
1947 198
1948 248
1949 208
1950 273
1951 285
1952 196
1953 233
1954 205
1955 182
1956 197
1957 239
1958 252
1959 242
1960 205
1961 200
1962 256
1963 242
1964 260
1965 169
1966 243
1967 220
1968 228
1969 236
1970 214
1971 264
1972 283
1973 220
1974 199
1975 217
1976 264
1977 268
1978 224
1979 241
1980 177
1981 208
1982 181
1983 181
1984 293
1985 209
1986 273
1987 202
1988 235
1989 187
1990 220
1991 226
1992 224
1993 213
1994 226
1995 232
1996 204
1997 234
1998 210
1999 245
2000 200
2001 236
2002 195
2003 258
2004 223
2005 260
2006 295
2007 219
2008 245
2009 253
2010 148
2011 195
2012 203
2013 226
2014 255
2015 241
2016 235
2017 226
2018 145
2019 248
2020 261
2021 231
2022 253
2023 231
2024 219
2025 212
2026 223
2027 212
2028 185
2029 165
2030 211
2031 217
2032 219
2033 196
2034 202
2035 227
2036 217
2037 213
2038 192
2039 241
2040 188
2041 226
2042 177
2043 225
2044 178
2045 234
2046 214
2047 242
2048 241
2049 254
2050 200
2051 234
2052 170
2053 225
2054 203
2055 251
2056 253
2057 221
2058 214
2059 216
2060 211
2061 239
2062 241
2063 206
2064 244
2065 223
2066 202
2067 223
2068 262
2069 219
2070 220
2071 217
2072 231
2073 200
2074 157
2075 204
2076 234
2077 196
2078 295
2079 193
2080 283
2081 294
2082 262
2083 216
2084 172
2085 290
2086 162
2087 181
2088 235
2089 246
2090 203
2091 255
2092 223
2093 261
2094 214
2095 213
2096 197
2097 175
2098 227
2099 233
2100 195
2101 306
2102 194
2103 255
2104 265
2105 212
2106 216
2107 236
2108 230
2109 178
2110 247
2111 254
2112 210
2113 197
2114 195
2115 150
2116 175
2117 225
2118 222
2119 245
2120 216
2121 263
2122 229
2123 214
2124 235
2125 284
2126 180
2127 195
2128 242
2129 222
2130 285
2131 259
2132 243
2133 235
2134 193
2135 180
2136 263
2137 204
2138 220
2139 306
2140 173
2141 213
2142 277
2143 208
2144 219
2145 232
2146 225
2147 223
2148 135
2149 189
2150 204
2151 240
2152 287
2153 228
2154 211
2155 194
2156 243
2157 279
2158 195
2159 239
2160 226
2161 275
2162 219
2163 217
2164 241
2165 237
2166 283
2167 216
2168 306
2169 174
2170 210
2171 280
2172 207
2173 215
2174 216
2175 234
2176 257
2177 159
2178 218
2179 251
2180 214
2181 160
2182 0
2183 214
2184 249
2185 214
2186 269
2187 196
2188 122
2189 242
2190 199
2191 207
2192 208
2193 239
2194 216
2195 194
2196 264
2197 284
2198 156
2199 241
2200 222
2201 227
2202 246
2203 277
2204 202
2205 191
2206 255
2207 245
2208 198
2209 215
2210 203
2211 173
2212 152
2213 200
2214 228
2215 148
2216 241
2217 223
2218 241
2219 176
2220 276
2221 177
2222 235
2223 198
2224 245
2225 269
2226 234
2227 212
2228 235
2229 0
2230 154
2231 172
2232 227
2233 196
2234 219
2235 347
2236 198
2237 186
2238 202
2239 276
2240 236
2241 174
2242 168
2243 143
2244 178
2245 191
2246 290
2247 242
2248 195
2249 178
2250 262
2251 219
2252 211
2253 208
2254 181
2255 229
2256 230
2257 266
2258 240
2259 302
2260 227
2261 152
2262 183
2263 198
2264 205
2265 201
2266 285
2267 138
2268 282
2269 206
2270 259
2271 218
2272 199
2273 205
2274 229
2275 248
2276 224
2277 263
2278 178
2279 225
2280 202
2281 217
2282 265
2283 186
2284 220
2285 244
2286 184
2287 211
2288 276
2289 210
2290 147
2291 208
2292 216
2293 229
2294 237
2295 151
2296 307
2297 211
2298 222
2299 208
2300 211
2301 233
2302 216
2303 190
2304 216
2305 246
2306 238
2307 234
2308 241
2309 243
2310 183
2311 215
2312 205
2313 232
2314 190
2315 300
2316 191
2317 253
2318 213
2319 228
2320 228
2321 206
2322 234
2323 208
2324 215
2325 198
2326 211
2327 181
2328 246
2329 182
2330 225
2331 282
2332 248
2333 241
2334 245
2335 169
2336 155
2337 217
2338 255
2339 235
2340 152
2341 234
2342 148
2343 231
2344 257
2345 190
2346 214
2347 217
2348 235
2349 214
2350 247
2351 228
2352 239
2353 232
2354 176
2355 256
2356 218
2357 223
2358 214
2359 242
2360 211
2361 239
2362 232
2363 202
2364 243
2365 225
2366 208
2367 202
2368 224
2369 227
2370 196
2371 199
2372 215
2373 179
2374 208
2375 279
2376 180
2377 199
2378 193
2379 215
2380 175
2381 251
2382 240
2383 220
2384 227
2385 271
2386 182
2387 244
2388 279
2389 125
2390 345
2391 226
2392 212
2393 202
2394 145
2395 232
2396 225
2397 194
2398 218
2399 226
2400 280
2401 203
2402 197
2403 234
2404 214
2405 262
2406 220
2407 259
2408 231
2409 239
2410 272
2411 220
2412 349
2413 201
2414 223
2415 199
2416 223
2417 161
2418 269
2419 234
2420 230
2421 311
2422 255
2423 237
2424 0
2425 237
2426 195
2427 205
2428 335
2429 231
2430 218
2431 196
2432 261
2433 227
2434 252
2435 199
2436 153
2437 231
2438 185
2439 229
2440 228
2441 180
2442 255
2443 209
2444 233
2445 240
2446 237
2447 220
2448 99
2449 237
2450 165
2451 250
2452 249
2453 253
2454 190
2455 244
2456 218
2457 204
2458 161
2459 236
2460 201
2461 185
2462 182
2463 201
2464 281
2465 262
2466 205
2467 220
2468 247
2469 253
2470 105
2471 127
2472 251
2473 210
2474 297
2475 243
2476 211
2477 241
2478 258
2479 183
2480 202
2481 255
2482 189
2483 167
2484 293
2485 211
2486 204
2487 177
2488 212
2489 272
2490 201
2491 257
2492 192
2493 250
2494 232
2495 278
2496 168
2497 254
2498 233
2499 192
2500 251
2501 267
2502 222
2503 264
2504 149
2505 173
2506 291
2507 244
2508 299
2509 213
2510 262
2511 258
2512 257
2513 218
2514 243
2515 240
2516 239
2517 280
2518 177
2519 171
2520 267
2521 183
2522 219
2523 202
2524 216
2525 198
2526 208
2527 237
2528 225
2529 258
2530 270
2531 224
2532 257
2533 245
2534 197
2535 187
2536 212
2537 190
2538 260
2539 269
2540 218
2541 200
2542 248
2543 231
2544 237
2545 261
2546 225
2547 239
2548 243
2549 243
2550 229
2551 258
2552 220
2553 263
2554 265
2555 240
2556 244
2557 188
2558 206
2559 208
2560 207
2561 195
2562 265
2563 257
2564 253
2565 202
2566 216
2567 203
2568 262
2569 227
2570 250
2571 264
2572 188
2573 326
2574 271
2575 255
2576 208
2577 224
2578 220
2579 237
2580 277
2581 255
2582 128
2583 206
2584 201
2585 221
2586 248
2587 255
2588 278
2589 179
2590 275
2591 240
2592 270
2593 207
2594 238
2595 262
2596 200
2597 236
2598 264
2599 315
2600 198
2601 172
2602 246
2603 239
2604 109
2605 211
2606 137
2607 220
2608 255
2609 204
2610 239
2611 232
2612 218
2613 305
2614 212
2615 252
2616 244
2617 291
2618 148
2619 209
2620 229
2621 209
2622 103
2623 301
2624 149
2625 151
2626 240
2627 175
2628 261
2629 189
2630 218
2631 218
2632 215
2633 192
2634 224
2635 213
2636 208
2637 218
2638 217
2639 236
2640 232
2641 250
2642 243
2643 242
2644 170
2645 248
2646 168
2647 216
2648 177
2649 237
2650 232
2651 178
2652 169
2653 258
2654 281
2655 165
2656 230
2657 263
2658 311
2659 238
2660 176
2661 161
2662 192
2663 216
2664 240
2665 218
2666 245
2667 219
2668 149
2669 198
2670 201
2671 204
2672 175
2673 260
2674 209
2675 294
2676 227
2677 195
2678 251
2679 142
2680 231
2681 241
2682 254
2683 335
2684 193
2685 205
2686 250
2687 192
2688 166
2689 192
2690 236
2691 284
2692 248
2693 217
2694 223
2695 262
2696 223
2697 179
2698 209
2699 246
2700 275
2701 81
2702 264
2703 215
2704 217
2705 275
2706 203
2707 295
2708 283
2709 273
2710 221
2711 188
2712 241
2713 215
2714 228
2715 178
2716 210
2717 220
2718 241
2719 159
2720 235
2721 179
2722 233
2723 242
2724 157
2725 322
2726 209
2727 255
2728 174
2729 249
2730 219
2731 226
2732 217
2733 200
2734 193
2735 289
2736 169
2737 160
2738 214
2739 231
2740 255
2741 253
2742 278
2743 192
2744 207
2745 259
2746 223
2747 159
2748 242
2749 182
2750 235
2751 256
2752 221
2753 139
2754 224
2755 264
2756 191
2757 205
2758 303
2759 213
2760 288
2761 194
2762 240
2763 198
2764 274
2765 230
2766 211
2767 198
2768 215
2769 243
2770 229
2771 207
2772 149
2773 195
2774 218
2775 194
2776 217
2777 224
2778 207
2779 229
2780 166
2781 270
2782 167
2783 211
2784 187
2785 207
2786 244
2787 162
2788 289
2789 224
2790 224
2791 254
2792 216
2793 253
2794 250
2795 251
2796 263
2797 206
2798 226
2799 212
2800 218
2801 208
2802 235
2803 260
2804 281
2805 244
2806 259
2807 196
2808 196
2809 183
2810 268
2811 202
2812 266
2813 262
2814 227
2815 153
2816 184
2817 208
2818 229
2819 179
2820 216
2821 229
2822 172
2823 242
2824 179
2825 252
2826 267
2827 210
2828 170
2829 228
2830 255
2831 211
2832 223
2833 268
2834 189
2835 181
2836 260
2837 237
2838 299
2839 200
2840 210
2841 226
2842 218
2843 237
2844 209
2845 250
2846 225
2847 243
2848 242
2849 257
2850 241
2851 215
2852 238
2853 205
2854 254
2855 224
2856 239
2857 281
2858 199
2859 304
2860 198
2861 273
2862 265
2863 242
2864 261
2865 180
2866 203
2867 254
2868 247
2869 233
2870 239
2871 181
2872 238
2873 230
2874 217
2875 147
2876 276
2877 203
2878 222
2879 138
2880 204
2881 237
2882 197
2883 183
2884 230
2885 250
2886 315
2887 190
2888 170
2889 227
2890 239
2891 214
2892 243
2893 198
2894 245
2895 225
2896 254
2897 209
2898 227
2899 225
2900 170
2901 159
2902 200
2903 265
2904 217
2905 183
2906 227
2907 193
2908 221
2909 213
2910 262
2911 232
2912 292
2913 219
2914 264
2915 289
2916 171
2917 219
2918 242
2919 226
2920 269
2921 224
2922 283
2923 215
2924 249
2925 237
2926 224
2927 213
2928 205
2929 224
2930 244
2931 193
2932 279
2933 229
2934 224
2935 252
2936 225
2937 158
2938 233
2939 213
2940 180
2941 226
2942 209
2943 220
2944 216
2945 243
2946 225
2947 219
2948 199
2949 276
2950 154
2951 247
2952 170
2953 217
2954 226
2955 219
2956 170
2957 255
2958 145
2959 214
2960 193
2961 252
2962 250
2963 214
2964 220
2965 174
2966 239
2967 249
2968 301
2969 256
2970 217
2971 168
2972 265
2973 242
2974 206
2975 225
2976 243
2977 202
2978 234
2979 236
2980 270
2981 194
2982 279
2983 183
2984 246
2985 207
2986 200
2987 248
2988 246
2989 171
2990 245
2991 143
2992 207
2993 288
2994 226
2995 227
2996 239
2997 266
2998 258
2999 265
3000 197
3001 168
3002 200
3003 219
3004 216
3005 231
3006 200
3007 246
3008 260
3009 243
3010 232
3011 194
3012 221
3013 207
3014 226
3015 225
3016 232
3017 253
3018 293
3019 211
3020 210
3021 241
3022 225
3023 251
3024 212
3025 207
3026 262
3027 274
3028 254
3029 222
3030 195
3031 225
3032 239
3033 209
3034 254
3035 147
3036 230
3037 272
3038 153
3039 243
3040 221
3041 218
3042 227
3043 205
3044 163
3045 204
3046 222
3047 210
3048 220
3049 222
3050 269
3051 226
3052 223
3053 240
3054 239
3055 248
3056 242
3057 193
3058 185
3059 207
3060 250
3061 199
3062 196
3063 234
3064 265
3065 176
3066 211
3067 196
3068 151
3069 254
3070 269
3071 221
3072 187
3073 204
3074 225
3075 271
3076 298
3077 128
3078 239
3079 234
3080 200
3081 227
3082 301
3083 280
3084 158
3085 195
3086 213
3087 245
3088 224
3089 200
3090 185
3091 210
3092 189
3093 228
3094 0
3095 195
3096 246
3097 201
3098 209
3099 193
3100 236
3101 224
3102 234
3103 238
3104 291
3105 226
3106 213
3107 208
3108 209
3109 194
3110 218
3111 256
3112 231
3113 241
3114 244
3115 218
3116 177
3117 238
3118 192
3119 296
3120 205
3121 233
3122 267
3123 216
3124 223
3125 251
3126 237
3127 203
3128 190
3129 178
3130 233
3131 222
3132 264
3133 219
3134 186
3135 263
3136 194
3137 307
3138 211
3139 127
3140 228
3141 129
3142 295
3143 226
3144 216
3145 278
3146 248
3147 250
3148 197
3149 295
3150 254
3151 191
3152 270
3153 240
3154 144
3155 212
3156 177
3157 291
3158 204
3159 240
3160 220
3161 236
3162 212
3163 155
3164 215
3165 197
3166 229
3167 222
3168 248
3169 240
3170 120
3171 303
3172 229
3173 237
3174 227
3175 249
3176 249
3177 222
3178 243
3179 238
3180 244
3181 250
3182 254
3183 219
3184 228
3185 214
3186 176
3187 221
3188 160
3189 187
3190 263
3191 231
3192 183
3193 176
3194 232
3195 204
3196 277
3197 215
3198 230
3199 203
3200 259
3201 265
3202 187
3203 226
3204 184
3205 204
3206 181
3207 233
3208 154
3209 181
3210 184
3211 184
3212 239
3213 256
3214 208
3215 183
3216 203
3217 244
3218 205
3219 237
3220 280
3221 240
3222 244
3223 272
3224 160
3225 242
3226 233
3227 251
3228 230
3229 238
3230 261
3231 217
3232 197
3233 257
3234 229
3235 218
3236 150
3237 208
3238 216
3239 244
3240 224
3241 125
3242 196
3243 244
3244 223
3245 277
3246 231
3247 282
3248 226
3249 219
3250 211
3251 225
3252 236
3253 222
3254 268
3255 267
3256 255
3257 271
3258 211
3259 235
3260 200
3261 211
3262 204
3263 234
3264 270
3265 194
3266 233
3267 177
3268 310
3269 252
3270 195
3271 196
3272 264
3273 233
3274 216
3275 211
3276 174
3277 208
3278 234
3279 277
3280 254
3281 226
3282 149
3283 235
3284 238
3285 246
3286 200
3287 231
3288 152
3289 222
3290 259
3291 201
3292 192
3293 162
3294 250
3295 129
3296 168
3297 248
3298 221
3299 119
3300 207
3301 394
3302 230
3303 293
3304 228
3305 234
3306 220
3307 226
3308 195
3309 131
3310 192
3311 246
3312 211
3313 215
3314 236
3315 196
3316 170
3317 232
3318 270
3319 241
3320 248
3321 197
3322 243
3323 216
3324 242
3325 238
3326 249
3327 211
3328 243
3329 218
3330 255
3331 241
3332 191
3333 205
3334 165
3335 271
3336 202
3337 189
3338 196
3339 183
3340 171
3341 226
3342 230
3343 261
3344 176
3345 228
3346 235
3347 226
3348 186
3349 229
3350 228
3351 231
3352 234
3353 217
3354 225
3355 262
3356 196
3357 290
3358 177
3359 255
3360 212
3361 249
3362 234
3363 285
3364 215
3365 284
3366 251
3367 320
3368 194
3369 246
3370 228
3371 192
3372 180
3373 145
3374 283
3375 232
3376 222
3377 254
3378 86
3379 253
3380 193
3381 199
3382 215
3383 205
3384 272
3385 216
3386 197
3387 155
3388 202
3389 221
3390 247
3391 274
3392 227
3393 238
3394 188
3395 188
3396 152
3397 287
3398 247
3399 204
3400 216
3401 289
3402 217
3403 261
3404 251
3405 292
3406 227
3407 157
3408 248
3409 322
3410 187
3411 222
3412 236
3413 221
3414 177
3415 256
3416 134
3417 232
3418 214
3419 189
3420 126
3421 205
3422 268
3423 224
3424 224
3425 285
3426 238
3427 182
3428 232
3429 200
3430 224
3431 256
3432 242
3433 241
3434 212
3435 208
3436 194
3437 219
3438 263
3439 220
3440 236
3441 209
3442 0
3443 287
3444 271
3445 267
3446 192
3447 199
3448 245
3449 230
3450 213
3451 218
3452 254
3453 196
3454 245
3455 153
3456 162
3457 241
3458 222
3459 231
3460 249
3461 282
3462 277
3463 266
3464 241
3465 210
3466 228
3467 207
3468 224
3469 245
3470 181
3471 248
3472 236
3473 157
3474 210
3475 252
3476 229
3477 232
3478 255
3479 261
3480 190
3481 195
3482 213
3483 231
3484 214
3485 232
3486 189
3487 215
3488 241
3489 180
3490 214
3491 201
3492 200
3493 221
3494 188
3495 213
3496 239
3497 171
3498 228
3499 206
3500 152
3501 206
3502 273
3503 212
3504 259
3505 126
3506 272
3507 230
3508 208
3509 264
3510 248
3511 272
3512 172
3513 220
3514 239
3515 285
3516 187
3517 187
3518 210
3519 218
3520 233
3521 169
3522 237
3523 187
3524 259
3525 260
3526 228
3527 261
3528 175
3529 211
3530 301
3531 244
3532 290
3533 167
3534 238
3535 219
3536 227
3537 211
3538 232
3539 205
3540 198
3541 208
3542 204
3543 233
3544 217
3545 242
3546 225
3547 167
3548 239
3549 194
3550 196
3551 230
3552 197
3553 219
3554 215
3555 239
3556 294
3557 234
3558 205
3559 182
3560 245
3561 119
3562 238
3563 247
3564 215
3565 153
3566 267
3567 267
3568 257
3569 229
3570 249
3571 219
3572 256
3573 230
3574 196
3575 224
3576 220
3577 227
3578 187
3579 199
3580 228
3581 243
3582 178
3583 218
3584 253
3585 178
3586 241
3587 282
3588 271
3589 275
3590 208
3591 188
3592 236
3593 184
3594 301
3595 213
3596 207
3597 147
3598 226
3599 198
3600 213
3601 245
3602 180
3603 248
3604 245
3605 214
3606 237
3607 223
3608 200
3609 197
3610 205
3611 184
3612 230
3613 195
3614 285
3615 200
3616 224
3617 255
3618 193
3619 243
3620 252
3621 194
3622 230
3623 175
3624 230
3625 207
3626 232
3627 223
3628 239
3629 220
3630 183
3631 184
3632 193
3633 185
3634 211
3635 269
3636 249
3637 277
3638 244
3639 188
3640 263
3641 248
3642 184
3643 170
3644 187
3645 198
3646 185
3647 218
3648 186
3649 222
3650 273
3651 150
3652 197
3653 163
3654 251
3655 148
3656 202
3657 230
3658 177
3659 260
3660 312
3661 222
3662 214
3663 221
3664 148
3665 169
3666 180
3667 269
3668 216
3669 190
3670 248
3671 245
3672 191
3673 260
3674 185
3675 0
3676 198
3677 257
3678 224
3679 222
3680 212
3681 222
3682 174
3683 215
3684 192
3685 189
3686 314
3687 209
3688 170
3689 246
3690 205
3691 243
3692 199
3693 263
3694 129
3695 275
3696 175
3697 241
3698 204
3699 224
3700 240
3701 197
3702 190
3703 216
3704 230
3705 166
3706 248
3707 211
3708 250
3709 139
3710 168
3711 248
3712 211
3713 201
3714 227
3715 212
3716 192
3717 144
3718 205
3719 325
3720 197
3721 245
3722 241
3723 205
3724 240
3725 247
3726 270
3727 297
3728 186
3729 152
3730 117
3731 232
3732 260
3733 231
3734 204
3735 201
3736 253
3737 230
3738 232
3739 283
3740 159
3741 166
3742 206
3743 179
3744 234
3745 199
3746 216
3747 182
3748 286
3749 216
3750 237
3751 255
3752 208
3753 271
3754 265
3755 225
3756 211
3757 201
3758 268
3759 229
3760 243
3761 175
3762 189
3763 212
3764 244
3765 219
3766 215
3767 186
3768 235
3769 270
3770 240
3771 120
3772 216
3773 211
3774 243
3775 0
3776 244
3777 183
3778 190
3779 222
3780 233
3781 223
3782 255
3783 219
3784 167
3785 246
3786 188
3787 217
3788 218
3789 269
3790 128
3791 240
3792 224
3793 256
3794 277
3795 151
3796 204
3797 203
3798 219
3799 253
3800 228
3801 194
3802 230
3803 196
3804 276
3805 256
3806 245
3807 280
3808 108
3809 158
3810 169
3811 221
3812 158
3813 295
3814 170
3815 209
3816 193
3817 123
3818 271
3819 213
3820 233
3821 247
3822 225
3823 231
3824 230
3825 243
3826 246
3827 274
3828 209
3829 225
3830 158
3831 213
3832 185
3833 271
3834 239
3835 224
3836 253
3837 204
3838 247
3839 208
3840 177
3841 222
3842 260
3843 202
3844 230
3845 194
3846 202
3847 178
3848 343
3849 223
3850 274
3851 220
3852 130
3853 214
3854 221
3855 226
3856 187
3857 287
3858 0
3859 186
3860 244
3861 259
3862 236
3863 241
3864 204
3865 201
3866 194
3867 223
3868 201
3869 208
3870 253
3871 178
3872 261
3873 253
3874 220
3875 220
3876 224
3877 196
3878 154
3879 215
3880 170
3881 242
3882 320
3883 235
3884 189
3885 220
3886 226
3887 247
3888 151
3889 210
3890 225
3891 202
3892 216
3893 170
3894 200
3895 180
3896 264
3897 160
3898 277
3899 270
3900 178
3901 203
3902 233
3903 246
3904 195
3905 187
3906 207
3907 248
3908 188
3909 256
3910 251
3911 263
3912 269
3913 222
3914 257
3915 182
3916 199
3917 291
3918 222
3919 243
3920 244
3921 182
3922 235
3923 258
3924 219
3925 244
3926 224
3927 195
3928 180
3929 227
3930 239
3931 193
3932 203
3933 248
3934 185
3935 223
3936 229
3937 251
3938 292
3939 225
3940 233
3941 251
3942 220
3943 170
3944 224
3945 229
3946 108
3947 202
3948 192
3949 211
3950 193
3951 222
3952 225
3953 223
3954 205
3955 210
3956 252
3957 252
3958 200
3959 234
3960 187
3961 272
3962 217
3963 197
3964 202
3965 205
3966 235
3967 239
3968 220
3969 226
3970 233
3971 186
3972 162
3973 268
3974 251
3975 218
3976 154
3977 252
3978 176
3979 226
3980 183
3981 221
3982 246
3983 221
3984 240
3985 246
3986 236
3987 219
3988 233
3989 230
3990 145
3991 223
3992 156
3993 266
3994 213
3995 252
3996 269
3997 200
3998 154
3999 205
4000 151
4001 198
4002 206
4003 268
4004 233
4005 75
4006 216
4007 268
4008 228
4009 210
4010 224
4011 265
4012 224
4013 183
4014 150
4015 231
4016 185
4017 219
4018 264
4019 221
4020 192
4021 201
4022 350
4023 199
4024 228
4025 239
4026 215
4027 251
4028 237
4029 184
4030 253
4031 186
4032 244
4033 226
4034 291
4035 251
4036 180
4037 172
4038 174
4039 151
4040 158
4041 250
4042 194
4043 180
4044 179
4045 205
4046 207
4047 201
4048 199
4049 190
4050 201
4051 206
4052 237
4053 256
4054 235
4055 269
4056 233
4057 193
4058 229
4059 194
4060 297
4061 230
4062 240
4063 207
4064 304
4065 217
4066 161
4067 257
4068 236
4069 154
4070 169
4071 143
4072 332
4073 227
4074 240
4075 131
4076 259
4077 256
4078 200
4079 212
4080 255
4081 216
4082 235
4083 221
4084 227
4085 242
4086 193
4087 221
4088 224
4089 214
4090 308
4091 244
4092 193
4093 236
4094 210
4095 269
4096 289
4097 192
4098 226
4099 230
4100 188
4101 262
4102 186
4103 299
4104 242
4105 204
4106 236
4107 185
4108 245
4109 202
4110 293
4111 226
4112 251
4113 0
4114 279
4115 156
4116 224
4117 249
4118 211
4119 197
4120 194
4121 231
4122 194
4123 255
4124 230
4125 207
4126 132
4127 167
4128 229
4129 213
4130 172
4131 276
4132 237
4133 163
4134 121
4135 226
4136 166
4137 239
4138 238
4139 248
4140 224
4141 189
4142 204
4143 196
4144 166
4145 258
4146 236
4147 320
4148 225
4149 194
4150 194
4151 223
4152 182
4153 217
4154 182
4155 189
4156 161
4157 202
4158 249
4159 242
4160 204
4161 156
4162 171
4163 216
4164 219
4165 200
4166 239
4167 216
4168 233
4169 222
4170 231
4171 218
4172 193
4173 193
4174 242
4175 225
4176 235
4177 178
4178 204
4179 244
4180 183
4181 149
4182 262
4183 190
4184 187
4185 146
4186 223
4187 193
4188 210
4189 163
4190 272
4191 242
4192 221
4193 248
4194 250
4195 258
4196 215
4197 252
4198 208
4199 245
4200 251
4201 246
4202 207
4203 194
4204 123
4205 200
4206 274
4207 206
4208 228
4209 250
4210 198
4211 242
4212 211
4213 247
4214 209
4215 193
4216 161
4217 214
4218 225
4219 195
4220 205
4221 246
4222 209
4223 168
4224 206
4225 213
4226 278
4227 251
4228 248
4229 192
4230 197
4231 242
4232 250
4233 128
4234 199
4235 190
4236 277
4237 220
4238 235
4239 167
4240 341
4241 225
4242 212
4243 252
4244 242
4245 231
4246 237
4247 184
4248 207
4249 209
4250 229
4251 237
4252 190
4253 225
4254 196
4255 260
4256 248
4257 180
4258 217
4259 245
4260 241
4261 205
4262 230
4263 219
4264 221
4265 228
4266 181
4267 187
4268 292
4269 168
4270 231
4271 210
4272 228
4273 255
4274 213
4275 181
4276 193
4277 240
4278 210
4279 216
4280 214
4281 253
4282 176
4283 250
4284 204
4285 281
4286 179
4287 266
4288 249
4289 250
4290 204
4291 275
4292 265
4293 227
4294 181
4295 203
4296 177
4297 246
4298 249
4299 232
4300 255
4301 238
4302 229
4303 249
4304 210
4305 228
4306 254
4307 137
4308 235
4309 204
4310 152
4311 261
4312 178
4313 206
4314 204
4315 219
4316 243
4317 245
4318 259
4319 276
4320 219
4321 212
4322 327
4323 235
4324 257
4325 182
4326 303
4327 271
4328 123
4329 220
4330 196
4331 211
4332 242
4333 274
4334 222
4335 245
4336 272
4337 242
4338 199
4339 138
4340 219
4341 177
4342 217
4343 223
4344 152
4345 173
4346 196
4347 266
4348 169
4349 236
4350 238
4351 224
4352 224
4353 282
4354 249
4355 219
4356 205
4357 327
4358 177
4359 165
4360 190
4361 186
4362 0
4363 193
4364 236
4365 193
4366 247
4367 235
4368 195
4369 266
4370 303
4371 248
4372 302
4373 152
4374 187
4375 238
4376 209
4377 214
4378 186
4379 141
4380 251
4381 284
4382 268
4383 173
4384 230
4385 229
4386 196
4387 222
4388 231
4389 218
4390 242
4391 187
4392 274
4393 212
4394 249
4395 159
4396 163
4397 220
4398 250
4399 171
4400 226
4401 218
4402 159
4403 234
4404 232
4405 0
4406 229
4407 242
4408 244
4409 195
4410 205
4411 203
4412 203
4413 202
4414 224
4415 209
4416 205
4417 193
4418 169
4419 169
4420 191
4421 233
4422 238
4423 255
4424 201
4425 219
4426 211
4427 304
4428 221
4429 179
4430 218
4431 260
4432 205
4433 206
4434 172
4435 220
4436 229
4437 233
4438 253
4439 292
4440 288
4441 194
4442 196
4443 248
4444 209
4445 259
4446 205
4447 259
4448 227
4449 224
4450 275
4451 185
4452 218
4453 231
4454 286
4455 285
4456 228
4457 256
4458 187
4459 158
4460 188
4461 159
4462 235
4463 201
4464 215
4465 263
4466 244
4467 252
4468 202
4469 191
4470 307
4471 260
4472 166
4473 210
4474 229
4475 197
4476 224
4477 214
4478 271
4479 202
4480 225
4481 209
4482 236
4483 269
4484 240
4485 181
4486 282
4487 195
4488 218
4489 246
4490 212
4491 175
4492 213
4493 203
4494 341
4495 187
4496 194
4497 245
4498 265
4499 276
4500 210
4501 212
4502 248
4503 220
4504 205
4505 221
4506 200
4507 211
4508 171
4509 253
4510 202
4511 181
4512 116
4513 254
4514 207
4515 206
4516 161
4517 296
4518 205
4519 245
4520 211
4521 210
4522 182
4523 227
4524 211
4525 261
4526 244
4527 215
4528 156
4529 218
4530 148
4531 241
4532 226
4533 222
4534 290
4535 200
4536 208
4537 197
4538 222
4539 214
4540 187
4541 220
4542 272
4543 206
4544 185
4545 211
4546 165
4547 174
4548 230
4549 249
4550 210
4551 267
4552 258
4553 223
4554 215
4555 283
4556 262
4557 213
4558 233
4559 253
4560 197
4561 137
4562 280
4563 213
4564 245
4565 222
4566 261
4567 242
4568 266
4569 349
4570 238
4571 223
4572 273
4573 256
4574 211
4575 198
4576 235
4577 235
4578 250
4579 270
4580 259
4581 259
4582 252
4583 222
4584 241
4585 222
4586 277
4587 216
4588 270
4589 220
4590 279
4591 267
4592 248
4593 260
4594 254
4595 168
4596 218
4597 235
4598 259
4599 238
4600 261
4601 227
4602 239
4603 177
4604 227
4605 214
4606 262
4607 216
4608 202
4609 237
4610 236
4611 181
4612 204
4613 226
4614 248
4615 187
4616 203
4617 282
4618 218
4619 232
4620 226
4621 246
4622 222
4623 158
4624 262
4625 207
4626 201
4627 300
4628 250
4629 225
4630 206
4631 231
4632 238
4633 246
4634 180
4635 204
4636 264
4637 233
4638 214
4639 248
4640 224
4641 218
4642 227
4643 240
4644 213
4645 232
4646 194
4647 230
4648 199
4649 217
4650 214
4651 241
4652 218
4653 276
4654 181
4655 302
4656 233
4657 264
4658 204
4659 258
4660 244
4661 387
4662 237
4663 250
4664 276
4665 243
4666 339
4667 242
4668 206
4669 236
4670 208
4671 184
4672 231
4673 280
4674 110
4675 194
4676 207
4677 238
4678 238
4679 273
4680 230
4681 293
4682 265
4683 153
4684 226
4685 220
4686 176
4687 201
4688 200
4689 286
4690 232
4691 201
4692 252
4693 192
4694 104
4695 250
4696 205
4697 246
4698 267
4699 0
4700 233
4701 170
4702 215
4703 190
4704 224
4705 162
4706 301
4707 283
4708 244
4709 224
4710 124
4711 200
4712 182
4713 244
4714 247
4715 197
4716 218
4717 150
4718 235
4719 228
4720 178
4721 210
4722 188
4723 208
4724 222
4725 243
4726 295
4727 193
4728 172
4729 170
4730 268
4731 257
4732 238
4733 218
4734 245
4735 216
4736 222
4737 253
4738 175
4739 238
4740 283
4741 223
4742 258
4743 197
4744 235
4745 210
4746 225
4747 191
4748 184
4749 231
4750 261
4751 243
4752 200
4753 174
4754 212
4755 279
4756 219
4757 237
4758 258
4759 209
4760 281
4761 264
4762 222
4763 204
4764 151
4765 226
4766 169
4767 247
4768 239
4769 228
4770 207
4771 223
4772 212
4773 176
4774 222
4775 217
4776 180
4777 252
4778 202
4779 216
4780 173
4781 223
4782 164
4783 188
4784 197
4785 137
4786 228
4787 221
4788 165
4789 225
4790 214
4791 187
4792 224
4793 258
4794 253
4795 283
4796 229
4797 210
4798 186
4799 283
4800 304
4801 187
4802 240
4803 218
4804 305
4805 278
4806 234
4807 232
4808 259
4809 230
4810 302
4811 285
4812 168
4813 180
4814 200
4815 213
4816 211
4817 222
4818 289
4819 210
4820 184
4821 225
4822 201
4823 220
4824 254
4825 260
4826 211
4827 243
4828 227
4829 197
4830 211
4831 195
4832 270
4833 138
4834 297
4835 192
4836 254
4837 231
4838 205
4839 214
4840 193
4841 152
4842 269
4843 289
4844 215
4845 236
4846 157
4847 246
4848 211
4849 219
4850 268
4851 141
4852 232
4853 240
4854 200
4855 222
4856 136
4857 217
4858 191
4859 228
4860 234
4861 194
4862 216
4863 151
4864 209
4865 197
4866 247
4867 219
4868 253
4869 181
4870 211
4871 171
4872 209
4873 225
4874 212
4875 187
4876 188
4877 211
4878 189
4879 246
4880 210
4881 242
4882 195
4883 196
4884 234
4885 229
4886 273
4887 233
4888 232
4889 244
4890 256
4891 194
4892 255
4893 236
4894 190
4895 177
4896 239
4897 266
4898 253
4899 221
4900 192
4901 111
4902 202
4903 252
4904 219
4905 233
4906 231
4907 218
4908 173
4909 288
4910 233
4911 260
4912 120
4913 202
4914 231
4915 196
4916 220
4917 212
4918 271
4919 298
4920 146
4921 232
4922 306
4923 221
4924 229
4925 194
4926 252
4927 259
4928 267
4929 198
4930 210
4931 266
4932 249
4933 245
4934 199
4935 260
4936 193
4937 226
4938 244
4939 195
4940 209
4941 224
4942 252
4943 315
4944 216
4945 277
4946 225
4947 196
4948 183
4949 207
4950 207
4951 181
4952 202
4953 193
4954 194
4955 212
4956 217
4957 258
4958 194
4959 208
4960 163
4961 98
4962 234
4963 300
4964 241
4965 228
4966 212
4967 261
4968 214
4969 174
4970 256
4971 225
4972 175
4973 244
4974 246
4975 214
4976 171
4977 259
4978 266
4979 262
4980 199
4981 259
4982 219
4983 190
4984 205
4985 199
4986 209
4987 207
4988 233
4989 74
4990 214
4991 170
4992 258
4993 150
4994 257
4995 255
4996 285
4997 187
4998 266
4999 159
5000 225
5001 251
5002 208
5003 236
5004 249
5005 231
5006 240
5007 230
5008 189
5009 220
5010 264
5011 223
5012 212
5013 231
5014 234
5015 160
5016 230
5017 231
5018 235
5019 214
5020 258
5021 264
5022 255
5023 205
5024 146
5025 159
5026 215
5027 195
5028 212
5029 198
5030 239
5031 143
5032 247
5033 243
5034 208
5035 260
5036 240
5037 228
5038 194
5039 216
5040 208
5041 335
5042 274
5043 236
5044 196
5045 211
5046 218
5047 263
5048 186
5049 223
5050 325
5051 235
5052 247
5053 245
5054 264
5055 266
5056 170
5057 195
5058 221
5059 202
5060 275
5061 245
5062 213
5063 217
5064 224
5065 214
5066 215
5067 204
5068 200
5069 195
5070 249
5071 176
5072 242
5073 171
5074 239
5075 199
5076 243
5077 301
5078 209
5079 183
5080 220
5081 131
5082 233
5083 184
5084 197
5085 227
5086 157
5087 161
5088 198
5089 195
5090 254
5091 169
5092 229
5093 254
5094 347
5095 251
5096 264
5097 186
5098 229
5099 266
5100 209
5101 137
5102 263
5103 245
5104 199
5105 234
5106 254
5107 192
5108 258
5109 285
5110 196
5111 209
5112 197
5113 217
5114 182
5115 166
5116 256
5117 241
5118 194
5119 232
5120 219
5121 156
5122 225
5123 237
5124 251
5125 226
5126 219
5127 227
5128 244
5129 227
5130 215
5131 218
5132 277
5133 222
5134 200
5135 175
5136 193
5137 204
5138 231
5139 229
5140 201
5141 159
5142 267
5143 231
5144 267
5145 278
5146 242
5147 316
5148 196
5149 242
5150 245
5151 209
5152 263
5153 256
5154 210
5155 242
5156 269
5157 226
5158 159
5159 212
5160 190
5161 200
5162 183
5163 221
5164 196
5165 208
5166 298
5167 218
5168 294
5169 245
5170 195
5171 242
5172 197
5173 240
5174 253
5175 174
5176 149
5177 246
5178 214
5179 207
5180 262
5181 260
5182 214
5183 212
5184 212
5185 172
5186 195
5187 169
5188 218
5189 190
5190 234
5191 252
5192 139
5193 244
5194 165
5195 212
5196 214
5197 240
5198 231
5199 237
5200 248
5201 236
5202 294
5203 235
5204 234
5205 194
5206 192
5207 248
5208 178
5209 237
5210 232
5211 183
5212 242
5213 255
5214 215
5215 237
5216 212
5217 255
5218 187
5219 213
5220 225
5221 237
5222 264
5223 174
5224 216
5225 189
5226 277
5227 311
5228 193
5229 243
5230 222
5231 258
5232 172
5233 231
5234 261
5235 192
5236 179
5237 230
5238 204
5239 180
5240 214
5241 162
5242 222
5243 177
5244 259
5245 263
5246 264
5247 277
5248 146
5249 174
5250 222
5251 244
5252 284
5253 208
5254 219
5255 238
5256 184
5257 265
5258 243
5259 202
5260 230
5261 217
5262 148
5263 224
5264 141
5265 280
5266 186
5267 235
5268 238
5269 202
5270 239
5271 220
5272 247
5273 226
5274 302
5275 253
5276 235
5277 220
5278 199
5279 214
5280 195
5281 299
5282 263
5283 223
5284 252
5285 276
5286 196
5287 203
5288 212
5289 222
5290 198
5291 240
5292 209
5293 232
5294 289
5295 215
5296 147
5297 211
5298 211
5299 282
5300 248
5301 166
5302 169
5303 214
5304 241
5305 256
5306 227
5307 156
5308 204
5309 210
5310 222
5311 249
5312 206
5313 255
5314 205
5315 275
5316 256
5317 262
5318 265
5319 228
5320 189
5321 256
5322 206
5323 202
5324 194
5325 104
5326 226
5327 215
5328 215
5329 211
5330 198
5331 235
5332 152
5333 271
5334 228
5335 218
5336 212
5337 230
5338 213
5339 237
5340 280
5341 232
5342 205
5343 195
5344 240
5345 232
5346 218
5347 192
5348 222
5349 265
5350 154
5351 180
5352 202
5353 180
5354 198
5355 212
5356 191
5357 260
5358 243
5359 230
5360 280
5361 285
5362 251
5363 215
5364 190
5365 181
5366 225
5367 259
5368 229
5369 285
5370 234
5371 219
5372 214
5373 249
5374 202
5375 190
5376 216
5377 240
5378 267
5379 229
5380 301
5381 245
5382 216
5383 235
5384 278
5385 205
5386 250
5387 274
5388 0
5389 250
5390 254
5391 237
5392 182
5393 221
5394 212
5395 178
5396 190
5397 131
5398 255
5399 293
5400 252
5401 234
5402 207
5403 240
5404 241
5405 236
5406 212
5407 141
5408 167
5409 260
5410 259
5411 211
5412 244
5413 259
5414 225
5415 235
5416 189
5417 239
5418 242
5419 274
5420 282
5421 251
5422 229
5423 238
5424 179
5425 229
5426 192
5427 232
5428 259
5429 189
5430 160
5431 206
5432 218
5433 210
5434 257
5435 208
5436 300
5437 190
5438 229
5439 206
5440 163
5441 194
5442 238
5443 275
5444 214
5445 228
5446 216
5447 184
5448 230
5449 234
5450 265
5451 207
5452 251
5453 231
5454 183
5455 221
5456 279
5457 299
5458 201
5459 299
5460 186
5461 210
5462 237
5463 258
5464 208
5465 241
5466 249
5467 191
5468 198
5469 224
5470 264
5471 307
5472 191
5473 172
5474 204
5475 205
5476 230
5477 221
5478 201
5479 240
5480 237
5481 219
5482 241
5483 229
5484 232
5485 278
5486 234
5487 348
5488 244
5489 211
5490 163
5491 222
5492 212
5493 224
5494 168
5495 256
5496 218
5497 224
5498 241
5499 258
5500 191
5501 229
5502 222
5503 190
5504 256
5505 243
5506 228
5507 190
5508 231
5509 294
5510 276
5511 266
5512 214
5513 222
5514 237
5515 181
5516 232
5517 192
5518 204
5519 178
5520 254
5521 237
5522 192
5523 202
5524 223
5525 220
5526 279
5527 206
5528 165
5529 292
5530 205
5531 198
5532 202
5533 178
5534 152
5535 183
5536 249
5537 146
5538 230
5539 157
5540 230
5541 324
5542 237
5543 235
5544 259
5545 229
5546 195
5547 220
5548 181
5549 297
5550 246
5551 251
5552 188
5553 211
5554 288
5555 236
5556 246
5557 202
5558 261
5559 190
5560 204
5561 238
5562 203
5563 0
5564 256
5565 241
5566 235
5567 205
5568 269
5569 233
5570 207
5571 253
5572 254
5573 236
5574 149
5575 220
5576 197
5577 265
5578 229
5579 217
5580 232
5581 271
5582 253
5583 188
5584 237
5585 176
5586 238
5587 289
5588 202
5589 200
5590 287
5591 198
5592 235
5593 237
5594 249
5595 233
5596 237
5597 236
5598 241
5599 273
5600 244
5601 220
5602 263
5603 189
5604 240
5605 201
5606 198
5607 240
5608 267
5609 187
5610 220
5611 169
5612 218
5613 288
5614 204
5615 238
5616 133
5617 216
5618 244
5619 184
5620 213
5621 205
5622 258
5623 206
5624 193
5625 217
5626 229
5627 175
5628 204
5629 253
5630 258
5631 188
5632 204
5633 204
5634 211
5635 176
5636 204
5637 212
5638 222
5639 234
5640 186
5641 244
5642 198
5643 156
5644 212
5645 206
5646 251
5647 243
5648 247
5649 262
5650 240
5651 159
5652 239
5653 240
5654 170
5655 238
5656 246
5657 185
5658 205
5659 233
5660 269
5661 179
5662 269
5663 291
5664 230
5665 185
5666 244
5667 253
5668 199
5669 240
5670 340
5671 242
5672 230
5673 216
5674 221
5675 184
5676 219
5677 267
5678 187
5679 188
5680 169
5681 237
5682 234
5683 263
5684 215
5685 202
5686 237
5687 261
5688 248
5689 195
5690 256
5691 216
5692 295
5693 205
5694 246
5695 232
5696 279
5697 188
5698 333
5699 185
5700 237
5701 177
5702 261
5703 217
5704 266
5705 223
5706 213
5707 281
5708 208
5709 210
5710 145
5711 265
5712 271
5713 201
5714 231
5715 188
5716 238
5717 221
5718 189
5719 202
5720 240
5721 189
5722 302
5723 232
5724 221
5725 200
5726 196
5727 198
5728 225
5729 233
5730 202
5731 247
5732 243
5733 219
5734 267
5735 208
5736 257
5737 190
5738 190
5739 200
5740 215
5741 218
5742 235
5743 197
5744 230
5745 311
5746 260
5747 191
5748 230
5749 221
5750 314
5751 197
5752 205
5753 244
5754 210
5755 202
5756 191
5757 225
5758 225
5759 263
5760 212
5761 232
5762 225
5763 231
5764 201
5765 168
5766 198
5767 218
5768 169
5769 153
5770 228
5771 196
5772 290
5773 213
5774 160
5775 195
5776 278
5777 241
5778 157
5779 294
5780 242
5781 291
5782 210
5783 241
5784 227
5785 213
5786 162
5787 237
5788 229
5789 211
5790 214
5791 279
5792 273
5793 215
5794 210
5795 221
5796 282
5797 229
5798 220
5799 222
5800 182
5801 220
5802 226
5803 216
5804 197
5805 289
5806 235
5807 215
5808 229
5809 210
5810 87
5811 213
5812 262
5813 147
5814 188
5815 227
5816 252
5817 221
5818 217
5819 192
5820 222
5821 173
5822 240
5823 217
5824 225
5825 262
5826 223
5827 184
5828 249
5829 177
5830 196
5831 198
5832 242
5833 195
5834 220
5835 212
5836 168
5837 226
5838 253
5839 235
5840 242
5841 197
5842 228
5843 199
5844 214
5845 200
5846 177
5847 298
5848 230
5849 271
5850 220
5851 258
5852 230
5853 200
5854 169
5855 216
5856 260
5857 209
5858 245
5859 192
5860 146
5861 216
5862 203
5863 189
5864 232
5865 198
5866 205
5867 264
5868 294
5869 200
5870 224
5871 241
5872 239
5873 240
5874 206
5875 214
5876 273
5877 232
5878 345
5879 187
5880 208
5881 210
5882 242
5883 263
5884 254
5885 239
5886 219
5887 192
5888 282
5889 235
5890 186
5891 243
5892 211
5893 253
5894 235
5895 204
5896 224
5897 236
5898 236
5899 259
5900 214
5901 284
5902 149
5903 267
5904 222
5905 290
5906 194
5907 164
5908 234
5909 262
5910 207
5911 230
5912 210
5913 197
5914 252
5915 215
5916 201
5917 184
5918 306
5919 181
5920 225
5921 250
5922 280
5923 217
5924 268
5925 230
5926 197
5927 233
5928 208
5929 172
5930 149
5931 203
5932 170
5933 279
5934 186
5935 271
5936 236
5937 176
5938 154
5939 225
5940 260
5941 239
5942 214
5943 238
5944 195
5945 216
5946 248
5947 196
5948 223
5949 214
5950 209
5951 132
5952 238
5953 210
5954 250
5955 210
5956 263
5957 245
5958 189
5959 197
5960 241
5961 208
5962 276
5963 258
5964 233
5965 212
5966 228
5967 180
5968 228
5969 266
5970 254
5971 326
5972 269
5973 244
5974 219
5975 229
5976 245
5977 273
5978 202
5979 218
5980 251
5981 228
5982 225
5983 193
5984 211
5985 159
5986 230
5987 253
5988 200
5989 248
5990 235
5991 213
5992 194
5993 235
5994 258
5995 196
5996 226
5997 241
5998 218
5999 202
6000 250
6001 243
6002 213
6003 154
6004 254
6005 198
6006 233
6007 177
6008 233
6009 240
6010 192
6011 227
6012 250
6013 170
6014 192
6015 229
6016 205
6017 230
6018 206
6019 228
6020 220
6021 197
6022 251
6023 181
6024 195
6025 215
6026 239
6027 240
6028 207
6029 335
6030 162
6031 268
6032 214
6033 272
6034 153
6035 196
6036 236
6037 258
6038 236
6039 218
6040 209
6041 214
6042 201
6043 178
6044 296
6045 237
6046 0
6047 211
6048 240
6049 246
6050 199
6051 168
6052 226
6053 229
6054 168
6055 219
6056 252
6057 234
6058 226
6059 232
6060 214
6061 224
6062 216
6063 214
6064 277
6065 181
6066 205
6067 207
6068 251
6069 211
6070 146
6071 272
6072 263
6073 195
6074 255
6075 137
6076 239
6077 269
6078 251
6079 230
6080 224
6081 246
6082 196
6083 199
6084 206
6085 134
6086 197
6087 229
6088 216
6089 176
6090 240
6091 221
6092 198
6093 171
6094 268
6095 240
6096 251
6097 238
6098 178
6099 229
6100 198
6101 235
6102 348
6103 335
6104 259
6105 230
6106 175
6107 245
6108 212
6109 170
6110 209
6111 268
6112 189
6113 182
6114 220
6115 210
6116 228
6117 260
6118 238
6119 214
6120 321
6121 272
6122 207
6123 205
6124 248
6125 126
6126 223
6127 206
6128 157
6129 177
6130 222
6131 246
6132 194
6133 217
6134 174
6135 209
6136 227
6137 236
6138 204
6139 261
6140 200
6141 268
6142 291
6143 0
6144 228
6145 214
6146 263
6147 246
6148 138
6149 167
6150 212
6151 242
6152 216
6153 184
6154 261
6155 183
6156 337
6157 206
6158 252
6159 171
6160 260
6161 252
6162 223
6163 86
6164 270
6165 224
6166 200
6167 221
6168 174
6169 213
6170 181
6171 204
6172 208
6173 153
6174 198
6175 252
6176 236
6177 268
6178 213
6179 194
6180 197
6181 161
6182 273
6183 168
6184 249
6185 162
6186 234
6187 185
6188 235
6189 215
6190 86
6191 229
6192 218
6193 229
6194 264
6195 235
6196 188
6197 158
6198 212
6199 218
6200 210
6201 215
6202 194
6203 220
6204 224
6205 251
6206 163
6207 252
6208 248
6209 292
6210 207
6211 240
6212 197
6213 241
6214 278
6215 174
6216 222
6217 225
6218 209
6219 223
6220 257
6221 209
6222 264
6223 176
6224 226
6225 0
6226 156
6227 200
6228 252
6229 293
6230 202
6231 198
6232 237
6233 219
6234 266
6235 254
6236 192
6237 252
6238 223
6239 245
6240 188
6241 278
6242 243
6243 255
6244 200
6245 277
6246 204
6247 205
6248 236
6249 267
6250 253
6251 265
6252 211
6253 169
6254 241
6255 203
6256 193
6257 223
6258 198
6259 337
6260 200
6261 250
6262 148
6263 268
6264 229
6265 179
6266 246
6267 263
6268 232
6269 296
6270 216
6271 234
6272 211
6273 226
6274 221
6275 237
6276 232
6277 188
6278 235
6279 166
6280 240
6281 232
6282 253
6283 224
6284 179
6285 230
6286 201
6287 209
6288 258
6289 246
6290 245
6291 198
6292 260
6293 176
6294 232
6295 185
6296 143
6297 142
6298 205
6299 233
6300 253
6301 217
6302 245
6303 232
6304 220
6305 224
6306 207
6307 223
6308 274
6309 244
6310 243
6311 181
6312 172
6313 219
6314 238
6315 204
6316 275
6317 138
6318 197
6319 233
6320 162
6321 201
6322 253
6323 165
6324 253
6325 235
6326 263
6327 213
6328 220
6329 250
6330 166
6331 186
6332 261
6333 191
6334 236
6335 197
6336 225
6337 232
6338 218
6339 221
6340 234
6341 244
6342 185
6343 223
6344 160
6345 272
6346 282
6347 172
6348 286
6349 190
6350 226
6351 223
6352 272
6353 202
6354 183
6355 244
6356 241
6357 201
6358 219
6359 199
6360 204
6361 118
6362 310
6363 214
6364 248
6365 191
6366 244
6367 203
6368 246
6369 213
6370 288
6371 231
6372 247
6373 185
6374 0
6375 137
6376 145
6377 229
6378 233
6379 198
6380 273
6381 200
6382 189
6383 172
6384 224
6385 227
6386 215
6387 199
6388 254
6389 229
6390 190
6391 210
6392 234
6393 205
6394 263
6395 219
6396 264
6397 216
6398 205
6399 196
6400 236
6401 259
6402 271
6403 237
6404 157
6405 229
6406 255
6407 291
6408 154
6409 280
6410 207
6411 254
6412 206
6413 179
6414 101
6415 182
6416 208
6417 179
6418 212
6419 225
6420 211
6421 220
6422 192
6423 214
6424 284
6425 164
6426 213
6427 241
6428 225
6429 283
6430 182
6431 243
6432 222
6433 219
6434 247
6435 186
6436 162
6437 239
6438 229
6439 163
6440 204
6441 221
6442 213
6443 226
6444 262
6445 223
6446 198
6447 263
6448 198
6449 245
6450 255
6451 190
6452 192
6453 205
6454 180
6455 301
6456 211
6457 198
6458 258
6459 224
6460 222
6461 244
6462 263
6463 284
6464 230
6465 185
6466 254
6467 213
6468 192
6469 221
6470 248
6471 196
6472 228
6473 215
6474 261
6475 244
6476 239
6477 209
6478 213
6479 269
6480 230
6481 250
6482 244
6483 99
6484 207
6485 228
6486 225
6487 283
6488 193
6489 172
6490 254
6491 181
6492 219
6493 184
6494 194
6495 262
6496 188
6497 0
6498 217
6499 223
6500 234
6501 201
6502 182
6503 182
6504 243
6505 207
6506 214
6507 198
6508 172
6509 228
6510 266
6511 261
6512 210
6513 203
6514 202
6515 232
6516 221
6517 288
6518 250
6519 130
6520 212
6521 218
6522 307
6523 206
6524 199
6525 217
6526 224
6527 254
6528 209
6529 198
6530 235
6531 244
6532 161
6533 253
6534 200
6535 254
6536 235
6537 204
6538 236
6539 286
6540 204
6541 228
6542 274
6543 206
6544 187
6545 279
6546 320
6547 284
6548 233
6549 264
6550 293
6551 214
6552 214
6553 288
6554 252
6555 207
6556 202
6557 262
6558 106
6559 279
6560 195
6561 250
6562 220
6563 119
6564 206
6565 232
6566 229
6567 277
6568 243
6569 196
6570 215
6571 235
6572 254
6573 218
6574 264
6575 199
6576 220
6577 195
6578 182
6579 172
6580 172
6581 267
6582 188
6583 190
6584 244
6585 184
6586 192
6587 250
6588 59
6589 204
6590 180
6591 361
6592 167
6593 213
6594 220
6595 288
6596 174
6597 219
6598 218
6599 225
6600 0
6601 172
6602 248
6603 173
6604 222
6605 207
6606 237
6607 233
6608 215
6609 241
6610 200
6611 234
6612 192
6613 246
6614 188
6615 223
6616 230
6617 281
6618 255
6619 204
6620 221
6621 204
6622 222
6623 196
6624 221
6625 180
6626 185
6627 239
6628 224
6629 223
6630 209
6631 286
6632 259
6633 206
6634 189
6635 235
6636 247
6637 235
6638 252
6639 192
6640 261
6641 221
6642 296
6643 218
6644 212
6645 244
6646 154
6647 251
6648 178
6649 225
6650 212
6651 167
6652 231
6653 231
6654 198
6655 182
6656 326
6657 233
6658 242
6659 256
6660 194
6661 237
6662 302
6663 265
6664 195
6665 307
6666 221
6667 187
6668 178
6669 217
6670 168
6671 215
6672 261
6673 193
6674 188
6675 203
6676 173
6677 229
6678 177
6679 200
6680 209
6681 243
6682 248
6683 205
6684 274
6685 236
6686 222
6687 202
6688 295
6689 178
6690 240
6691 249
6692 196
6693 187
6694 240
6695 262
6696 251
6697 304
6698 237
6699 241
6700 212
6701 256
6702 191
6703 244
6704 233
6705 284
6706 287
6707 187
6708 280
6709 196
6710 236
6711 253
6712 218
6713 203
6714 166
6715 249
6716 200
6717 292
6718 239
6719 312
6720 219
6721 157
6722 0
6723 199
6724 190
6725 262
6726 212
6727 224
6728 206
6729 281
6730 0
6731 224
6732 220
6733 229
6734 227
6735 202
6736 229
6737 209
6738 215
6739 223
6740 225
6741 206
6742 220
6743 213
6744 199
6745 212
6746 212
6747 239
6748 255
6749 146
6750 241
6751 193
6752 267
6753 238
6754 261
6755 217
6756 276
6757 179
6758 162
6759 204
6760 237
6761 215
6762 237
6763 228
6764 229
6765 270
6766 249
6767 223
6768 238
6769 194
6770 246
6771 258
6772 152
6773 299
6774 239
6775 199
6776 257
6777 232
6778 221
6779 271
6780 194
6781 168
6782 222
6783 202
6784 204
6785 213
6786 146
6787 214
6788 256
6789 258
6790 194
6791 229
6792 112
6793 210
6794 281
6795 265
6796 206
6797 271
6798 321
6799 258
6800 212
6801 173
6802 228
6803 205
6804 240
6805 209
6806 205
6807 226
6808 222
6809 203
6810 158
6811 216
6812 174
6813 179
6814 280
6815 257
6816 237
6817 197
6818 237
6819 217
6820 249
6821 212
6822 156
6823 246
6824 202
6825 164
6826 217
6827 214
6828 218
6829 255
6830 212
6831 267
6832 219
6833 231
6834 221
6835 258
6836 210
6837 213
6838 214
6839 314
6840 234
6841 213
6842 194
6843 182
6844 227
6845 191
6846 212
6847 156
6848 202
6849 223
6850 192
6851 246
6852 257
6853 223
6854 223
6855 238
6856 0
6857 219
6858 188
6859 214
6860 167
6861 325
6862 225
6863 218
6864 188
6865 197
6866 256
6867 296
6868 246
6869 238
6870 250
6871 216
6872 147
6873 164
6874 239
6875 172
6876 177
6877 242
6878 258
6879 239
6880 248
6881 252
6882 186
6883 159
6884 271
6885 215
6886 212
6887 203
6888 218
6889 221
6890 206
6891 153
6892 219
6893 228
6894 232
6895 233
6896 262
6897 223
6898 215
6899 172
6900 264
6901 244
6902 160
6903 306
6904 247
6905 206
6906 181
6907 383
6908 237
6909 273
6910 210
6911 186
6912 199
6913 163
6914 269
6915 223
6916 244
6917 178
6918 213
6919 259
6920 208
6921 153
6922 234
6923 219
6924 236
6925 231
6926 145
6927 304
6928 226
6929 214
6930 167
6931 151
6932 172
6933 181
6934 319
6935 230
6936 239
6937 225
6938 225
6939 240
6940 212
6941 212
6942 186
6943 229
6944 245
6945 248
6946 228
6947 216
6948 120
6949 222
6950 227
6951 257
6952 175
6953 244
6954 241
6955 239
6956 266
6957 151
6958 227
6959 211
6960 270
6961 263
6962 209
6963 214
6964 191
6965 171
6966 205
6967 203
6968 199
6969 228
6970 211
6971 272
6972 227
6973 187
6974 246
6975 270
6976 238
6977 248
6978 257
6979 272
6980 201
6981 260
6982 212
6983 209
6984 238
6985 243
6986 218
6987 248
6988 232
6989 236
6990 180
6991 210
6992 219
6993 256
6994 263
6995 264
6996 213
6997 198
6998 178
6999 225
7000 293
7001 190
7002 274
7003 276
7004 205
7005 195
7006 228
7007 237
7008 261
7009 142
7010 287
7011 209
7012 219
7013 228
7014 190
7015 194
7016 173
7017 268
7018 259
7019 215
7020 250
7021 207
7022 232
7023 237
7024 166
7025 191
7026 304
7027 177
7028 247
7029 188
7030 227
7031 203
7032 221
7033 188
7034 235
7035 302
7036 209
7037 190
7038 242
7039 230
7040 157
7041 254
7042 222
7043 221
7044 198
7045 234
7046 208
7047 231
7048 242
7049 209
7050 216
7051 114
7052 154
7053 245
7054 208
7055 208
7056 262
7057 256
7058 232
7059 266
7060 275
7061 255
7062 207
7063 187
7064 156
7065 216
7066 189
7067 200
7068 266
7069 203
7070 280
7071 197
7072 270
7073 238
7074 229
7075 232
7076 232
7077 140
7078 193
7079 184
7080 233
7081 165
7082 309
7083 216
7084 166
7085 291
7086 244
7087 271
7088 199
7089 234
7090 221
7091 210
7092 209
7093 260
7094 227
7095 159
7096 252
7097 269
7098 285
7099 258
7100 227
7101 207
7102 229
7103 188
7104 190
7105 307
7106 325
7107 237
7108 203
7109 291
7110 242
7111 212
7112 215
7113 222
7114 237
7115 216
7116 209
7117 221
7118 186
7119 241
7120 245
7121 278
7122 214
7123 209
7124 204
7125 216
7126 221
7127 305
7128 157
7129 208
7130 168
7131 289
7132 270
7133 262
7134 218
7135 284
7136 210
7137 210
7138 166
7139 301
7140 232
7141 210
7142 279
7143 203
7144 211
7145 189
7146 184
7147 218
7148 146
7149 152
7150 239
7151 206
7152 188
7153 162
7154 202
7155 239
7156 218
7157 213
7158 130
7159 306
7160 192
7161 215
7162 249
7163 262
7164 258
7165 252
7166 238
7167 216
7168 223
7169 202
7170 206
7171 235
7172 197
7173 187
7174 200
7175 263
7176 185
7177 195
7178 224
7179 231
7180 257
7181 260
7182 268
7183 252
7184 197
7185 209
7186 199
7187 207
7188 234
7189 218
7190 193
7191 221
7192 272
7193 264
7194 218
7195 175
7196 252
7197 258
7198 248
7199 198
7200 192
7201 257
7202 214
7203 260
7204 237
7205 204
7206 244
7207 0
7208 225
7209 255
7210 182
7211 156
7212 223
7213 236
7214 219
7215 204
7216 208
7217 228
7218 255
7219 250
7220 248
7221 207
7222 188
7223 213
7224 259
7225 207
7226 208
7227 148
7228 207
7229 229
7230 293
7231 213
7232 235
7233 258
7234 201
7235 178
7236 205
7237 225
7238 243
7239 244
7240 195
7241 195
7242 212
7243 256
7244 230
7245 209
7246 263
7247 238
7248 197
7249 300
7250 208
7251 206
7252 237
7253 177
7254 256
7255 236
7256 245
7257 226
7258 259
7259 221
7260 200
7261 242
7262 138
7263 177
7264 238
7265 220
7266 279
7267 266
7268 178
7269 213
7270 259
7271 239
7272 227
7273 219
7274 188
7275 261
7276 235
7277 197
7278 244
7279 228
7280 276
7281 283
7282 210
7283 219
7284 202
7285 246
7286 217
7287 173
7288 135
7289 249
7290 168
7291 291
7292 228
7293 237
7294 218
7295 222
7296 200
7297 262
7298 185
7299 226
7300 292
7301 208
7302 256
7303 264
7304 264
7305 218
7306 206
7307 201
7308 224
7309 326
7310 198
7311 219
7312 234
7313 237
7314 244
7315 181
7316 279
7317 269
7318 247
7319 255
7320 249
7321 176
7322 218
7323 206
7324 219
7325 211
7326 252
7327 238
7328 233
7329 201
7330 282
7331 205
7332 257
7333 220
7334 255
7335 274
7336 192
7337 176
7338 154
7339 225
7340 203
7341 171
7342 213
7343 295
7344 250
7345 160
7346 232
7347 215
7348 156
7349 199
7350 197
7351 239
7352 225
7353 212
7354 214
7355 181
7356 174
7357 207
7358 206
7359 241
7360 200
7361 199
7362 108
7363 155
7364 269
7365 264
7366 198
7367 260
7368 253
7369 218
7370 249
7371 215
7372 145
7373 197
7374 284
7375 292
7376 225
7377 219
7378 194
7379 227
7380 257
7381 242
7382 129
7383 304
7384 220
7385 203
7386 209
7387 198
7388 254
7389 219
7390 203
7391 191
7392 236
7393 196
7394 254
7395 242
7396 224
7397 314
7398 160
7399 256
7400 264
7401 83
7402 228
7403 208
7404 251
7405 172
7406 190
7407 199
7408 219
7409 239
7410 222
7411 263
7412 195
7413 183
7414 263
7415 293
7416 203
7417 266
7418 177
7419 293
7420 247
7421 208
7422 179
7423 200
7424 216
7425 179
7426 234
7427 160
7428 239
7429 216
7430 206
7431 218
7432 235
7433 210
7434 252
7435 156
7436 279
7437 308
7438 215
7439 242
7440 200
7441 236
7442 201
7443 239
7444 208
7445 231
7446 210
7447 259
7448 232
7449 256
7450 264
7451 254
7452 182
7453 147
7454 209
7455 183
7456 200
7457 238
7458 239
7459 221
7460 229
7461 169
7462 252
7463 226
7464 242
7465 149
7466 222
7467 220
7468 247
7469 234
7470 218
7471 234
7472 178
7473 204
7474 219
7475 264
7476 252
7477 227
7478 236
7479 223
7480 242
7481 195
7482 188
7483 222
7484 270
7485 116
7486 261
7487 256
7488 300
7489 237
7490 262
7491 259
7492 198
7493 203
7494 301
7495 194
7496 217
7497 204
7498 241
7499 225
7500 242
7501 143
7502 248
7503 186
7504 217
7505 204
7506 239
7507 215
7508 357
7509 297
7510 276
7511 193
7512 286
7513 242
7514 204
7515 230
7516 191
7517 246
7518 190
7519 238
7520 147
7521 212
7522 191
7523 247
7524 262
7525 222
7526 191
7527 231
7528 266
7529 230
7530 136
7531 204
7532 242
7533 250
7534 151
7535 245
7536 273
7537 225
7538 238
7539 239
7540 183
7541 211
7542 201
7543 194
7544 221
7545 264
7546 147
7547 216
7548 289
7549 228
7550 185
7551 223
7552 215
7553 306
7554 217
7555 236
7556 224
7557 171
7558 208
7559 200
7560 246
7561 255
7562 184
7563 213
7564 293
7565 225
7566 311
7567 244
7568 218
7569 232
7570 302
7571 0
7572 242
7573 192
7574 250
7575 237
7576 214
7577 261
7578 160
7579 224
7580 177
7581 242
7582 230
7583 229
7584 207
7585 171
7586 219
7587 161
7588 197
7589 233
7590 236
7591 234
7592 239
7593 218
7594 255
7595 170
7596 251
7597 226
7598 192
7599 230
7600 210
7601 266
7602 257
7603 223
7604 237
7605 238
7606 204
7607 210
7608 241
7609 250
7610 153
7611 253
7612 232
7613 201
7614 256
7615 189
7616 218
7617 179
7618 259
7619 200
7620 239
7621 272
7622 177
7623 237
7624 255
7625 174
7626 205
7627 207
7628 195
7629 233
7630 218
7631 187
7632 168
7633 213
7634 250
7635 246
7636 193
7637 153
7638 148
7639 136
7640 233
7641 198
7642 233
7643 257
7644 148
7645 216
7646 224
7647 236
7648 277
7649 185
7650 215
7651 240
7652 0
7653 321
7654 228
7655 217
7656 225
7657 319
7658 228
7659 227
7660 240
7661 201
7662 205
7663 221
7664 176
7665 210
7666 186
7667 235
7668 171
7669 271
7670 205
7671 150
7672 254
7673 255
7674 169
7675 212
7676 215
7677 149
7678 223
7679 205
7680 182
7681 128
7682 215
7683 228
7684 221
7685 194
7686 240
7687 237
7688 281
7689 230
7690 253
7691 253
7692 255
7693 237
7694 203
7695 206
7696 204
7697 194
7698 180
7699 187
7700 263
7701 369
7702 183
7703 193
7704 197
7705 196
7706 281
7707 183
7708 266
7709 214
7710 209
7711 211
7712 222
7713 241
7714 179
7715 245
7716 229
7717 215
7718 233
7719 201
7720 264
7721 219
7722 263
7723 245
7724 236
7725 190
7726 250
7727 162
7728 221
7729 218
7730 289
7731 201
7732 236
7733 231
7734 158
7735 172
7736 231
7737 165
7738 271
7739 231
7740 257
7741 275
7742 254
7743 189
7744 222
7745 184
7746 235
7747 262
7748 152
7749 210
7750 231
7751 154
7752 233
7753 202
7754 226
7755 205
7756 156
7757 277
7758 249
7759 276
7760 225
7761 180
7762 212
7763 216
7764 212
7765 234
7766 204
7767 225
7768 252
7769 181
7770 197
7771 194
7772 177
7773 251
7774 243
7775 128
7776 267
7777 281
7778 229
7779 186
7780 228
7781 240
7782 230
7783 166
7784 256
7785 261
7786 233
7787 232
7788 266
7789 203
7790 264
7791 260
7792 220
7793 271
7794 236
7795 279
7796 247
7797 195
7798 236
7799 220
7800 266
7801 266
7802 221
7803 216
7804 193
7805 265
7806 298
7807 246
7808 235
7809 194
7810 202
7811 282
7812 222
7813 196
7814 264
7815 228
7816 238
7817 195
7818 236
7819 240
7820 330
7821 258
7822 231
7823 209
7824 230
7825 180
7826 239
7827 250
7828 180
7829 185
7830 239
7831 195
7832 218
7833 339
7834 280
7835 238
7836 201
7837 265
7838 202
7839 224
7840 239
7841 207
7842 189
7843 307
7844 297
7845 254
7846 155
7847 234
7848 250
7849 241
7850 191
7851 222
7852 204
7853 255
7854 190
7855 193
7856 272
7857 253
7858 207
7859 259
7860 230
7861 238
7862 199
7863 182
7864 254
7865 216
7866 243
7867 209
7868 198
7869 210
7870 239
7871 253
7872 133
7873 204
7874 223
7875 204
7876 238
7877 195
7878 221
7879 194
7880 238
7881 180
7882 188
7883 212
7884 179
7885 256
7886 199
7887 165
7888 271
7889 232
7890 177
7891 230
7892 205
7893 195
7894 276
7895 299
7896 254
7897 221
7898 226
7899 0
7900 231
7901 264
7902 209
7903 217
7904 157
7905 221
7906 265
7907 253
7908 215
7909 182
7910 245
7911 194
7912 197
7913 195
7914 211
7915 242
7916 167
7917 236
7918 196
7919 261
7920 217
7921 228
7922 235
7923 232
7924 249
7925 139
7926 228
7927 223
7928 226
7929 232
7930 254
7931 237
7932 206
7933 181
7934 274
7935 204
7936 249
7937 258
7938 243
7939 267
7940 229
7941 234
7942 211
7943 215
7944 200
7945 214
7946 186
7947 248
7948 239
7949 210
7950 201
7951 243
7952 253
7953 212
7954 254
7955 224
7956 249
7957 265
7958 246
7959 192
7960 236
7961 214
7962 121
7963 169
7964 138
7965 158
7966 203
7967 260
7968 261
7969 204
7970 228
7971 256
7972 290
7973 202
7974 218
7975 213
7976 251
7977 261
7978 243
7979 294
7980 223
7981 154
7982 208
7983 192
7984 278
7985 226
7986 200
7987 204
7988 265
7989 230
7990 195
7991 205
7992 239
7993 241
7994 244
7995 201
7996 220
7997 204
7998 217
7999 111
8000 195
8001 200
8002 179
8003 224
8004 257
8005 185
8006 191
8007 228
8008 194
8009 176
8010 288
8011 245
8012 165
8013 249
8014 181
8015 213
8016 170
8017 237
8018 170
8019 264
8020 228
8021 220
8022 223
8023 148
8024 255
8025 263
8026 168
8027 244
8028 184
8029 247
8030 208
8031 226
8032 203
8033 233
8034 254
8035 217
8036 230
8037 214
8038 0
8039 175
8040 253
8041 177
8042 226
8043 174
8044 233
8045 186
8046 218
8047 229
8048 233
8049 202
8050 181
8051 203
8052 246
8053 236
8054 206
8055 247
8056 99
8057 212
8058 237
8059 226
8060 169
8061 238
8062 0
8063 254
8064 234
8065 238
8066 237
8067 237
8068 247
8069 226
8070 245
8071 220
8072 228
8073 206
8074 221
8075 266
8076 210
8077 242
8078 235
8079 236
8080 212
8081 208
8082 230
8083 248
8084 187
8085 226
8086 204
8087 249
8088 237
8089 224
8090 185
8091 206
8092 232
8093 220
8094 183
8095 200
8096 142
8097 211
8098 167
8099 213
8100 247
8101 168
8102 193
8103 215
8104 230
8105 268
8106 288
8107 233
8108 260
8109 255
8110 278
8111 152
8112 213
8113 218
8114 192
8115 189
8116 208
8117 222
8118 241
8119 223
8120 293
8121 233
8122 238
8123 244
8124 207
8125 180
8126 213
8127 234
8128 265
8129 240
8130 191
8131 212
8132 225
8133 219
8134 215
8135 251
8136 243
8137 277
8138 205
8139 157
8140 283
8141 199
8142 213
8143 212
8144 288
8145 225
8146 258
8147 255
8148 208
8149 223
8150 223
8151 180
8152 304
8153 144
8154 262
8155 224
8156 209
8157 150
8158 262
8159 282
8160 199
8161 209
8162 219
8163 247
8164 281
8165 264
8166 259
8167 184
8168 277
8169 209
8170 216
8171 281
8172 241
8173 239
8174 241
8175 228
8176 201
8177 137
8178 171
8179 152
8180 194
8181 261
8182 155
8183 139
8184 211
8185 235
8186 204
8187 256
8188 200
8189 265
8190 180
8191 240
8192 196
8193 257
8194 174
8195 223
8196 275
8197 221
8198 208
8199 270
8200 278
8201 191
8202 0
8203 225
8204 205
8205 161
8206 260
8207 238
8208 227
8209 221
8210 226
8211 214
8212 177
8213 186
8214 208
8215 185
8216 220
8217 201
8218 227
8219 270
8220 218
8221 244
8222 223
8223 184
8224 253
8225 225
8226 219
8227 210
8228 202
8229 227
8230 176
8231 231
8232 270
8233 285
8234 166
8235 196
8236 189
8237 219
8238 273
8239 191
8240 219
8241 196
8242 260
8243 236
8244 198
8245 214
8246 221
8247 199
8248 285
8249 161
8250 250
8251 194
8252 235
8253 192
8254 228
8255 225
8256 250
8257 249
8258 217
8259 158
8260 139
8261 174
8262 250
8263 240
8264 211
8265 276
8266 248
8267 268
8268 174
8269 195
8270 223
8271 240
8272 313
8273 253
8274 180
8275 210
8276 200
8277 145
8278 223
8279 234
8280 248
8281 223
8282 251
8283 248
8284 209
8285 220
8286 300
8287 224
8288 199
8289 175
8290 105
8291 234
8292 186
8293 269
8294 209
8295 277
8296 149
8297 215
8298 215
8299 203
8300 169
8301 145
8302 223
8303 200
8304 193
8305 179
8306 248
8307 211
8308 201
8309 236
8310 249
8311 245
8312 250
8313 244
8314 175
8315 248
8316 228
8317 265
8318 234
8319 257
8320 244
8321 333
8322 220
8323 138
8324 168
8325 214
8326 242
8327 194
8328 282
8329 246
8330 212
8331 193
8332 256
8333 240
8334 230
8335 200
8336 212
8337 262
8338 199
8339 212
8340 207
8341 187
8342 197
8343 0
8344 278
8345 174
8346 235
8347 237
8348 273
8349 267
8350 263
8351 213
8352 251
8353 235
8354 190
8355 213
8356 232
8357 205
8358 241
8359 214
8360 240
8361 202
8362 209
8363 209
8364 181
8365 263
8366 145
8367 219
8368 254
8369 252
8370 189
8371 224
8372 240
8373 201
8374 216
8375 217
8376 207
8377 205
8378 231
8379 264
8380 239
8381 331
8382 181
8383 259
8384 205
8385 265
8386 219
8387 234
8388 207
8389 243
8390 234
8391 266
8392 243
8393 226
8394 212
8395 207
8396 266
8397 233
8398 221
8399 211
8400 132
8401 216
8402 247
8403 253
8404 234
8405 225
8406 251
8407 199
8408 222
8409 254
8410 226
8411 233
8412 209
8413 256
8414 209
8415 341
8416 234
8417 212
8418 219
8419 234
8420 216
8421 225
8422 221
8423 287
8424 228
8425 188
8426 244
8427 213
8428 258
8429 217
8430 237
8431 155
8432 198
8433 203
8434 254
8435 232
8436 224
8437 212
8438 196
8439 248
8440 285
8441 197
8442 237
8443 251
8444 198
8445 211
8446 162
8447 258
8448 226
8449 214
8450 240
8451 250
8452 258
8453 251
8454 229
8455 220
8456 188
8457 204
8458 189
8459 204
8460 256
8461 178
8462 234
8463 241
8464 216
8465 151
8466 241
8467 215
8468 224
8469 265
8470 250
8471 252
8472 278
8473 141
8474 203
8475 230
8476 251
8477 224
8478 246
8479 302
8480 243
8481 221
8482 150
8483 236
8484 203
8485 276
8486 201
8487 242
8488 292
8489 209
8490 216
8491 182
8492 191
8493 187
8494 268
8495 250
8496 200
8497 205
8498 271
8499 198
