Vertices: 6200
Edges: 31000
Time: 3,533 ms
Iterations: 30757
Vertex Distance
0 0
1 184
2 180
3 166
4 169
5 205
6 148
7 206
8 177
9 150
10 154
11 172
12 192
13 161
14 189
15 136
16 221
17 140
18 211
19 154
20 224
21 216
22 201
23 229
24 218
25 204
26 167
27 221
28 166
29 201
30 185
31 200
32 228
33 234
34 178
35 225
36 182
37 153
38 235
39 161
40 236
41 241
42 218
43 187
44 191
45 185
46 225
47 137
48 179
49 239
50 181
51 238
52 222
53 179
54 131
55 171
56 226
57 177
58 210
59 157
60 188
61 277
62 208
63 188
64 217
65 197
66 198
67 89
68 176
69 185
70 174
71 192
72 164
73 78
74 249
75 197
76 219
77 153
78 230
79 204
80 210
81 174
82 217
83 172
84 252
85 126
86 236
87 220
88 222
89 231
90 225
91 235
92 167
93 182
94 202
95 184
96 225
97 226
98 230
99 217
100 168
101 187
102 127
103 157
104 176
105 172
106 213
107 212
108 197
109 185
110 104
111 202
112 184
113 208
114 227
115 195
116 200
117 258
118 223
119 150
120 160
121 139
122 177
123 210
124 207
125 193
126 176
127 192
128 186
129 187
130 219
131 175
132 82
133 267
134 174
135 133
136 171
137 124
138 245
139 258
140 149
141 227
142 267
143 204
144 151
145 232
146 185
147 190
148 226
149 188
150 252
151 169
152 0
153 177
154 175
155 191
156 195
157 232
158 234
159 190
160 179
161 195
162 179
163 197
164 246
165 197
166 264
167 266
168 189
169 212
170 181
171 157
172 238
173 166
174 133
175 120
176 229
177 157
178 149
179 160
180 243
181 218
182 225
183 188
184 222
185 193
186 190
187 202
188 168
189 202
190 150
191 206
192 227
193 187
194 200
195 183
196 212
197 154
198 138
199 170
200 122
201 187
202 202
203 210
204 194
205 179
206 209
207 170
208 230
209 208
210 215
211 267
212 248
213 205
214 116
215 163
216 196
217 190
218 186
219 204
220 163
221 200
222 207
223 240
224 248
225 201
226 188
227 208
228 154
229 183
230 202
231 141
232 165
233 152
234 201
235 176
236 118
237 211
238 243
239 240
240 200
241 179
242 113
243 212
244 243
245 221
246 252
247 162
248 178
249 251
250 235
251 193
252 156
253 219
254 119
255 150
256 179
257 183
258 210
259 155
260 126
261 221
262 162
263 217
264 231
265 239
266 171
267 208
268 269
269 204
270 200
271 175
272 198
273 221
274 166
275 168
276 211
277 179
278 156
279 229
280 194
281 186
282 217
283 163
284 183
285 191
286 185
287 178
288 175
289 193
290 213
291 183
292 158
293 202
294 205
295 114
296 188
297 144
298 216
299 145
300 177
301 196
302 142
303 230
304 226
305 208
306 190
307 222
308 203
309 195
310 189
311 198
312 194
313 120
314 225
315 178
316 153
317 167
318 165
319 152
320 166
321 196
322 179
323 233
324 168
325 128
326 170
327 134
328 213
329 185
330 166
331 167
332 193
333 179
334 184
335 145
336 175
337 197
338 293
339 203
340 164
341 141
342 193
343 160
344 224
345 239
346 87
347 194
348 191
349 199
350 199
351 228
352 197
353 154
354 208
355 94
356 162
357 109
358 197
359 170
360 211
361 175
362 245
363 153
364 166
365 215
366 173
367 172
368 225
369 235
370 158
371 233
372 190
373 201
374 158
375 176
376 221
377 215
378 172
379 227
380 255
381 164
382 263
383 155
384 213
385 148
386 170
387 240
388 231
389 176
390 246
391 210
392 182
393 208
394 61
395 140
396 221
397 169
398 248
399 199
400 207
401 164
402 250
403 164
404 167
405 216
406 141
407 151
408 185
409 221
410 213
411 217
412 288
413 247
414 169
415 112
416 218
417 196
418 215
419 135
420 132
421 190
422 198
423 218
424 155
425 186
426 171
427 294
428 169
429 191
430 95
431 118
432 165
433 156
434 165
435 182
436 179
437 206
438 197
439 223
440 223
441 156
442 118
443 137
444 174
445 159
446 225
447 201
448 217
449 175
450 172
451 185
452 183
453 253
454 236
455 172
456 184
457 181
458 160
459 180
460 276
461 199
462 111
463 161
464 190
465 238
466 180
467 134
468 217
469 153
470 203
471 223
472 150
473 189
474 190
475 224
476 216
477 105
478 183
479 132
480 186
481 222
482 237
483 165
484 0
485 164
486 201
487 181
488 172
489 198
490 212
491 167
492 187
493 277
494 192
495 225
496 200
497 180
498 109
499 114
500 196
501 174
502 237
503 251
504 137
505 103
506 213
507 192
508 200
509 176
510 183
511 166
512 126
513 210
514 220
515 215
516 119
517 156
518 241
519 136
520 271
521 184
522 176
523 171
524 253
525 231
526 190
527 186
528 113
529 172
530 225
531 7
532 235
533 155
534 167
535 156
536 140
537 208
538 198
539 178
540 195
541 0
542 171
543 143
544 156
545 167
546 139
547 205
548 143
549 185
550 206
551 215
552 183
553 231
554 252
555 232
556 164
557 234
558 139
559 155
560 126
561 145
562 246
563 156
564 190
565 170
566 213
567 189
568 198
569 182
570 235
571 207
572 161
573 160
574 264
575 162
576 150
577 153
578 191
579 172
580 218
581 133
582 151
583 204
584 217
585 219
586 223
587 203
588 181
589 184
590 215
591 227
592 210
593 140
594 156
595 239
596 173
597 138
598 165
599 171
600 201
601 164
602 177
603 230
604 184
605 194
606 250
607 222
608 204
609 209
610 183
611 153
612 164
613 254
614 191
615 143
616 234
617 201
618 244
619 158
620 213
621 204
622 213
623 171
624 271
625 187
626 127
627 156
628 208
629 195
630 202
631 133
632 214
633 198
634 183
635 204
636 148
637 140
638 165
639 159
640 289
641 235
642 147
643 230
644 156
645 193
646 194
647 148
648 171
649 219
650 213
651 183
652 206
653 135
654 187
655 204
656 154
657 276
658 183
659 234
660 200
661 180
662 211
663 183
664 179
665 181
666 210
667 211
668 154
669 244
670 165
671 172
672 179
673 208
674 211
675 116
676 179
677 178
678 201
679 220
680 199
681 135
682 221
683 210
684 187
685 192
686 220
687 197
688 187
689 204
690 217
691 180
692 218
693 173
694 56
695 141
696 167
697 229
698 312
699 121
700 233
701 208
702 0
703 176
704 203
705 207
706 184
707 189
708 163
709 154
710 176
711 207
712 175
713 150
714 173
715 200
716 275
717 222
718 184
719 169
720 176
721 229
722 138
723 191
724 118
725 234
726 195
727 202
728 166
729 171
730 225
731 196
732 177
733 162
734 0
735 157
736 172
737 147
738 191
739 186
740 246
741 152
742 183
743 166
744 215
745 181
746 198
747 185
748 187
749 221
750 200
751 179
752 239
753 233
754 219
755 186
756 176
757 220
758 195
759 208
760 141
761 140
762 166
763 210
764 169
765 175
766 205
767 100
768 176
769 97
770 197
771 179
772 177
773 190
774 284
775 177
776 244
777 245
778 143
779 176
780 166
781 220
782 169
783 169
784 190
785 273
786 190
787 195
788 194
789 154
790 234
791 188
792 207
793 238
794 169
795 179
796 189
797 179
798 131
799 197
800 176
801 163
802 203
803 189
804 199
805 209
806 241
807 278
808 245
809 193
810 140
811 175
812 184
813 199
814 220
815 161
816 246
817 227
818 208
819 116
820 173
821 211
822 218
823 185
824 329
825 158
826 164
827 168
828 209
829 275
830 227
831 152
832 111
833 168
834 238
835 301
836 207
837 116
838 105
839 157
840 230
841 168
842 161
843 228
844 248
845 181
846 134
847 237
848 118
849 188
850 238
851 216
852 200
853 165
854 228
855 156
856 175
857 194
858 201
859 156
860 201
861 235
862 200
863 201
864 221
865 233
866 178
867 201
868 176
869 163
870 219
871 141
872 173
873 177
874 249
875 104
876 193
877 202
878 208
879 162
880 216
881 152
882 135
883 217
884 247
885 184
886 170
887 215
888 234
889 166
890 207
891 165
892 186
893 216
894 176
895 205
896 141
897 186
898 182
899 199
900 192
901 185
902 196
903 256
904 191
905 169
906 173
907 171
908 240
909 149
910 204
911 165
912 206
913 0
914 185
915 224
916 226
917 243
918 274
919 191
920 0
921 189
922 177
923 201
924 168
925 213
926 214
927 222
928 187
929 228
930 188
931 196
932 186
933 247
934 159
935 187
936 251
937 250
938 212
939 163
940 223
941 178
942 195
943 55
944 181
945 175
946 196
947 168
948 131
949 244
950 210
951 158
952 231
953 210
954 245
955 182
956 154
957 186
958 206
959 214
960 187
961 231
962 199
963 176
964 186
965 135
966 84
967 133
968 186
969 181
970 239
971 144
972 162
973 178
974 222
975 195
976 215
977 213
978 172
979 205
980 177
981 183
982 211
983 181
984 219
985 171
986 264
987 223
988 204
989 194
990 185
991 189
992 147
993 198
994 177
995 197
996 239
997 156
998 122
999 139
1000 206
1001 186
1002 217
1003 246
1004 140
1005 184
1006 187
1007 164
1008 175
1009 290
1010 138
1011 191
1012 186
1013 205
1014 270
1015 182
1016 136
1017 228
1018 207
1019 142
1020 187
1021 223
1022 222
1023 148
1024 177
1025 116
1026 211
1027 163
1028 174
1029 163
1030 220
1031 205
1032 187
1033 161
1034 189
1035 119
1036 208
1037 194
1038 164
1039 199
1040 211
1041 204
1042 163
1043 224
1044 200
1045 153
1046 158
1047 188
1048 178
1049 172
1050 181
1051 186
1052 233
1053 203
1054 182
1055 203
1056 140
1057 225
1058 178
1059 199
1060 172
1061 206
1062 171
1063 149
1064 185
1065 295
1066 216
1067 199
1068 192
1069 188
1070 202
1071 198
1072 172
1073 207
1074 161
1075 190
1076 166
1077 179
1078 157
1079 206
1080 161
1081 198
1082 114
1083 201
1084 146
1085 207
1086 141
1087 179
1088 150
1089 202
1090 139
1091 242
1092 212
1093 141
1094 212
1095 164
1096 179
1097 220
1098 188
1099 150
1100 184
1101 206
1102 216
1103 159
1104 129
1105 228
1106 144
1107 0
1108 166
1109 165
1110 201
1111 213
1112 217
1113 196
1114 200
1115 195
1116 197
1117 170
1118 199
1119 177
1120 213
1121 167
1122 208
1123 209
1124 198
1125 194
1126 188
1127 186
1128 186
1129 188
1130 138
1131 209
1132 138
1133 248
1134 241
1135 279
1136 192
1137 223
1138 224
1139 133
1140 184
1141 151
1142 262
1143 221
1144 188
1145 0
1146 203
1147 189
1148 193
1149 193
1150 211
1151 148
1152 178
1153 164
1154 190
1155 222
1156 231
1157 226
1158 228
1159 158
1160 220
1161 227
1162 196
1163 168
1164 267
1165 185
1166 147
1167 139
1168 200
1169 156
1170 192
1171 248
1172 182
1173 194
1174 169
1175 209
1176 139
1177 193
1178 178
1179 249
1180 170
1181 254
1182 211
1183 172
1184 159
1185 150
1186 196
1187 208
1188 118
1189 215
1190 272
1191 240
1192 205
1193 192
1194 149
1195 122
1196 169
1197 191
1198 182
1199 188
1200 187
1201 199
1202 253
1203 222
1204 174
1205 193
1206 223
1207 180
1208 221
1209 197
1210 201
1211 185
1212 234
1213 174
1214 194
1215 218
1216 188
1217 200
1218 173
1219 187
1220 198
1221 199
1222 76
1223 215
1224 153
1225 186
1226 174
1227 174
1228 163
1229 305
1230 198
1231 165
1232 241
1233 170
1234 199
1235 159
1236 177
1237 214
1238 227
1239 146
1240 206
1241 164
1242 172
1243 198
1244 215
1245 227
1246 199
1247 179
1248 200
1249 185
1250 221
1251 229
1252 184
1253 235
1254 214
1255 178
1256 201
1257 232
1258 178
1259 121
1260 223
1261 202
1262 199
1263 161
1264 221
1265 152
1266 202
1267 161
1268 238
1269 218
1270 198
1271 221
1272 219
1273 197
1274 225
1275 233
1276 113
1277 175
1278 176
1279 172
1280 214
1281 152
1282 230
1283 293
1284 219
1285 217
1286 212
1287 209
1288 158
1289 154
1290 154
1291 188
1292 163
1293 211
1294 157
1295 203
1296 183
1297 148
1298 184
1299 170
1300 216
1301 150
1302 226
1303 162
1304 210
1305 200
1306 135
1307 188
1308 186
1309 208
1310 182
1311 149
1312 209
1313 137
1314 240
1315 226
1316 206
1317 128
1318 175
1319 170
1320 197
1321 198
1322 209
1323 205
1324 250
1325 220
1326 173
1327 213
1328 213
1329 166
1330 243
1331 278
1332 193
1333 248
1334 139
1335 0
1336 169
1337 170
1338 182
1339 176
1340 212
1341 178
1342 235
1343 159
1344 167
1345 186
1346 180
1347 177
1348 192
1349 124
1350 183
1351 206
1352 199
1353 191
1354 149
1355 186
1356 244
1357 202
1358 155
1359 189
1360 167
1361 209
1362 192
1363 98
1364 241
1365 187
1366 202
1367 209
1368 185
1369 116
1370 192
1371 195
1372 232
1373 169
1374 224
1375 291
1376 233
1377 82
1378 237
1379 217
1380 172
1381 198
1382 247
1383 135
1384 184
1385 99
1386 177
1387 83
1388 242
1389 189
1390 96
1391 205
1392 158
1393 168
1394 236
1395 172
1396 289
1397 205
1398 174
1399 159
1400 207
1401 231
1402 174
1403 349
1404 129
1405 201
1406 270
1407 159
1408 174
1409 195
1410 144
1411 107
1412 176
1413 176
1414 212
1415 154
1416 230
1417 124
1418 216
1419 217
1420 219
1421 154
1422 209
1423 193
1424 186
1425 170
1426 193
1427 175
1428 285
1429 217
1430 136
1431 150
1432 191
1433 247
1434 223
1435 197
1436 199
1437 233
1438 194
1439 233
1440 178
1441 190
1442 173
1443 0
1444 164
1445 179
1446 198
1447 213
1448 202
1449 169
1450 169
1451 193
1452 114
1453 200
1454 159
1455 159
1456 194
1457 186
1458 201
1459 184
1460 189
1461 195
1462 179
1463 163
1464 169
1465 174
1466 201
1467 201
1468 202
1469 168
1470 175
1471 171
1472 257
1473 180
1474 188
1475 198
1476 207
1477 121
1478 178
1479 134
1480 199
1481 194
1482 159
1483 173
1484 201
1485 181
1486 156
1487 153
1488 242
1489 163
1490 188
1491 198
1492 207
1493 181
1494 261
1495 174
1496 158
1497 176
1498 171
1499 242
1500 174
1501 187
1502 175
1503 0
1504 213
1505 161
1506 179
1507 136
1508 0
1509 149
1510 194
1511 196
1512 194
1513 221
1514 236
1515 164
1516 138
1517 202
1518 187
1519 185
1520 204
1521 233
1522 202
1523 169
1524 244
1525 202
1526 225
1527 171
1528 192
1529 159
1530 197
1531 200
1532 178
1533 168
1534 123
1535 213
1536 168
1537 170
1538 167
1539 195
1540 132
1541 185
1542 180
1543 238
1544 126
1545 256
1546 225
1547 158
1548 171
1549 241
1550 211
1551 152
1552 177
1553 162
1554 189
1555 180
1556 235
1557 178
1558 152
1559 206
1560 172
1561 214
1562 246
1563 192
1564 178
1565 251
1566 257
1567 218
1568 221
1569 218
1570 245
1571 159
1572 183
1573 199
1574 194
1575 168
1576 216
1577 155
1578 210
1579 156
1580 0
1581 211
1582 147
1583 164
1584 186
1585 162
1586 216
1587 198
1588 213
1589 247
1590 215
1591 138
1592 193
1593 154
1594 171
1595 176
1596 177
1597 230
1598 236
1599 271
1600 124
1601 181
1602 235
1603 233
1604 197
1605 214
1606 199
1607 158
1608 184
1609 186
1610 218
1611 125
1612 183
1613 222
1614 239
1615 163
1616 138
1617 200
1618 171
1619 184
1620 181
1621 193
1622 180
1623 201
1624 177
1625 220
1626 145
1627 193
1628 189
1629 74
1630 184
1631 66
1632 230
1633 147
1634 123
1635 220
1636 167
1637 195
1638 171
1639 134
1640 265
1641 207
1642 193
1643 134
1644 187
1645 223
1646 203
1647 169
1648 204
1649 181
1650 202
1651 211
1652 165
1653 198
1654 153
1655 168
1656 176
1657 179
1658 228
1659 190
1660 190
1661 165
1662 178
1663 211
1664 165
1665 245
1666 181
1667 190
1668 163
1669 165
1670 163
1671 165
1672 199
1673 200
1674 148
1675 211
1676 124
1677 177
1678 210
1679 230
1680 236
1681 182
1682 201
1683 224
1684 253
1685 114
1686 171
1687 0
1688 163
1689 209
1690 167
1691 194
1692 196
1693 205
1694 220
1695 213
1696 160
1697 189
1698 77
1699 210
1700 139
1701 159
1702 250
1703 148
1704 234
1705 224
1706 182
1707 184
1708 168
1709 208
1710 190
1711 231
1712 206
1713 261
1714 147
1715 227
1716 173
1717 197
1718 216
1719 195
1720 177
1721 213
1722 196
1723 179
1724 208
1725 0
1726 159
1727 197
1728 240
1729 214
1730 199
1731 166
1732 189
1733 191
1734 151
1735 225
1736 220
1737 166
1738 158
1739 158
1740 195
1741 228
1742 187
1743 209
1744 164
1745 140
1746 192
1747 233
1748 0
1749 284
1750 201
1751 213
1752 101
1753 176
1754 238
1755 190
1756 181
1757 224
1758 222
1759 218
1760 224
1761 158
1762 230
1763 173
1764 168
1765 191
1766 173
1767 172
1768 173
1769 213
1770 232
1771 201
1772 153
1773 192
1774 226
1775 214
1776 170
1777 189
1778 210
1779 185
1780 187
1781 194
1782 152
1783 188
1784 182
1785 176
1786 135
1787 234
1788 126
1789 193
1790 233
1791 159
1792 247
1793 188
1794 127
1795 168
1796 203
1797 158
1798 185
1799 146
1800 154
1801 181
1802 140
1803 130
1804 170
1805 103
1806 203
1807 170
1808 232
1809 230
1810 122
1811 181
1812 242
1813 199
1814 206
1815 160
1816 191
1817 157
1818 186
1819 179
1820 220
1821 136
1822 188
1823 66
1824 207
1825 178
1826 172
1827 220
1828 173
1829 129
1830 183
1831 215
1832 212
1833 212
1834 131
1835 213
1836 217
1837 152
1838 192
1839 118
1840 199
1841 232
1842 210
1843 180
1844 194
1845 168
1846 155
1847 186
1848 207
1849 230
1850 191
1851 180
1852 146
1853 174
1854 226
1855 153
1856 150
1857 215
1858 137
1859 232
1860 172
1861 168
1862 222
1863 266
1864 245
1865 183
1866 209
1867 191
1868 205
1869 242
1870 176
1871 245
1872 249
1873 200
1874 168
1875 160
1876 183
1877 195
1878 230
1879 129
1880 203
1881 122
1882 162
1883 182
1884 134
1885 161
1886 192
1887 183
1888 159
1889 145
1890 181
1891 189
1892 243
1893 236
1894 245
1895 236
1896 194
1897 198
1898 183
1899 133
1900 223
1901 230
1902 219
1903 148
1904 211
1905 230
1906 187
1907 265
1908 179
1909 156
1910 206
1911 203
1912 218
1913 122
1914 153
1915 279
1916 133
1917 92
1918 242
1919 162
1920 167
1921 249
1922 180
1923 148
1924 255
1925 210
1926 130
1927 147
1928 235
1929 172
1930 288
1931 242
1932 153
1933 177
1934 155
1935 142
1936 202
1937 371
1938 171
1939 194
1940 195
1941 221
1942 155
1943 181
1944 143
1945 233
1946 158
1947 227
1948 188
1949 157
1950 179
1951 168
1952 226
1953 169
1954 167
1955 154
1956 243
1957 220
1958 154
1959 148
1960 204
1961 172
1962 167
1963 284
1964 192
1965 200
1966 187
1967 141
1968 149
1969 179
1970 181
1971 162
1972 197
1973 127
1974 82
1975 33
1976 163
1977 228
1978 191
1979 173
1980 182
1981 235
1982 240
1983 163
1984 183
1985 161
1986 211
1987 168
1988 145
1989 210
1990 128
1991 270
1992 164
1993 102
1994 223
1995 188
1996 148
1997 172
1998 228
1999 186
2000 196
2001 229
2002 226
2003 191
2004 274
2005 181
2006 189
2007 181
2008 215
2009 188
2010 188
2011 291
2012 235
2013 179
2014 233
2015 200
2016 193
2017 252
2018 171
2019 147
2020 185
2021 175
2022 200
2023 236
2024 180
2025 214
2026 183
2027 163
2028 171
2029 154
2030 177
2031 186
2032 219
2033 265
2034 154
2035 165
2036 170
2037 249
2038 155
2039 169
2040 234
2041 196
2042 179
2043 110
2044 229
2045 221
2046 155
2047 215
2048 144
2049 242
2050 211
2051 165
2052 152
2053 182
2054 215
2055 181
2056 208
2057 172
2058 188
2059 168
2060 169
2061 232
2062 162
2063 170
2064 151
2065 189
2066 190
2067 214
2068 206
2069 203
2070 193
2071 181
2072 169
2073 206
2074 170
2075 258
2076 193
2077 208
2078 119
2079 99
2080 219
2081 176
2082 240
2083 207
2084 140
2085 195
2086 246
2087 254
2088 199
2089 183
2090 133
2091 188
2092 147
2093 197
2094 144
2095 200
2096 203
2097 113
2098 146
2099 200
2100 186
2101 190
2102 184
2103 179
2104 176
2105 142
2106 200
2107 203
2108 217
2109 184
2110 152
2111 189
2112 181
2113 157
2114 174
2115 196
2116 145
2117 198
2118 232
2119 176
2120 218
2121 163
2122 208
2123 165
2124 195
2125 193
2126 152
2127 171
2128 228
2129 192
2130 234
2131 256
2132 234
2133 129
2134 198
2135 190
2136 132
2137 217
2138 192
2139 235
2140 198
2141 139
2142 196
2143 210
2144 158
2145 210
2146 222
2147 264
2148 246
2149 223
2150 197
2151 210
2152 247
2153 211
2154 179
2155 113
2156 207
2157 179
2158 201
2159 194
2160 232
2161 194
2162 210
2163 263
2164 197
2165 192
2166 116
2167 230
2168 222
2169 173
2170 180
2171 126
2172 206
2173 136
2174 181
2175 167
2176 212
2177 203
2178 177
2179 187
2180 235
2181 197
2182 218
2183 137
2184 230
2185 170
2186 220
2187 129
2188 235
2189 191
2190 193
2191 163
2192 207
2193 243
2194 196
2195 129
2196 225
2197 226
2198 209
2199 197
2200 0
2201 218
2202 166
2203 271
2204 125
2205 165
2206 162
2207 204
2208 190
2209 192
2210 237
2211 242
2212 71
2213 234
2214 159
2215 140
2216 206
2217 157
2218 195
2219 174
2220 158
2221 201
2222 222
2223 125
2224 206
2225 194
2226 213
2227 243
2228 153
2229 189
2230 207
2231 194
2232 231
2233 183
2234 218
2235 184
2236 162
2237 217
2238 211
2239 193
2240 194
2241 155
2242 183
2243 183
2244 176
2245 116
2246 147
2247 202
2248 229
2249 210
2250 166
2251 191
2252 204
2253 196
2254 177
2255 162
2256 179
2257 190
2258 216
2259 135
2260 206
2261 161
2262 148
2263 118
2264 160
2265 154
2266 231
2267 171
2268 200
2269 202
2270 223
2271 197
2272 198
2273 212
2274 157
2275 201
2276 184
2277 237
2278 102
2279 0
2280 243
2281 153
2282 190
2283 235
2284 240
2285 161
2286 169
2287 261
2288 139
2289 193
2290 155
2291 177
2292 190
2293 135
2294 188
2295 183
2296 186
2297 180
2298 201
2299 197
2300 187
2301 116
2302 158
2303 195
2304 212
2305 200
2306 187
2307 219
2308 208
2309 180
2310 185
2311 174
2312 167
2313 181
2314 188
2315 169
2316 246
2317 182
2318 147
2319 120
2320 225
2321 148
2322 182
2323 252
2324 173
2325 195
2326 218
2327 143
2328 189
2329 200
2330 267
2331 203
2332 197
2333 0
2334 216
2335 173
2336 183
2337 246
2338 191
2339 213
2340 189
2341 194
2342 248
2343 175
2344 230
2345 213
2346 183
2347 235
2348 164
2349 229
2350 193
2351 200
2352 220
2353 152
2354 183
2355 224
2356 142
2357 255
2358 171
2359 223
2360 223
2361 119
2362 199
2363 201
2364 159
2365 218
2366 194
2367 183
2368 247
2369 222
2370 190
2371 176
2372 155
2373 244
2374 169
2375 197
2376 223
2377 248
2378 216
2379 248
2380 274
2381 169
2382 183
2383 203
2384 160
2385 185
2386 196
2387 200
2388 200
2389 278
2390 237
2391 240
2392 168
2393 140
2394 196
2395 179
2396 172
2397 186
2398 168
2399 201
2400 215
2401 221
2402 188
2403 156
2404 158
2405 152
2406 185
2407 217
2408 146
2409 148
2410 153
2411 175
2412 171
2413 193
2414 224
2415 222
2416 164
2417 200
2418 191
2419 200
2420 222
2421 154
2422 149
2423 228
2424 244
2425 242
2426 180
2427 159
2428 210
2429 161
2430 252
2431 173
2432 187
2433 189
2434 186
2435 135
2436 165
2437 192
2438 231
2439 275
2440 175
2441 171
2442 255
2443 168
2444 145
2445 172
2446 203
2447 156
2448 185
2449 156
2450 166
2451 212
2452 150
2453 183
2454 212
2455 173
2456 200
2457 220
2458 139
2459 159
2460 242
2461 199
2462 191
2463 150
2464 207
2465 223
2466 172
2467 154
2468 193
2469 211
2470 172
2471 147
2472 185
2473 181
2474 179
2475 229
2476 189
2477 204
2478 245
2479 150
2480 193
2481 0
2482 177
2483 182
2484 175
2485 212
2486 275
2487 216
2488 191
2489 267
2490 159
2491 187
2492 190
2493 216
2494 207
2495 155
2496 155
2497 197
2498 153
2499 250
2500 228
2501 190
2502 201
2503 194
2504 131
2505 199
2506 200
2507 202
2508 174
2509 214
2510 259
2511 210
2512 245
2513 185
2514 263
2515 0
2516 176
2517 170
2518 186
2519 197
2520 179
2521 188
2522 199
2523 189
2524 223
2525 243
2526 189
2527 186
2528 81
2529 199
2530 216
2531 168
2532 263
2533 210
2534 174
2535 194
2536 193
2537 164
2538 193
2539 212
2540 212
2541 167
2542 172
2543 218
2544 226
2545 157
2546 161
2547 190
2548 198
2549 171
2550 267
2551 184
2552 183
2553 178
2554 65
2555 177
2556 163
2557 200
2558 203
2559 205
2560 198
2561 133
2562 186
2563 180
2564 212
2565 175
2566 184
2567 179
2568 203
2569 153
2570 229
2571 150
2572 170
2573 165
2574 201
2575 103
2576 189
2577 189
2578 190
2579 174
2580 163
2581 180
2582 232
2583 203
2584 230
2585 181
2586 180
2587 140
2588 282
2589 210
2590 182
2591 163
2592 190
2593 179
2594 180
2595 138
2596 147
2597 185
2598 226
2599 234
2600 182
2601 202
2602 259
2603 225
2604 146
2605 249
2606 226
2607 198
2608 214
2609 203
2610 184
2611 187
2612 186
2613 220
2614 192
2615 159
2616 148
2617 166
2618 194
2619 204
2620 250
2621 193
2622 161
2623 225
2624 200
2625 138
2626 234
2627 157
2628 178
2629 211
2630 0
2631 153
2632 181
2633 164
2634 200
2635 239
2636 131
2637 184
2638 203
2639 190
2640 174
2641 194
2642 167
2643 205
2644 202
2645 159
2646 227
2647 230
2648 151
2649 213
2650 198
2651 148
2652 245
2653 210
2654 220
2655 204
2656 209
2657 222
2658 205
2659 199
2660 124
2661 133
2662 156
2663 160
2664 197
2665 207
2666 207
2667 180
2668 220
2669 118
2670 222
2671 210
2672 207
2673 244
2674 149
2675 122
2676 271
2677 221
2678 186
2679 188
2680 241
2681 184
2682 173
2683 225
2684 146
2685 249
2686 227
2687 230
2688 227
2689 226
2690 225
2691 172
2692 199
2693 177
2694 171
2695 177
2696 182
2697 173
2698 230
2699 162
2700 198
2701 180
2702 190
2703 167
2704 216
2705 183
2706 204
2707 185
2708 179
2709 223
2710 233
2711 217
2712 259
2713 191
2714 198
2715 177
2716 185
2717 200
2718 183
2719 265
2720 224
2721 239
2722 194
2723 238
2724 154
2725 209
2726 183
2727 145
2728 215
2729 219
2730 238
2731 167
2732 195
2733 181
2734 152
2735 167
2736 194
2737 162
2738 212
2739 184
2740 161
2741 135
2742 185
2743 191
2744 186
2745 154
2746 167
2747 181
2748 256
2749 218
2750 176
2751 241
2752 214
2753 218
2754 222
2755 147
2756 219
2757 175
2758 191
2759 77
2760 119
2761 186
2762 114
2763 261
2764 219
2765 238
2766 167
2767 181
2768 195
2769 95
2770 210
2771 215
2772 220
2773 199
2774 151
2775 170
2776 238
2777 276
2778 73
2779 115
2780 234
2781 184
2782 189
2783 169
2784 224
2785 152
2786 212
2787 172
2788 169
2789 174
2790 237
2791 165
2792 185
2793 117
2794 54
2795 186
2796 138
2797 152
2798 177
2799 165
2800 191
2801 196
2802 212
2803 184
2804 171
2805 215
2806 186
2807 235
2808 178
2809 171
2810 173
2811 167
2812 234
2813 207
2814 97
2815 163
2816 211
2817 153
2818 144
2819 183
2820 194
2821 177
2822 222
2823 199
2824 230
2825 240
2826 228
2827 188
2828 142
2829 170
2830 132
2831 155
2832 178
2833 203
2834 135
2835 237
2836 242
2837 174
2838 181
2839 204
2840 163
2841 151
2842 109
2843 195
2844 189
2845 181
2846 242
2847 190
2848 171
2849 160
2850 217
2851 172
2852 207
2853 214
2854 179
2855 193
2856 200
2857 210
2858 221
2859 128
2860 164
2861 133
2862 217
2863 182
2864 230
2865 182
2866 206
2867 198
2868 176
2869 201
2870 161
2871 181
2872 159
2873 255
2874 202
2875 236
2876 208
2877 0
2878 197
2879 159
2880 136
2881 183
2882 44
2883 173
2884 106
2885 178
2886 228
2887 205
2888 248
2889 140
2890 199
2891 166
2892 205
2893 190
2894 212
2895 162
2896 123
2897 204
2898 154
2899 228
2900 219
2901 202
2902 189
2903 315
2904 218
2905 253
2906 188
2907 144
2908 230
2909 217
2910 193
2911 218
2912 222
2913 224
2914 202
2915 183
2916 218
2917 181
2918 208
2919 152
2920 143
2921 215
2922 195
2923 172
2924 208
2925 188
2926 147
2927 191
2928 245
2929 187
2930 206
2931 202
2932 183
2933 208
2934 175
2935 149
2936 165
2937 139
2938 154
2939 175
2940 172
2941 132
2942 142
2943 200
2944 175
2945 234
2946 200
2947 154
2948 230
2949 235
2950 183
2951 209
2952 203
2953 150
2954 205
2955 213
2956 175
2957 198
2958 162
2959 148
2960 180
2961 234
2962 156
2963 217
2964 125
2965 216
2966 195
2967 193
2968 210
2969 219
2970 134
2971 129
2972 193
2973 156
2974 197
2975 190
2976 166
2977 175
2978 204
2979 160
2980 220
2981 144
2982 192
2983 163
2984 178
2985 206
2986 169
2987 167
2988 192
2989 147
2990 194
2991 176
2992 143
2993 151
2994 197
2995 224
2996 249
2997 209
2998 123
2999 197
3000 229
3001 170
3002 185
3003 212
3004 185
3005 192
3006 170
3007 186
3008 208
3009 165
3010 127
3011 129
3012 194
3013 179
3014 172
3015 205
3016 251
3017 231
3018 193
3019 190
3020 178
3021 192
3022 196
3023 180
3024 157
3025 208
3026 185
3027 174
3028 163
3029 245
3030 126
3031 207
3032 183
3033 150
3034 202
3035 213
3036 176
3037 148
3038 178
3039 231
3040 136
3041 207
3042 202
3043 125
3044 170
3045 213
3046 181
3047 185
3048 178
3049 157
3050 154
3051 186
3052 138
3053 189
3054 219
3055 214
3056 205
3057 222
3058 228
3059 183
3060 248
3061 205
3062 197
3063 187
3064 206
3065 238
3066 216
3067 138
3068 205
3069 152
3070 114
3071 349
3072 206
3073 178
3074 226
3075 201
3076 215
3077 229
3078 198
3079 237
3080 222
3081 198
3082 248
3083 232
3084 182
3085 204
3086 158
3087 172
3088 219
3089 187
3090 245
3091 134
3092 194
3093 156
3094 201
3095 216
3096 158
3097 182
3098 234
3099 182
3100 165
3101 179
3102 0
3103 265
3104 207
3105 183
3106 173
3107 202
3108 171
3109 227
3110 162
3111 221
3112 194
3113 241
3114 116
3115 185
3116 172
3117 221
3118 146
3119 230
3120 179
3121 214
3122 191
3123 151
3124 168
3125 232
3126 170
3127 140
3128 137
3129 165
3130 165
3131 175
3132 153
3133 185
3134 187
3135 163
3136 225
3137 128
3138 207
3139 186
3140 184
3141 182
3142 206
3143 200
3144 170
3145 213
3146 174
3147 226
3148 189
3149 193
3150 224
3151 192
3152 229
3153 149
3154 119
3155 205
3156 214
3157 149
3158 196
3159 188
3160 253
3161 247
3162 197
3163 158
3164 197
3165 133
3166 180
3167 209
3168 177
3169 130
3170 223
3171 180
3172 219
3173 211
3174 157
3175 218
3176 242
3177 135
3178 120
3179 214
3180 126
3181 205
3182 105
3183 168
3184 205
3185 197
3186 217
3187 189
3188 126
3189 185
3190 212
3191 218
3192 194
3193 189
3194 202
3195 177
3196 141
3197 226
3198 181
3199 164
3200 122
3201 201
3202 155
3203 182
3204 198
3205 258
3206 179
3207 197
3208 0
3209 241
3210 237
3211 187
3212 161
3213 230
3214 181
3215 153
3216 263
3217 140
3218 183
3219 291
3220 155
3221 184
3222 113
3223 190
3224 164
3225 165
3226 161
3227 212
3228 128
3229 179
3230 221
3231 166
3232 155
3233 194
3234 193
3235 227
3236 228
3237 185
3238 129
3239 164
3240 244
3241 197
3242 184
3243 148
3244 183
3245 213
3246 133
3247 205
3248 198
3249 147
3250 213
3251 230
3252 220
3253 212
3254 178
3255 223
3256 130
3257 176
3258 202
3259 156
3260 164
3261 163
3262 255
3263 222
3264 193
3265 133
3266 209
3267 189
3268 205
3269 138
3270 239
3271 193
3272 120
3273 180
3274 115
3275 167
3276 234
3277 298
3278 187
3279 109
3280 267
3281 193
3282 182
3283 185
3284 241
3285 211
3286 141
3287 247
3288 164
3289 201
3290 212
3291 251
3292 177
3293 184
3294 182
3295 245
3296 194
3297 187
3298 180
3299 142
3300 195
3301 140
3302 304
3303 175
3304 263
3305 224
3306 241
3307 193
3308 189
3309 206
3310 106
3311 204
3312 201
3313 245
3314 151
3315 186
3316 196
3317 155
3318 257
3319 214
3320 179
3321 126
3322 209
3323 225
3324 106
3325 237
3326 177
3327 240
3328 120
3329 256
3330 176
3331 170
3332 192
3333 163
3334 180
3335 209
3336 257
3337 264
3338 226
3339 183
3340 236
3341 149
3342 206
3343 158
3344 192
3345 208
3346 166
3347 202
3348 246
3349 195
3350 146
3351 161
3352 178
3353 237
3354 161
3355 194
3356 223
3357 191
3358 81
3359 198
3360 176
3361 185
3362 146
3363 197
3364 169
3365 133
3366 171
3367 205
3368 205
3369 206
3370 192
3371 201
3372 170
3373 209
3374 203
3375 154
3376 222
3377 185
3378 166
3379 168
3380 208
3381 232
3382 181
3383 188
3384 239
3385 223
3386 167
3387 206
3388 262
3389 242
3390 153
3391 133
3392 87
3393 162
3394 223
3395 238
3396 121
3397 203
3398 198
3399 195
3400 201
3401 172
3402 160
3403 222
3404 159
3405 196
3406 245
3407 201
3408 176
3409 196
3410 144
3411 198
3412 199
3413 223
3414 188
3415 183
3416 180
3417 171
3418 277
3419 188
3420 176
3421 160
3422 229
3423 175
3424 182
3425 195
3426 209
3427 117
3428 239
3429 210
3430 212
3431 199
3432 210
3433 254
3434 218
3435 193
3436 184
3437 193
3438 145
3439 231
3440 124
3441 180
3442 166
3443 156
3444 217
3445 99
3446 116
3447 249
3448 202
3449 203
3450 179
3451 162
3452 210
3453 181
3454 247
3455 165
3456 132
3457 247
3458 215
3459 201
3460 187
3461 225
3462 203
3463 227
3464 125
3465 195
3466 169
3467 213
3468 176
3469 232
3470 225
3471 202
3472 206
3473 201
3474 189
3475 189
3476 197
3477 238
3478 152
3479 201
3480 251
3481 192
3482 223
3483 196
3484 192
3485 221
3486 179
3487 168
3488 250
3489 159
3490 173
3491 196
3492 158
3493 201
3494 216
3495 185
3496 192
3497 206
3498 208
3499 119
3500 209
3501 150
3502 205
3503 153
3504 226
3505 147
3506 98
3507 185
3508 203
3509 274
3510 196
3511 255
3512 141
3513 189
3514 219
3515 295
3516 192
3517 236
3518 171
3519 264
3520 0
3521 224
3522 235
3523 248
3524 229
3525 246
3526 203
3527 159
3528 175
3529 180
3530 149
3531 198
3532 189
3533 203
3534 258
3535 196
3536 130
3537 200
3538 210
3539 166
3540 142
3541 212
3542 184
3543 204
3544 186
3545 209
3546 220
3547 164
3548 138
3549 162
3550 207
3551 236
3552 226
3553 223
3554 179
3555 224
3556 215
3557 225
3558 196
3559 243
3560 211
3561 202
3562 241
3563 185
3564 157
3565 173
3566 252
3567 143
3568 102
3569 210
3570 220
3571 152
3572 131
3573 163
3574 179
3575 200
3576 166
3577 189
3578 179
3579 232
3580 233
3581 226
3582 164
3583 185
3584 184
3585 203
3586 169
3587 157
3588 174
3589 249
3590 186
3591 169
3592 238
3593 126
3594 193
3595 177
3596 269
3597 177
3598 206
3599 155
3600 239
3601 243
3602 200
3603 197
3604 174
3605 169
3606 142
3607 168
3608 111
3609 194
3610 219
3611 194
3612 210
3613 219
3614 201
3615 223
3616 201
3617 198
3618 201
3619 247
3620 148
3621 216
3622 163
3623 208
3624 160
3625 156
3626 212
3627 162
3628 182
3629 214
3630 194
3631 211
3632 207
3633 161
3634 164
3635 183
3636 175
3637 194
3638 152
3639 192
3640 163
3641 181
3642 178
3643 137
3644 163
3645 166
3646 144
3647 198
3648 211
3649 224
3650 154
3651 143
3652 198
3653 209
3654 261
3655 163
3656 0
3657 170
3658 201
3659 204
3660 222
3661 221
3662 151
3663 238
3664 156
3665 90
3666 174
3667 178
3668 198
3669 224
3670 214
3671 213
3672 209
3673 149
3674 220
3675 188
3676 244
3677 171
3678 154
3679 219
3680 197
3681 198
3682 193
3683 195
3684 121
3685 190
3686 143
3687 175
3688 182
3689 145
3690 149
3691 125
3692 62
3693 187
3694 223
3695 67
3696 203
3697 205
3698 257
3699 176
3700 227
3701 233
3702 120
3703 187
3704 155
3705 191
3706 236
3707 146
3708 198
3709 227
3710 223
3711 147
3712 183
3713 216
3714 156
3715 175
3716 203
3717 187
3718 200
3719 188
3720 164
3721 190
3722 238
3723 190
3724 0
3725 257
3726 196
3727 179
3728 251
3729 158
3730 167
3731 155
3732 191
3733 247
3734 146
3735 165
3736 188
3737 0
3738 201
3739 177
3740 185
3741 300
3742 242
3743 225
3744 180
3745 193
3746 137
3747 170
3748 223
3749 170
3750 121
3751 203
3752 139
3753 203
3754 168
3755 133
3756 197
3757 193
3758 203
3759 239
3760 135
3761 202
3762 200
3763 111
3764 199
3765 154
3766 226
3767 153
3768 208
3769 252
3770 177
3771 202
3772 217
3773 223
3774 188
3775 122
3776 168
3777 205
3778 164
3779 173
3780 192
3781 248
3782 198
3783 190
3784 226
3785 175
3786 147
3787 173
3788 132
3789 193
3790 190
3791 211
3792 183
3793 172
3794 169
3795 155
3796 212
3797 209
3798 155
3799 177
3800 195
3801 174
3802 228
3803 203
3804 138
3805 202
3806 213
3807 194
3808 199
3809 213
3810 217
3811 143
3812 150
3813 195
3814 183
3815 220
3816 183
3817 175
3818 259
3819 210
3820 179
3821 209
3822 178
3823 180
3824 197
3825 156
3826 240
3827 145
3828 243
3829 225
3830 217
3831 185
3832 151
3833 195
3834 184
3835 174
3836 163
3837 229
3838 223
3839 151
3840 165
3841 203
3842 170
3843 90
3844 183
3845 231
3846 261
3847 144
3848 171
3849 220
3850 224
3851 222
3852 154
3853 170
3854 146
3855 169
3856 187
3857 163
3858 215
3859 189
3860 173
3861 154
3862 183
3863 122
3864 204
3865 282
3866 198
3867 141
3868 225
3869 150
3870 177
3871 166
3872 181
3873 224
3874 245
3875 202
3876 163
3877 195
3878 201
3879 212
3880 196
3881 155
3882 167
3883 245
3884 203
3885 168
3886 154
3887 187
3888 229
3889 170
3890 116
3891 264
3892 173
3893 152
3894 170
3895 202
3896 163
3897 193
3898 200
3899 209
3900 203
3901 243
3902 217
3903 230
3904 235
3905 132
3906 166
3907 212
3908 244
3909 145
3910 228
3911 232
3912 176
3913 237
3914 125
3915 146
3916 158
3917 173
3918 254
3919 160
3920 224
3921 177
3922 238
3923 191
3924 155
3925 142
3926 169
3927 157
3928 207
3929 221
3930 183
3931 180
3932 177
3933 141
3934 175
3935 0
3936 237
3937 238
3938 192
3939 171
3940 259
3941 183
3942 242
3943 202
3944 204
3945 199
3946 176
3947 184
3948 226
3949 162
3950 233
3951 149
3952 192
3953 198
3954 150
3955 212
3956 173
3957 188
3958 174
3959 81
3960 190
3961 180
3962 186
3963 174
3964 127
3965 187
3966 170
3967 179
3968 186
3969 147
3970 109
3971 183
3972 174
3973 145
3974 170
3975 206
3976 176
3977 166
3978 193
3979 246
3980 213
3981 240
3982 184
3983 268
3984 129
3985 193
3986 204
3987 180
3988 204
3989 163
3990 199
3991 204
3992 159
3993 164
3994 273
3995 206
3996 143
3997 296
3998 199
3999 195
4000 175
4001 220
4002 208
4003 205
4004 289
4005 210
4006 206
4007 174
4008 195
4009 199
4010 199
4011 126
4012 220
4013 227
4014 185
4015 167
4016 122
4017 211
4018 212
4019 183
4020 253
4021 122
4022 186
4023 197
4024 172
4025 144
4026 221
4027 183
4028 175
4029 215
4030 214
4031 213
4032 203
4033 168
4034 153
4035 198
4036 180
4037 173
4038 120
4039 169
4040 198
4041 239
4042 176
4043 201
4044 214
4045 178
4046 188
4047 227
4048 163
4049 170
4050 178
4051 209
4052 234
4053 211
4054 232
4055 178
4056 165
4057 179
4058 198
4059 191
4060 185
4061 0
4062 191
4063 282
4064 248
4065 181
4066 141
4067 182
4068 267
4069 207
4070 248
4071 71
4072 156
4073 204
4074 150
4075 117
4076 158
4077 174
4078 163
4079 181
4080 183
4081 167
4082 206
4083 273
4084 186
4085 202
4086 131
4087 140
4088 255
4089 175
4090 164
4091 175
4092 211
4093 210
4094 195
4095 210
4096 171
4097 183
4098 196
4099 176
4100 201
4101 165
4102 199
4103 184
4104 142
4105 203
4106 200
4107 236
4108 200
4109 206
4110 183
4111 158
4112 192
4113 167
4114 279
4115 153
4116 175
4117 175
4118 198
4119 198
4120 238
4121 202
4122 178
4123 237
4124 234
4125 219
4126 162
4127 227
4128 147
4129 219
4130 211
4131 164
4132 230
4133 215
4134 206
4135 175
4136 174
4137 122
4138 223
4139 207
4140 206
4141 232
4142 236
4143 197
4144 104
4145 209
4146 190
4147 210
4148 159
4149 221
4150 208
4151 205
4152 147
4153 196
4154 219
4155 223
4156 0
4157 131
4158 169
4159 187
4160 215
4161 236
4162 252
4163 236
4164 229
4165 267
4166 200
4167 203
4168 219
4169 129
4170 241
4171 84
4172 212
4173 153
4174 154
4175 190
4176 231
4177 129
4178 160
4179 216
4180 156
4181 164
4182 160
4183 275
4184 232
4185 245
4186 214
4187 235
4188 248
4189 178
4190 133
4191 152
4192 215
4193 215
4194 182
4195 216
4196 172
4197 156
4198 161
4199 274
4200 208
4201 172
4202 199
4203 222
4204 191
4205 184
4206 199
4207 172
4208 208
4209 198
4210 204
4211 208
4212 172
4213 245
4214 167
4215 250
4216 161
4217 205
4218 187
4219 195
4220 204
4221 232
4222 224
4223 216
4224 150
4225 197
4226 196
4227 168
4228 214
4229 143
4230 166
4231 167
4232 189
4233 145
4234 155
4235 234
4236 224
4237 241
4238 235
4239 176
4240 180
4241 257
4242 219
4243 152
4244 205
4245 127
4246 198
4247 166
4248 169
4249 240
4250 188
4251 154
4252 168
4253 213
4254 175
4255 165
4256 192
4257 254
4258 222
4259 213
4260 200
4261 190
4262 183
4263 212
4264 168
4265 171
4266 207
4267 249
4268 233
4269 97
4270 140
4271 202
4272 173
4273 106
4274 226
4275 195
4276 203
4277 241
4278 209
4279 177
4280 151
4281 233
4282 226
4283 147
4284 199
4285 195
4286 174
4287 202
4288 230
4289 201
4290 210
4291 200
4292 240
4293 189
4294 160
4295 164
4296 115
4297 191
4298 181
4299 228
4300 130
4301 205
4302 191
4303 192
4304 113
4305 224
4306 240
4307 200
4308 85
4309 228
4310 132
4311 249
4312 207
4313 269
4314 126
4315 186
4316 195
4317 184
4318 180
4319 0
4320 208
4321 192
4322 170
4323 177
4324 146
4325 175
4326 197
4327 321
4328 204
4329 165
4330 218
4331 121
4332 199
4333 142
4334 192
4335 175
4336 203
4337 178
4338 177
4339 192
4340 188
4341 178
4342 140
4343 203
4344 165
4345 222
4346 198
4347 234
4348 194
4349 204
4350 171
4351 230
4352 197
4353 216
4354 227
4355 150
4356 232
4357 170
4358 179
4359 200
4360 185
4361 105
4362 213
4363 199
4364 182
4365 184
4366 167
4367 75
4368 181
4369 227
4370 150
4371 193
4372 171
4373 185
4374 175
4375 188
4376 192
4377 252
4378 195
4379 119
4380 181
4381 176
4382 220
4383 224
4384 155
4385 143
4386 153
4387 193
4388 153
4389 165
4390 160
4391 146
4392 220
4393 192
4394 193
4395 198
4396 176
4397 111
4398 216
4399 151
4400 137
4401 218
4402 213
4403 205
4404 194
4405 173
4406 241
4407 189
4408 172
4409 189
4410 196
4411 189
4412 81
4413 147
4414 207
4415 161
4416 189
4417 237
4418 174
4419 184
4420 140
4421 184
4422 187
4423 193
4424 154
4425 0
4426 234
4427 185
4428 128
4429 222
4430 200
4431 186
4432 285
4433 225
4434 210
4435 275
4436 164
4437 146
4438 161
4439 161
4440 167
4441 258
4442 185
4443 222
4444 212
4445 249
4446 157
4447 175
4448 163
4449 247
4450 118
4451 225
4452 193
4453 196
4454 371
4455 195
4456 166
4457 180
4458 189
4459 168
4460 182
4461 212
4462 183
4463 62
4464 208
4465 224
4466 201
4467 207
4468 212
4469 188
4470 214
4471 192
4472 192
4473 187
4474 203
4475 188
4476 273
4477 250
4478 274
4479 205
4480 203
4481 146
4482 113
4483 234
4484 123
4485 170
4486 259
4487 180
4488 117
4489 233
4490 147
4491 157
4492 133
4493 149
4494 183
4495 189
4496 198
4497 0
4498 194
4499 170
4500 123
4501 231
4502 147
4503 224
4504 166
4505 170
4506 220
4507 198
4508 169
4509 202
4510 162
4511 180
4512 206
4513 152
4514 254
4515 180
4516 307
4517 247
4518 184
4519 199
4520 168
4521 215
4522 216
4523 237
4524 185
4525 224
4526 157
4527 210
4528 209
4529 173
4530 171
4531 200
4532 149
4533 209
4534 237
4535 196
4536 211
4537 232
4538 164
4539 171
4540 205
4541 170
4542 166
4543 186
4544 139
4545 151
4546 206
4547 222
4548 176
4549 173
4550 127
4551 226
4552 207
4553 173
4554 226
4555 170
4556 185
4557 162
4558 117
4559 203
4560 212
4561 206
4562 243
4563 81
4564 178
4565 206
4566 171
4567 195
4568 202
4569 198
4570 147
4571 161
4572 181
4573 204
4574 208
4575 204
4576 174
4577 153
4578 202
4579 177
4580 166
4581 199
4582 188
4583 216
4584 228
4585 207
4586 169
4587 119
4588 204
4589 155
4590 181
4591 182
4592 161
4593 187
4594 204
4595 188
4596 176
4597 265
4598 205
4599 170
4600 198
4601 149
4602 216
4603 246
4604 179
4605 216
4606 163
4607 210
4608 219
4609 85
4610 176
4611 187
4612 241
4613 195
4614 165
4615 149
4616 131
4617 157
4618 212
4619 269
4620 187
4621 172
4622 173
4623 231
4624 152
4625 213
4626 185
4627 183
4628 162
4629 196
4630 159
4631 175
4632 162
4633 221
4634 180
4635 194
4636 253
4637 201
4638 221
4639 195
4640 166
4641 178
4642 149
4643 193
4644 182
4645 206
4646 119
4647 247
4648 165
4649 92
4650 148
4651 236
4652 249
4653 169
4654 203
4655 252
4656 129
4657 204
4658 204
4659 201
4660 182
4661 214
4662 172
4663 202
4664 181
4665 208
4666 232
4667 190
4668 223
4669 159
4670 207
4671 209
4672 203
4673 192
4674 194
4675 162
4676 186
4677 187
4678 269
4679 253
4680 184
4681 178
4682 156
4683 209
4684 154
4685 189
4686 173
4687 165
4688 0
4689 224
4690 318
4691 200
4692 168
4693 199
4694 146
4695 175
4696 168
4697 198
4698 128
4699 0
4700 281
4701 249
4702 118
4703 119
4704 242
4705 195
4706 196
4707 211
4708 173
4709 166
4710 226
4711 229
4712 185
4713 164
4714 188
4715 144
4716 177
4717 231
4718 162
4719 255
4720 171
4721 239
4722 210
4723 233
4724 150
4725 180
4726 218
4727 191
4728 173
4729 194
4730 181
4731 177
4732 187
4733 238
4734 142
4735 159
4736 239
4737 226
4738 219
4739 136
4740 206
4741 225
4742 179
4743 206
4744 265
4745 273
4746 179
4747 163
4748 173
4749 182
4750 184
4751 144
4752 157
4753 0
4754 193
4755 175
4756 273
4757 238
4758 306
4759 205
4760 233
4761 216
4762 247
4763 78
4764 164
4765 280
4766 246
4767 151
4768 169
4769 183
4770 218
4771 252
4772 0
4773 194
4774 215
4775 198
4776 158
4777 225
4778 217
4779 209
4780 211
4781 186
4782 212
4783 210
4784 204
4785 271
4786 155
4787 189
4788 298
4789 185
4790 213
4791 224
4792 191
4793 210
4794 200
4795 173
4796 210
4797 169
4798 219
4799 190
4800 173
4801 138
4802 182
4803 228
4804 202
4805 198
4806 216
4807 191
4808 134
4809 191
4810 200
4811 191
4812 129
4813 179
4814 172
4815 183
4816 179
4817 228
4818 240
4819 234
4820 215
4821 208
4822 156
4823 187
4824 155
4825 351
4826 212
4827 157
4828 220
4829 202
4830 135
4831 190
4832 216
4833 224
4834 141
4835 272
4836 250
4837 127
4838 206
4839 233
4840 221
4841 204
4842 257
4843 183
4844 163
4845 200
4846 180
4847 238
4848 201
4849 134
4850 176
4851 140
4852 159
4853 206
4854 203
4855 195
4856 205
4857 174
4858 205
4859 204
4860 217
4861 184
4862 201
4863 182
4864 170
4865 220
4866 129
4867 168
4868 108
4869 253
4870 181
4871 154
4872 165
4873 190
4874 158
4875 193
4876 204
4877 154
4878 224
4879 227
4880 200
4881 196
4882 189
4883 182
4884 166
4885 172
4886 180
4887 139
4888 209
4889 270
4890 132
4891 163
4892 189
4893 207
4894 123
4895 200
4896 199
4897 128
4898 234
4899 161
4900 189
4901 207
4902 162
4903 170
4904 149
4905 198
4906 218
4907 182
4908 172
4909 207
4910 214
4911 200
4912 182
4913 184
4914 207
4915 128
4916 271
4917 205
4918 207
4919 183
4920 147
4921 253
4922 221
4923 232
4924 246
4925 190
4926 168
4927 171
4928 108
4929 173
4930 162
4931 127
4932 198
4933 130
4934 226
4935 168
4936 235
4937 196
4938 150
4939 150
4940 184
4941 211
4942 180
4943 199
4944 0
4945 193
4946 259
4947 208
4948 190
4949 151
4950 130
4951 127
4952 232
4953 151
4954 199
4955 184
4956 209
4957 163
4958 287
4959 222
4960 151
4961 187
4962 144
4963 173
4964 187
4965 213
4966 179
4967 189
4968 198
4969 199
4970 219
4971 207
4972 240
4973 199
4974 192
4975 225
4976 149
4977 231
4978 239
4979 67
4980 215
4981 157
4982 204
4983 172
4984 154
4985 196
4986 220
4987 169
4988 159
4989 231
4990 191
4991 204
4992 126
4993 204
4994 216
4995 328
4996 237
4997 244
4998 134
4999 196
5000 177
5001 165
5002 227
5003 192
5004 191
5005 214
5006 193
5007 196
5008 203
5009 146
5010 215
5011 194
5012 205
5013 187
5014 150
5015 180
5016 181
5017 183
5018 178
5019 251
5020 246
5021 201
5022 166
5023 191
5024 181
5025 186
5026 182
5027 205
5028 148
5029 212
5030 187
5031 189
5032 223
5033 107
5034 160
5035 219
5036 224
5037 195
5038 177
5039 190
5040 303
5041 134
5042 230
5043 181
5044 150
5045 168
5046 214
5047 190
5048 178
5049 164
5050 264
5051 131
5052 135
5053 162
5054 218
5055 162
5056 208
5057 188
5058 131
5059 211
5060 209
5061 210
5062 187
5063 250
5064 204
5065 226
5066 217
5067 127
5068 198
5069 162
5070 197
5071 114
5072 154
5073 181
5074 174
5075 193
5076 134
5077 156
5078 179
5079 203
5080 238
5081 204
5082 265
5083 218
5084 179
5085 157
5086 197
5087 266
5088 198
5089 265
5090 121
5091 175
5092 164
5093 194
5094 182
5095 163
5096 296
5097 120
5098 160
5099 186
5100 172
5101 263
5102 202
5103 198
5104 168
5105 270
5106 218
5107 0
5108 213
5109 180
5110 195
5111 179
5112 238
5113 177
5114 180
5115 84
5116 250
5117 198
5118 192
5119 213
5120 177
5121 218
5122 204
5123 182
5124 167
5125 175
5126 162
5127 202
5128 230
5129 258
5130 168
5131 212
5132 358
5133 228
5134 194
5135 242
5136 160
5137 152
5138 239
5139 141
5140 147
5141 198
5142 230
5143 194
5144 212
5145 157
5146 241
5147 248
5148 213
5149 183
5150 182
5151 249
5152 201
5153 225
5154 183
5155 149
5156 176
5157 192
5158 192
5159 184
5160 228
5161 190
5162 183
5163 169
5164 250
5165 169
5166 216
5167 186
5168 199
5169 15
5170 306
5171 145
5172 207
5173 240
5174 177
5175 157
5176 169
5177 127
5178 213
5179 218
5180 206
5181 149
5182 220
5183 225
5184 207
5185 231
5186 179
5187 229
5188 209
5189 235
5190 171
5191 213
5192 186
5193 166
5194 110
5195 199
5196 129
5197 175
5198 213
5199 173
5200 134
5201 120
5202 291
5203 205
5204 197
5205 200
5206 215
5207 112
5208 222
5209 207
5210 173
5211 188
5212 213
5213 192
5214 167
5215 146
5216 214
5217 233
5218 191
5219 200
5220 231
5221 184
5222 195
5223 177
5224 159
5225 182
5226 221
5227 221
5228 148
5229 262
5230 223
5231 241
5232 212
5233 162
5234 69
5235 201
5236 173
5237 217
5238 204
5239 185
5240 197
5241 162
5242 152
5243 206
5244 127
5245 161
5246 222
5247 0
5248 214
5249 196
5250 183
5251 162
5252 240
5253 223
5254 319
5255 238
5256 172
5257 208
5258 196
5259 170
5260 240
5261 196
5262 173
5263 203
5264 239
5265 220
5266 161
5267 210
5268 183
5269 72
5270 223
5271 177
5272 179
5273 277
5274 191
5275 151
5276 177
5277 217
5278 210
5279 210
5280 235
5281 235
5282 176
5283 181
5284 192
5285 144
5286 195
5287 173
5288 174
5289 151
5290 216
5291 160
5292 210
5293 156
5294 198
5295 209
5296 252
5297 237
5298 199
5299 225
5300 131
5301 190
5302 170
5303 152
5304 275
5305 220
5306 164
5307 177
5308 222
5309 146
5310 215
5311 192
5312 215
5313 163
5314 212
5315 196
5316 181
5317 128
5318 184
5319 175
5320 232
5321 172
5322 180
5323 159
5324 193
5325 210
5326 188
5327 233
5328 163
5329 157
5330 245
5331 241
5332 218
5333 205
5334 225
5335 250
5336 0
5337 178
5338 189
5339 152
5340 240
5341 264
5342 182
5343 206
5344 181
5345 219
5346 224
5347 173
5348 170
5349 178
5350 159
5351 181
5352 220
5353 195
5354 160
5355 168
5356 196
5357 206
5358 217
5359 185
5360 219
5361 237
5362 291
5363 59
5364 198
5365 275
5366 138
5367 152
5368 258
5369 190
5370 196
5371 199
5372 235
5373 160
5374 152
5375 200
5376 181
5377 150
5378 232
5379 242
5380 224
5381 244
5382 208
5383 163
5384 221
5385 192
5386 208
5387 142
5388 163
5389 196
5390 212
5391 161
5392 193
5393 186
5394 266
5395 155
5396 181
5397 175
5398 223
5399 171
5400 156
5401 235
5402 203
5403 168
5404 195
5405 216
5406 207
5407 128
5408 133
5409 212
5410 161
5411 186
5412 210
5413 131
5414 200
5415 198
5416 139
5417 249
5418 210
5419 178
5420 201
5421 174
5422 194
5423 218
5424 207
5425 202
5426 235
5427 131
5428 186
5429 201
5430 214
5431 176
5432 104
5433 180
5434 204
5435 167
5436 89
5437 152
5438 89
5439 168
5440 183
5441 240
5442 136
5443 168
5444 188
5445 150
5446 171
5447 145
5448 205
5449 213
5450 203
5451 209
5452 221
5453 205
5454 164
5455 186
5456 94
5457 221
5458 235
5459 156
5460 178
5461 172
5462 125
5463 232
5464 226
5465 203
5466 189
5467 193
5468 201
5469 199
5470 151
5471 147
5472 202
5473 226
5474 137
5475 161
5476 255
5477 213
5478 175
5479 197
5480 109
5481 177
5482 142
5483 230
5484 168
5485 201
5486 214
5487 184
5488 160
5489 220
5490 254
5491 176
5492 201
5493 197
5494 207
5495 197
5496 151
5497 221
5498 218
5499 176
5500 194
5501 230
5502 216
5503 120
5504 168
5505 159
5506 207
5507 208
5508 148
5509 178
5510 89
5511 170
5512 110
5513 207
5514 192
5515 234
5516 152
5517 177
5518 192
5519 154
5520 143
5521 226
5522 210
5523 177
5524 139
5525 134
5526 170
5527 171
5528 209
5529 206
5530 139
5531 177
5532 237
5533 189
5534 199
5535 169
5536 228
5537 195
5538 144
5539 209
5540 179
5541 171
5542 135
5543 220
5544 218
5545 267
5546 193
5547 253
5548 174
5549 138
5550 165
5551 255
5552 193
5553 223
5554 193
5555 254
5556 217
5557 156
5558 241
5559 172
5560 168
5561 174
5562 187
5563 173
5564 190
5565 172
5566 224
5567 187
5568 215
5569 206
5570 157
5571 175
5572 206
5573 183
5574 157
5575 193
5576 159
5577 230
5578 135
5579 185
5580 197
5581 165
5582 188
5583 141
5584 265
5585 202
5586 183
5587 264
5588 150
5589 176
5590 222
5591 192
5592 174
5593 207
5594 209
5595 191
5596 180
5597 167
5598 173
5599 196
5600 239
5601 161
5602 235
5603 202
5604 160
5605 196
5606 170
5607 202
5608 209
5609 156
5610 132
5611 192
5612 169
5613 170
5614 179
5615 222
5616 159
5617 239
5618 150
5619 172
5620 124
5621 161
5622 142
5623 189
5624 194
5625 158
5626 198
5627 211
5628 147
5629 236
5630 121
5631 259
5632 168
5633 138
5634 179
5635 0
5636 153
5637 222
5638 212
5639 237
5640 114
5641 232
5642 204
5643 212
5644 166
5645 166
5646 233
5647 188
5648 181
5649 180
5650 0
5651 202
5652 166
5653 226
5654 181
5655 265
5656 171
5657 240
5658 245
5659 210
5660 225
5661 214
5662 134
5663 288
5664 143
5665 179
5666 169
5667 177
5668 161
5669 63
5670 179
5671 177
5672 125
5673 204
5674 139
5675 198
5676 173
5677 173
5678 265
5679 214
5680 183
5681 184
5682 198
5683 209
5684 172
5685 216
5686 170
5687 170
5688 210
5689 169
5690 187
5691 148
5692 187
5693 165
5694 245
5695 167
5696 176
5697 185
5698 197
5699 173
5700 200
5701 220
5702 203
5703 127
5704 177
5705 205
5706 173
5707 182
5708 176
5709 234
5710 214
5711 158
5712 207
5713 226
5714 171
5715 113
5716 213
5717 214
5718 194
5719 249
5720 130
5721 185
5722 177
5723 175
5724 228
5725 217
5726 175
5727 198
5728 202
5729 264
5730 161
5731 234
5732 169
5733 154
5734 193
5735 106
5736 184
5737 229
5738 129
5739 127
5740 150
5741 188
5742 178
5743 140
5744 264
5745 158
5746 206
5747 183
5748 126
5749 196
5750 164
5751 251
5752 246
5753 0
5754 199
5755 167
5756 246
5757 184
5758 157
5759 187
5760 108
5761 178
5762 174
5763 107
5764 158
5765 193
5766 149
5767 183
5768 181
5769 224
5770 156
5771 185
5772 186
5773 117
5774 213
5775 196
5776 235
5777 173
5778 228
5779 123
5780 184
5781 192
5782 194
5783 237
5784 104
5785 175
5786 180
5787 210
5788 183
5789 213
5790 238
5791 160
5792 216
5793 162
5794 206
5795 181
5796 198
5797 154
5798 137
5799 178
5800 171
5801 99
5802 178
5803 193
5804 223
5805 180
5806 169
5807 198
5808 214
5809 0
5810 187
5811 261
5812 223
5813 161
5814 197
5815 196
5816 174
5817 196
5818 160
5819 248
5820 221
5821 162
5822 150
5823 241
5824 146
5825 221
5826 189
5827 204
5828 118
5829 150
5830 192
5831 243
5832 234
5833 148
5834 236
5835 159
5836 187
5837 194
5838 159
5839 148
5840 183
5841 173
5842 177
5843 283
5844 192
5845 143
5846 220
5847 165
5848 235
5849 185
5850 250
5851 111
5852 167
5853 134
5854 234
5855 227
5856 217
5857 138
5858 179
5859 156
5860 164
5861 119
5862 180
5863 204
5864 215
5865 181
5866 296
5867 148
5868 208
5869 226
5870 166
5871 173
5872 255
5873 244
5874 164
5875 162
5876 178
5877 194
5878 174
5879 242
5880 179
5881 186
5882 166
5883 212
5884 261
5885 184
5886 217
5887 150
5888 230
5889 206
5890 183
5891 164
5892 186
5893 201
5894 196
5895 197
5896 152
5897 239
5898 100
5899 219
5900 209
5901 173
5902 241
5903 123
5904 209
5905 232
5906 190
5907 0
5908 201
5909 193
5910 206
5911 206
5912 213
5913 208
5914 188
5915 170
5916 183
5917 204
5918 191
5919 259
5920 279
5921 219
5922 191
5923 184
5924 128
5925 173
5926 203
5927 177
5928 204
5929 134
5930 249
5931 172
5932 190
5933 186
5934 130
5935 211
5936 118
5937 187
5938 212
5939 131
5940 141
5941 197
5942 237
5943 197
5944 206
5945 171
5946 193
5947 209
5948 261
5949 211
5950 212
5951 109
5952 213
5953 210
5954 217
5955 175
5956 169
5957 197
5958 252
5959 166
5960 166
5961 252
5962 205
5963 251
5964 136
5965 175
5966 201
5967 223
5968 164
5969 196
5970 187
5971 170
5972 220
5973 203
5974 202
5975 152
5976 218
5977 192
5978 238
5979 130
5980 183
5981 168
5982 159
5983 253
5984 188
5985 182
5986 272
5987 202
5988 145
5989 195
5990 279
5991 248
5992 182
5993 239
5994 210
5995 204
5996 111
5997 171
5998 198
5999 176
6000 207
6001 196
6002 235
6003 197
6004 216
6005 127
6006 216
6007 160
6008 220
6009 215
6010 199
6011 165
6012 269
6013 155
6014 213
6015 249
6016 127
6017 195
6018 202
6019 215
6020 160
6021 248
6022 179
6023 198
6024 128
6025 184
6026 169
6027 129
6028 197
6029 163
6030 207
6031 214
6032 0
6033 173
6034 144
6035 204
6036 120
6037 232
6038 186
6039 184
6040 232
6041 243
6042 190
6043 137
6044 219
6045 209
6046 211
6047 155
6048 337
6049 105
6050 215
6051 166
6052 247
6053 130
6054 196
6055 170
6056 171
6057 197
6058 151
6059 188
6060 227
6061 135
6062 135
6063 169
6064 133
6065 151
6066 217
6067 137
6068 200
6069 129
6070 207
6071 118
6072 184
6073 180
6074 172
6075 267
6076 154
6077 125
6078 171
6079 104
6080 200
6081 240
6082 263
6083 221
6084 165
6085 197
6086 172
6087 184
6088 95
6089 171
6090 159
6091 181
6092 189
6093 153
6094 150
6095 205
6096 219
6097 199
6098 184
6099 185
6100 184
6101 185
6102 0
6103 218
6104 152
6105 232
6106 149
6107 464
6108 215
6109 177
6110 193
6111 156
6112 148
6113 185
6114 192
6115 170
6116 155
6117 196
6118 157
6119 202
6120 230
6121 162
6122 187
6123 119
6124 198
6125 194
6126 200
6127 198
6128 166
6129 171
6130 264
6131 197
6132 158
6133 197
6134 176
6135 169
6136 217
6137 199
6138 133
6139 208
6140 280
6141 139
6142 202
6143 207
6144 203
6145 162
6146 197
6147 165
6148 171
6149 136
6150 205
6151 211
6152 234
6153 207
6154 216
6155 213
6156 228
6157 238
6158 190
6159 181
6160 208
6161 206
6162 218
6163 271
6164 228
6165 230
6166 185
6167 222
6168 193
6169 187
6170 197
6171 127
6172 213
6173 253
6174 170
6175 273
6176 214
6177 193
6178 184
6179 143
6180 147
6181 197
6182 192
6183 193
6184 158
6185 201
6186 197
6187 189
6188 180
6189 214
6190 186
6191 213
6192 184
6193 156
6194 278
6195 239
6196 208
6197 176
6198 182
6199 190
