Vertices: 9700
Edges: 48500
Time: 3,033 ms
Iterations: 48134
Vertex Distance
0 0
1 232
2 242
3 239
4 186
5 180
6 201
7 186
8 210
9 254
10 200
11 210
12 234
13 220
14 189
15 164
16 196
17 202
18 181
19 245
20 207
21 195
22 236
23 130
24 218
25 185
26 202
27 244
28 191
29 201
30 183
31 222
32 140
33 196
34 275
35 217
36 198
37 185
38 196
39 331
40 215
41 213
42 204
43 184
44 244
45 249
46 223
47 181
48 176
49 242
50 162
51 203
52 125
53 225
54 176
55 198
56 215
57 77
58 133
59 94
60 270
61 189
62 188
63 174
64 219
65 108
66 237
67 0
68 219
69 234
70 197
71 204
72 189
73 210
74 162
75 229
76 216
77 129
78 170
79 195
80 235
81 216
82 206
83 175
84 195
85 211
86 248
87 218
88 233
89 207
90 262
91 158
92 171
93 177
94 188
95 195
96 234
97 159
98 171
99 135
100 207
101 177
102 258
103 154
104 154
105 199
106 92
107 174
108 239
109 80
110 180
111 208
112 199
113 113
114 197
115 195
116 224
117 208
118 219
119 157
120 131
121 232
122 205
123 179
124 191
125 214
126 208
127 86
128 193
129 185
130 184
131 229
132 179
133 257
134 217
135 182
136 218
137 209
138 239
139 177
140 179
141 196
142 184
143 170
144 140
145 259
146 217
147 241
148 243
149 214
150 182
151 194
152 230
153 204
154 211
155 175
156 125
157 210
158 195
159 253
160 239
161 191
162 228
163 203
164 0
165 181
166 221
167 201
168 186
169 107
170 194
171 189
172 172
173 186
174 194
175 218
176 181
177 184
178 204
179 188
180 201
181 100
182 172
183 180
184 190
185 228
186 175
187 213
188 209
189 194
190 210
191 182
192 127
193 137
194 189
195 218
196 216
197 194
198 215
199 182
200 204
201 176
202 251
203 241
204 157
205 164
206 254
207 94
208 185
209 190
210 187
211 205
212 252
213 168
214 172
215 191
216 177
217 169
218 207
219 178
220 187
221 207
222 220
223 211
224 201
225 212
226 218
227 187
228 202
229 218
230 182
231 199
232 205
233 182
234 156
235 260
236 229
237 156
238 211
239 208
240 281
241 242
242 156
243 185
244 249
245 188
246 232
247 191
248 223
249 181
250 173
251 234
252 134
253 209
254 142
255 129
256 173
257 206
258 178
259 182
260 214
261 258
262 156
263 166
264 187
265 251
266 186
267 147
268 190
269 237
270 234
271 170
272 205
273 236
274 219
275 280
276 213
277 263
278 266
279 152
280 232
281 192
282 187
283 182
284 206
285 49
286 227
287 176
288 164
289 210
290 173
291 205
292 113
293 238
294 192
295 138
296 201
297 183
298 239
299 209
300 157
301 210
302 223
303 174
304 281
305 241
306 251
307 155
308 251
309 220
310 192
311 234
312 168
313 195
314 227
315 238
316 216
317 179
318 219
319 199
320 129
321 183
322 176
323 178
324 181
325 234
326 147
327 158
328 161
329 181
330 218
331 191
332 215
333 174
334 293
335 236
336 213
337 166
338 188
339 179
340 234
341 179
342 0
343 192
344 135
345 140
346 172
347 110
348 167
349 275
350 123
351 169
352 186
353 238
354 248
355 239
356 190
357 196
358 206
359 250
360 177
361 159
362 213
363 135
364 199
365 194
366 184
367 266
368 181
369 194
370 198
371 237
372 213
373 193
374 275
375 188
376 182
377 221
378 200
379 191
380 286
381 224
382 264
383 179
384 225
385 234
386 182
387 179
388 238
389 135
390 143
391 169
392 254
393 194
394 163
395 171
396 139
397 224
398 169
399 254
400 209
401 163
402 169
403 198
404 233
405 289
406 199
407 183
408 135
409 182
410 170
411 223
412 235
413 205
414 224
415 214
416 153
417 207
418 188
419 185
420 182
421 188
422 188
423 229
424 231
425 113
426 200
427 204
428 212
429 147
430 198
431 237
432 206
433 162
434 215
435 206
436 219
437 209
438 268
439 197
440 158
441 195
442 190
443 253
444 169
445 196
446 191
447 202
448 203
449 223
450 187
451 181
452 224
453 215
454 154
455 281
456 235
457 194
458 204
459 139
460 249
461 173
462 198
463 198
464 191
465 157
466 222
467 168
468 166
469 202
470 193
471 212
472 199
473 181
474 190
475 183
476 173
477 251
478 173
479 171
480 181
481 178
482 250
483 192
484 199
485 186
486 180
487 161
488 195
489 206
490 220
491 169
492 212
493 180
494 197
495 211
496 196
497 118
498 166
499 208
500 251
501 226
502 192
503 210
504 215
505 233
506 176
507 179
508 274
509 260
510 204
511 196
512 269
513 201
514 165
515 220
516 202
517 194
518 196
519 202
520 179
521 193
522 175
523 165
524 277
525 0
526 179
527 218
528 215
529 166
530 140
531 206
532 160
533 163
534 173
535 181
536 225
537 213
538 200
539 211
540 110
541 198
542 223
543 219
544 210
545 270
546 0
547 205
548 179
549 238
550 194
551 230
552 182
553 249
554 179
555 201
556 184
557 212
558 205
559 207
560 133
561 181
562 216
563 181
564 205
565 185
566 195
567 161
568 136
569 132
570 209
571 166
572 134
573 219
574 208
575 295
576 198
577 169
578 168
579 274
580 150
581 225
582 211
583 246
584 195
585 322
586 143
587 206
588 224
589 231
590 166
591 235
592 192
593 153
594 253
595 230
596 199
597 221
598 196
599 181
600 198
601 194
602 207
603 289
604 267
605 239
606 188
607 201
608 187
609 215
610 160
611 171
612 227
613 222
614 217
615 185
616 236
617 192
618 203
619 188
620 186
621 165
622 202
623 182
624 237
625 210
626 221
627 180
628 240
629 219
630 159
631 105
632 201
633 220
634 170
635 218
636 184
637 302
638 203
639 194
640 257
641 223
642 168
643 188
644 306
645 162
646 185
647 144
648 181
649 229
650 210
651 245
652 209
653 146
654 209
655 178
656 225
657 209
658 230
659 183
660 103
661 213
662 197
663 200
664 181
665 191
666 177
667 181
668 160
669 227
670 190
671 206
672 213
673 167
674 226
675 186
676 216
677 197
678 217
679 237
680 229
681 185
682 168
683 180
684 201
685 214
686 322
687 173
688 189
689 215
690 201
691 196
692 0
693 203
694 184
695 286
696 197
697 153
698 146
699 212
700 169
701 151
702 165
703 209
704 193
705 189
706 201
707 145
708 232
709 240
710 176
711 195
712 188
713 189
714 283
715 211
716 131
717 149
718 135
719 221
720 164
721 241
722 214
723 197
724 156
725 246
726 202
727 237
728 177
729 149
730 221
731 207
732 153
733 202
734 233
735 164
736 146
737 121
738 235
739 202
740 240
741 187
742 227
743 213
744 212
745 154
746 157
747 183
748 182
749 186
750 188
751 202
752 162
753 251
754 185
755 220
756 217
757 152
758 224
759 186
760 161
761 174
762 211
763 209
764 199
765 193
766 161
767 143
768 240
769 203
770 223
771 209
772 180
773 230
774 145
775 237
776 233
777 186
778 209
779 204
780 230
781 180
782 221
783 205
784 190
785 271
786 237
787 227
788 179
789 286
790 227
791 184
792 197
793 120
794 192
795 269
796 216
797 208
798 211
799 138
800 205
801 197
802 185
803 170
804 188
805 96
806 271
807 117
808 230
809 185
810 166
811 241
812 239
813 197
814 137
815 214
816 208
817 213
818 179
819 171
820 191
821 218
822 200
823 251
824 87
825 248
826 199
827 197
828 169
829 181
830 203
831 191
832 153
833 199
834 150
835 214
836 187
837 170
838 192
839 183
840 185
841 188
842 208
843 204
844 124
845 233
846 170
847 185
848 191
849 262
850 253
851 197
852 196
853 191
854 203
855 264
856 218
857 206
858 157
859 203
860 202
861 226
862 153
863 219
864 218
865 177
866 210
867 176
868 165
869 159
870 178
871 223
872 247
873 199
874 181
875 191
876 217
877 218
878 227
879 278
880 192
881 204
882 171
883 218
884 191
885 225
886 202
887 197
888 270
889 159
890 197
891 175
892 195
893 186
894 170
895 320
896 241
897 172
898 215
899 214
900 217
901 203
902 209
903 173
904 214
905 209
906 210
907 232
908 207
909 173
910 182
911 188
912 232
913 206
914 175
915 244
916 233
917 213
918 163
919 192
920 239
921 145
922 167
923 164
924 281
925 208
926 287
927 215
928 142
929 199
930 166
931 211
932 192
933 184
934 239
935 198
936 249
937 152
938 200
939 148
940 219
941 187
942 108
943 198
944 199
945 152
946 162
947 190
948 217
949 172
950 169
951 208
952 221
953 202
954 204
955 203
956 228
957 159
958 200
959 138
960 195
961 221
962 182
963 195
964 180
965 121
966 175
967 201
968 157
969 183
970 230
971 155
972 253
973 186
974 135
975 170
976 166
977 220
978 126
979 264
980 227
981 193
982 228
983 186
984 214
985 236
986 159
987 206
988 161
989 211
990 226
991 232
992 163
993 186
994 183
995 177
996 245
997 204
998 196
999 140
1000 208
1001 84
1002 160
1003 224
1004 178
1005 209
1006 224
1007 141
1008 190
1009 225
1010 174
1011 202
1012 172
1013 222
1014 184
1015 161
1016 184
1017 136
1018 196
1019 291
1020 209
1021 223
1022 108
1023 250
1024 160
1025 191
1026 163
1027 163
1028 192
1029 210
1030 149
1031 217
1032 206
1033 167
1034 260
1035 179
1036 203
1037 205
1038 202
1039 191
1040 162
1041 207
1042 204
1043 184
1044 228
1045 214
1046 185
1047 199
1048 223
1049 195
1050 187
1051 227
1052 181
1053 155
1054 274
1055 193
1056 186
1057 189
1058 256
1059 222
1060 205
1061 195
1062 233
1063 205
1064 238
1065 210
1066 235
1067 260
1068 219
1069 183
1070 229
1071 175
1072 178
1073 194
1074 226
1075 175
1076 136
1077 194
1078 233
1079 269
1080 190
1081 174
1082 181
1083 257
1084 184
1085 201
1086 217
1087 174
1088 162
1089 191
1090 204
1091 218
1092 214
1093 173
1094 200
1095 210
1096 114
1097 177
1098 205
1099 219
1100 206
1101 227
1102 203
1103 185
1104 231
1105 187
1106 187
1107 201
1108 217
1109 194
1110 251
1111 0
1112 245
1113 169
1114 173
1115 213
1116 198
1117 183
1118 169
1119 243
1120 219
1121 182
1122 159
1123 178
1124 263
1125 213
1126 176
1127 145
1128 227
1129 173
1130 152
1131 160
1132 195
1133 205
1134 185
1135 235
1136 180
1137 243
1138 191
1139 244
1140 224
1141 200
1142 176
1143 161
1144 157
1145 171
1146 224
1147 203
1148 153
1149 150
1150 237
1151 203
1152 126
1153 174
1154 234
1155 213
1156 219
1157 279
1158 213
1159 300
1160 208
1161 211
1162 179
1163 197
1164 193
1165 116
1166 185
1167 253
1168 226
1169 217
1170 215
1171 192
1172 196
1173 113
1174 254
1175 189
1176 194
1177 207
1178 149
1179 189
1180 211
1181 200
1182 206
1183 143
1184 161
1185 142
1186 220
1187 190
1188 188
1189 183
1190 195
1191 212
1192 191
1193 196
1194 228
1195 192
1196 213
1197 188
1198 198
1199 186
1200 205
1201 233
1202 179
1203 173
1204 241
1205 181
1206 235
1207 191
1208 207
1209 193
1210 190
1211 190
1212 152
1213 202
1214 171
1215 241
1216 131
1217 194
1218 253
1219 224
1220 201
1221 274
1222 174
1223 173
1224 181
1225 211
1226 184
1227 174
1228 221
1229 198
1230 207
1231 226
1232 175
1233 203
1234 219
1235 212
1236 267
1237 226
1238 208
1239 199
1240 193
1241 211
1242 197
1243 180
1244 212
1245 205
1246 187
1247 194
1248 205
1249 180
1250 177
1251 175
1252 211
1253 178
1254 164
1255 215
1256 179
1257 177
1258 237
1259 200
1260 267
1261 261
1262 284
1263 204
1264 98
1265 203
1266 214
1267 186
1268 181
1269 161
1270 130
1271 151
1272 154
1273 182
1274 176
1275 177
1276 228
1277 228
1278 195
1279 228
1280 179
1281 223
1282 210
1283 0
1284 222
1285 202
1286 224
1287 202
1288 215
1289 163
1290 190
1291 179
1292 199
1293 166
1294 147
1295 236
1296 163
1297 196
1298 116
1299 180
1300 163
1301 195
1302 143
1303 227
1304 241
1305 178
1306 219
1307 213
1308 170
1309 168
1310 161
1311 193
1312 179
1313 247
1314 195
1315 176
1316 225
1317 199
1318 142
1319 182
1320 225
1321 179
1322 219
1323 277
1324 195
1325 224
1326 311
1327 214
1328 140
1329 113
1330 210
1331 197
1332 178
1333 211
1334 208
1335 214
1336 184
1337 165
1338 171
1339 182
1340 145
1341 212
1342 248
1343 201
1344 210
1345 167
1346 246
1347 204
1348 0
1349 210
1350 158
1351 158
1352 234
1353 146
1354 145
1355 206
1356 258
1357 195
1358 227
1359 190
1360 243
1361 184
1362 142
1363 212
1364 223
1365 238
1366 148
1367 133
1368 158
1369 179
1370 277
1371 208
1372 212
1373 196
1374 233
1375 180
1376 192
1377 235
1378 252
1379 226
1380 197
1381 147
1382 228
1383 160
1384 208
1385 222
1386 201
1387 89
1388 200
1389 242
1390 183
1391 118
1392 215
1393 205
1394 178
1395 187
1396 171
1397 209
1398 191
1399 211
1400 204
1401 229
1402 169
1403 237
1404 176
1405 0
1406 254
1407 265
1408 152
1409 195
1410 227
1411 228
1412 191
1413 196
1414 149
1415 151
1416 210
1417 158
1418 212
1419 201
1420 226
1421 168
1422 214
1423 168
1424 174
1425 136
1426 189
1427 152
1428 240
1429 129
1430 190
1431 222
1432 189
1433 195
1434 168
1435 230
1436 135
1437 122
1438 295
1439 159
1440 168
1441 184
1442 222
1443 229
1444 221
1445 181
1446 181
1447 157
1448 187
1449 187
1450 172
1451 133
1452 149
1453 179
1454 201
1455 174
1456 208
1457 200
1458 224
1459 251
1460 209
1461 151
1462 189
1463 284
1464 201
1465 183
1466 174
1467 175
1468 215
1469 150
1470 303
1471 158
1472 213
1473 187
1474 184
1475 215
1476 204
1477 171
1478 203
1479 191
1480 245
1481 234
1482 143
1483 218
1484 171
1485 226
1486 186
1487 241
1488 192
1489 223
1490 167
1491 165
1492 196
1493 218
1494 178
1495 206
1496 202
1497 241
1498 163
1499 136
1500 158
1501 157
1502 214
1503 197
1504 264
1505 216
1506 133
1507 252
1508 236
1509 246
1510 238
1511 224
1512 220
1513 211
1514 205
1515 260
1516 185
1517 248
1518 83
1519 185
1520 296
1521 157
1522 246
1523 147
1524 192
1525 216
1526 208
1527 222
1528 216
1529 213
1530 186
1531 254
1532 209
1533 250
1534 161
1535 184
1536 177
1537 236
1538 234
1539 237
1540 167
1541 192
1542 249
1543 242
1544 216
1545 204
1546 195
1547 201
1548 223
1549 181
1550 96
1551 235
1552 183
1553 136
1554 198
1555 169
1556 225
1557 221
1558 154
1559 247
1560 174
1561 145
1562 255
1563 147
1564 185
1565 203
1566 218
1567 158
1568 183
1569 152
1570 216
1571 236
1572 187
1573 136
1574 173
1575 148
1576 218
1577 232
1578 178
1579 171
1580 199
1581 172
1582 264
1583 180
1584 197
1585 222
1586 193
1587 260
1588 219
1589 205
1590 168
1591 213
1592 206
1593 200
1594 183
1595 163
1596 210
1597 213
1598 233
1599 205
1600 185
1601 244
1602 252
1603 177
1604 183
1605 172
1606 211
1607 186
1608 176
1609 94
1610 195
1611 193
1612 270
1613 174
1614 201
1615 224
1616 94
1617 169
1618 239
1619 198
1620 202
1621 204
1622 178
1623 170
1624 197
1625 199
1626 98
1627 218
1628 192
1629 155
1630 202
1631 221
1632 184
1633 177
1634 146
1635 213
1636 149
1637 196
1638 200
1639 189
1640 178
1641 161
1642 199
1643 169
1644 188
1645 252
1646 209
1647 168
1648 210
1649 198
1650 209
1651 200
1652 177
1653 109
1654 124
1655 222
1656 137
1657 194
1658 156
1659 237
1660 146
1661 205
1662 181
1663 175
1664 201
1665 193
1666 202
1667 230
1668 149
1669 214
1670 187
1671 198
1672 130
1673 144
1674 225
1675 131
1676 220
1677 121
1678 193
1679 128
1680 222
1681 206
1682 172
1683 182
1684 234
1685 224
1686 227
1687 0
1688 152
1689 144
1690 168
1691 162
1692 172
1693 239
1694 232
1695 269
1696 198
1697 241
1698 0
1699 159
1700 248
1701 159
1702 213
1703 199
1704 179
1705 169
1706 191
1707 216
1708 118
1709 207
1710 186
1711 156
1712 254
1713 145
1714 214
1715 142
1716 213
1717 150
1718 167
1719 229
1720 158
1721 183
1722 233
1723 185
1724 192
1725 156
1726 176
1727 230
1728 176
1729 212
1730 203
1731 170
1732 229
1733 169
1734 198
1735 102
1736 224
1737 175
1738 216
1739 176
1740 166
1741 207
1742 181
1743 195
1744 173
1745 169
1746 237
1747 116
1748 203
1749 240
1750 186
1751 225
1752 196
1753 227
1754 215
1755 202
1756 160
1757 161
1758 249
1759 231
1760 186
1761 214
1762 188
1763 137
1764 220
1765 198
1766 219
1767 167
1768 231
1769 217
1770 218
1771 263
1772 262
1773 199
1774 196
1775 214
1776 158
1777 164
1778 253
1779 254
1780 208
1781 183
1782 134
1783 210
1784 256
1785 192
1786 226
1787 201
1788 252
1789 144
1790 211
1791 216
1792 124
1793 234
1794 141
1795 170
1796 167
1797 234
1798 268
1799 198
1800 181
1801 156
1802 208
1803 134
1804 159
1805 198
1806 154
1807 165
1808 176
1809 222
1810 139
1811 225
1812 202
1813 151
1814 176
1815 197
1816 212
1817 209
1818 239
1819 221
1820 152
1821 136
1822 213
1823 158
1824 232
1825 186
1826 234
1827 145
1828 167
1829 166
1830 235
1831 230
1832 179
1833 215
1834 207
1835 167
1836 162
1837 224
1838 174
1839 231
1840 210
1841 182
1842 177
1843 243
1844 202
1845 218
1846 169
1847 231
1848 208
1849 156
1850 212
1851 152
1852 211
1853 163
1854 220
1855 183
1856 177
1857 269
1858 208
1859 231
1860 168
1861 239
1862 111
1863 218
1864 182
1865 234
1866 213
1867 225
1868 231
1869 129
1870 188
1871 169
1872 197
1873 168
1874 166
1875 214
1876 155
1877 146
1878 187
1879 225
1880 193
1881 211
1882 204
1883 192
1884 227
1885 159
1886 151
1887 169
1888 211
1889 232
1890 195
1891 164
1892 227
1893 151
1894 168
1895 222
1896 178
1897 182
1898 248
1899 124
1900 173
1901 215
1902 186
1903 137
1904 217
1905 182
1906 216
1907 194
1908 219
1909 197
1910 173
1911 192
1912 201
1913 210
1914 206
1915 194
1916 220
1917 154
1918 240
1919 235
1920 171
1921 162
1922 209
1923 175
1924 196
1925 160
1926 200
1927 223
1928 189
1929 198
1930 213
1931 214
1932 213
1933 189
1934 188
1935 206
1936 187
1937 169
1938 170
1939 185
1940 211
1941 69
1942 207
1943 188
1944 194
1945 197
1946 155
1947 198
1948 244
1949 192
1950 191
1951 247
1952 179
1953 148
1954 272
1955 158
1956 200
1957 206
1958 226
1959 214
1960 165
1961 274
1962 199
1963 214
1964 195
1965 168
1966 222
1967 196
1968 148
1969 228
1970 231
1971 196
1972 174
1973 188
1974 0
1975 226
1976 153
1977 173
1978 225
1979 107
1980 161
1981 234
1982 159
1983 265
1984 260
1985 232
1986 157
1987 216
1988 185
1989 221
1990 196
1991 210
1992 174
1993 156
1994 203
1995 224
1996 209
1997 192
1998 174
1999 225
2000 229
2001 184
2002 203
2003 250
2004 224
2005 212
2006 170
2007 188
2008 183
2009 268
2010 190
2011 160
2012 221
2013 228
2014 169
2015 231
2016 180
2017 0
2018 205
2019 71
2020 99
2021 187
2022 202
2023 171
2024 258
2025 198
2026 188
2027 193
2028 231
2029 210
2030 202
2031 164
2032 234
2033 203
2034 170
2035 127
2036 177
2037 202
2038 243
2039 204
2040 197
2041 309
2042 195
2043 189
2044 239
2045 159
2046 163
2047 178
2048 222
2049 248
2050 169
2051 0
2052 215
2053 158
2054 180
2055 194
2056 150
2057 193
2058 185
2059 196
2060 170
2061 173
2062 0
2063 198
2064 181
2065 296
2066 279
2067 222
2068 155
2069 179
2070 251
2071 207
2072 251
2073 142
2074 169
2075 204
2076 174
2077 211
2078 148
2079 184
2080 176
2081 197
2082 249
2083 175
2084 145
2085 186
2086 150
2087 202
2088 181
2089 184
2090 151
2091 156
2092 185
2093 200
2094 204
2095 192
2096 140
2097 183
2098 162
2099 189
2100 170
2101 210
2102 197
2103 213
2104 263
2105 197
2106 180
2107 226
2108 191
2109 157
2110 170
2111 185
2112 258
2113 171
2114 219
2115 264
2116 183
2117 192
2118 214
2119 288
2120 227
2121 218
2122 156
2123 201
2124 206
2125 177
2126 178
2127 192
2128 219
2129 188
2130 224
2131 216
2132 163
2133 143
2134 180
2135 196
2136 162
2137 207
2138 180
2139 231
2140 94
2141 188
2142 200
2143 214
2144 181
2145 198
2146 211
2147 196
2148 205
2149 240
2150 213
2151 158
2152 199
2153 125
2154 176
2155 210
2156 236
2157 173
2158 223
2159 245
2160 215
2161 205
2162 171
2163 236
2164 209
2165 182
2166 221
2167 187
2168 204
2169 243
2170 203
2171 181
2172 204
2173 201
2174 202
2175 168
2176 148
2177 176
2178 210
2179 223
2180 0
2181 157
2182 280
2183 190
2184 141
2185 173
2186 191
2187 163
2188 159
2189 186
2190 224
2191 166
2192 234
2193 168
2194 180
2195 229
2196 217
2197 147
2198 193
2199 223
2200 208
2201 153
2202 168
2203 224
2204 220
2205 263
2206 263
2207 224
2208 180
2209 175
2210 178
2211 206
2212 118
2213 262
2214 234
2215 213
2216 212
2217 150
2218 152
2219 212
2220 197
2221 119
2222 157
2223 161
2224 173
2225 231
2226 176
2227 147
2228 175
2229 243
2230 244
2231 223
2232 255
2233 186
2234 196
2235 164
2236 174
2237 230
2238 169
2239 237
2240 191
2241 207
2242 224
2243 220
2244 202
2245 251
2246 205
2247 240
2248 186
2249 174
2250 122
2251 216
2252 201
2253 208
2254 180
2255 181
2256 225
2257 207
2258 143
2259 190
2260 206
2261 177
2262 180
2263 211
2264 223
2265 224
2266 168
2267 173
2268 200
2269 193
2270 253
2271 234
2272 175
2273 234
2274 238
2275 177
2276 215
2277 182
2278 171
2279 189
2280 247
2281 168
2282 301
2283 226
2284 141
2285 211
2286 195
2287 212
2288 265
2289 227
2290 215
2291 177
2292 204
2293 0
2294 193
2295 271
2296 179
2297 187
2298 201
2299 174
2300 186
2301 208
2302 246
2303 206
2304 161
2305 180
2306 164
2307 206
2308 161
2309 163
2310 250
2311 162
2312 166
2313 190
2314 144
2315 143
2316 154
2317 190
2318 164
2319 251
2320 169
2321 228
2322 165
2323 221
2324 208
2325 179
2326 172
2327 152
2328 257
2329 222
2330 215
2331 223
2332 179
2333 153
2334 248
2335 212
2336 178
2337 143
2338 203
2339 221
2340 161
2341 185
2342 199
2343 227
2344 188
2345 193
2346 194
2347 212
2348 248
2349 190
2350 161
2351 185
2352 231
2353 207
2354 249
2355 158
2356 244
2357 186
2358 284
2359 183
2360 203
2361 176
2362 273
2363 211
2364 223
2365 179
2366 190
2367 222
2368 233
2369 204
2370 198
2371 185
2372 206
2373 181
2374 185
2375 187
2376 258
2377 205
2378 198
2379 158
2380 221
2381 191
2382 205
2383 148
2384 252
2385 173
2386 253
2387 117
2388 187
2389 203
2390 205
2391 216
2392 184
2393 178
2394 201
2395 186
2396 208
2397 212
2398 206
2399 177
2400 204
2401 197
2402 0
2403 202
2404 224
2405 159
2406 170
2407 170
2408 184
2409 186
2410 182
2411 214
2412 226
2413 212
2414 213
2415 191
2416 236
2417 205
2418 172
2419 223
2420 233
2421 231
2422 231
2423 193
2424 192
2425 221
2426 203
2427 129
2428 163
2429 255
2430 207
2431 202
2432 180
2433 227
2434 219
2435 242
2436 211
2437 218
2438 147
2439 168
2440 191
2441 196
2442 235
2443 209
2444 209
2445 197
2446 215
2447 202
2448 180
2449 199
2450 253
2451 254
2452 219
2453 160
2454 264
2455 190
2456 202
2457 163
2458 175
2459 207
2460 221
2461 183
2462 206
2463 250
2464 173
2465 204
2466 219
2467 169
2468 196
2469 202
2470 131
2471 111
2472 232
2473 212
2474 239
2475 181
2476 136
2477 252
2478 203
2479 228
2480 220
2481 190
2482 193
2483 223
2484 209
2485 156
2486 210
2487 199
2488 184
2489 163
2490 192
2491 210
2492 236
2493 175
2494 258
2495 218
2496 213
2497 204
2498 217
2499 242
2500 210
2501 154
2502 179
2503 265
2504 226
2505 157
2506 223
2507 287
2508 224
2509 189
2510 246
2511 212
2512 187
2513 206
2514 152
2515 192
2516 144
2517 169
2518 213
2519 186
2520 187
2521 195
2522 175
2523 201
2524 198
2525 184
2526 184
2527 220
2528 199
2529 204
2530 177
2531 189
2532 140
2533 188
2534 178
2535 255
2536 232
2537 156
2538 175
2539 211
2540 171
2541 240
2542 187
2543 258
2544 140
2545 180
2546 207
2547 130
2548 203
2549 167
2550 208
2551 244
2552 238
2553 179
2554 122
2555 154
2556 164
2557 194
2558 273
2559 176
2560 257
2561 204
2562 148
2563 198
2564 181
2565 181
2566 170
2567 168
2568 173
2569 208
2570 162
2571 214
2572 238
2573 208
2574 211
2575 209
2576 228
2577 176
2578 205
2579 207
2580 214
2581 209
2582 175
2583 297
2584 186
2585 217
2586 222
2587 165
2588 214
2589 193
2590 273
2591 177
2592 171
2593 145
2594 205
2595 226
2596 117
2597 291
2598 226
2599 232
2600 203
2601 235
2602 212
2603 112
2604 154
2605 233
2606 223
2607 152
2608 144
2609 199
2610 171
2611 262
2612 188
2613 208
2614 223
2615 220
2616 181
2617 223
2618 201
2619 229
2620 137
2621 245
2622 125
2623 214
2624 227
2625 154
2626 161
2627 204
2628 219
2629 117
2630 220
2631 194
2632 219
2633 187
2634 230
2635 189
2636 175
2637 134
2638 230
2639 237
2640 195
2641 233
2642 227
2643 194
2644 221
2645 221
2646 222
2647 249
2648 179
2649 188
2650 179
2651 198
2652 172
2653 174
2654 160
2655 230
2656 176
2657 208
2658 228
2659 188
2660 193
2661 180
2662 179
2663 167
2664 160
2665 226
2666 217
2667 203
2668 182
2669 184
2670 198
2671 195
2672 113
2673 161
2674 234
2675 253
2676 133
2677 229
2678 199
2679 246
2680 196
2681 226
2682 174
2683 231
2684 206
2685 217
2686 193
2687 184
2688 243
2689 225
2690 185
2691 146
2692 216
2693 0
2694 223
2695 0
2696 239
2697 241
2698 168
2699 221
2700 235
2701 221
2702 193
2703 173
2704 174
2705 200
2706 226
2707 199
2708 182
2709 212
2710 268
2711 115
2712 192
2713 137
2714 164
2715 205
2716 200
2717 140
2718 185
2719 207
2720 190
2721 239
2722 156
2723 271
2724 118
2725 186
2726 210
2727 215
2728 198
2729 207
2730 151
2731 40
2732 208
2733 189
2734 212
2735 132
2736 222
2737 0
2738 236
2739 167
2740 100
2741 198
2742 223
2743 191
2744 183
2745 190
2746 190
2747 165
2748 217
2749 197
2750 209
2751 221
2752 169
2753 128
2754 148
2755 179
2756 115
2757 199
2758 209
2759 153
2760 209
2761 271
2762 184
2763 186
2764 162
2765 217
2766 300
2767 219
2768 206
2769 298
2770 162
2771 170
2772 194
2773 195
2774 0
2775 101
2776 179
2777 182
2778 149
2779 235
2780 212
2781 135
2782 191
2783 205
2784 134
2785 185
2786 217
2787 233
2788 269
2789 245
2790 209
2791 138
2792 177
2793 245
2794 173
2795 147
2796 171
2797 191
2798 185
2799 164
2800 203
2801 192
2802 186
2803 213
2804 235
2805 181
2806 204
2807 198
2808 253
2809 245
2810 199
2811 155
2812 214
2813 222
2814 206
2815 244
2816 126
2817 191
2818 109
2819 214
2820 128
2821 210
2822 237
2823 184
2824 187
2825 192
2826 219
2827 187
2828 182
2829 244
2830 176
2831 177
2832 234
2833 198
2834 182
2835 172
2836 210
2837 212
2838 161
2839 219
2840 215
2841 186
2842 169
2843 250
2844 238
2845 185
2846 215
2847 169
2848 166
2849 187
2850 201
2851 238
2852 213
2853 211
2854 196
2855 147
2856 201
2857 221
2858 206
2859 247
2860 209
2861 175
2862 172
2863 231
2864 240
2865 137
2866 240
2867 200
2868 199
2869 246
2870 211
2871 142
2872 232
2873 196
2874 230
2875 209
2876 222
2877 150
2878 224
2879 239
2880 265
2881 193
2882 192
2883 180
2884 218
2885 225
2886 90
2887 248
2888 225
2889 227
2890 231
2891 186
2892 193
2893 209
2894 118
2895 228
2896 0
2897 129
2898 208
2899 221
2900 208
2901 181
2902 41
2903 158
2904 195
2905 215
2906 279
2907 190
2908 224
2909 250
2910 199
2911 199
2912 174
2913 264
2914 183
2915 152
2916 104
2917 203
2918 172
2919 253
2920 249
2921 189
2922 130
2923 256
2924 151
2925 237
2926 133
2927 208
2928 166
2929 204
2930 144
2931 205
2932 213
2933 177
2934 167
2935 137
2936 193
2937 177
2938 190
2939 175
2940 192
2941 183
2942 233
2943 157
2944 176
2945 252
2946 192
2947 192
2948 157
2949 161
2950 211
2951 183
2952 223
2953 202
2954 278
2955 184
2956 215
2957 213
2958 215
2959 176
2960 193
2961 175
2962 256
2963 235
2964 169
2965 191
2966 272
2967 219
2968 160
2969 221
2970 200
2971 201
2972 195
2973 276
2974 224
2975 207
2976 172
2977 212
2978 150
2979 202
2980 241
2981 206
2982 186
2983 196
2984 205
2985 184
2986 206
2987 201
2988 227
2989 197
2990 171
2991 119
2992 293
2993 229
2994 219
2995 219
2996 214
2997 244
2998 212
2999 188
3000 190
3001 189
3002 238
3003 281
3004 207
3005 175
3006 227
3007 247
3008 162
3009 221
3010 213
3011 198
3012 136
3013 191
3014 242
3015 195
3016 229
3017 227
3018 142
3019 158
3020 160
3021 205
3022 244
3023 201
3024 221
3025 189
3026 250
3027 234
3028 274
3029 231
3030 182
3031 220
3032 126
3033 217
3034 214
3035 195
3036 217
3037 150
3038 137
3039 225
3040 164
3041 200
3042 230
3043 240
3044 167
3045 233
3046 189
3047 108
3048 195
3049 223
3050 226
3051 201
3052 259
3053 255
3054 217
3055 217
3056 186
3057 162
3058 247
3059 211
3060 217
3061 199
3062 250
3063 159
3064 251
3065 164
3066 193
3067 215
3068 95
3069 167
3070 215
3071 171
3072 208
3073 162
3074 205
3075 189
3076 213
3077 232
3078 196
3079 209
3080 240
3081 192
3082 159
3083 126
3084 161
3085 216
3086 143
3087 223
3088 26
3089 331
3090 163
3091 177
3092 180
3093 240
3094 215
3095 180
3096 211
3097 191
3098 170
3099 217
3100 233
3101 225
3102 210
3103 105
3104 172
3105 224
3106 221
3107 263
3108 189
3109 196
3110 166
3111 147
3112 192
3113 288
3114 218
3115 185
3116 202
3117 211
3118 225
3119 189
3120 228
3121 207
3122 175
3123 137
3124 239
3125 108
3126 136
3127 183
3128 211
3129 195
3130 182
3131 180
3132 255
3133 197
3134 181
3135 96
3136 206
3137 194
3138 257
3139 187
3140 148
3141 162
3142 226
3143 251
3144 209
3145 157
3146 156
3147 231
3148 0
3149 179
3150 170
3151 0
3152 231
3153 163
3154 214
3155 259
3156 217
3157 181
3158 181
3159 197
3160 276
3161 220
3162 184
3163 187
3164 151
3165 171
3166 200
3167 202
3168 190
3169 197
3170 194
3171 213
3172 223
3173 166
3174 255
3175 174
3176 223
3177 116
3178 203
3179 202
3180 186
3181 236
3182 176
3183 191
3184 158
3185 234
3186 181
3187 163
3188 69
3189 186
3190 177
3191 220
3192 146
3193 151
3194 230
3195 156
3196 225
3197 182
3198 203
3199 204
3200 91
3201 210
3202 238
3203 219
3204 191
3205 239
3206 209
3207 215
3208 176
3209 270
3210 263
3211 176
3212 207
3213 122
3214 206
3215 210
3216 230
3217 223
3218 218
3219 144
3220 191
3221 224
3222 120
3223 160
3224 217
3225 211
3226 216
3227 220
3228 179
3229 198
3230 250
3231 192
3232 179
3233 200
3234 217
3235 99
3236 128
3237 191
3238 195
3239 136
3240 171
3241 174
3242 235
3243 173
3244 200
3245 240
3246 238
3247 217
3248 258
3249 180
3250 225
3251 165
3252 272
3253 181
3254 224
3255 175
3256 256
3257 228
3258 168
3259 237
3260 217
3261 0
3262 247
3263 147
3264 209
3265 209
3266 248
3267 227
3268 232
3269 183
3270 194
3271 225
3272 229
3273 0
3274 263
3275 211
3276 220
3277 183
3278 145
3279 227
3280 225
3281 195
3282 235
3283 238
3284 167
3285 224
3286 214
3287 190
3288 249
3289 140
3290 159
3291 176
3292 217
3293 150
3294 212
3295 231
3296 152
3297 223
3298 173
3299 193
3300 211
3301 182
3302 131
3303 164
3304 243
3305 170
3306 212
3307 223
3308 192
3309 224
3310 129
3311 188
3312 182
3313 269
3314 249
3315 161
3316 174
3317 310
3318 212
3319 175
3320 111
3321 159
3322 179
3323 210
3324 148
3325 215
3326 223
3327 148
3328 246
3329 240
3330 206
3331 220
3332 153
3333 228
3334 238
3335 220
3336 206
3337 193
3338 229
3339 188
3340 194
3341 215
3342 205
3343 201
3344 242
3345 190
3346 209
3347 190
3348 157
3349 234
3350 225
3351 163
3352 196
3353 179
3354 173
3355 175
3356 190
3357 135
3358 257
3359 233
3360 191
3361 164
3362 187
3363 224
3364 188
3365 194
3366 220
3367 233
3368 238
3369 246
3370 206
3371 232
3372 163
3373 201
3374 179
3375 254
3376 197
3377 212
3378 238
3379 164
3380 193
3381 172
3382 231
3383 241
3384 186
3385 248
3386 238
3387 196
3388 204
3389 218
3390 232
3391 196
3392 195
3393 256
3394 208
3395 126
3396 155
3397 202
3398 169
3399 181
3400 169
3401 268
3402 192
3403 203
3404 218
3405 179
3406 0
3407 229
3408 236
3409 210
3410 206
3411 211
3412 179
3413 199
3414 166
3415 198
3416 220
3417 212
3418 206
3419 210
3420 212
3421 226
3422 172
3423 69
3424 219
3425 206
3426 178
3427 101
3428 178
3429 117
3430 230
3431 194
3432 206
3433 213
3434 211
3435 185
3436 225
3437 203
3438 205
3439 175
3440 204
3441 230
3442 117
3443 207
3444 216
3445 182
3446 180
3447 258
3448 225
3449 137
3450 161
3451 212
3452 229
3453 179
3454 261
3455 208
3456 187
3457 185
3458 226
3459 165
3460 230
3461 145
3462 171
3463 219
3464 201
3465 207
3466 179
3467 230
3468 158
3469 208
3470 134
3471 235
3472 180
3473 170
3474 198
3475 165
3476 248
3477 187
3478 245
3479 171
3480 173
3481 157
3482 199
3483 205
3484 221
3485 198
3486 254
3487 219
3488 170
3489 170
3490 161
3491 151
3492 117
3493 225
3494 186
3495 243
3496 220
3497 185
3498 264
3499 191
3500 200
3501 217
3502 138
3503 239
3504 180
3505 252
3506 209
3507 178
3508 218
3509 149
3510 230
3511 290
3512 217
3513 213
3514 206
3515 187
3516 189
3517 183
3518 131
3519 200
3520 274
3521 172
3522 220
3523 255
3524 238
3525 212
3526 226
3527 245
3528 187
3529 208
3530 176
3531 183
3532 144
3533 177
3534 194
3535 202
3536 154
3537 217
3538 185
3539 186
3540 81
3541 231
3542 201
3543 216
3544 151
3545 198
3546 256
3547 219
3548 244
3549 176
3550 151
3551 208
3552 180
3553 216
3554 190
3555 221
3556 197
3557 209
3558 159
3559 158
3560 155
3561 283
3562 233
3563 177
3564 236
3565 149
3566 152
3567 254
3568 179
3569 234
3570 144
3571 261
3572 185
3573 278
3574 257
3575 169
3576 192
3577 187
3578 148
3579 243
3580 116
3581 193
3582 276
3583 163
3584 164
3585 242
3586 147
3587 240
3588 164
3589 166
3590 225
3591 212
3592 172
3593 198
3594 194
3595 179
3596 216
3597 207
3598 225
3599 188
3600 276
3601 213
3602 189
3603 162
3604 209
3605 153
3606 175
3607 199
3608 207
3609 177
3610 171
3611 238
3612 155
3613 195
3614 122
3615 204
3616 205
3617 206
3618 251
3619 230
3620 193
3621 201
3622 185
3623 163
3624 135
3625 175
3626 243
3627 129
3628 168
3629 280
3630 224
3631 188
3632 216
3633 237
3634 159
3635 268
3636 199
3637 218
3638 190
3639 219
3640 179
3641 220
3642 198
3643 261
3644 193
3645 207
3646 237
3647 190
3648 97
3649 179
3650 161
3651 196
3652 198
3653 218
3654 273
3655 224
3656 207
3657 222
3658 176
3659 212
3660 234
3661 154
3662 220
3663 252
3664 147
3665 198
3666 238
3667 213
3668 215
3669 191
3670 269
3671 266
3672 315
3673 197
3674 214
3675 244
3676 206
3677 146
3678 226
3679 253
3680 214
3681 233
3682 217
3683 234
3684 195
3685 182
3686 216
3687 216
3688 207
3689 258
3690 177
3691 220
3692 242
3693 247
3694 222
3695 181
3696 111
3697 103
3698 216
3699 221
3700 181
3701 186
3702 175
3703 222
3704 211
3705 168
3706 319
3707 184
3708 194
3709 196
3710 177
3711 224
3712 191
3713 194
3714 172
3715 156
3716 183
3717 212
3718 214
3719 209
3720 179
3721 210
3722 160
3723 236
3724 0
3725 163
3726 265
3727 217
3728 155
3729 183
3730 200
3731 177
3732 183
3733 224
3734 143
3735 130
3736 173
3737 186
3738 181
3739 252
3740 194
3741 191
3742 208
3743 176
3744 232
3745 281
3746 233
3747 186
3748 233
3749 185
3750 236
3751 213
3752 226
3753 257
3754 274
3755 247
3756 196
3757 190
3758 222
3759 187
3760 219
3761 192
3762 197
3763 174
3764 209
3765 165
3766 239
3767 217
3768 221
3769 172
3770 177
3771 191
3772 230
3773 185
3774 207
3775 223
3776 117
3777 210
3778 233
3779 152
3780 222
3781 313
3782 202
3783 186
3784 197
3785 209
3786 178
3787 214
3788 193
3789 165
3790 207
3791 183
3792 251
3793 190
3794 214
3795 137
3796 174
3797 148
3798 203
3799 212
3800 224
3801 163
3802 225
3803 204
3804 198
3805 161
3806 195
3807 202
3808 216
3809 188
3810 222
3811 208
3812 294
3813 211
3814 185
3815 195
3816 191
3817 156
3818 214
3819 244
3820 234
3821 265
3822 165
3823 178
3824 156
3825 197
3826 208
3827 175
3828 184
3829 211
3830 223
3831 203
3832 105
3833 223
3834 200
3835 206
3836 246
3837 195
3838 0
3839 128
3840 154
3841 229
3842 113
3843 197
3844 234
3845 238
3846 262
3847 195
3848 177
3849 230
3850 205
3851 187
3852 138
3853 170
3854 247
3855 167
3856 199
3857 240
3858 209
3859 162
3860 193
3861 213
3862 190
3863 203
3864 109
3865 233
3866 224
3867 158
3868 197
3869 167
3870 141
3871 190
3872 196
3873 193
3874 203
3875 165
3876 235
3877 207
3878 174
3879 221
3880 240
3881 163
3882 202
3883 200
3884 179
3885 138
3886 205
3887 198
3888 224
3889 113
3890 235
3891 210
3892 203
3893 180
3894 192
3895 135
3896 176
3897 256
3898 205
3899 194
3900 197
3901 210
3902 185
3903 194
3904 161
3905 206
3906 210
3907 259
3908 125
3909 157
3910 206
3911 171
3912 225
3913 191
3914 255
3915 172
3916 246
3917 252
3918 181
3919 222
3920 240
3921 195
3922 179
3923 257
3924 262
3925 280
3926 122
3927 118
3928 173
3929 155
3930 210
3931 224
3932 231
3933 153
3934 0
3935 201
3936 149
3937 231
3938 214
3939 196
3940 229
3941 160
3942 131
3943 286
3944 214
3945 185
3946 227
3947 163
3948 252
3949 166
3950 209
3951 189
3952 172
3953 171
3954 194
3955 183
3956 179
3957 174
3958 180
3959 252
3960 103
3961 173
3962 227
3963 235
3964 207
3965 204
3966 206
3967 237
3968 187
3969 224
3970 149
3971 211
3972 237
3973 211
3974 206
3975 212
3976 206
3977 247
3978 166
3979 195
3980 206
3981 196
3982 189
3983 178
3984 247
3985 84
3986 166
3987 180
3988 249
3989 142
3990 219
3991 145
3992 194
3993 217
3994 216
3995 222
3996 160
3997 168
3998 224
3999 175
4000 263
4001 239
4002 220
4003 175
4004 162
4005 261
4006 203
4007 169
4008 198
4009 206
4010 184
4011 141
4012 241
4013 214
4014 246
4015 127
4016 231
4017 231
4018 218
4019 137
4020 254
4021 180
4022 178
4023 246
4024 164
4025 183
4026 199
4027 228
4028 194
4029 213
4030 193
4031 241
4032 200
4033 94
4034 181
4035 191
4036 184
4037 187
4038 224
4039 194
4040 208
4041 133
4042 209
4043 230
4044 203
4045 161
4046 217
4047 205
4048 240
4049 211
4050 136
4051 207
4052 178
4053 161
4054 197
4055 215
4056 201
4057 175
4058 185
4059 153
4060 227
4061 207
4062 266
4063 184
4064 230
4065 188
4066 218
4067 183
4068 198
4069 241
4070 196
4071 155
4072 190
4073 263
4074 221
4075 196
4076 281
4077 180
4078 177
4079 165
4080 165
4081 286
4082 184
4083 188
4084 169
4085 176
4086 151
4087 248
4088 212
4089 186
4090 203
4091 245
4092 141
4093 154
4094 232
4095 201
4096 265
4097 172
4098 195
4099 269
4100 244
4101 152
4102 181
4103 172
4104 200
4105 270
4106 215
4107 140
4108 196
4109 185
4110 215
4111 189
4112 148
4113 205
4114 195
4115 0
4116 184
4117 190
4118 271
4119 196
4120 179
4121 197
4122 212
4123 94
4124 212
4125 197
4126 165
4127 220
4128 213
4129 139
4130 239
4131 220
4132 221
4133 220
4134 142
4135 195
4136 136
4137 236
4138 214
4139 261
4140 204
4141 119
4142 113
4143 185
4144 140
4145 212
4146 189
4147 197
4148 243
4149 173
4150 223
4151 180
4152 249
4153 195
4154 209
4155 241
4156 302
4157 196
4158 315
4159 190
4160 207
4161 250
4162 180
4163 175
4164 161
4165 153
4166 188
4167 160
4168 166
4169 216
4170 167
4171 138
4172 252
4173 210
4174 223
4175 187
4176 229
4177 191
4178 257
4179 237
4180 146
4181 193
4182 162
4183 218
4184 218
4185 150
4186 184
4187 220
4188 169
4189 187
4190 234
4191 224
4192 238
4193 194
4194 218
4195 217
4196 254
4197 179
4198 189
4199 208
4200 197
4201 172
4202 222
4203 154
4204 174
4205 37
4206 182
4207 229
4208 233
4209 211
4210 167
4211 174
4212 205
4213 192
4214 177
4215 262
4216 170
4217 179
4218 164
4219 227
4220 187
4221 211
4222 150
4223 181
4224 144
4225 140
4226 171
4227 166
4228 183
4229 228
4230 194
4231 237
4232 179
4233 124
4234 210
4235 195
4236 152
4237 208
4238 180
4239 226
4240 229
4241 182
4242 214
4243 250
4244 146
4245 170
4246 257
4247 173
4248 198
4249 173
4250 200
4251 177
4252 205
4253 220
4254 184
4255 205
4256 176
4257 195
4258 179
4259 200
4260 202
4261 221
4262 224
4263 191
4264 213
4265 190
4266 258
4267 148
4268 177
4269 250
4270 262
4271 177
4272 210
4273 247
4274 227
4275 162
4276 195
4277 194
4278 233
4279 153
4280 106
4281 214
4282 62
4283 200
4284 139
4285 210
4286 227
4287 199
4288 177
4289 171
4290 229
4291 142
4292 272
4293 152
4294 218
4295 211
4296 209
4297 208
4298 167
4299 247
4300 219
4301 220
4302 202
4303 193
4304 250
4305 180
4306 237
4307 200
4308 210
4309 280
4310 135
4311 167
4312 204
4313 274
4314 142
4315 194
4316 200
4317 225
4318 162
4319 118
4320 197
4321 111
4322 215
4323 240
4324 150
4325 233
4326 229
4327 192
4328 197
4329 167
4330 160
4331 196
4332 215
4333 203
4334 214
4335 223
4336 274
4337 148
4338 173
4339 186
4340 206
4341 173
4342 236
4343 249
4344 211
4345 159
4346 232
4347 220
4348 193
4349 264
4350 161
4351 219
4352 241
4353 164
4354 240
4355 180
4356 208
4357 182
4358 219
4359 233
4360 240
4361 212
4362 211
4363 201
4364 206
4365 131
4366 210
4367 216
4368 163
4369 193
4370 140
4371 123
4372 225
4373 189
4374 159
4375 189
4376 245
4377 67
4378 179
4379 144
4380 182
4381 209
4382 217
4383 190
4384 289
4385 212
4386 143
4387 245
4388 248
4389 197
4390 165
4391 241
4392 89
4393 219
4394 231
4395 188
4396 274
4397 202
4398 184
4399 152
4400 243
4401 153
4402 167
4403 206
4404 335
4405 166
4406 290
4407 211
4408 168
4409 165
4410 232
4411 188
4412 225
4413 69
4414 172
4415 242
4416 118
4417 198
4418 202
4419 211
4420 232
4421 226
4422 236
4423 212
4424 199
4425 143
4426 247
4427 171
4428 184
4429 168
4430 134
4431 243
4432 255
4433 185
4434 178
4435 192
4436 265
4437 192
4438 223
4439 259
4440 196
4441 176
4442 187
4443 212
4444 211
4445 277
4446 228
4447 227
4448 212
4449 154
4450 173
4451 226
4452 220
4453 274
4454 164
4455 224
4456 214
4457 232
4458 262
4459 187
4460 256
4461 197
4462 182
4463 200
4464 226
4465 197
4466 230
4467 181
4468 170
4469 281
4470 189
4471 188
4472 235
4473 99
4474 161
4475 165
4476 213
4477 201
4478 188
4479 165
4480 208
4481 150
4482 169
4483 196
4484 172
4485 141
4486 209
4487 219
4488 218
4489 174
4490 176
4491 188
4492 197
4493 178
4494 212
4495 125
4496 254
4497 197
4498 171
4499 294
4500 148
4501 188
4502 195
4503 221
4504 266
4505 189
4506 227
4507 197
4508 208
4509 196
4510 135
4511 195
4512 222
4513 190
4514 178
4515 200
4516 117
4517 174
4518 202
4519 219
4520 200
4521 216
4522 230
4523 172
4524 196
4525 238
4526 173
4527 190
4528 178
4529 176
4530 251
4531 241
4532 167
4533 232
4534 246
4535 175
4536 218
4537 184
4538 262
4539 210
4540 219
4541 180
4542 259
4543 150
4544 205
4545 200
4546 269
4547 198
4548 192
4549 190
4550 178
4551 159
4552 204
4553 164
4554 215
4555 184
4556 214
4557 206
4558 234
4559 195
4560 210
4561 216
4562 219
4563 220
4564 226
4565 190
4566 202
4567 180
4568 132
4569 269
4570 199
4571 182
4572 206
4573 167
4574 159
4575 202
4576 215
4577 224
4578 204
4579 187
4580 175
4581 140
4582 168
4583 236
4584 287
4585 198
4586 223
4587 145
4588 177
4589 187
4590 189
4591 203
4592 228
4593 239
4594 194
4595 214
4596 232
4597 215
4598 234
4599 204
4600 201
4601 165
4602 144
4603 194
4604 200
4605 211
4606 253
4607 221
4608 187
4609 160
4610 254
4611 266
4612 191
4613 193
4614 130
4615 245
4616 175
4617 162
4618 249
4619 160
4620 209
4621 156
4622 184
4623 192
4624 190
4625 182
4626 252
4627 147
4628 326
4629 157
4630 201
4631 187
4632 210
4633 168
4634 172
4635 185
4636 199
4637 197
4638 160
4639 200
4640 149
4641 242
4642 175
4643 225
4644 235
4645 243
4646 167
4647 253
4648 191
4649 219
4650 244
4651 206
4652 207
4653 214
4654 220
4655 191
4656 177
4657 178
4658 151
4659 164
4660 170
4661 121
4662 186
4663 207
4664 183
4665 135
4666 154
4667 224
4668 215
4669 165
4670 178
4671 201
4672 177
4673 197
4674 0
4675 167
4676 178
4677 195
4678 216
4679 196
4680 168
4681 208
4682 159
4683 177
4684 223
4685 188
4686 206
4687 199
4688 155
4689 245
4690 212
4691 164
4692 181
4693 214
4694 242
4695 229
4696 218
4697 189
4698 210
4699 202
4700 176
4701 235
4702 144
4703 131
4704 184
4705 239
4706 226
4707 207
4708 221
4709 244
4710 215
4711 187
4712 174
4713 223
4714 200
4715 233
4716 176
4717 210
4718 181
4719 205
4720 156
4721 175
4722 245
4723 175
4724 219
4725 177
4726 224
4727 142
4728 242
4729 218
4730 222
4731 210
4732 201
4733 207
4734 209
4735 162
4736 261
4737 215
4738 225
4739 105
4740 171
4741 209
4742 186
4743 164
4744 150
4745 235
4746 207
4747 187
4748 188
4749 217
4750 190
4751 173
4752 242
4753 215
4754 263
4755 244
4756 192
4757 181
4758 234
4759 153
4760 149
4761 216
4762 156
4763 218
4764 183
4765 217
4766 188
4767 197
4768 161
4769 230
4770 234
4771 213
4772 210
4773 190
4774 200
4775 195
4776 246
4777 220
4778 195
4779 228
4780 235
4781 268
4782 239
4783 231
4784 232
4785 258
4786 196
4787 196
4788 208
4789 173
4790 151
4791 187
4792 141
4793 214
4794 168
4795 204
4796 213
4797 281
4798 198
4799 166
4800 187
4801 246
4802 185
4803 185
4804 260
4805 182
4806 152
4807 168
4808 184
4809 198
4810 159
4811 242
4812 206
4813 201
4814 185
4815 208
4816 188
4817 183
4818 202
4819 268
4820 163
4821 368
4822 214
4823 223
4824 170
4825 180
4826 157
4827 191
4828 162
4829 216
4830 174
4831 209
4832 198
4833 128
4834 209
4835 205
4836 243
4837 181
4838 232
4839 241
4840 196
4841 182
4842 186
4843 217
4844 192
4845 158
4846 196
4847 191
4848 157
4849 187
4850 207
4851 177
4852 193
4853 184
4854 226
4855 204
4856 255
4857 108
4858 206
4859 163
4860 171
4861 163
4862 152
4863 206
4864 201
4865 208
4866 315
4867 218
4868 226
4869 163
4870 207
4871 160
4872 189
4873 147
4874 129
4875 171
4876 225
4877 208
4878 181
4879 196
4880 154
4881 242
4882 127
4883 168
4884 199
4885 188
4886 207
4887 171
4888 160
4889 232
4890 241
4891 144
4892 178
4893 194
4894 203
4895 199
4896 245
4897 231
4898 129
4899 204
4900 256
4901 165
4902 275
4903 156
4904 207
4905 185
4906 192
4907 182
4908 200
4909 168
4910 133
4911 200
4912 194
4913 225
4914 177
4915 191
4916 367
4917 203
4918 272
4919 120
4920 174
4921 229
4922 230
4923 157
4924 221
4925 133
4926 182
4927 197
4928 146
4929 206
4930 233
4931 185
4932 214
4933 208
4934 207
4935 221
4936 169
4937 220
4938 247
4939 223
4940 199
4941 219
4942 210
4943 171
4944 189
4945 156
4946 211
4947 171
4948 219
4949 154
4950 195
4951 199
4952 240
4953 201
4954 212
4955 220
4956 215
4957 185
4958 204
4959 169
4960 223
4961 213
4962 183
4963 215
4964 167
4965 216
4966 192
4967 167
4968 235
4969 217
4970 183
4971 168
4972 197
4973 237
4974 219
4975 203
4976 249
4977 232
4978 161
4979 211
4980 230
4981 137
4982 200
4983 184
4984 170
4985 218
4986 178
4987 149
4988 247
4989 197
4990 252
4991 181
4992 207
4993 152
4994 204
4995 197
4996 199
4997 220
4998 228
4999 195
5000 186
5001 207
5002 152
5003 165
5004 174
5005 216
5006 215
5007 175
5008 0
5009 183
5010 192
5011 207
5012 140
5013 189
5014 208
5015 111
5016 214
5017 199
5018 191
5019 201
5020 141
5021 197
5022 173
5023 194
5024 172
5025 184
5026 180
5027 112
5028 223
5029 213
5030 139
5031 172
5032 203
5033 298
5034 181
5035 184
5036 205
5037 186
5038 239
5039 175
5040 190
5041 226
5042 206
5043 152
5044 276
5045 234
5046 219
5047 66
5048 196
5049 181
5050 144
5051 72
5052 187
5053 203
5054 188
5055 222
5056 253
5057 230
5058 210
5059 218
5060 176
5061 191
5062 122
5063 202
5064 179
5065 212
5066 109
5067 200
5068 209
5069 112
5070 271
5071 197
5072 192
5073 232
5074 157
5075 216
5076 135
5077 207
5078 184
5079 318
5080 191
5081 160
5082 133
5083 186
5084 128
5085 209
5086 187
5087 246
5088 171
5089 230
5090 135
5091 178
5092 210
5093 184
5094 224
5095 201
5096 231
5097 223
5098 218
5099 140
5100 250
5101 149
5102 210
5103 215
5104 169
5105 205
5106 212
5107 209
5108 290
5109 153
5110 202
5111 226
5112 212
5113 177
5114 193
5115 102
5116 82
5117 151
5118 172
5119 180
5120 270
5121 201
5122 227
5123 238
5124 224
5125 180
5126 199
5127 267
5128 206
5129 171
5130 190
5131 227
5132 143
5133 223
5134 195
5135 164
5136 155
5137 227
5138 184
5139 245
5140 232
5141 180
5142 240
5143 190
5144 178
5145 181
5146 204
5147 179
5148 252
5149 170
5150 138
5151 195
5152 215
5153 229
5154 181
5155 219
5156 222
5157 112
5158 223
5159 212
5160 165
5161 164
5162 200
5163 168
5164 208
5165 243
5166 206
5167 178
5168 229
5169 168
5170 229
5171 165
5172 192
5173 326
5174 214
5175 170
5176 214
5177 205
5178 146
5179 248
5180 200
5181 158
5182 240
5183 134
5184 193
5185 195
5186 224
5187 197
5188 133
5189 242
5190 187
5191 230
5192 180
5193 167
5194 204
5195 185
5196 198
5197 242
5198 200
5199 235
5200 198
5201 141
5202 187
5203 199
5204 207
5205 207
5206 228
5207 208
5208 195
5209 236
5210 207
5211 133
5212 243
5213 195
5214 188
5215 213
5216 196
5217 184
5218 295
5219 224
5220 240
5221 217
5222 211
5223 203
5224 143
5225 184
5226 239
5227 194
5228 216
5229 192
5230 152
5231 140
5232 130
5233 130
5234 210
5235 210
5236 269
5237 182
5238 276
5239 216
5240 245
5241 180
5242 229
5243 248
5244 160
5245 246
5246 189
5247 172
5248 227
5249 232
5250 207
5251 192
5252 206
5253 166
5254 235
5255 154
5256 213
5257 185
5258 208
5259 236
5260 166
5261 233
5262 159
5263 260
5264 160
5265 199
5266 188
5267 238
5268 250
5269 211
5270 205
5271 247
5272 223
5273 203
5274 242
5275 147
5276 211
5277 168
5278 223
5279 209
5280 163
5281 188
5282 150
5283 240
5284 206
5285 225
5286 157
5287 68
5288 153
5289 239
5290 241
5291 178
5292 143
5293 273
5294 209
5295 132
5296 119
5297 240
5298 204
5299 220
5300 190
5301 182
5302 122
5303 216
5304 210
5305 269
5306 204
5307 197
5308 263
5309 160
5310 214
5311 182
5312 129
5313 212
5314 201
5315 230
5316 196
5317 218
5318 0
5319 173
5320 171
5321 230
5322 253
5323 192
5324 138
5325 215
5326 160
5327 239
5328 190
5329 199
5330 268
5331 167
5332 0
5333 177
5334 177
5335 144
5336 207
5337 176
5338 183
5339 177
5340 198
5341 237
5342 187
5343 215
5344 234
5345 210
5346 181
5347 215
5348 196
5349 206
5350 184
5351 164
5352 220
5353 307
5354 243
5355 229
5356 167
5357 210
5358 137
5359 208
5360 212
5361 163
5362 208
5363 205
5364 175
5365 212
5366 224
5367 204
5368 306
5369 147
5370 202
5371 194
5372 226
5373 213
5374 224
5375 143
5376 224
5377 195
5378 183
5379 219
5380 67
5381 205
5382 227
5383 190
5384 221
5385 215
5386 254
5387 214
5388 175
5389 190
5390 223
5391 192
5392 203
5393 155
5394 204
5395 179
5396 191
5397 213
5398 219
5399 223
5400 225
5401 153
5402 199
5403 286
5404 184
5405 178
5406 199
5407 153
5408 194
5409 161
5410 183
5411 226
5412 173
5413 227
5414 143
5415 205
5416 212
5417 140
5418 242
5419 177
5420 164
5421 274
5422 123
5423 190
5424 232
5425 203
5426 180
5427 183
5428 257
5429 231
5430 212
5431 209
5432 255
5433 206
5434 244
5435 208
5436 185
5437 268
5438 202
5439 190
5440 218
5441 130
5442 210
5443 173
5444 203
5445 203
5446 164
5447 179
5448 262
5449 198
5450 215
5451 210
5452 179
5453 120
5454 191
5455 213
5456 176
5457 197
5458 171
5459 198
5460 222
5461 172
5462 202
5463 180
5464 205
5465 211
5466 237
5467 236
5468 193
5469 222
5470 214
5471 157
5472 136
5473 225
5474 191
5475 171
5476 149
5477 168
5478 206
5479 192
5480 231
5481 171
5482 181
5483 189
5484 207
5485 227
5486 224
5487 331
5488 206
5489 153
5490 162
5491 204
5492 243
5493 218
5494 185
5495 190
5496 196
5497 194
5498 167
5499 152
5500 201
5501 187
5502 213
5503 251
5504 187
5505 196
5506 180
5507 189
5508 188
5509 212
5510 244
5511 193
5512 217
5513 182
5514 170
5515 193
5516 171
5517 216
5518 290
5519 223
5520 161
5521 234
5522 231
5523 225
5524 252
5525 196
5526 229
5527 202
5528 150
5529 287
5530 208
5531 169
5532 262
5533 203
5534 215
5535 234
5536 242
5537 182
5538 187
5539 194
5540 225
5541 284
5542 189
5543 227
5544 139
5545 196
5546 232
5547 204
5548 158
5549 227
5550 187
5551 153
5552 192
5553 169
5554 258
5555 0
5556 232
5557 227
5558 194
5559 213
5560 183
5561 188
5562 157
5563 212
5564 199
5565 119
5566 95
5567 197
5568 131
5569 200
5570 224
5571 220
5572 128
5573 188
5574 260
5575 186
5576 177
5577 172
5578 169
5579 314
5580 129
5581 224
5582 151
5583 203
5584 300
5585 161
5586 242
5587 231
5588 232
5589 235
5590 191
5591 308
5592 199
5593 195
5594 185
5595 203
5596 228
5597 181
5598 210
5599 207
5600 193
5601 170
5602 189
5603 183
5604 200
5605 235
5606 217
5607 170
5608 213
5609 257
5610 206
5611 0
5612 191
5613 226
5614 178
5615 159
5616 212
5617 174
5618 206
5619 248
5620 202
5621 180
5622 116
5623 187
5624 135
5625 243
5626 212
5627 178
5628 131
5629 229
5630 285
5631 177
5632 233
5633 192
5634 223
5635 193
5636 159
5637 283
5638 209
5639 176
5640 217
5641 200
5642 166
5643 196
5644 176
5645 282
5646 207
5647 170
5648 202
5649 217
5650 202
5651 191
5652 220
5653 142
5654 198
5655 216
5656 179
5657 162
5658 214
5659 234
5660 187
5661 174
5662 205
5663 190
5664 165
5665 202
5666 189
5667 175
5668 216
5669 204
5670 173
5671 218
5672 175
5673 220
5674 243
5675 140
5676 175
5677 161
5678 225
5679 184
5680 215
5681 188
5682 172
5683 208
5684 164
5685 187
5686 168
5687 262
5688 180
5689 126
5690 0
5691 282
5692 210
5693 157
5694 179
5695 239
5696 165
5697 178
5698 217
5699 184
5700 226
5701 238
5702 150
5703 173
5704 171
5705 262
5706 158
5707 174
5708 218
5709 199
5710 227
5711 155
5712 193
5713 150
5714 182
5715 230
5716 144
5717 189
5718 171
5719 158
5720 173
5721 153
5722 179
5723 228
5724 200
5725 169
5726 203
5727 249
5728 207
5729 193
5730 215
5731 250
5732 226
5733 212
5734 238
5735 228
5736 206
5737 230
5738 167
5739 178
5740 234
5741 207
5742 186
5743 254
5744 174
5745 217
5746 217
5747 211
5748 229
5749 235
5750 204
5751 172
5752 216
5753 214
5754 219
5755 159
5756 181
5757 167
5758 178
5759 138
5760 226
5761 257
5762 181
5763 171
5764 190
5765 166
5766 231
5767 138
5768 221
5769 239
5770 196
5771 197
5772 160
5773 203
5774 197
5775 252
5776 200
5777 230
5778 137
5779 179
5780 256
5781 205
5782 196
5783 173
5784 220
5785 220
5786 199
5787 195
5788 180
5789 186
5790 235
5791 148
5792 204
5793 203
5794 197
5795 148
5796 215
5797 207
5798 229
5799 177
5800 201
5801 197
5802 148
5803 203
5804 172
5805 231
5806 199
5807 116
5808 95
5809 195
5810 197
5811 225
5812 255
5813 220
5814 203
5815 157
5816 192
5817 216
5818 197
5819 159
5820 205
5821 196
5822 250
5823 112
5824 272
5825 188
5826 183
5827 212
5828 156
5829 190
5830 230
5831 276
5832 211
5833 221
5834 219
5835 188
5836 226
5837 174
5838 169
5839 210
5840 216
5841 169
5842 139
5843 172
5844 229
5845 148
5846 231
5847 170
5848 209
5849 253
5850 132
5851 211
5852 196
5853 133
5854 198
5855 162
5856 118
5857 211
5858 160
5859 214
5860 138
5861 169
5862 252
5863 236
5864 185
5865 149
5866 206
5867 127
5868 92
5869 247
5870 197
5871 199
5872 224
5873 164
5874 229
5875 197
5876 217
5877 174
5878 172
5879 196
5880 205
5881 183
5882 153
5883 200
5884 165
5885 206
5886 160
5887 186
5888 174
5889 159
5890 153
5891 235
5892 233
5893 185
5894 318
5895 154
5896 136
5897 175
5898 262
5899 238
5900 228
5901 173
5902 189
5903 222
5904 231
5905 182
5906 182
5907 257
5908 163
5909 187
5910 151
5911 174
5912 174
5913 222
5914 190
5915 230
5916 233
5917 214
5918 191
5919 252
5920 199
5921 155
5922 172
5923 202
5924 196
5925 208
5926 190
5927 190
5928 176
5929 223
5930 221
5931 254
5932 200
5933 211
5934 196
5935 233
5936 195
5937 158
5938 239
5939 179
5940 162
5941 222
5942 248
5943 191
5944 186
5945 160
5946 142
5947 188
5948 187
5949 183
5950 153
5951 224
5952 190
5953 194
5954 128
5955 296
5956 171
5957 178
5958 100
5959 239
5960 214
5961 0
5962 200
5963 214
5964 280
5965 102
5966 217
5967 130
5968 190
5969 165
5970 254
5971 191
5972 244
5973 139
5974 204
5975 194
5976 203
5977 186
5978 168
5979 250
5980 150
5981 240
5982 141
5983 280
5984 220
5985 284
5986 162
5987 210
5988 165
5989 218
5990 131
5991 185
5992 210
5993 169
5994 173
5995 146
5996 224
5997 153
5998 199
5999 154
6000 155
6001 229
6002 212
6003 195
6004 195
6005 214
6006 205
6007 211
6008 140
6009 184
6010 234
6011 220
6012 239
6013 231
6014 232
6015 217
6016 163
6017 165
6018 180
6019 185
6020 203
6021 176
6022 164
6023 178
6024 183
6025 253
6026 155
6027 257
6028 180
6029 246
6030 292
6031 232
6032 223
6033 245
6034 246
6035 190
6036 196
6037 201
6038 272
6039 195
6040 183
6041 214
6042 166
6043 203
6044 225
6045 234
6046 196
6047 192
6048 182
6049 189
6050 231
6051 156
6052 156
6053 221
6054 240
6055 254
6056 226
6057 197
6058 216
6059 212
6060 166
6061 197
6062 172
6063 208
6064 202
6065 182
6066 198
6067 216
6068 193
6069 209
6070 211
6071 145
6072 198
6073 216
6074 181
6075 203
6076 174
6077 226
6078 159
6079 187
6080 242
6081 213
6082 254
6083 237
6084 197
6085 204
6086 164
6087 182
6088 219
6089 234
6090 155
6091 181
6092 220
6093 194
6094 138
6095 260
6096 171
6097 131
6098 197
6099 160
6100 158
6101 208
6102 175
6103 196
6104 223
6105 198
6106 226
6107 244
6108 171
6109 232
6110 223
6111 208
6112 171
6113 172
6114 210
6115 169
6116 0
6117 162
6118 172
6119 126
6120 196
6121 175
6122 178
6123 217
6124 197
6125 207
6126 159
6127 190
6128 165
6129 170
6130 215
6131 242
6132 180
6133 164
6134 264
6135 222
6136 225
6137 186
6138 265
6139 166
6140 281
6141 198
6142 204
6143 172
6144 182
6145 209
6146 191
6147 188
6148 195
6149 137
6150 210
6151 214
6152 232
6153 178
6154 206
6155 0
6156 224
6157 209
6158 175
6159 257
6160 152
6161 198
6162 240
6163 159
6164 235
6165 166
6166 267
6167 202
6168 224
6169 241
6170 252
6171 237
6172 173
6173 186
6174 180
6175 196
6176 204
6177 176
6178 154
6179 234
6180 243
6181 158
6182 227
6183 185
6184 251
6185 162
6186 105
6187 203
6188 202
6189 212
6190 171
6191 218
6192 184
6193 172
6194 243
6195 129
6196 113
6197 186
6198 254
6199 230
6200 251
6201 224
6202 157
6203 174
6204 189
6205 138
6206 209
6207 140
6208 201
6209 219
6210 206
6211 184
6212 201
6213 159
6214 168
6215 230
6216 194
6217 186
6218 246
6219 183
6220 213
6221 202
6222 206
6223 121
6224 209
6225 178
6226 215
6227 194
6228 167
6229 28
6230 236
6231 158
6232 153
6233 187
6234 250
6235 161
6236 163
6237 221
6238 239
6239 208
6240 221
6241 201
6242 209
6243 200
6244 164
6245 0
6246 202
6247 186
6248 210
6249 194
6250 196
6251 212
6252 190
6253 181
6254 255
6255 186
6256 204
6257 188
6258 150
6259 152
6260 199
6261 221
6262 152
6263 198
6264 224
6265 183
6266 167
6267 216
6268 131
6269 226
6270 220
6271 262
6272 227
6273 186
6274 181
6275 139
6276 216
6277 187
6278 174
6279 261
6280 155
6281 237
6282 205
6283 178
6284 208
6285 215
6286 179
6287 188
6288 205
6289 214
6290 168
6291 164
6292 198
6293 177
6294 189
6295 205
6296 223
6297 187
6298 0
6299 205
6300 228
6301 206
6302 221
6303 188
6304 200
6305 207
6306 192
6307 226
6308 107
6309 213
6310 172
6311 185
6312 192
6313 198
6314 186
6315 198
6316 189
6317 258
6318 156
6319 184
6320 214
6321 230
6322 175
6323 232
6324 136
6325 180
6326 212
6327 183
6328 200
6329 190
6330 223
6331 180
6332 235
6333 204
6334 209
6335 173
6336 174
6337 217
6338 232
6339 136
6340 195
6341 231
6342 195
6343 206
6344 204
6345 220
6346 214
6347 183
6348 175
6349 226
6350 163
6351 252
6352 235
6353 194
6354 220
6355 176
6356 167
6357 196
6358 202
6359 170
6360 172
6361 165
6362 209
6363 185
6364 207
6365 186
6366 152
6367 217
6368 201
6369 169
6370 261
6371 166
6372 224
6373 194
6374 234
6375 204
6376 161
6377 180
6378 266
6379 262
6380 291
6381 139
6382 214
6383 209
6384 216
6385 200
6386 203
6387 195
6388 149
6389 284
6390 172
6391 124
6392 187
6393 199
6394 302
6395 188
6396 223
6397 201
6398 106
6399 201
6400 220
6401 208
6402 191
6403 196
6404 175
6405 178
6406 133
6407 206
6408 186
6409 193
6410 193
6411 213
6412 168
6413 252
6414 187
6415 169
6416 175
6417 173
6418 175
6419 229
6420 240
6421 203
6422 227
6423 223
6424 233
6425 230
6426 218
6427 174
6428 250
6429 194
6430 261
6431 179
6432 118
6433 209
6434 190
6435 212
6436 203
6437 233
6438 216
6439 208
6440 266
6441 229
6442 168
6443 175
6444 192
6445 133
6446 64
6447 228
6448 189
6449 193
6450 163
6451 224
6452 159
6453 249
6454 196
6455 223
6456 175
6457 146
6458 238
6459 240
6460 228
6461 198
6462 223
6463 201
6464 133
6465 267
6466 179
6467 186
6468 143
6469 210
6470 199
6471 135
6472 293
6473 223
6474 191
6475 181
6476 150
6477 0
6478 246
6479 206
6480 220
6481 224
6482 202
6483 259
6484 214
6485 234
6486 226
6487 194
6488 190
6489 157
6490 246
6491 179
6492 202
6493 157
6494 207
6495 202
6496 211
6497 196
6498 225
6499 211
6500 187
6501 241
6502 165
6503 215
6504 297
6505 195
6506 197
6507 198
6508 212
6509 164
6510 210
6511 203
6512 197
6513 150
6514 238
6515 172
6516 0
6517 221
6518 225
6519 205
6520 194
6521 182
6522 142
6523 271
6524 260
6525 243
6526 196
6527 226
6528 173
6529 224
6530 224
6531 257
6532 185
6533 178
6534 0
6535 231
6536 238
6537 203
6538 200
6539 155
6540 168
6541 203
6542 162
6543 180
6544 203
6545 210
6546 211
6547 170
6548 164
6549 185
6550 194
6551 189
6552 194
6553 208
6554 121
6555 199
6556 99
6557 256
6558 194
6559 182
6560 207
6561 205
6562 181
6563 224
6564 203
6565 195
6566 201
6567 197
6568 196
6569 195
6570 222
6571 171
6572 118
6573 192
6574 220
6575 243
6576 169
6577 229
6578 224
6579 224
6580 189
6581 202
6582 140
6583 202
6584 191
6585 158
6586 173
6587 169
6588 208
6589 198
6590 185
6591 176
6592 210
6593 0
6594 185
6595 233
6596 245
6597 249
6598 195
6599 266
6600 189
6601 210
6602 192
6603 219
6604 172
6605 209
6606 137
6607 175
6608 136
6609 142
6610 185
6611 219
6612 169
6613 177
6614 156
6615 183
6616 209
6617 170
6618 203
6619 232
6620 170
6621 208
6622 190
6623 121
6624 204
6625 237
6626 241
6627 299
6628 193
6629 219
6630 196
6631 158
6632 178
6633 194
6634 250
6635 178
6636 206
6637 174
6638 176
6639 224
6640 169
6641 253
6642 174
6643 181
6644 188
6645 194
6646 286
6647 188
6648 191
6649 212
6650 144
6651 206
6652 202
6653 201
6654 203
6655 245
6656 212
6657 183
6658 158
6659 184
6660 211
6661 170
6662 176
6663 245
6664 147
6665 201
6666 204
6667 157
6668 228
6669 215
6670 206
6671 221
6672 171
6673 159
6674 200
6675 176
6676 202
6677 224
6678 178
6679 261
6680 242
6681 176
6682 212
6683 228
6684 223
6685 192
6686 242
6687 201
6688 194
6689 238
6690 194
6691 277
6692 174
6693 208
6694 187
6695 219
6696 173
6697 164
6698 224
6699 257
6700 198
6701 210
6702 227
6703 184
6704 188
6705 127
6706 223
6707 199
6708 132
6709 261
6710 227
6711 155
6712 215
6713 186
6714 229
6715 248
6716 148
6717 182
6718 210
6719 182
6720 287
6721 214
6722 210
6723 149
6724 185
6725 174
6726 285
6727 188
6728 245
6729 168
6730 236
6731 173
6732 217
6733 191
6734 232
6735 184
6736 196
6737 208
6738 233
6739 204
6740 184
6741 213
6742 82
6743 212
6744 201
6745 192
6746 221
6747 224
6748 208
6749 209
6750 277
6751 211
6752 159
6753 180
6754 180
6755 237
6756 208
6757 190
6758 197
6759 125
6760 153
6761 190
6762 100
6763 191
6764 226
6765 214
6766 225
6767 227
6768 214
6769 210
6770 185
6771 217
6772 252
6773 216
6774 193
6775 164
6776 236
6777 188
6778 177
6779 242
6780 149
6781 252
6782 240
6783 229
6784 185
6785 199
6786 243
6787 221
6788 236
6789 250
6790 311
6791 161
6792 223
6793 273
6794 155
6795 160
6796 196
6797 180
6798 155
6799 174
6800 70
6801 179
6802 254
6803 201
6804 187
6805 213
6806 139
6807 196
6808 197
6809 210
6810 206
6811 203
6812 245
6813 153
6814 218
6815 178
6816 189
6817 106
6818 266
6819 160
6820 180
6821 196
6822 230
6823 90
6824 132
6825 169
6826 0
6827 238
6828 150
6829 167
6830 235
6831 242
6832 168
6833 179
6834 251
6835 220
6836 234
6837 191
6838 137
6839 167
6840 209
6841 247
6842 188
6843 290
6844 226
6845 203
6846 223
6847 202
6848 174
6849 184
6850 52
6851 205
6852 118
6853 193
6854 172
6855 173
6856 211
6857 236
6858 288
6859 210
6860 148
6861 166
6862 229
6863 194
6864 210
6865 183
6866 215
6867 243
6868 195
6869 176
6870 217
6871 167
6872 177
6873 160
6874 204
6875 198
6876 204
6877 192
6878 191
6879 162
6880 207
6881 168
6882 160
6883 235
6884 223
6885 195
6886 172
6887 197
6888 194
6889 188
6890 206
6891 191
6892 263
6893 199
6894 147
6895 202
6896 170
6897 198
6898 183
6899 160
6900 194
6901 178
6902 199
6903 198
6904 240
6905 222
6906 280
6907 140
6908 188
6909 170
6910 192
6911 152
6912 196
6913 174
6914 221
6915 155
6916 177
6917 153
6918 197
6919 216
6920 214
6921 239
6922 187
6923 201
6924 218
6925 127
6926 160
6927 220
6928 193
6929 184
6930 194
6931 180
6932 205
6933 186
6934 149
6935 118
6936 227
6937 184
6938 133
6939 202
6940 186
6941 177
6942 185
6943 195
6944 122
6945 140
6946 192
6947 163
6948 211
6949 205
6950 132
6951 163
6952 187
6953 204
6954 176
6955 189
6956 290
6957 138
6958 214
6959 215
6960 267
6961 167
6962 189
6963 206
6964 192
6965 286
6966 253
6967 254
6968 164
6969 255
6970 243
6971 222
6972 167
6973 168
6974 218
6975 173
6976 146
6977 130
6978 87
6979 190
6980 188
6981 252
6982 185
6983 169
6984 202
6985 212
6986 213
6987 209
6988 126
6989 196
6990 250
6991 177
6992 231
6993 163
6994 211
6995 136
6996 196
6997 191
6998 151
6999 150
7000 171
7001 209
7002 207
7003 230
7004 180
7005 230
7006 150
7007 162
7008 146
7009 140
7010 232
7011 150
7012 178
7013 159
7014 227
7015 158
7016 182
7017 194
7018 159
7019 158
7020 190
7021 187
7022 213
7023 157
7024 251
7025 161
7026 164
7027 211
7028 260
7029 228
7030 225
7031 230
7032 151
7033 186
7034 186
7035 283
7036 191
7037 194
7038 281
7039 173
7040 185
7041 199
7042 148
7043 160
7044 194
7045 203
7046 141
7047 216
7048 175
7049 193
7050 212
7051 190
7052 178
7053 239
7054 205
7055 213
7056 324
7057 217
7058 168
7059 208
7060 192
7061 295
7062 136
7063 196
7064 248
7065 205
7066 149
7067 0
7068 185
7069 208
7070 155
7071 301
7072 252
7073 144
7074 214
7075 195
7076 188
7077 149
7078 169
7079 242
7080 216
7081 251
7082 207
7083 232
7084 213
7085 223
7086 222
7087 201
7088 201
7089 179
7090 217
7091 213
7092 159
7093 236
7094 183
7095 230
7096 259
7097 202
7098 196
7099 132
7100 179
7101 255
7102 223
7103 218
7104 198
7105 169
7106 236
7107 221
7108 158
7109 169
7110 181
7111 190
7112 153
7113 198
7114 221
7115 185
7116 210
7117 205
7118 177
7119 233
7120 199
7121 183
7122 168
7123 125
7124 133
7125 191
7126 180
7127 258
7128 162
7129 240
7130 238
7131 232
7132 193
7133 201
7134 204
7135 177
7136 112
7137 239
7138 207
7139 225
7140 187
7141 194
7142 175
7143 190
7144 204
7145 262
7146 202
7147 180
7148 151
7149 143
7150 189
7151 230
7152 242
7153 257
7154 173
7155 200
7156 135
7157 195
7158 194
7159 199
7160 173
7161 212
7162 197
7163 222
7164 224
7165 180
7166 224
7167 190
7168 161
7169 187
7170 229
7171 178
7172 205
7173 176
7174 247
7175 150
7176 201
7177 180
7178 206
7179 176
7180 204
7181 241
7182 209
7183 286
7184 167
7185 205
7186 210
7187 187
7188 152
7189 176
7190 178
7191 0
7192 127
7193 222
7194 189
7195 192
7196 184
7197 152
7198 190
7199 192
7200 219
7201 219
7202 238
7203 199
7204 202
7205 192
7206 199
7207 182
7208 246
7209 164
7210 212
7211 198
7212 158
7213 207
7214 186
7215 223
7216 193
7217 218
7218 181
7219 149
7220 209
7221 183
7222 232
7223 172
7224 220
7225 252
7226 189
7227 227
7228 157
7229 228
7230 225
7231 182
7232 228
7233 185
7234 152
7235 211
7236 184
7237 188
7238 228
7239 101
7240 184
7241 205
7242 213
7243 195
7244 217
7245 174
7246 138
7247 261
7248 187
7249 203
7250 206
7251 196
7252 118
7253 217
7254 170
7255 183
7256 165
7257 202
7258 262
7259 173
7260 249
7261 158
7262 193
7263 211
7264 148
7265 174
7266 201
7267 196
7268 173
7269 245
7270 181
7271 180
7272 166
7273 221
7274 186
7275 179
7276 162
7277 204
7278 191
7279 198
7280 217
7281 213
7282 188
7283 218
7284 198
7285 234
7286 181
7287 186
7288 207
7289 207
7290 214
7291 208
7292 238
7293 214
7294 189
7295 174
7296 202
7297 212
7298 216
7299 170
7300 193
7301 148
7302 180
7303 103
7304 190
7305 238
7306 168
7307 236
7308 169
7309 235
7310 163
7311 147
7312 183
7313 160
7314 189
7315 191
7316 183
7317 142
7318 237
7319 258
7320 204
7321 179
7322 193
7323 187
7324 192
7325 183
7326 185
7327 211
7328 198
7329 187
7330 196
7331 147
7332 185
7333 166
7334 207
7335 175
7336 230
7337 250
7338 215
7339 200
7340 201
7341 226
7342 211
7343 231
7344 123
7345 196
7346 188
7347 211
7348 123
7349 167
7350 195
7351 190
7352 225
7353 217
7354 216
7355 199
7356 178
7357 147
7358 231
7359 217
7360 259
7361 0
7362 221
7363 172
7364 207
7365 185
7366 213
7367 113
7368 50
7369 226
7370 172
7371 227
7372 222
7373 174
7374 216
7375 224
7376 206
7377 179
7378 215
7379 209
7380 171
7381 161
7382 204
7383 202
7384 62
7385 143
7386 247
7387 225
7388 179
7389 161
7390 207
7391 190
7392 158
7393 213
7394 223
7395 148
7396 222
7397 191
7398 176
7399 216
7400 204
7401 166
7402 218
7403 200
7404 234
7405 247
7406 140
7407 209
7408 160
7409 175
7410 218
7411 126
7412 241
7413 211
7414 169
7415 203
7416 164
7417 177
7418 205
7419 206
7420 193
7421 158
7422 200
7423 207
7424 216
7425 201
7426 214
7427 212
7428 155
7429 116
7430 159
7431 270
7432 117
7433 253
7434 216
7435 0
7436 158
7437 164
7438 197
7439 167
7440 174
7441 218
7442 242
7443 149
7444 206
7445 152
7446 141
7447 140
7448 201
7449 200
7450 181
7451 191
7452 171
7453 172
7454 171
7455 142
7456 182
7457 140
7458 215
7459 242
7460 220
7461 177
7462 164
7463 228
7464 204
7465 0
7466 217
7467 232
7468 194
7469 183
7470 119
7471 147
7472 280
7473 206
7474 219
7475 147
7476 157
7477 216
7478 147
7479 222
7480 201
7481 175
7482 152
7483 184
7484 120
7485 220
7486 335
7487 180
7488 209
7489 115
7490 212
7491 233
7492 219
7493 198
7494 141
7495 224
7496 201
7497 209
7498 195
7499 163
7500 161
7501 195
7502 206
7503 284
7504 196
7505 161
7506 232
7507 150
7508 179
7509 228
7510 211
7511 199
7512 171
7513 156
7514 233
7515 204
7516 182
7517 157
7518 186
7519 233
7520 175
7521 291
7522 141
7523 142
7524 188
7525 197
7526 171
7527 166
7528 267
7529 135
7530 260
7531 202
7532 223
7533 182
7534 220
7535 221
7536 232
7537 122
7538 225
7539 165
7540 172
7541 198
7542 284
7543 224
7544 216
7545 164
7546 164
7547 242
7548 178
7549 200
7550 217
7551 201
7552 201
7553 208
7554 206
7555 119
7556 249
7557 226
7558 144
7559 210
7560 217
7561 192
7562 217
7563 143
7564 280
7565 88
7566 253
7567 194
7568 272
7569 219
7570 201
7571 255
7572 221
7573 244
7574 219
7575 131
7576 180
7577 233
7578 173
7579 224
7580 206
7581 204
7582 203
7583 242
7584 231
7585 238
7586 194
7587 166
7588 224
7589 172
7590 218
7591 180
7592 239
7593 155
7594 187
7595 195
7596 161
7597 150
7598 158
7599 150
7600 224
7601 202
7602 215
7603 225
7604 152
7605 212
7606 199
7607 217
7608 180
7609 183
7610 168
7611 334
7612 231
7613 246
7614 221
7615 162
7616 231
7617 220
7618 182
7619 158
7620 159
7621 177
7622 168
7623 235
7624 219
7625 112
7626 196
7627 164
7628 194
7629 225
7630 236
7631 165
7632 121
7633 236
7634 304
7635 221
7636 169
7637 157
7638 235
7639 197
7640 179
7641 187
7642 185
7643 225
7644 208
7645 245
7646 214
7647 221
7648 177
7649 233
7650 214
7651 190
7652 0
7653 153
7654 197
7655 173
7656 216
7657 178
7658 192
7659 157
7660 191
7661 0
7662 188
7663 174
7664 146
7665 159
7666 258
7667 215
7668 209
7669 248
7670 207
7671 203
7672 155
7673 283
7674 188
7675 221
7676 233
7677 114
7678 105
7679 200
7680 177
7681 220
7682 196
7683 143
7684 223
7685 277
7686 165
7687 197
7688 180
7689 167
7690 202
7691 178
7692 218
7693 198
7694 177
7695 133
7696 177
7697 266
7698 223
7699 218
7700 177
7701 189
7702 173
7703 197
7704 195
7705 174
7706 174
7707 209
7708 177
7709 196
7710 204
7711 159
7712 169
7713 177
7714 223
7715 208
7716 209
7717 180
7718 219
7719 209
7720 184
7721 175
7722 208
7723 144
7724 222
7725 244
7726 200
7727 181
7728 177
7729 196
7730 246
7731 213
7732 196
7733 99
7734 198
7735 126
7736 280
7737 148
7738 206
7739 208
7740 179
7741 255
7742 209
7743 178
7744 166
7745 171
7746 153
7747 206
7748 156
7749 223
7750 210
7751 193
7752 254
7753 179
7754 222
7755 204
7756 275
7757 228
7758 205
7759 182
7760 187
7761 253
7762 184
7763 206
7764 0
7765 209
7766 201
7767 190
7768 219
7769 249
7770 165
7771 182
7772 277
7773 324
7774 188
7775 214
7776 157
7777 171
7778 177
7779 237
7780 189
7781 217
7782 230
7783 192
7784 138
7785 194
7786 179
7787 188
7788 195
7789 211
7790 248
7791 153
7792 234
7793 201
7794 189
7795 172
7796 207
7797 239
7798 199
7799 152
7800 206
7801 207
7802 147
7803 223
7804 153
7805 229
7806 99
7807 159
7808 215
7809 231
7810 216
7811 185
7812 194
7813 190
7814 206
7815 231
7816 204
7817 0
7818 188
7819 206
7820 206
7821 194
7822 255
7823 207
7824 129
7825 160
7826 188
7827 270
7828 204
7829 191
7830 205
7831 211
7832 166
7833 0
7834 209
7835 205
7836 158
7837 160
7838 152
7839 148
7840 188
7841 191
7842 214
7843 137
7844 195
7845 270
7846 238
7847 191
7848 166
7849 202
7850 233
7851 282
7852 198
7853 288
7854 206
7855 139
7856 215
7857 205
7858 200
7859 198
7860 225
7861 219
7862 169
7863 194
7864 226
7865 174
7866 165
7867 176
7868 218
7869 119
7870 202
7871 222
7872 188
7873 235
7874 149
7875 223
7876 170
7877 167
7878 176
7879 150
7880 211
7881 214
7882 211
7883 152
7884 216
7885 108
7886 197
7887 230
7888 246
7889 237
7890 239
7891 106
7892 131
7893 202
7894 225
7895 170
7896 168
7897 185
7898 181
7899 181
7900 201
7901 225
7902 219
7903 242
7904 254
7905 213
7906 158
7907 65
7908 240
7909 182
7910 226
7911 198
7912 202
7913 150
7914 268
7915 222
7916 179
7917 160
7918 209
7919 184
7920 156
7921 204
7922 183
7923 192
7924 176
7925 195
7926 258
7927 144
7928 211
7929 181
7930 246
7931 178
7932 215
7933 208
7934 151
7935 216
7936 175
7937 163
7938 206
7939 203
7940 260
7941 173
7942 178
7943 189
7944 209
7945 100
7946 192
7947 202
7948 205
7949 126
7950 181
7951 178
7952 207
7953 156
7954 192
7955 204
7956 154
7957 208
7958 175
7959 207
7960 174
7961 202
7962 184
7963 197
7964 231
7965 179
7966 243
7967 235
7968 220
7969 203
7970 182
7971 199
7972 202
7973 115
7974 223
7975 200
7976 180
7977 230
7978 207
7979 197
7980 225
7981 159
7982 167
7983 151
7984 187
7985 195
7986 208
7987 45
7988 130
7989 177
7990 0
7991 214
7992 192
7993 152
7994 188
7995 283
7996 218
7997 184
7998 132
7999 151
8000 244
8001 209
8002 233
8003 239
8004 148
8005 176
8006 141
8007 126
8008 122
8009 218
8010 161
8011 203
8012 202
8013 210
8014 196
8015 219
8016 232
8017 180
8018 228
8019 176
8020 229
8021 225
8022 133
8023 252
8024 0
8025 182
8026 186
8027 231
8028 180
8029 179
8030 105
8031 224
8032 149
8033 176
8034 156
8035 191
8036 166
8037 219
8038 210
8039 177
8040 170
8041 220
8042 145
8043 188
8044 160
8045 187
8046 200
8047 239
8048 169
8049 170
8050 199
8051 213
8052 172
8053 220
8054 185
8055 209
8056 199
8057 207
8058 207
8059 202
8060 213
8061 165
8062 195
8063 194
8064 174
8065 230
8066 154
8067 251
8068 204
8069 207
8070 158
8071 220
8072 179
8073 224
8074 219
8075 226
8076 149
8077 230
8078 136
8079 177
8080 265
8081 191
8082 202
8083 215
8084 132
8085 210
8086 221
8087 275
8088 166
8089 235
8090 162
8091 175
8092 179
8093 136
8094 218
8095 197
8096 199
8097 238
8098 164
8099 199
8100 191
8101 149
8102 216
8103 190
8104 175
8105 226
8106 214
8107 229
8108 241
8109 183
8110 207
8111 210
8112 212
8113 198
8114 212
8115 213
8116 249
8117 238
8118 284
8119 186
8120 237
8121 192
8122 149
8123 122
8124 163
8125 251
8126 196
8127 216
8128 176
8129 194
8130 174
8131 212
8132 259
8133 178
8134 186
8135 181
8136 250
8137 212
8138 211
8139 233
8140 167
8141 137
8142 221
8143 197
8144 169
8145 250
8146 198
8147 224
8148 227
8149 200
8150 189
8151 251
8152 183
8153 188
8154 182
8155 104
8156 174
8157 187
8158 207
8159 172
8160 232
8161 212
8162 200
8163 133
8164 252
8165 144
8166 202
8167 212
8168 174
8169 147
8170 152
8171 167
8172 214
8173 155
8174 198
8175 165
8176 217
8177 199
8178 122
8179 95
8180 282
8181 132
8182 116
8183 164
8184 268
8185 223
8186 213
8187 143
8188 194
8189 251
8190 226
8191 213
8192 225
8193 189
8194 0
8195 185
8196 139
8197 227
8198 161
8199 214
8200 201
8201 242
8202 232
8203 181
8204 260
8205 215
8206 204
8207 231
8208 218
8209 193
8210 183
8211 232
8212 186
8213 210
8214 176
8215 194
8216 210
8217 180
8218 182
8219 191
8220 174
8221 183
8222 211
8223 239
8224 221
8225 213
8226 200
8227 220
8228 196
8229 192
8230 183
8231 172
8232 144
8233 191
8234 171
8235 186
8236 222
8237 138
8238 210
8239 228
8240 153
8241 186
8242 182
8243 158
8244 197
8245 159
8246 166
8247 189
8248 173
8249 175
8250 195
8251 219
8252 181
8253 209
8254 217
8255 203
8256 208
8257 223
8258 222
8259 179
8260 231
8261 164
8262 146
8263 187
8264 163
8265 237
8266 144
8267 284
8268 146
8269 220
8270 124
8271 235
8272 231
8273 220
8274 131
8275 216
8276 191
8277 153
8278 150
8279 231
8280 261
8281 264
8282 192
8283 208
8284 224
8285 151
8286 163
8287 177
8288 231
8289 151
8290 198
8291 251
8292 210
8293 212
8294 159
8295 191
8296 149
8297 237
8298 215
8299 140
8300 231
8301 157
8302 177
8303 212
8304 129
8305 231
8306 249
8307 199
8308 193
8309 249
8310 202
8311 164
8312 271
8313 210
8314 234
8315 223
8316 245
8317 166
8318 199
8319 162
8320 197
8321 218
8322 197
8323 193
8324 174
8325 189
8326 221
8327 245
8328 196
8329 229
8330 210
8331 177
8332 219
8333 156
8334 256
8335 213
8336 239
8337 178
8338 172
8339 203
8340 236
8341 159
8342 228
8343 209
8344 163
8345 207
8346 190
8347 162
8348 177
8349 209
8350 158
8351 214
8352 218
8353 151
8354 174
8355 266
8356 193
8357 203
8358 237
8359 285
8360 149
8361 220
8362 175
8363 228
8364 280
8365 188
8366 180
8367 194
8368 159
8369 203
8370 224
8371 199
8372 191
8373 141
8374 286
8375 258
8376 182
8377 280
8378 164
8379 179
8380 187
8381 246
8382 197
8383 186
8384 225
8385 223
8386 152
8387 170
8388 207
8389 203
8390 227
8391 211
8392 220
8393 151
8394 162
8395 179
8396 142
8397 189
8398 216
8399 201
8400 211
8401 217
8402 226
8403 182
8404 113
8405 155
8406 200
8407 215
8408 223
8409 206
8410 210
8411 215
8412 165
8413 218
8414 311
8415 228
8416 200
8417 173
8418 158
8419 154
8420 232
8421 152
8422 205
8423 156
8424 165
8425 191
8426 190
8427 162
8428 166
8429 202
8430 201
8431 159
8432 160
8433 167
8434 238
8435 196
8436 190
8437 196
8438 158
8439 185
8440 200
8441 202
8442 197
8443 183
8444 207
8445 194
8446 186
8447 135
8448 274
8449 237
8450 168
8451 140
8452 216
8453 183
8454 261
8455 185
8456 269
8457 172
8458 149
8459 261
8460 197
8461 204
8462 245
8463 215
8464 216
8465 146
8466 190
8467 197
8468 240
8469 221
8470 225
8471 159
8472 215
8473 184
8474 136
8475 154
8476 176
8477 195
8478 258
8479 231
8480 242
8481 197
8482 217
8483 249
8484 205
8485 212
8486 177
8487 240
8488 236
8489 96
8490 190
8491 181
8492 199
8493 237
8494 144
8495 202
8496 157
8497 222
8498 164
8499 187
8500 206
8501 149
8502 145
8503 208
8504 165
8505 272
8506 268
8507 210
8508 201
8509 145
8510 186
8511 231
8512 226
8513 188
8514 255
8515 254
8516 146
8517 215
8518 210
8519 216
8520 213
8521 175
8522 214
8523 139
8524 206
8525 222
8526 262
8527 191
8528 130
8529 141
8530 212
8531 231
8532 188
8533 216
8534 225
8535 199
8536 179
8537 232
8538 164
8539 176
8540 171
8541 199
8542 0
8543 243
8544 283
8545 210
8546 203
8547 231
8548 241
8549 220
8550 208
8551 223
8552 192
8553 209
8554 230
8555 204
8556 182
8557 185
8558 149
8559 211
8560 227
8561 228
8562 0
8563 200
8564 84
8565 228
8566 238
8567 219
8568 168
8569 181
8570 215
8571 231
8572 198
8573 180
8574 178
8575 196
8576 213
8577 222
8578 260
8579 254
8580 181
8581 177
8582 235
8583 178
8584 157
8585 250
8586 226
8587 191
8588 193
8589 213
8590 173
8591 198
8592 199
8593 188
8594 181
8595 201
8596 176
8597 153
8598 178
8599 151
8600 210
8601 207
8602 260
8603 208
8604 162
8605 239
8606 232
8607 207
8608 195
8609 209
8610 191
8611 221
8612 168
8613 210
8614 236
8615 240
8616 227
8617 166
8618 167
8619 202
8620 227
8621 199
8622 145
8623 209
8624 216
8625 194
8626 204
8627 202
8628 255
8629 0
8630 165
8631 185
8632 222
8633 132
8634 265
8635 223
8636 213
8637 185
8638 193
8639 214
8640 208
8641 181
8642 220
8643 209
8644 224
8645 150
8646 189
8647 107
8648 216
8649 150
8650 193
8651 192
8652 201
8653 170
8654 122
8655 236
8656 107
8657 185
8658 248
8659 206
8660 218
8661 208
8662 191
8663 224
8664 181
8665 205
8666 180
8667 203
8668 127
8669 197
8670 155
8671 215
8672 200
8673 176
8674 255
8675 169
8676 220
8677 181
8678 199
8679 229
8680 211
8681 221
8682 159
8683 215
8684 216
8685 194
8686 215
8687 193
8688 214
8689 182
8690 181
8691 182
8692 182
8693 177
8694 194
8695 162
8696 169
8697 161
8698 256
8699 196
8700 213
8701 185
8702 200
8703 232
8704 124
8705 192
8706 184
8707 155
8708 266
8709 205
8710 153
8711 160
8712 194
8713 210
8714 238
8715 247
8716 195
8717 134
8718 147
8719 213
8720 224
8721 229
8722 189
8723 151
8724 156
8725 187
8726 195
8727 237
8728 196
8729 173
8730 114
8731 202
8732 146
8733 167
8734 251
8735 197
8736 224
8737 161
8738 176
8739 187
8740 203
8741 209
8742 179
8743 93
8744 205
8745 206
8746 191
8747 258
8748 234
8749 227
8750 229
8751 228
8752 231
8753 152
8754 220
8755 154
8756 243
8757 199
8758 240
8759 222
8760 179
8761 160
8762 196
8763 211
8764 176
8765 201
8766 209
8767 209
8768 169
8769 223
8770 190
8771 268
8772 228
8773 118
8774 140
8775 198
8776 228
8777 190
8778 86
8779 226
8780 226
8781 181
8782 0
8783 232
8784 146
8785 131
8786 234
8787 195
8788 235
8789 169
8790 224
8791 161
8792 183
8793 188
8794 242
8795 200
8796 229
8797 260
8798 189
8799 163
8800 197
8801 127
8802 210
8803 200
8804 187
8805 237
8806 176
8807 191
8808 173
8809 171
8810 252
8811 175
8812 188
8813 228
8814 173
8815 212
8816 225
8817 223
8818 252
8819 176
8820 175
8821 161
8822 128
8823 189
8824 271
8825 275
8826 246
8827 170
8828 221
8829 194
8830 207
8831 185
8832 180
8833 233
8834 158
8835 133
8836 224
8837 159
8838 235
8839 248
8840 194
8841 166
8842 215
8843 267
8844 178
8845 217
8846 224
8847 195
8848 172
8849 179
8850 166
8851 245
8852 179
8853 214
8854 124
8855 210
8856 176
8857 226
8858 155
8859 159
8860 169
8861 200
8862 199
8863 236
8864 199
8865 237
8866 231
8867 133
8868 218
8869 248
8870 169
8871 226
8872 113
8873 152
8874 177
8875 208
8876 194
8877 190
8878 176
8879 152
8880 224
8881 193
8882 271
8883 208
8884 238
8885 210
8886 174
8887 182
8888 174
8889 216
8890 272
8891 224
8892 159
8893 202
8894 262
8895 212
8896 289
8897 158
8898 194
8899 199
8900 169
8901 268
8902 159
8903 222
8904 166
8905 210
8906 257
8907 174
8908 256
8909 172
8910 198
8911 170
8912 224
8913 188
8914 218
8915 187
8916 425
8917 206
8918 234
8919 229
8920 244
8921 262
8922 179
8923 172
8924 169
8925 213
8926 206
8927 189
8928 173
8929 233
8930 173
8931 177
8932 203
8933 202
8934 227
8935 231
8936 155
8937 176
8938 226
8939 287
8940 156
8941 207
8942 111
8943 189
8944 210
8945 171
8946 212
8947 138
8948 188
8949 178
8950 194
8951 134
8952 180
8953 147
8954 189
8955 200
8956 177
8957 214
8958 167
8959 200
8960 217
8961 203
8962 242
8963 222
8964 237
8965 210
8966 205
8967 221
8968 162
8969 215
8970 187
8971 214
8972 247
8973 160
8974 206
8975 204
8976 149
8977 237
8978 0
8979 175
8980 187
8981 222
8982 225
8983 187
8984 190
8985 238
8986 151
8987 205
8988 186
8989 210
8990 233
8991 259
8992 247
8993 131
8994 165
8995 163
8996 186
8997 232
8998 228
8999 206
9000 167
9001 187
9002 122
9003 214
9004 227
9005 145
9006 235
9007 193
9008 141
9009 213
9010 195
9011 226
9012 207
9013 262
9014 204
9015 180
9016 168
9017 176
9018 164
9019 186
9020 0
9021 196
9022 247
9023 267
9024 182
9025 196
9026 178
9027 179
9028 203
9029 218
9030 226
9031 197
9032 110
9033 222
9034 227
9035 243
9036 215
9037 194
9038 220
9039 169
9040 163
9041 179
9042 241
9043 202
9044 216
9045 193
9046 229
9047 219
9048 172
9049 260
9050 215
9051 122
9052 141
9053 198
9054 235
9055 72
9056 207
9057 213
9058 168
9059 170
9060 224
9061 219
9062 226
9063 251
9064 155
9065 251
9066 198
9067 246
9068 134
9069 218
9070 244
9071 188
9072 196
9073 174
9074 217
9075 198
9076 194
9077 177
9078 219
9079 131
9080 166
9081 184
9082 183
9083 249
9084 201
9085 144
9086 137
9087 207
9088 186
9089 158
9090 238
9091 133
9092 251
9093 186
9094 183
9095 221
9096 171
9097 256
9098 170
9099 221
9100 246
9101 243
9102 209
9103 185
9104 207
9105 189
9106 187
9107 185
9108 232
9109 258
9110 221
9111 174
9112 212
9113 168
9114 171
9115 181
9116 196
9117 181
9118 206
9119 157
9120 194
9121 153
9122 198
9123 233
9124 228
9125 215
9126 190
9127 184
9128 203
9129 222
9130 195
9131 186
9132 154
9133 111
9134 275
9135 178
9136 204
9137 178
9138 206
9139 171
9140 217
9141 235
9142 184
9143 138
9144 186
9145 259
9146 164
9147 236
9148 219
9149 186
9150 194
9151 183
9152 208
9153 151
9154 213
9155 160
9156 149
9157 224
9158 187
9159 235
9160 153
9161 183
9162 194
9163 211
9164 181
9165 274
9166 311
9167 0
9168 216
9169 162
9170 141
9171 222
9172 217
9173 192
9174 209
9175 0
9176 197
9177 189
9178 212
9179 238
9180 211
9181 177
9182 176
9183 236
9184 195
9185 166
9186 230
9187 138
9188 205
9189 228
9190 181
9191 170
9192 202
9193 264
9194 165
9195 234
9196 228
9197 160
9198 209
9199 201
9200 238
9201 122
9202 214
9203 201
9204 176
9205 215
9206 231
9207 175
9208 222
9209 235
9210 212
9211 199
9212 176
9213 223
9214 198
9215 204
9216 159
9217 160
9218 197
9219 171
9220 193
9221 175
9222 76
9223 226
9224 181
9225 195
9226 189
9227 153
9228 190
9229 0
9230 195
9231 173
9232 247
9233 163
9234 192
9235 186
9236 214
9237 152
9238 272
9239 192
9240 182
9241 132
9242 205
9243 150
9244 163
9245 124
9246 190
9247 187
9248 202
9249 187
9250 166
9251 183
9252 236
9253 291
9254 208
9255 190
9256 160
9257 237
9258 125
9259 201
9260 147
9261 203
9262 160
9263 300
9264 227
9265 226
9266 270
9267 212
9268 180
9269 246
9270 156
9271 162
9272 221
9273 135
9274 190
9275 186
9276 231
9277 221
9278 242
9279 108
9280 225
9281 177
9282 123
9283 199
9284 218
9285 205
9286 166
9287 187
9288 210
9289 234
9290 206
9291 202
9292 167
9293 213
9294 235
9295 196
9296 196
9297 196
9298 236
9299 190
9300 269
9301 207
9302 194
9303 183
9304 199
9305 188
9306 251
9307 230
9308 166
9309 113
9310 188
9311 222
9312 188
9313 206
9314 201
9315 215
9316 216
9317 158
9318 164
9319 227
9320 139
9321 270
9322 236
9323 210
9324 188
9325 158
9326 235
9327 197
9328 165
9329 211
9330 178
9331 146
9332 197
9333 338
9334 198
9335 196
9336 292
9337 153
9338 196
9339 168
9340 119
9341 188
9342 170
9343 172
9344 139
9345 177
9346 206
9347 208
9348 232
9349 160
9350 229
9351 203
9352 214
9353 169
9354 152
9355 201
9356 215
9357 167
9358 222
9359 207
9360 185
9361 227
9362 127
9363 241
9364 203
9365 184
9366 235
9367 284
9368 203
9369 221
9370 175
9371 0
9372 154
9373 172
9374 197
9375 185
9376 218
9377 171
9378 195
9379 223
9380 200
9381 118
9382 188
9383 230
9384 221
9385 175
9386 268
9387 187
9388 201
9389 206
9390 175
9391 183
9392 216
9393 178
9394 194
9395 204
9396 210
9397 199
9398 223
9399 197
9400 266
9401 139
9402 202
9403 194
9404 197
9405 206
9406 161
9407 117
9408 184
9409 231
9410 155
9411 213
9412 140
9413 257
9414 236
9415 259
9416 181
9417 185
9418 256
9419 193
9420 202
9421 111
9422 176
9423 203
9424 166
9425 171
9426 227
9427 185
9428 190
9429 236
9430 175
9431 236
9432 214
9433 241
9434 172
9435 125
9436 265
9437 221
9438 174
9439 169
9440 177
9441 171
9442 151
9443 196
9444 184
9445 203
9446 220
9447 183
9448 113
9449 227
9450 235
9451 158
9452 252
9453 256
9454 203
9455 200
9456 213
9457 196
9458 200
9459 212
9460 169
9461 201
9462 161
9463 192
9464 221
9465 151
9466 189
9467 182
9468 194
9469 0
9470 188
9471 231
9472 215
9473 204
9474 207
9475 243
9476 164
9477 251
9478 257
9479 175
9480 215
9481 205
9482 213
9483 239
9484 83
9485 171
9486 103
9487 213
9488 215
9489 180
9490 153
9491 196
9492 225
9493 188
9494 217
9495 279
9496 238
9497 213
9498 222
9499 138
9500 191
9501 180
9502 292
9503 170
9504 221
9505 287
9506 194
9507 219
9508 217
9509 165
9510 230
9511 213
9512 263
9513 207
9514 181
9515 225
9516 212
9517 113
9518 200
9519 181
9520 181
9521 220
9522 184
9523 144
9524 160
9525 221
9526 198
9527 186
9528 178
9529 211
9530 224
9531 223
9532 205
9533 192
9534 173
9535 234
9536 129
9537 188
9538 228
9539 156
9540 178
9541 191
9542 165
9543 218
9544 171
9545 256
9546 156
9547 257
9548 144
9549 177
9550 190
9551 186
9552 260
9553 216
9554 180
9555 167
9556 254
9557 202
9558 167
9559 221
9560 230
9561 209
9562 208
9563 250
9564 121
9565 213
9566 191
9567 170
9568 143
9569 224
9570 209
9571 200
9572 209
9573 175
9574 177
9575 226
9576 198
9577 214
9578 221
9579 201
9580 167
9581 198
9582 157
9583 191
9584 153
9585 218
9586 154
9587 243
9588 132
9589 202
9590 219
9591 213
9592 189
9593 220
9594 169
9595 192
9596 188
9597 215
9598 146
9599 207
9600 196
9601 150
9602 184
9603 212
9604 190
9605 273
9606 248
9607 173
9608 169
9609 220
9610 215
9611 201
9612 177
9613 276
9614 237
9615 189
9616 165
9617 277
9618 217
9619 170
9620 190
9621 245
9622 192
9623 212
9624 222
9625 186
9626 127
9627 188
9628 190
9629 170
9630 239
9631 206
9632 201
9633 163
9634 258
9635 207
9636 203
9637 212
9638 186
9639 185
9640 214
9641 229
9642 224
9643 186
9644 214
9645 191
9646 194
9647 228
9648 177
9649 175
9650 213
9651 193
9652 166
9653 175
9654 188
9655 238
9656 215
9657 205
9658 206
9659 293
9660 171
9661 144
9662 193
9663 197
9664 160
9665 257
9666 196
9667 175
9668 216
9669 256
9670 179
9671 146
9672 215
9673 111
9674 244
9675 177
9676 313
9677 296
9678 186
9679 208
9680 210
9681 198
9682 250
9683 233
9684 186
9685 264
9686 240
9687 185
9688 164
9689 187
9690 205
9691 184
9692 251
9693 181
9694 197
9695 217
9696 128
9697 210
9698 215
9699 195
