Vertices: 3600
Edges: 18000
Time: 1,827 ms
Iterations: 17849
Vertex Distance
0 0
1 189
2 154
3 269
4 244
5 282
6 174
7 196
8 214
9 175
10 110
11 117
12 154
13 216
14 170
15 248
16 105
17 132
18 232
19 183
20 200
21 0
22 205
23 167
24 156
25 187
26 171
27 229
28 242
29 138
30 164
31 161
32 117
33 184
34 142
35 206
36 162
37 148
38 118
39 188
40 197
41 198
42 143
43 230
44 271
45 209
46 156
47 175
48 145
49 187
50 169
51 141
52 194
53 210
54 173
55 181
56 158
57 126
58 160
59 141
60 143
61 181
62 162
63 160
64 120
65 135
66 168
67 201
68 217
69 169
70 207
71 153
72 174
73 147
74 225
75 172
76 137
77 231
78 200
79 192
80 147
81 59
82 159
83 213
84 208
85 146
86 69
87 183
88 201
89 172
90 216
91 148
92 238
93 192
94 128
95 196
96 134
97 203
98 159
99 173
100 161
101 178
102 150
103 198
104 135
105 182
106 210
107 171
108 281
109 192
110 162
111 166
112 181
113 157
114 167
115 176
116 218
117 169
118 157
119 187
120 163
121 204
122 210
123 187
124 221
125 124
126 153
127 85
128 176
129 201
130 174
131 179
132 209
133 166
134 140
135 162
136 223
137 195
138 172
139 133
140 144
141 206
142 179
143 168
144 180
145 164
146 213
147 190
148 198
149 107
150 171
151 154
152 137
153 125
154 182
155 169
156 116
157 250
158 283
159 167
160 219
161 128
162 130
163 0
164 157
165 155
166 156
167 168
168 178
169 157
170 191
171 184
172 138
173 151
174 169
175 146
176 177
177 219
178 133
179 181
180 190
181 187
182 193
183 185
184 116
185 154
186 198
187 172
188 208
189 175
190 173
191 181
192 213
193 172
194 165
195 204
196 97
197 180
198 240
199 224
200 298
201 181
202 158
203 146
204 174
205 146
206 178
207 201
208 118
209 157
210 191
211 118
212 187
213 160
214 110
215 161
216 177
217 198
218 143
219 150
220 152
221 168
222 150
223 173
224 188
225 188
226 191
227 116
228 159
229 205
230 194
231 153
232 235
233 163
234 253
235 192
236 161
237 166
238 219
239 237
240 134
241 202
242 206
243 206
244 185
245 169
246 206
247 117
248 217
249 213
250 130
251 157
252 171
253 258
254 71
255 154
256 174
257 186
258 187
259 154
260 203
261 186
262 156
263 159
264 159
265 184
266 194
267 138
268 179
269 230
270 147
271 170
272 169
273 228
274 172
275 136
276 183
277 243
278 177
279 193
280 186
281 269
282 156
283 137
284 159
285 162
286 93
287 168
288 135
289 161
290 174
291 49
292 251
293 195
294 196
295 151
296 175
297 190
298 227
299 192
300 166
301 185
302 7
303 179
304 92
305 168
306 131
307 167
308 154
309 130
310 170
311 135
312 179
313 178
314 175
315 152
316 208
317 158
318 126
319 235
320 187
321 103
322 233
323 157
324 208
325 176
326 119
327 199
328 135
329 133
330 183
331 156
332 198
333 119
334 158
335 186
336 145
337 186
338 205
339 111
340 180
341 177
342 121
343 154
344 187
345 187
346 166
347 164
348 171
349 146
350 171
351 159
352 202
353 232
354 177
355 145
356 139
357 189
358 203
359 111
360 121
361 95
362 181
363 132
364 214
365 177
366 197
367 184
368 161
369 161
370 139
371 152
372 127
373 183
374 167
375 167
376 212
377 189
378 176
379 156
380 195
381 153
382 141
383 168
384 144
385 152
386 174
387 216
388 128
389 139
390 193
391 162
392 163
393 186
394 176
395 95
396 157
397 214
398 146
399 156
400 187
401 186
402 229
403 194
404 255
405 177
406 150
407 213
408 252
409 126
410 184
411 163
412 100
413 215
414 168
415 154
416 130
417 175
418 253
419 185
420 148
421 240
422 180
423 131
424 123
425 163
426 189
427 172
428 166
429 164
430 166
431 215
432 199
433 176
434 252
435 201
436 171
437 159
438 82
439 194
440 166
441 155
442 173
443 136
444 179
445 156
446 163
447 237
448 206
449 186
450 214
451 217
452 188
453 199
454 106
455 176
456 162
457 207
458 158
459 204
460 214
461 166
462 189
463 177
464 154
465 168
466 177
467 163
468 84
469 136
470 189
471 162
472 154
473 169
474 152
475 109
476 178
477 179
478 237
479 141
480 197
481 188
482 155
483 199
484 176
485 102
486 155
487 165
488 177
489 192
490 185
491 150
492 161
493 178
494 161
495 164
496 236
497 249
498 207
499 188
500 179
501 180
502 159
503 130
504 212
505 142
506 313
507 130
508 169
509 173
510 194
511 151
512 179
513 171
514 108
515 191
516 142
517 161
518 163
519 207
520 173
521 195
522 187
523 151
524 155
525 190
526 154
527 186
528 199
529 175
530 170
531 187
532 157
533 197
534 141
535 149
536 149
537 191
538 196
539 148
540 165
541 149
542 151
543 156
544 181
545 123
546 226
547 119
548 206
549 135
550 228
551 153
552 111
553 168
554 198
555 196
556 233
557 65
558 96
559 183
560 200
561 177
562 149
563 134
564 156
565 207
566 257
567 182
568 193
569 216
570 146
571 141
572 157
573 188
574 151
575 122
576 185
577 153
578 203
579 183
580 145
581 137
582 158
583 127
584 208
585 145
586 232
587 150
588 209
589 147
590 220
591 224
592 174
593 231
594 230
595 186
596 147
597 133
598 194
599 177
600 129
601 126
602 0
603 164
604 186
605 247
606 153
607 193
608 195
609 87
610 195
611 0
612 169
613 205
614 134
615 197
616 150
617 123
618 193
619 172
620 148
621 146
622 266
623 148
624 144
625 121
626 146
627 177
628 174
629 184
630 265
631 182
632 118
633 176
634 190
635 159
636 157
637 168
638 169
639 191
640 202
641 188
642 174
643 190
644 166
645 170
646 118
647 169
648 175
649 134
650 172
651 187
652 163
653 231
654 240
655 175
656 148
657 183
658 136
659 161
660 160
661 192
662 105
663 189
664 170
665 0
666 170
667 222
668 210
669 144
670 94
671 175
672 124
673 184
674 160
675 162
676 194
677 198
678 172
679 215
680 172
681 247
682 112
683 150
684 143
685 142
686 236
687 194
688 149
689 0
690 129
691 144
692 120
693 128
694 163
695 163
696 205
697 155
698 196
699 188
700 159
701 125
702 173
703 152
704 143
705 135
706 169
707 204
708 192
709 169
710 234
711 211
712 157
713 173
714 168
715 123
716 145
717 244
718 198
719 178
720 127
721 161
722 189
723 163
724 171
725 195
726 111
727 213
728 148
729 177
730 210
731 180
732 178
733 176
734 165
735 158
736 159
737 184
738 204
739 167
740 195
741 196
742 182
743 158
744 138
745 144
746 170
747 186
748 118
749 159
750 135
751 268
752 193
753 128
754 152
755 147
756 193
757 147
758 202
759 170
760 219
761 238
762 187
763 174
764 195
765 248
766 215
767 212
768 140
769 194
770 139
771 104
772 144
773 215
774 135
775 184
776 125
777 146
778 153
779 150
780 71
781 145
782 192
783 238
784 174
785 156
786 220
787 126
788 239
789 174
790 228
791 152
792 198
793 167
794 194
795 175
796 176
797 184
798 102
799 201
800 153
801 139
802 78
803 234
804 181
805 209
806 118
807 165
808 215
809 184
810 152
811 225
812 155
813 188
814 118
815 147
816 149
817 63
818 139
819 164
820 205
821 216
822 117
823 196
824 172
825 156
826 137
827 170
828 212
829 241
830 153
831 184
832 230
833 235
834 46
835 170
836 210
837 181
838 151
839 165
840 154
841 170
842 183
843 146
844 170
845 148
846 195
847 137
848 214
849 182
850 140
851 154
852 168
853 176
854 201
855 167
856 167
857 163
858 176
859 185
860 108
861 148
862 140
863 146
864 205
865 134
866 187
867 155
868 144
869 214
870 202
871 187
872 168
873 168
874 195
875 151
876 158
877 155
878 138
879 205
880 208
881 159
882 145
883 134
884 140
885 180
886 143
887 175
888 153
889 154
890 161
891 192
892 195
893 96
894 179
895 0
896 139
897 156
898 161
899 158
900 173
901 214
902 275
903 175
904 83
905 141
906 112
907 234
908 107
909 178
910 145
911 234
912 194
913 175
914 194
915 149
916 196
917 165
918 95
919 209
920 118
921 152
922 161
923 200
924 178
925 149
926 228
927 168
928 236
929 170
930 149
931 177
932 160
933 157
934 157
935 101
936 111
937 153
938 143
939 125
940 178
941 108
942 141
943 173
944 212
945 157
946 118
947 46
948 188
949 118
950 107
951 175
952 225
953 222
954 188
955 225
956 183
957 179
958 182
959 165
960 175
961 190
962 161
963 192
964 97
965 137
966 129
967 116
968 165
969 187
970 122
971 217
972 192
973 159
974 229
975 121
976 184
977 173
978 178
979 137
980 144
981 200
982 221
983 166
984 190
985 190
986 88
987 158
988 197
989 200
990 206
991 193
992 196
993 144
994 200
995 170
996 145
997 181
998 194
999 205
1000 141
1001 184
1002 169
1003 173
1004 210
1005 157
1006 149
1007 102
1008 165
1009 222
1010 148
1011 136
1012 140
1013 142
1014 173
1015 149
1016 86
1017 110
1018 103
1019 153
1020 107
1021 137
1022 131
1023 154
1024 162
1025 195
1026 204
1027 201
1028 137
1029 208
1030 179
1031 297
1032 237
1033 200
1034 197
1035 224
1036 163
1037 196
1038 230
1039 201
1040 157
1041 178
1042 137
1043 158
1044 160
1045 146
1046 102
1047 185
1048 252
1049 178
1050 154
1051 150
1052 174
1053 158
1054 162
1055 181
1056 179
1057 159
1058 151
1059 205
1060 113
1061 168
1062 233
1063 159
1064 65
1065 163
1066 173
1067 111
1068 178
1069 159
1070 221
1071 144
1072 115
1073 226
1074 99
1075 90
1076 258
1077 189
1078 168
1079 145
1080 106
1081 150
1082 180
1083 159
1084 145
1085 118
1086 143
1087 184
1088 197
1089 138
1090 179
1091 173
1092 127
1093 113
1094 137
1095 173
1096 176
1097 175
1098 156
1099 167
1100 182
1101 202
1102 174
1103 208
1104 175
1105 190
1106 169
1107 285
1108 104
1109 164
1110 207
1111 127
1112 191
1113 202
1114 196
1115 63
1116 199
1117 151
1118 182
1119 195
1120 160
1121 167
1122 124
1123 235
1124 230
1125 175
1126 151
1127 230
1128 201
1129 173
1130 133
1131 171
1132 157
1133 211
1134 165
1135 222
1136 169
1137 222
1138 166
1139 191
1140 161
1141 163
1142 100
1143 199
1144 227
1145 148
1146 230
1147 231
1148 160
1149 210
1150 139
1151 151
1152 188
1153 161
1154 186
1155 147
1156 177
1157 157
1158 209
1159 110
1160 171
1161 171
1162 216
1163 182
1164 182
1165 259
1166 173
1167 129
1168 141
1169 121
1170 197
1171 114
1172 196
1173 148
1174 0
1175 123
1176 203
1177 140
1178 173
1179 181
1180 161
1181 157
1182 107
1183 181
1184 126
1185 180
1186 185
1187 184
1188 225
1189 228
1190 197
1191 195
1192 221
1193 186
1194 153
1195 188
1196 154
1197 102
1198 191
1199 210
1200 167
1201 209
1202 159
1203 122
1204 178
1205 134
1206 186
1207 156
1208 83
1209 101
1210 85
1211 224
1212 181
1213 248
1214 127
1215 107
1216 193
1217 163
1218 131
1219 151
1220 243
1221 156
1222 154
1223 204
1224 172
1225 155
1226 150
1227 201
1228 127
1229 183
1230 173
1231 157
1232 107
1233 157
1234 159
1235 159
1236 186
1237 190
1238 184
1239 167
1240 203
1241 177
1242 216
1243 188
1244 136
1245 167
1246 130
1247 159
1248 172
1249 156
1250 129
1251 158
1252 182
1253 186
1254 110
1255 208
1256 148
1257 176
1258 144
1259 169
1260 220
1261 144
1262 141
1263 140
1264 134
1265 169
1266 218
1267 173
1268 145
1269 200
1270 0
1271 259
1272 181
1273 90
1274 178
1275 152
1276 156
1277 150
1278 144
1279 162
1280 183
1281 244
1282 170
1283 152
1284 210
1285 155
1286 61
1287 121
1288 173
1289 145
1290 216
1291 173
1292 159
1293 123
1294 149
1295 138
1296 173
1297 200
1298 127
1299 150
1300 235
1301 195
1302 162
1303 217
1304 220
1305 95
1306 189
1307 178
1308 157
1309 173
1310 176
1311 248
1312 193
1313 236
1314 160
1315 165
1316 177
1317 192
1318 75
1319 205
1320 136
1321 174
1322 232
1323 120
1324 196
1325 162
1326 163
1327 77
1328 176
1329 197
1330 179
1331 173
1332 70
1333 137
1334 95
1335 161
1336 170
1337 169
1338 150
1339 140
1340 156
1341 182
1342 143
1343 210
1344 154
1345 148
1346 147
1347 165
1348 127
1349 142
1350 158
1351 145
1352 163
1353 175
1354 177
1355 164
1356 146
1357 237
1358 101
1359 204
1360 124
1361 215
1362 154
1363 142
1364 166
1365 298
1366 158
1367 143
1368 243
1369 204
1370 224
1371 52
1372 184
1373 229
1374 197
1375 232
1376 122
1377 140
1378 125
1379 183
1380 193
1381 142
1382 166
1383 122
1384 132
1385 174
1386 177
1387 172
1388 185
1389 147
1390 212
1391 174
1392 170
1393 142
1394 170
1395 176
1396 106
1397 217
1398 145
1399 167
1400 223
1401 118
1402 196
1403 130
1404 195
1405 172
1406 132
1407 183
1408 142
1409 80
1410 182
1411 240
1412 171
1413 134
1414 214
1415 130
1416 160
1417 167
1418 204
1419 170
1420 163
1421 140
1422 168
1423 154
1424 175
1425 109
1426 168
1427 159
1428 69
1429 125
1430 166
1431 108
1432 147
1433 218
1434 157
1435 131
1436 202
1437 147
1438 141
1439 125
1440 149
1441 110
1442 190
1443 0
1444 177
1445 142
1446 152
1447 175
1448 185
1449 206
1450 252
1451 184
1452 154
1453 225
1454 165
1455 148
1456 0
1457 157
1458 181
1459 200
1460 169
1461 221
1462 247
1463 172
1464 201
1465 143
1466 217
1467 215
1468 130
1469 118
1470 197
1471 172
1472 157
1473 151
1474 179
1475 177
1476 181
1477 158
1478 172
1479 149
1480 152
1481 151
1482 146
1483 198
1484 209
1485 210
1486 206
1487 178
1488 188
1489 230
1490 147
1491 173
1492 163
1493 180
1494 170
1495 210
1496 154
1497 108
1498 156
1499 175
1500 110
1501 184
1502 162
1503 186
1504 158
1505 200
1506 119
1507 165
1508 215
1509 136
1510 143
1511 189
1512 165
1513 101
1514 182
1515 140
1516 191
1517 214
1518 200
1519 142
1520 140
1521 163
1522 148
1523 124
1524 209
1525 184
1526 185
1527 146
1528 177
1529 180
1530 147
1531 191
1532 217
1533 165
1534 200
1535 248
1536 139
1537 208
1538 137
1539 183
1540 219
1541 206
1542 161
1543 189
1544 179
1545 177
1546 154
1547 126
1548 129
1549 175
1550 142
1551 162
1552 142
1553 140
1554 179
1555 166
1556 162
1557 178
1558 165
1559 119
1560 0
1561 216
1562 198
1563 142
1564 176
1565 315
1566 149
1567 173
1568 208
1569 147
1570 165
1571 161
1572 161
1573 170
1574 179
1575 107
1576 138
1577 163
1578 187
1579 196
1580 166
1581 158
1582 163
1583 0
1584 158
1585 181
1586 168
1587 205
1588 145
1589 206
1590 177
1591 177
1592 157
1593 182
1594 131
1595 65
1596 197
1597 167
1598 164
1599 189
1600 138
1601 141
1602 71
1603 197
1604 163
1605 183
1606 217
1607 145
1608 159
1609 184
1610 171
1611 217
1612 162
1613 156
1614 265
1615 181
1616 239
1617 164
1618 131
1619 130
1620 177
1621 179
1622 184
1623 150
1624 195
1625 182
1626 201
1627 156
1628 230
1629 208
1630 156
1631 128
1632 187
1633 217
1634 144
1635 150
1636 202
1637 153
1638 203
1639 141
1640 164
1641 103
1642 236
1643 148
1644 216
1645 149
1646 136
1647 134
1648 167
1649 134
1650 172
1651 229
1652 142
1653 147
1654 126
1655 187
1656 188
1657 135
1658 208
1659 152
1660 204
1661 108
1662 112
1663 180
1664 158
1665 164
1666 163
1667 194
1668 127
1669 127
1670 199
1671 181
1672 189
1673 129
1674 124
1675 188
1676 149
1677 150
1678 208
1679 118
1680 164
1681 209
1682 189
1683 197
1684 177
1685 275
1686 187
1687 155
1688 186
1689 174
1690 159
1691 215
1692 155
1693 126
1694 207
1695 138
1696 146
1697 129
1698 226
1699 122
1700 250
1701 199
1702 0
1703 130
1704 199
1705 175
1706 188
1707 182
1708 112
1709 149
1710 260
1711 40
1712 179
1713 171
1714 186
1715 269
1716 210
1717 149
1718 144
1719 228
1720 163
1721 174
1722 192
1723 168
1724 158
1725 189
1726 166
1727 202
1728 145
1729 159
1730 126
1731 178
1732 148
1733 207
1734 153
1735 174
1736 182
1737 136
1738 162
1739 204
1740 166
1741 120
1742 171
1743 187
1744 252
1745 218
1746 166
1747 197
1748 303
1749 129
1750 257
1751 163
1752 170
1753 143
1754 134
1755 182
1756 174
1757 163
1758 196
1759 245
1760 193
1761 270
1762 168
1763 155
1764 174
1765 0
1766 185
1767 63
1768 179
1769 165
1770 169
1771 141
1772 172
1773 152
1774 165
1775 163
1776 187
1777 128
1778 156
1779 208
1780 178
1781 180
1782 165
1783 114
1784 126
1785 147
1786 191
1787 122
1788 117
1789 174
1790 146
1791 192
1792 214
1793 112
1794 212
1795 176
1796 178
1797 192
1798 127
1799 213
1800 166
1801 169
1802 241
1803 183
1804 144
1805 127
1806 177
1807 225
1808 148
1809 155
1810 158
1811 160
1812 173
1813 187
1814 215
1815 148
1816 154
1817 193
1818 171
1819 190
1820 119
1821 199
1822 167
1823 119
1824 193
1825 213
1826 151
1827 199
1828 202
1829 214
1830 122
1831 161
1832 157
1833 130
1834 265
1835 177
1836 142
1837 216
1838 230
1839 197
1840 215
1841 133
1842 157
1843 178
1844 161
1845 186
1846 146
1847 195
1848 108
1849 180
1850 190
1851 93
1852 174
1853 133
1854 163
1855 135
1856 222
1857 171
1858 172
1859 118
1860 217
1861 218
1862 178
1863 146
1864 266
1865 192
1866 124
1867 167
1868 202
1869 122
1870 132
1871 92
1872 180
1873 173
1874 0
1875 172
1876 199
1877 149
1878 134
1879 154
1880 166
1881 170
1882 179
1883 132
1884 152
1885 110
1886 188
1887 157
1888 102
1889 207
1890 114
1891 189
1892 169
1893 127
1894 100
1895 147
1896 192
1897 183
1898 173
1899 163
1900 130
1901 183
1902 217
1903 243
1904 209
1905 169
1906 154
1907 151
1908 177
1909 145
1910 275
1911 117
1912 189
1913 158
1914 220
1915 164
1916 177
1917 169
1918 175
1919 177
1920 158
1921 145
1922 203
1923 177
1924 173
1925 171
1926 137
1927 150
1928 71
1929 224
1930 185
1931 186
1932 224
1933 189
1934 196
1935 185
1936 123
1937 120
1938 176
1939 147
1940 158
1941 156
1942 203
1943 171
1944 189
1945 99
1946 239
1947 174
1948 194
1949 187
1950 163
1951 207
1952 164
1953 125
1954 157
1955 170
1956 147
1957 171
1958 118
1959 182
1960 176
1961 185
1962 184
1963 214
1964 150
1965 114
1966 142
1967 175
1968 138
1969 114
1970 145
1971 136
1972 139
1973 177
1974 172
1975 183
1976 145
1977 130
1978 224
1979 160
1980 166
1981 164
1982 189
1983 191
1984 208
1985 201
1986 220
1987 223
1988 187
1989 172
1990 171
1991 156
1992 184
1993 166
1994 168
1995 164
1996 184
1997 210
1998 137
1999 114
2000 163
2001 169
2002 219
2003 184
2004 171
2005 149
2006 151
2007 148
2008 168
2009 223
2010 185
2011 160
2012 206
2013 156
2014 252
2015 148
2016 230
2017 198
2018 158
2019 191
2020 194
2021 144
2022 189
2023 125
2024 220
2025 184
2026 199
2027 160
2028 125
2029 139
2030 181
2031 281
2032 187
2033 208
2034 173
2035 146
2036 97
2037 158
2038 211
2039 189
2040 134
2041 220
2042 125
2043 121
2044 154
2045 192
2046 153
2047 167
2048 116
2049 117
2050 171
2051 114
2052 165
2053 194
2054 127
2055 232
2056 125
2057 187
2058 143
2059 155
2060 136
2061 158
2062 191
2063 194
2064 173
2065 200
2066 142
2067 172
2068 183
2069 147
2070 184
2071 164
2072 161
2073 172
2074 186
2075 259
2076 178
2077 217
2078 162
2079 144
2080 136
2081 98
2082 248
2083 107
2084 180
2085 120
2086 176
2087 166
2088 110
2089 140
2090 166
2091 159
2092 199
2093 109
2094 166
2095 237
2096 141
2097 231
2098 67
2099 221
2100 201
2101 197
2102 170
2103 97
2104 187
2105 208
2106 118
2107 149
2108 166
2109 179
2110 189
2111 202
2112 163
2113 148
2114 181
2115 138
2116 132
2117 119
2118 172
2119 180
2120 168
2121 158
2122 133
2123 135
2124 196
2125 154
2126 179
2127 187
2128 207
2129 197
2130 153
2131 116
2132 112
2133 203
2134 208
2135 62
2136 144
2137 144
2138 190
2139 171
2140 162
2141 203
2142 189
2143 166
2144 165
2145 232
2146 220
2147 157
2148 107
2149 184
2150 185
2151 226
2152 172
2153 168
2154 201
2155 182
2156 182
2157 153
2158 152
2159 137
2160 147
2161 143
2162 0
2163 241
2164 143
2165 172
2166 149
2167 140
2168 187
2169 199
2170 220
2171 179
2172 267
2173 121
2174 189
2175 98
2176 151
2177 206
2178 181
2179 185
2180 120
2181 142
2182 139
2183 147
2184 196
2185 260
2186 245
2187 147
2188 125
2189 179
2190 179
2191 216
2192 169
2193 166
2194 153
2195 147
2196 177
2197 200
2198 173
2199 210
2200 131
2201 236
2202 127
2203 207
2204 177
2205 141
2206 164
2207 213
2208 195
2209 210
2210 233
2211 134
2212 266
2213 74
2214 201
2215 167
2216 172
2217 224
2218 199
2219 145
2220 175
2221 158
2222 173
2223 194
2224 202
2225 111
2226 184
2227 180
2228 152
2229 124
2230 155
2231 174
2232 117
2233 170
2234 209
2235 196
2236 165
2237 123
2238 136
2239 189
2240 196
2241 164
2242 154
2243 169
2244 201
2245 194
2246 185
2247 171
2248 156
2249 150
2250 153
2251 193
2252 240
2253 219
2254 179
2255 116
2256 154
2257 164
2258 183
2259 127
2260 226
2261 187
2262 186
2263 175
2264 187
2265 191
2266 188
2267 140
2268 94
2269 176
2270 181
2271 170
2272 136
2273 148
2274 83
2275 243
2276 208
2277 260
2278 141
2279 154
2280 169
2281 131
2282 134
2283 202
2284 184
2285 160
2286 202
2287 216
2288 218
2289 170
2290 173
2291 170
2292 230
2293 156
2294 199
2295 154
2296 182
2297 245
2298 166
2299 194
2300 187
2301 212
2302 192
2303 180
2304 175
2305 190
2306 183
2307 147
2308 144
2309 160
2310 173
2311 223
2312 127
2313 143
2314 158
2315 133
2316 146
2317 95
2318 113
2319 183
2320 122
2321 127
2322 170
2323 162
2324 110
2325 128
2326 214
2327 149
2328 183
2329 142
2330 169
2331 158
2332 125
2333 125
2334 160
2335 149
2336 193
2337 219
2338 118
2339 230
2340 136
2341 188
2342 143
2343 207
2344 173
2345 140
2346 143
2347 168
2348 179
2349 162
2350 141
2351 158
2352 213
2353 222
2354 145
2355 148
2356 170
2357 194
2358 120
2359 148
2360 146
2361 173
2362 176
2363 202
2364 136
2365 123
2366 159
2367 117
2368 160
2369 142
2370 191
2371 191
2372 172
2373 187
2374 216
2375 216
2376 149
2377 157
2378 174
2379 173
2380 185
2381 155
2382 152
2383 205
2384 176
2385 181
2386 168
2387 158
2388 137
2389 151
2390 171
2391 0
2392 198
2393 218
2394 214
2395 87
2396 69
2397 171
2398 219
2399 189
2400 173
2401 249
2402 177
2403 195
2404 175
2405 142
2406 193
2407 125
2408 172
2409 167
2410 161
2411 221
2412 114
2413 176
2414 227
2415 246
2416 181
2417 186
2418 159
2419 213
2420 196
2421 136
2422 171
2423 132
2424 63
2425 160
2426 229
2427 120
2428 174
2429 164
2430 158
2431 197
2432 137
2433 206
2434 158
2435 22
2436 126
2437 167
2438 188
2439 189
2440 153
2441 153
2442 199
2443 148
2444 194
2445 144
2446 136
2447 190
2448 167
2449 174
2450 147
2451 169
2452 132
2453 171
2454 119
2455 167
2456 178
2457 164
2458 198
2459 0
2460 145
2461 119
2462 184
2463 170
2464 162
2465 180
2466 168
2467 146
2468 156
2469 215
2470 204
2471 190
2472 162
2473 169
2474 215
2475 181
2476 175
2477 137
2478 131
2479 213
2480 151
2481 126
2482 121
2483 148
2484 208
2485 190
2486 105
2487 105
2488 168
2489 164
2490 160
2491 152
2492 190
2493 142
2494 145
2495 118
2496 163
2497 162
2498 188
2499 148
2500 141
2501 148
2502 137
2503 93
2504 149
2505 169
2506 182
2507 193
2508 150
2509 182
2510 169
2511 181
2512 206
2513 191
2514 181
2515 146
2516 169
2517 183
2518 207
2519 156
2520 184
2521 161
2522 141
2523 198
2524 243
2525 158
2526 186
2527 175
2528 129
2529 169
2530 177
2531 158
2532 226
2533 99
2534 178
2535 124
2536 219
2537 155
2538 155
2539 158
2540 166
2541 214
2542 196
2543 185
2544 168
2545 204
2546 185
2547 92
2548 179
2549 127
2550 107
2551 127
2552 138
2553 204
2554 137
2555 138
2556 208
2557 147
2558 123
2559 177
2560 140
2561 118
2562 155
2563 201
2564 157
2565 113
2566 218
2567 138
2568 166
2569 178
2570 181
2571 185
2572 158
2573 103
2574 150
2575 122
2576 133
2577 209
2578 114
2579 168
2580 169
2581 196
2582 211
2583 122
2584 177
2585 146
2586 158
2587 132
2588 165
2589 227
2590 143
2591 162
2592 199
2593 166
2594 193
2595 201
2596 199
2597 156
2598 153
2599 130
2600 154
2601 166
2602 195
2603 187
2604 233
2605 155
2606 185
2607 147
2608 195
2609 198
2610 214
2611 148
2612 161
2613 213
2614 212
2615 183
2616 187
2617 183
2618 178
2619 213
2620 115
2621 148
2622 211
2623 102
2624 190
2625 184
2626 209
2627 216
2628 241
2629 159
2630 113
2631 189
2632 172
2633 168
2634 169
2635 184
2636 123
2637 143
2638 169
2639 170
2640 100
2641 160
2642 130
2643 178
2644 176
2645 0
2646 168
2647 142
2648 119
2649 208
2650 237
2651 161
2652 115
2653 159
2654 298
2655 177
2656 145
2657 81
2658 168
2659 136
2660 157
2661 175
2662 145
2663 166
2664 233
2665 184
2666 189
2667 157
2668 166
2669 174
2670 206
2671 170
2672 265
2673 196
2674 182
2675 189
2676 167
2677 136
2678 190
2679 170
2680 194
2681 222
2682 131
2683 203
2684 134
2685 212
2686 175
2687 157
2688 152
2689 132
2690 175
2691 149
2692 211
2693 128
2694 221
2695 180
2696 160
2697 123
2698 218
2699 188
2700 193
2701 171
2702 205
2703 163
2704 155
2705 167
2706 206
2707 176
2708 176
2709 198
2710 164
2711 170
2712 152
2713 180
2714 167
2715 191
2716 216
2717 164
2718 245
2719 200
2720 118
2721 154
2722 209
2723 181
2724 170
2725 188
2726 199
2727 218
2728 166
2729 189
2730 156
2731 106
2732 183
2733 89
2734 215
2735 161
2736 0
2737 164
2738 101
2739 144
2740 185
2741 153
2742 185
2743 171
2744 186
2745 216
2746 155
2747 178
2748 163
2749 199
2750 203
2751 168
2752 133
2753 156
2754 196
2755 160
2756 141
2757 140
2758 176
2759 153
2760 168
2761 175
2762 203
2763 200
2764 129
2765 157
2766 159
2767 198
2768 130
2769 167
2770 132
2771 143
2772 131
2773 137
2774 167
2775 125
2776 174
2777 174
2778 150
2779 174
2780 166
2781 123
2782 182
2783 166
2784 147
2785 156
2786 201
2787 155
2788 217
2789 155
2790 163
2791 218
2792 168
2793 277
2794 218
2795 82
2796 186
2797 213
2798 152
2799 136
2800 159
2801 162
2802 225
2803 105
2804 207
2805 181
2806 118
2807 175
2808 202
2809 175
2810 205
2811 184
2812 203
2813 102
2814 171
2815 163
2816 163
2817 181
2818 132
2819 177
2820 121
2821 151
2822 205
2823 152
2824 149
2825 165
2826 159
2827 134
2828 153
2829 180
2830 186
2831 122
2832 192
2833 179
2834 128
2835 194
2836 166
2837 169
2838 155
2839 185
2840 183
2841 183
2842 221
2843 191
2844 196
2845 114
2846 188
2847 191
2848 139
2849 107
2850 187
2851 0
2852 223
2853 172
2854 206
2855 150
2856 146
2857 222
2858 190
2859 168
2860 133
2861 156
2862 146
2863 199
2864 264
2865 145
2866 166
2867 112
2868 167
2869 215
2870 176
2871 192
2872 204
2873 153
2874 134
2875 163
2876 178
2877 165
2878 146
2879 140
2880 150
2881 88
2882 190
2883 196
2884 154
2885 164
2886 142
2887 191
2888 196
2889 229
2890 159
2891 138
2892 208
2893 83
2894 207
2895 122
2896 162
2897 169
2898 177
2899 98
2900 0
2901 134
2902 227
2903 158
2904 124
2905 171
2906 194
2907 180
2908 162
2909 169
2910 128
2911 288
2912 170
2913 171
2914 134
2915 144
2916 127
2917 201
2918 160
2919 181
2920 170
2921 102
2922 181
2923 162
2924 143
2925 215
2926 199
2927 210
2928 113
2929 153
2930 174
2931 153
2932 152
2933 198
2934 210
2935 154
2936 184
2937 187
2938 202
2939 151
2940 146
2941 139
2942 212
2943 170
2944 121
2945 151
2946 172
2947 124
2948 159
2949 163
2950 175
2951 175
2952 183
2953 102
2954 183
2955 166
2956 188
2957 89
2958 121
2959 159
2960 205
2961 170
2962 214
2963 177
2964 188
2965 181
2966 186
2967 210
2968 149
2969 179
2970 200
2971 198
2972 72
2973 204
2974 157
2975 176
2976 183
2977 97
2978 163
2979 211
2980 152
2981 96
2982 181
2983 166
2984 155
2985 161
2986 192
2987 117
2988 131
2989 139
2990 183
2991 221
2992 201
2993 168
2994 143
2995 188
2996 137
2997 186
2998 164
2999 141
3000 222
3001 140
3002 197
3003 194
3004 147
3005 173
3006 145
3007 181
3008 158
3009 238
3010 203
3011 131
3012 254
3013 102
3014 152
3015 175
3016 223
3017 167
3018 182
3019 167
3020 197
3021 202
3022 131
3023 79
3024 158
3025 185
3026 197
3027 233
3028 169
3029 125
3030 187
3031 168
3032 135
3033 179
3034 154
3035 183
3036 158
3037 221
3038 227
3039 132
3040 160
3041 179
3042 204
3043 170
3044 125
3045 224
3046 146
3047 155
3048 175
3049 119
3050 119
3051 143
3052 262
3053 129
3054 188
3055 157
3056 129
3057 96
3058 113
3059 166
3060 160
3061 149
3062 180
3063 171
3064 143
3065 185
3066 157
3067 119
3068 177
3069 258
3070 142
3071 174
3072 158
3073 179
3074 162
3075 176
3076 186
3077 157
3078 198
3079 192
3080 152
3081 165
3082 215
3083 204
3084 140
3085 185
3086 213
3087 165
3088 176
3089 148
3090 160
3091 152
3092 201
3093 172
3094 154
3095 168
3096 154
3097 218
3098 162
3099 140
3100 164
3101 141
3102 142
3103 165
3104 185
3105 176
3106 171
3107 197
3108 157
3109 230
3110 162
3111 159
3112 177
3113 177
3114 133
3115 257
3116 138
3117 124
3118 226
3119 165
3120 153
3121 184
3122 180
3123 165
3124 167
3125 194
3126 185
3127 177
3128 240
3129 169
3130 125
3131 215
3132 171
3133 202
3134 149
3135 202
3136 135
3137 179
3138 176
3139 167
3140 182
3141 163
3142 182
3143 156
3144 158
3145 92
3146 205
3147 147
3148 161
3149 242
3150 204
3151 179
3152 122
3153 190
3154 141
3155 119
3156 175
3157 76
3158 130
3159 0
3160 94
3161 136
3162 160
3163 161
3164 214
3165 273
3166 197
3167 167
3168 159
3169 172
3170 225
3171 226
3172 113
3173 192
3174 182
3175 157
3176 192
3177 167
3178 134
3179 174
3180 221
3181 156
3182 182
3183 141
3184 185
3185 235
3186 84
3187 161
3188 138
3189 159
3190 183
3191 175
3192 147
3193 234
3194 192
3195 147
3196 230
3197 135
3198 134
3199 147
3200 190
3201 171
3202 189
3203 129
3204 226
3205 197
3206 163
3207 197
3208 193
3209 188
3210 150
3211 208
3212 158
3213 149
3214 93
3215 202
3216 179
3217 214
3218 183
3219 133
3220 240
3221 150
3222 120
3223 128
3224 154
3225 181
3226 187
3227 129
3228 196
3229 158
3230 126
3231 172
3232 175
3233 179
3234 119
3235 191
3236 198
3237 184
3238 153
3239 232
3240 170
3241 170
3242 208
3243 178
3244 114
3245 161
3246 173
3247 175
3248 146
3249 156
3250 163
3251 162
3252 162
3253 151
3254 141
3255 206
3256 162
3257 197
3258 188
3259 249
3260 134
3261 203
3262 112
3263 283
3264 204
3265 158
3266 208
3267 192
3268 164
3269 165
3270 146
3271 169
3272 144
3273 147
3274 178
3275 187
3276 160
3277 140
3278 191
3279 159
3280 124
3281 174
3282 177
3283 292
3284 211
3285 209
3286 263
3287 211
3288 192
3289 178
3290 199
3291 152
3292 135
3293 175
3294 186
3295 204
3296 202
3297 183
3298 85
3299 252
3300 227
3301 165
3302 216
3303 195
3304 239
3305 168
3306 158
3307 162
3308 133
3309 196
3310 162
3311 196
3312 148
3313 204
3314 160
3315 159
3316 169
3317 191
3318 126
3319 200
3320 171
3321 204
3322 196
3323 219
3324 186
3325 119
3326 201
3327 196
3328 169
3329 66
3330 142
3331 138
3332 190
3333 184
3334 79
3335 153
3336 175
3337 149
3338 143
3339 190
3340 184
3341 149
3342 186
3343 205
3344 154
3345 172
3346 198
3347 133
3348 161
3349 181
3350 162
3351 195
3352 178
3353 130
3354 179
3355 148
3356 141
3357 194
3358 163
3359 172
3360 204
3361 244
3362 141
3363 204
3364 137
3365 173
3366 210
3367 178
3368 160
3369 173
3370 204
3371 153
3372 138
3373 150
3374 205
3375 0
3376 148
3377 118
3378 140
3379 172
3380 204
3381 160
3382 221
3383 120
3384 184
3385 196
3386 205
3387 187
3388 197
3389 147
3390 158
3391 285
3392 193
3393 180
3394 202
3395 206
3396 101
3397 227
3398 160
3399 224
3400 208
3401 176
3402 140
3403 187
3404 208
3405 108
3406 161
3407 132
3408 188
3409 164
3410 177
3411 153
3412 176
3413 160
3414 179
3415 135
3416 130
3417 220
3418 170
3419 117
3420 129
3421 288
3422 157
3423 179
3424 192
3425 137
3426 205
3427 183
3428 163
3429 196
3430 192
3431 185
3432 159
3433 148
3434 151
3435 172
3436 137
3437 180
3438 142
3439 126
3440 193
3441 70
3442 193
3443 168
3444 245
3445 184
3446 162
3447 143
3448 212
3449 130
3450 198
3451 130
3452 158
3453 47
3454 156
3455 99
3456 181
3457 129
3458 219
3459 187
3460 162
3461 32
3462 169
3463 218
3464 136
3465 188
3466 84
3467 191
3468 136
3469 211
3470 0
3471 186
3472 0
3473 143
3474 122
3475 165
3476 181
3477 163
3478 154
3479 173
3480 179
3481 144
3482 188
3483 121
3484 156
3485 144
3486 224
3487 130
3488 180
3489 173
3490 203
3491 160
3492 64
3493 131
3494 219
3495 144
3496 191
3497 166
3498 179
3499 164
3500 158
3501 199
3502 133
3503 106
3504 143
3505 208
3506 113
3507 143
3508 180
3509 165
3510 225
3511 180
3512 165
3513 177
3514 152
3515 142
3516 245
3517 178
3518 132
3519 135
3520 122
3521 203
3522 177
3523 261
3524 175
3525 173
3526 156
3527 70
3528 111
3529 186
3530 117
3531 195
3532 144
3533 172
3534 160
3535 162
3536 171
3537 162
3538 169
3539 152
3540 220
3541 157
3542 169
3543 165
3544 185
3545 107
3546 111
3547 222
3548 123
3549 182
3550 186
3551 151
3552 212
3553 199
3554 144
3555 165
3556 122
3557 213
3558 141
3559 140
3560 266
3561 146
3562 107
3563 152
3564 196
3565 173
3566 211
3567 154
3568 130
3569 186
3570 0
3571 136
3572 176
3573 185
3574 180
3575 189
3576 184
3577 185
3578 172
3579 169
3580 197
3581 155
3582 191
3583 202
3584 187
3585 191
3586 153
3587 192
3588 173
3589 231
3590 195
3591 197
3592 182
3593 148
3594 238
3595 216
3596 170
3597 167
3598 223
3599 197
