Vertices: 100
Edges: 500
Time: 0,303 ms
Iterations: 497
Vertex Distance
0 0
1 57
2 156
3 43
4 136
5 119
6 151
7 120
8 120
9 112
10 93
11 110
12 117
13 102
14 166
15 94
16 178
17 119
18 56
19 105
20 113
21 140
22 90
23 75
24 67
25 78
26 119
27 87
28 34
29 97
30 54
31 100
32 153
33 124
34 121
35 148
36 117
37 96
38 113
39 92
40 153
41 103
42 104
43 0
44 110
45 88
46 102
47 69
48 93
49 87
50 125
51 144
52 59
53 130
54 126
55 136
56 77
57 86
58 139
59 86
60 80
61 146
62 78
63 110
64 100
65 100
66 111
67 66
68 91
69 156
70 119
71 109
72 95
73 92
74 139
75 92
76 119
77 94
78 134
79 108
80 89
81 120
82 120
83 123
84 124
85 114
86 19
87 99
88 95
89 118
90 101
91 156
92 115
93 118
94 128
95 110
96 100
97 170
98 112
99 104
