Vertices: 9600
Edges: 48000
Time: 3,779 ms
Iterations: 47713
Vertex Distance
0 0
1 201
2 199
3 259
4 237
5 207
6 203
7 162
8 180
9 215
10 209
11 136
12 169
13 284
14 195
15 212
16 209
17 209
18 155
19 285
20 179
21 272
22 179
23 167
24 183
25 198
26 186
27 193
28 169
29 181
30 219
31 175
32 207
33 214
34 173
35 189
36 196
37 205
38 176
39 184
40 164
41 212
42 235
43 210
44 212
45 221
46 181
47 203
48 220
49 186
50 213
51 199
52 230
53 158
54 187
55 88
56 200
57 234
58 267
59 249
60 195
61 189
62 166
63 232
64 194
65 185
66 164
67 159
68 180
69 265
70 180
71 260
72 189
73 201
74 183
75 215
76 169
77 192
78 190
79 208
80 213
81 150
82 211
83 170
84 214
85 261
86 228
87 173
88 252
89 218
90 184
91 203
92 242
93 205
94 159
95 199
96 193
97 218
98 87
99 169
100 190
101 212
102 219
103 145
104 230
105 262
106 224
107 174
108 251
109 206
110 213
111 160
112 199
113 165
114 178
115 183
116 197
117 250
118 173
119 281
120 201
121 166
122 194
123 139
124 112
125 228
126 178
127 204
128 124
129 249
130 182
131 260
132 187
133 170
134 153
135 215
136 207
137 187
138 253
139 197
140 128
141 227
142 181
143 173
144 236
145 179
146 194
147 245
148 188
149 200
150 172
151 192
152 206
153 254
154 227
155 207
156 130
157 184
158 160
159 198
160 256
161 234
162 269
163 221
164 212
165 177
166 191
167 157
168 181
169 205
170 177
171 216
172 182
173 165
174 228
175 226
176 123
177 188
178 188
179 184
180 187
181 165
182 230
183 195
184 156
185 136
186 163
187 168
188 184
189 170
190 141
191 205
192 287
193 203
194 164
195 36
196 192
197 193
198 184
199 206
200 187
201 206
202 206
203 213
204 192
205 209
206 196
207 213
208 201
209 150
210 167
211 166
212 233
213 194
214 183
215 216
216 172
217 181
218 229
219 150
220 189
221 230
222 185
223 307
224 159
225 176
226 147
227 222
228 199
229 166
230 200
231 175
232 196
233 210
234 169
235 174
236 238
237 192
238 203
239 147
240 220
241 205
242 204
243 229
244 150
245 191
246 195
247 208
248 195
249 232
250 184
251 203
252 193
253 205
254 186
255 173
256 150
257 179
258 161
259 152
260 136
261 198
262 185
263 209
264 175
265 191
266 171
267 195
268 172
269 219
270 196
271 153
272 207
273 156
274 192
275 227
276 188
277 176
278 181
279 211
280 126
281 186
282 221
283 180
284 229
285 272
286 191
287 230
288 237
289 149
290 217
291 175
292 177
293 164
294 262
295 198
296 154
297 172
298 172
299 200
300 199
301 143
302 189
303 163
304 234
305 199
306 168
307 206
308 244
309 186
310 187
311 92
312 203
313 186
314 212
315 230
316 245
317 183
318 179
319 201
320 164
321 150
322 244
323 140
324 155
325 216
326 149
327 265
328 182
329 133
330 187
331 195
332 129
333 212
334 153
335 200
336 249
337 221
338 189
339 216
340 188
341 196
342 241
343 174
344 235
345 202
346 153
347 170
348 182
349 257
350 207
351 258
352 178
353 221
354 152
355 181
356 239
357 247
358 170
359 241
360 220
361 155
362 194
363 189
364 227
365 202
366 223
367 183
368 124
369 188
370 246
371 168
372 259
373 220
374 169
375 237
376 216
377 130
378 212
379 222
380 230
381 224
382 227
383 260
384 173
385 158
386 160
387 189
388 193
389 230
390 194
391 158
392 192
393 135
394 225
395 212
396 163
397 200
398 243
399 228
400 199
401 162
402 222
403 173
404 200
405 216
406 194
407 199
408 193
409 250
410 262
411 174
412 178
413 180
414 223
415 207
416 201
417 214
418 177
419 182
420 163
421 209
422 218
423 208
424 170
425 252
426 185
427 167
428 230
429 162
430 156
431 191
432 178
433 227
434 192
435 165
436 198
437 207
438 173
439 178
440 184
441 204
442 183
443 124
444 202
445 137
446 216
447 186
448 118
449 183
450 134
451 196
452 184
453 204
454 227
455 228
456 173
457 189
458 188
459 233
460 205
461 175
462 243
463 173
464 236
465 154
466 261
467 115
468 176
469 249
470 187
471 217
472 185
473 196
474 227
475 140
476 193
477 224
478 199
479 224
480 209
481 228
482 274
483 175
484 195
485 173
486 207
487 197
488 202
489 219
490 258
491 220
492 197
493 225
494 202
495 199
496 179
497 165
498 313
499 210
500 201
501 226
502 160
503 237
504 144
505 167
506 201
507 194
508 203
509 199
510 199
511 184
512 173
513 179
514 210
515 200
516 181
517 222
518 215
519 217
520 187
521 170
522 133
523 192
524 219
525 196
526 238
527 198
528 203
529 211
530 166
531 152
532 145
533 219
534 186
535 219
536 237
537 152
538 109
539 181
540 169
541 270
542 183
543 245
544 222
545 254
546 256
547 247
548 133
549 215
550 216
551 241
552 157
553 247
554 149
555 207
556 219
557 190
558 199
559 225
560 180
561 279
562 210
563 219
564 232
565 189
566 162
567 303
568 214
569 132
570 189
571 0
572 194
573 196
574 223
575 186
576 155
577 182
578 179
579 127
580 169
581 206
582 147
583 192
584 148
585 196
586 127
587 256
588 191
589 120
590 189
591 226
592 225
593 275
594 181
595 171
596 148
597 197
598 181
599 220
600 223
601 187
602 206
603 201
604 254
605 217
606 234
607 167
608 153
609 247
610 206
611 168
612 187
613 221
614 196
615 200
616 180
617 269
618 211
619 107
620 214
621 189
622 126
623 230
624 194
625 228
626 168
627 236
628 191
629 215
630 223
631 221
632 200
633 172
634 222
635 190
636 170
637 238
638 173
639 171
640 189
641 174
642 278
643 221
644 253
645 168
646 193
647 248
648 226
649 207
650 189
651 177
652 211
653 213
654 212
655 185
656 193
657 232
658 158
659 155
660 234
661 155
662 199
663 173
664 167
665 156
666 162
667 141
668 180
669 284
670 104
671 161
672 149
673 232
674 157
675 222
676 208
677 214
678 260
679 190
680 201
681 206
682 268
683 254
684 163
685 167
686 132
687 253
688 137
689 174
690 162
691 225
692 273
693 179
694 303
695 180
696 131
697 127
698 211
699 226
700 163
701 207
702 199
703 182
704 187
705 224
706 204
707 211
708 240
709 189
710 191
711 200
712 232
713 97
714 231
715 211
716 175
717 199
718 223
719 180
720 227
721 159
722 182
723 204
724 202
725 195
726 228
727 198
728 190
729 113
730 201
731 237
732 157
733 161
734 181
735 185
736 207
737 178
738 161
739 184
740 201
741 166
742 238
743 0
744 237
745 165
746 65
747 124
748 223
749 184
750 198
751 162
752 152
753 172
754 198
755 202
756 236
757 231
758 232
759 240
760 204
761 214
762 185
763 192
764 209
765 190
766 219
767 176
768 190
769 233
770 214
771 205
772 152
773 147
774 155
775 180
776 201
777 145
778 213
779 290
780 201
781 169
782 171
783 168
784 214
785 200
786 217
787 249
788 139
789 160
790 249
791 270
792 196
793 137
794 238
795 256
796 182
797 176
798 168
799 207
800 163
801 196
802 209
803 194
804 169
805 182
806 193
807 219
808 191
809 248
810 201
811 205
812 150
813 178
814 151
815 138
816 178
817 212
818 198
819 173
820 129
821 218
822 209
823 226
824 237
825 192
826 218
827 111
828 167
829 60
830 227
831 141
832 164
833 192
834 177
835 214
836 171
837 166
838 240
839 178
840 237
841 191
842 197
843 257
844 239
845 254
846 215
847 176
848 177
849 188
850 183
851 235
852 204
853 216
854 199
855 188
856 235
857 154
858 134
859 172
860 170
861 135
862 159
863 282
864 268
865 166
866 238
867 241
868 204
869 140
870 169
871 165
872 204
873 151
874 190
875 186
876 205
877 202
878 177
879 187
880 242
881 166
882 160
883 184
884 190
885 206
886 194
887 231
888 203
889 163
890 154
891 226
892 196
893 163
894 205
895 130
896 130
897 212
898 186
899 229
900 258
901 223
902 214
903 238
904 264
905 237
906 176
907 182
908 190
909 163
910 197
911 131
912 157
913 217
914 247
915 199
916 237
917 177
918 181
919 210
920 193
921 185
922 198
923 211
924 155
925 151
926 141
927 185
928 290
929 188
930 138
931 177
932 207
933 234
934 186
935 190
936 210
937 249
938 188
939 169
940 159
941 261
942 0
943 208
944 170
945 146
946 183
947 238
948 295
949 220
950 171
951 229
952 109
953 200
954 149
955 128
956 140
957 205
958 169
959 165
960 149
961 156
962 192
963 221
964 0
965 188
966 263
967 63
968 150
969 179
970 198
971 208
972 163
973 163
974 137
975 165
976 171
977 187
978 218
979 164
980 243
981 151
982 179
983 180
984 213
985 196
986 163
987 211
988 140
989 151
990 217
991 149
992 189
993 151
994 154
995 164
996 132
997 217
998 247
999 70
1000 182
1001 207
1002 203
1003 111
1004 196
1005 235
1006 177
1007 239
1008 181
1009 155
1010 122
1011 151
1012 210
1013 164
1014 193
1015 231
1016 121
1017 165
1018 202
1019 117
1020 207
1021 216
1022 249
1023 197
1024 146
1025 172
1026 235
1027 205
1028 215
1029 172
1030 165
1031 254
1032 246
1033 208
1034 176
1035 178
1036 173
1037 230
1038 217
1039 212
1040 232
1041 215
1042 155
1043 156
1044 192
1045 197
1046 229
1047 219
1048 182
1049 279
1050 152
1051 166
1052 184
1053 238
1054 192
1055 195
1056 210
1057 211
1058 263
1059 159
1060 147
1061 93
1062 188
1063 250
1064 179
1065 200
1066 230
1067 221
1068 233
1069 158
1070 166
1071 200
1072 286
1073 167
1074 120
1075 196
1076 195
1077 193
1078 172
1079 175
1080 240
1081 207
1082 214
1083 157
1084 183
1085 256
1086 183
1087 219
1088 228
1089 142
1090 199
1091 136
1092 224
1093 138
1094 230
1095 199
1096 240
1097 159
1098 240
1099 141
1100 187
1101 255
1102 97
1103 212
1104 241
1105 190
1106 168
1107 172
1108 182
1109 225
1110 143
1111 236
1112 138
1113 180
1114 231
1115 200
1116 176
1117 178
1118 203
1119 164
1120 166
1121 233
1122 187
1123 204
1124 194
1125 0
1126 132
1127 207
1128 106
1129 226
1130 214
1131 233
1132 157
1133 253
1134 197
1135 180
1136 207
1137 132
1138 222
1139 219
1140 213
1141 223
1142 232
1143 171
1144 176
1145 232
1146 189
1147 249
1148 170
1149 146
1150 154
1151 177
1152 260
1153 222
1154 268
1155 200
1156 243
1157 240
1158 175
1159 159
1160 202
1161 161
1162 250
1163 171
1164 209
1165 210
1166 206
1167 221
1168 254
1169 139
1170 112
1171 201
1172 215
1173 210
1174 202
1175 169
1176 209
1177 201
1178 213
1179 190
1180 235
1181 224
1182 170
1183 259
1184 177
1185 210
1186 253
1187 200
1188 206
1189 220
1190 180
1191 145
1192 223
1193 168
1194 163
1195 154
1196 133
1197 137
1198 208
1199 181
1200 209
1201 257
1202 139
1203 185
1204 169
1205 157
1206 172
1207 162
1208 176
1209 204
1210 209
1211 160
1212 231
1213 124
1214 205
1215 198
1216 173
1217 239
1218 116
1219 165
1220 272
1221 171
1222 203
1223 215
1224 241
1225 252
1226 156
1227 151
1228 191
1229 212
1230 196
1231 233
1232 160
1233 256
1234 153
1235 285
1236 212
1237 163
1238 192
1239 230
1240 145
1241 212
1242 214
1243 217
1244 181
1245 239
1246 225
1247 173
1248 195
1249 236
1250 233
1251 179
1252 251
1253 235
1254 186
1255 154
1256 177
1257 194
1258 214
1259 233
1260 152
1261 170
1262 218
1263 193
1264 182
1265 164
1266 196
1267 181
1268 181
1269 178
1270 170
1271 206
1272 254
1273 175
1274 186
1275 227
1276 220
1277 208
1278 206
1279 206
1280 313
1281 187
1282 0
1283 230
1284 210
1285 201
1286 209
1287 183
1288 131
1289 235
1290 283
1291 154
1292 194
1293 154
1294 206
1295 217
1296 161
1297 202
1298 229
1299 144
1300 175
1301 192
1302 184
1303 175
1304 198
1305 206
1306 195
1307 193
1308 186
1309 173
1310 175
1311 180
1312 185
1313 211
1314 228
1315 137
1316 216
1317 200
1318 200
1319 224
1320 180
1321 189
1322 220
1323 175
1324 201
1325 171
1326 195
1327 223
1328 162
1329 228
1330 176
1331 182
1332 196
1333 249
1334 212
1335 184
1336 193
1337 326
1338 213
1339 181
1340 181
1341 226
1342 173
1343 216
1344 182
1345 155
1346 224
1347 134
1348 0
1349 229
1350 180
1351 187
1352 194
1353 193
1354 179
1355 180
1356 195
1357 225
1358 216
1359 180
1360 145
1361 207
1362 169
1363 187
1364 229
1365 189
1366 189
1367 295
1368 136
1369 219
1370 255
1371 186
1372 182
1373 171
1374 173
1375 179
1376 209
1377 148
1378 254
1379 234
1380 167
1381 182
1382 167
1383 257
1384 173
1385 222
1386 164
1387 171
1388 197
1389 166
1390 137
1391 171
1392 227
1393 207
1394 167
1395 199
1396 196
1397 115
1398 170
1399 189
1400 254
1401 174
1402 175
1403 191
1404 199
1405 189
1406 178
1407 301
1408 178
1409 127
1410 166
1411 193
1412 190
1413 216
1414 240
1415 247
1416 125
1417 158
1418 224
1419 211
1420 208
1421 174
1422 173
1423 165
1424 240
1425 183
1426 226
1427 234
1428 213
1429 196
1430 224
1431 164
1432 203
1433 215
1434 238
1435 165
1436 197
1437 202
1438 200
1439 203
1440 183
1441 325
1442 185
1443 0
1444 199
1445 207
1446 173
1447 146
1448 189
1449 191
1450 207
1451 194
1452 150
1453 182
1454 199
1455 159
1456 222
1457 220
1458 164
1459 218
1460 170
1461 212
1462 130
1463 173
1464 199
1465 206
1466 203
1467 169
1468 192
1469 226
1470 216
1471 190
1472 197
1473 141
1474 211
1475 175
1476 212
1477 163
1478 203
1479 183
1480 195
1481 208
1482 0
1483 135
1484 142
1485 141
1486 161
1487 217
1488 213
1489 224
1490 226
1491 175
1492 254
1493 194
1494 196
1495 211
1496 191
1497 173
1498 140
1499 154
1500 262
1501 185
1502 225
1503 204
1504 154
1505 214
1506 158
1507 181
1508 202
1509 176
1510 176
1511 187
1512 156
1513 100
1514 178
1515 203
1516 198
1517 169
1518 168
1519 236
1520 225
1521 205
1522 247
1523 214
1524 223
1525 246
1526 204
1527 223
1528 127
1529 192
1530 235
1531 203
1532 175
1533 244
1534 211
1535 284
1536 158
1537 190
1538 186
1539 192
1540 164
1541 122
1542 227
1543 179
1544 241
1545 203
1546 193
1547 229
1548 204
1549 117
1550 183
1551 163
1552 211
1553 220
1554 181
1555 251
1556 216
1557 270
1558 172
1559 180
1560 215
1561 271
1562 247
1563 202
1564 190
1565 172
1566 170
1567 249
1568 281
1569 196
1570 232
1571 244
1572 163
1573 195
1574 148
1575 235
1576 125
1577 237
1578 218
1579 154
1580 140
1581 223
1582 220
1583 190
1584 187
1585 212
1586 208
1587 205
1588 198
1589 184
1590 150
1591 194
1592 191
1593 204
1594 228
1595 239
1596 163
1597 214
1598 189
1599 186
1600 145
1601 223
1602 151
1603 198
1604 142
1605 190
1606 238
1607 0
1608 218
1609 186
1610 167
1611 159
1612 189
1613 200
1614 151
1615 177
1616 191
1617 208
1618 209
1619 269
1620 151
1621 171
1622 162
1623 136
1624 235
1625 242
1626 168
1627 163
1628 203
1629 118
1630 223
1631 150
1632 201
1633 219
1634 184
1635 194
1636 247
1637 210
1638 182
1639 215
1640 65
1641 157
1642 113
1643 139
1644 177
1645 186
1646 161
1647 214
1648 194
1649 221
1650 233
1651 235
1652 136
1653 158
1654 193
1655 200
1656 195
1657 203
1658 202
1659 174
1660 191
1661 140
1662 159
1663 265
1664 197
1665 237
1666 285
1667 195
1668 76
1669 267
1670 152
1671 172
1672 182
1673 182
1674 228
1675 220
1676 249
1677 170
1678 191
1679 198
1680 184
1681 225
1682 162
1683 312
1684 230
1685 177
1686 198
1687 219
1688 198
1689 182
1690 209
1691 202
1692 166
1693 199
1694 209
1695 230
1696 119
1697 187
1698 118
1699 234
1700 154
1701 175
1702 199
1703 245
1704 143
1705 194
1706 195
1707 222
1708 186
1709 226
1710 216
1711 210
1712 250
1713 255
1714 158
1715 210
1716 180
1717 100
1718 196
1719 166
1720 160
1721 115
1722 202
1723 149
1724 234
1725 256
1726 173
1727 156
1728 204
1729 221
1730 193
1731 182
1732 218
1733 202
1734 205
1735 201
1736 215
1737 180
1738 119
1739 203
1740 192
1741 190
1742 174
1743 0
1744 228
1745 178
1746 245
1747 148
1748 224
1749 99
1750 192
1751 197
1752 194
1753 149
1754 211
1755 202
1756 215
1757 188
1758 224
1759 127
1760 172
1761 214
1762 182
1763 201
1764 157
1765 173
1766 194
1767 187
1768 162
1769 280
1770 120
1771 174
1772 246
1773 216
1774 212
1775 186
1776 159
1777 184
1778 153
1779 230
1780 258
1781 182
1782 238
1783 182
1784 186
1785 202
1786 173
1787 215
1788 210
1789 223
1790 186
1791 171
1792 170
1793 169
1794 225
1795 158
1796 174
1797 163
1798 206
1799 209
1800 222
1801 180
1802 151
1803 200
1804 205
1805 233
1806 193
1807 219
1808 196
1809 103
1810 126
1811 191
1812 151
1813 187
1814 179
1815 218
1816 197
1817 192
1818 220
1819 201
1820 190
1821 198
1822 214
1823 195
1824 174
1825 155
1826 184
1827 258
1828 161
1829 178
1830 200
1831 187
1832 265
1833 153
1834 234
1835 202
1836 163
1837 181
1838 163
1839 0
1840 219
1841 145
1842 243
1843 255
1844 210
1845 196
1846 142
1847 172
1848 198
1849 250
1850 199
1851 226
1852 208
1853 161
1854 184
1855 172
1856 172
1857 199
1858 257
1859 217
1860 211
1861 190
1862 273
1863 147
1864 190
1865 172
1866 150
1867 162
1868 150
1869 212
1870 224
1871 174
1872 240
1873 175
1874 250
1875 171
1876 187
1877 166
1878 181
1879 194
1880 227
1881 232
1882 165
1883 216
1884 216
1885 173
1886 150
1887 180
1888 178
1889 199
1890 223
1891 168
1892 230
1893 209
1894 197
1895 174
1896 198
1897 228
1898 200
1899 222
1900 164
1901 180
1902 123
1903 196
1904 133
1905 98
1906 219
1907 157
1908 216
1909 177
1910 194
1911 199
1912 202
1913 180
1914 247
1915 276
1916 259
1917 222
1918 195
1919 219
1920 183
1921 153
1922 209
1923 209
1924 185
1925 195
1926 165
1927 187
1928 270
1929 194
1930 218
1931 151
1932 192
1933 106
1934 190
1935 190
1936 164
1937 183
1938 187
1939 270
1940 175
1941 176
1942 131
1943 120
1944 191
1945 295
1946 219
1947 172
1948 204
1949 197
1950 196
1951 182
1952 204
1953 201
1954 253
1955 201
1956 190
1957 134
1958 258
1959 210
1960 168
1961 219
1962 175
1963 212
1964 177
1965 231
1966 183
1967 217
1968 170
1969 163
1970 213
1971 79
1972 220
1973 195
1974 232
1975 193
1976 206
1977 205
1978 187
1979 162
1980 244
1981 222
1982 236
1983 249
1984 227
1985 143
1986 297
1987 234
1988 201
1989 153
1990 198
1991 168
1992 143
1993 159
1994 138
1995 166
1996 180
1997 144
1998 150
1999 226
2000 223
2001 120
2002 252
2003 164
2004 219
2005 183
2006 165
2007 175
2008 288
2009 174
2010 222
2011 126
2012 201
2013 168
2014 156
2015 213
2016 121
2017 201
2018 151
2019 210
2020 175
2021 125
2022 238
2023 234
2024 262
2025 172
2026 288
2027 186
2028 205
2029 216
2030 154
2031 172
2032 222
2033 192
2034 166
2035 180
2036 228
2037 190
2038 123
2039 235
2040 182
2041 162
2042 198
2043 243
2044 172
2045 152
2046 122
2047 148
2048 221
2049 293
2050 187
2051 221
2052 210
2053 106
2054 171
2055 188
2056 167
2057 165
2058 130
2059 196
2060 254
2061 214
2062 180
2063 178
2064 202
2065 206
2066 194
2067 223
2068 204
2069 192
2070 218
2071 166
2072 247
2073 213
2074 208
2075 242
2076 193
2077 164
2078 194
2079 159
2080 166
2081 203
2082 151
2083 191
2084 232
2085 265
2086 174
2087 190
2088 186
2089 197
2090 178
2091 234
2092 196
2093 162
2094 133
2095 238
2096 222
2097 203
2098 181
2099 77
2100 197
2101 248
2102 212
2103 168
2104 224
2105 193
2106 216
2107 168
2108 205
2109 145
2110 309
2111 216
2112 228
2113 208
2114 142
2115 212
2116 165
2117 216
2118 137
2119 189
2120 212
2121 183
2122 166
2123 208
2124 251
2125 228
2126 149
2127 196
2128 220
2129 202
2130 181
2131 161
2132 197
2133 152
2134 276
2135 207
2136 150
2137 193
2138 220
2139 182
2140 267
2141 198
2142 111
2143 118
2144 220
2145 151
2146 265
2147 191
2148 217
2149 129
2150 210
2151 209
2152 200
2153 189
2154 188
2155 197
2156 183
2157 187
2158 259
2159 189
2160 125
2161 201
2162 171
2163 217
2164 137
2165 226
2166 202
2167 152
2168 167
2169 201
2170 211
2171 215
2172 199
2173 263
2174 155
2175 201
2176 171
2177 198
2178 206
2179 108
2180 194
2181 178
2182 185
2183 219
2184 182
2185 171
2186 211
2187 249
2188 205
2189 167
2190 210
2191 234
2192 195
2193 189
2194 247
2195 225
2196 236
2197 176
2198 154
2199 239
2200 158
2201 224
2202 200
2203 144
2204 178
2205 195
2206 190
2207 136
2208 174
2209 193
2210 203
2211 180
2212 152
2213 166
2214 188
2215 242
2216 199
2217 179
2218 200
2219 270
2220 185
2221 119
2222 192
2223 220
2224 212
2225 183
2226 175
2227 264
2228 213
2229 185
2230 200
2231 141
2232 225
2233 139
2234 204
2235 239
2236 196
2237 245
2238 182
2239 226
2240 124
2241 189
2242 233
2243 194
2244 229
2245 230
2246 196
2247 227
2248 154
2249 206
2250 165
2251 149
2252 191
2253 202
2254 219
2255 183
2256 131
2257 188
2258 215
2259 189
2260 159
2261 215
2262 126
2263 210
2264 283
2265 203
2266 192
2267 207
2268 200
2269 233
2270 158
2271 204
2272 239
2273 217
2274 177
2275 205
2276 166
2277 162
2278 167
2279 203
2280 239
2281 191
2282 188
2283 231
2284 185
2285 182
2286 280
2287 249
2288 208
2289 201
2290 189
2291 136
2292 170
2293 255
2294 163
2295 241
2296 148
2297 83
2298 220
2299 239
2300 186
2301 192
2302 170
2303 228
2304 191
2305 196
2306 190
2307 231
2308 109
2309 139
2310 284
2311 255
2312 162
2313 227
2314 150
2315 250
2316 166
2317 190
2318 211
2319 214
2320 222
2321 209
2322 174
2323 216
2324 186
2325 149
2326 239
2327 209
2328 217
2329 174
2330 201
2331 132
2332 175
2333 215
2334 238
2335 183
2336 176
2337 248
2338 245
2339 194
2340 165
2341 162
2342 222
2343 184
2344 199
2345 114
2346 221
2347 122
2348 131
2349 197
2350 157
2351 134
2352 215
2353 166
2354 173
2355 204
2356 187
2357 126
2358 183
2359 163
2360 175
2361 241
2362 163
2363 223
2364 131
2365 247
2366 145
2367 208
2368 225
2369 211
2370 213
2371 198
2372 178
2373 196
2374 189
2375 171
2376 206
2377 198
2378 222
2379 170
2380 224
2381 214
2382 146
2383 199
2384 237
2385 205
2386 186
2387 231
2388 190
2389 203
2390 245
2391 180
2392 236
2393 170
2394 191
2395 192
2396 223
2397 232
2398 229
2399 214
2400 219
2401 181
2402 240
2403 97
2404 260
2405 167
2406 147
2407 178
2408 205
2409 140
2410 160
2411 189
2412 206
2413 234
2414 235
2415 170
2416 169
2417 208
2418 183
2419 174
2420 216
2421 167
2422 172
2423 140
2424 189
2425 153
2426 136
2427 170
2428 198
2429 251
2430 202
2431 208
2432 201
2433 268
2434 212
2435 140
2436 139
2437 192
2438 171
2439 259
2440 217
2441 218
2442 179
2443 210
2444 217
2445 211
2446 147
2447 188
2448 214
2449 171
2450 215
2451 257
2452 207
2453 194
2454 149
2455 221
2456 204
2457 173
2458 181
2459 101
2460 196
2461 184
2462 0
2463 212
2464 201
2465 247
2466 193
2467 189
2468 189
2469 271
2470 161
2471 199
2472 158
2473 158
2474 177
2475 211
2476 169
2477 66
2478 264
2479 196
2480 185
2481 183
2482 213
2483 181
2484 176
2485 191
2486 131
2487 182
2488 169
2489 202
2490 189
2491 155
2492 217
2493 219
2494 102
2495 218
2496 217
2497 215
2498 125
2499 247
2500 171
2501 166
2502 221
2503 241
2504 166
2505 84
2506 152
2507 188
2508 175
2509 202
2510 170
2511 163
2512 155
2513 202
2514 149
2515 242
2516 137
2517 175
2518 172
2519 212
2520 223
2521 176
2522 186
2523 137
2524 205
2525 186
2526 193
2527 211
2528 207
2529 216
2530 200
2531 235
2532 229
2533 239
2534 180
2535 203
2536 188
2537 194
2538 99
2539 196
2540 175
2541 183
2542 187
2543 243
2544 199
2545 165
2546 185
2547 166
2548 210
2549 231
2550 205
2551 209
2552 281
2553 203
2554 231
2555 187
2556 243
2557 166
2558 232
2559 237
2560 244
2561 186
2562 206
2563 195
2564 207
2565 187
2566 238
2567 158
2568 209
2569 207
2570 164
2571 213
2572 166
2573 185
2574 173
2575 197
2576 217
2577 190
2578 221
2579 170
2580 314
2581 211
2582 189
2583 276
2584 180
2585 231
2586 231
2587 212
2588 204
2589 118
2590 200
2591 169
2592 175
2593 183
2594 198
2595 191
2596 215
2597 147
2598 206
2599 168
2600 176
2601 200
2602 202
2603 208
2604 138
2605 149
2606 132
2607 181
2608 192
2609 228
2610 171
2611 0
2612 172
2613 145
2614 181
2615 200
2616 212
2617 209
2618 202
2619 171
2620 182
2621 247
2622 195
2623 183
2624 221
2625 256
2626 204
2627 237
2628 179
2629 206
2630 205
2631 228
2632 220
2633 212
2634 175
2635 236
2636 249
2637 146
2638 208
2639 197
2640 138
2641 181
2642 181
2643 180
2644 197
2645 153
2646 132
2647 212
2648 143
2649 206
2650 111
2651 217
2652 160
2653 216
2654 230
2655 199
2656 242
2657 146
2658 0
2659 216
2660 193
2661 220
2662 0
2663 262
2664 160
2665 194
2666 226
2667 192
2668 229
2669 93
2670 108
2671 234
2672 230
2673 227
2674 163
2675 218
2676 184
2677 197
2678 207
2679 193
2680 138
2681 224
2682 163
2683 239
2684 206
2685 258
2686 235
2687 217
2688 249
2689 195
2690 159
2691 137
2692 147
2693 203
2694 199
2695 166
2696 227
2697 242
2698 174
2699 185
2700 238
2701 186
2702 187
2703 187
2704 199
2705 232
2706 107
2707 168
2708 189
2709 168
2710 185
2711 183
2712 167
2713 183
2714 176
2715 191
2716 209
2717 170
2718 169
2719 242
2720 202
2721 199
2722 160
2723 226
2724 179
2725 201
2726 176
2727 267
2728 199
2729 202
2730 268
2731 231
2732 220
2733 179
2734 249
2735 221
2736 185
2737 241
2738 194
2739 210
2740 230
2741 214
2742 210
2743 235
2744 244
2745 173
2746 179
2747 173
2748 183
2749 173
2750 184
2751 197
2752 181
2753 150
2754 139
2755 173
2756 205
2757 178
2758 175
2759 158
2760 215
2761 222
2762 177
2763 263
2764 194
2765 213
2766 85
2767 180
2768 243
2769 215
2770 202
2771 238
2772 231
2773 178
2774 166
2775 201
2776 178
2777 161
2778 181
2779 117
2780 278
2781 198
2782 166
2783 230
2784 233
2785 208
2786 200
2787 237
2788 126
2789 211
2790 190
2791 238
2792 228
2793 203
2794 207
2795 238
2796 226
2797 211
2798 186
2799 157
2800 187
2801 165
2802 166
2803 225
2804 184
2805 189
2806 191
2807 202
2808 194
2809 187
2810 216
2811 237
2812 171
2813 220
2814 147
2815 195
2816 201
2817 170
2818 148
2819 218
2820 197
2821 213
2822 194
2823 162
2824 150
2825 190
2826 157
2827 208
2828 128
2829 291
2830 138
2831 227
2832 156
2833 241
2834 187
2835 258
2836 190
2837 177
2838 231
2839 203
2840 166
2841 210
2842 180
2843 189
2844 204
2845 281
2846 113
2847 204
2848 259
2849 143
2850 147
2851 134
2852 203
2853 169
2854 195
2855 196
2856 250
2857 153
2858 117
2859 193
2860 164
2861 225
2862 196
2863 185
2864 146
2865 187
2866 161
2867 220
2868 198
2869 193
2870 168
2871 149
2872 161
2873 122
2874 148
2875 228
2876 196
2877 225
2878 213
2879 190
2880 182
2881 173
2882 200
2883 209
2884 147
2885 245
2886 198
2887 185
2888 231
2889 243
2890 180
2891 212
2892 207
2893 219
2894 186
2895 204
2896 147
2897 203
2898 137
2899 197
2900 216
2901 143
2902 153
2903 163
2904 220
2905 196
2906 174
2907 214
2908 179
2909 221
2910 163
2911 169
2912 233
2913 171
2914 203
2915 187
2916 227
2917 204
2918 172
2919 195
2920 196
2921 217
2922 257
2923 209
2924 241
2925 188
2926 211
2927 257
2928 167
2929 187
2930 216
2931 176
2932 246
2933 151
2934 158
2935 158
2936 207
2937 227
2938 233
2939 184
2940 286
2941 149
2942 98
2943 166
2944 189
2945 163
2946 157
2947 206
2948 179
2949 154
2950 191
2951 221
2952 164
2953 207
2954 197
2955 121
2956 242
2957 221
2958 265
2959 167
2960 188
2961 146
2962 158
2963 221
2964 167
2965 165
2966 239
2967 180
2968 232
2969 161
2970 197
2971 0
2972 224
2973 190
2974 173
2975 218
2976 223
2977 165
2978 273
2979 197
2980 199
2981 169
2982 223
2983 196
2984 251
2985 208
2986 163
2987 188
2988 164
2989 218
2990 217
2991 234
2992 234
2993 250
2994 197
2995 226
2996 153
2997 217
2998 201
2999 180
3000 208
3001 175
3002 259
3003 207
3004 222
3005 199
3006 151
3007 121
3008 187
3009 239
3010 133
3011 215
3012 195
3013 205
3014 175
3015 181
3016 161
3017 207
3018 142
3019 172
3020 228
3021 211
3022 134
3023 0
3024 136
3025 201
3026 206
3027 190
3028 206
3029 203
3030 147
3031 236
3032 230
3033 238
3034 191
3035 210
3036 155
3037 185
3038 176
3039 168
3040 237
3041 229
3042 269
3043 181
3044 187
3045 179
3046 163
3047 128
3048 55
3049 180
3050 240
3051 248
3052 46
3053 240
3054 204
3055 187
3056 200
3057 205
3058 210
3059 185
3060 199
3061 189
3062 187
3063 217
3064 221
3065 166
3066 198
3067 217
3068 195
3069 189
3070 207
3071 207
3072 0
3073 252
3074 200
3075 199
3076 166
3077 165
3078 255
3079 133
3080 208
3081 199
3082 213
3083 127
3084 180
3085 108
3086 193
3087 191
3088 152
3089 164
3090 184
3091 165
3092 192
3093 203
3094 192
3095 175
3096 175
3097 254
3098 181
3099 187
3100 233
3101 204
3102 166
3103 171
3104 239
3105 171
3106 186
3107 165
3108 184
3109 176
3110 212
3111 240
3112 152
3113 178
3114 299
3115 223
3116 230
3117 155
3118 174
3119 138
3120 210
3121 219
3122 181
3123 172
3124 144
3125 190
3126 159
3127 210
3128 159
3129 186
3130 151
3131 209
3132 227
3133 244
3134 232
3135 196
3136 316
3137 185
3138 207
3139 236
3140 199
3141 194
3142 178
3143 212
3144 152
3145 223
3146 199
3147 137
3148 185
3149 217
3150 235
3151 235
3152 198
3153 217
3154 149
3155 130
3156 194
3157 219
3158 254
3159 155
3160 220
3161 194
3162 181
3163 159
3164 119
3165 252
3166 205
3167 171
3168 186
3169 189
3170 0
3171 242
3172 257
3173 212
3174 191
3175 203
3176 199
3177 258
3178 152
3179 219
3180 214
3181 151
3182 63
3183 299
3184 216
3185 178
3186 189
3187 158
3188 198
3189 207
3190 129
3191 214
3192 127
3193 172
3194 203
3195 193
3196 231
3197 208
3198 211
3199 177
3200 209
3201 190
3202 198
3203 195
3204 217
3205 183
3206 226
3207 203
3208 175
3209 226
3210 192
3211 201
3212 223
3213 196
3214 143
3215 221
3216 196
3217 188
3218 218
3219 143
3220 189
3221 188
3222 149
3223 208
3224 191
3225 204
3226 215
3227 226
3228 201
3229 232
3230 213
3231 191
3232 190
3233 212
3234 205
3235 200
3236 186
3237 208
3238 231
3239 175
3240 222
3241 214
3242 190
3243 156
3244 134
3245 188
3246 245
3247 132
3248 228
3249 265
3250 200
3251 166
3252 193
3253 149
3254 230
3255 213
3256 233
3257 219
3258 186
3259 174
3260 219
3261 187
3262 185
3263 231
3264 165
3265 205
3266 206
3267 203
3268 258
3269 209
3270 234
3271 192
3272 287
3273 150
3274 185
3275 225
3276 214
3277 206
3278 158
3279 186
3280 202
3281 227
3282 186
3283 134
3284 187
3285 185
3286 189
3287 259
3288 227
3289 62
3290 158
3291 199
3292 272
3293 211
3294 230
3295 125
3296 228
3297 165
3298 163
3299 183
3300 232
3301 224
3302 192
3303 169
3304 169
3305 129
3306 207
3307 166
3308 249
3309 149
3310 172
3311 201
3312 229
3313 201
3314 188
3315 202
3316 196
3317 187
3318 168
3319 181
3320 224
3321 170
3322 306
3323 162
3324 150
3325 222
3326 196
3327 167
3328 160
3329 157
3330 165
3331 180
3332 209
3333 208
3334 191
3335 224
3336 237
3337 135
3338 201
3339 189
3340 168
3341 154
3342 216
3343 141
3344 193
3345 215
3346 267
3347 226
3348 268
3349 223
3350 252
3351 223
3352 213
3353 181
3354 193
3355 194
3356 243
3357 191
3358 197
3359 150
3360 214
3361 231
3362 173
3363 212
3364 182
3365 169
3366 192
3367 192
3368 299
3369 200
3370 232
3371 180
3372 179
3373 190
3374 134
3375 186
3376 162
3377 184
3378 214
3379 226
3380 213
3381 114
3382 310
3383 159
3384 185
3385 202
3386 239
3387 178
3388 199
3389 207
3390 145
3391 224
3392 175
3393 195
3394 205
3395 175
3396 215
3397 183
3398 154
3399 178
3400 247
3401 209
3402 198
3403 163
3404 216
3405 168
3406 207
3407 211
3408 198
3409 195
3410 100
3411 188
3412 197
3413 190
3414 182
3415 239
3416 166
3417 187
3418 219
3419 162
3420 154
3421 191
3422 236
3423 211
3424 206
3425 204
3426 199
3427 99
3428 247
3429 207
3430 273
3431 169
3432 222
3433 170
3434 193
3435 197
3436 128
3437 234
3438 178
3439 203
3440 184
3441 111
3442 173
3443 189
3444 184
3445 189
3446 195
3447 190
3448 174
3449 245
3450 173
3451 183
3452 242
3453 208
3454 246
3455 160
3456 205
3457 195
3458 205
3459 163
3460 175
3461 198
3462 157
3463 191
3464 155
3465 176
3466 198
3467 165
3468 255
3469 196
3470 260
3471 181
3472 168
3473 251
3474 219
3475 120
3476 239
3477 156
3478 239
3479 196
3480 176
3481 198
3482 210
3483 159
3484 228
3485 257
3486 172
3487 199
3488 183
3489 196
3490 214
3491 172
3492 277
3493 210
3494 214
3495 134
3496 217
3497 173
3498 178
3499 159
3500 194
3501 213
3502 143
3503 141
3504 183
3505 195
3506 173
3507 214
3508 128
3509 230
3510 202
3511 254
3512 111
3513 212
3514 209
3515 165
3516 146
3517 203
3518 206
3519 231
3520 121
3521 194
3522 179
3523 236
3524 182
3525 170
3526 162
3527 217
3528 162
3529 231
3530 0
3531 301
3532 179
3533 203
3534 204
3535 203
3536 266
3537 205
3538 143
3539 212
3540 229
3541 196
3542 194
3543 144
3544 219
3545 235
3546 193
3547 233
3548 224
3549 192
3550 199
3551 207
3552 223
3553 184
3554 204
3555 195
3556 161
3557 176
3558 215
3559 200
3560 251
3561 161
3562 157
3563 242
3564 144
3565 324
3566 214
3567 70
3568 134
3569 182
3570 135
3571 194
3572 206
3573 292
3574 203
3575 193
3576 207
3577 177
3578 207
3579 258
3580 181
3581 166
3582 231
3583 166
3584 265
3585 202
3586 247
3587 201
3588 242
3589 192
3590 215
3591 216
3592 218
3593 175
3594 224
3595 234
3596 157
3597 203
3598 227
3599 97
3600 197
3601 235
3602 228
3603 232
3604 173
3605 211
3606 177
3607 192
3608 166
3609 260
3610 189
3611 169
3612 237
3613 196
3614 202
3615 183
3616 201
3617 192
3618 232
3619 171
3620 230
3621 191
3622 203
3623 176
3624 225
3625 177
3626 192
3627 105
3628 131
3629 211
3630 175
3631 181
3632 200
3633 175
3634 196
3635 201
3636 229
3637 198
3638 168
3639 162
3640 210
3641 189
3642 227
3643 190
3644 186
3645 277
3646 226
3647 180
3648 175
3649 135
3650 201
3651 0
3652 190
3653 208
3654 197
3655 168
3656 196
3657 105
3658 0
3659 190
3660 237
3661 213
3662 165
3663 222
3664 205
3665 265
3666 217
3667 225
3668 178
3669 235
3670 184
3671 218
3672 244
3673 170
3674 142
3675 198
3676 216
3677 166
3678 196
3679 207
3680 202
3681 88
3682 200
3683 182
3684 149
3685 170
3686 225
3687 196
3688 175
3689 215
3690 0
3691 220
3692 184
3693 194
3694 126
3695 169
3696 157
3697 139
3698 179
3699 168
3700 195
3701 217
3702 230
3703 162
3704 179
3705 194
3706 227
3707 178
3708 120
3709 173
3710 165
3711 185
3712 227
3713 216
3714 174
3715 125
3716 180
3717 170
3718 189
3719 233
3720 175
3721 185
3722 159
3723 199
3724 159
3725 254
3726 158
3727 214
3728 186
3729 223
3730 143
3731 219
3732 270
3733 191
3734 172
3735 182
3736 174
3737 223
3738 156
3739 216
3740 174
3741 167
3742 200
3743 181
3744 248
3745 192
3746 121
3747 163
3748 105
3749 124
3750 242
3751 164
3752 168
3753 204
3754 218
3755 180
3756 186
3757 206
3758 217
3759 159
3760 126
3761 169
3762 216
3763 176
3764 134
3765 153
3766 193
3767 210
3768 189
3769 277
3770 168
3771 173
3772 234
3773 191
3774 236
3775 207
3776 225
3777 209
3778 173
3779 178
3780 135
3781 154
3782 181
3783 143
3784 196
3785 171
3786 236
3787 192
3788 184
3789 249
3790 184
3791 138
3792 182
3793 203
3794 226
3795 211
3796 251
3797 123
3798 207
3799 196
3800 231
3801 215
3802 185
3803 192
3804 203
3805 191
3806 193
3807 208
3808 207
3809 202
3810 214
3811 151
3812 225
3813 171
3814 262
3815 223
3816 195
3817 160
3818 213
3819 194
3820 212
3821 104
3822 102
3823 138
3824 168
3825 198
3826 250
3827 260
3828 167
3829 207
3830 196
3831 117
3832 220
3833 170
3834 258
3835 264
3836 164
3837 189
3838 194
3839 199
3840 207
3841 138
3842 199
3843 235
3844 147
3845 147
3846 217
3847 195
3848 171
3849 185
3850 228
3851 287
3852 197
3853 148
3854 197
3855 193
3856 202
3857 199
3858 242
3859 182
3860 213
3861 232
3862 229
3863 196
3864 225
3865 196
3866 167
3867 222
3868 190
3869 177
3870 284
3871 26
3872 153
3873 176
3874 105
3875 218
3876 216
3877 180
3878 141
3879 204
3880 207
3881 157
3882 138
3883 221
3884 151
3885 175
3886 167
3887 218
3888 188
3889 186
3890 168
3891 158
3892 198
3893 181
3894 184
3895 202
3896 207
3897 170
3898 157
3899 209
3900 178
3901 262
3902 185
3903 162
3904 221
3905 194
3906 199
3907 169
3908 80
3909 215
3910 0
3911 169
3912 213
3913 217
3914 243
3915 180
3916 210
3917 268
3918 174
3919 204
3920 177
3921 193
3922 164
3923 215
3924 180
3925 203
3926 229
3927 180
3928 205
3929 194
3930 157
3931 208
3932 142
3933 199
3934 223
3935 223
3936 241
3937 189
3938 280
3939 113
3940 212
3941 150
3942 194
3943 216
3944 186
3945 189
3946 227
3947 148
3948 178
3949 213
3950 196
3951 196
3952 208
3953 177
3954 0
3955 291
3956 150
3957 217
3958 228
3959 193
3960 134
3961 153
3962 314
3963 208
3964 225
3965 240
3966 175
3967 138
3968 110
3969 213
3970 202
3971 223
3972 224
3973 170
3974 182
3975 182
3976 114
3977 246
3978 223
3979 199
3980 228
3981 172
3982 172
3983 170
3984 195
3985 199
3986 180
3987 189
3988 156
3989 155
3990 162
3991 233
3992 190
3993 174
3994 182
3995 204
3996 219
3997 162
3998 236
3999 198
4000 189
4001 151
4002 236
4003 206
4004 284
4005 206
4006 209
4007 196
4008 256
4009 165
4010 279
4011 170
4012 217
4013 211
4014 164
4015 211
4016 181
4017 194
4018 207
4019 156
4020 220
4021 218
4022 198
4023 212
4024 214
4025 135
4026 255
4027 165
4028 218
4029 246
4030 193
4031 176
4032 116
4033 154
4034 167
4035 173
4036 189
4037 175
4038 203
4039 223
4040 175
4041 184
4042 173
4043 226
4044 197
4045 235
4046 245
4047 147
4048 155
4049 165
4050 196
4051 186
4052 184
4053 203
4054 153
4055 202
4056 178
4057 211
4058 158
4059 168
4060 165
4061 145
4062 274
4063 150
4064 203
4065 191
4066 173
4067 234
4068 134
4069 192
4070 207
4071 226
4072 173
4073 164
4074 212
4075 210
4076 240
4077 203
4078 166
4079 209
4080 191
4081 212
4082 180
4083 162
4084 188
4085 217
4086 280
4087 147
4088 168
4089 202
4090 221
4091 213
4092 191
4093 246
4094 201
4095 188
4096 151
4097 208
4098 205
4099 153
4100 214
4101 201
4102 221
4103 279
4104 241
4105 186
4106 116
4107 79
4108 201
4109 192
4110 222
4111 218
4112 159
4113 168
4114 122
4115 199
4116 188
4117 199
4118 131
4119 173
4120 236
4121 177
4122 225
4123 190
4124 288
4125 239
4126 130
4127 181
4128 208
4129 155
4130 204
4131 178
4132 157
4133 170
4134 231
4135 235
4136 244
4137 360
4138 248
4139 253
4140 176
4141 142
4142 236
4143 211
4144 175
4145 179
4146 208
4147 180
4148 202
4149 156
4150 151
4151 158
4152 207
4153 220
4154 171
4155 160
4156 172
4157 173
4158 163
4159 211
4160 159
4161 173
4162 209
4163 225
4164 184
4165 185
4166 197
4167 216
4168 170
4169 190
4170 259
4171 155
4172 147
4173 193
4174 217
4175 179
4176 144
4177 235
4178 195
4179 179
4180 161
4181 223
4182 199
4183 229
4184 201
4185 244
4186 201
4187 195
4188 147
4189 166
4190 132
4191 193
4192 166
4193 196
4194 172
4195 175
4196 209
4197 199
4198 162
4199 173
4200 191
4201 193
4202 169
4203 225
4204 194
4205 207
4206 194
4207 172
4208 183
4209 177
4210 192
4211 215
4212 172
4213 236
4214 239
4215 193
4216 228
4217 175
4218 201
4219 216
4220 192
4221 199
4222 189
4223 255
4224 208
4225 179
4226 171
4227 127
4228 228
4229 174
4230 267
4231 153
4232 234
4233 250
4234 183
4235 238
4236 188
4237 182
4238 210
4239 197
4240 92
4241 212
4242 182
4243 215
4244 120
4245 172
4246 261
4247 192
4248 266
4249 180
4250 159
4251 152
4252 206
4253 178
4254 184
4255 191
4256 220
4257 199
4258 126
4259 207
4260 195
4261 214
4262 156
4263 228
4264 196
4265 224
4266 228
4267 220
4268 199
4269 166
4270 177
4271 134
4272 222
4273 116
4274 155
4275 227
4276 107
4277 239
4278 241
4279 247
4280 155
4281 238
4282 203
4283 205
4284 231
4285 178
4286 221
4287 218
4288 199
4289 186
4290 176
4291 195
4292 247
4293 192
4294 203
4295 215
4296 211
4297 196
4298 203
4299 180
4300 203
4301 213
4302 224
4303 173
4304 97
4305 181
4306 135
4307 222
4308 191
4309 188
4310 180
4311 169
4312 253
4313 224
4314 222
4315 178
4316 230
4317 208
4318 149
4319 179
4320 220
4321 204
4322 180
4323 171
4324 164
4325 240
4326 198
4327 189
4328 284
4329 208
4330 219
4331 202
4332 121
4333 172
4334 200
4335 164
4336 202
4337 178
4338 195
4339 174
4340 215
4341 182
4342 144
4343 180
4344 265
4345 176
4346 164
4347 193
4348 204
4349 193
4350 188
4351 184
4352 247
4353 177
4354 144
4355 212
4356 152
4357 213
4358 252
4359 207
4360 224
4361 212
4362 152
4363 199
4364 0
4365 269
4366 188
4367 179
4368 210
4369 249
4370 201
4371 211
4372 136
4373 174
4374 185
4375 188
4376 147
4377 194
4378 164
4379 123
4380 158
4381 197
4382 182
4383 250
4384 194
4385 182
4386 204
4387 111
4388 192
4389 220
4390 214
4391 161
4392 178
4393 130
4394 208
4395 197
4396 179
4397 241
4398 261
4399 214
4400 222
4401 128
4402 163
4403 190
4404 228
4405 151
4406 170
4407 212
4408 169
4409 179
4410 190
4411 156
4412 151
4413 210
4414 157
4415 216
4416 173
4417 183
4418 181
4419 183
4420 198
4421 264
4422 136
4423 145
4424 188
4425 219
4426 102
4427 193
4428 182
4429 266
4430 215
4431 184
4432 179
4433 194
4434 198
4435 176
4436 190
4437 165
4438 127
4439 167
4440 233
4441 163
4442 235
4443 243
4444 236
4445 186
4446 229
4447 107
4448 197
4449 162
4450 239
4451 202
4452 199
4453 196
4454 216
4455 236
4456 235
4457 234
4458 188
4459 186
4460 210
4461 159
4462 217
4463 222
4464 207
4465 156
4466 224
4467 163
4468 189
4469 167
4470 219
4471 181
4472 140
4473 190
4474 162
4475 193
4476 132
4477 172
4478 209
4479 247
4480 204
4481 279
4482 210
4483 213
4484 276
4485 224
4486 176
4487 119
4488 181
4489 198
4490 175
4491 95
4492 241
4493 170
4494 161
4495 246
4496 0
4497 201
4498 157
4499 198
4500 169
4501 187
4502 173
4503 157
4504 197
4505 184
4506 0
4507 203
4508 161
4509 222
4510 201
4511 217
4512 246
4513 156
4514 184
4515 178
4516 204
4517 190
4518 195
4519 247
4520 221
4521 201
4522 198
4523 129
4524 181
4525 184
4526 198
4527 0
4528 175
4529 244
4530 168
4531 211
4532 187
4533 250
4534 159
4535 211
4536 161
4537 192
4538 172
4539 206
4540 196
4541 192
4542 199
4543 181
4544 209
4545 182
4546 126
4547 194
4548 184
4549 194
4550 230
4551 163
4552 145
4553 164
4554 154
4555 171
4556 184
4557 207
4558 184
4559 177
4560 151
4561 239
4562 241
4563 202
4564 242
4565 193
4566 194
4567 208
4568 205
4569 182
4570 163
4571 217
4572 241
4573 198
4574 181
4575 199
4576 189
4577 214
4578 203
4579 267
4580 223
4581 176
4582 220
4583 200
4584 176
4585 246
4586 155
4587 229
4588 193
4589 223
4590 177
4591 129
4592 164
4593 219
4594 258
4595 173
4596 226
4597 188
4598 287
4599 212
4600 205
4601 190
4602 155
4603 207
4604 188
4605 173
4606 216
4607 181
4608 264
4609 181
4610 187
4611 235
4612 165
4613 233
4614 124
4615 220
4616 153
4617 227
4618 204
4619 222
4620 145
4621 187
4622 194
4623 151
4624 261
4625 169
4626 195
4627 185
4628 163
4629 167
4630 186
4631 258
4632 232
4633 235
4634 123
4635 153
4636 194
4637 212
4638 206
4639 182
4640 238
4641 158
4642 110
4643 207
4644 155
4645 170
4646 166
4647 196
4648 193
4649 210
4650 138
4651 238
4652 217
4653 0
4654 207
4655 211
4656 202
4657 180
4658 229
4659 217
4660 194
4661 190
4662 248
4663 210
4664 202
4665 211
4666 205
4667 221
4668 166
4669 171
4670 256
4671 71
4672 173
4673 179
4674 183
4675 286
4676 197
4677 171
4678 202
4679 148
4680 176
4681 206
4682 206
4683 224
4684 134
4685 208
4686 232
4687 193
4688 159
4689 250
4690 198
4691 180
4692 226
4693 197
4694 249
4695 207
4696 211
4697 260
4698 200
4699 155
4700 227
4701 210
4702 234
4703 204
4704 142
4705 279
4706 158
4707 219
4708 0
4709 152
4710 208
4711 189
4712 169
4713 192
4714 176
4715 218
4716 183
4717 175
4718 231
4719 172
4720 196
4721 273
4722 230
4723 186
4724 189
4725 205
4726 244
4727 205
4728 237
4729 182
4730 204
4731 257
4732 200
4733 172
4734 213
4735 206
4736 278
4737 233
4738 253
4739 192
4740 170
4741 212
4742 186
4743 205
4744 177
4745 221
4746 218
4747 179
4748 180
4749 229
4750 210
4751 242
4752 238
4753 193
4754 170
4755 229
4756 219
4757 176
4758 167
4759 209
4760 145
4761 237
4762 203
4763 204
4764 178
4765 170
4766 185
4767 216
4768 142
4769 199
4770 210
4771 204
4772 171
4773 0
4774 172
4775 204
4776 248
4777 178
4778 185
4779 165
4780 178
4781 198
4782 200
4783 101
4784 248
4785 162
4786 205
4787 185
4788 204
4789 187
4790 175
4791 219
4792 210
4793 174
4794 0
4795 208
4796 206
4797 86
4798 168
4799 170
4800 216
4801 231
4802 220
4803 240
4804 130
4805 156
4806 149
4807 204
4808 165
4809 147
4810 193
4811 191
4812 205
4813 191
4814 128
4815 185
4816 235
4817 206
4818 171
4819 237
4820 139
4821 214
4822 189
4823 223
4824 167
4825 160
4826 162
4827 210
4828 211
4829 146
4830 246
4831 211
4832 164
4833 252
4834 177
4835 165
4836 253
4837 200
4838 150
4839 147
4840 212
4841 155
4842 190
4843 145
4844 135
4845 258
4846 224
4847 226
4848 233
4849 163
4850 240
4851 205
4852 172
4853 201
4854 228
4855 143
4856 211
4857 195
4858 166
4859 179
4860 175
4861 135
4862 125
4863 263
4864 169
4865 223
4866 181
4867 176
4868 225
4869 219
4870 189
4871 216
4872 180
4873 194
4874 198
4875 189
4876 190
4877 175
4878 147
4879 180
4880 204
4881 200
4882 143
4883 213
4884 199
4885 212
4886 187
4887 68
4888 251
4889 187
4890 214
4891 159
4892 262
4893 169
4894 185
4895 144
4896 230
4897 211
4898 195
4899 196
4900 206
4901 197
4902 224
4903 243
4904 199
4905 209
4906 163
4907 164
4908 206
4909 179
4910 207
4911 144
4912 198
4913 129
4914 162
4915 220
4916 189
4917 91
4918 183
4919 139
4920 252
4921 253
4922 111
4923 166
4924 232
4925 197
4926 221
4927 188
4928 202
4929 221
4930 177
4931 202
4932 184
4933 204
4934 153
4935 200
4936 192
4937 234
4938 217
4939 161
4940 142
4941 208
4942 157
4943 234
4944 165
4945 164
4946 221
4947 78
4948 217
4949 0
4950 203
4951 155
4952 178
4953 138
4954 242
4955 95
4956 188
4957 195
4958 208
4959 207
4960 179
4961 190
4962 63
4963 188
4964 158
4965 198
4966 244
4967 184
4968 190
4969 267
4970 173
4971 174
4972 207
4973 120
4974 225
4975 232
4976 188
4977 230
4978 238
4979 152
4980 195
4981 186
4982 221
4983 205
4984 156
4985 201
4986 208
4987 155
4988 179
4989 188
4990 197
4991 180
4992 162
4993 150
4994 203
4995 188
4996 199
4997 170
4998 201
4999 205
5000 229
5001 183
5002 209
5003 188
5004 200
5005 173
5006 164
5007 230
5008 174
5009 170
5010 193
5011 262
5012 208
5013 241
5014 194
5015 65
5016 151
5017 221
5018 155
5019 169
5020 219
5021 151
5022 232
5023 243
5024 189
5025 206
5026 143
5027 198
5028 257
5029 168
5030 209
5031 193
5032 182
5033 206
5034 240
5035 208
5036 158
5037 212
5038 221
5039 180
5040 210
5041 138
5042 144
5043 194
5044 235
5045 252
5046 169
5047 187
5048 183
5049 194
5050 223
5051 189
5052 213
5053 195
5054 177
5055 228
5056 173
5057 200
5058 197
5059 157
5060 167
5061 115
5062 197
5063 192
5064 230
5065 169
5066 162
5067 190
5068 178
5069 257
5070 186
5071 248
5072 144
5073 180
5074 256
5075 240
5076 239
5077 87
5078 159
5079 194
5080 253
5081 222
5082 193
5083 152
5084 250
5085 201
5086 153
5087 195
5088 223
5089 214
5090 123
5091 277
5092 210
5093 209
5094 184
5095 192
5096 207
5097 235
5098 176
5099 171
5100 201
5101 192
5102 221
5103 204
5104 169
5105 0
5106 174
5107 202
5108 176
5109 210
5110 189
5111 149
5112 212
5113 252
5114 115
5115 204
5116 232
5117 229
5118 171
5119 220
5120 214
5121 167
5122 159
5123 195
5124 112
5125 175
5126 198
5127 124
5128 180
5129 180
5130 223
5131 197
5132 226
5133 224
5134 147
5135 214
5136 153
5137 156
5138 169
5139 146
5140 239
5141 135
5142 190
5143 139
5144 211
5145 130
5146 191
5147 142
5148 163
5149 155
5150 182
5151 215
5152 192
5153 265
5154 219
5155 153
5156 178
5157 173
5158 263
5159 258
5160 199
5161 165
5162 168
5163 260
5164 222
5165 196
5166 194
5167 195
5168 171
5169 177
5170 168
5171 257
5172 206
5173 203
5174 129
5175 190
5176 172
5177 158
5178 218
5179 168
5180 198
5181 182
5182 208
5183 97
5184 228
5185 212
5186 194
5187 195
5188 152
5189 195
5190 151
5191 206
5192 149
5193 224
5194 216
5195 244
5196 206
5197 193
5198 210
5199 200
5200 108
5201 173
5202 168
5203 241
5204 193
5205 198
5206 207
5207 108
5208 240
5209 196
5210 302
5211 217
5212 119
5213 243
5214 213
5215 229
5216 151
5217 208
5218 213
5219 207
5220 160
5221 197
5222 207
5223 232
5224 223
5225 235
5226 188
5227 214
5228 243
5229 218
5230 186
5231 137
5232 204
5233 172
5234 202
5235 181
5236 163
5237 171
5238 166
5239 175
5240 172
5241 183
5242 192
5243 148
5244 209
5245 186
5246 193
5247 158
5248 237
5249 212
5250 233
5251 188
5252 259
5253 174
5254 139
5255 172
5256 159
5257 172
5258 210
5259 200
5260 208
5261 259
5262 204
5263 188
5264 192
5265 195
5266 160
5267 205
5268 196
5269 218
5270 174
5271 155
5272 183
5273 184
5274 179
5275 177
5276 214
5277 217
5278 175
5279 210
5280 217
5281 161
5282 192
5283 161
5284 200
5285 144
5286 221
5287 198
5288 191
5289 188
5290 0
5291 224
5292 188
5293 202
5294 115
5295 159
5296 196
5297 253
5298 149
5299 188
5300 180
5301 187
5302 225
5303 170
5304 229
5305 128
5306 206
5307 260
5308 233
5309 217
5310 213
5311 276
5312 176
5313 162
5314 215
5315 228
5316 228
5317 146
5318 191
5319 252
5320 195
5321 197
5322 225
5323 242
5324 161
5325 242
5326 242
5327 220
5328 165
5329 173
5330 203
5331 181
5332 230
5333 218
5334 231
5335 184
5336 196
5337 254
5338 182
5339 228
5340 200
5341 202
5342 195
5343 205
5344 202
5345 139
5346 234
5347 198
5348 143
5349 193
5350 206
5351 196
5352 153
5353 194
5354 196
5355 184
5356 224
5357 215
5358 247
5359 132
5360 148
5361 189
5362 194
5363 174
5364 174
5365 220
5366 189
5367 138
5368 186
5369 193
5370 174
5371 218
5372 153
5373 151
5374 193
5375 187
5376 239
5377 189
5378 150
5379 135
5380 209
5381 208
5382 185
5383 232
5384 185
5385 157
5386 177
5387 165
5388 204
5389 181
5390 207
5391 203
5392 272
5393 223
5394 96
5395 214
5396 207
5397 224
5398 238
5399 160
5400 159
5401 200
5402 166
5403 202
5404 222
5405 143
5406 202
5407 140
5408 202
5409 180
5410 194
5411 199
5412 173
5413 185
5414 222
5415 236
5416 176
5417 270
5418 200
5419 231
5420 160
5421 121
5422 111
5423 218
5424 194
5425 246
5426 227
5427 198
5428 261
5429 233
5430 185
5431 176
5432 270
5433 151
5434 129
5435 140
5436 145
5437 213
5438 189
5439 240
5440 154
5441 146
5442 159
5443 222
5444 209
5445 164
5446 187
5447 162
5448 266
5449 193
5450 203
5451 207
5452 184
5453 114
5454 187
5455 100
5456 131
5457 195
5458 216
5459 176
5460 135
5461 179
5462 132
5463 202
5464 159
5465 159
5466 200
5467 184
5468 176
5469 174
5470 197
5471 234
5472 210
5473 240
5474 185
5475 192
5476 182
5477 156
5478 89
5479 196
5480 214
5481 145
5482 184
5483 153
5484 198
5485 99
5486 151
5487 155
5488 140
5489 173
5490 197
5491 145
5492 206
5493 246
5494 200
5495 243
5496 211
5497 225
5498 91
5499 200
5500 105
5501 236
5502 184
5503 192
5504 198
5505 181
5506 206
5507 221
5508 217
5509 181
5510 108
5511 165
5512 220
5513 206
5514 192
5515 113
5516 180
5517 246
5518 182
5519 226
5520 182
5521 203
5522 209
5523 212
5524 197
5525 223
5526 187
5527 180
5528 219
5529 225
5530 174
5531 189
5532 154
5533 144
5534 138
5535 142
5536 206
5537 226
5538 189
5539 214
5540 186
5541 280
5542 234
5543 230
5544 196
5545 230
5546 225
5547 158
5548 242
5549 201
5550 197
5551 258
5552 247
5553 188
5554 175
5555 189
5556 183
5557 204
5558 228
5559 209
5560 209
5561 181
5562 199
5563 232
5564 192
5565 167
5566 179
5567 212
5568 224
5569 229
5570 173
5571 217
5572 209
5573 257
5574 218
5575 214
5576 168
5577 201
5578 86
5579 190
5580 168
5581 223
5582 231
5583 237
5584 158
5585 211
5586 193
5587 219
5588 202
5589 197
5590 203
5591 232
5592 184
5593 224
5594 173
5595 179
5596 245
5597 178
5598 210
5599 167
5600 180
5601 218
5602 227
5603 265
5604 217
5605 197
5606 227
5607 238
5608 212
5609 191
5610 203
5611 178
5612 153
5613 187
5614 220
5615 233
5616 253
5617 179
5618 249
5619 182
5620 154
5621 169
5622 238
5623 171
5624 172
5625 215
5626 153
5627 316
5628 286
5629 141
5630 220
5631 237
5632 199
5633 212
5634 213
5635 176
5636 279
5637 223
5638 173
5639 226
5640 131
5641 240
5642 206
5643 261
5644 258
5645 220
5646 193
5647 199
5648 221
5649 194
5650 205
5651 223
5652 168
5653 141
5654 168
5655 114
5656 151
5657 188
5658 208
5659 213
5660 187
5661 242
5662 206
5663 219
5664 177
5665 233
5666 211
5667 214
5668 220
5669 179
5670 160
5671 228
5672 209
5673 203
5674 163
5675 209
5676 147
5677 251
5678 142
5679 301
5680 201
5681 224
5682 194
5683 51
5684 190
5685 186
5686 171
5687 180
5688 127
5689 187
5690 281
5691 206
5692 232
5693 177
5694 193
5695 244
5696 144
5697 156
5698 214
5699 191
5700 138
5701 194
5702 292
5703 203
5704 160
5705 198
5706 179
5707 195
5708 171
5709 143
5710 205
5711 206
5712 166
5713 193
5714 198
5715 281
5716 205
5717 189
5718 201
5719 162
5720 231
5721 121
5722 116
5723 142
5724 155
5725 213
5726 225
5727 96
5728 247
5729 250
5730 115
5731 407
5732 257
5733 223
5734 198
5735 220
5736 170
5737 188
5738 239
5739 181
5740 155
5741 192
5742 207
5743 174
5744 210
5745 247
5746 172
5747 206
5748 227
5749 151
5750 229
5751 220
5752 240
5753 180
5754 194
5755 174
5756 212
5757 219
5758 200
5759 186
5760 169
5761 261
5762 200
5763 229
5764 156
5765 195
5766 155
5767 175
5768 201
5769 160
5770 177
5771 169
5772 210
5773 243
5774 138
5775 156
5776 176
5777 255
5778 155
5779 236
5780 166
5781 210
5782 217
5783 174
5784 180
5785 204
5786 202
5787 195
5788 253
5789 257
5790 194
5791 132
5792 209
5793 159
5794 196
5795 218
5796 162
5797 219
5798 164
5799 150
5800 193
5801 112
5802 196
5803 224
5804 252
5805 142
5806 219
5807 235
5808 188
5809 141
5810 210
5811 165
5812 192
5813 240
5814 189
5815 264
5816 200
5817 182
5818 98
5819 166
5820 226
5821 200
5822 167
5823 181
5824 129
5825 311
5826 221
5827 227
5828 198
5829 185
5830 228
5831 206
5832 221
5833 241
5834 190
5835 162
5836 193
5837 243
5838 182
5839 239
5840 225
5841 170
5842 216
5843 230
5844 215
5845 176
5846 148
5847 269
5848 238
5849 247
5850 176
5851 177
5852 77
5853 175
5854 213
5855 211
5856 190
5857 213
5858 170
5859 180
5860 199
5861 230
5862 155
5863 214
5864 190
5865 152
5866 233
5867 210
5868 200
5869 226
5870 179
5871 183
5872 183
5873 104
5874 163
5875 201
5876 223
5877 216
5878 206
5879 0
5880 262
5881 212
5882 228
5883 210
5884 194
5885 228
5886 215
5887 160
5888 184
5889 202
5890 188
5891 138
5892 207
5893 152
5894 240
5895 195
5896 231
5897 201
5898 163
5899 175
5900 223
5901 134
5902 198
5903 180
5904 169
5905 225
5906 242
5907 278
5908 190
5909 165
5910 230
5911 171
5912 141
5913 245
5914 180
5915 186
5916 211
5917 197
5918 176
5919 162
5920 207
5921 187
5922 261
5923 191
5924 143
5925 208
5926 168
5927 180
5928 212
5929 257
5930 128
5931 163
5932 194
5933 165
5934 171
5935 239
5936 209
5937 102
5938 166
5939 224
5940 149
5941 204
5942 211
5943 205
5944 216
5945 222
5946 169
5947 101
5948 209
5949 185
5950 200
5951 244
5952 183
5953 168
5954 155
5955 266
5956 151
5957 241
5958 208
5959 216
5960 161
5961 187
5962 253
5963 129
5964 208
5965 177
5966 0
5967 195
5968 254
5969 206
5970 127
5971 174
5972 173
5973 176
5974 284
5975 211
5976 257
5977 155
5978 227
5979 163
5980 166
5981 165
5982 170
5983 131
5984 207
5985 180
5986 203
5987 125
5988 172
5989 215
5990 186
5991 237
5992 224
5993 168
5994 139
5995 203
5996 198
5997 170
5998 218
5999 181
6000 158
6001 187
6002 211
6003 203
6004 236
6005 236
6006 124
6007 259
6008 249
6009 196
6010 182
6011 198
6012 208
6013 188
6014 200
6015 184
6016 196
6017 203
6018 223
6019 179
6020 189
6021 218
6022 212
6023 222
6024 173
6025 213
6026 191
6027 166
6028 207
6029 164
6030 222
6031 190
6032 178
6033 231
6034 186
6035 172
6036 214
6037 179
6038 203
6039 169
6040 215
6041 173
6042 203
6043 192
6044 171
6045 186
6046 204
6047 218
6048 190
6049 186
6050 221
6051 195
6052 175
6053 199
6054 188
6055 118
6056 171
6057 197
6058 161
6059 191
6060 192
6061 207
6062 215
6063 229
6064 166
6065 146
6066 155
6067 201
6068 202
6069 179
6070 188
6071 176
6072 201
6073 209
6074 217
6075 198
6076 152
6077 85
6078 148
6079 253
6080 230
6081 259
6082 236
6083 210
6084 142
6085 194
6086 228
6087 135
6088 111
6089 201
6090 216
6091 186
6092 154
6093 159
6094 144
6095 240
6096 153
6097 143
6098 188
6099 131
6100 0
6101 221
6102 205
6103 208
6104 239
6105 168
6106 210
6107 153
6108 249
6109 216
6110 202
6111 160
6112 209
6113 245
6114 187
6115 172
6116 192
6117 125
6118 198
6119 268
6120 192
6121 225
6122 251
6123 203
6124 278
6125 227
6126 153
6127 302
6128 209
6129 287
6130 245
6131 194
6132 210
6133 215
6134 168
6135 153
6136 198
6137 193
6138 219
6139 217
6140 226
6141 192
6142 191
6143 0
6144 202
6145 166
6146 223
6147 179
6148 201
6149 215
6150 196
6151 168
6152 250
6153 236
6154 193
6155 188
6156 179
6157 167
6158 230
6159 166
6160 182
6161 260
6162 233
6163 199
6164 320
6165 146
6166 203
6167 180
6168 227
6169 252
6170 104
6171 214
6172 232
6173 231
6174 237
6175 131
6176 225
6177 225
6178 192
6179 239
6180 169
6181 214
6182 183
6183 152
6184 211
6185 270
6186 169
6187 177
6188 186
6189 182
6190 213
6191 238
6192 221
6193 228
6194 156
6195 176
6196 306
6197 177
6198 187
6199 133
6200 182
6201 188
6202 228
6203 197
6204 235
6205 249
6206 125
6207 210
6208 215
6209 203
6210 176
6211 203
6212 221
6213 160
6214 210
6215 315
6216 237
6217 184
6218 169
6219 144
6220 129
6221 182
6222 173
6223 225
6224 174
6225 240
6226 196
6227 122
6228 209
6229 194
6230 227
6231 145
6232 224
6233 169
6234 188
6235 188
6236 238
6237 224
6238 246
6239 233
6240 177
6241 206
6242 173
6243 194
6244 214
6245 230
6246 139
6247 221
6248 224
6249 239
6250 177
6251 148
6252 182
6253 162
6254 164
6255 164
6256 229
6257 154
6258 176
6259 183
6260 271
6261 163
6262 230
6263 172
6264 160
6265 216
6266 233
6267 205
6268 163
6269 191
6270 192
6271 203
6272 158
6273 167
6274 305
6275 214
6276 193
6277 191
6278 140
6279 210
6280 225
6281 255
6282 189
6283 269
6284 214
6285 208
6286 163
6287 164
6288 183
6289 198
6290 234
6291 182
6292 167
6293 197
6294 216
6295 181
6296 238
6297 205
6298 189
6299 192
6300 176
6301 155
6302 204
6303 172
6304 186
6305 250
6306 182
6307 155
6308 232
6309 196
6310 112
6311 217
6312 199
6313 186
6314 211
6315 173
6316 181
6317 110
6318 224
6319 203
6320 223
6321 188
6322 178
6323 109
6324 209
6325 237
6326 240
6327 96
6328 211
6329 312
6330 206
6331 227
6332 228
6333 217
6334 301
6335 182
6336 137
6337 235
6338 208
6339 210
6340 317
6341 189
6342 197
6343 321
6344 126
6345 203
6346 0
6347 163
6348 164
6349 191
6350 186
6351 132
6352 213
6353 123
6354 184
6355 228
6356 253
6357 241
6358 265
6359 294
6360 187
6361 205
6362 233
6363 205
6364 163
6365 206
6366 167
6367 237
6368 201
6369 187
6370 173
6371 222
6372 220
6373 169
6374 212
6375 169
6376 193
6377 184
6378 208
6379 221
6380 180
6381 226
6382 205
6383 220
6384 182
6385 226
6386 195
6387 224
6388 157
6389 174
6390 169
6391 198
6392 238
6393 186
6394 159
6395 158
6396 198
6397 192
6398 161
6399 92
6400 255
6401 183
6402 194
6403 173
6404 233
6405 187
6406 86
6407 179
6408 192
6409 207
6410 163
6411 213
6412 167
6413 189
6414 220
6415 175
6416 170
6417 215
6418 173
6419 138
6420 209
6421 178
6422 217
6423 192
6424 180
6425 195
6426 205
6427 197
6428 208
6429 201
6430 166
6431 202
6432 222
6433 226
6434 185
6435 176
6436 224
6437 236
6438 203
6439 187
6440 173
6441 134
6442 163
6443 209
6444 183
6445 177
6446 171
6447 146
6448 164
6449 179
6450 174
6451 195
6452 188
6453 191
6454 160
6455 159
6456 137
6457 257
6458 216
6459 208
6460 164
6461 205
6462 215
6463 255
6464 164
6465 181
6466 200
6467 208
6468 224
6469 190
6470 194
6471 215
6472 183
6473 187
6474 225
6475 206
6476 191
6477 205
6478 124
6479 200
6480 176
6481 186
6482 187
6483 214
6484 156
6485 202
6486 184
6487 192
6488 160
6489 187
6490 226
6491 265
6492 220
6493 173
6494 171
6495 218
6496 81
6497 154
6498 179
6499 174
6500 94
6501 146
6502 197
6503 135
6504 226
6505 164
6506 0
6507 217
6508 174
6509 269
6510 160
6511 236
6512 220
6513 159
6514 179
6515 235
6516 175
6517 237
6518 171
6519 287
6520 175
6521 188
6522 211
6523 149
6524 180
6525 171
6526 179
6527 148
6528 168
6529 148
6530 183
6531 200
6532 187
6533 183
6534 178
6535 244
6536 89
6537 179
6538 210
6539 212
6540 219
6541 196
6542 166
6543 219
6544 208
6545 218
6546 247
6547 231
6548 222
6549 221
6550 162
6551 178
6552 186
6553 196
6554 213
6555 237
6556 197
6557 237
6558 145
6559 171
6560 207
6561 115
6562 220
6563 102
6564 274
6565 261
6566 173
6567 200
6568 222
6569 109
6570 111
6571 99
6572 149
6573 217
6574 164
6575 180
6576 194
6577 159
6578 175
6579 228
6580 82
6581 202
6582 244
6583 176
6584 159
6585 100
6586 175
6587 198
6588 183
6589 194
6590 167
6591 206
6592 132
6593 256
6594 244
6595 231
6596 241
6597 212
6598 186
6599 211
6600 163
6601 165
6602 177
6603 220
6604 204
6605 212
6606 178
6607 200
6608 199
6609 198
6610 225
6611 205
6612 213
6613 146
6614 186
6615 172
6616 202
6617 171
6618 187
6619 125
6620 192
6621 205
6622 227
6623 194
6624 215
6625 201
6626 235
6627 204
6628 198
6629 142
6630 208
6631 180
6632 193
6633 212
6634 225
6635 196
6636 203
6637 269
6638 145
6639 170
6640 230
6641 215
6642 202
6643 221
6644 220
6645 197
6646 256
6647 179
6648 197
6649 222
6650 197
6651 216
6652 202
6653 169
6654 0
6655 185
6656 161
6657 223
6658 183
6659 213
6660 195
6661 199
6662 226
6663 277
6664 194
6665 206
6666 182
6667 248
6668 154
6669 161
6670 143
6671 184
6672 209
6673 130
6674 154
6675 171
6676 168
6677 140
6678 173
6679 202
6680 201
6681 186
6682 195
6683 250
6684 205
6685 189
6686 179
6687 144
6688 245
6689 225
6690 186
6691 180
6692 159
6693 244
6694 152
6695 230
6696 186
6697 155
6698 158
6699 212
6700 143
6701 161
6702 143
6703 171
6704 186
6705 174
6706 214
6707 189
6708 86
6709 212
6710 193
6711 214
6712 184
6713 153
6714 195
6715 197
6716 164
6717 171
6718 159
6719 170
6720 253
6721 217
6722 156
6723 196
6724 128
6725 205
6726 257
6727 161
6728 162
6729 160
6730 242
6731 215
6732 194
6733 201
6734 241
6735 198
6736 254
6737 207
6738 190
6739 200
6740 193
6741 236
6742 183
6743 187
6744 181
6745 187
6746 206
6747 192
6748 283
6749 263
6750 231
6751 168
6752 189
6753 158
6754 275
6755 209
6756 206
6757 205
6758 152
6759 211
6760 227
6761 204
6762 158
6763 236
6764 167
6765 187
6766 168
6767 205
6768 187
6769 231
6770 161
6771 225
6772 159
6773 241
6774 167
6775 153
6776 167
6777 237
6778 197
6779 192
6780 225
6781 216
6782 222
6783 181
6784 220
6785 194
6786 164
6787 213
6788 183
6789 216
6790 206
6791 213
6792 171
6793 218
6794 217
6795 135
6796 185
6797 174
6798 178
6799 196
6800 174
6801 208
6802 187
6803 271
6804 133
6805 198
6806 277
6807 231
6808 235
6809 130
6810 141
6811 111
6812 196
6813 183
6814 205
6815 203
6816 133
6817 159
6818 213
6819 239
6820 199
6821 233
6822 289
6823 146
6824 222
6825 188
6826 137
6827 208
6828 168
6829 236
6830 209
6831 104
6832 190
6833 142
6834 170
6835 163
6836 177
6837 187
6838 203
6839 243
6840 162
6841 194
6842 200
6843 200
6844 195
6845 223
6846 173
6847 84
6848 209
6849 187
6850 222
6851 227
6852 254
6853 196
6854 205
6855 203
6856 177
6857 191
6858 175
6859 234
6860 146
6861 210
6862 241
6863 221
6864 225
6865 183
6866 152
6867 227
6868 220
6869 184
6870 305
6871 204
6872 197
6873 87
6874 181
6875 126
6876 200
6877 191
6878 129
6879 184
6880 318
6881 185
6882 188
6883 261
6884 213
6885 188
6886 192
6887 176
6888 215
6889 209
6890 232
6891 174
6892 197
6893 180
6894 204
6895 259
6896 184
6897 221
6898 223
6899 235
6900 182
6901 218
6902 258
6903 140
6904 170
6905 154
6906 152
6907 158
6908 198
6909 187
6910 286
6911 194
6912 180
6913 221
6914 188
6915 189
6916 209
6917 234
6918 226
6919 162
6920 226
6921 117
6922 227
6923 231
6924 194
6925 242
6926 218
6927 194
6928 185
6929 188
6930 193
6931 249
6932 162
6933 190
6934 186
6935 192
6936 215
6937 122
6938 139
6939 203
6940 207
6941 227
6942 214
6943 217
6944 170
6945 277
6946 222
6947 224
6948 197
6949 215
6950 184
6951 199
6952 189
6953 168
6954 164
6955 253
6956 203
6957 178
6958 126
6959 180
6960 229
6961 208
6962 220
6963 175
6964 235
6965 222
6966 239
6967 212
6968 178
6969 152
6970 168
6971 180
6972 202
6973 202
6974 165
6975 236
6976 201
6977 204
6978 247
6979 192
6980 169
6981 158
6982 269
6983 211
6984 271
6985 146
6986 188
6987 234
6988 189
6989 145
6990 194
6991 181
6992 245
6993 187
6994 224
6995 152
6996 180
6997 202
6998 208
6999 191
7000 175
7001 159
7002 210
7003 221
7004 173
7005 161
7006 164
7007 212
7008 172
7009 210
7010 178
7011 153
7012 181
7013 192
7014 216
7015 228
7016 171
7017 232
7018 180
7019 165
7020 192
7021 183
7022 220
7023 214
7024 195
7025 207
7026 187
7027 189
7028 170
7029 189
7030 171
7031 217
7032 186
7033 212
7034 209
7035 180
7036 187
7037 244
7038 164
7039 186
7040 191
7041 232
7042 163
7043 152
7044 168
7045 196
7046 195
7047 161
7048 232
7049 148
7050 181
7051 223
7052 163
7053 171
7054 192
7055 205
7056 186
7057 179
7058 191
7059 206
7060 187
7061 231
7062 134
7063 187
7064 224
7065 166
7066 181
7067 115
7068 188
7069 244
7070 228
7071 184
7072 175
7073 158
7074 163
7075 191
7076 192
7077 187
7078 174
7079 184
7080 196
7081 171
7082 209
7083 206
7084 177
7085 209
7086 210
7087 186
7088 289
7089 225
7090 151
7091 264
7092 193
7093 160
7094 187
7095 205
7096 183
7097 208
7098 198
7099 110
7100 188
7101 185
7102 198
7103 183
7104 181
7105 117
7106 184
7107 180
7108 238
7109 165
7110 174
7111 166
7112 169
7113 173
7114 164
7115 223
7116 175
7117 184
7118 155
7119 228
7120 220
7121 203
7122 253
7123 226
7124 214
7125 198
7126 207
7127 261
7128 205
7129 189
7130 168
7131 247
7132 158
7133 218
7134 185
7135 98
7136 314
7137 209
7138 203
7139 232
7140 152
7141 282
7142 231
7143 175
7144 202
7145 212
7146 224
7147 206
7148 198
7149 195
7150 121
7151 175
7152 191
7153 215
7154 182
7155 228
7156 189
7157 158
7158 216
7159 236
7160 184
7161 194
7162 141
7163 190
7164 211
7165 158
7166 169
7167 111
7168 193
7169 191
7170 213
7171 207
7172 250
7173 246
7174 0
7175 159
7176 150
7177 163
7178 183
7179 272
7180 188
7181 204
7182 186
7183 176
7184 178
7185 230
7186 94
7187 231
7188 138
7189 189
7190 161
7191 169
7192 193
7193 165
7194 193
7195 209
7196 188
7197 163
7198 229
7199 180
7200 266
7201 180
7202 132
7203 179
7204 183
7205 233
7206 186
7207 228
7208 139
7209 131
7210 156
7211 142
7212 266
7213 143
7214 202
7215 178
7216 195
7217 166
7218 155
7219 245
7220 191
7221 231
7222 205
7223 172
7224 250
7225 215
7226 121
7227 211
7228 159
7229 255
7230 222
7231 208
7232 195
7233 234
7234 242
7235 194
7236 157
7237 199
7238 207
7239 157
7240 237
7241 190
7242 114
7243 168
7244 204
7245 141
7246 193
7247 198
7248 166
7249 164
7250 186
7251 213
7252 177
7253 100
7254 173
7255 189
7256 86
7257 216
7258 203
7259 177
7260 191
7261 152
7262 103
7263 264
7264 217
7265 185
7266 226
7267 198
7268 188
7269 159
7270 193
7271 163
7272 242
7273 136
7274 239
7275 152
7276 204
7277 265
7278 172
7279 194
7280 136
7281 216
7282 190
7283 98
7284 161
7285 230
7286 159
7287 232
7288 219
7289 263
7290 175
7291 170
7292 225
7293 201
7294 206
7295 165
7296 198
7297 206
7298 199
7299 221
7300 120
7301 188
7302 206
7303 185
7304 172
7305 223
7306 150
7307 210
7308 170
7309 129
7310 257
7311 183
7312 176
7313 143
7314 141
7315 215
7316 199
7317 205
7318 205
7319 170
7320 235
7321 223
7322 292
7323 165
7324 207
7325 157
7326 182
7327 262
7328 236
7329 191
7330 215
7331 198
7332 179
7333 198
7334 154
7335 192
7336 153
7337 188
7338 189
7339 192
7340 176
7341 179
7342 190
7343 0
7344 244
7345 161
7346 235
7347 241
7348 189
7349 200
7350 180
7351 185
7352 190
7353 239
7354 115
7355 200
7356 231
7357 145
7358 261
7359 184
7360 117
7361 219
7362 226
7363 175
7364 171
7365 184
7366 204
7367 118
7368 226
7369 82
7370 188
7371 230
7372 260
7373 230
7374 167
7375 187
7376 183
7377 126
7378 233
7379 263
7380 225
7381 146
7382 204
7383 192
7384 161
7385 199
7386 177
7387 206
7388 205
7389 216
7390 147
7391 140
7392 195
7393 162
7394 208
7395 177
7396 210
7397 173
7398 172
7399 125
7400 171
7401 195
7402 323
7403 222
7404 209
7405 181
7406 201
7407 257
7408 190
7409 195
7410 215
7411 0
7412 171
7413 210
7414 248
7415 216
7416 165
7417 185
7418 226
7419 57
7420 159
7421 201
7422 181
7423 224
7424 208
7425 135
7426 192
7427 252
7428 175
7429 221
7430 0
7431 147
7432 115
7433 221
7434 181
7435 216
7436 209
7437 206
7438 167
7439 173
7440 167
7441 180
7442 202
7443 194
7444 243
7445 177
7446 197
7447 229
7448 180
7449 198
7450 192
7451 201
7452 161
7453 200
7454 239
7455 185
7456 279
7457 111
7458 202
7459 248
7460 185
7461 155
7462 154
7463 258
7464 167
7465 206
7466 161
7467 178
7468 226
7469 188
7470 239
7471 223
7472 185
7473 169
7474 184
7475 188
7476 186
7477 270
7478 142
7479 218
7480 269
7481 211
7482 211
7483 57
7484 192
7485 232
7486 115
7487 203
7488 260
7489 181
7490 178
7491 225
7492 207
7493 125
7494 181
7495 172
7496 172
7497 180
7498 204
7499 239
7500 130
7501 215
7502 221
7503 166
7504 195
7505 168
7506 201
7507 136
7508 231
7509 179
7510 171
7511 141
7512 181
7513 198
7514 197
7515 205
7516 194
7517 202
7518 174
7519 164
7520 211
7521 205
7522 297
7523 184
7524 154
7525 204
7526 200
7527 187
7528 139
7529 198
7530 144
7531 209
7532 225
7533 189
7534 202
7535 109
7536 242
7537 192
7538 138
7539 238
7540 124
7541 186
7542 216
7543 196
7544 190
7545 163
7546 199
7547 173
7548 139
7549 195
7550 266
7551 198
7552 210
7553 228
7554 192
7555 239
7556 199
7557 190
7558 211
7559 182
7560 193
7561 198
7562 214
7563 200
7564 197
7565 159
7566 186
7567 229
7568 147
7569 159
7570 99
7571 163
7572 188
7573 165
7574 164
7575 154
7576 170
7577 136
7578 151
7579 215
7580 194
7581 193
7582 204
7583 116
7584 199
7585 241
7586 201
7587 204
7588 179
7589 216
7590 197
7591 283
7592 232
7593 251
7594 206
7595 158
7596 228
7597 197
7598 158
7599 209
7600 128
7601 189
7602 219
7603 158
7604 188
7605 190
7606 177
7607 200
7608 251
7609 240
7610 205
7611 231
7612 239
7613 227
7614 171
7615 180
7616 237
7617 198
7618 203
7619 229
7620 255
7621 184
7622 161
7623 239
7624 103
7625 208
7626 151
7627 217
7628 239
7629 159
7630 347
7631 145
7632 210
7633 207
7634 118
7635 228
7636 213
7637 203
7638 234
7639 188
7640 185
7641 202
7642 150
7643 184
7644 181
7645 244
7646 184
7647 135
7648 185
7649 16
7650 178
7651 218
7652 190
7653 208
7654 250
7655 157
7656 245
7657 209
7658 158
7659 187
7660 113
7661 197
7662 240
7663 228
7664 214
7665 215
7666 220
7667 260
7668 244
7669 151
7670 240
7671 140
7672 176
7673 188
7674 217
7675 155
7676 172
7677 203
7678 192
7679 217
7680 154
7681 260
7682 221
7683 157
7684 232
7685 205
7686 199
7687 294
7688 176
7689 188
7690 231
7691 231
7692 157
7693 228
7694 171
7695 225
7696 292
7697 187
7698 195
7699 164
7700 209
7701 200
7702 200
7703 137
7704 223
7705 230
7706 214
7707 226
7708 153
7709 176
7710 178
7711 227
7712 205
7713 204
7714 216
7715 208
7716 196
7717 97
7718 192
7719 190
7720 194
7721 171
7722 258
7723 0
7724 173
7725 192
7726 171
7727 198
7728 186
7729 190
7730 200
7731 219
7732 174
7733 212
7734 183
7735 308
7736 210
7737 199
7738 209
7739 207
7740 224
7741 164
7742 177
7743 196
7744 202
7745 176
7746 199
7747 240
7748 189
7749 223
7750 211
7751 217
7752 164
7753 155
7754 208
7755 177
7756 156
7757 220
7758 171
7759 162
7760 196
7761 212
7762 193
7763 165
7764 228
7765 301
7766 178
7767 0
7768 197
7769 163
7770 196
7771 219
7772 182
7773 182
7774 201
7775 208
7776 182
7777 245
7778 0
7779 200
7780 0
7781 195
7782 159
7783 220
7784 143
7785 187
7786 223
7787 172
7788 199
7789 202
7790 218
7791 198
7792 106
7793 169
7794 284
7795 124
7796 190
7797 108
7798 231
7799 211
7800 203
7801 208
7802 209
7803 201
7804 196
7805 185
7806 166
7807 192
7808 235
7809 169
7810 242
7811 203
7812 165
7813 205
7814 196
7815 185
7816 212
7817 230
7818 230
7819 203
7820 156
7821 222
7822 209
7823 144
7824 219
7825 204
7826 236
7827 154
7828 214
7829 197
7830 188
7831 221
7832 256
7833 179
7834 178
7835 139
7836 175
7837 169
7838 168
7839 182
7840 183
7841 188
7842 196
7843 218
7844 210
7845 211
7846 210
7847 125
7848 183
7849 216
7850 221
7851 223
7852 218
7853 242
7854 180
7855 212
7856 151
7857 203
7858 287
7859 238
7860 172
7861 180
7862 278
7863 158
7864 198
7865 191
7866 158
7867 177
7868 145
7869 188
7870 204
7871 179
7872 134
7873 202
7874 223
7875 172
7876 177
7877 220
7878 217
7879 176
7880 169
7881 195
7882 213
7883 297
7884 196
7885 159
7886 112
7887 223
7888 290
7889 181
7890 154
7891 230
7892 0
7893 213
7894 180
7895 176
7896 128
7897 199
7898 188
7899 197
7900 218
7901 144
7902 203
7903 150
7904 203
7905 167
7906 291
7907 227
7908 226
7909 149
7910 233
7911 201
7912 219
7913 187
7914 164
7915 308
7916 181
7917 230
7918 123
7919 183
7920 227
7921 233
7922 205
7923 161
7924 211
7925 248
7926 211
7927 195
7928 182
7929 165
7930 228
7931 238
7932 238
7933 227
7934 232
7935 210
7936 179
7937 133
7938 185
7939 207
7940 174
7941 272
7942 174
7943 161
7944 196
7945 226
7946 224
7947 172
7948 195
7949 152
7950 256
7951 352
7952 171
7953 147
7954 191
7955 199
7956 225
7957 216
7958 163
7959 221
7960 192
7961 145
7962 100
7963 226
7964 180
7965 104
7966 245
7967 184
7968 195
7969 242
7970 242
7971 164
7972 167
7973 183
7974 195
7975 183
7976 179
7977 221
7978 222
7979 169
7980 182
7981 159
7982 152
7983 231
7984 159
7985 182
7986 187
7987 302
7988 200
7989 201
7990 204
7991 193
7992 142
7993 150
7994 332
7995 199
7996 169
7997 169
7998 274
7999 185
8000 194
8001 296
8002 143
8003 109
8004 175
8005 195
8006 246
8007 0
8008 213
8009 178
8010 157
8011 191
8012 188
8013 252
8014 191
8015 195
8016 170
8017 111
8018 189
8019 196
8020 159
8021 206
8022 200
8023 105
8024 179
8025 246
8026 233
8027 139
8028 182
8029 131
8030 209
8031 220
8032 201
8033 138
8034 209
8035 197
8036 186
8037 227
8038 243
8039 216
8040 151
8041 274
8042 169
8043 198
8044 202
8045 188
8046 174
8047 273
8048 273
8049 177
8050 209
8051 118
8052 171
8053 177
8054 196
8055 197
8056 213
8057 184
8058 193
8059 170
8060 229
8061 219
8062 232
8063 181
8064 209
8065 216
8066 198
8067 216
8068 173
8069 234
8070 171
8071 245
8072 219
8073 222
8074 152
8075 246
8076 164
8077 180
8078 110
8079 163
8080 203
8081 240
8082 194
8083 203
8084 200
8085 166
8086 210
8087 169
8088 155
8089 191
8090 167
8091 169
8092 215
8093 269
8094 190
8095 203
8096 189
8097 142
8098 293
8099 242
8100 184
8101 214
8102 191
8103 199
8104 176
8105 195
8106 139
8107 201
8108 171
8109 194
8110 190
8111 193
8112 161
8113 217
8114 179
8115 200
8116 192
8117 0
8118 237
8119 129
8120 245
8121 154
8122 177
8123 193
8124 204
8125 220
8126 200
8127 192
8128 196
8129 164
8130 141
8131 149
8132 155
8133 175
8134 209
8135 188
8136 199
8137 169
8138 158
8139 219
8140 172
8141 172
8142 208
8143 174
8144 194
8145 179
8146 205
8147 166
8148 213
8149 143
8150 193
8151 180
8152 150
8153 199
8154 225
8155 228
8156 166
8157 190
8158 252
8159 159
8160 214
8161 202
8162 191
8163 183
8164 274
8165 142
8166 212
8167 212
8168 185
8169 205
8170 196
8171 163
8172 210
8173 170
8174 217
8175 164
8176 182
8177 209
8178 160
8179 234
8180 256
8181 141
8182 207
8183 163
8184 197
8185 102
8186 155
8187 116
8188 203
8189 158
8190 201
8191 172
8192 175
8193 212
8194 185
8195 168
8196 189
8197 212
8198 205
8199 193
8200 271
8201 215
8202 193
8203 239
8204 164
8205 187
8206 269
8207 273
8208 199
8209 142
8210 179
8211 193
8212 213
8213 200
8214 253
8215 227
8216 202
8217 206
8218 193
8219 217
8220 254
8221 192
8222 188
8223 258
8224 191
8225 181
8226 207
8227 227
8228 214
8229 220
8230 195
8231 156
8232 189
8233 218
8234 194
8235 170
8236 180
8237 152
8238 216
8239 211
8240 183
8241 190
8242 248
8243 197
8244 115
8245 203
8246 187
8247 152
8248 254
8249 206
8250 168
8251 179
8252 155
8253 159
8254 203
8255 103
8256 181
8257 210
8258 178
8259 178
8260 184
8261 215
8262 206
8263 254
8264 198
8265 237
8266 202
8267 159
8268 169
8269 190
8270 187
8271 180
8272 210
8273 196
8274 174
8275 293
8276 200
8277 249
8278 258
8279 201
8280 151
8281 196
8282 187
8283 227
8284 203
8285 218
8286 168
8287 192
8288 222
8289 161
8290 229
8291 214
8292 183
8293 195
8294 202
8295 228
8296 187
8297 135
8298 179
8299 228
8300 206
8301 249
8302 105
8303 233
8304 209
8305 257
8306 180
8307 181
8308 200
8309 209
8310 178
8311 222
8312 203
8313 164
8314 172
8315 208
8316 238
8317 174
8318 231
8319 168
8320 180
8321 200
8322 178
8323 164
8324 176
8325 189
8326 138
8327 184
8328 128
8329 240
8330 243
8331 176
8332 191
8333 218
8334 0
8335 178
8336 123
8337 165
8338 180
8339 195
8340 166
8341 211
8342 189
8343 217
8344 176
8345 266
8346 209
8347 202
8348 206
8349 144
8350 0
8351 178
8352 152
8353 212
8354 198
8355 155
8356 189
8357 196
8358 195
8359 191
8360 218
8361 199
8362 205
8363 126
8364 213
8365 167
8366 197
8367 157
8368 218
8369 140
8370 161
8371 188
8372 158
8373 208
8374 211
8375 194
8376 228
8377 190
8378 178
8379 213
8380 153
8381 191
8382 193
8383 329
8384 176
8385 111
8386 233
8387 210
8388 178
8389 229
8390 184
8391 175
8392 162
8393 205
8394 247
8395 244
8396 146
8397 188
8398 213
8399 165
8400 211
8401 283
8402 123
8403 225
8404 245
8405 190
8406 194
8407 179
8408 188
8409 214
8410 210
8411 205
8412 255
8413 118
8414 215
8415 166
8416 175
8417 261
8418 197
8419 221
8420 279
8421 172
8422 204
8423 151
8424 192
8425 182
8426 184
8427 196
8428 101
8429 219
8430 196
8431 235
8432 177
8433 192
8434 197
8435 220
8436 250
8437 194
8438 181
8439 210
8440 223
8441 74
8442 193
8443 192
8444 197
8445 183
8446 195
8447 201
8448 131
8449 195
8450 196
8451 164
8452 191
8453 177
8454 202
8455 238
8456 193
8457 155
8458 98
8459 178
8460 220
8461 165
8462 184
8463 197
8464 161
8465 176
8466 192
8467 206
8468 194
8469 220
8470 233
8471 177
8472 229
8473 192
8474 198
8475 202
8476 172
8477 192
8478 198
8479 189
8480 218
8481 218
8482 218
8483 99
8484 196
8485 227
8486 195
8487 222
8488 203
8489 183
8490 207
8491 209
8492 219
8493 148
8494 140
8495 238
8496 214
8497 216
8498 185
8499 212
8500 167
8501 190
8502 182
8503 238
8504 208
8505 168
8506 236
8507 186
8508 191
8509 199
8510 207
8511 112
8512 198
8513 157
8514 155
8515 205
8516 208
8517 144
8518 99
8519 217
8520 209
8521 211
8522 201
8523 181
8524 205
8525 147
8526 179
8527 169
8528 142
8529 155
8530 229
8531 201
8532 192
8533 186
8534 227
8535 133
8536 232
8537 174
8538 230
8539 162
8540 145
8541 201
8542 172
8543 209
8544 218
8545 173
8546 244
8547 152
8548 179
8549 140
8550 123
8551 190
8552 211
8553 162
8554 223
8555 184
8556 207
8557 240
8558 188
8559 233
8560 194
8561 262
8562 0
8563 188
8564 161
8565 201
8566 161
8567 243
8568 242
8569 122
8570 189
8571 176
8572 124
8573 314
8574 249
8575 190
8576 221
8577 179
8578 227
8579 225
8580 161
8581 195
8582 195
8583 222
8584 179
8585 188
8586 252
8587 77
8588 201
8589 194
8590 166
8591 120
8592 206
8593 240
8594 194
8595 193
8596 249
8597 109
8598 195
8599 201
8600 179
8601 167
8602 225
8603 177
8604 229
8605 250
8606 257
8607 170
8608 179
8609 226
8610 184
8611 229
8612 158
8613 249
8614 148
8615 198
8616 229
8617 82
8618 227
8619 190
8620 200
8621 179
8622 239
8623 256
8624 147
8625 169
8626 192
8627 194
8628 281
8629 193
8630 206
8631 209
8632 201
8633 196
8634 191
8635 150
8636 187
8637 199
8638 223
8639 249
8640 74
8641 227
8642 0
8643 108
8644 232
8645 216
8646 257
8647 186
8648 215
8649 213
8650 225
8651 205
8652 160
8653 219
8654 187
8655 254
8656 231
8657 197
8658 242
8659 207
8660 206
8661 225
8662 164
8663 194
8664 158
8665 202
8666 203
8667 227
8668 179
8669 162
8670 174
8671 178
8672 263
8673 206
8674 229
8675 118
8676 244
8677 193
8678 167
8679 171
8680 210
8681 169
8682 225
8683 180
8684 205
8685 185
8686 190
8687 202
8688 205
8689 145
8690 202
8691 220
8692 180
8693 225
8694 211
8695 221
8696 146
8697 237
8698 182
8699 134
8700 167
8701 197
8702 205
8703 234
8704 206
8705 194
8706 279
8707 232
8708 181
8709 191
8710 145
8711 191
8712 193
8713 156
8714 253
8715 243
8716 232
8717 247
8718 200
8719 116
8720 113
8721 173
8722 174
8723 144
8724 130
8725 194
8726 219
8727 210
8728 179
8729 205
8730 158
8731 195
8732 150
8733 203
8734 202
8735 173
8736 231
8737 174
8738 178
8739 199
8740 216
8741 184
8742 175
8743 249
8744 165
8745 196
8746 168
8747 144
8748 225
8749 208
8750 151
8751 164
8752 189
8753 164
8754 191
8755 216
8756 215
8757 142
8758 162
8759 161
8760 188
8761 207
8762 172
8763 212
8764 174
8765 224
8766 172
8767 192
8768 173
8769 204
8770 197
8771 214
8772 189
8773 205
8774 208
8775 227
8776 204
8777 194
8778 233
8779 283
8780 213
8781 254
8782 162
8783 193
8784 95
8785 160
8786 236
8787 191
8788 121
8789 184
8790 197
8791 188
8792 210
8793 192
8794 171
8795 183
8796 202
8797 220
8798 179
8799 210
8800 200
8801 179
8802 168
8803 158
8804 203
8805 265
8806 230
8807 192
8808 161
8809 212
8810 181
8811 185
8812 207
8813 220
8814 170
8815 200
8816 224
8817 147
8818 195
8819 205
8820 228
8821 204
8822 180
8823 175
8824 265
8825 154
8826 187
8827 268
8828 138
8829 141
8830 209
8831 199
8832 148
8833 212
8834 187
8835 160
8836 224
8837 272
8838 166
8839 186
8840 304
8841 168
8842 225
8843 239
8844 177
8845 219
8846 157
8847 191
8848 195
8849 185
8850 196
8851 51
8852 204
8853 184
8854 207
8855 183
8856 194
8857 161
8858 310
8859 164
8860 148
8861 186
8862 203
8863 207
8864 179
8865 224
8866 183
8867 277
8868 177
8869 254
8870 169
8871 210
8872 255
8873 211
8874 167
8875 259
8876 236
8877 239
8878 153
8879 160
8880 172
8881 211
8882 142
8883 165
8884 205
8885 219
8886 127
8887 264
8888 198
8889 208
8890 182
8891 214
8892 232
8893 160
8894 187
8895 235
8896 182
8897 150
8898 156
8899 199
8900 130
8901 186
8902 246
8903 224
8904 0
8905 133
8906 214
8907 205
8908 215
8909 232
8910 174
8911 218
8912 184
8913 192
8914 159
8915 201
8916 243
8917 194
8918 238
8919 209
8920 181
8921 200
8922 216
8923 231
8924 171
8925 238
8926 190
8927 225
8928 260
8929 207
8930 276
8931 189
8932 238
8933 205
8934 223
8935 153
8936 116
8937 221
8938 172
8939 188
8940 205
8941 175
8942 192
8943 187
8944 179
8945 245
8946 195
8947 142
8948 176
8949 188
8950 154
8951 216
8952 0
8953 202
8954 193
8955 216
8956 194
8957 191
8958 208
8959 162
8960 190
8961 126
8962 219
8963 162
8964 257
8965 222
8966 180
8967 228
8968 194
8969 224
8970 226
8971 206
8972 240
8973 201
8974 212
8975 219
8976 210
8977 250
8978 145
8979 181
8980 245
8981 188
8982 151
8983 202
8984 187
8985 278
8986 179
8987 198
8988 94
8989 153
8990 237
8991 209
8992 197
8993 125
8994 213
8995 203
8996 206
8997 172
8998 179
8999 254
9000 180
9001 156
9002 184
9003 218
9004 200
9005 253
9006 252
9007 187
9008 191
9009 224
9010 0
9011 191
9012 117
9013 171
9014 205
9015 175
9016 241
9017 208
9018 232
9019 92
9020 194
9021 178
9022 175
9023 138
9024 252
9025 204
9026 165
9027 224
9028 205
9029 158
9030 161
9031 170
9032 150
9033 195
9034 227
9035 146
9036 206
9037 204
9038 152
9039 153
9040 130
9041 199
9042 149
9043 192
9044 193
9045 219
9046 226
9047 256
9048 207
9049 190
9050 186
9051 274
9052 196
9053 200
9054 216
9055 194
9056 171
9057 151
9058 183
9059 197
9060 177
9061 149
9062 202
9063 228
9064 217
9065 109
9066 190
9067 190
9068 217
9069 164
9070 168
9071 147
9072 201
9073 168
9074 73
9075 213
9076 187
9077 249
9078 215
9079 195
9080 232
9081 209
9082 222
9083 197
9084 221
9085 117
9086 153
9087 234
9088 209
9089 189
9090 226
9091 162
9092 182
9093 153
9094 179
9095 175
9096 231
9097 267
9098 202
9099 198
9100 206
9101 188
9102 242
9103 222
9104 108
9105 230
9106 258
9107 153
9108 174
9109 185
9110 245
9111 180
9112 216
9113 156
9114 260
9115 212
9116 231
9117 202
9118 239
9119 211
9120 132
9121 195
9122 235
9123 185
9124 266
9125 238
9126 218
9127 160
9128 198
9129 182
9130 218
9131 188
9132 202
9133 196
9134 198
9135 225
9136 178
9137 206
9138 124
9139 157
9140 162
9141 178
9142 204
9143 225
9144 207
9145 207
9146 114
9147 188
9148 150
9149 130
9150 200
9151 241
9152 178
9153 230
9154 184
9155 184
9156 181
9157 215
9158 203
9159 209
9160 164
9161 153
9162 170
9163 205
9164 234
9165 165
9166 187
9167 176
9168 257
9169 143
9170 241
9171 163
9172 225
9173 197
9174 204
9175 111
9176 172
9177 177
9178 180
9179 178
9180 206
9181 297
9182 201
9183 169
9184 203
9185 244
9186 175
9187 209
9188 188
9189 0
9190 208
9191 149
9192 208
9193 227
9194 131
9195 194
9196 206
9197 207
9198 194
9199 196
9200 186
9201 187
9202 241
9203 177
9204 143
9205 166
9206 224
9207 238
9208 192
9209 195
9210 218
9211 150
9212 153
9213 164
9214 200
9215 214
9216 133
9217 184
9218 207
9219 253
9220 172
9221 176
9222 182
9223 196
9224 153
9225 176
9226 191
9227 267
9228 223
9229 213
9230 153
9231 184
9232 216
9233 218
9234 149
9235 204
9236 0
9237 180
9238 158
9239 231
9240 177
9241 143
9242 206
9243 111
9244 227
9245 195
9246 224
9247 229
9248 177
9249 208
9250 165
9251 213
9252 216
9253 203
9254 201
9255 186
9256 229
9257 236
9258 203
9259 160
9260 189
9261 146
9262 204
9263 179
9264 140
9265 197
9266 287
9267 191
9268 138
9269 152
9270 181
9271 213
9272 0
9273 216
9274 200
9275 215
9276 220
9277 218
9278 231
9279 170
9280 181
9281 145
9282 243
9283 227
9284 243
9285 87
9286 157
9287 203
9288 201
9289 182
9290 236
9291 174
9292 179
9293 125
9294 219
9295 204
9296 176
9297 199
9298 186
9299 202
9300 200
9301 216
9302 217
9303 178
9304 161
9305 233
9306 237
9307 213
9308 196
9309 149
9310 248
9311 154
9312 211
9313 205
9314 256
9315 281
9316 223
9317 214
9318 193
9319 208
9320 199
9321 197
9322 217
9323 133
9324 221
9325 216
9326 200
9327 209
9328 183
9329 273
9330 115
9331 181
9332 159
9333 205
9334 256
9335 209
9336 188
9337 216
9338 242
9339 201
9340 301
9341 255
9342 190
9343 170
9344 218
9345 60
9346 262
9347 204
9348 174
9349 181
9350 221
9351 123
9352 195
9353 186
9354 222
9355 163
9356 211
9357 225
9358 276
9359 220
9360 183
9361 161
9362 208
9363 209
9364 196
9365 140
9366 224
9367 200
9368 180
9369 216
9370 163
9371 226
9372 218
9373 248
9374 120
9375 145
9376 142
9377 173
9378 131
9379 163
9380 161
9381 207
9382 175
9383 187
9384 224
9385 204
9386 141
9387 234
9388 226
9389 185
9390 296
9391 215
9392 215
9393 211
9394 195
9395 226
9396 230
9397 225
9398 168
9399 172
9400 227
9401 172
9402 231
9403 121
9404 0
9405 213
9406 241
9407 200
9408 215
9409 229
9410 173
9411 175
9412 183
9413 229
9414 204
9415 130
9416 245
9417 174
9418 237
9419 197
9420 185
9421 242
9422 198
9423 199
9424 182
9425 188
9426 203
9427 236
9428 180
9429 214
9430 111
9431 180
9432 185
9433 178
9434 222
9435 185
9436 261
9437 114
9438 136
9439 173
9440 176
9441 260
9442 198
9443 185
9444 206
9445 0
9446 195
9447 204
9448 251
9449 206
9450 208
9451 213
9452 232
9453 209
9454 182
9455 225
9456 240
9457 157
9458 213
9459 201
9460 175
9461 211
9462 150
9463 218
9464 177
9465 191
9466 160
9467 147
9468 189
9469 150
9470 167
9471 159
9472 198
9473 213
9474 117
9475 186
9476 119
9477 211
9478 153
9479 215
9480 191
9481 185
9482 204
9483 192
9484 175
9485 262
9486 189
9487 186
9488 163
9489 171
9490 409
9491 252
9492 126
9493 182
9494 149
9495 109
9496 223
9497 182
9498 212
9499 254
9500 207
9501 192
9502 214
9503 317
9504 215
9505 186
9506 194
9507 232
9508 193
9509 204
9510 204
9511 174
9512 150
9513 168
9514 186
9515 186
9516 169
9517 130
9518 193
9519 216
9520 201
9521 182
9522 227
9523 239
9524 215
9525 235
9526 250
9527 202
9528 195
9529 165
9530 156
9531 260
9532 153
9533 148
9534 142
9535 192
9536 167
9537 182
9538 100
9539 216
9540 198
9541 201
9542 274
9543 173
9544 227
9545 255
9546 238
9547 208
9548 168
9549 144
9550 217
9551 217
9552 226
9553 178
9554 203
9555 141
9556 206
9557 155
9558 177
9559 134
9560 191
9561 161
9562 168
9563 193
9564 182
9565 159
9566 188
9567 224
9568 203
9569 204
9570 255
9571 154
9572 188
9573 139
9574 153
9575 198
9576 197
9577 207
9578 164
9579 175
9580 251
9581 190
9582 205
9583 197
9584 212
9585 144
9586 140
9587 260
9588 180
9589 229
9590 281
9591 122
9592 197
9593 195
9594 190
9595 241
9596 184
9597 179
9598 165
9599 210
