Vertices: 7000
Edges: 35000
Time: 4,066 ms
Iterations: 34815
Vertex Distance
0 0
1 236
2 226
3 216
4 188
5 184
6 187
7 207
8 200
9 191
10 210
11 198
12 189
13 244
14 170
15 227
16 225
17 200
18 177
19 234
20 197
21 159
22 295
23 191
24 151
25 189
26 237
27 208
28 139
29 218
30 170
31 218
32 239
33 249
34 188
35 202
36 229
37 184
38 292
39 204
40 247
41 187
42 182
43 235
44 154
45 137
46 193
47 129
48 225
49 200
50 240
51 226
52 176
53 211
54 162
55 261
56 195
57 167
58 193
59 222
60 217
61 136
62 258
63 166
64 204
65 207
66 224
67 220
68 204
69 227
70 204
71 254
72 153
73 131
74 210
75 211
76 236
77 224
78 167
79 189
80 172
81 216
82 154
83 160
84 118
85 228
86 261
87 232
88 134
89 142
90 262
91 168
92 242
93 166
94 237
95 229
96 183
97 207
98 216
99 232
100 226
101 243
102 181
103 186
104 215
105 249
106 308
107 199
108 179
109 248
110 203
111 199
112 215
113 151
114 249
115 210
116 162
117 242
118 187
119 211
120 235
121 245
122 161
123 174
124 204
125 206
126 195
127 202
128 206
129 206
130 207
131 268
132 137
133 236
134 177
135 147
136 240
137 240
138 161
139 262
140 170
141 159
142 208
143 210
144 208
145 196
146 227
147 252
148 251
149 152
150 221
151 234
152 120
153 221
154 296
155 119
156 227
157 184
158 176
159 220
160 175
161 196
162 170
163 260
164 101
165 210
166 158
167 236
168 198
169 218
170 172
171 174
172 140
173 253
174 189
175 218
176 201
177 200
178 192
179 172
180 242
181 172
182 222
183 151
184 164
185 237
186 208
187 216
188 166
189 166
190 131
191 218
192 239
193 115
194 209
195 315
196 247
197 182
198 330
199 295
200 168
201 214
202 155
203 195
204 297
205 229
206 204
207 187
208 198
209 197
210 167
211 215
212 216
213 239
214 192
215 198
216 221
217 219
218 208
219 177
220 213
221 187
222 225
223 213
224 144
225 218
226 234
227 157
228 239
229 166
230 176
231 278
232 171
233 185
234 171
235 228
236 140
237 183
238 249
239 190
240 216
241 204
242 202
243 99
244 207
245 224
246 259
247 218
248 234
249 200
250 230
251 180
252 188
253 210
254 188
255 245
256 246
257 144
258 227
259 214
260 193
261 211
262 187
263 161
264 235
265 209
266 239
267 134
268 179
269 205
270 172
271 189
272 155
273 205
274 194
275 246
276 198
277 178
278 226
279 214
280 225
281 173
282 183
283 150
284 194
285 222
286 203
287 134
288 202
289 173
290 183
291 218
292 257
293 248
294 200
295 205
296 220
297 179
298 271
299 259
300 0
301 223
302 196
303 246
304 190
305 196
306 173
307 149
308 195
309 215
310 190
311 168
312 217
313 212
314 203
315 223
316 223
317 200
318 241
319 226
320 201
321 198
322 196
323 244
324 176
325 222
326 222
327 180
328 233
329 197
330 113
331 210
332 241
333 208
334 0
335 265
336 185
337 185
338 199
339 280
340 185
341 237
342 207
343 252
344 95
345 197
346 200
347 265
348 192
349 0
350 176
351 209
352 142
353 274
354 191
355 209
356 184
357 204
358 203
359 172
360 186
361 168
362 191
363 159
364 200
365 240
366 226
367 157
368 170
369 204
370 177
371 318
372 208
373 214
374 216
375 290
376 264
377 239
378 174
379 201
380 180
381 180
382 227
383 246
384 215
385 186
386 224
387 225
388 173
389 193
390 204
391 216
392 191
393 168
394 122
395 216
396 216
397 175
398 198
399 205
400 195
401 202
402 203
403 197
404 213
405 223
406 184
407 161
408 195
409 180
410 202
411 210
412 173
413 301
414 254
415 195
416 212
417 212
418 250
419 194
420 172
421 221
422 194
423 137
424 192
425 202
426 194
427 225
428 125
429 189
430 161
431 182
432 217
433 155
434 213
435 220
436 233
437 197
438 219
439 195
440 194
441 349
442 177
443 229
444 281
445 194
446 226
447 228
448 280
449 207
450 200
451 183
452 157
453 210
454 209
455 197
456 208
457 226
458 168
459 155
460 203
461 232
462 173
463 177
464 205
465 198
466 210
467 171
468 247
469 216
470 247
471 170
472 211
473 259
474 288
475 134
476 211
477 207
478 220
479 206
480 180
481 199
482 251
483 206
484 151
485 142
486 290
487 217
488 176
489 200
490 181
491 268
492 231
493 218
494 218
495 194
496 180
497 187
498 172
499 299
500 246
501 176
502 174
503 178
504 153
505 193
506 218
507 242
508 224
509 271
510 168
511 148
512 191
513 211
514 213
515 150
516 148
517 257
518 209
519 218
520 229
521 182
522 179
523 222
524 191
525 198
526 249
527 142
528 216
529 210
530 241
531 231
532 168
533 209
534 190
535 209
536 187
537 218
538 172
539 188
540 181
541 182
542 210
543 204
544 194
545 226
546 199
547 193
548 191
549 176
550 214
551 170
552 177
553 139
554 164
555 220
556 189
557 194
558 205
559 215
560 194
561 128
562 213
563 271
564 117
565 201
566 233
567 235
568 186
569 192
570 237
571 179
572 199
573 208
574 100
575 209
576 246
577 110
578 158
579 212
580 183
581 164
582 184
583 161
584 84
585 164
586 177
587 209
588 209
589 204
590 209
591 231
592 246
593 154
594 216
595 180
596 267
597 201
598 195
599 143
600 286
601 128
602 263
603 182
604 240
605 246
606 180
607 218
608 155
609 171
610 221
611 245
612 170
613 212
614 244
615 216
616 202
617 181
618 204
619 271
620 222
621 275
622 203
623 190
624 186
625 187
626 169
627 214
628 202
629 228
630 270
631 214
632 113
633 235
634 195
635 229
636 210
637 145
638 229
639 173
640 220
641 250
642 234
643 205
644 219
645 217
646 195
647 137
648 179
649 210
650 163
651 85
652 133
653 278
654 188
655 218
656 216
657 181
658 197
659 189
660 201
661 248
662 178
663 211
664 209
665 212
666 254
667 193
668 248
669 174
670 207
671 165
672 202
673 233
674 167
675 191
676 160
677 251
678 172
679 186
680 216
681 187
682 216
683 231
684 184
685 233
686 200
687 268
688 118
689 186
690 208
691 267
692 210
693 212
694 248
695 182
696 230
697 230
698 198
699 230
700 151
701 174
702 185
703 184
704 225
705 207
706 246
707 99
708 176
709 219
710 251
711 177
712 214
713 204
714 139
715 371
716 221
717 233
718 266
719 249
720 178
721 227
722 192
723 295
724 162
725 189
726 206
727 294
728 174
729 306
730 185
731 171
732 201
733 217
734 206
735 249
736 226
737 202
738 231
739 132
740 102
741 145
742 89
743 219
744 223
745 212
746 185
747 231
748 169
749 165
750 210
751 212
752 155
753 257
754 163
755 282
756 196
757 255
758 191
759 153
760 234
761 199
762 234
763 195
764 233
765 233
766 158
767 154
768 264
769 194
770 254
771 205
772 236
773 168
774 172
775 202
776 216
777 175
778 206
779 166
780 198
781 227
782 159
783 236
784 217
785 227
786 252
787 241
788 166
789 252
790 183
791 179
792 189
793 197
794 215
795 190
796 226
797 163
798 246
799 249
800 196
801 231
802 236
803 221
804 174
805 260
806 149
807 239
808 229
809 223
810 194
811 203
812 206
813 215
814 249
815 196
816 244
817 184
818 213
819 142
820 218
821 247
822 246
823 298
824 239
825 126
826 228
827 235
828 142
829 239
830 176
831 179
832 164
833 164
834 221
835 192
836 274
837 184
838 245
839 147
840 222
841 230
842 172
843 194
844 170
845 198
846 209
847 186
848 228
849 177
850 203
851 215
852 198
853 260
854 235
855 274
856 189
857 176
858 201
859 226
860 226
861 264
862 207
863 240
864 163
865 179
866 219
867 231
868 168
869 153
870 199
871 218
872 203
873 229
874 175
875 174
876 161
877 203
878 188
879 265
880 210
881 173
882 211
883 210
884 205
885 217
886 215
887 196
888 180
889 228
890 195
891 210
892 184
893 191
894 206
895 161
896 217
897 326
898 253
899 206
900 108
901 218
902 176
903 158
904 165
905 245
906 202
907 217
908 164
909 264
910 268
911 201
912 129
913 165
914 193
915 243
916 207
917 181
918 147
919 226
920 228
921 254
922 234
923 209
924 123
925 173
926 198
927 290
928 165
929 219
930 195
931 152
932 194
933 251
934 197
935 109
936 215
937 285
938 208
939 279
940 251
941 195
942 235
943 240
944 209
945 191
946 251
947 155
948 245
949 264
950 97
951 221
952 228
953 217
954 226
955 226
956 291
957 202
958 199
959 199
960 229
961 218
962 138
963 171
964 184
965 188
966 240
967 209
968 226
969 163
970 250
971 198
972 179
973 201
974 258
975 142
976 156
977 204
978 210
979 141
980 156
981 183
982 255
983 222
984 0
985 257
986 205
987 245
988 263
989 202
990 200
991 200
992 155
993 237
994 236
995 224
996 207
997 212
998 231
999 176
1000 152
1001 135
1002 240
1003 192
1004 201
1005 238
1006 223
1007 230
1008 175
1009 213
1010 204
1011 151
1012 244
1013 219
1014 276
1015 220
1016 218
1017 248
1018 199
1019 154
1020 189
1021 259
1022 308
1023 200
1024 210
1025 242
1026 220
1027 255
1028 197
1029 262
1030 219
1031 209
1032 305
1033 219
1034 186
1035 174
1036 220
1037 249
1038 176
1039 219
1040 215
1041 194
1042 165
1043 252
1044 153
1045 198
1046 155
1047 192
1048 294
1049 196
1050 151
1051 219
1052 214
1053 218
1054 189
1055 185
1056 190
1057 173
1058 236
1059 183
1060 200
1061 203
1062 170
1063 241
1064 213
1065 182
1066 191
1067 176
1068 280
1069 188
1070 146
1071 123
1072 211
1073 231
1074 207
1075 280
1076 248
1077 225
1078 142
1079 203
1080 182
1081 183
1082 209
1083 201
1084 225
1085 220
1086 135
1087 162
1088 206
1089 232
1090 218
1091 190
1092 208
1093 212
1094 247
1095 233
1096 219
1097 210
1098 167
1099 222
1100 191
1101 250
1102 222
1103 186
1104 217
1105 176
1106 209
1107 250
1108 0
1109 77
1110 178
1111 207
1112 186
1113 203
1114 194
1115 208
1116 195
1117 233
1118 152
1119 211
1120 146
1121 244
1122 201
1123 226
1124 216
1125 215
1126 203
1127 246
1128 205
1129 190
1130 254
1131 221
1132 177
1133 230
1134 174
1135 81
1136 309
1137 194
1138 136
1139 128
1140 180
1141 175
1142 152
1143 243
1144 214
1145 242
1146 209
1147 190
1148 212
1149 137
1150 186
1151 269
1152 320
1153 174
1154 221
1155 205
1156 299
1157 249
1158 182
1159 227
1160 192
1161 239
1162 256
1163 163
1164 203
1165 202
1166 147
1167 244
1168 285
1169 181
1170 169
1171 180
1172 168
1173 174
1174 123
1175 212
1176 233
1177 211
1178 194
1179 213
1180 220
1181 285
1182 114
1183 217
1184 240
1185 108
1186 144
1187 191
1188 252
1189 227
1190 190
1191 196
1192 234
1193 195
1194 176
1195 197
1196 125
1197 226
1198 183
1199 237
1200 220
1201 226
1202 188
1203 225
1204 167
1205 195
1206 203
1207 236
1208 205
1209 232
1210 161
1211 189
1212 246
1213 250
1214 230
1215 186
1216 159
1217 207
1218 214
1219 182
1220 204
1221 158
1222 175
1223 215
1224 209
1225 133
1226 181
1227 235
1228 182
1229 250
1230 261
1231 231
1232 177
1233 191
1234 230
1235 254
1236 136
1237 236
1238 220
1239 205
1240 272
1241 280
1242 126
1243 239
1244 187
1245 243
1246 349
1247 181
1248 238
1249 156
1250 227
1251 168
1252 184
1253 187
1254 214
1255 176
1256 210
1257 208
1258 195
1259 193
1260 201
1261 205
1262 159
1263 142
1264 222
1265 216
1266 230
1267 182
1268 207
1269 179
1270 210
1271 199
1272 243
1273 187
1274 197
1275 231
1276 193
1277 240
1278 146
1279 210
1280 270
1281 209
1282 99
1283 194
1284 229
1285 180
1286 206
1287 157
1288 169
1289 206
1290 218
1291 224
1292 198
1293 219
1294 174
1295 244
1296 194
1297 229
1298 199
1299 193
1300 254
1301 190
1302 132
1303 261
1304 212
1305 186
1306 218
1307 205
1308 213
1309 212
1310 201
1311 182
1312 197
1313 245
1314 231
1315 169
1316 192
1317 213
1318 200
1319 187
1320 192
1321 199
1322 195
1323 162
1324 201
1325 158
1326 241
1327 216
1328 171
1329 196
1330 206
1331 190
1332 203
1333 202
1334 221
1335 204
1336 245
1337 120
1338 128
1339 190
1340 279
1341 167
1342 185
1343 210
1344 186
1345 131
1346 224
1347 213
1348 171
1349 259
1350 249
1351 210
1352 180
1353 243
1354 177
1355 241
1356 176
1357 197
1358 186
1359 220
1360 199
1361 252
1362 203
1363 224
1364 250
1365 210
1366 207
1367 131
1368 242
1369 151
1370 257
1371 217
1372 258
1373 225
1374 217
1375 195
1376 187
1377 233
1378 241
1379 229
1380 149
1381 180
1382 200
1383 187
1384 198
1385 242
1386 171
1387 207
1388 260
1389 180
1390 255
1391 186
1392 211
1393 230
1394 198
1395 210
1396 234
1397 211
1398 241
1399 163
1400 186
1401 264
1402 203
1403 209
1404 196
1405 173
1406 277
1407 161
1408 229
1409 249
1410 188
1411 275
1412 106
1413 219
1414 206
1415 221
1416 196
1417 271
1418 218
1419 187
1420 220
1421 234
1422 208
1423 197
1424 212
1425 205
1426 220
1427 217
1428 183
1429 217
1430 206
1431 219
1432 245
1433 190
1434 169
1435 213
1436 235
1437 149
1438 267
1439 221
1440 208
1441 256
1442 215
1443 223
1444 214
1445 211
1446 169
1447 176
1448 172
1449 184
1450 239
1451 234
1452 160
1453 184
1454 269
1455 236
1456 198
1457 230
1458 212
1459 206
1460 137
1461 200
1462 181
1463 221
1464 190
1465 309
1466 184
1467 149
1468 289
1469 225
1470 194
1471 189
1472 173
1473 223
1474 213
1475 260
1476 225
1477 208
1478 233
1479 220
1480 152
1481 170
1482 202
1483 225
1484 187
1485 196
1486 217
1487 155
1488 215
1489 219
1490 231
1491 219
1492 222
1493 226
1494 146
1495 229
1496 238
1497 203
1498 229
1499 117
1500 225
1501 199
1502 258
1503 237
1504 186
1505 202
1506 162
1507 250
1508 198
1509 145
1510 269
1511 192
1512 181
1513 106
1514 284
1515 252
1516 246
1517 240
1518 209
1519 181
1520 203
1521 193
1522 180
1523 153
1524 125
1525 111
1526 191
1527 194
1528 195
1529 206
1530 201
1531 198
1532 209
1533 186
1534 172
1535 221
1536 186
1537 188
1538 243
1539 194
1540 170
1541 371
1542 263
1543 220
1544 191
1545 219
1546 201
1547 168
1548 221
1549 194
1550 188
1551 166
1552 204
1553 199
1554 218
1555 213
1556 224
1557 216
1558 184
1559 176
1560 228
1561 199
1562 211
1563 232
1564 187
1565 202
1566 176
1567 196
1568 268
1569 180
1570 176
1571 230
1572 178
1573 214
1574 187
1575 181
1576 128
1577 218
1578 223
1579 215
1580 178
1581 217
1582 249
1583 149
1584 173
1585 188
1586 235
1587 248
1588 225
1589 214
1590 136
1591 210
1592 227
1593 183
1594 247
1595 231
1596 233
1597 257
1598 208
1599 270
1600 253
1601 209
1602 222
1603 183
1604 162
1605 210
1606 198
1607 195
1608 185
1609 158
1610 184
1611 178
1612 193
1613 182
1614 252
1615 230
1616 201
1617 195
1618 202
1619 270
1620 174
1621 182
1622 299
1623 208
1624 233
1625 245
1626 160
1627 228
1628 182
1629 185
1630 192
1631 172
1632 194
1633 184
1634 189
1635 262
1636 196
1637 154
1638 201
1639 280
1640 211
1641 216
1642 232
1643 197
1644 221
1645 225
1646 189
1647 230
1648 204
1649 209
1650 150
1651 182
1652 207
1653 211
1654 178
1655 228
1656 163
1657 198
1658 235
1659 185
1660 171
1661 239
1662 205
1663 216
1664 139
1665 242
1666 221
1667 245
1668 236
1669 208
1670 233
1671 254
1672 278
1673 103
1674 187
1675 221
1676 236
1677 229
1678 165
1679 219
1680 224
1681 175
1682 270
1683 212
1684 183
1685 223
1686 214
1687 208
1688 202
1689 219
1690 174
1691 215
1692 183
1693 131
1694 196
1695 189
1696 240
1697 227
1698 186
1699 219
1700 183
1701 199
1702 282
1703 246
1704 219
1705 209
1706 133
1707 197
1708 295
1709 119
1710 203
1711 211
1712 245
1713 144
1714 206
1715 177
1716 199
1717 94
1718 203
1719 210
1720 203
1721 326
1722 216
1723 229
1724 198
1725 201
1726 242
1727 227
1728 232
1729 217
1730 178
1731 171
1732 214
1733 237
1734 213
1735 191
1736 215
1737 211
1738 180
1739 238
1740 218
1741 213
1742 213
1743 209
1744 225
1745 150
1746 170
1747 226
1748 204
1749 226
1750 197
1751 157
1752 319
1753 283
1754 165
1755 209
1756 273
1757 183
1758 185
1759 174
1760 226
1761 207
1762 220
1763 251
1764 171
1765 217
1766 322
1767 168
1768 238
1769 207
1770 192
1771 0
1772 85
1773 174
1774 194
1775 277
1776 246
1777 174
1778 194
1779 215
1780 251
1781 153
1782 199
1783 196
1784 161
1785 190
1786 263
1787 173
1788 185
1789 299
1790 211
1791 276
1792 195
1793 222
1794 167
1795 213
1796 304
1797 192
1798 197
1799 195
1800 184
1801 218
1802 234
1803 176
1804 206
1805 214
1806 168
1807 194
1808 230
1809 246
1810 228
1811 217
1812 190
1813 184
1814 244
1815 210
1816 207
1817 102
1818 226
1819 0
1820 147
1821 129
1822 200
1823 289
1824 257
1825 173
1826 179
1827 0
1828 204
1829 310
1830 182
1831 219
1832 237
1833 218
1834 186
1835 205
1836 240
1837 244
1838 200
1839 208
1840 200
1841 173
1842 220
1843 224
1844 177
1845 227
1846 173
1847 177
1848 191
1849 235
1850 225
1851 239
1852 189
1853 215
1854 200
1855 174
1856 193
1857 249
1858 181
1859 143
1860 234
1861 248
1862 205
1863 199
1864 154
1865 195
1866 202
1867 225
1868 254
1869 243
1870 196
1871 219
1872 177
1873 217
1874 168
1875 207
1876 214
1877 234
1878 117
1879 207
1880 225
1881 249
1882 280
1883 267
1884 152
1885 245
1886 184
1887 191
1888 248
1889 200
1890 215
1891 220
1892 226
1893 178
1894 246
1895 205
1896 168
1897 250
1898 153
1899 200
1900 232
1901 240
1902 201
1903 204
1904 208
1905 226
1906 238
1907 214
1908 187
1909 153
1910 218
1911 172
1912 201
1913 190
1914 157
1915 198
1916 140
1917 195
1918 150
1919 216
1920 206
1921 153
1922 176
1923 281
1924 207
1925 198
1926 233
1927 134
1928 217
1929 218
1930 195
1931 226
1932 222
1933 150
1934 297
1935 122
1936 165
1937 246
1938 131
1939 182
1940 274
1941 228
1942 175
1943 210
1944 198
1945 131
1946 238
1947 234
1948 211
1949 187
1950 168
1951 272
1952 212
1953 232
1954 221
1955 157
1956 161
1957 215
1958 185
1959 191
1960 202
1961 255
1962 151
1963 195
1964 129
1965 158
1966 220
1967 209
1968 265
1969 206
1970 207
1971 257
1972 261
1973 265
1974 213
1975 198
1976 166
1977 164
1978 180
1979 241
1980 233
1981 199
1982 169
1983 173
1984 209
1985 169
1986 199
1987 253
1988 190
1989 265
1990 191
1991 181
1992 183
1993 208
1994 204
1995 197
1996 195
1997 239
1998 185
1999 194
2000 186
2001 193
2002 166
2003 236
2004 283
2005 254
2006 227
2007 263
2008 177
2009 200
2010 209
2011 166
2012 206
2013 239
2014 147
2015 209
2016 231
2017 178
2018 216
2019 289
2020 265
2021 197
2022 234
2023 252
2024 240
2025 229
2026 184
2027 210
2028 191
2029 187
2030 214
2031 301
2032 234
2033 226
2034 174
2035 241
2036 185
2037 207
2038 200
2039 188
2040 159
2041 150
2042 175
2043 162
2044 224
2045 199
2046 255
2047 185
2048 244
2049 261
2050 148
2051 200
2052 160
2053 257
2054 139
2055 199
2056 216
2057 153
2058 227
2059 179
2060 246
2061 185
2062 266
2063 226
2064 0
2065 257
2066 190
2067 204
2068 162
2069 187
2070 232
2071 226
2072 212
2073 249
2074 237
2075 184
2076 274
2077 218
2078 184
2079 186
2080 162
2081 201
2082 246
2083 199
2084 189
2085 250
2086 213
2087 214
2088 129
2089 236
2090 206
2091 193
2092 203
2093 226
2094 183
2095 182
2096 294
2097 174
2098 212
2099 202
2100 226
2101 217
2102 187
2103 231
2104 216
2105 160
2106 114
2107 162
2108 165
2109 164
2110 219
2111 153
2112 81
2113 243
2114 157
2115 233
2116 208
2117 210
2118 181
2119 139
2120 253
2121 210
2122 0
2123 197
2124 204
2125 174
2126 223
2127 243
2128 212
2129 169
2130 201
2131 267
2132 265
2133 189
2134 158
2135 170
2136 191
2137 256
2138 184
2139 205
2140 200
2141 203
2142 185
2143 245
2144 147
2145 156
2146 227
2147 189
2148 215
2149 155
2150 233
2151 190
2152 236
2153 282
2154 209
2155 216
2156 253
2157 274
2158 172
2159 194
2160 231
2161 207
2162 137
2163 231
2164 152
2165 235
2166 276
2167 212
2168 169
2169 253
2170 228
2171 193
2172 193
2173 278
2174 182
2175 191
2176 200
2177 187
2178 235
2179 199
2180 228
2181 233
2182 250
2183 191
2184 215
2185 212
2186 262
2187 261
2188 212
2189 147
2190 199
2191 244
2192 171
2193 254
2194 191
2195 215
2196 181
2197 187
2198 170
2199 242
2200 211
2201 0
2202 186
2203 177
2204 199
2205 205
2206 255
2207 211
2208 167
2209 181
2210 198
2211 162
2212 256
2213 208
2214 224
2215 201
2216 261
2217 202
2218 280
2219 186
2220 164
2221 261
2222 218
2223 207
2224 178
2225 250
2226 209
2227 252
2228 223
2229 220
2230 236
2231 225
2232 239
2233 234
2234 244
2235 219
2236 255
2237 269
2238 190
2239 209
2240 183
2241 167
2242 235
2243 173
2244 151
2245 149
2246 214
2247 181
2248 196
2249 195
2250 207
2251 236
2252 169
2253 221
2254 179
2255 0
2256 263
2257 172
2258 196
2259 210
2260 183
2261 163
2262 251
2263 183
2264 193
2265 173
2266 295
2267 190
2268 123
2269 186
2270 231
2271 163
2272 199
2273 108
2274 180
2275 180
2276 189
2277 274
2278 228
2279 239
2280 166
2281 182
2282 264
2283 207
2284 228
2285 210
2286 198
2287 191
2288 218
2289 226
2290 206
2291 211
2292 177
2293 186
2294 201
2295 199
2296 221
2297 204
2298 142
2299 340
2300 192
2301 163
2302 151
2303 183
2304 231
2305 221
2306 0
2307 176
2308 237
2309 208
2310 205
2311 209
2312 198
2313 212
2314 192
2315 240
2316 198
2317 201
2318 184
2319 190
2320 205
2321 203
2322 265
2323 195
2324 215
2325 275
2326 195
2327 242
2328 229
2329 193
2330 195
2331 248
2332 195
2333 193
2334 182
2335 156
2336 138
2337 231
2338 184
2339 188
2340 230
2341 218
2342 254
2343 169
2344 336
2345 197
2346 204
2347 241
2348 221
2349 217
2350 184
2351 193
2352 200
2353 199
2354 129
2355 343
2356 231
2357 207
2358 87
2359 224
2360 246
2361 250
2362 195
2363 128
2364 182
2365 215
2366 184
2367 210
2368 203
2369 195
2370 171
2371 225
2372 223
2373 277
2374 209
2375 191
2376 159
2377 173
2378 203
2379 280
2380 196
2381 202
2382 223
2383 231
2384 211
2385 142
2386 294
2387 217
2388 233
2389 113
2390 167
2391 195
2392 221
2393 205
2394 224
2395 233
2396 138
2397 164
2398 184
2399 269
2400 219
2401 111
2402 186
2403 218
2404 196
2405 222
2406 146
2407 218
2408 141
2409 201
2410 207
2411 291
2412 177
2413 235
2414 253
2415 225
2416 184
2417 173
2418 216
2419 213
2420 220
2421 161
2422 194
2423 176
2424 131
2425 273
2426 211
2427 223
2428 181
2429 173
2430 185
2431 190
2432 213
2433 181
2434 210
2435 194
2436 228
2437 145
2438 219
2439 206
2440 213
2441 201
2442 223
2443 239
2444 179
2445 197
2446 177
2447 151
2448 204
2449 234
2450 199
2451 192
2452 246
2453 238
2454 236
2455 272
2456 215
2457 88
2458 219
2459 165
2460 188
2461 225
2462 198
2463 248
2464 189
2465 194
2466 201
2467 201
2468 270
2469 202
2470 171
2471 211
2472 175
2473 180
2474 221
2475 211
2476 191
2477 163
2478 178
2479 210
2480 222
2481 259
2482 198
2483 221
2484 184
2485 305
2486 245
2487 201
2488 184
2489 184
2490 206
2491 180
2492 269
2493 135
2494 190
2495 221
2496 206
2497 208
2498 185
2499 184
2500 225
2501 160
2502 192
2503 249
2504 277
2505 218
2506 233
2507 241
2508 253
2509 211
2510 192
2511 155
2512 218
2513 291
2514 194
2515 228
2516 184
2517 224
2518 163
2519 271
2520 214
2521 198
2522 213
2523 205
2524 207
2525 235
2526 231
2527 205
2528 256
2529 0
2530 196
2531 217
2532 256
2533 185
2534 199
2535 191
2536 226
2537 186
2538 208
2539 181
2540 198
2541 195
2542 134
2543 238
2544 223
2545 224
2546 180
2547 171
2548 182
2549 162
2550 252
2551 272
2552 202
2553 171
2554 195
2555 147
2556 252
2557 182
2558 249
2559 213
2560 260
2561 266
2562 215
2563 246
2564 206
2565 233
2566 99
2567 110
2568 194
2569 221
2570 233
2571 206
2572 131
2573 200
2574 233
2575 203
2576 208
2577 156
2578 144
2579 216
2580 180
2581 212
2582 220
2583 0
2584 202
2585 192
2586 186
2587 201
2588 185
2589 229
2590 261
2591 205
2592 263
2593 225
2594 171
2595 227
2596 274
2597 171
2598 157
2599 155
2600 199
2601 203
2602 242
2603 149
2604 181
2605 154
2606 172
2607 153
2608 235
2609 252
2610 226
2611 227
2612 188
2613 221
2614 270
2615 185
2616 182
2617 152
2618 201
2619 238
2620 203
2621 223
2622 245
2623 196
2624 217
2625 191
2626 156
2627 166
2628 199
2629 214
2630 196
2631 280
2632 208
2633 211
2634 216
2635 196
2636 151
2637 145
2638 227
2639 161
2640 165
2641 142
2642 187
2643 164
2644 164
2645 260
2646 139
2647 205
2648 140
2649 212
2650 167
2651 207
2652 229
2653 191
2654 159
2655 233
2656 200
2657 138
2658 159
2659 191
2660 207
2661 171
2662 184
2663 223
2664 171
2665 236
2666 195
2667 199
2668 145
2669 215
2670 193
2671 204
2672 159
2673 197
2674 213
2675 170
2676 213
2677 237
2678 203
2679 197
2680 213
2681 213
2682 230
2683 218
2684 227
2685 195
2686 199
2687 224
2688 219
2689 252
2690 156
2691 271
2692 250
2693 168
2694 217
2695 215
2696 217
2697 218
2698 202
2699 241
2700 178
2701 213
2702 219
2703 125
2704 190
2705 174
2706 214
2707 183
2708 192
2709 224
2710 127
2711 196
2712 180
2713 222
2714 186
2715 207
2716 206
2717 263
2718 139
2719 193
2720 152
2721 224
2722 175
2723 160
2724 183
2725 244
2726 181
2727 223
2728 204
2729 276
2730 259
2731 200
2732 224
2733 244
2734 174
2735 200
2736 278
2737 246
2738 205
2739 185
2740 211
2741 205
2742 227
2743 241
2744 252
2745 192
2746 184
2747 156
2748 184
2749 212
2750 255
2751 207
2752 160
2753 188
2754 180
2755 171
2756 197
2757 223
2758 207
2759 224
2760 229
2761 190
2762 201
2763 194
2764 179
2765 242
2766 184
2767 212
2768 258
2769 182
2770 187
2771 169
2772 195
2773 238
2774 212
2775 192
2776 240
2777 181
2778 220
2779 236
2780 132
2781 182
2782 201
2783 153
2784 215
2785 196
2786 247
2787 234
2788 265
2789 244
2790 193
2791 182
2792 174
2793 170
2794 217
2795 195
2796 187
2797 206
2798 170
2799 154
2800 197
2801 242
2802 63
2803 162
2804 309
2805 196
2806 235
2807 231
2808 244
2809 130
2810 159
2811 211
2812 200
2813 114
2814 182
2815 238
2816 184
2817 256
2818 203
2819 309
2820 229
2821 189
2822 196
2823 189
2824 193
2825 189
2826 218
2827 233
2828 252
2829 173
2830 197
2831 191
2832 194
2833 205
2834 217
2835 200
2836 153
2837 258
2838 190
2839 199
2840 241
2841 207
2842 129
2843 129
2844 189
2845 201
2846 214
2847 196
2848 201
2849 201
2850 219
2851 205
2852 184
2853 190
2854 143
2855 192
2856 184
2857 220
2858 197
2859 175
2860 222
2861 249
2862 153
2863 299
2864 170
2865 137
2866 243
2867 214
2868 229
2869 205
2870 193
2871 192
2872 149
2873 196
2874 188
2875 89
2876 200
2877 189
2878 235
2879 213
2880 194
2881 156
2882 191
2883 202
2884 197
2885 196
2886 207
2887 253
2888 242
2889 196
2890 171
2891 250
2892 214
2893 153
2894 197
2895 224
2896 152
2897 209
2898 178
2899 175
2900 202
2901 219
2902 266
2903 241
2904 133
2905 194
2906 286
2907 120
2908 191
2909 206
2910 182
2911 162
2912 139
2913 187
2914 243
2915 222
2916 177
2917 284
2918 184
2919 203
2920 207
2921 227
2922 244
2923 254
2924 228
2925 253
2926 0
2927 115
2928 176
2929 210
2930 197
2931 148
2932 171
2933 172
2934 212
2935 216
2936 207
2937 199
2938 208
2939 262
2940 219
2941 185
2942 234
2943 220
2944 208
2945 247
2946 187
2947 199
2948 162
2949 170
2950 214
2951 193
2952 151
2953 232
2954 195
2955 239
2956 178
2957 198
2958 240
2959 189
2960 164
2961 193
2962 207
2963 113
2964 227
2965 156
2966 201
2967 200
2968 152
2969 248
2970 233
2971 231
2972 185
2973 112
2974 194
2975 203
2976 165
2977 225
2978 168
2979 178
2980 243
2981 196
2982 161
2983 234
2984 144
2985 189
2986 199
2987 211
2988 223
2989 242
2990 196
2991 225
2992 162
2993 259
2994 195
2995 221
2996 227
2997 224
2998 254
2999 231
3000 172
3001 250
3002 192
3003 123
3004 249
3005 147
3006 286
3007 188
3008 209
3009 242
3010 179
3011 245
3012 175
3013 168
3014 201
3015 215
3016 183
3017 217
3018 209
3019 166
3020 162
3021 189
3022 220
3023 242
3024 196
3025 210
3026 185
3027 218
3028 207
3029 234
3030 226
3031 173
3032 239
3033 154
3034 227
3035 0
3036 201
3037 241
3038 118
3039 201
3040 245
3041 193
3042 187
3043 223
3044 232
3045 216
3046 264
3047 220
3048 222
3049 223
3050 218
3051 172
3052 150
3053 209
3054 156
3055 207
3056 185
3057 274
3058 205
3059 225
3060 191
3061 182
3062 198
3063 192
3064 188
3065 213
3066 182
3067 216
3068 258
3069 259
3070 271
3071 172
3072 189
3073 243
3074 181
3075 180
3076 225
3077 151
3078 202
3079 214
3080 229
3081 173
3082 213
3083 193
3084 210
3085 252
3086 201
3087 162
3088 207
3089 267
3090 218
3091 218
3092 186
3093 196
3094 130
3095 233
3096 206
3097 223
3098 196
3099 198
3100 250
3101 238
3102 211
3103 204
3104 226
3105 254
3106 232
3107 232
3108 194
3109 227
3110 235
3111 180
3112 239
3113 200
3114 225
3115 240
3116 224
3117 217
3118 168
3119 220
3120 185
3121 175
3122 228
3123 185
3124 165
3125 206
3126 234
3127 229
3128 169
3129 197
3130 192
3131 238
3132 161
3133 205
3134 194
3135 203
3136 208
3137 183
3138 182
3139 237
3140 192
3141 202
3142 174
3143 241
3144 253
3145 173
3146 261
3147 190
3148 188
3149 169
3150 174
3151 219
3152 185
3153 244
3154 208
3155 261
3156 226
3157 221
3158 240
3159 211
3160 184
3161 218
3162 199
3163 230
3164 192
3165 178
3166 264
3167 200
3168 192
3169 195
3170 235
3171 200
3172 168
3173 195
3174 192
3175 185
3176 188
3177 174
3178 242
3179 115
3180 197
3181 196
3182 194
3183 176
3184 236
3185 210
3186 201
3187 207
3188 191
3189 182
3190 246
3191 0
3192 190
3193 233
3194 230
3195 258
3196 196
3197 183
3198 203
3199 158
3200 187
3201 192
3202 228
3203 184
3204 176
3205 245
3206 235
3207 157
3208 222
3209 239
3210 258
3211 198
3212 180
3213 115
3214 270
3215 155
3216 231
3217 110
3218 164
3219 171
3220 132
3221 164
3222 168
3223 154
3224 195
3225 159
3226 193
3227 135
3228 235
3229 255
3230 230
3231 180
3232 240
3233 281
3234 233
3235 189
3236 200
3237 134
3238 138
3239 178
3240 286
3241 210
3242 229
3243 131
3244 190
3245 213
3246 179
3247 265
3248 213
3249 179
3250 179
3251 231
3252 211
3253 145
3254 197
3255 196
3256 184
3257 240
3258 218
3259 193
3260 232
3261 189
3262 199
3263 211
3264 215
3265 213
3266 294
3267 172
3268 174
3269 222
3270 183
3271 216
3272 145
3273 219
3274 175
3275 234
3276 210
3277 175
3278 199
3279 238
3280 237
3281 206
3282 194
3283 193
3284 235
3285 258
3286 243
3287 235
3288 227
3289 280
3290 242
3291 222
3292 178
3293 157
3294 160
3295 185
3296 195
3297 112
3298 236
3299 205
3300 190
3301 215
3302 154
3303 194
3304 143
3305 206
3306 223
3307 279
3308 227
3309 164
3310 203
3311 217
3312 241
3313 225
3314 196
3315 226
3316 214
3317 229
3318 198
3319 188
3320 237
3321 106
3322 240
3323 178
3324 166
3325 193
3326 212
3327 246
3328 211
3329 173
3330 188
3331 191
3332 227
3333 204
3334 176
3335 200
3336 191
3337 254
3338 221
3339 227
3340 201
3341 238
3342 271
3343 216
3344 213
3345 274
3346 192
3347 206
3348 158
3349 185
3350 173
3351 292
3352 209
3353 194
3354 269
3355 207
3356 115
3357 322
3358 248
3359 182
3360 185
3361 227
3362 211
3363 247
3364 212
3365 114
3366 217
3367 245
3368 201
3369 261
3370 237
3371 161
3372 207
3373 171
3374 199
3375 206
3376 265
3377 203
3378 185
3379 167
3380 293
3381 198
3382 299
3383 293
3384 199
3385 136
3386 256
3387 203
3388 219
3389 173
3390 164
3391 231
3392 208
3393 231
3394 252
3395 203
3396 182
3397 252
3398 227
3399 255
3400 305
3401 207
3402 209
3403 201
3404 207
3405 229
3406 282
3407 194
3408 202
3409 228
3410 183
3411 106
3412 184
3413 190
3414 162
3415 87
3416 170
3417 204
3418 235
3419 245
3420 179
3421 187
3422 182
3423 182
3424 247
3425 247
3426 233
3427 184
3428 174
3429 182
3430 234
3431 199
3432 248
3433 211
3434 266
3435 190
3436 154
3437 228
3438 182
3439 168
3440 238
3441 180
3442 195
3443 198
3444 223
3445 170
3446 160
3447 179
3448 233
3449 189
3450 162
3451 232
3452 235
3453 176
3454 207
3455 148
3456 228
3457 169
3458 209
3459 163
3460 192
3461 210
3462 192
3463 168
3464 198
3465 268
3466 145
3467 231
3468 182
3469 217
3470 232
3471 232
3472 194
3473 215
3474 149
3475 252
3476 112
3477 191
3478 145
3479 195
3480 158
3481 225
3482 250
3483 222
3484 225
3485 190
3486 197
3487 206
3488 253
3489 239
3490 173
3491 161
3492 258
3493 170
3494 182
3495 207
3496 163
3497 165
3498 254
3499 175
3500 218
3501 247
3502 198
3503 180
3504 249
3505 231
3506 200
3507 235
3508 162
3509 275
3510 177
3511 179
3512 107
3513 221
3514 194
3515 224
3516 223
3517 180
3518 211
3519 119
3520 70
3521 240
3522 249
3523 150
3524 222
3525 195
3526 204
3527 218
3528 151
3529 122
3530 181
3531 236
3532 176
3533 207
3534 209
3535 244
3536 187
3537 145
3538 159
3539 175
3540 173
3541 237
3542 137
3543 192
3544 173
3545 229
3546 174
3547 185
3548 195
3549 232
3550 260
3551 211
3552 187
3553 194
3554 241
3555 184
3556 206
3557 125
3558 179
3559 201
3560 160
3561 225
3562 205
3563 209
3564 222
3565 231
3566 165
3567 226
3568 220
3569 229
3570 238
3571 179
3572 228
3573 181
3574 205
3575 201
3576 228
3577 174
3578 262
3579 151
3580 197
3581 205
3582 189
3583 147
3584 212
3585 293
3586 167
3587 279
3588 177
3589 251
3590 232
3591 254
3592 233
3593 220
3594 212
3595 161
3596 300
3597 209
3598 156
3599 95
3600 186
3601 173
3602 221
3603 219
3604 202
3605 211
3606 222
3607 228
3608 188
3609 170
3610 164
3611 217
3612 253
3613 148
3614 214
3615 221
3616 203
3617 227
3618 220
3619 197
3620 200
3621 95
3622 231
3623 206
3624 198
3625 168
3626 200
3627 201
3628 175
3629 211
3630 228
3631 194
3632 243
3633 212
3634 197
3635 233
3636 218
3637 244
3638 182
3639 190
3640 222
3641 131
3642 130
3643 195
3644 199
3645 183
3646 195
3647 150
3648 208
3649 246
3650 174
3651 238
3652 176
3653 183
3654 258
3655 220
3656 336
3657 215
3658 183
3659 317
3660 192
3661 238
3662 171
3663 185
3664 222
3665 178
3666 306
3667 162
3668 189
3669 200
3670 173
3671 175
3672 182
3673 213
3674 206
3675 203
3676 231
3677 225
3678 206
3679 187
3680 162
3681 225
3682 217
3683 209
3684 162
3685 199
3686 208
3687 230
3688 270
3689 195
3690 278
3691 184
3692 230
3693 232
3694 245
3695 212
3696 195
3697 236
3698 237
3699 219
3700 200
3701 214
3702 198
3703 188
3704 191
3705 185
3706 252
3707 148
3708 209
3709 186
3710 234
3711 171
3712 162
3713 192
3714 141
3715 190
3716 283
3717 172
3718 226
3719 209
3720 152
3721 257
3722 232
3723 237
3724 183
3725 202
3726 205
3727 155
3728 208
3729 203
3730 206
3731 216
3732 200
3733 171
3734 185
3735 166
3736 220
3737 201
3738 195
3739 188
3740 186
3741 208
3742 194
3743 212
3744 197
3745 190
3746 226
3747 277
3748 229
3749 67
3750 205
3751 254
3752 185
3753 135
3754 198
3755 228
3756 145
3757 175
3758 241
3759 202
3760 199
3761 194
3762 231
3763 172
3764 306
3765 241
3766 227
3767 187
3768 225
3769 163
3770 233
3771 121
3772 172
3773 263
3774 170
3775 226
3776 239
3777 180
3778 137
3779 53
3780 208
3781 214
3782 220
3783 206
3784 216
3785 202
3786 213
3787 181
3788 190
3789 250
3790 143
3791 210
3792 197
3793 228
3794 214
3795 151
3796 185
3797 185
3798 218
3799 170
3800 188
3801 176
3802 194
3803 192
3804 171
3805 201
3806 178
3807 209
3808 201
3809 212
3810 157
3811 260
3812 263
3813 231
3814 215
3815 176
3816 217
3817 241
3818 228
3819 190
3820 258
3821 217
3822 264
3823 211
3824 179
3825 182
3826 186
3827 206
3828 208
3829 164
3830 183
3831 223
3832 199
3833 147
3834 144
3835 267
3836 215
3837 194
3838 227
3839 224
3840 328
3841 191
3842 207
3843 169
3844 194
3845 241
3846 200
3847 192
3848 215
3849 249
3850 205
3851 201
3852 190
3853 207
3854 256
3855 211
3856 202
3857 194
3858 174
3859 192
3860 161
3861 214
3862 243
3863 160
3864 271
3865 197
3866 188
3867 205
3868 205
3869 172
3870 176
3871 248
3872 175
3873 172
3874 227
3875 263
3876 184
3877 135
3878 187
3879 180
3880 209
3881 210
3882 173
3883 295
3884 219
3885 165
3886 217
3887 156
3888 258
3889 188
3890 219
3891 184
3892 174
3893 261
3894 221
3895 234
3896 175
3897 179
3898 249
3899 203
3900 219
3901 203
3902 220
3903 252
3904 211
3905 205
3906 214
3907 189
3908 174
3909 230
3910 186
3911 175
3912 187
3913 198
3914 220
3915 153
3916 108
3917 204
3918 215
3919 143
3920 215
3921 233
3922 150
3923 242
3924 153
3925 177
3926 162
3927 219
3928 188
3929 203
3930 184
3931 172
3932 203
3933 221
3934 271
3935 164
3936 217
3937 212
3938 222
3939 265
3940 97
3941 217
3942 287
3943 220
3944 225
3945 207
3946 197
3947 247
3948 225
3949 338
3950 218
3951 0
3952 203
3953 187
3954 201
3955 170
3956 211
3957 196
3958 206
3959 185
3960 207
3961 231
3962 179
3963 186
3964 236
3965 245
3966 248
3967 200
3968 202
3969 218
3970 191
3971 274
3972 159
3973 200
3974 216
3975 266
3976 221
3977 232
3978 205
3979 130
3980 189
3981 235
3982 251
3983 201
3984 253
3985 188
3986 197
3987 219
3988 326
3989 274
3990 158
3991 216
3992 171
3993 247
3994 207
3995 207
3996 188
3997 195
3998 236
3999 190
4000 190
4001 198
4002 210
4003 202
4004 241
4005 252
4006 194
4007 351
4008 165
4009 156
4010 178
4011 224
4012 237
4013 212
4014 228
4015 126
4016 255
4017 246
4018 238
4019 261
4020 204
4021 194
4022 209
4023 313
4024 220
4025 169
4026 233
4027 148
4028 253
4029 174
4030 220
4031 169
4032 180
4033 203
4034 203
4035 158
4036 220
4037 176
4038 181
4039 200
4040 185
4041 197
4042 223
4043 196
4044 220
4045 218
4046 236
4047 226
4048 224
4049 209
4050 165
4051 188
4052 194
4053 192
4054 184
4055 122
4056 230
4057 213
4058 122
4059 251
4060 0
4061 203
4062 178
4063 187
4064 210
4065 243
4066 283
4067 245
4068 236
4069 177
4070 241
4071 229
4072 230
4073 188
4074 196
4075 229
4076 208
4077 225
4078 259
4079 218
4080 209
4081 166
4082 209
4083 159
4084 177
4085 191
4086 268
4087 216
4088 350
4089 190
4090 212
4091 167
4092 182
4093 204
4094 169
4095 218
4096 147
4097 174
4098 330
4099 257
4100 301
4101 216
4102 237
4103 252
4104 191
4105 212
4106 212
4107 235
4108 165
4109 239
4110 223
4111 236
4112 225
4113 208
4114 214
4115 210
4116 203
4117 176
4118 200
4119 156
4120 215
4121 240
4122 192
4123 174
4124 187
4125 201
4126 228
4127 189
4128 185
4129 229
4130 220
4131 212
4132 118
4133 151
4134 152
4135 198
4136 193
4137 174
4138 304
4139 170
4140 147
4141 202
4142 230
4143 155
4144 133
4145 146
4146 181
4147 210
4148 213
4149 271
4150 204
4151 243
4152 240
4153 253
4154 186
4155 162
4156 139
4157 258
4158 189
4159 166
4160 235
4161 191
4162 168
4163 196
4164 217
4165 225
4166 266
4167 217
4168 107
4169 192
4170 187
4171 200
4172 185
4173 293
4174 279
4175 207
4176 225
4177 219
4178 169
4179 186
4180 176
4181 156
4182 199
4183 177
4184 198
4185 189
4186 193
4187 209
4188 174
4189 240
4190 173
4191 175
4192 177
4193 261
4194 221
4195 237
4196 206
4197 208
4198 207
4199 188
4200 236
4201 211
4202 217
4203 206
4204 186
4205 193
4206 196
4207 179
4208 280
4209 205
4210 137
4211 220
4212 151
4213 204
4214 198
4215 199
4216 253
4217 181
4218 228
4219 256
4220 197
4221 188
4222 194
4223 264
4224 158
4225 302
4226 170
4227 236
4228 162
4229 140
4230 169
4231 257
4232 143
4233 181
4234 203
4235 225
4236 162
4237 189
4238 192
4239 183
4240 324
4241 205
4242 230
4243 230
4244 169
4245 228
4246 212
4247 217
4248 139
4249 144
4250 150
4251 168
4252 263
4253 222
4254 226
4255 145
4256 211
4257 173
4258 223
4259 132
4260 199
4261 175
4262 153
4263 181
4264 187
4265 208
4266 137
4267 240
4268 199
4269 111
4270 179
4271 195
4272 213
4273 191
4274 155
4275 220
4276 162
4277 186
4278 171
4279 154
4280 212
4281 210
4282 199
4283 204
4284 217
4285 267
4286 245
4287 0
4288 208
4289 164
4290 172
4291 190
4292 188
4293 214
4294 202
4295 206
4296 272
4297 185
4298 165
4299 182
4300 201
4301 129
4302 244
4303 161
4304 203
4305 176
4306 154
4307 241
4308 187
4309 226
4310 172
4311 196
4312 171
4313 222
4314 208
4315 204
4316 169
4317 216
4318 198
4319 224
4320 186
4321 261
4322 269
4323 211
4324 152
4325 157
4326 194
4327 285
4328 202
4329 184
4330 234
4331 315
4332 176
4333 128
4334 227
4335 73
4336 176
4337 214
4338 180
4339 230
4340 220
4341 236
4342 290
4343 277
4344 198
4345 215
4346 192
4347 171
4348 175
4349 159
4350 217
4351 191
4352 264
4353 131
4354 204
4355 129
4356 204
4357 241
4358 258
4359 217
4360 230
4361 221
4362 147
4363 230
4364 280
4365 217
4366 276
4367 217
4368 219
4369 214
4370 177
4371 252
4372 213
4373 155
4374 168
4375 205
4376 225
4377 204
4378 229
4379 166
4380 122
4381 253
4382 151
4383 134
4384 209
4385 223
4386 172
4387 227
4388 164
4389 235
4390 185
4391 217
4392 210
4393 196
4394 230
4395 245
4396 225
4397 213
4398 183
4399 176
4400 197
4401 191
4402 239
4403 178
4404 206
4405 202
4406 224
4407 0
4408 236
4409 235
4410 216
4411 177
4412 178
4413 218
4414 250
4415 185
4416 221
4417 194
4418 160
4419 264
4420 214
4421 261
4422 254
4423 219
4424 190
4425 224
4426 237
4427 214
4428 220
4429 0
4430 216
4431 229
4432 158
4433 161
4434 257
4435 203
4436 186
4437 176
4438 253
4439 268
4440 226
4441 180
4442 189
4443 199
4444 208
4445 205
4446 221
4447 213
4448 200
4449 211
4450 202
4451 206
4452 202
4453 218
4454 229
4455 209
4456 178
4457 190
4458 263
4459 235
4460 212
4461 191
4462 224
4463 298
4464 223
4465 142
4466 172
4467 199
4468 210
4469 197
4470 198
4471 230
4472 281
4473 200
4474 216
4475 192
4476 204
4477 238
4478 184
4479 209
4480 212
4481 207
4482 187
4483 204
4484 173
4485 175
4486 223
4487 205
4488 75
4489 185
4490 0
4491 196
4492 241
4493 225
4494 236
4495 261
4496 154
4497 170
4498 212
4499 181
4500 217
4501 234
4502 205
4503 182
4504 196
4505 182
4506 179
4507 198
4508 197
4509 214
4510 252
4511 214
4512 205
4513 211
4514 229
4515 205
4516 192
4517 262
4518 218
4519 192
4520 184
4521 219
4522 190
4523 186
4524 165
4525 202
4526 195
4527 212
4528 152
4529 144
4530 187
4531 141
4532 200
4533 240
4534 219
4535 227
4536 189
4537 190
4538 222
4539 184
4540 192
4541 215
4542 220
4543 183
4544 157
4545 214
4546 191
4547 256
4548 258
4549 128
4550 208
4551 215
4552 186
4553 160
4554 229
4555 135
4556 190
4557 237
4558 223
4559 168
4560 186
4561 157
4562 248
4563 241
4564 161
4565 219
4566 178
4567 248
4568 158
4569 194
4570 221
4571 177
4572 140
4573 201
4574 251
4575 192
4576 179
4577 196
4578 199
4579 174
4580 163
4581 236
4582 177
4583 203
4584 192
4585 210
4586 226
4587 208
4588 234
4589 219
4590 244
4591 186
4592 164
4593 229
4594 189
4595 183
4596 162
4597 187
4598 238
4599 210
4600 237
4601 75
4602 256
4603 222
4604 152
4605 154
4606 258
4607 253
4608 240
4609 132
4610 187
4611 213
4612 263
4613 215
4614 187
4615 244
4616 176
4617 251
4618 184
4619 218
4620 224
4621 182
4622 245
4623 180
4624 238
4625 250
4626 218
4627 107
4628 154
4629 141
4630 185
4631 145
4632 276
4633 206
4634 195
4635 206
4636 201
4637 188
4638 207
4639 186
4640 226
4641 231
4642 276
4643 238
4644 225
4645 158
4646 270
4647 116
4648 191
4649 185
4650 89
4651 60
4652 204
4653 196
4654 251
4655 218
4656 191
4657 178
4658 197
4659 255
4660 165
4661 184
4662 199
4663 152
4664 248
4665 238
4666 191
4667 201
4668 164
4669 205
4670 222
4671 216
4672 198
4673 177
4674 132
4675 237
4676 222
4677 184
4678 249
4679 202
4680 203
4681 233
4682 202
4683 221
4684 222
4685 177
4686 249
4687 244
4688 210
4689 94
4690 229
4691 218
4692 222
4693 209
4694 193
4695 224
4696 172
4697 174
4698 205
4699 229
4700 218
4701 222
4702 169
4703 184
4704 209
4705 254
4706 164
4707 176
4708 188
4709 208
4710 245
4711 272
4712 233
4713 193
4714 206
4715 201
4716 207
4717 219
4718 197
4719 125
4720 177
4721 232
4722 195
4723 215
4724 210
4725 229
4726 225
4727 166
4728 244
4729 203
4730 240
4731 174
4732 225
4733 163
4734 215
4735 162
4736 183
4737 220
4738 176
4739 184
4740 213
4741 207
4742 243
4743 173
4744 199
4745 224
4746 246
4747 170
4748 145
4749 217
4750 211
4751 212
4752 191
4753 275
4754 260
4755 267
4756 198
4757 183
4758 222
4759 190
4760 245
4761 226
4762 185
4763 206
4764 207
4765 284
4766 208
4767 171
4768 178
4769 199
4770 179
4771 166
4772 241
4773 248
4774 192
4775 204
4776 300
4777 216
4778 227
4779 186
4780 206
4781 267
4782 167
4783 194
4784 200
4785 222
4786 193
4787 203
4788 260
4789 215
4790 291
4791 253
4792 206
4793 141
4794 198
4795 222
4796 228
4797 187
4798 209
4799 187
4800 202
4801 193
4802 157
4803 227
4804 95
4805 211
4806 223
4807 165
4808 191
4809 187
4810 204
4811 209
4812 185
4813 212
4814 215
4815 143
4816 226
4817 155
4818 171
4819 223
4820 256
4821 305
4822 138
4823 213
4824 215
4825 164
4826 194
4827 205
4828 236
4829 198
4830 175
4831 204
4832 198
4833 307
4834 212
4835 277
4836 239
4837 286
4838 143
4839 261
4840 259
4841 199
4842 261
4843 191
4844 222
4845 190
4846 201
4847 204
4848 123
4849 235
4850 201
4851 238
4852 206
4853 308
4854 188
4855 219
4856 269
4857 207
4858 179
4859 168
4860 223
4861 222
4862 193
4863 192
4864 212
4865 192
4866 156
4867 222
4868 238
4869 226
4870 231
4871 211
4872 223
4873 169
4874 238
4875 192
4876 230
4877 202
4878 205
4879 194
4880 271
4881 197
4882 197
4883 198
4884 216
4885 220
4886 261
4887 220
4888 198
4889 210
4890 195
4891 234
4892 301
4893 188
4894 180
4895 207
4896 208
4897 233
4898 226
4899 252
4900 150
4901 240
4902 235
4903 171
4904 226
4905 170
4906 167
4907 188
4908 186
4909 288
4910 252
4911 279
4912 150
4913 262
4914 250
4915 194
4916 231
4917 220
4918 259
4919 205
4920 155
4921 182
4922 235
4923 157
4924 184
4925 171
4926 177
4927 206
4928 214
4929 205
4930 271
4931 209
4932 221
4933 124
4934 196
4935 230
4936 224
4937 164
4938 130
4939 209
4940 157
4941 193
4942 203
4943 250
4944 203
4945 201
4946 156
4947 178
4948 195
4949 219
4950 207
4951 199
4952 211
4953 175
4954 195
4955 196
4956 248
4957 224
4958 106
4959 235
4960 216
4961 195
4962 239
4963 273
4964 253
4965 204
4966 191
4967 154
4968 195
4969 173
4970 251
4971 211
4972 262
4973 218
4974 221
4975 209
4976 252
4977 166
4978 203
4979 196
4980 183
4981 201
4982 179
4983 230
4984 207
4985 159
4986 128
4987 237
4988 233
4989 266
4990 81
4991 192
4992 210
4993 174
4994 218
4995 213
4996 218
4997 221
4998 314
4999 180
5000 224
5001 126
5002 187
5003 200
5004 131
5005 206
5006 237
5007 174
5008 164
5009 141
5010 203
5011 190
5012 207
5013 216
5014 164
5015 228
5016 203
5017 270
5018 227
5019 215
5020 188
5021 199
5022 257
5023 175
5024 139
5025 179
5026 180
5027 153
5028 236
5029 185
5030 211
5031 178
5032 274
5033 225
5034 195
5035 206
5036 203
5037 231
5038 273
5039 206
5040 210
5041 144
5042 112
5043 220
5044 232
5045 202
5046 200
5047 257
5048 159
5049 217
5050 131
5051 222
5052 110
5053 222
5054 193
5055 233
5056 194
5057 170
5058 209
5059 199
5060 185
5061 268
5062 113
5063 208
5064 207
5065 208
5066 188
5067 191
5068 174
5069 228
5070 223
5071 197
5072 226
5073 189
5074 170
5075 182
5076 184
5077 132
5078 168
5079 191
5080 194
5081 235
5082 174
5083 254
5084 206
5085 226
5086 187
5087 165
5088 204
5089 231
5090 246
5091 178
5092 196
5093 259
5094 217
5095 125
5096 214
5097 209
5098 230
5099 275
5100 227
5101 243
5102 196
5103 187
5104 175
5105 217
5106 143
5107 196
5108 237
5109 198
5110 218
5111 228
5112 203
5113 310
5114 161
5115 192
5116 238
5117 228
5118 182
5119 231
5120 247
5121 196
5122 231
5123 215
5124 195
5125 199
5126 199
5127 0
5128 245
5129 182
5130 169
5131 200
5132 146
5133 124
5134 148
5135 223
5136 126
5137 187
5138 220
5139 221
5140 188
5141 291
5142 155
5143 134
5144 211
5145 189
5146 200
5147 164
5148 181
5149 208
5150 201
5151 176
5152 247
5153 164
5154 181
5155 207
5156 175
5157 234
5158 150
5159 239
5160 207
5161 221
5162 198
5163 168
5164 188
5165 192
5166 127
5167 207
5168 163
5169 249
5170 207
5171 183
5172 203
5173 262
5174 200
5175 211
5176 217
5177 232
5178 256
5179 263
5180 186
5181 161
5182 215
5183 216
5184 170
5185 217
5186 208
5187 160
5188 212
5189 100
5190 169
5191 190
5192 152
5193 188
5194 230
5195 251
5196 220
5197 217
5198 242
5199 213
5200 165
5201 221
5202 125
5203 202
5204 239
5205 169
5206 259
5207 219
5208 206
5209 228
5210 195
5211 238
5212 224
5213 170
5214 238
5215 130
5216 250
5217 227
5218 169
5219 196
5220 191
5221 213
5222 244
5223 179
5224 222
5225 153
5226 116
5227 166
5228 220
5229 209
5230 190
5231 192
5232 217
5233 143
5234 228
5235 233
5236 168
5237 213
5238 149
5239 264
5240 223
5241 195
5242 208
5243 234
5244 263
5245 223
5246 198
5247 157
5248 201
5249 262
5250 188
5251 245
5252 241
5253 222
5254 225
5255 255
5256 176
5257 208
5258 231
5259 242
5260 180
5261 206
5262 193
5263 214
5264 204
5265 201
5266 172
5267 171
5268 159
5269 164
5270 201
5271 226
5272 249
5273 157
5274 231
5275 159
5276 185
5277 227
5278 172
5279 222
5280 153
5281 213
5282 196
5283 238
5284 216
5285 189
5286 222
5287 188
5288 166
5289 232
5290 254
5291 231
5292 203
5293 215
5294 227
5295 201
5296 171
5297 195
5298 220
5299 269
5300 143
5301 178
5302 213
5303 254
5304 179
5305 200
5306 259
5307 211
5308 220
5309 192
5310 201
5311 169
5312 130
5313 176
5314 108
5315 218
5316 203
5317 222
5318 0
5319 201
5320 209
5321 198
5322 197
5323 223
5324 166
5325 234
5326 198
5327 191
5328 217
5329 177
5330 161
5331 238
5332 177
5333 102
5334 204
5335 205
5336 200
5337 170
5338 211
5339 217
5340 160
5341 155
5342 238
5343 220
5344 243
5345 140
5346 220
5347 270
5348 221
5349 165
5350 177
5351 171
5352 214
5353 195
5354 188
5355 177
5356 179
5357 206
5358 202
5359 232
5360 196
5361 234
5362 200
5363 256
5364 186
5365 200
5366 154
5367 218
5368 234
5369 271
5370 214
5371 226
5372 203
5373 269
5374 182
5375 163
5376 256
5377 163
5378 221
5379 191
5380 207
5381 239
5382 192
5383 193
5384 273
5385 206
5386 254
5387 219
5388 216
5389 236
5390 240
5391 246
5392 223
5393 197
5394 214
5395 183
5396 176
5397 219
5398 220
5399 280
5400 215
5401 219
5402 212
5403 165
5404 186
5405 253
5406 190
5407 178
5408 224
5409 136
5410 201
5411 209
5412 188
5413 192
5414 229
5415 170
5416 214
5417 207
5418 155
5419 213
5420 193
5421 201
5422 226
5423 209
5424 188
5425 144
5426 165
5427 190
5428 181
5429 175
5430 223
5431 187
5432 227
5433 195
5434 191
5435 162
5436 199
5437 147
5438 355
5439 254
5440 145
5441 206
5442 193
5443 248
5444 243
5445 188
5446 188
5447 168
5448 276
5449 219
5450 196
5451 201
5452 165
5453 195
5454 162
5455 201
5456 144
5457 147
5458 190
5459 150
5460 197
5461 212
5462 198
5463 240
5464 213
5465 225
5466 202
5467 176
5468 206
5469 187
5470 258
5471 208
5472 108
5473 262
5474 187
5475 192
5476 256
5477 192
5478 204
5479 167
5480 206
5481 194
5482 190
5483 181
5484 181
5485 222
5486 202
5487 180
5488 198
5489 233
5490 208
5491 203
5492 204
5493 0
5494 215
5495 161
5496 142
5497 182
5498 194
5499 214
5500 169
5501 182
5502 301
5503 177
5504 198
5505 242
5506 233
5507 221
5508 174
5509 225
5510 195
5511 148
5512 205
5513 156
5514 185
5515 191
5516 175
5517 227
5518 200
5519 147
5520 190
5521 228
5522 168
5523 249
5524 246
5525 223
5526 218
5527 167
5528 167
5529 187
5530 251
5531 157
5532 236
5533 202
5534 197
5535 175
5536 207
5537 222
5538 225
5539 212
5540 223
5541 210
5542 207
5543 242
5544 193
5545 0
5546 276
5547 187
5548 120
5549 217
5550 159
5551 172
5552 208
5553 179
5554 204
5555 172
5556 238
5557 260
5558 252
5559 241
5560 112
5561 153
5562 234
5563 203
5564 202
5565 201
5566 194
5567 202
5568 232
5569 185
5570 162
5571 213
5572 214
5573 225
5574 191
5575 218
5576 158
5577 246
5578 136
5579 190
5580 220
5581 203
5582 254
5583 150
5584 189
5585 141
5586 209
5587 156
5588 190
5589 165
5590 195
5591 197
5592 168
5593 258
5594 183
5595 196
5596 208
5597 182
5598 202
5599 225
5600 220
5601 207
5602 220
5603 113
5604 232
5605 210
5606 200
5607 240
5608 198
5609 173
5610 161
5611 189
5612 232
5613 216
5614 223
5615 140
5616 122
5617 181
5618 222
5619 196
5620 218
5621 275
5622 187
5623 210
5624 229
5625 243
5626 281
5627 195
5628 212
5629 188
5630 171
5631 210
5632 193
5633 204
5634 245
5635 220
5636 156
5637 199
5638 201
5639 190
5640 60
5641 261
5642 203
5643 252
5644 245
5645 180
5646 177
5647 195
5648 199
5649 139
5650 191
5651 143
5652 251
5653 175
5654 200
5655 223
5656 175
5657 198
5658 221
5659 218
5660 161
5661 184
5662 182
5663 200
5664 186
5665 235
5666 205
5667 230
5668 222
5669 195
5670 226
5671 200
5672 211
5673 266
5674 277
5675 251
5676 220
5677 206
5678 238
5679 228
5680 230
5681 183
5682 216
5683 226
5684 194
5685 195
5686 292
5687 175
5688 171
5689 180
5690 128
5691 266
5692 190
5693 173
5694 207
5695 214
5696 195
5697 230
5698 208
5699 207
5700 189
5701 182
5702 241
5703 227
5704 289
5705 219
5706 173
5707 155
5708 206
5709 203
5710 139
5711 197
5712 240
5713 176
5714 157
5715 239
5716 227
5717 193
5718 150
5719 209
5720 223
5721 158
5722 192
5723 146
5724 166
5725 219
5726 240
5727 175
5728 170
5729 188
5730 196
5731 263
5732 155
5733 183
5734 233
5735 221
5736 171
5737 229
5738 203
5739 255
5740 208
5741 167
5742 209
5743 200
5744 257
5745 164
5746 212
5747 174
5748 187
5749 250
5750 240
5751 175
5752 227
5753 290
5754 184
5755 178
5756 245
5757 275
5758 246
5759 194
5760 234
5761 233
5762 223
5763 193
5764 167
5765 183
5766 185
5767 179
5768 201
5769 211
5770 138
5771 235
5772 162
5773 170
5774 233
5775 163
5776 196
5777 184
5778 249
5779 221
5780 196
5781 229
5782 232
5783 189
5784 256
5785 193
5786 181
5787 191
5788 251
5789 213
5790 243
5791 222
5792 200
5793 189
5794 172
5795 148
5796 180
5797 237
5798 229
5799 191
5800 175
5801 225
5802 216
5803 215
5804 204
5805 179
5806 216
5807 0
5808 239
5809 168
5810 199
5811 200
5812 101
5813 227
5814 205
5815 218
5816 171
5817 201
5818 163
5819 213
5820 221
5821 195
5822 140
5823 226
5824 213
5825 175
5826 204
5827 212
5828 169
5829 223
5830 170
5831 209
5832 166
5833 232
5834 179
5835 241
5836 228
5837 153
5838 181
5839 164
5840 236
5841 216
5842 213
5843 196
5844 195
5845 219
5846 196
5847 205
5848 163
5849 268
5850 238
5851 230
5852 252
5853 222
5854 211
5855 135
5856 237
5857 173
5858 232
5859 205
5860 140
5861 175
5862 216
5863 201
5864 172
5865 190
5866 208
5867 210
5868 217
5869 233
5870 227
5871 119
5872 201
5873 219
5874 121
5875 167
5876 208
5877 154
5878 217
5879 192
5880 192
5881 179
5882 216
5883 155
5884 154
5885 200
5886 225
5887 153
5888 184
5889 204
5890 206
5891 190
5892 228
5893 223
5894 261
5895 183
5896 236
5897 234
5898 211
5899 161
5900 186
5901 297
5902 244
5903 210
5904 199
5905 204
5906 219
5907 148
5908 227
5909 270
5910 164
5911 210
5912 238
5913 196
5914 172
5915 133
5916 217
5917 143
5918 213
5919 190
5920 239
5921 179
5922 194
5923 207
5924 205
5925 205
5926 206
5927 148
5928 192
5929 216
5930 279
5931 174
5932 205
5933 232
5934 252
5935 297
5936 210
5937 157
5938 171
5939 198
5940 0
5941 204
5942 197
5943 183
5944 188
5945 305
5946 286
5947 177
5948 227
5949 174
5950 220
5951 241
5952 220
5953 215
5954 216
5955 166
5956 251
5957 142
5958 156
5959 200
5960 159
5961 251
5962 235
5963 181
5964 244
5965 231
5966 237
5967 218
5968 226
5969 188
5970 168
5971 189
5972 200
5973 241
5974 209
5975 232
5976 241
5977 220
5978 209
5979 188
5980 204
5981 232
5982 167
5983 201
5984 240
5985 205
5986 200
5987 217
5988 162
5989 215
5990 204
5991 222
5992 172
5993 149
5994 169
5995 211
5996 287
5997 158
5998 232
5999 231
6000 225
6001 211
6002 178
6003 192
6004 195
6005 171
6006 213
6007 199
6008 215
6009 160
6010 210
6011 180
6012 341
6013 215
6014 225
6015 219
6016 213
6017 270
6018 233
6019 216
6020 230
6021 225
6022 221
6023 228
6024 186
6025 174
6026 219
6027 0
6028 140
6029 247
6030 195
6031 209
6032 277
6033 204
6034 207
6035 202
6036 221
6037 148
6038 140
6039 226
6040 197
6041 166
6042 253
6043 225
6044 216
6045 159
6046 237
6047 176
6048 216
6049 215
6050 196
6051 195
6052 169
6053 237
6054 199
6055 199
6056 221
6057 196
6058 199
6059 169
6060 208
6061 213
6062 175
6063 181
6064 201
6065 177
6066 200
6067 229
6068 175
6069 176
6070 194
6071 205
6072 160
6073 220
6074 288
6075 175
6076 150
6077 239
6078 211
6079 178
6080 284
6081 113
6082 171
6083 246
6084 282
6085 206
6086 219
6087 194
6088 223
6089 217
6090 128
6091 240
6092 287
6093 114
6094 172
6095 197
6096 252
6097 178
6098 213
6099 252
6100 205
6101 202
6102 196
6103 218
6104 186
6105 206
6106 226
6107 226
6108 220
6109 236
6110 198
6111 237
6112 199
6113 195
6114 178
6115 216
6116 209
6117 148
6118 200
6119 210
6120 249
6121 188
6122 209
6123 231
6124 198
6125 222
6126 212
6127 227
6128 137
6129 268
6130 153
6131 238
6132 199
6133 153
6134 194
6135 207
6136 157
6137 249
6138 152
6139 176
6140 213
6141 212
6142 191
6143 201
6144 243
6145 0
6146 200
6147 200
6148 176
6149 142
6150 212
6151 168
6152 257
6153 171
6154 200
6155 206
6156 196
6157 197
6158 296
6159 268
6160 197
6161 252
6162 203
6163 242
6164 222
6165 234
6166 206
6167 197
6168 163
6169 212
6170 154
6171 254
6172 157
6173 201
6174 198
6175 156
6176 176
6177 178
6178 212
6179 190
6180 181
6181 228
6182 152
6183 175
6184 227
6185 195
6186 224
6187 209
6188 204
6189 226
6190 230
6191 204
6192 189
6193 178
6194 230
6195 172
6196 201
6197 168
6198 239
6199 174
6200 262
6201 238
6202 222
6203 271
6204 227
6205 141
6206 163
6207 97
6208 219
6209 279
6210 265
6211 188
6212 215
6213 220
6214 188
6215 203
6216 223
6217 194
6218 174
6219 240
6220 202
6221 190
6222 211
6223 141
6224 247
6225 242
6226 220
6227 271
6228 158
6229 132
6230 209
6231 232
6232 244
6233 141
6234 242
6235 197
6236 175
6237 192
6238 218
6239 205
6240 238
6241 224
6242 179
6243 217
6244 176
6245 191
6246 237
6247 186
6248 168
6249 254
6250 172
6251 252
6252 212
6253 187
6254 211
6255 220
6256 198
6257 167
6258 342
6259 233
6260 219
6261 221
6262 207
6263 208
6264 223
6265 171
6266 228
6267 203
6268 223
6269 228
6270 212
6271 225
6272 256
6273 181
6274 193
6275 218
6276 214
6277 199
6278 175
6279 221
6280 196
6281 174
6282 195
6283 174
6284 213
6285 148
6286 181
6287 273
6288 228
6289 237
6290 239
6291 135
6292 125
6293 212
6294 253
6295 296
6296 182
6297 157
6298 185
6299 208
6300 219
6301 184
6302 219
6303 168
6304 166
6305 172
6306 189
6307 260
6308 192
6309 213
6310 252
6311 179
6312 205
6313 292
6314 136
6315 185
6316 222
6317 265
6318 170
6319 183
6320 261
6321 202
6322 195
6323 174
6324 205
6325 193
6326 197
6327 196
6328 227
6329 193
6330 258
6331 206
6332 176
6333 222
6334 290
6335 176
6336 185
6337 228
6338 176
6339 209
6340 188
6341 194
6342 203
6343 212
6344 253
6345 221
6346 188
6347 208
6348 171
6349 186
6350 261
6351 159
6352 188
6353 202
6354 158
6355 201
6356 187
6357 178
6358 193
6359 182
6360 178
6361 184
6362 180
6363 193
6364 181
6365 226
6366 237
6367 181
6368 196
6369 245
6370 196
6371 213
6372 211
6373 202
6374 208
6375 180
6376 108
6377 175
6378 231
6379 157
6380 212
6381 206
6382 192
6383 201
6384 223
6385 140
6386 156
6387 168
6388 115
6389 174
6390 174
6391 145
6392 223
6393 197
6394 259
6395 252
6396 161
6397 253
6398 194
6399 240
6400 282
6401 166
6402 232
6403 236
6404 166
6405 169
6406 217
6407 182
6408 214
6409 206
6410 200
6411 187
6412 177
6413 217
6414 234
6415 116
6416 214
6417 168
6418 206
6419 153
6420 183
6421 224
6422 222
6423 209
6424 217
6425 211
6426 160
6427 162
6428 222
6429 222
6430 214
6431 141
6432 232
6433 169
6434 207
6435 287
6436 185
6437 218
6438 162
6439 190
6440 195
6441 205
6442 217
6443 151
6444 205
6445 223
6446 133
6447 220
6448 201
6449 134
6450 258
6451 205
6452 224
6453 207
6454 132
6455 187
6456 230
6457 190
6458 198
6459 181
6460 203
6461 255
6462 210
6463 191
6464 203
6465 180
6466 125
6467 240
6468 127
6469 156
6470 251
6471 288
6472 157
6473 230
6474 268
6475 208
6476 188
6477 187
6478 194
6479 198
6480 246
6481 118
6482 192
6483 211
6484 203
6485 244
6486 191
6487 190
6488 144
6489 180
6490 196
6491 198
6492 227
6493 173
6494 230
6495 227
6496 176
6497 277
6498 257
6499 224
6500 180
6501 187
6502 206
6503 211
6504 216
6505 200
6506 200
6507 213
6508 169
6509 211
6510 102
6511 210
6512 154
6513 173
6514 140
6515 224
6516 225
6517 197
6518 187
6519 187
6520 173
6521 232
6522 205
6523 252
6524 160
6525 181
6526 209
6527 185
6528 0
6529 225
6530 244
6531 87
6532 141
6533 197
6534 233
6535 186
6536 161
6537 148
6538 253
6539 244
6540 190
6541 248
6542 265
6543 223
6544 186
6545 192
6546 237
6547 170
6548 179
6549 192
6550 194
6551 160
6552 171
6553 233
6554 214
6555 177
6556 201
6557 234
6558 197
6559 187
6560 143
6561 226
6562 182
6563 167
6564 221
6565 166
6566 193
6567 201
6568 201
6569 249
6570 263
6571 240
6572 264
6573 220
6574 186
6575 215
6576 187
6577 199
6578 135
6579 145
6580 196
6581 207
6582 247
6583 253
6584 240
6585 255
6586 177
6587 248
6588 170
6589 198
6590 260
6591 230
6592 211
6593 193
6594 250
6595 195
6596 236
6597 232
6598 209
6599 181
6600 142
6601 157
6602 237
6603 182
6604 245
6605 176
6606 210
6607 224
6608 238
6609 246
6610 0
6611 236
6612 177
6613 299
6614 163
6615 294
6616 205
6617 198
6618 222
6619 210
6620 249
6621 253
6622 222
6623 96
6624 180
6625 215
6626 199
6627 132
6628 156
6629 177
6630 258
6631 160
6632 211
6633 264
6634 183
6635 194
6636 251
6637 179
6638 160
6639 228
6640 155
6641 181
6642 180
6643 204
6644 224
6645 196
6646 226
6647 179
6648 161
6649 54
6650 204
6651 247
6652 188
6653 148
6654 211
6655 165
6656 134
6657 201
6658 197
6659 216
6660 205
6661 239
6662 212
6663 209
6664 219
6665 162
6666 135
6667 215
6668 148
6669 221
6670 233
6671 233
6672 191
6673 252
6674 182
6675 204
6676 232
6677 248
6678 119
6679 143
6680 217
6681 232
6682 223
6683 175
6684 170
6685 177
6686 216
6687 225
6688 187
6689 174
6690 183
6691 262
6692 110
6693 216
6694 226
6695 213
6696 212
6697 244
6698 150
6699 124
6700 192
6701 207
6702 166
6703 192
6704 191
6705 138
6706 262
6707 225
6708 194
6709 204
6710 196
6711 205
6712 209
6713 197
6714 199
6715 246
6716 209
6717 245
6718 197
6719 200
6720 173
6721 166
6722 215
6723 194
6724 235
6725 249
6726 156
6727 199
6728 188
6729 199
6730 226
6731 195
6732 190
6733 225
6734 233
6735 203
6736 199
6737 150
6738 137
6739 261
6740 135
6741 155
6742 234
6743 181
6744 223
6745 217
6746 165
6747 178
6748 227
6749 149
6750 232
6751 186
6752 202
6753 189
6754 192
6755 206
6756 221
6757 259
6758 185
6759 196
6760 229
6761 192
6762 158
6763 189
6764 244
6765 245
6766 252
6767 206
6768 176
6769 133
6770 201
6771 255
6772 184
6773 224
6774 80
6775 173
6776 191
6777 258
6778 214
6779 176
6780 213
6781 233
6782 236
6783 181
6784 237
6785 158
6786 221
6787 246
6788 217
6789 188
6790 225
6791 203
6792 187
6793 262
6794 266
6795 175
6796 167
6797 241
6798 213
6799 180
6800 308
6801 217
6802 213
6803 235
6804 202
6805 277
6806 223
6807 149
6808 234
6809 172
6810 175
6811 174
6812 268
6813 250
6814 185
6815 225
6816 177
6817 213
6818 241
6819 0
6820 239
6821 176
6822 182
6823 214
6824 222
6825 214
6826 167
6827 232
6828 200
6829 173
6830 177
6831 219
6832 219
6833 201
6834 278
6835 203
6836 290
6837 188
6838 210
6839 236
6840 200
6841 251
6842 215
6843 176
6844 223
6845 206
6846 206
6847 171
6848 205
6849 221
6850 236
6851 209
6852 182
6853 267
6854 186
6855 204
6856 187
6857 177
6858 226
6859 243
6860 131
6861 175
6862 194
6863 210
6864 286
6865 198
6866 206
6867 276
6868 284
6869 192
6870 147
6871 179
6872 190
6873 202
6874 199
6875 272
6876 237
6877 182
6878 200
6879 194
6880 161
6881 207
6882 189
6883 217
6884 192
6885 183
6886 192
6887 267
6888 185
6889 203
6890 165
6891 205
6892 243
6893 221
6894 192
6895 188
6896 189
6897 199
6898 222
6899 243
6900 193
6901 239
6902 222
6903 205
6904 180
6905 201
6906 221
6907 194
6908 219
6909 206
6910 153
6911 203
6912 242
6913 168
6914 171
6915 163
6916 155
6917 182
6918 236
6919 185
6920 144
6921 180
6922 197
6923 276
6924 180
6925 208
6926 256
6927 167
6928 207
6929 225
6930 128
6931 295
6932 154
6933 257
6934 182
6935 144
6936 239
6937 208
6938 161
6939 102
6940 114
6941 145
6942 210
6943 189
6944 197
6945 171
6946 230
6947 208
6948 261
6949 202
6950 230
6951 223
6952 221
6953 230
6954 207
6955 156
6956 127
6957 175
6958 162
6959 216
6960 223
6961 202
6962 205
6963 64
6964 143
6965 198
6966 190
6967 208
6968 209
6969 231
6970 156
6971 198
6972 199
6973 200
6974 224
6975 199
6976 141
6977 208
6978 177
6979 150
6980 223
6981 198
6982 144
6983 184
6984 177
6985 237
6986 212
6987 225
6988 226
6989 207
6990 219
6991 182
6992 169
6993 119
6994 232
6995 192
6996 156
6997 237
6998 204
6999 229
