Vertices: 5300
Edges: 26500
Time: 3,003 ms
Iterations: 26332
Vertex Distance
0 0
1 185
2 209
3 224
4 242
5 139
6 192
7 96
8 206
9 167
10 175
11 144
12 131
13 213
14 179
15 211
16 164
17 114
18 185
19 174
20 154
21 199
22 74
23 174
24 251
25 187
26 123
27 144
28 193
29 147
30 148
31 226
32 192
33 154
34 197
35 188
36 147
37 175
38 181
39 216
40 220
41 166
42 172
43 219
44 197
45 153
46 207
47 271
48 210
49 142
50 251
51 191
52 212
53 197
54 229
55 199
56 175
57 165
58 197
59 250
60 177
61 188
62 235
63 186
64 182
65 193
66 205
67 156
68 214
69 197
70 195
71 168
72 204
73 247
74 238
75 172
76 200
77 154
78 216
79 196
80 166
81 151
82 189
83 137
84 160
85 156
86 236
87 230
88 156
89 147
90 162
91 160
92 222
93 242
94 178
95 216
96 190
97 108
98 166
99 162
100 158
101 190
102 138
103 167
104 191
105 196
106 183
107 136
108 180
109 219
110 126
111 227
112 130
113 175
114 91
115 208
116 151
117 160
118 149
119 206
120 201
121 185
122 140
123 212
124 136
125 163
126 168
127 232
128 215
129 196
130 202
131 188
132 185
133 135
134 212
135 144
136 205
137 163
138 192
139 183
140 130
141 115
142 181
143 169
144 187
145 140
146 239
147 179
148 118
149 126
150 129
151 194
152 213
153 190
154 180
155 190
156 194
157 149
158 264
159 147
160 244
161 213
162 270
163 223
164 287
165 169
166 221
167 186
168 221
169 219
170 189
171 160
172 221
173 161
174 123
175 197
176 242
177 0
178 143
179 209
180 209
181 163
182 185
183 225
184 134
185 167
186 186
187 180
188 172
189 201
190 137
191 147
192 198
193 179
194 186
195 146
196 99
197 186
198 225
199 192
200 134
201 189
202 159
203 213
204 161
205 203
206 183
207 204
208 227
209 161
210 129
211 170
212 216
213 166
214 107
215 145
216 219
217 218
218 180
219 198
220 149
221 218
222 164
223 178
224 162
225 205
226 122
227 204
228 189
229 212
230 257
231 202
232 197
233 133
234 195
235 140
236 188
237 183
238 201
239 214
240 135
241 197
242 217
243 172
244 197
245 175
246 138
247 198
248 206
249 103
250 167
251 172
252 209
253 279
254 211
255 199
256 162
257 188
258 208
259 215
260 228
261 158
262 198
263 130
264 205
265 193
266 175
267 177
268 196
269 181
270 152
271 176
272 204
273 344
274 117
275 128
276 122
277 221
278 198
279 225
280 241
281 193
282 154
283 183
284 276
285 195
286 192
287 145
288 109
289 173
290 191
291 152
292 257
293 275
294 260
295 171
296 162
297 229
298 224
299 208
300 172
301 150
302 181
303 153
304 83
305 128
306 232
307 0
308 200
309 186
310 163
311 160
312 230
313 144
314 206
315 206
316 160
317 214
318 143
319 214
320 175
321 257
322 222
323 155
324 243
325 198
326 157
327 199
328 200
329 175
330 206
331 197
332 150
333 191
334 125
335 173
336 196
337 152
338 224
339 169
340 138
341 199
342 179
343 186
344 185
345 182
346 172
347 182
348 158
349 188
350 166
351 165
352 219
353 193
354 172
355 140
356 147
357 151
358 92
359 175
360 112
361 201
362 189
363 146
364 122
365 177
366 200
367 230
368 145
369 185
370 170
371 183
372 168
373 98
374 148
375 209
376 107
377 169
378 220
379 215
380 151
381 177
382 174
383 236
384 123
385 244
386 140
387 190
388 179
389 141
390 194
391 215
392 118
393 181
394 177
395 198
396 193
397 257
398 156
399 188
400 247
401 218
402 197
403 181
404 186
405 226
406 153
407 192
408 174
409 109
410 156
411 221
412 173
413 161
414 128
415 166
416 168
417 197
418 169
419 168
420 201
421 175
422 209
423 112
424 167
425 187
426 196
427 192
428 209
429 197
430 198
431 199
432 129
433 237
434 197
435 157
436 244
437 224
438 164
439 259
440 167
441 143
442 169
443 218
444 174
445 124
446 200
447 235
448 86
449 178
450 204
451 138
452 130
453 172
454 241
455 128
456 151
457 186
458 161
459 168
460 177
461 150
462 149
463 157
464 229
465 153
466 108
467 196
468 226
469 183
470 170
471 237
472 196
473 161
474 119
475 164
476 201
477 246
478 247
479 182
480 132
481 194
482 220
483 218
484 152
485 196
486 134
487 220
488 186
489 198
490 201
491 178
492 180
493 123
494 277
495 129
496 149
497 144
498 194
499 172
500 113
501 182
502 0
503 181
504 149
505 68
506 260
507 170
508 128
509 233
510 149
511 171
512 195
513 196
514 160
515 107
516 221
517 191
518 127
519 206
520 204
521 182
522 179
523 177
524 232
525 212
526 206
527 159
528 184
529 239
530 164
531 171
532 141
533 180
534 193
535 188
536 171
537 216
538 176
539 159
540 111
541 203
542 262
543 120
544 153
545 159
546 223
547 216
548 235
549 185
550 226
551 200
552 150
553 203
554 161
555 150
556 0
557 178
558 167
559 170
560 170
561 234
562 143
563 252
564 166
565 207
566 181
567 189
568 169
569 237
570 187
571 173
572 180
573 151
574 221
575 215
576 129
577 164
578 201
579 175
580 187
581 105
582 147
583 185
584 201
585 163
586 188
587 173
588 150
589 230
590 176
591 187
592 208
593 176
594 195
595 248
596 192
597 254
598 166
599 71
600 220
601 165
602 207
603 216
604 91
605 199
606 194
607 200
608 172
609 182
610 120
611 177
612 184
613 219
614 73
615 213
616 189
617 217
618 124
619 208
620 167
621 240
622 184
623 204
624 207
625 138
626 180
627 198
628 209
629 179
630 169
631 166
632 201
633 214
634 212
635 199
636 152
637 134
638 170
639 168
640 163
641 145
642 236
643 178
644 155
645 134
646 212
647 193
648 220
649 212
650 192
651 221
652 188
653 208
654 239
655 201
656 220
657 226
658 196
659 155
660 164
661 193
662 144
663 187
664 208
665 144
666 159
667 147
668 158
669 178
670 182
671 185
672 196
673 261
674 178
675 229
676 138
677 287
678 188
679 181
680 209
681 179
682 278
683 201
684 189
685 149
686 194
687 123
688 200
689 148
690 192
691 140
692 230
693 172
694 203
695 112
696 169
697 186
698 177
699 227
700 183
701 202
702 113
703 198
704 234
705 188
706 229
707 138
708 192
709 144
710 176
711 168
712 228
713 264
714 206
715 161
716 271
717 111
718 219
719 214
720 137
721 176
722 220
723 194
724 195
725 207
726 189
727 0
728 242
729 186
730 241
731 284
732 173
733 191
734 263
735 191
736 172
737 207
738 172
739 176
740 270
741 197
742 190
743 229
744 224
745 199
746 159
747 194
748 198
749 202
750 192
751 175
752 218
753 204
754 185
755 209
756 176
757 181
758 173
759 272
760 168
761 207
762 253
763 196
764 153
765 162
766 116
767 136
768 206
769 221
770 210
771 197
772 206
773 156
774 250
775 0
776 219
777 178
778 29
779 157
780 167
781 190
782 173
783 181
784 249
785 197
786 160
787 169
788 199
789 166
790 223
791 194
792 166
793 211
794 149
795 174
796 152
797 192
798 267
799 216
800 167
801 177
802 171
803 194
804 195
805 111
806 234
807 91
808 216
809 165
810 128
811 218
812 203
813 217
814 210
815 251
816 187
817 181
818 234
819 198
820 173
821 231
822 174
823 206
824 245
825 203
826 211
827 172
828 219
829 186
830 187
831 223
832 145
833 183
834 313
835 183
836 150
837 212
838 196
839 207
840 212
841 94
842 184
843 206
844 195
845 184
846 166
847 160
848 188
849 136
850 166
851 182
852 160
853 192
854 160
855 201
856 206
857 163
858 178
859 168
860 192
861 147
862 157
863 188
864 251
865 68
866 140
867 217
868 171
869 139
870 140
871 278
872 243
873 69
874 142
875 165
876 189
877 212
878 123
879 175
880 184
881 144
882 213
883 150
884 191
885 173
886 152
887 185
888 154
889 238
890 168
891 253
892 237
893 197
894 183
895 84
896 231
897 211
898 189
899 216
900 225
901 253
902 159
903 144
904 233
905 150
906 155
907 156
908 212
909 216
910 181
911 180
912 127
913 169
914 241
915 179
916 166
917 219
918 198
919 159
920 149
921 129
922 189
923 216
924 181
925 187
926 222
927 172
928 194
929 179
930 172
931 181
932 72
933 152
934 157
935 200
936 263
937 200
938 144
939 189
940 158
941 153
942 209
943 198
944 192
945 219
946 134
947 195
948 201
949 205
950 135
951 153
952 182
953 160
954 117
955 174
956 160
957 187
958 106
959 259
960 168
961 157
962 168
963 191
964 174
965 244
966 169
967 153
968 194
969 203
970 177
971 284
972 187
973 217
974 180
975 177
976 209
977 191
978 161
979 168
980 194
981 197
982 178
983 141
984 169
985 218
986 176
987 123
988 163
989 156
990 191
991 263
992 186
993 214
994 162
995 198
996 231
997 226
998 219
999 167
1000 173
1001 219
1002 247
1003 184
1004 221
1005 189
1006 188
1007 219
1008 138
1009 217
1010 149
1011 205
1012 165
1013 151
1014 175
1015 131
1016 165
1017 165
1018 139
1019 222
1020 225
1021 192
1022 155
1023 186
1024 196
1025 219
1026 66
1027 134
1028 230
1029 188
1030 144
1031 227
1032 161
1033 175
1034 208
1035 133
1036 187
1037 149
1038 172
1039 296
1040 174
1041 164
1042 185
1043 208
1044 140
1045 143
1046 118
1047 216
1048 168
1049 198
1050 145
1051 165
1052 193
1053 265
1054 202
1055 202
1056 222
1057 190
1058 165
1059 163
1060 157
1061 215
1062 172
1063 176
1064 170
1065 197
1066 142
1067 204
1068 137
1069 196
1070 196
1071 248
1072 214
1073 208
1074 197
1075 204
1076 175
1077 189
1078 176
1079 104
1080 185
1081 182
1082 187
1083 181
1084 237
1085 201
1086 222
1087 188
1088 190
1089 190
1090 153
1091 189
1092 199
1093 170
1094 193
1095 226
1096 250
1097 200
1098 230
1099 132
1100 189
1101 191
1102 164
1103 162
1104 126
1105 158
1106 145
1107 173
1108 188
1109 131
1110 138
1111 216
1112 189
1113 165
1114 131
1115 101
1116 206
1117 169
1118 285
1119 80
1120 185
1121 178
1122 151
1123 171
1124 169
1125 193
1126 180
1127 172
1128 173
1129 268
1130 231
1131 172
1132 180
1133 172
1134 140
1135 172
1136 196
1137 214
1138 147
1139 232
1140 169
1141 160
1142 181
1143 150
1144 181
1145 178
1146 227
1147 199
1148 148
1149 147
1150 159
1151 151
1152 193
1153 225
1154 123
1155 154
1156 256
1157 175
1158 220
1159 162
1160 180
1161 188
1162 145
1163 216
1164 68
1165 208
1166 128
1167 182
1168 116
1169 209
1170 157
1171 189
1172 208
1173 207
1174 206
1175 168
1176 171
1177 215
1178 130
1179 187
1180 148
1181 188
1182 96
1183 185
1184 188
1185 154
1186 185
1187 110
1188 187
1189 170
1190 181
1191 0
1192 333
1193 237
1194 206
1195 204
1196 219
1197 166
1198 157
1199 141
1200 118
1201 139
1202 165
1203 115
1204 178
1205 124
1206 181
1207 184
1208 206
1209 171
1210 147
1211 181
1212 174
1213 229
1214 185
1215 198
1216 183
1217 178
1218 218
1219 202
1220 195
1221 181
1222 168
1223 219
1224 186
1225 194
1226 161
1227 187
1228 183
1229 217
1230 145
1231 202
1232 148
1233 176
1234 218
1235 172
1236 179
1237 163
1238 148
1239 138
1240 172
1241 185
1242 148
1243 201
1244 174
1245 204
1246 157
1247 147
1248 173
1249 203
1250 155
1251 205
1252 140
1253 191
1254 156
1255 130
1256 211
1257 163
1258 148
1259 165
1260 115
1261 183
1262 171
1263 169
1264 102
1265 221
1266 221
1267 200
1268 207
1269 193
1270 179
1271 190
1272 193
1273 220
1274 182
1275 288
1276 192
1277 104
1278 175
1279 148
1280 161
1281 172
1282 184
1283 194
1284 187
1285 120
1286 204
1287 184
1288 245
1289 276
1290 230
1291 182
1292 229
1293 189
1294 179
1295 196
1296 173
1297 203
1298 211
1299 211
1300 186
1301 174
1302 141
1303 170
1304 164
1305 129
1306 150
1307 223
1308 157
1309 211
1310 201
1311 162
1312 187
1313 208
1314 215
1315 189
1316 198
1317 239
1318 206
1319 181
1320 190
1321 214
1322 220
1323 213
1324 185
1325 102
1326 169
1327 143
1328 158
1329 220
1330 116
1331 193
1332 162
1333 197
1334 194
1335 233
1336 152
1337 209
1338 158
1339 154
1340 219
1341 143
1342 162
1343 182
1344 186
1345 256
1346 186
1347 209
1348 242
1349 170
1350 195
1351 183
1352 168
1353 146
1354 205
1355 173
1356 160
1357 170
1358 220
1359 204
1360 188
1361 151
1362 171
1363 195
1364 206
1365 218
1366 229
1367 0
1368 199
1369 164
1370 262
1371 192
1372 165
1373 191
1374 230
1375 147
1376 213
1377 240
1378 175
1379 223
1380 183
1381 220
1382 212
1383 194
1384 192
1385 155
1386 144
1387 173
1388 87
1389 181
1390 136
1391 200
1392 151
1393 170
1394 171
1395 182
1396 183
1397 176
1398 184
1399 182
1400 195
1401 223
1402 152
1403 136
1404 145
1405 254
1406 183
1407 211
1408 176
1409 174
1410 140
1411 281
1412 103
1413 261
1414 189
1415 193
1416 181
1417 213
1418 164
1419 183
1420 209
1421 192
1422 196
1423 156
1424 162
1425 203
1426 190
1427 188
1428 192
1429 206
1430 218
1431 213
1432 291
1433 216
1434 218
1435 226
1436 165
1437 176
1438 160
1439 278
1440 187
1441 223
1442 199
1443 151
1444 201
1445 176
1446 224
1447 178
1448 172
1449 168
1450 167
1451 211
1452 184
1453 131
1454 125
1455 163
1456 182
1457 176
1458 167
1459 191
1460 108
1461 170
1462 188
1463 211
1464 199
1465 142
1466 186
1467 178
1468 114
1469 161
1470 193
1471 169
1472 145
1473 203
1474 215
1475 180
1476 167
1477 148
1478 195
1479 215
1480 185
1481 207
1482 165
1483 177
1484 189
1485 158
1486 200
1487 191
1488 87
1489 187
1490 215
1491 199
1492 171
1493 240
1494 201
1495 165
1496 162
1497 237
1498 208
1499 155
1500 192
1501 150
1502 227
1503 166
1504 197
1505 161
1506 146
1507 156
1508 210
1509 177
1510 137
1511 151
1512 161
1513 183
1514 220
1515 186
1516 186
1517 156
1518 173
1519 177
1520 152
1521 204
1522 182
1523 223
1524 222
1525 175
1526 174
1527 123
1528 239
1529 187
1530 147
1531 159
1532 194
1533 189
1534 130
1535 213
1536 201
1537 243
1538 189
1539 216
1540 162
1541 134
1542 287
1543 189
1544 168
1545 180
1546 207
1547 137
1548 220
1549 184
1550 177
1551 172
1552 175
1553 154
1554 191
1555 150
1556 184
1557 217
1558 168
1559 226
1560 176
1561 167
1562 187
1563 210
1564 224
1565 153
1566 130
1567 191
1568 142
1569 288
1570 238
1571 254
1572 148
1573 184
1574 144
1575 115
1576 172
1577 174
1578 172
1579 133
1580 166
1581 158
1582 160
1583 229
1584 146
1585 191
1586 186
1587 177
1588 173
1589 124
1590 208
1591 222
1592 146
1593 257
1594 197
1595 172
1596 166
1597 187
1598 236
1599 279
1600 146
1601 126
1602 156
1603 117
1604 186
1605 239
1606 200
1607 133
1608 153
1609 133
1610 198
1611 172
1612 115
1613 157
1614 191
1615 194
1616 241
1617 187
1618 204
1619 215
1620 265
1621 225
1622 181
1623 206
1624 179
1625 165
1626 138
1627 211
1628 247
1629 215
1630 180
1631 154
1632 169
1633 208
1634 101
1635 193
1636 179
1637 180
1638 238
1639 251
1640 178
1641 233
1642 204
1643 215
1644 188
1645 170
1646 207
1647 214
1648 172
1649 159
1650 211
1651 164
1652 179
1653 147
1654 145
1655 176
1656 176
1657 167
1658 197
1659 199
1660 218
1661 176
1662 183
1663 210
1664 139
1665 173
1666 157
1667 187
1668 150
1669 193
1670 191
1671 203
1672 188
1673 147
1674 217
1675 214
1676 185
1677 215
1678 147
1679 144
1680 154
1681 115
1682 197
1683 165
1684 162
1685 126
1686 163
1687 184
1688 179
1689 241
1690 201
1691 253
1692 132
1693 194
1694 189
1695 262
1696 191
1697 197
1698 190
1699 189
1700 254
1701 220
1702 200
1703 144
1704 240
1705 176
1706 159
1707 71
1708 151
1709 130
1710 175
1711 184
1712 265
1713 195
1714 187
1715 197
1716 216
1717 148
1718 218
1719 226
1720 184
1721 200
1722 236
1723 232
1724 196
1725 161
1726 169
1727 194
1728 206
1729 238
1730 183
1731 251
1732 167
1733 197
1734 181
1735 148
1736 187
1737 182
1738 175
1739 168
1740 209
1741 180
1742 233
1743 229
1744 181
1745 264
1746 174
1747 138
1748 189
1749 129
1750 168
1751 170
1752 161
1753 191
1754 107
1755 205
1756 174
1757 197
1758 167
1759 231
1760 185
1761 167
1762 226
1763 117
1764 168
1765 196
1766 148
1767 223
1768 176
1769 202
1770 166
1771 182
1772 213
1773 135
1774 140
1775 210
1776 200
1777 253
1778 161
1779 216
1780 236
1781 194
1782 237
1783 180
1784 271
1785 176
1786 215
1787 192
1788 179
1789 163
1790 199
1791 93
1792 190
1793 154
1794 182
1795 180
1796 236
1797 198
1798 161
1799 182
1800 182
1801 181
1802 303
1803 153
1804 185
1805 152
1806 203
1807 195
1808 135
1809 117
1810 215
1811 159
1812 155
1813 217
1814 188
1815 162
1816 205
1817 228
1818 182
1819 169
1820 201
1821 102
1822 182
1823 158
1824 238
1825 171
1826 129
1827 164
1828 218
1829 194
1830 226
1831 177
1832 239
1833 188
1834 258
1835 194
1836 213
1837 138
1838 292
1839 98
1840 197
1841 139
1842 194
1843 149
1844 112
1845 219
1846 99
1847 206
1848 180
1849 196
1850 109
1851 204
1852 204
1853 238
1854 226
1855 177
1856 189
1857 242
1858 155
1859 208
1860 196
1861 212
1862 174
1863 185
1864 192
1865 147
1866 173
1867 146
1868 168
1869 160
1870 187
1871 192
1872 192
1873 228
1874 199
1875 167
1876 204
1877 134
1878 149
1879 213
1880 129
1881 262
1882 144
1883 123
1884 130
1885 253
1886 176
1887 182
1888 185
1889 164
1890 184
1891 217
1892 215
1893 137
1894 186
1895 193
1896 192
1897 187
1898 213
1899 207
1900 0
1901 153
1902 195
1903 222
1904 251
1905 185
1906 163
1907 165
1908 149
1909 187
1910 194
1911 186
1912 255
1913 170
1914 191
1915 180
1916 208
1917 162
1918 200
1919 214
1920 180
1921 250
1922 179
1923 205
1924 127
1925 229
1926 118
1927 169
1928 46
1929 163
1930 175
1931 206
1932 196
1933 132
1934 153
1935 198
1936 231
1937 146
1938 173
1939 245
1940 201
1941 207
1942 218
1943 248
1944 190
1945 190
1946 204
1947 239
1948 143
1949 170
1950 272
1951 176
1952 100
1953 249
1954 144
1955 254
1956 175
1957 222
1958 176
1959 112
1960 155
1961 160
1962 176
1963 200
1964 234
1965 160
1966 149
1967 175
1968 172
1969 201
1970 210
1971 167
1972 247
1973 170
1974 119
1975 112
1976 214
1977 181
1978 172
1979 179
1980 158
1981 172
1982 186
1983 164
1984 148
1985 193
1986 197
1987 217
1988 186
1989 187
1990 165
1991 126
1992 148
1993 205
1994 155
1995 217
1996 182
1997 193
1998 138
1999 204
2000 196
2001 182
2002 151
2003 161
2004 182
2005 187
2006 168
2007 198
2008 201
2009 206
2010 135
2011 307
2012 169
2013 217
2014 205
2015 266
2016 200
2017 202
2018 173
2019 191
2020 182
2021 148
2022 198
2023 297
2024 162
2025 155
2026 185
2027 207
2028 262
2029 153
2030 209
2031 137
2032 154
2033 137
2034 216
2035 149
2036 184
2037 185
2038 157
2039 228
2040 180
2041 178
2042 190
2043 185
2044 182
2045 206
2046 205
2047 194
2048 204
2049 257
2050 213
2051 132
2052 209
2053 208
2054 161
2055 0
2056 204
2057 126
2058 183
2059 152
2060 201
2061 234
2062 119
2063 97
2064 120
2065 126
2066 164
2067 176
2068 135
2069 189
2070 157
2071 136
2072 162
2073 229
2074 183
2075 198
2076 200
2077 216
2078 139
2079 153
2080 0
2081 182
2082 136
2083 236
2084 202
2085 233
2086 131
2087 181
2088 195
2089 193
2090 208
2091 195
2092 71
2093 153
2094 162
2095 221
2096 176
2097 152
2098 127
2099 177
2100 90
2101 159
2102 137
2103 173
2104 171
2105 195
2106 180
2107 177
2108 169
2109 246
2110 176
2111 183
2112 194
2113 148
2114 195
2115 263
2116 201
2117 164
2118 161
2119 171
2120 114
2121 190
2122 0
2123 161
2124 149
2125 250
2126 169
2127 186
2128 137
2129 180
2130 203
2131 256
2132 195
2133 150
2134 202
2135 194
2136 158
2137 162
2138 264
2139 199
2140 172
2141 185
2142 160
2143 147
2144 180
2145 206
2146 178
2147 236
2148 164
2149 173
2150 0
2151 188
2152 218
2153 214
2154 134
2155 192
2156 205
2157 123
2158 176
2159 159
2160 178
2161 154
2162 197
2163 138
2164 147
2165 211
2166 206
2167 194
2168 192
2169 246
2170 228
2171 139
2172 204
2173 248
2174 139
2175 193
2176 133
2177 175
2178 230
2179 271
2180 189
2181 152
2182 176
2183 215
2184 191
2185 164
2186 171
2187 213
2188 266
2189 114
2190 168
2191 199
2192 174
2193 162
2194 162
2195 167
2196 139
2197 170
2198 169
2199 154
2200 154
2201 136
2202 199
2203 216
2204 157
2205 145
2206 149
2207 128
2208 173
2209 132
2210 131
2211 136
2212 217
2213 112
2214 175
2215 189
2216 140
2217 216
2218 195
2219 230
2220 164
2221 228
2222 214
2223 192
2224 194
2225 209
2226 115
2227 188
2228 177
2229 163
2230 164
2231 265
2232 132
2233 175
2234 187
2235 176
2236 206
2237 170
2238 189
2239 219
2240 175
2241 146
2242 197
2243 218
2244 156
2245 221
2246 240
2247 156
2248 116
2249 188
2250 154
2251 232
2252 184
2253 173
2254 165
2255 228
2256 226
2257 176
2258 184
2259 224
2260 192
2261 206
2262 194
2263 123
2264 135
2265 158
2266 232
2267 245
2268 147
2269 204
2270 183
2271 199
2272 200
2273 152
2274 172
2275 88
2276 165
2277 197
2278 216
2279 201
2280 224
2281 211
2282 218
2283 142
2284 211
2285 89
2286 212
2287 135
2288 197
2289 161
2290 234
2291 193
2292 222
2293 192
2294 166
2295 211
2296 185
2297 183
2298 171
2299 157
2300 167
2301 171
2302 204
2303 0
2304 256
2305 202
2306 115
2307 188
2308 186
2309 151
2310 189
2311 197
2312 133
2313 163
2314 188
2315 207
2316 187
2317 198
2318 225
2319 180
2320 201
2321 215
2322 182
2323 189
2324 162
2325 187
2326 160
2327 188
2328 140
2329 230
2330 171
2331 176
2332 184
2333 161
2334 128
2335 192
2336 175
2337 215
2338 176
2339 160
2340 162
2341 150
2342 203
2343 206
2344 173
2345 70
2346 133
2347 235
2348 101
2349 182
2350 206
2351 173
2352 249
2353 209
2354 170
2355 206
2356 175
2357 181
2358 201
2359 307
2360 172
2361 190
2362 167
2363 215
2364 189
2365 228
2366 205
2367 164
2368 179
2369 139
2370 138
2371 139
2372 203
2373 200
2374 189
2375 148
2376 213
2377 239
2378 165
2379 278
2380 210
2381 199
2382 210
2383 157
2384 0
2385 212
2386 154
2387 203
2388 141
2389 99
2390 154
2391 195
2392 150
2393 203
2394 269
2395 155
2396 212
2397 164
2398 218
2399 166
2400 210
2401 147
2402 77
2403 126
2404 174
2405 143
2406 173
2407 104
2408 156
2409 233
2410 228
2411 201
2412 254
2413 170
2414 153
2415 194
2416 180
2417 197
2418 206
2419 162
2420 167
2421 143
2422 252
2423 197
2424 198
2425 116
2426 229
2427 210
2428 220
2429 227
2430 180
2431 192
2432 265
2433 106
2434 171
2435 182
2436 171
2437 169
2438 189
2439 192
2440 169
2441 202
2442 178
2443 138
2444 229
2445 161
2446 180
2447 213
2448 211
2449 179
2450 174
2451 190
2452 116
2453 179
2454 207
2455 233
2456 219
2457 142
2458 153
2459 141
2460 133
2461 219
2462 122
2463 115
2464 185
2465 137
2466 163
2467 240
2468 160
2469 186
2470 156
2471 170
2472 212
2473 246
2474 219
2475 176
2476 129
2477 172
2478 182
2479 154
2480 166
2481 187
2482 205
2483 119
2484 159
2485 77
2486 216
2487 104
2488 213
2489 155
2490 229
2491 143
2492 171
2493 163
2494 239
2495 170
2496 178
2497 231
2498 160
2499 223
2500 160
2501 282
2502 193
2503 210
2504 190
2505 254
2506 255
2507 201
2508 163
2509 182
2510 175
2511 191
2512 162
2513 209
2514 211
2515 57
2516 178
2517 181
2518 191
2519 199
2520 188
2521 278
2522 150
2523 236
2524 167
2525 204
2526 161
2527 169
2528 144
2529 151
2530 183
2531 124
2532 178
2533 216
2534 205
2535 199
2536 171
2537 237
2538 176
2539 194
2540 134
2541 198
2542 158
2543 273
2544 183
2545 162
2546 141
2547 165
2548 223
2549 165
2550 154
2551 169
2552 47
2553 147
2554 203
2555 105
2556 184
2557 200
2558 171
2559 178
2560 176
2561 218
2562 227
2563 178
2564 174
2565 210
2566 155
2567 208
2568 148
2569 180
2570 209
2571 155
2572 199
2573 186
2574 114
2575 131
2576 198
2577 204
2578 184
2579 201
2580 197
2581 0
2582 170
2583 184
2584 171
2585 226
2586 135
2587 210
2588 155
2589 227
2590 181
2591 69
2592 211
2593 196
2594 200
2595 206
2596 108
2597 234
2598 136
2599 246
2600 214
2601 133
2602 230
2603 195
2604 186
2605 239
2606 186
2607 194
2608 158
2609 207
2610 287
2611 172
2612 212
2613 242
2614 181
2615 178
2616 194
2617 169
2618 201
2619 185
2620 150
2621 159
2622 199
2623 210
2624 178
2625 202
2626 219
2627 182
2628 210
2629 149
2630 174
2631 202
2632 179
2633 164
2634 158
2635 196
2636 229
2637 190
2638 121
2639 180
2640 174
2641 158
2642 189
2643 185
2644 210
2645 203
2646 161
2647 163
2648 199
2649 210
2650 185
2651 147
2652 249
2653 149
2654 186
2655 198
2656 130
2657 277
2658 190
2659 207
2660 210
2661 208
2662 123
2663 201
2664 140
2665 155
2666 231
2667 145
2668 124
2669 178
2670 122
2671 188
2672 172
2673 112
2674 202
2675 205
2676 201
2677 136
2678 134
2679 186
2680 209
2681 176
2682 164
2683 214
2684 213
2685 171
2686 209
2687 203
2688 211
2689 207
2690 124
2691 200
2692 182
2693 198
2694 225
2695 200
2696 190
2697 162
2698 138
2699 131
2700 220
2701 167
2702 154
2703 130
2704 180
2705 221
2706 212
2707 157
2708 203
2709 196
2710 0
2711 183
2712 195
2713 230
2714 187
2715 159
2716 194
2717 186
2718 217
2719 144
2720 158
2721 243
2722 223
2723 165
2724 151
2725 165
2726 207
2727 184
2728 137
2729 197
2730 180
2731 174
2732 136
2733 191
2734 341
2735 0
2736 172
2737 234
2738 204
2739 212
2740 175
2741 205
2742 192
2743 145
2744 223
2745 216
2746 218
2747 163
2748 194
2749 152
2750 255
2751 81
2752 146
2753 163
2754 205
2755 228
2756 228
2757 150
2758 296
2759 178
2760 222
2761 202
2762 235
2763 188
2764 204
2765 202
2766 168
2767 175
2768 207
2769 163
2770 181
2771 197
2772 288
2773 151
2774 184
2775 191
2776 175
2777 129
2778 207
2779 186
2780 141
2781 209
2782 158
2783 203
2784 230
2785 192
2786 161
2787 161
2788 133
2789 184
2790 196
2791 185
2792 232
2793 192
2794 150
2795 247
2796 215
2797 165
2798 209
2799 154
2800 178
2801 168
2802 165
2803 202
2804 96
2805 248
2806 232
2807 163
2808 244
2809 194
2810 172
2811 212
2812 160
2813 162
2814 141
2815 187
2816 187
2817 209
2818 139
2819 147
2820 282
2821 136
2822 173
2823 175
2824 192
2825 224
2826 167
2827 142
2828 167
2829 168
2830 258
2831 209
2832 165
2833 165
2834 191
2835 233
2836 194
2837 185
2838 243
2839 244
2840 129
2841 195
2842 184
2843 188
2844 122
2845 213
2846 148
2847 165
2848 162
2849 144
2850 147
2851 169
2852 134
2853 207
2854 170
2855 203
2856 190
2857 132
2858 172
2859 193
2860 237
2861 130
2862 200
2863 192
2864 117
2865 186
2866 160
2867 149
2868 157
2869 222
2870 265
2871 122
2872 184
2873 145
2874 229
2875 217
2876 196
2877 210
2878 176
2879 177
2880 261
2881 179
2882 185
2883 188
2884 141
2885 119
2886 246
2887 182
2888 158
2889 176
2890 219
2891 135
2892 262
2893 216
2894 173
2895 191
2896 190
2897 104
2898 168
2899 195
2900 194
2901 87
2902 165
2903 210
2904 172
2905 154
2906 154
2907 178
2908 218
2909 218
2910 181
2911 205
2912 188
2913 161
2914 200
2915 142
2916 212
2917 163
2918 210
2919 180
2920 179
2921 166
2922 143
2923 191
2924 251
2925 172
2926 229
2927 111
2928 198
2929 181
2930 164
2931 172
2932 260
2933 208
2934 228
2935 245
2936 231
2937 146
2938 174
2939 263
2940 99
2941 185
2942 180
2943 204
2944 142
2945 170
2946 186
2947 168
2948 280
2949 212
2950 138
2951 209
2952 219
2953 214
2954 207
2955 226
2956 237
2957 208
2958 201
2959 187
2960 199
2961 183
2962 214
2963 183
2964 122
2965 220
2966 167
2967 193
2968 153
2969 179
2970 255
2971 183
2972 165
2973 213
2974 120
2975 183
2976 166
2977 123
2978 135
2979 122
2980 181
2981 198
2982 170
2983 188
2984 191
2985 178
2986 198
2987 207
2988 201
2989 171
2990 163
2991 156
2992 263
2993 169
2994 227
2995 170
2996 205
2997 206
2998 154
2999 175
3000 184
3001 254
3002 147
3003 241
3004 197
3005 197
3006 143
3007 163
3008 165
3009 189
3010 135
3011 191
3012 176
3013 216
3014 179
3015 238
3016 252
3017 197
3018 188
3019 203
3020 223
3021 192
3022 109
3023 195
3024 147
3025 217
3026 227
3027 207
3028 175
3029 194
3030 180
3031 191
3032 185
3033 213
3034 215
3035 210
3036 164
3037 190
3038 210
3039 218
3040 175
3041 170
3042 182
3043 175
3044 213
3045 216
3046 184
3047 239
3048 170
3049 197
3050 177
3051 217
3052 202
3053 200
3054 151
3055 182
3056 90
3057 248
3058 159
3059 170
3060 307
3061 189
3062 149
3063 205
3064 188
3065 235
3066 163
3067 0
3068 173
3069 198
3070 205
3071 186
3072 128
3073 160
3074 216
3075 201
3076 202
3077 150
3078 236
3079 127
3080 120
3081 186
3082 170
3083 87
3084 146
3085 189
3086 218
3087 144
3088 195
3089 179
3090 182
3091 129
3092 193
3093 210
3094 127
3095 207
3096 183
3097 173
3098 180
3099 153
3100 181
3101 158
3102 187
3103 178
3104 181
3105 172
3106 213
3107 208
3108 181
3109 211
3110 193
3111 199
3112 204
3113 125
3114 172
3115 164
3116 230
3117 205
3118 162
3119 166
3120 201
3121 289
3122 189
3123 185
3124 195
3125 154
3126 147
3127 166
3128 160
3129 194
3130 178
3131 185
3132 269
3133 199
3134 210
3135 190
3136 185
3137 215
3138 182
3139 281
3140 190
3141 150
3142 202
3143 165
3144 192
3145 210
3146 123
3147 144
3148 182
3149 130
3150 169
3151 166
3152 196
3153 229
3154 177
3155 150
3156 177
3157 179
3158 196
3159 190
3160 227
3161 162
3162 125
3163 181
3164 203
3165 148
3166 149
3167 246
3168 145
3169 204
3170 194
3171 307
3172 196
3173 132
3174 163
3175 208
3176 186
3177 182
3178 143
3179 155
3180 122
3181 206
3182 134
3183 224
3184 192
3185 192
3186 111
3187 186
3188 163
3189 178
3190 203
3191 155
3192 245
3193 148
3194 207
3195 227
3196 197
3197 177
3198 163
3199 106
3200 170
3201 188
3202 199
3203 178
3204 225
3205 215
3206 182
3207 247
3208 198
3209 217
3210 174
3211 180
3212 189
3213 209
3214 143
3215 165
3216 177
3217 166
3218 208
3219 162
3220 207
3221 132
3222 201
3223 146
3224 174
3225 199
3226 186
3227 202
3228 177
3229 165
3230 218
3231 180
3232 187
3233 168
3234 213
3235 181
3236 167
3237 157
3238 177
3239 207
3240 0
3241 222
3242 177
3243 155
3244 170
3245 160
3246 70
3247 96
3248 180
3249 223
3250 155
3251 181
3252 215
3253 208
3254 219
3255 152
3256 197
3257 190
3258 199
3259 144
3260 199
3261 169
3262 186
3263 90
3264 188
3265 235
3266 139
3267 179
3268 191
3269 196
3270 133
3271 241
3272 170
3273 195
3274 186
3275 167
3276 242
3277 194
3278 123
3279 193
3280 252
3281 141
3282 168
3283 158
3284 226
3285 203
3286 201
3287 184
3288 164
3289 214
3290 196
3291 183
3292 238
3293 308
3294 132
3295 183
3296 225
3297 144
3298 210
3299 156
3300 180
3301 195
3302 250
3303 202
3304 153
3305 224
3306 213
3307 194
3308 195
3309 196
3310 231
3311 171
3312 117
3313 178
3314 100
3315 172
3316 204
3317 247
3318 176
3319 208
3320 199
3321 242
3322 257
3323 203
3324 110
3325 181
3326 134
3327 168
3328 156
3329 182
3330 174
3331 245
3332 161
3333 207
3334 176
3335 188
3336 170
3337 176
3338 0
3339 227
3340 168
3341 106
3342 234
3343 185
3344 80
3345 0
3346 159
3347 134
3348 126
3349 202
3350 234
3351 165
3352 208
3353 230
3354 162
3355 229
3356 59
3357 196
3358 161
3359 161
3360 199
3361 177
3362 127
3363 197
3364 164
3365 206
3366 192
3367 163
3368 133
3369 169
3370 140
3371 123
3372 136
3373 162
3374 140
3375 184
3376 150
3377 181
3378 240
3379 157
3380 209
3381 190
3382 134
3383 184
3384 190
3385 162
3386 139
3387 223
3388 190
3389 218
3390 211
3391 195
3392 139
3393 170
3394 189
3395 187
3396 200
3397 184
3398 166
3399 182
3400 197
3401 0
3402 181
3403 176
3404 157
3405 205
3406 179
3407 189
3408 162
3409 192
3410 194
3411 188
3412 189
3413 183
3414 191
3415 194
3416 177
3417 255
3418 207
3419 187
3420 201
3421 155
3422 151
3423 195
3424 136
3425 217
3426 193
3427 258
3428 160
3429 238
3430 163
3431 175
3432 186
3433 23
3434 135
3435 243
3436 208
3437 147
3438 181
3439 170
3440 199
3441 160
3442 222
3443 169
3444 229
3445 157
3446 197
3447 181
3448 189
3449 189
3450 195
3451 196
3452 255
3453 187
3454 214
3455 201
3456 217
3457 137
3458 97
3459 123
3460 207
3461 262
3462 165
3463 202
3464 125
3465 190
3466 192
3467 186
3468 82
3469 200
3470 187
3471 254
3472 202
3473 191
3474 178
3475 115
3476 37
3477 205
3478 200
3479 235
3480 143
3481 193
3482 91
3483 216
3484 162
3485 190
3486 155
3487 170
3488 178
3489 226
3490 193
3491 183
3492 144
3493 166
3494 224
3495 180
3496 191
3497 154
3498 226
3499 158
3500 177
3501 136
3502 224
3503 218
3504 249
3505 224
3506 139
3507 165
3508 199
3509 152
3510 302
3511 177
3512 160
3513 157
3514 186
3515 201
3516 218
3517 144
3518 232
3519 151
3520 162
3521 154
3522 204
3523 157
3524 156
3525 173
3526 270
3527 276
3528 139
3529 196
3530 132
3531 184
3532 116
3533 208
3534 152
3535 216
3536 199
3537 238
3538 212
3539 253
3540 201
3541 195
3542 212
3543 181
3544 174
3545 207
3546 180
3547 225
3548 219
3549 202
3550 188
3551 205
3552 153
3553 178
3554 164
3555 188
3556 174
3557 183
3558 201
3559 150
3560 187
3561 189
3562 214
3563 188
3564 233
3565 190
3566 197
3567 188
3568 197
3569 234
3570 191
3571 181
3572 246
3573 222
3574 174
3575 157
3576 222
3577 170
3578 0
3579 151
3580 184
3581 213
3582 151
3583 160
3584 197
3585 161
3586 154
3587 187
3588 183
3589 98
3590 137
3591 152
3592 164
3593 157
3594 212
3595 155
3596 183
3597 149
3598 126
3599 202
3600 209
3601 240
3602 140
3603 212
3604 182
3605 222
3606 252
3607 224
3608 145
3609 181
3610 169
3611 0
3612 233
3613 127
3614 171
3615 151
3616 237
3617 201
3618 109
3619 141
3620 218
3621 243
3622 203
3623 148
3624 187
3625 197
3626 236
3627 199
3628 161
3629 187
3630 173
3631 135
3632 245
3633 153
3634 124
3635 177
3636 150
3637 180
3638 183
3639 187
3640 175
3641 153
3642 131
3643 170
3644 190
3645 200
3646 187
3647 252
3648 161
3649 180
3650 175
3651 154
3652 178
3653 170
3654 208
3655 193
3656 195
3657 209
3658 171
3659 191
3660 224
3661 211
3662 203
3663 202
3664 170
3665 138
3666 195
3667 192
3668 148
3669 187
3670 143
3671 186
3672 181
3673 177
3674 178
3675 255
3676 196
3677 155
3678 231
3679 180
3680 198
3681 0
3682 154
3683 198
3684 274
3685 153
3686 220
3687 214
3688 180
3689 136
3690 101
3691 182
3692 210
3693 215
3694 279
3695 182
3696 191
3697 193
3698 246
3699 150
3700 266
3701 186
3702 198
3703 190
3704 128
3705 188
3706 207
3707 189
3708 193
3709 153
3710 122
3711 243
3712 246
3713 226
3714 233
3715 159
3716 195
3717 145
3718 265
3719 231
3720 191
3721 201
3722 175
3723 185
3724 233
3725 184
3726 198
3727 184
3728 141
3729 204
3730 161
3731 202
3732 192
3733 239
3734 175
3735 172
3736 314
3737 182
3738 194
3739 212
3740 181
3741 228
3742 184
3743 195
3744 185
3745 244
3746 196
3747 100
3748 141
3749 159
3750 178
3751 190
3752 170
3753 199
3754 171
3755 273
3756 209
3757 259
3758 201
3759 187
3760 160
3761 161
3762 142
3763 290
3764 162
3765 200
3766 183
3767 142
3768 185
3769 189
3770 192
3771 180
3772 161
3773 200
3774 185
3775 97
3776 195
3777 182
3778 177
3779 181
3780 141
3781 210
3782 146
3783 158
3784 216
3785 184
3786 241
3787 182
3788 179
3789 276
3790 239
3791 212
3792 190
3793 205
3794 174
3795 167
3796 217
3797 154
3798 185
3799 197
3800 193
3801 206
3802 196
3803 201
3804 137
3805 178
3806 214
3807 214
3808 166
3809 237
3810 311
3811 238
3812 249
3813 171
3814 128
3815 173
3816 121
3817 169
3818 198
3819 142
3820 194
3821 192
3822 226
3823 221
3824 182
3825 130
3826 201
3827 221
3828 201
3829 138
3830 193
3831 180
3832 186
3833 221
3834 208
3835 228
3836 169
3837 155
3838 229
3839 183
3840 139
3841 184
3842 203
3843 126
3844 108
3845 196
3846 136
3847 192
3848 170
3849 153
3850 219
3851 146
3852 42
3853 127
3854 174
3855 239
3856 215
3857 205
3858 208
3859 150
3860 202
3861 215
3862 190
3863 0
3864 171
3865 170
3866 205
3867 126
3868 216
3869 151
3870 207
3871 141
3872 263
3873 150
3874 312
3875 158
3876 171
3877 186
3878 231
3879 186
3880 241
3881 95
3882 166
3883 206
3884 183
3885 182
3886 229
3887 176
3888 280
3889 174
3890 180
3891 214
3892 121
3893 185
3894 170
3895 226
3896 212
3897 204
3898 228
3899 219
3900 136
3901 182
3902 243
3903 124
3904 149
3905 213
3906 142
3907 156
3908 163
3909 244
3910 247
3911 178
3912 148
3913 207
3914 151
3915 117
3916 177
3917 190
3918 145
3919 178
3920 175
3921 119
3922 201
3923 94
3924 170
3925 194
3926 222
3927 239
3928 178
3929 146
3930 193
3931 187
3932 157
3933 162
3934 136
3935 194
3936 173
3937 187
3938 220
3939 210
3940 170
3941 141
3942 179
3943 201
3944 168
3945 175
3946 126
3947 200
3948 179
3949 158
3950 184
3951 226
3952 135
3953 269
3954 164
3955 212
3956 195
3957 182
3958 206
3959 149
3960 200
3961 235
3962 216
3963 171
3964 197
3965 166
3966 196
3967 262
3968 214
3969 129
3970 143
3971 237
3972 147
3973 259
3974 154
3975 195
3976 173
3977 175
3978 145
3979 147
3980 219
3981 122
3982 270
3983 154
3984 163
3985 175
3986 213
3987 125
3988 224
3989 176
3990 67
3991 183
3992 154
3993 110
3994 175
3995 213
3996 169
3997 209
3998 199
3999 170
4000 157
4001 226
4002 178
4003 165
4004 173
4005 225
4006 213
4007 136
4008 128
4009 59
4010 124
4011 215
4012 184
4013 181
4014 242
4015 166
4016 204
4017 222
4018 192
4019 178
4020 145
4021 181
4022 144
4023 141
4024 180
4025 159
4026 204
4027 211
4028 205
4029 195
4030 208
4031 0
4032 210
4033 201
4034 141
4035 172
4036 186
4037 252
4038 175
4039 138
4040 175
4041 210
4042 144
4043 165
4044 132
4045 150
4046 161
4047 181
4048 217
4049 263
4050 175
4051 202
4052 203
4053 187
4054 188
4055 183
4056 233
4057 183
4058 209
4059 193
4060 175
4061 120
4062 186
4063 156
4064 181
4065 196
4066 212
4067 194
4068 167
4069 189
4070 114
4071 206
4072 178
4073 239
4074 167
4075 184
4076 173
4077 158
4078 212
4079 193
4080 212
4081 181
4082 205
4083 176
4084 178
4085 174
4086 187
4087 153
4088 149
4089 156
4090 161
4091 145
4092 180
4093 226
4094 131
4095 214
4096 197
4097 197
4098 213
4099 203
4100 172
4101 199
4102 190
4103 208
4104 202
4105 180
4106 159
4107 206
4108 257
4109 132
4110 195
4111 198
4112 104
4113 171
4114 218
4115 157
4116 190
4117 166
4118 244
4119 193
4120 154
4121 208
4122 137
4123 224
4124 213
4125 184
4126 216
4127 180
4128 134
4129 186
4130 161
4131 271
4132 193
4133 204
4134 212
4135 192
4136 154
4137 210
4138 202
4139 223
4140 188
4141 193
4142 236
4143 88
4144 202
4145 228
4146 222
4147 223
4148 223
4149 217
4150 179
4151 179
4152 180
4153 225
4154 228
4155 171
4156 208
4157 186
4158 163
4159 140
4160 180
4161 188
4162 132
4163 159
4164 175
4165 196
4166 147
4167 178
4168 185
4169 141
4170 212
4171 156
4172 235
4173 225
4174 230
4175 158
4176 220
4177 198
4178 159
4179 157
4180 185
4181 126
4182 204
4183 166
4184 186
4185 165
4186 149
4187 188
4188 165
4189 184
4190 208
4191 192
4192 198
4193 212
4194 111
4195 156
4196 214
4197 262
4198 164
4199 178
4200 161
4201 192
4202 231
4203 142
4204 187
4205 187
4206 277
4207 189
4208 169
4209 271
4210 253
4211 198
4212 216
4213 169
4214 146
4215 142
4216 166
4217 88
4218 228
4219 234
4220 171
4221 180
4222 194
4223 244
4224 222
4225 167
4226 229
4227 179
4228 120
4229 164
4230 218
4231 197
4232 162
4233 227
4234 144
4235 139
4236 156
4237 158
4238 257
4239 196
4240 346
4241 210
4242 232
4243 175
4244 188
4245 254
4246 187
4247 212
4248 193
4249 209
4250 120
4251 138
4252 143
4253 143
4254 128
4255 155
4256 291
4257 187
4258 236
4259 227
4260 167
4261 195
4262 218
4263 189
4264 211
4265 196
4266 180
4267 112
4268 222
4269 130
4270 194
4271 246
4272 200
4273 151
4274 152
4275 166
4276 202
4277 192
4278 199
4279 212
4280 190
4281 174
4282 152
4283 182
4284 175
4285 150
4286 199
4287 218
4288 203
4289 168
4290 175
4291 226
4292 218
4293 0
4294 153
4295 151
4296 156
4297 125
4298 178
4299 147
4300 166
4301 240
4302 139
4303 162
4304 216
4305 148
4306 177
4307 182
4308 155
4309 174
4310 158
4311 153
4312 192
4313 197
4314 183
4315 183
4316 234
4317 133
4318 198
4319 233
4320 143
4321 222
4322 238
4323 133
4324 229
4325 190
4326 140
4327 178
4328 264
4329 115
4330 215
4331 238
4332 177
4333 157
4334 216
4335 216
4336 226
4337 179
4338 177
4339 122
4340 236
4341 219
4342 174
4343 97
4344 218
4345 121
4346 161
4347 180
4348 164
4349 232
4350 155
4351 198
4352 183
4353 203
4354 151
4355 177
4356 110
4357 205
4358 207
4359 189
4360 138
4361 148
4362 130
4363 161
4364 211
4365 181
4366 148
4367 241
4368 228
4369 206
4370 198
4371 144
4372 155
4373 166
4374 187
4375 210
4376 209
4377 140
4378 155
4379 315
4380 208
4381 191
4382 154
4383 197
4384 156
4385 176
4386 237
4387 225
4388 0
4389 191
4390 199
4391 207
4392 199
4393 229
4394 0
4395 193
4396 158
4397 221
4398 164
4399 178
4400 234
4401 199
4402 133
4403 202
4404 249
4405 218
4406 193
4407 154
4408 61
4409 182
4410 147
4411 178
4412 180
4413 171
4414 183
4415 188
4416 183
4417 216
4418 155
4419 202
4420 179
4421 205
4422 191
4423 174
4424 162
4425 207
4426 171
4427 167
4428 217
4429 90
4430 192
4431 164
4432 155
4433 155
4434 71
4435 167
4436 126
4437 172
4438 160
4439 230
4440 165
4441 157
4442 212
4443 171
4444 251
4445 217
4446 222
4447 204
4448 171
4449 185
4450 184
4451 205
4452 161
4453 203
4454 200
4455 163
4456 168
4457 242
4458 100
4459 200
4460 131
4461 246
4462 184
4463 157
4464 160
4465 152
4466 169
4467 155
4468 213
4469 195
4470 124
4471 179
4472 186
4473 146
4474 253
4475 176
4476 65
4477 265
4478 188
4479 197
4480 168
4481 211
4482 180
4483 181
4484 174
4485 187
4486 162
4487 153
4488 261
4489 148
4490 141
4491 182
4492 173
4493 191
4494 191
4495 166
4496 232
4497 174
4498 127
4499 176
4500 202
4501 147
4502 0
4503 155
4504 179
4505 145
4506 210
4507 83
4508 182
4509 164
4510 182
4511 230
4512 133
4513 265
4514 184
4515 218
4516 215
4517 181
4518 176
4519 180
4520 96
4521 179
4522 202
4523 141
4524 132
4525 182
4526 228
4527 215
4528 221
4529 254
4530 155
4531 173
4532 228
4533 180
4534 133
4535 260
4536 199
4537 152
4538 197
4539 92
4540 255
4541 201
4542 177
4543 176
4544 0
4545 187
4546 232
4547 192
4548 195
4549 166
4550 109
4551 161
4552 179
4553 196
4554 221
4555 248
4556 103
4557 136
4558 184
4559 130
4560 159
4561 135
4562 189
4563 224
4564 170
4565 209
4566 178
4567 202
4568 135
4569 161
4570 189
4571 120
4572 207
4573 262
4574 202
4575 149
4576 222
4577 233
4578 164
4579 246
4580 214
4581 191
4582 219
4583 173
4584 192
4585 162
4586 170
4587 198
4588 239
4589 151
4590 220
4591 241
4592 163
4593 124
4594 185
4595 150
4596 174
4597 149
4598 219
4599 165
4600 148
4601 199
4602 214
4603 87
4604 198
4605 160
4606 172
4607 153
4608 142
4609 211
4610 203
4611 192
4612 179
4613 210
4614 177
4615 196
4616 158
4617 206
4618 203
4619 195
4620 196
4621 194
4622 210
4623 121
4624 227
4625 203
4626 160
4627 133
4628 178
4629 159
4630 230
4631 234
4632 267
4633 195
4634 171
4635 157
4636 185
4637 144
4638 225
4639 199
4640 90
4641 254
4642 154
4643 183
4644 155
4645 177
4646 235
4647 166
4648 209
4649 231
4650 231
4651 170
4652 177
4653 210
4654 196
4655 156
4656 0
4657 188
4658 232
4659 206
4660 126
4661 130
4662 264
4663 0
4664 176
4665 246
4666 160
4667 177
4668 187
4669 197
4670 182
4671 225
4672 182
4673 272
4674 216
4675 190
4676 150
4677 118
4678 243
4679 98
4680 183
4681 202
4682 124
4683 169
4684 207
4685 216
4686 208
4687 192
4688 138
4689 208
4690 188
4691 187
4692 139
4693 162
4694 207
4695 192
4696 178
4697 175
4698 304
4699 103
4700 142
4701 244
4702 159
4703 199
4704 179
4705 197
4706 144
4707 191
4708 115
4709 251
4710 191
4711 175
4712 215
4713 173
4714 184
4715 127
4716 233
4717 199
4718 178
4719 262
4720 189
4721 179
4722 149
4723 220
4724 178
4725 201
4726 124
4727 174
4728 201
4729 209
4730 211
4731 196
4732 204
4733 153
4734 246
4735 201
4736 148
4737 178
4738 203
4739 187
4740 145
4741 238
4742 224
4743 168
4744 176
4745 180
4746 181
4747 142
4748 173
4749 169
4750 213
4751 263
4752 162
4753 252
4754 160
4755 173
4756 127
4757 130
4758 193
4759 160
4760 168
4761 209
4762 158
4763 271
4764 185
4765 213
4766 213
4767 166
4768 138
4769 241
4770 213
4771 173
4772 226
4773 167
4774 133
4775 200
4776 191
4777 178
4778 192
4779 166
4780 180
4781 120
4782 190
4783 230
4784 263
4785 173
4786 214
4787 145
4788 209
4789 293
4790 201
4791 219
4792 167
4793 158
4794 229
4795 164
4796 157
4797 183
4798 183
4799 210
4800 149
4801 189
4802 150
4803 188
4804 210
4805 241
4806 197
4807 272
4808 257
4809 178
4810 219
4811 187
4812 280
4813 146
4814 156
4815 240
4816 165
4817 204
4818 175
4819 217
4820 182
4821 173
4822 187
4823 217
4824 172
4825 306
4826 207
4827 141
4828 204
4829 160
4830 171
4831 201
4832 117
4833 145
4834 122
4835 212
4836 206
4837 181
4838 160
4839 218
4840 152
4841 176
4842 65
4843 185
4844 200
4845 170
4846 156
4847 158
4848 184
4849 129
4850 212
4851 205
4852 178
4853 195
4854 124
4855 141
4856 209
4857 147
4858 226
4859 214
4860 125
4861 152
4862 0
4863 134
4864 196
4865 178
4866 154
4867 204
4868 214
4869 197
4870 159
4871 164
4872 199
4873 193
4874 187
4875 222
4876 196
4877 173
4878 161
4879 177
4880 187
4881 211
4882 193
4883 195
4884 167
4885 171
4886 152
4887 154
4888 156
4889 186
4890 238
4891 147
4892 144
4893 220
4894 163
4895 227
4896 163
4897 255
4898 161
4899 202
4900 133
4901 209
4902 171
4903 124
4904 231
4905 257
4906 191
4907 145
4908 214
4909 175
4910 190
4911 175
4912 238
4913 145
4914 175
4915 228
4916 208
4917 198
4918 272
4919 140
4920 123
4921 231
4922 145
4923 174
4924 284
4925 190
4926 148
4927 192
4928 161
4929 220
4930 235
4931 152
4932 194
4933 166
4934 204
4935 194
4936 171
4937 212
4938 132
4939 179
4940 132
4941 181
4942 177
4943 170
4944 203
4945 178
4946 200
4947 174
4948 194
4949 223
4950 109
4951 260
4952 176
4953 143
4954 178
4955 157
4956 167
4957 154
4958 179
4959 226
4960 203
4961 213
4962 146
4963 106
4964 232
4965 196
4966 164
4967 188
4968 178
4969 179
4970 173
4971 188
4972 124
4973 154
4974 165
4975 138
4976 185
4977 215
4978 168
4979 194
4980 163
4981 184
4982 208
4983 192
4984 181
4985 275
4986 177
4987 196
4988 241
4989 114
4990 207
4991 216
4992 188
4993 190
4994 125
4995 162
4996 174
4997 160
4998 193
4999 136
5000 178
5001 190
5002 123
5003 216
5004 274
5005 223
5006 197
5007 221
5008 177
5009 130
5010 229
5011 183
5012 139
5013 240
5014 166
5015 143
5016 134
5017 176
5018 140
5019 205
5020 151
5021 195
5022 175
5023 178
5024 212
5025 169
5026 209
5027 225
5028 118
5029 166
5030 181
5031 178
5032 179
5033 179
5034 200
5035 214
5036 105
5037 194
5038 169
5039 251
5040 187
5041 198
5042 220
5043 194
5044 224
5045 187
5046 197
5047 174
5048 139
5049 265
5050 171
5051 248
5052 129
5053 233
5054 194
5055 213
5056 192
5057 173
5058 207
5059 187
5060 144
5061 179
5062 185
5063 123
5064 195
5065 136
5066 218
5067 143
5068 224
5069 167
5070 138
5071 134
5072 167
5073 231
5074 149
5075 197
5076 206
5077 176
5078 190
5079 155
5080 188
5081 242
5082 185
5083 180
5084 174
5085 157
5086 211
5087 190
5088 170
5089 181
5090 147
5091 167
5092 237
5093 233
5094 173
5095 206
5096 175
5097 133
5098 159
5099 205
5100 141
5101 198
5102 182
5103 182
5104 108
5105 175
5106 172
5107 152
5108 190
5109 67
5110 99
5111 212
5112 189
5113 154
5114 85
5115 163
5116 158
5117 217
5118 201
5119 194
5120 203
5121 188
5122 222
5123 162
5124 189
5125 136
5126 202
5127 168
5128 249
5129 183
5130 169
5131 97
5132 238
5133 171
5134 129
5135 205
5136 170
5137 207
5138 124
5139 166
5140 170
5141 206
5142 214
5143 156
5144 203
5145 181
5146 170
5147 212
5148 191
5149 189
5150 142
5151 216
5152 235
5153 209
5154 143
5155 167
5156 169
5157 224
5158 223
5159 201
5160 199
5161 192
5162 149
5163 0
5164 168
5165 210
5166 153
5167 201
5168 173
5169 158
5170 178
5171 201
5172 132
5173 172
5174 182
5175 176
5176 152
5177 208
5178 157
5179 235
5180 228
5181 142
5182 229
5183 181
5184 185
5185 184
5186 136
5187 245
5188 181
5189 179
5190 191
5191 192
5192 171
5193 178
5194 187
5195 151
5196 202
5197 201
5198 187
5199 252
5200 152
5201 96
5202 212
5203 167
5204 105
5205 132
5206 177
5207 214
5208 177
5209 172
5210 198
5211 179
5212 156
5213 252
5214 185
5215 89
5216 172
5217 232
5218 187
5219 176
5220 154
5221 155
5222 218
5223 234
5224 180
5225 211
5226 213
5227 198
5228 177
5229 149
5230 164
5231 161
5232 180
5233 176
5234 169
5235 178
5236 246
5237 221
5238 133
5239 203
5240 174
5241 171
5242 196
5243 191
5244 167
5245 227
5246 197
5247 127
5248 204
5249 143
5250 208
5251 254
5252 186
5253 220
5254 212
5255 159
5256 215
5257 144
5258 183
5259 151
5260 187
5261 243
5262 206
5263 171
5264 174
5265 145
5266 226
5267 197
5268 177
5269 231
5270 138
5271 214
5272 160
5273 194
5274 150
5275 168
5276 179
5277 174
5278 102
5279 166
5280 112
5281 181
5282 197
5283 179
5284 316
5285 268
5286 162
5287 174
5288 175
5289 179
5290 187
5291 179
5292 188
5293 139
5294 164
5295 219
5296 165
5297 197
5298 127
5299 175
