Vertices: 5000
Edges: 25000
Time: 3,962 ms
Iterations: 24854
Vertex Distance
0 0
1 229
2 183
3 225
4 223
5 189
6 185
7 185
8 202
9 169
10 247
11 244
12 162
13 126
14 198
15 245
16 173
17 210
18 175
19 87
20 180
21 209
22 177
23 161
24 209
25 192
26 291
27 179
28 196
29 222
30 212
31 187
32 168
33 243
34 183
35 207
36 177
37 283
38 185
39 117
40 163
41 169
42 176
43 153
44 168
45 190
46 169
47 193
48 193
49 260
50 183
51 195
52 261
53 121
54 208
55 236
56 196
57 198
58 189
59 143
60 156
61 178
62 175
63 178
64 231
65 184
66 209
67 227
68 217
69 184
70 192
71 202
72 201
73 220
74 125
75 225
76 242
77 149
78 138
79 167
80 181
81 93
82 231
83 254
84 173
85 205
86 214
87 199
88 110
89 135
90 170
91 192
92 195
93 158
94 189
95 177
96 186
97 173
98 174
99 199
100 199
101 156
102 171
103 239
104 138
105 199
106 124
107 215
108 235
109 254
110 222
111 171
112 169
113 188
114 167
115 183
116 209
117 217
118 103
119 164
120 230
121 231
122 148
123 148
124 152
125 237
126 163
127 110
128 215
129 244
130 24
131 161
132 186
133 178
134 251
135 198
136 253
137 168
138 177
139 157
140 240
141 241
142 270
143 191
144 114
145 206
146 229
147 156
148 203
149 208
150 176
151 226
152 196
153 213
154 155
155 120
156 191
157 218
158 193
159 200
160 221
161 175
162 168
163 119
164 216
165 112
166 198
167 224
168 187
169 214
170 186
171 181
172 174
173 163
174 177
175 218
176 203
177 0
178 143
179 197
180 198
181 185
182 204
183 67
184 232
185 201
186 174
187 215
188 187
189 109
190 194
191 207
192 148
193 194
194 236
195 180
196 169
197 206
198 169
199 247
200 201
201 207
202 201
203 203
204 196
205 160
206 194
207 185
208 204
209 223
210 158
211 214
212 135
213 216
214 144
215 244
216 231
217 207
218 174
219 202
220 222
221 174
222 229
223 143
224 177
225 192
226 162
227 146
228 230
229 118
230 228
231 150
232 145
233 201
234 177
235 169
236 177
237 212
238 175
239 239
240 205
241 153
242 191
243 197
244 130
245 157
246 215
247 231
248 140
249 149
250 209
251 132
252 205
253 190
254 207
255 154
256 221
257 224
258 231
259 156
260 155
261 209
262 119
263 158
264 159
265 146
266 225
267 216
268 228
269 177
270 181
271 235
272 218
273 155
274 138
275 188
276 181
277 226
278 206
279 199
280 168
281 168
282 178
283 204
284 164
285 171
286 192
287 226
288 200
289 229
290 133
291 182
292 92
293 164
294 208
295 88
296 197
297 164
298 171
299 250
300 222
301 210
302 183
303 186
304 241
305 140
306 165
307 225
308 150
309 205
310 224
311 209
312 252
313 189
314 231
315 211
316 152
317 175
318 170
319 139
320 179
321 146
322 210
323 237
324 241
325 195
326 159
327 165
328 156
329 180
330 101
331 233
332 203
333 251
334 117
335 148
336 147
337 228
338 321
339 129
340 0
341 144
342 187
343 137
344 232
345 172
346 168
347 271
348 201
349 221
350 255
351 152
352 227
353 180
354 211
355 232
356 192
357 156
358 156
359 171
360 181
361 195
362 173
363 189
364 244
365 173
366 191
367 242
368 130
369 198
370 216
371 217
372 234
373 268
374 148
375 186
376 211
377 149
378 100
379 186
380 195
381 154
382 206
383 201
384 188
385 229
386 174
387 202
388 145
389 253
390 182
391 160
392 182
393 164
394 276
395 161
396 146
397 150
398 215
399 180
400 201
401 112
402 231
403 194
404 244
405 252
406 200
407 216
408 152
409 205
410 183
411 179
412 184
413 196
414 157
415 255
416 167
417 173
418 213
419 228
420 328
421 232
422 215
423 179
424 118
425 167
426 164
427 257
428 225
429 144
430 139
431 133
432 174
433 247
434 255
435 261
436 130
437 189
438 182
439 144
440 211
441 188
442 233
443 152
444 171
445 250
446 204
447 215
448 189
449 177
450 151
451 211
452 186
453 174
454 232
455 188
456 179
457 221
458 152
459 203
460 187
461 111
462 158
463 199
464 183
465 174
466 195
467 213
468 204
469 201
470 145
471 226
472 193
473 146
474 197
475 171
476 176
477 0
478 118
479 178
480 262
481 235
482 176
483 157
484 206
485 174
486 225
487 179
488 171
489 275
490 186
491 191
492 122
493 198
494 156
495 175
496 157
497 114
498 155
499 202
500 143
501 248
502 200
503 185
504 217
505 241
506 163
507 115
508 103
509 240
510 148
511 195
512 168
513 161
514 161
515 190
516 160
517 215
518 204
519 188
520 101
521 211
522 151
523 169
524 195
525 177
526 205
527 228
528 190
529 207
530 213
531 156
532 156
533 195
534 212
535 135
536 206
537 185
538 224
539 229
540 181
541 216
542 241
543 211
544 174
545 216
546 207
547 220
548 249
549 158
550 177
551 144
552 222
553 193
554 175
555 189
556 188
557 259
558 269
559 150
560 200
561 205
562 223
563 240
564 208
565 280
566 192
567 188
568 170
569 137
570 186
571 271
572 169
573 172
574 164
575 187
576 197
577 159
578 180
579 201
580 152
581 113
582 194
583 155
584 204
585 177
586 154
587 133
588 153
589 217
590 195
591 212
592 153
593 224
594 190
595 191
596 204
597 152
598 206
599 242
600 203
601 178
602 245
603 191
604 177
605 171
606 147
607 161
608 156
609 174
610 170
611 155
612 264
613 149
614 130
615 195
616 180
617 197
618 194
619 190
620 188
621 184
622 204
623 223
624 163
625 175
626 244
627 206
628 180
629 187
630 206
631 183
632 157
633 192
634 211
635 268
636 201
637 181
638 212
639 227
640 306
641 258
642 171
643 243
644 225
645 187
646 180
647 218
648 217
649 174
650 241
651 152
652 194
653 184
654 206
655 193
656 159
657 220
658 177
659 229
660 215
661 77
662 197
663 230
664 203
665 148
666 213
667 116
668 160
669 219
670 212
671 196
672 282
673 216
674 180
675 138
676 237
677 198
678 145
679 204
680 191
681 195
682 224
683 150
684 169
685 203
686 188
687 235
688 205
689 144
690 182
691 209
692 175
693 149
694 248
695 208
696 254
697 185
698 226
699 145
700 161
701 231
702 274
703 188
704 158
705 0
706 233
707 232
708 172
709 222
710 133
711 223
712 232
713 188
714 246
715 165
716 194
717 182
718 196
719 193
720 175
721 202
722 203
723 203
724 217
725 182
726 227
727 239
728 167
729 197
730 209
731 135
732 175
733 143
734 195
735 154
736 170
737 218
738 162
739 195
740 189
741 203
742 152
743 193
744 213
745 179
746 233
747 212
748 210
749 167
750 281
751 172
752 164
753 189
754 233
755 193
756 167
757 162
758 166
759 172
760 207
761 133
762 208
763 199
764 174
765 221
766 263
767 192
768 206
769 229
770 182
771 199
772 202
773 173
774 182
775 250
776 121
777 157
778 163
779 177
780 188
781 164
782 252
783 133
784 182
785 184
786 189
787 201
788 191
789 164
790 241
791 179
792 161
793 191
794 212
795 207
796 208
797 289
798 144
799 169
800 209
801 203
802 210
803 200
804 146
805 194
806 210
807 134
808 191
809 261
810 216
811 181
812 221
813 196
814 190
815 164
816 187
817 116
818 210
819 192
820 255
821 166
822 170
823 229
824 160
825 204
826 178
827 180
828 129
829 203
830 172
831 210
832 196
833 206
834 272
835 279
836 165
837 154
838 211
839 155
840 99
841 179
842 224
843 203
844 199
845 238
846 220
847 207
848 233
849 221
850 208
851 264
852 182
853 135
854 194
855 189
856 142
857 255
858 160
859 107
860 210
861 208
862 149
863 200
864 195
865 188
866 182
867 151
868 256
869 201
870 175
871 252
872 215
873 223
874 107
875 260
876 213
877 221
878 177
879 202
880 57
881 259
882 174
883 179
884 192
885 197
886 235
887 193
888 224
889 154
890 210
891 192
892 134
893 166
894 212
895 168
896 144
897 209
898 229
899 227
900 175
901 160
902 203
903 245
904 162
905 280
906 259
907 216
908 133
909 234
910 146
911 142
912 168
913 235
914 205
915 194
916 182
917 174
918 0
919 189
920 209
921 188
922 171
923 248
924 181
925 187
926 195
927 149
928 224
929 163
930 169
931 165
932 187
933 200
934 195
935 207
936 179
937 180
938 138
939 177
940 216
941 187
942 170
943 188
944 144
945 226
946 178
947 102
948 185
949 176
950 242
951 198
952 233
953 127
954 213
955 244
956 186
957 195
958 192
959 204
960 175
961 122
962 192
963 218
964 64
965 198
966 216
967 188
968 190
969 169
970 145
971 272
972 161
973 196
974 140
975 193
976 152
977 169
978 209
979 218
980 158
981 179
982 242
983 159
984 153
985 207
986 168
987 197
988 152
989 243
990 202
991 152
992 208
993 232
994 246
995 189
996 222
997 215
998 169
999 185
1000 186
1001 204
1002 183
1003 192
1004 216
1005 153
1006 143
1007 190
1008 205
1009 165
1010 94
1011 170
1012 225
1013 200
1014 186
1015 188
1016 206
1017 228
1018 173
1019 224
1020 214
1021 213
1022 217
1023 155
1024 211
1025 148
1026 161
1027 133
1028 196
1029 210
1030 125
1031 149
1032 182
1033 170
1034 193
1035 243
1036 148
1037 186
1038 185
1039 192
1040 157
1041 230
1042 161
1043 254
1044 271
1045 181
1046 252
1047 135
1048 187
1049 120
1050 138
1051 175
1052 188
1053 200
1054 184
1055 174
1056 170
1057 219
1058 142
1059 242
1060 219
1061 182
1062 191
1063 154
1064 192
1065 113
1066 189
1067 130
1068 258
1069 216
1070 181
1071 91
1072 177
1073 143
1074 201
1075 166
1076 156
1077 201
1078 142
1079 190
1080 201
1081 192
1082 201
1083 157
1084 183
1085 202
1086 178
1087 255
1088 224
1089 0
1090 156
1091 146
1092 212
1093 130
1094 200
1095 216
1096 161
1097 195
1098 163
1099 230
1100 94
1101 204
1102 221
1103 187
1104 177
1105 153
1106 215
1107 217
1108 232
1109 206
1110 247
1111 227
1112 202
1113 207
1114 197
1115 104
1116 145
1117 188
1118 188
1119 217
1120 220
1121 149
1122 221
1123 215
1124 175
1125 196
1126 334
1127 258
1128 328
1129 182
1130 198
1131 179
1132 183
1133 211
1134 188
1135 196
1136 173
1137 301
1138 158
1139 179
1140 100
1141 105
1142 198
1143 139
1144 169
1145 231
1146 186
1147 126
1148 200
1149 226
1150 217
1151 186
1152 180
1153 223
1154 177
1155 211
1156 230
1157 164
1158 153
1159 141
1160 176
1161 160
1162 145
1163 185
1164 177
1165 217
1166 186
1167 207
1168 154
1169 217
1170 57
1171 155
1172 160
1173 186
1174 204
1175 159
1176 163
1177 177
1178 191
1179 237
1180 229
1181 201
1182 188
1183 165
1184 196
1185 195
1186 232
1187 222
1188 191
1189 238
1190 191
1191 172
1192 152
1193 60
1194 137
1195 261
1196 156
1197 222
1198 163
1199 203
1200 185
1201 200
1202 107
1203 267
1204 154
1205 194
1206 183
1207 193
1208 162
1209 160
1210 190
1211 155
1212 199
1213 186
1214 126
1215 208
1216 222
1217 224
1218 147
1219 211
1220 214
1221 165
1222 201
1223 159
1224 184
1225 172
1226 163
1227 242
1228 196
1229 129
1230 188
1231 125
1232 203
1233 165
1234 156
1235 191
1236 167
1237 184
1238 178
1239 224
1240 105
1241 172
1242 182
1243 219
1244 123
1245 163
1246 199
1247 319
1248 198
1249 185
1250 200
1251 196
1252 172
1253 235
1254 219
1255 216
1256 233
1257 167
1258 198
1259 240
1260 181
1261 150
1262 282
1263 203
1264 201
1265 211
1266 163
1267 206
1268 201
1269 140
1270 230
1271 155
1272 196
1273 205
1274 192
1275 245
1276 209
1277 101
1278 217
1279 204
1280 262
1281 211
1282 167
1283 178
1284 0
1285 169
1286 215
1287 224
1288 220
1289 162
1290 228
1291 202
1292 141
1293 186
1294 225
1295 65
1296 230
1297 251
1298 198
1299 165
1300 180
1301 213
1302 185
1303 176
1304 192
1305 140
1306 145
1307 169
1308 208
1309 201
1310 161
1311 163
1312 212
1313 216
1314 207
1315 209
1316 151
1317 226
1318 199
1319 152
1320 203
1321 274
1322 118
1323 171
1324 179
1325 190
1326 174
1327 138
1328 228
1329 197
1330 210
1331 175
1332 188
1333 202
1334 223
1335 119
1336 175
1337 166
1338 123
1339 164
1340 230
1341 157
1342 104
1343 214
1344 183
1345 213
1346 223
1347 176
1348 156
1349 234
1350 193
1351 124
1352 105
1353 211
1354 226
1355 188
1356 146
1357 221
1358 194
1359 180
1360 172
1361 161
1362 175
1363 224
1364 210
1365 189
1366 204
1367 234
1368 191
1369 185
1370 205
1371 194
1372 205
1373 213
1374 157
1375 155
1376 192
1377 183
1378 211
1379 190
1380 228
1381 210
1382 204
1383 169
1384 223
1385 222
1386 169
1387 217
1388 217
1389 188
1390 184
1391 223
1392 178
1393 189
1394 205
1395 0
1396 150
1397 162
1398 228
1399 185
1400 199
1401 195
1402 185
1403 103
1404 122
1405 208
1406 171
1407 173
1408 200
1409 128
1410 158
1411 208
1412 191
1413 130
1414 208
1415 135
1416 188
1417 166
1418 190
1419 200
1420 155
1421 132
1422 165
1423 201
1424 163
1425 184
1426 172
1427 182
1428 135
1429 197
1430 229
1431 169
1432 323
1433 178
1434 173
1435 143
1436 169
1437 146
1438 232
1439 210
1440 253
1441 188
1442 141
1443 117
1444 163
1445 284
1446 168
1447 185
1448 149
1449 202
1450 126
1451 180
1452 163
1453 112
1454 167
1455 165
1456 222
1457 225
1458 140
1459 220
1460 147
1461 164
1462 161
1463 241
1464 0
1465 159
1466 194
1467 193
1468 288
1469 183
1470 204
1471 246
1472 251
1473 224
1474 206
1475 228
1476 202
1477 208
1478 162
1479 192
1480 159
1481 232
1482 124
1483 236
1484 172
1485 275
1486 229
1487 189
1488 165
1489 226
1490 169
1491 222
1492 202
1493 191
1494 145
1495 181
1496 149
1497 137
1498 177
1499 153
1500 180
1501 180
1502 138
1503 161
1504 141
1505 128
1506 235
1507 207
1508 153
1509 127
1510 166
1511 181
1512 186
1513 175
1514 160
1515 244
1516 201
1517 232
1518 133
1519 233
1520 217
1521 187
1522 215
1523 155
1524 208
1525 224
1526 192
1527 242
1528 209
1529 264
1530 122
1531 167
1532 199
1533 193
1534 157
1535 169
1536 186
1537 166
1538 204
1539 143
1540 151
1541 0
1542 157
1543 150
1544 222
1545 171
1546 250
1547 173
1548 213
1549 229
1550 211
1551 123
1552 187
1553 173
1554 188
1555 158
1556 161
1557 193
1558 192
1559 142
1560 230
1561 144
1562 231
1563 228
1564 178
1565 199
1566 150
1567 258
1568 199
1569 183
1570 204
1571 161
1572 200
1573 196
1574 103
1575 260
1576 248
1577 205
1578 161
1579 158
1580 252
1581 221
1582 220
1583 157
1584 190
1585 186
1586 191
1587 164
1588 147
1589 120
1590 189
1591 152
1592 85
1593 170
1594 171
1595 216
1596 203
1597 189
1598 180
1599 207
1600 138
1601 175
1602 121
1603 163
1604 279
1605 141
1606 173
1607 168
1608 224
1609 185
1610 181
1611 225
1612 221
1613 221
1614 206
1615 166
1616 189
1617 243
1618 198
1619 195
1620 112
1621 161
1622 194
1623 246
1624 122
1625 185
1626 143
1627 175
1628 198
1629 236
1630 213
1631 189
1632 192
1633 213
1634 197
1635 184
1636 104
1637 196
1638 192
1639 183
1640 148
1641 147
1642 135
1643 181
1644 177
1645 173
1646 162
1647 153
1648 181
1649 119
1650 163
1651 171
1652 245
1653 227
1654 151
1655 211
1656 193
1657 222
1658 167
1659 205
1660 202
1661 200
1662 207
1663 124
1664 179
1665 193
1666 191
1667 165
1668 192
1669 205
1670 196
1671 131
1672 108
1673 282
1674 215
1675 207
1676 234
1677 168
1678 169
1679 209
1680 194
1681 185
1682 220
1683 197
1684 160
1685 206
1686 170
1687 164
1688 145
1689 257
1690 169
1691 211
1692 229
1693 219
1694 129
1695 213
1696 189
1697 203
1698 172
1699 201
1700 175
1701 183
1702 217
1703 200
1704 179
1705 241
1706 207
1707 201
1708 189
1709 274
1710 172
1711 225
1712 227
1713 187
1714 235
1715 129
1716 227
1717 222
1718 169
1719 237
1720 204
1721 147
1722 218
1723 186
1724 187
1725 182
1726 116
1727 135
1728 209
1729 218
1730 228
1731 178
1732 218
1733 192
1734 152
1735 203
1736 216
1737 173
1738 185
1739 171
1740 215
1741 249
1742 218
1743 164
1744 167
1745 186
1746 246
1747 171
1748 244
1749 194
1750 311
1751 185
1752 243
1753 220
1754 169
1755 129
1756 241
1757 236
1758 219
1759 175
1760 232
1761 173
1762 110
1763 174
1764 197
1765 195
1766 196
1767 228
1768 206
1769 189
1770 217
1771 204
1772 183
1773 181
1774 234
1775 184
1776 224
1777 227
1778 245
1779 189
1780 166
1781 176
1782 213
1783 190
1784 200
1785 159
1786 194
1787 119
1788 279
1789 182
1790 110
1791 183
1792 204
1793 152
1794 244
1795 123
1796 179
1797 190
1798 136
1799 208
1800 196
1801 193
1802 184
1803 167
1804 201
1805 194
1806 225
1807 158
1808 139
1809 143
1810 156
1811 194
1812 179
1813 186
1814 155
1815 230
1816 224
1817 159
1818 220
1819 174
1820 251
1821 235
1822 192
1823 190
1824 186
1825 195
1826 207
1827 256
1828 216
1829 204
1830 188
1831 282
1832 205
1833 199
1834 187
1835 188
1836 152
1837 210
1838 242
1839 195
1840 185
1841 222
1842 108
1843 197
1844 148
1845 184
1846 153
1847 199
1848 191
1849 180
1850 186
1851 203
1852 144
1853 196
1854 156
1855 179
1856 233
1857 215
1858 213
1859 169
1860 279
1861 214
1862 190
1863 174
1864 211
1865 165
1866 153
1867 232
1868 189
1869 133
1870 117
1871 199
1872 163
1873 245
1874 145
1875 212
1876 0
1877 125
1878 168
1879 135
1880 217
1881 137
1882 269
1883 201
1884 199
1885 172
1886 209
1887 179
1888 139
1889 147
1890 201
1891 161
1892 193
1893 179
1894 193
1895 219
1896 160
1897 185
1898 227
1899 171
1900 166
1901 142
1902 134
1903 170
1904 211
1905 149
1906 192
1907 214
1908 126
1909 160
1910 150
1911 127
1912 160
1913 171
1914 206
1915 157
1916 188
1917 161
1918 174
1919 184
1920 183
1921 196
1922 193
1923 86
1924 202
1925 149
1926 211
1927 171
1928 213
1929 181
1930 191
1931 183
1932 270
1933 218
1934 256
1935 181
1936 181
1937 207
1938 194
1939 226
1940 161
1941 165
1942 198
1943 147
1944 162
1945 227
1946 278
1947 174
1948 163
1949 202
1950 173
1951 115
1952 200
1953 184
1954 190
1955 175
1956 195
1957 165
1958 242
1959 210
1960 128
1961 192
1962 228
1963 199
1964 146
1965 222
1966 209
1967 192
1968 178
1969 154
1970 183
1971 120
1972 166
1973 224
1974 193
1975 100
1976 155
1977 210
1978 175
1979 127
1980 187
1981 158
1982 216
1983 186
1984 118
1985 216
1986 155
1987 246
1988 194
1989 196
1990 127
1991 143
1992 223
1993 211
1994 146
1995 245
1996 218
1997 156
1998 303
1999 290
2000 170
2001 209
2002 130
2003 218
2004 199
2005 215
2006 169
2007 168
2008 170
2009 175
2010 110
2011 215
2012 178
2013 219
2014 159
2015 184
2016 0
2017 186
2018 155
2019 204
2020 193
2021 169
2022 239
2023 156
2024 196
2025 158
2026 202
2027 207
2028 207
2029 184
2030 210
2031 166
2032 143
2033 174
2034 164
2035 219
2036 187
2037 102
2038 180
2039 226
2040 300
2041 153
2042 212
2043 197
2044 203
2045 150
2046 194
2047 194
2048 165
2049 204
2050 186
2051 210
2052 119
2053 195
2054 196
2055 139
2056 183
2057 232
2058 211
2059 186
2060 149
2061 227
2062 195
2063 153
2064 187
2065 133
2066 181
2067 235
2068 194
2069 155
2070 256
2071 170
2072 194
2073 145
2074 209
2075 205
2076 257
2077 182
2078 196
2079 249
2080 233
2081 190
2082 193
2083 150
2084 181
2085 170
2086 148
2087 154
2088 182
2089 141
2090 253
2091 203
2092 208
2093 139
2094 140
2095 221
2096 209
2097 204
2098 178
2099 229
2100 231
2101 195
2102 195
2103 185
2104 220
2105 176
2106 214
2107 205
2108 144
2109 69
2110 178
2111 177
2112 186
2113 238
2114 135
2115 185
2116 167
2117 118
2118 238
2119 228
2120 143
2121 205
2122 97
2123 176
2124 151
2125 193
2126 182
2127 195
2128 189
2129 192
2130 173
2131 182
2132 188
2133 162
2134 127
2135 145
2136 95
2137 198
2138 135
2139 149
2140 269
2141 163
2142 211
2143 156
2144 220
2145 113
2146 199
2147 181
2148 203
2149 133
2150 150
2151 216
2152 168
2153 228
2154 191
2155 201
2156 215
2157 201
2158 236
2159 114
2160 187
2161 203
2162 245
2163 183
2164 183
2165 217
2166 192
2167 236
2168 222
2169 178
2170 222
2171 218
2172 201
2173 135
2174 225
2175 166
2176 183
2177 324
2178 208
2179 218
2180 184
2181 257
2182 203
2183 194
2184 167
2185 208
2186 167
2187 172
2188 124
2189 181
2190 239
2191 200
2192 247
2193 194
2194 144
2195 212
2196 213
2197 181
2198 206
2199 259
2200 253
2201 199
2202 196
2203 210
2204 237
2205 261
2206 176
2207 245
2208 216
2209 185
2210 119
2211 241
2212 158
2213 224
2214 183
2215 166
2216 229
2217 179
2218 181
2219 202
2220 207
2221 190
2222 201
2223 333
2224 217
2225 174
2226 204
2227 191
2228 207
2229 213
2230 212
2231 196
2232 207
2233 137
2234 206
2235 175
2236 179
2237 184
2238 173
2239 159
2240 202
2241 177
2242 242
2243 200
2244 158
2245 214
2246 148
2247 185
2248 159
2249 173
2250 163
2251 162
2252 197
2253 202
2254 215
2255 137
2256 138
2257 187
2258 142
2259 131
2260 134
2261 207
2262 158
2263 0
2264 249
2265 199
2266 188
2267 166
2268 172
2269 160
2270 230
2271 229
2272 206
2273 177
2274 203
2275 151
2276 154
2277 150
2278 108
2279 217
2280 205
2281 220
2282 125
2283 203
2284 180
2285 116
2286 188
2287 197
2288 240
2289 160
2290 146
2291 202
2292 190
2293 186
2294 185
2295 210
2296 292
2297 202
2298 162
2299 127
2300 135
2301 204
2302 174
2303 169
2304 183
2305 234
2306 180
2307 131
2308 214
2309 186
2310 216
2311 211
2312 194
2313 199
2314 178
2315 131
2316 203
2317 216
2318 149
2319 229
2320 217
2321 184
2322 155
2323 191
2324 226
2325 189
2326 207
2327 189
2328 207
2329 223
2330 176
2331 180
2332 174
2333 304
2334 204
2335 201
2336 179
2337 224
2338 171
2339 152
2340 233
2341 205
2342 186
2343 116
2344 187
2345 155
2346 164
2347 163
2348 199
2349 142
2350 197
2351 165
2352 172
2353 221
2354 187
2355 160
2356 140
2357 207
2358 170
2359 251
2360 118
2361 144
2362 261
2363 181
2364 267
2365 133
2366 130
2367 151
2368 234
2369 188
2370 180
2371 209
2372 178
2373 81
2374 150
2375 224
2376 251
2377 198
2378 218
2379 195
2380 209
2381 214
2382 215
2383 236
2384 274
2385 159
2386 166
2387 188
2388 205
2389 266
2390 164
2391 150
2392 35
2393 206
2394 155
2395 173
2396 224
2397 249
2398 204
2399 250
2400 180
2401 233
2402 142
2403 121
2404 143
2405 181
2406 201
2407 192
2408 183
2409 198
2410 205
2411 281
2412 219
2413 151
2414 118
2415 242
2416 144
2417 178
2418 223
2419 205
2420 180
2421 132
2422 195
2423 189
2424 206
2425 199
2426 163
2427 195
2428 299
2429 175
2430 184
2431 197
2432 174
2433 143
2434 223
2435 232
2436 0
2437 132
2438 169
2439 186
2440 170
2441 269
2442 198
2443 232
2444 204
2445 193
2446 174
2447 207
2448 197
2449 208
2450 200
2451 170
2452 179
2453 227
2454 177
2455 173
2456 158
2457 210
2458 195
2459 202
2460 185
2461 172
2462 169
2463 142
2464 251
2465 179
2466 182
2467 161
2468 204
2469 189
2470 206
2471 197
2472 181
2473 198
2474 198
2475 191
2476 171
2477 200
2478 238
2479 229
2480 207
2481 159
2482 134
2483 177
2484 185
2485 172
2486 174
2487 175
2488 184
2489 202
2490 195
2491 210
2492 158
2493 141
2494 188
2495 245
2496 220
2497 194
2498 137
2499 166
2500 167
2501 179
2502 180
2503 184
2504 220
2505 221
2506 201
2507 216
2508 164
2509 175
2510 199
2511 180
2512 204
2513 229
2514 180
2515 179
2516 173
2517 196
2518 204
2519 176
2520 218
2521 190
2522 213
2523 126
2524 125
2525 231
2526 219
2527 233
2528 159
2529 265
2530 168
2531 156
2532 166
2533 220
2534 153
2535 152
2536 216
2537 222
2538 243
2539 169
2540 275
2541 231
2542 188
2543 171
2544 181
2545 198
2546 152
2547 105
2548 200
2549 163
2550 147
2551 207
2552 233
2553 277
2554 161
2555 247
2556 253
2557 177
2558 174
2559 175
2560 196
2561 218
2562 206
2563 198
2564 0
2565 269
2566 231
2567 137
2568 199
2569 201
2570 193
2571 202
2572 176
2573 161
2574 251
2575 171
2576 206
2577 182
2578 201
2579 201
2580 183
2581 216
2582 27
2583 151
2584 255
2585 217
2586 180
2587 162
2588 197
2589 192
2590 189
2591 195
2592 245
2593 176
2594 224
2595 206
2596 200
2597 182
2598 139
2599 157
2600 157
2601 204
2602 0
2603 177
2604 180
2605 218
2606 213
2607 157
2608 187
2609 216
2610 205
2611 251
2612 182
2613 165
2614 202
2615 150
2616 166
2617 180
2618 261
2619 142
2620 220
2621 185
2622 150
2623 180
2624 230
2625 170
2626 249
2627 213
2628 137
2629 195
2630 162
2631 189
2632 168
2633 233
2634 261
2635 208
2636 187
2637 180
2638 209
2639 138
2640 146
2641 287
2642 182
2643 220
2644 184
2645 104
2646 242
2647 198
2648 194
2649 156
2650 244
2651 214
2652 122
2653 187
2654 272
2655 214
2656 245
2657 211
2658 126
2659 233
2660 205
2661 179
2662 224
2663 192
2664 256
2665 152
2666 135
2667 208
2668 164
2669 189
2670 223
2671 211
2672 166
2673 224
2674 243
2675 163
2676 168
2677 289
2678 230
2679 227
2680 241
2681 200
2682 137
2683 159
2684 131
2685 137
2686 177
2687 199
2688 221
2689 218
2690 184
2691 193
2692 176
2693 194
2694 165
2695 192
2696 178
2697 232
2698 164
2699 218
2700 193
2701 263
2702 164
2703 114
2704 179
2705 195
2706 225
2707 169
2708 234
2709 171
2710 157
2711 184
2712 193
2713 202
2714 339
2715 242
2716 207
2717 226
2718 257
2719 193
2720 213
2721 185
2722 137
2723 161
2724 189
2725 326
2726 185
2727 211
2728 232
2729 174
2730 234
2731 178
2732 138
2733 186
2734 175
2735 213
2736 216
2737 202
2738 207
2739 156
2740 169
2741 183
2742 187
2743 166
2744 233
2745 169
2746 242
2747 242
2748 170
2749 218
2750 162
2751 150
2752 175
2753 213
2754 153
2755 202
2756 145
2757 258
2758 156
2759 128
2760 151
2761 228
2762 255
2763 207
2764 210
2765 155
2766 185
2767 189
2768 175
2769 179
2770 185
2771 69
2772 265
2773 203
2774 145
2775 194
2776 174
2777 123
2778 219
2779 169
2780 207
2781 293
2782 195
2783 192
2784 217
2785 226
2786 194
2787 126
2788 192
2789 192
2790 191
2791 193
2792 195
2793 186
2794 212
2795 215
2796 141
2797 235
2798 301
2799 231
2800 152
2801 235
2802 196
2803 193
2804 141
2805 120
2806 129
2807 179
2808 218
2809 241
2810 179
2811 206
2812 176
2813 185
2814 152
2815 201
2816 213
2817 176
2818 188
2819 218
2820 234
2821 187
2822 197
2823 255
2824 175
2825 188
2826 228
2827 66
2828 215
2829 167
2830 238
2831 191
2832 114
2833 189
2834 228
2835 199
2836 153
2837 157
2838 180
2839 153
2840 167
2841 181
2842 198
2843 172
2844 157
2845 198
2846 194
2847 171
2848 169
2849 167
2850 165
2851 194
2852 184
2853 205
2854 144
2855 97
2856 231
2857 156
2858 201
2859 115
2860 172
2861 172
2862 101
2863 197
2864 156
2865 212
2866 191
2867 132
2868 225
2869 180
2870 164
2871 220
2872 254
2873 228
2874 190
2875 161
2876 221
2877 171
2878 172
2879 164
2880 164
2881 160
2882 200
2883 187
2884 315
2885 79
2886 182
2887 189
2888 208
2889 238
2890 161
2891 197
2892 184
2893 136
2894 197
2895 236
2896 185
2897 212
2898 216
2899 196
2900 187
2901 240
2902 150
2903 203
2904 230
2905 176
2906 146
2907 229
2908 188
2909 170
2910 135
2911 209
2912 224
2913 245
2914 252
2915 243
2916 242
2917 134
2918 188
2919 230
2920 198
2921 182
2922 223
2923 156
2924 197
2925 152
2926 188
2927 140
2928 135
2929 173
2930 174
2931 159
2932 180
2933 229
2934 159
2935 186
2936 222
2937 262
2938 131
2939 211
2940 95
2941 231
2942 177
2943 153
2944 173
2945 151
2946 156
2947 134
2948 160
2949 169
2950 250
2951 168
2952 212
2953 212
2954 143
2955 211
2956 217
2957 200
2958 183
2959 164
2960 199
2961 196
2962 180
2963 228
2964 202
2965 228
2966 96
2967 200
2968 163
2969 204
2970 0
2971 219
2972 200
2973 118
2974 176
2975 182
2976 172
2977 144
2978 149
2979 135
2980 193
2981 174
2982 181
2983 179
2984 225
2985 181
2986 160
2987 185
2988 170
2989 196
2990 185
2991 163
2992 89
2993 219
2994 154
2995 208
2996 144
2997 212
2998 193
2999 211
3000 271
3001 284
3002 230
3003 187
3004 216
3005 162
3006 170
3007 158
3008 183
3009 221
3010 124
3011 236
3012 176
3013 173
3014 207
3015 135
3016 211
3017 196
3018 259
3019 164
3020 172
3021 144
3022 171
3023 213
3024 170
3025 190
3026 226
3027 183
3028 151
3029 215
3030 163
3031 181
3032 185
3033 172
3034 182
3035 155
3036 206
3037 180
3038 168
3039 143
3040 173
3041 212
3042 163
3043 154
3044 173
3045 264
3046 233
3047 180
3048 176
3049 182
3050 206
3051 228
3052 184
3053 194
3054 164
3055 205
3056 274
3057 133
3058 221
3059 106
3060 213
3061 202
3062 196
3063 226
3064 164
3065 173
3066 252
3067 203
3068 218
3069 233
3070 197
3071 221
3072 172
3073 164
3074 207
3075 176
3076 161
3077 234
3078 192
3079 224
3080 168
3081 105
3082 228
3083 268
3084 231
3085 202
3086 180
3087 176
3088 163
3089 182
3090 0
3091 128
3092 177
3093 158
3094 236
3095 122
3096 212
3097 252
3098 213
3099 186
3100 119
3101 199
3102 120
3103 176
3104 194
3105 205
3106 198
3107 233
3108 153
3109 168
3110 216
3111 104
3112 162
3113 222
3114 226
3115 192
3116 184
3117 233
3118 174
3119 169
3120 180
3121 158
3122 173
3123 167
3124 180
3125 197
3126 181
3127 201
3128 169
3129 212
3130 204
3131 204
3132 204
3133 178
3134 199
3135 175
3136 110
3137 221
3138 146
3139 105
3140 195
3141 173
3142 0
3143 214
3144 183
3145 196
3146 244
3147 195
3148 199
3149 148
3150 145
3151 189
3152 147
3153 196
3154 201
3155 182
3156 122
3157 158
3158 151
3159 144
3160 228
3161 206
3162 140
3163 217
3164 176
3165 211
3166 154
3167 186
3168 173
3169 208
3170 223
3171 198
3172 178
3173 147
3174 222
3175 163
3176 175
3177 212
3178 217
3179 167
3180 157
3181 186
3182 139
3183 158
3184 163
3185 186
3186 142
3187 185
3188 138
3189 242
3190 109
3191 223
3192 208
3193 168
3194 173
3195 208
3196 162
3197 75
3198 198
3199 188
3200 201
3201 199
3202 206
3203 163
3204 153
3205 162
3206 177
3207 193
3208 213
3209 132
3210 186
3211 134
3212 199
3213 201
3214 280
3215 235
3216 129
3217 203
3218 123
3219 198
3220 190
3221 190
3222 213
3223 197
3224 178
3225 196
3226 157
3227 190
3228 175
3229 188
3230 173
3231 174
3232 207
3233 182
3234 216
3235 210
3236 0
3237 162
3238 178
3239 215
3240 216
3241 210
3242 91
3243 122
3244 178
3245 186
3246 187
3247 195
3248 103
3249 154
3250 159
3251 147
3252 126
3253 243
3254 191
3255 92
3256 186
3257 157
3258 210
3259 167
3260 219
3261 156
3262 152
3263 193
3264 248
3265 212
3266 186
3267 261
3268 204
3269 196
3270 260
3271 178
3272 202
3273 179
3274 263
3275 175
3276 240
3277 181
3278 177
3279 200
3280 182
3281 101
3282 161
3283 184
3284 246
3285 217
3286 176
3287 207
3288 157
3289 109
3290 201
3291 195
3292 215
3293 199
3294 244
3295 221
3296 115
3297 157
3298 198
3299 167
3300 177
3301 201
3302 235
3303 209
3304 204
3305 186
3306 221
3307 143
3308 148
3309 188
3310 226
3311 148
3312 77
3313 235
3314 218
3315 149
3316 182
3317 170
3318 178
3319 195
3320 161
3321 107
3322 186
3323 174
3324 215
3325 185
3326 199
3327 203
3328 200
3329 194
3330 196
3331 225
3332 238
3333 151
3334 137
3335 121
3336 207
3337 217
3338 95
3339 191
3340 217
3341 223
3342 161
3343 261
3344 135
3345 199
3346 235
3347 205
3348 178
3349 197
3350 190
3351 185
3352 188
3353 236
3354 219
3355 211
3356 199
3357 192
3358 205
3359 157
3360 180
3361 217
3362 214
3363 91
3364 197
3365 185
3366 257
3367 167
3368 170
3369 259
3370 173
3371 194
3372 134
3373 216
3374 204
3375 189
3376 273
3377 194
3378 0
3379 200
3380 131
3381 204
3382 160
3383 175
3384 223
3385 151
3386 134
3387 195
3388 238
3389 212
3390 198
3391 179
3392 164
3393 165
3394 217
3395 237
3396 247
3397 160
3398 173
3399 174
3400 163
3401 183
3402 200
3403 179
3404 291
3405 148
3406 215
3407 195
3408 261
3409 171
3410 215
3411 164
3412 0
3413 105
3414 181
3415 204
3416 208
3417 185
3418 227
3419 209
3420 153
3421 190
3422 221
3423 128
3424 202
3425 250
3426 180
3427 153
3428 150
3429 145
3430 190
3431 164
3432 223
3433 191
3434 177
3435 157
3436 208
3437 169
3438 168
3439 154
3440 169
3441 157
3442 208
3443 157
3444 123
3445 137
3446 178
3447 207
3448 209
3449 173
3450 159
3451 162
3452 203
3453 116
3454 207
3455 171
3456 173
3457 179
3458 185
3459 213
3460 196
3461 176
3462 219
3463 242
3464 152
3465 230
3466 210
3467 211
3468 115
3469 189
3470 238
3471 227
3472 155
3473 209
3474 206
3475 157
3476 214
3477 141
3478 212
3479 194
3480 231
3481 159
3482 221
3483 189
3484 156
3485 0
3486 216
3487 183
3488 231
3489 239
3490 0
3491 205
3492 177
3493 195
3494 168
3495 184
3496 217
3497 164
3498 188
3499 232
3500 183
3501 203
3502 190
3503 199
3504 175
3505 206
3506 240
3507 141
3508 264
3509 165
3510 202
3511 187
3512 202
3513 197
3514 242
3515 191
3516 224
3517 308
3518 158
3519 210
3520 221
3521 165
3522 195
3523 222
3524 229
3525 202
3526 237
3527 205
3528 180
3529 192
3530 189
3531 208
3532 208
3533 179
3534 166
3535 144
3536 170
3537 147
3538 179
3539 162
3540 297
3541 137
3542 175
3543 227
3544 244
3545 190
3546 167
3547 151
3548 229
3549 190
3550 183
3551 162
3552 186
3553 148
3554 198
3555 200
3556 111
3557 162
3558 234
3559 136
3560 113
3561 213
3562 211
3563 250
3564 132
3565 151
3566 172
3567 164
3568 161
3569 167
3570 168
3571 194
3572 258
3573 130
3574 133
3575 95
3576 172
3577 181
3578 147
3579 180
3580 221
3581 134
3582 146
3583 171
3584 185
3585 171
3586 162
3587 209
3588 183
3589 196
3590 188
3591 169
3592 204
3593 178
3594 1
3595 198
3596 101
3597 197
3598 157
3599 193
3600 236
3601 161
3602 207
3603 166
3604 258
3605 115
3606 238
3607 146
3608 230
3609 194
3610 117
3611 270
3612 232
3613 197
3614 174
3615 129
3616 204
3617 239
3618 191
3619 202
3620 168
3621 261
3622 248
3623 204
3624 212
3625 202
3626 158
3627 214
3628 154
3629 212
3630 171
3631 146
3632 158
3633 172
3634 179
3635 195
3636 206
3637 206
3638 187
3639 284
3640 216
3641 180
3642 193
3643 159
3644 181
3645 149
3646 221
3647 203
3648 199
3649 216
3650 183
3651 155
3652 189
3653 165
3654 148
3655 206
3656 242
3657 161
3658 152
3659 190
3660 149
3661 230
3662 138
3663 178
3664 239
3665 182
3666 149
3667 213
3668 190
3669 194
3670 208
3671 210
3672 223
3673 211
3674 134
3675 130
3676 82
3677 147
3678 134
3679 210
3680 190
3681 160
3682 209
3683 181
3684 131
3685 201
3686 132
3687 225
3688 200
3689 258
3690 168
3691 210
3692 182
3693 206
3694 152
3695 208
3696 214
3697 217
3698 243
3699 253
3700 160
3701 180
3702 183
3703 128
3704 209
3705 164
3706 250
3707 179
3708 265
3709 154
3710 207
3711 202
3712 160
3713 186
3714 220
3715 158
3716 168
3717 153
3718 179
3719 141
3720 171
3721 177
3722 159
3723 205
3724 200
3725 229
3726 202
3727 173
3728 155
3729 190
3730 191
3731 206
3732 197
3733 169
3734 230
3735 234
3736 206
3737 303
3738 147
3739 175
3740 232
3741 217
3742 178
3743 217
3744 178
3745 177
3746 198
3747 202
3748 185
3749 203
3750 156
3751 217
3752 161
3753 194
3754 203
3755 195
3756 202
3757 170
3758 272
3759 259
3760 196
3761 216
3762 195
3763 182
3764 169
3765 246
3766 165
3767 240
3768 196
3769 156
3770 184
3771 161
3772 160
3773 191
3774 173
3775 180
3776 248
3777 178
3778 137
3779 170
3780 200
3781 163
3782 195
3783 162
3784 181
3785 191
3786 223
3787 155
3788 211
3789 213
3790 209
3791 171
3792 211
3793 203
3794 152
3795 180
3796 178
3797 204
3798 181
3799 177
3800 113
3801 217
3802 228
3803 177
3804 210
3805 216
3806 187
3807 218
3808 134
3809 200
3810 140
3811 165
3812 220
3813 218
3814 226
3815 133
3816 225
3817 199
3818 169
3819 131
3820 165
3821 188
3822 190
3823 198
3824 214
3825 200
3826 177
3827 200
3828 188
3829 187
3830 139
3831 175
3832 194
3833 220
3834 198
3835 159
3836 234
3837 160
3838 174
3839 180
3840 174
3841 174
3842 163
3843 178
3844 204
3845 155
3846 214
3847 191
3848 199
3849 162
3850 210
3851 238
3852 196
3853 160
3854 212
3855 0
3856 170
3857 189
3858 208
3859 111
3860 159
3861 126
3862 175
3863 140
3864 166
3865 282
3866 141
3867 208
3868 186
3869 184
3870 212
3871 199
3872 234
3873 200
3874 177
3875 140
3876 184
3877 247
3878 192
3879 205
3880 173
3881 169
3882 256
3883 164
3884 256
3885 185
3886 220
3887 236
3888 242
3889 213
3890 148
3891 131
3892 149
3893 136
3894 142
3895 219
3896 168
3897 209
3898 185
3899 201
3900 190
3901 196
3902 183
3903 183
3904 209
3905 185
3906 139
3907 230
3908 265
3909 220
3910 154
3911 243
3912 271
3913 233
3914 174
3915 182
3916 108
3917 198
3918 190
3919 217
3920 186
3921 196
3922 171
3923 188
3924 226
3925 97
3926 192
3927 221
3928 185
3929 121
3930 183
3931 224
3932 179
3933 185
3934 168
3935 148
3936 172
3937 214
3938 195
3939 172
3940 140
3941 195
3942 199
3943 171
3944 220
3945 213
3946 263
3947 0
3948 216
3949 249
3950 185
3951 212
3952 225
3953 228
3954 214
3955 138
3956 183
3957 192
3958 172
3959 229
3960 102
3961 99
3962 123
3963 161
3964 199
3965 208
3966 224
3967 212
3968 193
3969 148
3970 238
3971 190
3972 76
3973 181
3974 203
3975 270
3976 195
3977 130
3978 148
3979 254
3980 179
3981 227
3982 148
3983 206
3984 173
3985 147
3986 188
3987 108
3988 210
3989 162
3990 152
3991 201
3992 208
3993 163
3994 199
3995 228
3996 243
3997 203
3998 200
3999 203
4000 178
4001 186
4002 186
4003 194
4004 183
4005 234
4006 142
4007 232
4008 198
4009 110
4010 274
4011 185
4012 202
4013 47
4014 163
4015 163
4016 208
4017 170
4018 165
4019 197
4020 214
4021 163
4022 157
4023 159
4024 235
4025 189
4026 220
4027 221
4028 171
4029 123
4030 208
4031 269
4032 175
4033 123
4034 163
4035 140
4036 194
4037 187
4038 154
4039 213
4040 92
4041 137
4042 239
4043 201
4044 180
4045 166
4046 212
4047 219
4048 296
4049 149
4050 220
4051 211
4052 205
4053 190
4054 219
4055 215
4056 242
4057 208
4058 213
4059 221
4060 226
4061 210
4062 149
4063 213
4064 287
4065 162
4066 185
4067 207
4068 198
4069 170
4070 195
4071 235
4072 237
4073 147
4074 221
4075 122
4076 164
4077 165
4078 164
4079 308
4080 191
4081 187
4082 209
4083 168
4084 199
4085 175
4086 230
4087 204
4088 211
4089 238
4090 207
4091 215
4092 204
4093 118
4094 192
4095 283
4096 121
4097 226
4098 190
4099 0
4100 141
4101 198
4102 219
4103 187
4104 202
4105 240
4106 201
4107 167
4108 315
4109 191
4110 215
4111 206
4112 196
4113 146
4114 217
4115 175
4116 141
4117 232
4118 139
4119 229
4120 231
4121 130
4122 199
4123 153
4124 171
4125 215
4126 217
4127 194
4128 227
4129 215
4130 237
4131 221
4132 257
4133 229
4134 145
4135 173
4136 154
4137 194
4138 134
4139 180
4140 209
4141 204
4142 154
4143 147
4144 188
4145 147
4146 149
4147 139
4148 235
4149 227
4150 218
4151 178
4152 196
4153 240
4154 145
4155 249
4156 181
4157 91
4158 152
4159 215
4160 139
4161 189
4162 141
4163 132
4164 134
4165 217
4166 204
4167 257
4168 190
4169 242
4170 215
4171 188
4172 170
4173 192
4174 162
4175 235
4176 180
4177 207
4178 149
4179 171
4180 181
4181 191
4182 216
4183 211
4184 121
4185 85
4186 213
4187 176
4188 160
4189 199
4190 174
4191 205
4192 232
4193 61
4194 213
4195 156
4196 200
4197 195
4198 148
4199 171
4200 187
4201 261
4202 180
4203 156
4204 190
4205 224
4206 203
4207 234
4208 211
4209 162
4210 215
4211 159
4212 175
4213 162
4214 184
4215 192
4216 184
4217 187
4218 288
4219 187
4220 79
4221 256
4222 223
4223 0
4224 135
4225 177
4226 202
4227 218
4228 189
4229 243
4230 92
4231 197
4232 205
4233 163
4234 220
4235 213
4236 206
4237 231
4238 263
4239 213
4240 159
4241 213
4242 186
4243 169
4244 227
4245 214
4246 187
4247 155
4248 187
4249 182
4250 175
4251 164
4252 200
4253 140
4254 126
4255 143
4256 135
4257 197
4258 219
4259 122
4260 159
4261 213
4262 258
4263 207
4264 249
4265 187
4266 131
4267 284
4268 231
4269 171
4270 204
4271 176
4272 194
4273 146
4274 183
4275 106
4276 177
4277 146
4278 178
4279 211
4280 176
4281 160
4282 188
4283 237
4284 108
4285 114
4286 126
4287 180
4288 221
4289 217
4290 183
4291 122
4292 216
4293 185
4294 143
4295 139
4296 153
4297 203
4298 190
4299 228
4300 216
4301 215
4302 187
4303 200
4304 185
4305 156
4306 182
4307 59
4308 222
4309 162
4310 216
4311 128
4312 178
4313 233
4314 226
4315 204
4316 137
4317 233
4318 166
4319 186
4320 172
4321 243
4322 167
4323 224
4324 223
4325 179
4326 159
4327 194
4328 203
4329 230
4330 196
4331 157
4332 202
4333 262
4334 167
4335 162
4336 203
4337 210
4338 250
4339 117
4340 201
4341 172
4342 111
4343 233
4344 49
4345 221
4346 260
4347 171
4348 281
4349 232
4350 163
4351 194
4352 140
4353 210
4354 200
4355 158
4356 212
4357 174
4358 264
4359 219
4360 225
4361 237
4362 181
4363 228
4364 188
4365 178
4366 190
4367 202
4368 191
4369 132
4370 213
4371 186
4372 232
4373 243
4374 228
4375 209
4376 206
4377 205
4378 238
4379 223
4380 210
4381 199
4382 167
4383 172
4384 220
4385 196
4386 188
4387 221
4388 159
4389 206
4390 189
4391 176
4392 206
4393 170
4394 168
4395 277
4396 260
4397 189
4398 184
4399 193
4400 160
4401 228
4402 255
4403 232
4404 182
4405 154
4406 205
4407 197
4408 196
4409 110
4410 201
4411 193
4412 218
4413 181
4414 203
4415 154
4416 212
4417 131
4418 189
4419 179
4420 185
4421 206
4422 134
4423 184
4424 182
4425 192
4426 147
4427 210
4428 185
4429 164
4430 244
4431 221
4432 192
4433 188
4434 160
4435 132
4436 178
4437 165
4438 165
4439 179
4440 192
4441 223
4442 110
4443 199
4444 177
4445 183
4446 236
4447 159
4448 233
4449 171
4450 274
4451 157
4452 197
4453 173
4454 165
4455 180
4456 115
4457 160
4458 200
4459 160
4460 191
4461 211
4462 198
4463 182
4464 182
4465 164
4466 163
4467 201
4468 166
4469 181
4470 243
4471 193
4472 165
4473 154
4474 174
4475 158
4476 175
4477 197
4478 254
4479 182
4480 157
4481 185
4482 126
4483 195
4484 198
4485 187
4486 144
4487 212
4488 179
4489 292
4490 211
4491 181
4492 219
4493 162
4494 197
4495 204
4496 226
4497 258
4498 212
4499 147
4500 197
4501 283
4502 234
4503 158
4504 179
4505 188
4506 104
4507 168
4508 176
4509 196
4510 281
4511 160
4512 201
4513 168
4514 179
4515 230
4516 204
4517 153
4518 173
4519 180
4520 149
4521 183
4522 209
4523 238
4524 151
4525 219
4526 151
4527 249
4528 175
4529 229
4530 160
4531 196
4532 177
4533 171
4534 171
4535 152
4536 222
4537 195
4538 140
4539 220
4540 134
4541 177
4542 208
4543 222
4544 163
4545 221
4546 187
4547 252
4548 195
4549 209
4550 193
4551 173
4552 193
4553 163
4554 211
4555 175
4556 307
4557 191
4558 177
4559 168
4560 207
4561 212
4562 209
4563 149
4564 137
4565 188
4566 265
4567 200
4568 171
4569 157
4570 233
4571 208
4572 234
4573 236
4574 161
4575 170
4576 168
4577 214
4578 200
4579 218
4580 172
4581 196
4582 199
4583 147
4584 220
4585 132
4586 176
4587 132
4588 182
4589 196
4590 150
4591 228
4592 152
4593 212
4594 222
4595 174
4596 104
4597 138
4598 188
4599 159
4600 211
4601 162
4602 211
4603 217
4604 194
4605 139
4606 222
4607 176
4608 180
4609 190
4610 149
4611 227
4612 178
4613 182
4614 191
4615 229
4616 220
4617 255
4618 240
4619 176
4620 216
4621 173
4622 190
4623 215
4624 200
4625 164
4626 119
4627 170
4628 193
4629 204
4630 239
4631 199
4632 149
4633 117
4634 174
4635 201
4636 169
4637 198
4638 214
4639 188
4640 153
4641 126
4642 219
4643 225
4644 164
4645 217
4646 154
4647 183
4648 198
4649 219
4650 99
4651 228
4652 205
4653 170
4654 210
4655 102
4656 167
4657 96
4658 207
4659 204
4660 157
4661 178
4662 184
4663 302
4664 213
4665 177
4666 224
4667 165
4668 220
4669 198
4670 185
4671 195
4672 219
4673 190
4674 267
4675 210
4676 165
4677 205
4678 204
4679 247
4680 126
4681 203
4682 171
4683 179
4684 182
4685 179
4686 316
4687 187
4688 166
4689 225
4690 187
4691 177
4692 200
4693 201
4694 122
4695 200
4696 194
4697 208
4698 156
4699 88
4700 215
4701 185
4702 174
4703 178
4704 216
4705 147
4706 188
4707 176
4708 178
4709 181
4710 185
4711 248
4712 215
4713 165
4714 0
4715 134
4716 125
4717 164
4718 222
4719 192
4720 252
4721 175
4722 190
4723 157
4724 329
4725 273
4726 197
4727 219
4728 200
4729 207
4730 197
4731 173
4732 170
4733 178
4734 193
4735 184
4736 271
4737 207
4738 154
4739 235
4740 237
4741 197
4742 93
4743 194
4744 171
4745 241
4746 147
4747 172
4748 143
4749 183
4750 167
4751 192
4752 151
4753 193
4754 139
4755 166
4756 199
4757 179
4758 152
4759 139
4760 137
4761 226
4762 172
4763 180
4764 154
4765 184
4766 217
4767 222
4768 178
4769 183
4770 275
4771 191
4772 118
4773 195
4774 273
4775 160
4776 176
4777 250
4778 178
4779 200
4780 175
4781 192
4782 165
4783 155
4784 229
4785 156
4786 188
4787 204
4788 242
4789 186
4790 202
4791 182
4792 184
4793 214
4794 290
4795 192
4796 182
4797 141
4798 177
4799 162
4800 221
4801 197
4802 174
4803 153
4804 166
4805 120
4806 199
4807 165
4808 102
4809 177
4810 146
4811 199
4812 183
4813 129
4814 158
4815 198
4816 259
4817 220
4818 202
4819 196
4820 226
4821 122
4822 182
4823 147
4824 206
4825 224
4826 225
4827 207
4828 87
4829 282
4830 211
4831 205
4832 161
4833 187
4834 209
4835 197
4836 177
4837 126
4838 159
4839 209
4840 179
4841 171
4842 160
4843 150
4844 186
4845 191
4846 185
4847 176
4848 134
4849 119
4850 221
4851 199
4852 299
4853 170
4854 145
4855 191
4856 156
4857 205
4858 178
4859 217
4860 224
4861 189
4862 167
4863 179
4864 179
4865 219
4866 214
4867 183
4868 123
4869 220
4870 179
4871 198
4872 225
4873 214
4874 101
4875 155
4876 204
4877 165
4878 174
4879 225
4880 195
4881 199
4882 276
4883 222
4884 185
4885 201
4886 224
4887 238
4888 180
4889 192
4890 204
4891 210
4892 158
4893 209
4894 171
4895 282
4896 196
4897 176
4898 234
4899 193
4900 219
4901 190
4902 207
4903 191
4904 141
4905 182
4906 203
4907 0
4908 153
4909 148
4910 174
4911 204
4912 169
4913 177
4914 191
4915 197
4916 212
4917 181
4918 199
4919 173
4920 185
4921 150
4922 209
4923 70
4924 160
4925 208
4926 172
4927 192
4928 180
4929 245
4930 241
4931 212
4932 160
4933 181
4934 135
4935 245
4936 199
4937 214
4938 223
4939 149
4940 174
4941 149
4942 284
4943 230
4944 188
4945 224
4946 94
4947 144
4948 171
4949 163
4950 154
4951 137
4952 189
4953 218
4954 171
4955 226
4956 180
4957 211
4958 262
4959 176
4960 169
4961 250
4962 169
4963 245
4964 155
4965 179
4966 188
4967 271
4968 222
4969 181
4970 168
4971 179
4972 138
4973 233
4974 123
4975 232
4976 211
4977 149
4978 249
4979 162
4980 182
4981 163
4982 191
4983 259
4984 189
4985 186
4986 270
4987 165
4988 190
4989 199
4990 221
4991 181
4992 194
4993 196
4994 317
4995 180
4996 196
4997 136
4998 196
4999 229
