Vertices: 1300
Edges: 6500
Time: 0,414 ms
Iterations: 6463
Vertex Distance
0 0
1 133
2 169
3 123
4 110
5 128
6 136
7 135
8 123
9 168
10 115
11 94
12 59
13 55
14 143
15 176
16 186
17 62
18 134
19 96
20 110
21 92
22 141
23 138
24 103
25 167
26 68
27 145
28 127
29 84
30 135
31 102
32 141
33 139
34 174
35 125
36 96
37 136
38 139
39 220
40 117
41 140
42 171
43 150
44 102
45 97
46 123
47 148
48 129
49 132
50 69
51 154
52 94
53 126
54 208
55 105
56 94
57 93
58 131
59 139
60 81
61 135
62 118
63 132
64 175
65 82
66 180
67 168
68 177
69 118
70 169
71 123
72 103
73 102
74 106
75 106
76 134
77 153
78 140
79 85
80 103
81 138
82 174
83 135
84 101
85 73
86 84
87 110
88 152
89 99
90 178
91 189
92 139
93 104
94 120
95 118
96 108
97 100
98 103
99 109
100 230
101 127
102 144
103 128
104 114
105 48
106 56
107 87
108 95
109 140
110 146
111 215
112 156
113 109
114 124
115 136
116 204
117 110
118 180
119 125
120 124
121 151
122 126
123 134
124 132
125 108
126 132
127 71
128 119
129 91
130 160
131 137
132 147
133 92
134 139
135 88
136 90
137 79
138 105
139 109
140 128
141 111
142 129
143 182
144 116
145 142
146 110
147 112
148 0
149 109
150 105
151 73
152 125
153 140
154 126
155 130
156 170
157 103
158 152
159 154
160 131
161 166
162 120
163 184
164 118
165 130
166 52
167 103
168 87
169 69
170 100
171 69
172 78
173 145
174 0
175 68
176 110
177 179
178 149
179 128
180 126
181 119
182 113
183 98
184 81
185 152
186 147
187 196
188 138
189 39
190 90
191 138
192 76
193 137
194 190
195 167
196 56
197 168
198 94
199 201
200 133
201 103
202 111
203 116
204 97
205 173
206 138
207 72
208 98
209 98
210 141
211 84
212 102
213 58
214 99
215 157
216 167
217 104
218 84
219 164
220 109
221 147
222 113
223 118
224 123
225 135
226 110
227 132
228 104
229 101
230 125
231 114
232 128
233 108
234 63
235 135
236 118
237 136
238 170
239 86
240 145
241 106
242 147
243 80
244 48
245 132
246 118
247 145
248 83
249 175
250 143
251 83
252 127
253 125
254 97
255 119
256 66
257 87
258 178
259 40
260 135
261 121
262 106
263 195
264 96
265 179
266 133
267 144
268 106
269 83
270 135
271 101
272 115
273 199
274 91
275 177
276 140
277 100
278 159
279 116
280 112
281 172
282 188
283 110
284 171
285 96
286 159
287 160
288 155
289 148
290 119
291 135
292 54
293 198
294 60
295 170
296 104
297 93
298 199
299 169
300 144
301 81
302 27
303 172
304 61
305 130
306 63
307 37
308 107
309 121
310 116
311 157
312 87
313 195
314 174
315 180
316 157
317 106
318 149
319 94
320 160
321 0
322 102
323 112
324 124
325 184
326 65
327 92
328 94
329 122
330 85
331 82
332 137
333 116
334 196
335 74
336 83
337 115
338 62
339 112
340 157
341 69
342 157
343 134
344 75
345 115
346 130
347 161
348 143
349 116
350 218
351 97
352 52
353 129
354 134
355 138
356 205
357 60
358 115
359 126
360 113
361 51
362 140
363 87
364 147
365 141
366 161
367 209
368 116
369 179
370 134
371 135
372 112
373 126
374 183
375 135
376 175
377 129
378 159
379 63
380 149
381 144
382 113
383 105
384 167
385 146
386 166
387 103
388 133
389 49
390 89
391 94
392 72
393 139
394 77
395 85
396 174
397 152
398 49
399 136
400 140
401 77
402 151
403 165
404 106
405 133
406 137
407 101
408 113
409 153
410 217
411 95
412 108
413 134
414 176
415 185
416 141
417 101
418 166
419 155
420 115
421 119
422 118
423 167
424 139
425 171
426 88
427 155
428 113
429 124
430 118
431 144
432 125
433 121
434 99
435 125
436 129
437 128
438 93
439 121
440 215
441 175
442 73
443 128
444 103
445 49
446 175
447 91
448 97
449 112
450 139
451 126
452 134
453 119
454 136
455 130
456 96
457 78
458 97
459 110
460 108
461 173
462 113
463 77
464 132
465 116
466 109
467 177
468 138
469 104
470 219
471 118
472 149
473 190
474 161
475 183
476 156
477 142
478 169
479 79
480 118
481 231
482 118
483 184
484 94
485 130
486 124
487 132
488 149
489 125
490 106
491 104
492 81
493 149
494 124
495 113
496 149
497 91
498 164
499 75
500 163
501 86
502 89
503 130
504 105
505 71
506 126
507 11
508 172
509 186
510 115
511 73
512 135
513 169
514 160
515 72
516 99
517 107
518 188
519 112
520 117
521 104
522 128
523 142
524 88
525 132
526 144
527 85
528 118
529 84
530 119
531 83
532 166
533 172
534 118
535 107
536 163
537 179
538 72
539 150
540 146
541 120
542 157
543 134
544 122
545 110
546 151
547 115
548 130
549 105
550 98
551 196
552 178
553 129
554 154
555 166
556 137
557 126
558 117
559 143
560 143
561 122
562 110
563 138
564 143
565 194
566 18
567 124
568 100
569 121
570 128
571 101
572 182
573 88
574 148
575 150
576 107
577 161
578 153
579 125
580 131
581 137
582 115
583 143
584 108
585 103
586 116
587 96
588 99
589 143
590 102
591 129
592 156
593 119
594 128
595 167
596 169
597 139
598 119
599 67
600 99
601 184
602 119
603 162
604 84
605 53
606 176
607 100
608 29
609 146
610 140
611 125
612 160
613 187
614 32
615 142
616 186
617 160
618 130
619 97
620 114
621 153
622 121
623 153
624 105
625 158
626 63
627 141
628 129
629 185
630 99
631 105
632 126
633 160
634 114
635 137
636 102
637 198
638 108
639 163
640 91
641 140
642 140
643 191
644 157
645 86
646 90
647 96
648 128
649 100
650 118
651 132
652 159
653 143
654 143
655 206
656 128
657 104
658 128
659 187
660 110
661 133
662 179
663 112
664 98
665 108
666 96
667 69
668 124
669 134
670 81
671 74
672 109
673 103
674 141
675 183
676 127
677 89
678 111
679 123
680 163
681 107
682 64
683 161
684 144
685 110
686 192
687 166
688 122
689 159
690 135
691 130
692 137
693 55
694 125
695 93
696 115
697 123
698 97
699 66
700 36
701 124
702 61
703 174
704 100
705 152
706 131
707 210
708 97
709 102
710 82
711 130
712 141
713 98
714 132
715 101
716 141
717 134
718 147
719 118
720 115
721 140
722 126
723 158
724 105
725 89
726 168
727 0
728 118
729 91
730 125
731 110
732 153
733 120
734 155
735 136
736 81
737 153
738 171
739 143
740 115
741 110
742 114
743 74
744 106
745 172
746 119
747 144
748 167
749 115
750 134
751 138
752 106
753 108
754 162
755 132
756 145
757 127
758 101
759 124
760 86
761 122
762 136
763 129
764 119
765 89
766 107
767 104
768 233
769 142
770 116
771 121
772 83
773 104
774 127
775 139
776 154
777 41
778 146
779 164
780 164
781 55
782 116
783 105
784 152
785 118
786 111
787 115
788 102
789 152
790 145
791 96
792 139
793 147
794 98
795 139
796 162
797 142
798 128
799 128
800 146
801 108
802 121
803 117
804 150
805 50
806 0
807 145
808 111
809 117
810 146
811 125
812 197
813 124
814 129
815 69
816 207
817 114
818 76
819 73
820 144
821 148
822 155
823 217
824 165
825 94
826 135
827 143
828 145
829 151
830 116
831 57
832 110
833 110
834 104
835 145
836 123
837 117
838 129
839 137
840 155
841 121
842 90
843 95
844 125
845 81
846 137
847 87
848 144
849 182
850 95
851 140
852 93
853 117
854 94
855 143
856 65
857 100
858 104
859 109
860 137
861 174
862 169
863 133
864 35
865 98
866 149
867 129
868 157
869 79
870 159
871 97
872 99
873 35
874 133
875 122
876 65
877 150
878 90
879 77
880 109
881 84
882 163
883 165
884 67
885 87
886 119
887 74
888 140
889 122
890 126
891 119
892 113
893 82
894 204
895 147
896 152
897 127
898 110
899 105
900 103
901 143
902 124
903 0
904 128
905 145
906 135
907 111
908 167
909 116
910 127
911 75
912 62
913 140
914 150
915 89
916 182
917 181
918 71
919 150
920 124
921 104
922 105
923 92
924 161
925 62
926 125
927 136
928 114
929 138
930 96
931 143
932 150
933 29
934 84
935 60
936 131
937 117
938 108
939 153
940 77
941 61
942 129
943 73
944 111
945 120
946 160
947 180
948 112
949 83
950 125
951 90
952 120
953 113
954 136
955 125
956 115
957 74
958 141
959 136
960 115
961 54
962 137
963 113
964 104
965 80
966 100
967 59
968 115
969 153
970 147
971 171
972 129
973 63
974 130
975 159
976 170
977 128
978 117
979 89
980 134
981 207
982 143
983 133
984 96
985 97
986 134
987 81
988 148
989 104
990 179
991 172
992 115
993 104
994 151
995 137
996 161
997 130
998 100
999 168
1000 212
1001 120
1002 155
1003 103
1004 152
1005 168
1006 127
1007 152
1008 145
1009 32
1010 136
1011 90
1012 132
1013 124
1014 83
1015 122
1016 111
1017 162
1018 73
1019 109
1020 165
1021 93
1022 132
1023 116
1024 148
1025 120
1026 166
1027 70
1028 143
1029 163
1030 119
1031 80
1032 125
1033 121
1034 175
1035 57
1036 110
1037 136
1038 107
1039 121
1040 95
1041 118
1042 21
1043 170
1044 84
1045 123
1046 101
1047 153
1048 120
1049 147
1050 131
1051 91
1052 130
1053 162
1054 104
1055 103
1056 98
1057 128
1058 109
1059 128
1060 112
1061 119
1062 139
1063 129
1064 119
1065 115
1066 107
1067 145
1068 151
1069 59
1070 133
1071 170
1072 142
1073 131
1074 176
1075 119
1076 110
1077 119
1078 137
1079 159
1080 126
1081 104
1082 66
1083 85
1084 116
1085 211
1086 89
1087 179
1088 162
1089 180
1090 138
1091 156
1092 142
1093 172
1094 94
1095 128
1096 67
1097 100
1098 145
1099 120
1100 79
1101 111
1102 141
1103 139
1104 97
1105 117
1106 136
1107 55
1108 66
1109 132
1110 136
1111 126
1112 181
1113 112
1114 181
1115 142
1116 100
1117 119
1118 127
1119 170
1120 154
1121 115
1122 54
1123 177
1124 105
1125 150
1126 132
1127 102
1128 106
1129 121
1130 205
1131 193
1132 140
1133 84
1134 154
1135 126
1136 131
1137 132
1138 120
1139 87
1140 115
1141 128
1142 139
1143 117
1144 166
1145 101
1146 175
1147 104
1148 123
1149 181
1150 59
1151 22
1152 97
1153 145
1154 162
1155 97
1156 147
1157 120
1158 190
1159 120
1160 135
1161 108
1162 199
1163 70
1164 177
1165 117
1166 169
1167 117
1168 132
1169 153
1170 139
1171 112
1172 148
1173 122
1174 133
1175 93
1176 84
1177 84
1178 105
1179 128
1180 109
1181 115
1182 143
1183 77
1184 113
1185 80
1186 118
1187 140
1188 123
1189 58
1190 144
1191 166
1192 136
1193 79
1194 123
1195 168
1196 124
1197 133
1198 102
1199 183
1200 123
1201 147
1202 151
1203 77
1204 140
1205 111
1206 79
1207 208
1208 144
1209 121
1210 138
1211 74
1212 152
1213 119
1214 200
1215 154
1216 110
1217 133
1218 103
1219 157
1220 146
1221 139
1222 196
1223 180
1224 157
1225 79
1226 148
1227 96
1228 165
1229 148
1230 63
1231 150
1232 156
1233 222
1234 202
1235 263
1236 78
1237 156
1238 198
1239 154
1240 137
1241 160
1242 200
1243 182
1244 137
1245 106
1246 129
1247 155
1248 173
1249 130
1250 154
1251 108
1252 147
1253 168
1254 166
1255 118
1256 135
1257 80
1258 115
1259 149
1260 126
1261 164
1262 160
1263 147
1264 136
1265 84
1266 102
1267 133
1268 170
1269 164
1270 136
1271 106
1272 151
1273 94
1274 156
1275 100
1276 141
1277 64
1278 114
1279 124
1280 139
1281 180
1282 128
1283 182
1284 88
1285 80
1286 138
1287 145
1288 72
1289 154
1290 132
1291 107
1292 142
1293 148
1294 102
1295 108
1296 123
1297 173
1298 143
1299 103
