Vertices: 400
Edges: 2000
Time: 0,250 ms
Iterations: 1983
Vertex Distance
0 0
1 115
2 161
3 155
4 104
5 34
6 122
7 103
8 122
9 92
10 131
11 78
12 160
13 167
14 133
15 156
16 168
17 164
18 134
19 131
20 75
21 113
22 124
23 57
24 120
25 131
26 132
27 66
28 126
29 119
30 120
31 113
32 40
33 101
34 134
35 160
36 125
37 152
38 145
39 103
40 146
41 186
42 158
43 180
44 167
45 164
46 141
47 169
48 177
49 83
50 107
51 140
52 104
53 114
54 153
55 196
56 160
57 54
58 88
59 104
60 106
61 66
62 109
63 77
64 172
65 161
66 123
67 81
68 143
69 137
70 121
71 120
72 89
73 114
74 83
75 167
76 149
77 11
78 84
79 118
80 117
81 118
82 123
83 171
84 215
85 157
86 126
87 210
88 185
89 101
90 157
91 109
92 44
93 165
94 105
95 131
96 172
97 103
98 151
99 85
100 186
101 105
102 133
103 114
104 128
105 86
106 121
107 96
108 131
109 94
110 138
111 95
112 86
113 89
114 70
115 133
116 214
117 86
118 200
119 118
120 131
121 182
122 111
123 136
124 119
125 183
126 155
127 111
128 121
129 104
130 131
131 77
132 114
133 146
134 172
135 103
136 109
137 76
138 149
139 181
140 127
141 56
142 89
143 116
144 192
145 168
146 90
147 36
148 164
149 77
150 95
151 129
152 143
153 130
154 77
155 0
156 89
157 157
158 96
159 87
160 114
161 120
162 150
163 136
164 132
165 104
166 66
167 122
168 166
169 135
170 137
171 157
172 106
173 69
174 91
175 105
176 151
177 79
178 120
179 70
180 102
181 197
182 112
183 210
184 122
185 132
186 112
187 133
188 111
189 157
190 144
191 130
192 192
193 123
194 85
195 162
196 109
197 110
198 58
199 155
200 45
201 0
202 99
203 131
204 94
205 103
206 104
207 148
208 138
209 150
210 69
211 82
212 117
213 121
214 109
215 153
216 0
217 127
218 101
219 112
220 121
221 152
222 137
223 138
224 82
225 132
226 129
227 100
228 100
229 97
230 85
231 75
232 85
233 89
234 82
235 112
236 92
237 97
238 107
239 58
240 132
241 187
242 133
243 174
244 127
245 80
246 134
247 158
248 59
249 144
250 140
251 86
252 112
253 91
254 121
255 98
256 134
257 106
258 184
259 169
260 127
261 124
262 187
263 122
264 135
265 98
266 87
267 106
268 121
269 99
270 217
271 181
272 96
273 128
274 108
275 121
276 126
277 127
278 107
279 85
280 59
281 56
282 100
283 124
284 78
285 137
286 116
287 20
288 127
289 80
290 144
291 126
292 70
293 139
294 109
295 80
296 113
297 214
298 105
299 113
300 134
301 141
302 94
303 143
304 76
305 55
306 84
307 136
308 134
309 166
310 74
311 152
312 164
313 75
314 141
315 126
316 79
317 147
318 104
319 147
320 116
321 120
322 123
323 151
324 85
325 56
326 143
327 144
328 214
329 113
330 120
331 96
332 167
333 95
334 88
335 138
336 133
337 133
338 86
339 76
340 46
341 123
342 85
343 73
344 75
345 185
346 86
347 135
348 126
349 121
350 106
351 137
352 102
353 82
354 103
355 150
356 112
357 186
358 93
359 75
360 108
361 7
362 124
363 112
364 85
365 120
366 80
367 98
368 145
369 119
370 93
371 141
372 144
373 94
374 76
375 103
376 199
377 85
378 127
379 133
380 182
381 74
382 99
383 91
384 122
385 141
386 155
387 138
388 122
389 184
390 232
391 155
392 0
393 163
394 118
395 114
396 120
397 102
398 95
399 51
