Vertices: 3300
Edges: 16500
Time: 0,892 ms
Iterations: 16339
Vertex Distance
0 0
1 221
2 224
3 194
4 122
5 174
6 212
7 198
8 150
9 195
10 190
11 236
12 178
13 213
14 187
15 159
16 190
17 170
18 122
19 212
20 186
21 179
22 156
23 179
24 77
25 203
26 184
27 198
28 231
29 200
30 220
31 218
32 181
33 191
34 133
35 235
36 172
37 207
38 0
39 152
40 174
41 188
42 288
43 206
44 238
45 208
46 220
47 204
48 217
49 179
50 220
51 194
52 189
53 220
54 168
55 200
56 175
57 176
58 199
59 213
60 159
61 211
62 199
63 177
64 213
65 256
66 198
67 101
68 166
69 160
70 191
71 192
72 119
73 188
74 143
75 192
76 110
77 249
78 165
79 165
80 149
81 173
82 238
83 260
84 238
85 228
86 152
87 197
88 206
89 203
90 143
91 198
92 117
93 183
94 164
95 292
96 214
97 201
98 268
99 203
100 188
101 213
102 183
103 216
104 182
105 182
106 102
107 192
108 195
109 183
110 184
111 162
112 212
113 200
114 184
115 178
116 209
117 202
118 204
119 181
120 209
121 240
122 171
123 169
124 189
125 168
126 157
127 177
128 96
129 154
130 208
131 170
132 160
133 201
134 295
135 141
136 189
137 127
138 171
139 134
140 173
141 208
142 128
143 136
144 176
145 162
146 198
147 192
148 202
149 189
150 175
151 234
152 194
153 221
154 187
155 192
156 183
157 265
158 173
159 188
160 158
161 232
162 0
163 183
164 210
165 180
166 199
167 210
168 203
169 170
170 208
171 162
172 274
173 168
174 197
175 186
176 158
177 198
178 228
179 198
180 215
181 205
182 174
183 203
184 132
185 149
186 181
187 184
188 201
189 177
190 214
191 168
192 172
193 220
194 173
195 177
196 144
197 213
198 150
199 170
200 166
201 197
202 206
203 194
204 191
205 125
206 216
207 193
208 246
209 216
210 165
211 139
212 180
213 168
214 221
215 176
216 240
217 192
218 167
219 200
220 155
221 148
222 173
223 222
224 232
225 180
226 210
227 176
228 177
229 173
230 163
231 141
232 197
233 187
234 161
235 176
236 163
237 201
238 173
239 187
240 189
241 139
242 146
243 218
244 219
245 150
246 186
247 209
248 130
249 211
250 201
251 219
252 154
253 189
254 191
255 178
256 120
257 141
258 0
259 177
260 118
261 182
262 194
263 217
264 145
265 212
266 262
267 172
268 187
269 230
270 188
271 307
272 329
273 245
274 198
275 224
276 222
277 221
278 200
279 155
280 182
281 159
282 230
283 194
284 133
285 201
286 154
287 182
288 192
289 151
290 209
291 150
292 173
293 206
294 184
295 164
296 166
297 213
298 173
299 170
300 243
301 240
302 0
303 167
304 162
305 150
306 189
307 156
308 169
309 119
310 142
311 230
312 202
313 212
314 233
315 166
316 193
317 187
318 224
319 175
320 234
321 170
322 130
323 151
324 137
325 248
326 181
327 216
328 209
329 164
330 191
331 210
332 195
333 158
334 235
335 203
336 210
337 169
338 174
339 161
340 184
341 188
342 130
343 190
344 129
345 188
346 196
347 217
348 197
349 246
350 201
351 201
352 185
353 208
354 248
355 268
356 197
357 178
358 229
359 210
360 213
361 195
362 148
363 186
364 174
365 231
366 172
367 208
368 213
369 191
370 130
371 247
372 145
373 141
374 206
375 195
376 229
377 154
378 211
379 200
380 153
381 160
382 144
383 193
384 243
385 292
386 272
387 180
388 140
389 168
390 163
391 174
392 181
393 203
394 222
395 185
396 249
397 172
398 202
399 226
400 233
401 208
402 160
403 118
404 167
405 205
406 226
407 130
408 213
409 178
410 180
411 188
412 190
413 169
414 241
415 124
416 181
417 213
418 192
419 221
420 149
421 192
422 157
423 178
424 180
425 175
426 168
427 251
428 178
429 151
430 253
431 199
432 226
433 221
434 113
435 182
436 194
437 149
438 255
439 178
440 189
441 185
442 0
443 46
444 239
445 161
446 174
447 195
448 253
449 182
450 189
451 243
452 206
453 211
454 203
455 203
456 163
457 152
458 194
459 214
460 187
461 178
462 230
463 185
464 193
465 180
466 147
467 197
468 210
469 175
470 208
471 193
472 202
473 171
474 212
475 214
476 197
477 194
478 205
479 179
480 199
481 216
482 171
483 207
484 216
485 226
486 162
487 266
488 163
489 147
490 241
491 146
492 185
493 231
494 210
495 205
496 242
497 177
498 219
499 99
500 189
501 206
502 235
503 201
504 184
505 174
506 193
507 210
508 181
509 169
510 203
511 170
512 175
513 234
514 218
515 142
516 169
517 239
518 175
519 203
520 221
521 171
522 240
523 155
524 179
525 204
526 216
527 147
528 233
529 178
530 238
531 259
532 190
533 114
534 174
535 189
536 146
537 172
538 153
539 220
540 213
541 176
542 183
543 139
544 199
545 225
546 132
547 219
548 170
549 200
550 234
551 162
552 186
553 174
554 121
555 150
556 195
557 219
558 188
559 187
560 239
561 253
562 175
563 142
564 225
565 222
566 177
567 168
568 165
569 82
570 177
571 174
572 134
573 185
574 222
575 211
576 158
577 183
578 211
579 218
580 260
581 187
582 138
583 204
584 201
585 226
586 153
587 179
588 201
589 180
590 114
591 182
592 209
593 162
594 275
595 168
596 210
597 140
598 174
599 198
600 130
601 182
602 220
603 258
604 236
605 205
606 177
607 166
608 166
609 229
610 151
611 247
612 200
613 133
614 179
615 138
616 219
617 247
618 168
619 187
620 155
621 193
622 184
623 216
624 222
625 165
626 201
627 196
628 148
629 166
630 189
631 131
632 250
633 211
634 183
635 196
636 225
637 194
638 166
639 172
640 190
641 182
642 200
643 212
644 230
645 220
646 133
647 226
648 187
649 199
650 121
651 233
652 193
653 253
654 244
655 177
656 99
657 214
658 193
659 205
660 162
661 207
662 215
663 248
664 217
665 167
666 243
667 177
668 241
669 202
670 171
671 208
672 145
673 207
674 240
675 249
676 175
677 192
678 101
679 199
680 216
681 222
682 243
683 212
684 164
685 146
686 162
687 0
688 218
689 266
690 161
691 149
692 212
693 198
694 227
695 193
696 197
697 156
698 235
699 0
700 219
701 180
702 203
703 232
704 179
705 164
706 175
707 184
708 251
709 240
710 232
711 203
712 171
713 150
714 256
715 169
716 286
717 153
718 246
719 218
720 201
721 172
722 172
723 213
724 139
725 206
726 190
727 166
728 208
729 244
730 205
731 165
732 259
733 191
734 196
735 201
736 217
737 202
738 156
739 206
740 173
741 192
742 150
743 218
744 192
745 190
746 201
747 183
748 185
749 176
750 167
751 213
752 144
753 185
754 189
755 165
756 255
757 119
758 275
759 0
760 203
761 192
762 176
763 202
764 178
765 178
766 196
767 110
768 166
769 146
770 193
771 190
772 205
773 176
774 204
775 243
776 205
777 124
778 167
779 185
780 245
781 191
782 174
783 230
784 238
785 152
786 169
787 171
788 169
789 222
790 177
791 149
792 240
793 175
794 263
795 210
796 201
797 142
798 208
799 203
800 199
801 173
802 190
803 179
804 87
805 161
806 204
807 233
808 117
809 176
810 240
811 228
812 211
813 195
814 163
815 214
816 212
817 137
818 198
819 166
820 170
821 143
822 186
823 186
824 206
825 190
826 207
827 157
828 195
829 212
830 215
831 189
832 283
833 268
834 191
835 221
836 194
837 236
838 164
839 185
840 229
841 211
842 184
843 180
844 167
845 233
846 155
847 215
848 186
849 177
850 157
851 190
852 160
853 201
854 156
855 157
856 231
857 225
858 146
859 174
860 162
861 224
862 177
863 201
864 189
865 228
866 223
867 156
868 213
869 170
870 174
871 165
872 218
873 228
874 230
875 163
876 136
877 236
878 112
879 192
880 211
881 165
882 137
883 171
884 206
885 186
886 221
887 170
888 199
889 200
890 194
891 176
892 199
893 206
894 185
895 185
896 189
897 220
898 256
899 250
900 148
901 183
902 181
903 175
904 226
905 197
906 181
907 164
908 238
909 189
910 227
911 200
912 209
913 233
914 221
915 255
916 164
917 187
918 174
919 197
920 196
921 170
922 244
923 120
924 223
925 195
926 188
927 197
928 210
929 144
930 191
931 182
932 149
933 186
934 151
935 167
936 161
937 228
938 166
939 216
940 225
941 191
942 178
943 157
944 194
945 217
946 189
947 226
948 182
949 231
950 194
951 246
952 207
953 202
954 253
955 218
956 153
957 62
958 187
959 210
960 222
961 194
962 227
963 95
964 180
965 199
966 201
967 209
968 160
969 210
970 209
971 153
972 142
973 191
974 211
975 219
976 201
977 220
978 243
979 207
980 80
981 280
982 222
983 202
984 204
985 185
986 229
987 249
988 184
989 189
990 252
991 207
992 183
993 161
994 169
995 203
996 194
997 166
998 221
999 219
1000 219
1001 179
1002 223
1003 192
1004 120
1005 222
1006 171
1007 161
1008 240
1009 212
1010 164
1011 297
1012 178
1013 180
1014 184
1015 215
1016 177
1017 228
1018 147
1019 203
1020 203
1021 192
1022 260
1023 201
1024 213
1025 196
1026 218
1027 193
1028 255
1029 193
1030 141
1031 235
1032 193
1033 135
1034 266
1035 206
1036 183
1037 167
1038 169
1039 148
1040 171
1041 220
1042 320
1043 207
1044 259
1045 171
1046 210
1047 192
1048 165
1049 140
1050 175
1051 175
1052 202
1053 173
1054 190
1055 200
1056 145
1057 184
1058 193
1059 176
1060 218
1061 214
1062 213
1063 138
1064 180
1065 175
1066 264
1067 218
1068 150
1069 223
1070 185
1071 138
1072 147
1073 178
1074 168
1075 209
1076 184
1077 186
1078 231
1079 221
1080 227
1081 187
1082 140
1083 194
1084 215
1085 269
1086 188
1087 170
1088 125
1089 223
1090 179
1091 191
1092 210
1093 310
1094 211
1095 168
1096 190
1097 199
1098 181
1099 142
1100 217
1101 168
1102 209
1103 157
1104 179
1105 179
1106 181
1107 154
1108 166
1109 173
1110 202
1111 201
1112 166
1113 188
1114 196
1115 137
1116 149
1117 168
1118 232
1119 200
1120 183
1121 206
1122 248
1123 182
1124 184
1125 207
1126 231
1127 179
1128 151
1129 143
1130 147
1131 186
1132 176
1133 216
1134 181
1135 216
1136 202
1137 155
1138 143
1139 122
1140 212
1141 150
1142 159
1143 136
1144 145
1145 173
1146 192
1147 163
1148 186
1149 213
1150 184
1151 163
1152 166
1153 172
1154 176
1155 266
1156 253
1157 213
1158 137
1159 216
1160 216
1161 132
1162 195
1163 138
1164 236
1165 205
1166 210
1167 222
1168 162
1169 226
1170 136
1171 207
1172 246
1173 177
1174 227
1175 129
1176 188
1177 242
1178 213
1179 189
1180 172
1181 256
1182 197
1183 208
1184 188
1185 161
1186 164
1187 129
1188 213
1189 183
1190 185
1191 222
1192 89
1193 170
1194 145
1195 217
1196 211
1197 219
1198 194
1199 202
1200 156
1201 226
1202 164
1203 246
1204 212
1205 192
1206 85
1207 135
1208 110
1209 247
1210 229
1211 188
1212 175
1213 165
1214 254
1215 209
1216 161
1217 172
1218 192
1219 197
1220 177
1221 173
1222 256
1223 186
1224 147
1225 240
1226 225
1227 226
1228 237
1229 175
1230 259
1231 0
1232 173
1233 165
1234 188
1235 164
1236 217
1237 175
1238 203
1239 271
1240 192
1241 204
1242 110
1243 168
1244 186
1245 186
1246 152
1247 180
1248 235
1249 194
1250 240
1251 156
1252 157
1253 203
1254 202
1255 190
1256 238
1257 185
1258 236
1259 165
1260 226
1261 255
1262 225
1263 287
1264 244
1265 123
1266 200
1267 160
1268 227
1269 228
1270 176
1271 281
1272 188
1273 199
1274 251
1275 188
1276 221
1277 146
1278 283
1279 204
1280 146
1281 186
1282 183
1283 170
1284 221
1285 195
1286 163
1287 247
1288 197
1289 194
1290 195
1291 193
1292 194
1293 174
1294 164
1295 191
1296 146
1297 219
1298 144
1299 205
1300 236
1301 151
1302 238
1303 180
1304 218
1305 238
1306 206
1307 115
1308 219
1309 211
1310 203
1311 132
1312 191
1313 225
1314 168
1315 213
1316 180
1317 183
1318 213
1319 140
1320 163
1321 220
1322 233
1323 170
1324 222
1325 121
1326 169
1327 204
1328 195
1329 152
1330 215
1331 181
1332 146
1333 99
1334 156
1335 186
1336 200
1337 170
1338 0
1339 211
1340 218
1341 127
1342 222
1343 185
1344 170
1345 309
1346 192
1347 227
1348 155
1349 169
1350 215
1351 227
1352 179
1353 218
1354 171
1355 207
1356 239
1357 181
1358 178
1359 171
1360 237
1361 287
1362 172
1363 258
1364 217
1365 222
1366 216
1367 171
1368 171
1369 122
1370 175
1371 78
1372 256
1373 199
1374 138
1375 132
1376 202
1377 172
1378 256
1379 209
1380 189
1381 198
1382 185
1383 189
1384 164
1385 179
1386 163
1387 223
1388 204
1389 228
1390 184
1391 197
1392 144
1393 193
1394 164
1395 206
1396 164
1397 200
1398 171
1399 180
1400 238
1401 238
1402 163
1403 191
1404 197
1405 204
1406 252
1407 161
1408 190
1409 258
1410 172
1411 130
1412 205
1413 194
1414 243
1415 208
1416 200
1417 188
1418 176
1419 208
1420 144
1421 109
1422 209
1423 0
1424 176
1425 170
1426 161
1427 186
1428 232
1429 184
1430 246
1431 206
1432 221
1433 236
1434 209
1435 228
1436 199
1437 183
1438 121
1439 194
1440 164
1441 195
1442 189
1443 157
1444 195
1445 174
1446 279
1447 209
1448 215
1449 200
1450 248
1451 195
1452 239
1453 212
1454 205
1455 182
1456 154
1457 110
1458 233
1459 194
1460 229
1461 137
1462 158
1463 187
1464 43
1465 242
1466 134
1467 202
1468 228
1469 178
1470 119
1471 185
1472 239
1473 189
1474 221
1475 166
1476 228
1477 178
1478 247
1479 213
1480 203
1481 175
1482 284
1483 195
1484 187
1485 260
1486 147
1487 178
1488 166
1489 205
1490 214
1491 202
1492 211
1493 208
1494 202
1495 155
1496 201
1497 222
1498 183
1499 173
1500 207
1501 141
1502 211
1503 249
1504 145
1505 153
1506 201
1507 265
1508 193
1509 182
1510 145
1511 163
1512 193
1513 227
1514 150
1515 232
1516 253
1517 149
1518 139
1519 221
1520 125
1521 192
1522 247
1523 164
1524 198
1525 209
1526 202
1527 179
1528 164
1529 205
1530 135
1531 213
1532 192
1533 148
1534 153
1535 174
1536 0
1537 154
1538 225
1539 227
1540 222
1541 170
1542 183
1543 172
1544 227
1545 225
1546 180
1547 211
1548 149
1549 142
1550 244
1551 194
1552 206
1553 209
1554 176
1555 274
1556 221
1557 276
1558 204
1559 154
1560 241
1561 184
1562 168
1563 221
1564 54
1565 201
1566 211
1567 212
1568 168
1569 112
1570 183
1571 201
1572 193
1573 205
1574 240
1575 193
1576 196
1577 174
1578 205
1579 137
1580 160
1581 160
1582 237
1583 223
1584 167
1585 196
1586 208
1587 203
1588 225
1589 188
1590 166
1591 167
1592 167
1593 223
1594 124
1595 214
1596 163
1597 230
1598 253
1599 166
1600 178
1601 152
1602 208
1603 161
1604 248
1605 151
1606 149
1607 242
1608 148
1609 159
1610 213
1611 212
1612 200
1613 202
1614 158
1615 209
1616 223
1617 118
1618 174
1619 135
1620 203
1621 203
1622 205
1623 199
1624 217
1625 218
1626 228
1627 137
1628 209
1629 184
1630 213
1631 174
1632 172
1633 215
1634 253
1635 257
1636 193
1637 211
1638 211
1639 189
1640 215
1641 249
1642 191
1643 222
1644 205
1645 213
1646 147
1647 183
1648 164
1649 234
1650 190
1651 181
1652 153
1653 198
1654 226
1655 0
1656 126
1657 226
1658 191
1659 137
1660 148
1661 169
1662 207
1663 148
1664 185
1665 229
1666 119
1667 175
1668 189
1669 213
1670 180
1671 252
1672 206
1673 184
1674 195
1675 167
1676 161
1677 174
1678 195
1679 211
1680 143
1681 223
1682 193
1683 152
1684 155
1685 166
1686 214
1687 218
1688 217
1689 169
1690 195
1691 198
1692 158
1693 189
1694 199
1695 187
1696 196
1697 183
1698 187
1699 181
1700 209
1701 216
1702 162
1703 205
1704 192
1705 198
1706 208
1707 248
1708 185
1709 223
1710 189
1711 244
1712 184
1713 197
1714 184
1715 180
1716 187
1717 186
1718 110
1719 142
1720 194
1721 195
1722 152
1723 186
1724 181
1725 183
1726 220
1727 73
1728 174
1729 225
1730 196
1731 208
1732 193
1733 98
1734 188
1735 225
1736 196
1737 203
1738 217
1739 163
1740 166
1741 190
1742 227
1743 199
1744 214
1745 217
1746 181
1747 229
1748 196
1749 238
1750 191
1751 149
1752 149
1753 196
1754 119
1755 220
1756 202
1757 187
1758 243
1759 229
1760 168
1761 212
1762 137
1763 177
1764 178
1765 195
1766 238
1767 234
1768 186
1769 140
1770 165
1771 224
1772 121
1773 185
1774 220
1775 127
1776 266
1777 150
1778 162
1779 159
1780 175
1781 141
1782 195
1783 164
1784 139
1785 202
1786 209
1787 239
1788 155
1789 289
1790 202
1791 200
1792 212
1793 194
1794 180
1795 270
1796 209
1797 220
1798 166
1799 160
1800 213
1801 199
1802 148
1803 163
1804 202
1805 143
1806 234
1807 197
1808 161
1809 282
1810 187
1811 145
1812 224
1813 149
1814 264
1815 180
1816 163
1817 143
1818 193
1819 214
1820 227
1821 222
1822 215
1823 153
1824 140
1825 234
1826 187
1827 229
1828 212
1829 151
1830 171
1831 104
1832 192
1833 206
1834 188
1835 136
1836 198
1837 246
1838 103
1839 192
1840 162
1841 134
1842 210
1843 89
1844 139
1845 223
1846 193
1847 160
1848 174
1849 186
1850 245
1851 243
1852 192
1853 317
1854 237
1855 209
1856 200
1857 181
1858 188
1859 165
1860 214
1861 287
1862 223
1863 288
1864 143
1865 170
1866 164
1867 166
1868 160
1869 232
1870 222
1871 179
1872 228
1873 184
1874 190
1875 186
1876 147
1877 171
1878 159
1879 193
1880 179
1881 195
1882 232
1883 161
1884 172
1885 163
1886 173
1887 141
1888 164
1889 142
1890 240
1891 265
1892 165
1893 220
1894 232
1895 208
1896 213
1897 190
1898 168
1899 214
1900 97
1901 170
1902 190
1903 191
1904 227
1905 227
1906 217
1907 167
1908 163
1909 0
1910 227
1911 197
1912 214
1913 202
1914 258
1915 211
1916 157
1917 150
1918 151
1919 0
1920 162
1921 192
1922 123
1923 207
1924 185
1925 143
1926 153
1927 217
1928 145
1929 190
1930 152
1931 226
1932 275
1933 251
1934 55
1935 225
1936 201
1937 217
1938 121
1939 246
1940 217
1941 188
1942 211
1943 243
1944 202
1945 179
1946 108
1947 163
1948 171
1949 204
1950 214
1951 176
1952 195
1953 167
1954 190
1955 163
1956 124
1957 169
1958 173
1959 216
1960 168
1961 224
1962 224
1963 188
1964 227
1965 189
1966 233
1967 0
1968 200
1969 188
1970 154
1971 185
1972 104
1973 189
1974 185
1975 219
1976 187
1977 251
1978 183
1979 263
1980 217
1981 195
1982 215
1983 232
1984 205
1985 184
1986 174
1987 203
1988 209
1989 156
1990 226
1991 198
1992 177
1993 221
1994 169
1995 140
1996 189
1997 221
1998 161
1999 169
2000 229
2001 168
2002 161
2003 156
2004 132
2005 158
2006 244
2007 197
2008 266
2009 188
2010 0
2011 228
2012 207
2013 237
2014 199
2015 168
2016 205
2017 210
2018 204
2019 164
2020 217
2021 0
2022 178
2023 175
2024 210
2025 227
2026 175
2027 173
2028 187
2029 174
2030 234
2031 171
2032 134
2033 193
2034 124
2035 186
2036 216
2037 185
2038 209
2039 114
2040 217
2041 148
2042 229
2043 178
2044 173
2045 107
2046 195
2047 172
2048 187
2049 155
2050 139
2051 195
2052 40
2053 176
2054 201
2055 177
2056 207
2057 237
2058 189
2059 225
2060 224
2061 253
2062 235
2063 193
2064 214
2065 176
2066 176
2067 172
2068 116
2069 105
2070 238
2071 283
2072 224
2073 202
2074 159
2075 215
2076 240
2077 202
2078 186
2079 167
2080 216
2081 207
2082 195
2083 195
2084 275
2085 139
2086 189
2087 215
2088 245
2089 208
2090 177
2091 129
2092 197
2093 151
2094 138
2095 221
2096 239
2097 235
2098 185
2099 166
2100 224
2101 259
2102 198
2103 220
2104 139
2105 209
2106 260
2107 165
2108 164
2109 141
2110 228
2111 251
2112 149
2113 221
2114 210
2115 0
2116 191
2117 236
2118 127
2119 162
2120 245
2121 232
2122 218
2123 200
2124 200
2125 153
2126 151
2127 185
2128 136
2129 186
2130 237
2131 207
2132 253
2133 141
2134 221
2135 203
2136 179
2137 228
2138 205
2139 96
2140 147
2141 139
2142 209
2143 139
2144 212
2145 151
2146 216
2147 215
2148 179
2149 261
2150 230
2151 151
2152 162
2153 172
2154 166
2155 226
2156 230
2157 172
2158 213
2159 215
2160 194
2161 190
2162 103
2163 291
2164 149
2165 196
2166 173
2167 171
2168 113
2169 207
2170 194
2171 172
2172 140
2173 124
2174 190
2175 189
2176 215
2177 207
2178 127
2179 168
2180 146
2181 231
2182 154
2183 257
2184 159
2185 193
2186 211
2187 162
2188 156
2189 135
2190 215
2191 207
2192 188
2193 171
2194 238
2195 169
2196 241
2197 192
2198 183
2199 147
2200 120
2201 128
2202 148
2203 208
2204 196
2205 182
2206 198
2207 196
2208 173
2209 218
2210 159
2211 186
2212 245
2213 194
2214 224
2215 227
2216 183
2217 202
2218 187
2219 242
2220 195
2221 167
2222 260
2223 245
2224 194
2225 254
2226 93
2227 191
2228 205
2229 205
2230 142
2231 198
2232 274
2233 178
2234 185
2235 252
2236 163
2237 176
2238 212
2239 167
2240 187
2241 171
2242 196
2243 153
2244 122
2245 207
2246 141
2247 215
2248 207
2249 213
2250 228
2251 192
2252 169
2253 210
2254 141
2255 183
2256 197
2257 157
2258 254
2259 194
2260 168
2261 169
2262 195
2263 206
2264 205
2265 153
2266 220
2267 186
2268 129
2269 188
2270 194
2271 152
2272 156
2273 200
2274 210
2275 167
2276 190
2277 249
2278 165
2279 204
2280 187
2281 182
2282 137
2283 188
2284 157
2285 202
2286 246
2287 197
2288 212
2289 198
2290 176
2291 160
2292 246
2293 198
2294 112
2295 181
2296 196
2297 175
2298 204
2299 234
2300 143
2301 226
2302 174
2303 175
2304 169
2305 196
2306 104
2307 226
2308 266
2309 176
2310 0
2311 198
2312 159
2313 203
2314 195
2315 203
2316 215
2317 173
2318 189
2319 143
2320 170
2321 245
2322 209
2323 199
2324 225
2325 211
2326 187
2327 242
2328 229
2329 201
2330 200
2331 205
2332 190
2333 325
2334 181
2335 203
2336 217
2337 282
2338 178
2339 186
2340 224
2341 161
2342 288
2343 193
2344 165
2345 246
2346 194
2347 163
2348 169
2349 229
2350 183
2351 249
2352 214
2353 172
2354 263
2355 257
2356 240
2357 227
2358 208
2359 172
2360 174
2361 152
2362 248
2363 124
2364 229
2365 208
2366 205
2367 248
2368 213
2369 141
2370 230
2371 240
2372 159
2373 200
2374 229
2375 164
2376 292
2377 186
2378 209
2379 203
2380 200
2381 266
2382 175
2383 223
2384 219
2385 227
2386 172
2387 173
2388 194
2389 247
2390 196
2391 167
2392 123
2393 209
2394 230
2395 186
2396 155
2397 180
2398 182
2399 193
2400 250
2401 216
2402 208
2403 217
2404 297
2405 155
2406 176
2407 220
2408 188
2409 173
2410 176
2411 208
2412 186
2413 192
2414 130
2415 270
2416 167
2417 138
2418 163
2419 150
2420 156
2421 186
2422 216
2423 223
2424 172
2425 224
2426 193
2427 227
2428 250
2429 228
2430 191
2431 192
2432 195
2433 162
2434 178
2435 158
2436 173
2437 197
2438 190
2439 170
2440 230
2441 210
2442 235
2443 249
2444 139
2445 247
2446 177
2447 142
2448 168
2449 201
2450 182
2451 227
2452 210
2453 210
2454 174
2455 160
2456 199
2457 131
2458 195
2459 175
2460 171
2461 180
2462 257
2463 188
2464 239
2465 167
2466 195
2467 178
2468 166
2469 129
2470 180
2471 157
2472 189
2473 199
2474 190
2475 272
2476 203
2477 144
2478 176
2479 152
2480 192
2481 181
2482 111
2483 178
2484 108
2485 197
2486 226
2487 134
2488 213
2489 146
2490 201
2491 198
2492 210
2493 148
2494 165
2495 251
2496 218
2497 194
2498 209
2499 148
2500 112
2501 133
2502 280
2503 204
2504 222
2505 252
2506 175
2507 202
2508 189
2509 206
2510 159
2511 307
2512 175
2513 118
2514 183
2515 158
2516 162
2517 208
2518 195
2519 157
2520 192
2521 230
2522 149
2523 183
2524 233
2525 173
2526 198
2527 202
2528 134
2529 216
2530 208
2531 186
2532 216
2533 183
2534 169
2535 254
2536 230
2537 161
2538 199
2539 185
2540 233
2541 171
2542 196
2543 156
2544 150
2545 275
2546 340
2547 159
2548 151
2549 179
2550 210
2551 189
2552 158
2553 214
2554 216
2555 167
2556 166
2557 211
2558 225
2559 186
2560 0
2561 190
2562 143
2563 163
2564 167
2565 203
2566 131
2567 199
2568 160
2569 195
2570 170
2571 188
2572 179
2573 239
2574 170
2575 203
2576 157
2577 185
2578 185
2579 168
2580 243
2581 195
2582 202
2583 206
2584 139
2585 232
2586 147
2587 131
2588 225
2589 176
2590 242
2591 189
2592 223
2593 205
2594 161
2595 160
2596 279
2597 145
2598 132
2599 180
2600 175
2601 96
2602 205
2603 207
2604 183
2605 69
2606 199
2607 133
2608 184
2609 270
2610 123
2611 153
2612 195
2613 169
2614 196
2615 176
2616 210
2617 226
2618 225
2619 197
2620 156
2621 268
2622 205
2623 183
2624 196
2625 188
2626 145
2627 230
2628 124
2629 271
2630 195
2631 113
2632 199
2633 211
2634 229
2635 201
2636 261
2637 191
2638 94
2639 181
2640 100
2641 139
2642 178
2643 192
2644 160
2645 199
2646 211
2647 155
2648 218
2649 203
2650 201
2651 189
2652 200
2653 130
2654 195
2655 140
2656 237
2657 201
2658 201
2659 216
2660 257
2661 160
2662 177
2663 156
2664 190
2665 176
2666 140
2667 219
2668 212
2669 184
2670 188
2671 207
2672 169
2673 205
2674 204
2675 218
2676 180
2677 187
2678 182
2679 191
2680 192
2681 177
2682 212
2683 202
2684 215
2685 235
2686 218
2687 190
2688 151
2689 164
2690 281
2691 0
2692 191
2693 201
2694 173
2695 179
2696 207
2697 215
2698 224
2699 147
2700 217
2701 250
2702 154
2703 0
2704 201
2705 211
2706 229
2707 224
2708 187
2709 189
2710 188
2711 208
2712 173
2713 164
2714 159
2715 142
2716 195
2717 134
2718 168
2719 169
2720 187
2721 227
2722 113
2723 224
2724 221
2725 236
2726 236
2727 166
2728 299
2729 123
2730 209
2731 200
2732 159
2733 188
2734 81
2735 155
2736 269
2737 208
2738 239
2739 218
2740 193
2741 205
2742 148
2743 170
2744 215
2745 191
2746 212
2747 160
2748 156
2749 230
2750 159
2751 155
2752 226
2753 226
2754 221
2755 224
2756 122
2757 177
2758 191
2759 186
2760 176
2761 180
2762 197
2763 199
2764 183
2765 108
2766 183
2767 212
2768 0
2769 165
2770 215
2771 173
2772 185
2773 194
2774 212
2775 189
2776 197
2777 136
2778 201
2779 213
2780 201
2781 165
2782 195
2783 273
2784 275
2785 160
2786 194
2787 161
2788 165
2789 172
2790 247
2791 203
2792 143
2793 145
2794 134
2795 155
2796 196
2797 137
2798 225
2799 152
2800 185
2801 198
2802 198
2803 152
2804 214
2805 207
2806 242
2807 142
2808 185
2809 235
2810 162
2811 225
2812 140
2813 80
2814 253
2815 216
2816 202
2817 236
2818 207
2819 101
2820 174
2821 208
2822 190
2823 177
2824 181
2825 191
2826 200
2827 228
2828 195
2829 223
2830 173
2831 216
2832 221
2833 182
2834 211
2835 141
2836 199
2837 224
2838 205
2839 146
2840 96
2841 170
2842 155
2843 235
2844 239
2845 259
2846 161
2847 212
2848 188
2849 215
2850 175
2851 141
2852 144
2853 184
2854 210
2855 199
2856 203
2857 178
2858 184
2859 202
2860 221
2861 167
2862 191
2863 228
2864 164
2865 171
2866 220
2867 259
2868 117
2869 176
2870 193
2871 253
2872 198
2873 214
2874 157
2875 229
2876 208
2877 168
2878 264
2879 0
2880 181
2881 184
2882 256
2883 188
2884 166
2885 204
2886 84
2887 236
2888 221
2889 204
2890 182
2891 189
2892 203
2893 223
2894 199
2895 240
2896 208
2897 157
2898 158
2899 304
2900 192
2901 206
2902 201
2903 202
2904 177
2905 202
2906 163
2907 305
2908 183
2909 172
2910 176
2911 99
2912 187
2913 162
2914 193
2915 169
2916 120
2917 268
2918 197
2919 280
2920 212
2921 215
2922 150
2923 223
2924 172
2925 170
2926 109
2927 198
2928 153
2929 228
2930 185
2931 196
2932 87
2933 229
2934 140
2935 209
2936 232
2937 221
2938 148
2939 200
2940 228
2941 182
2942 212
2943 116
2944 195
2945 155
2946 172
2947 247
2948 193
2949 196
2950 208
2951 151
2952 201
2953 218
2954 133
2955 198
2956 225
2957 200
2958 195
2959 148
2960 229
2961 182
2962 232
2963 0
2964 268
2965 217
2966 215
2967 155
2968 231
2969 233
2970 201
2971 193
2972 238
2973 216
2974 213
2975 229
2976 206
2977 153
2978 171
2979 168
2980 172
2981 211
2982 196
2983 120
2984 191
2985 212
2986 143
2987 268
2988 176
2989 387
2990 160
2991 203
2992 107
2993 232
2994 188
2995 180
2996 218
2997 186
2998 193
2999 188
3000 236
3001 92
3002 191
3003 175
3004 165
3005 204
3006 223
3007 154
3008 168
3009 207
3010 194
3011 231
3012 174
3013 218
3014 199
3015 235
3016 193
3017 237
3018 285
3019 183
3020 213
3021 194
3022 130
3023 195
3024 196
3025 249
3026 180
3027 192
3028 219
3029 195
3030 220
3031 192
3032 268
3033 241
3034 190
3035 0
3036 180
3037 192
3038 182
3039 174
3040 160
3041 200
3042 170
3043 172
3044 156
3045 201
3046 174
3047 214
3048 188
3049 193
3050 163
3051 141
3052 0
3053 185
3054 0
3055 193
3056 145
3057 199
3058 207
3059 184
3060 192
3061 177
3062 171
3063 143
3064 211
3065 264
3066 105
3067 266
3068 187
3069 216
3070 191
3071 115
3072 183
3073 211
3074 192
3075 196
3076 176
3077 179
3078 189
3079 227
3080 127
3081 155
3082 204
3083 174
3084 198
3085 175
3086 228
3087 164
3088 161
3089 109
3090 197
3091 187
3092 195
3093 96
3094 257
3095 210
3096 180
3097 137
3098 167
3099 270
3100 111
3101 254
3102 234
3103 157
3104 176
3105 182
3106 197
3107 173
3108 231
3109 157
3110 218
3111 139
3112 181
3113 181
3114 196
3115 188
3116 218
3117 134
3118 186
3119 208
3120 207
3121 218
3122 243
3123 163
3124 178
3125 177
3126 167
3127 213
3128 0
3129 216
3130 185
3131 198
3132 248
3133 175
3134 197
3135 199
3136 208
3137 160
3138 178
3139 212
3140 172
3141 227
3142 174
3143 209
3144 192
3145 169
3146 230
3147 134
3148 188
3149 278
3150 169
3151 137
3152 144
3153 67
3154 130
3155 183
3156 179
3157 202
3158 202
3159 173
3160 159
3161 181
3162 192
3163 186
3164 120
3165 142
3166 213
3167 195
3168 0
3169 147
3170 129
3171 179
3172 197
3173 63
3174 188
3175 196
3176 180
3177 194
3178 191
3179 217
3180 210
3181 233
3182 181
3183 163
3184 228
3185 225
3186 238
3187 219
3188 242
3189 185
3190 150
3191 176
3192 193
3193 191
3194 191
3195 187
3196 140
3197 199
3198 213
3199 181
3200 168
3201 201
3202 191
3203 193
3204 265
3205 213
3206 174
3207 189
3208 259
3209 137
3210 243
3211 171
3212 208
3213 202
3214 200
3215 165
3216 188
3217 176
3218 170
3219 190
3220 192
3221 195
3222 205
3223 219
3224 181
3225 196
3226 156
3227 212
3228 156
3229 119
3230 69
3231 144
3232 211
3233 215
3234 224
3235 126
3236 117
3237 197
3238 158
3239 232
3240 174
3241 168
3242 155
3243 120
3244 222
3245 232
3246 174
3247 248
3248 244
3249 225
3250 168
3251 126
3252 174
3253 211
3254 45
3255 183
3256 195
3257 193
3258 261
3259 198
3260 195
3261 196
3262 175
3263 258
3264 168
3265 201
3266 205
3267 130
3268 216
3269 221
3270 184
3271 232
3272 169
3273 226
3274 136
3275 137
3276 169
3277 230
3278 148
3279 175
3280 312
3281 210
3282 146
3283 212
3284 200
3285 191
3286 196
3287 259
3288 197
3289 205
3290 216
3291 230
3292 139
3293 214
3294 202
3295 228
3296 161
3297 147
3298 152
3299 146
