Vertices: 2000
Edges: 10000
Time: 0,425 ms
Iterations: 9958
Vertex Distance
0 0
1 150
2 115
3 197
4 161
5 160
6 183
7 181
8 154
9 182
10 163
11 195
12 153
13 86
14 159
15 173
16 170
17 189
18 58
19 152
20 210
21 166
22 137
23 174
24 182
25 201
26 167
27 192
28 136
29 126
30 176
31 174
32 212
33 116
34 113
35 145
36 150
37 124
38 188
39 144
40 193
41 200
42 143
43 167
44 129
45 244
46 208
47 141
48 158
49 163
50 0
51 60
52 179
53 182
54 146
55 152
56 185
57 56
58 179
59 135
60 151
61 0
62 100
63 203
64 74
65 157
66 178
67 151
68 222
69 134
70 139
71 194
72 99
73 166
74 159
75 193
76 208
77 169
78 99
79 188
80 176
81 205
82 155
83 196
84 151
85 178
86 175
87 133
88 152
89 158
90 144
91 176
92 155
93 112
94 274
95 194
96 169
97 152
98 164
99 181
100 203
101 121
102 123
103 183
104 128
105 129
106 204
107 182
108 137
109 196
110 140
111 123
112 104
113 160
114 183
115 128
116 154
117 100
118 225
119 76
120 159
121 210
122 182
123 180
124 162
125 170
126 190
127 183
128 192
129 88
130 128
131 171
132 175
133 136
134 163
135 126
136 142
137 159
138 143
139 145
140 256
141 190
142 127
143 124
144 240
145 196
146 114
147 156
148 145
149 136
150 131
151 150
152 155
153 160
154 149
155 170
156 193
157 161
158 166
159 256
160 158
161 141
162 177
163 128
164 171
165 165
166 159
167 184
168 29
169 228
170 151
171 138
172 147
173 121
174 173
175 171
176 130
177 138
178 135
179 234
180 121
181 130
182 148
183 130
184 182
185 136
186 124
187 189
188 126
189 136
190 149
191 192
192 168
193 169
194 154
195 170
196 89
197 174
198 159
199 161
200 124
201 196
202 172
203 181
204 195
205 147
206 155
207 170
208 133
209 162
210 192
211 148
212 189
213 143
214 169
215 135
216 133
217 146
218 148
219 199
220 168
221 164
222 180
223 196
224 93
225 120
226 31
227 165
228 136
229 146
230 172
231 182
232 0
233 222
234 165
235 177
236 140
237 172
238 94
239 89
240 121
241 105
242 88
243 112
244 172
245 188
246 167
247 186
248 81
249 153
250 197
251 203
252 173
253 156
254 55
255 170
256 52
257 147
258 127
259 141
260 158
261 212
262 148
263 234
264 174
265 158
266 143
267 147
268 207
269 157
270 240
271 110
272 143
273 158
274 120
275 132
276 144
277 138
278 211
279 175
280 201
281 195
282 198
283 133
284 149
285 173
286 121
287 140
288 219
289 209
290 197
291 171
292 127
293 170
294 144
295 157
296 160
297 162
298 125
299 111
300 148
301 198
302 151
303 128
304 158
305 148
306 156
307 189
308 93
309 159
310 178
311 106
312 182
313 97
314 206
315 159
316 179
317 145
318 116
319 81
320 171
321 133
322 197
323 129
324 160
325 170
326 224
327 178
328 195
329 88
330 135
331 147
332 159
333 261
334 157
335 137
336 291
337 108
338 153
339 134
340 135
341 150
342 150
343 136
344 97
345 160
346 108
347 195
348 137
349 186
350 158
351 157
352 184
353 137
354 153
355 154
356 149
357 179
358 138
359 169
360 168
361 166
362 200
363 198
364 166
365 109
366 143
367 137
368 107
369 121
370 235
371 118
372 163
373 177
374 170
375 166
376 111
377 163
378 203
379 142
380 170
381 141
382 166
383 111
384 151
385 157
386 166
387 149
388 88
389 123
390 109
391 118
392 148
393 187
394 189
395 119
396 219
397 95
398 187
399 143
400 138
401 163
402 107
403 155
404 191
405 94
406 172
407 147
408 125
409 208
410 183
411 112
412 111
413 125
414 159
415 169
416 153
417 137
418 163
419 115
420 191
421 171
422 140
423 120
424 90
425 178
426 106
427 94
428 173
429 132
430 161
431 27
432 168
433 182
434 158
435 129
436 151
437 89
438 173
439 144
440 171
441 72
442 211
443 151
444 186
445 109
446 131
447 173
448 107
449 75
450 140
451 178
452 149
453 192
454 139
455 170
456 165
457 155
458 88
459 128
460 180
461 103
462 175
463 172
464 138
465 135
466 185
467 156
468 75
469 168
470 161
471 217
472 166
473 143
474 166
475 136
476 159
477 112
478 179
479 170
480 133
481 155
482 182
483 109
484 190
485 139
486 128
487 155
488 167
489 114
490 116
491 144
492 0
493 134
494 165
495 193
496 199
497 148
498 201
499 174
500 112
501 108
502 144
503 205
504 94
505 212
506 192
507 140
508 180
509 84
510 132
511 87
512 132
513 125
514 191
515 180
516 201
517 151
518 167
519 180
520 69
521 192
522 146
523 183
524 163
525 148
526 144
527 166
528 167
529 96
530 110
531 140
532 95
533 173
534 139
535 150
536 151
537 132
538 171
539 208
540 111
541 154
542 161
543 196
544 226
545 202
546 154
547 157
548 182
549 180
550 134
551 152
552 159
553 143
554 155
555 194
556 158
557 163
558 228
559 156
560 168
561 139
562 141
563 218
564 147
565 180
566 138
567 177
568 156
569 161
570 146
571 113
572 158
573 130
574 160
575 188
576 164
577 207
578 145
579 130
580 192
581 178
582 215
583 180
584 113
585 168
586 143
587 160
588 129
589 93
590 196
591 75
592 131
593 216
594 145
595 173
596 176
597 146
598 165
599 146
600 132
601 119
602 198
603 214
604 132
605 136
606 217
607 113
608 198
609 158
610 162
611 118
612 157
613 196
614 107
615 107
616 157
617 155
618 131
619 104
620 204
621 175
622 152
623 162
624 121
625 171
626 145
627 197
628 139
629 157
630 139
631 105
632 251
633 189
634 164
635 128
636 165
637 183
638 208
639 148
640 156
641 165
642 131
643 165
644 150
645 180
646 121
647 157
648 79
649 125
650 182
651 158
652 205
653 166
654 160
655 145
656 183
657 120
658 92
659 178
660 154
661 131
662 239
663 167
664 168
665 183
666 106
667 176
668 199
669 128
670 90
671 137
672 155
673 30
674 154
675 139
676 203
677 157
678 106
679 129
680 197
681 171
682 82
683 132
684 91
685 233
686 176
687 112
688 119
689 142
690 130
691 161
692 148
693 146
694 139
695 203
696 144
697 147
698 181
699 126
700 147
701 165
702 216
703 145
704 152
705 150
706 132
707 151
708 208
709 119
710 165
711 197
712 116
713 97
714 104
715 111
716 192
717 0
718 99
719 190
720 212
721 104
722 240
723 61
724 195
725 182
726 207
727 172
728 157
729 183
730 179
731 275
732 128
733 90
734 176
735 201
736 182
737 78
738 152
739 114
740 146
741 233
742 176
743 189
744 152
745 177
746 170
747 159
748 144
749 98
750 169
751 183
752 141
753 141
754 169
755 206
756 166
757 227
758 171
759 117
760 134
761 182
762 136
763 115
764 100
765 147
766 125
767 175
768 137
769 178
770 198
771 142
772 144
773 152
774 149
775 167
776 134
777 169
778 156
779 231
780 194
781 127
782 171
783 156
784 160
785 164
786 165
787 176
788 160
789 130
790 162
791 172
792 133
793 200
794 184
795 262
796 195
797 179
798 90
799 102
800 115
801 188
802 149
803 143
804 111
805 170
806 129
807 167
808 106
809 132
810 108
811 151
812 112
813 194
814 169
815 135
816 177
817 136
818 114
819 178
820 109
821 0
822 151
823 189
824 127
825 146
826 149
827 143
828 125
829 162
830 213
831 180
832 166
833 179
834 119
835 114
836 140
837 166
838 113
839 90
840 139
841 184
842 201
843 187
844 146
845 131
846 94
847 176
848 198
849 133
850 113
851 131
852 179
853 162
854 177
855 82
856 167
857 158
858 117
859 154
860 241
861 169
862 83
863 182
864 128
865 160
866 116
867 125
868 106
869 188
870 183
871 185
872 125
873 174
874 179
875 165
876 164
877 163
878 177
879 117
880 142
881 277
882 166
883 150
884 148
885 146
886 152
887 96
888 96
889 113
890 92
891 161
892 122
893 173
894 167
895 117
896 137
897 107
898 162
899 164
900 145
901 174
902 180
903 187
904 123
905 139
906 150
907 212
908 174
909 132
910 168
911 162
912 93
913 144
914 117
915 205
916 153
917 133
918 207
919 189
920 170
921 92
922 150
923 164
924 173
925 157
926 103
927 127
928 127
929 170
930 148
931 111
932 160
933 186
934 173
935 153
936 153
937 125
938 205
939 162
940 149
941 192
942 143
943 109
944 135
945 221
946 156
947 203
948 141
949 99
950 136
951 126
952 177
953 216
954 213
955 147
956 169
957 152
958 174
959 91
960 150
961 180
962 151
963 212
964 95
965 140
966 181
967 159
968 99
969 206
970 247
971 153
972 191
973 97
974 148
975 162
976 157
977 155
978 102
979 219
980 163
981 236
982 220
983 198
984 201
985 102
986 193
987 129
988 108
989 221
990 143
991 109
992 138
993 153
994 151
995 162
996 112
997 204
998 88
999 189
1000 114
1001 135
1002 122
1003 204
1004 155
1005 141
1006 190
1007 178
1008 156
1009 111
1010 168
1011 160
1012 99
1013 188
1014 162
1015 141
1016 133
1017 193
1018 194
1019 188
1020 251
1021 206
1022 84
1023 155
1024 139
1025 185
1026 159
1027 131
1028 350
1029 101
1030 163
1031 159
1032 159
1033 139
1034 174
1035 281
1036 203
1037 199
1038 196
1039 163
1040 173
1041 143
1042 147
1043 131
1044 125
1045 147
1046 213
1047 104
1048 119
1049 155
1050 152
1051 187
1052 135
1053 112
1054 215
1055 175
1056 68
1057 152
1058 179
1059 158
1060 96
1061 141
1062 145
1063 195
1064 124
1065 142
1066 222
1067 182
1068 141
1069 118
1070 226
1071 125
1072 184
1073 93
1074 181
1075 126
1076 149
1077 166
1078 149
1079 155
1080 189
1081 307
1082 139
1083 179
1084 158
1085 183
1086 188
1087 175
1088 190
1089 205
1090 130
1091 126
1092 133
1093 164
1094 141
1095 183
1096 142
1097 105
1098 133
1099 179
1100 162
1101 195
1102 192
1103 175
1104 147
1105 121
1106 193
1107 183
1108 184
1109 139
1110 104
1111 121
1112 138
1113 131
1114 177
1115 128
1116 92
1117 155
1118 128
1119 159
1120 88
1121 163
1122 154
1123 127
1124 173
1125 67
1126 123
1127 148
1128 125
1129 181
1130 133
1131 202
1132 190
1133 89
1134 196
1135 127
1136 116
1137 197
1138 96
1139 183
1140 165
1141 173
1142 155
1143 0
1144 176
1145 174
1146 167
1147 176
1148 216
1149 228
1150 130
1151 199
1152 157
1153 211
1154 180
1155 188
1156 125
1157 184
1158 187
1159 98
1160 142
1161 154
1162 150
1163 150
1164 138
1165 125
1166 162
1167 201
1168 147
1169 245
1170 90
1171 98
1172 138
1173 188
1174 176
1175 122
1176 176
1177 148
1178 138
1179 174
1180 197
1181 98
1182 186
1183 82
1184 151
1185 95
1186 194
1187 156
1188 130
1189 177
1190 131
1191 147
1192 204
1193 182
1194 190
1195 155
1196 174
1197 154
1198 154
1199 128
1200 218
1201 132
1202 149
1203 80
1204 131
1205 169
1206 182
1207 170
1208 152
1209 180
1210 180
1211 149
1212 213
1213 116
1214 217
1215 209
1216 146
1217 162
1218 122
1219 166
1220 162
1221 154
1222 181
1223 200
1224 182
1225 223
1226 171
1227 188
1228 170
1229 102
1230 141
1231 175
1232 150
1233 172
1234 128
1235 114
1236 204
1237 214
1238 157
1239 131
1240 123
1241 88
1242 155
1243 176
1244 153
1245 217
1246 157
1247 106
1248 149
1249 175
1250 193
1251 125
1252 149
1253 168
1254 200
1255 117
1256 134
1257 157
1258 111
1259 290
1260 153
1261 154
1262 137
1263 112
1264 166
1265 137
1266 75
1267 173
1268 111
1269 183
1270 108
1271 146
1272 150
1273 235
1274 199
1275 149
1276 139
1277 133
1278 115
1279 158
1280 114
1281 152
1282 162
1283 140
1284 150
1285 152
1286 114
1287 149
1288 138
1289 178
1290 132
1291 162
1292 134
1293 203
1294 120
1295 186
1296 231
1297 186
1298 164
1299 125
1300 122
1301 189
1302 124
1303 0
1304 219
1305 157
1306 147
1307 124
1308 160
1309 145
1310 145
1311 179
1312 199
1313 34
1314 169
1315 98
1316 162
1317 109
1318 135
1319 163
1320 186
1321 146
1322 90
1323 74
1324 189
1325 150
1326 195
1327 146
1328 192
1329 189
1330 132
1331 163
1332 213
1333 157
1334 98
1335 158
1336 241
1337 180
1338 169
1339 135
1340 148
1341 185
1342 224
1343 194
1344 148
1345 170
1346 58
1347 144
1348 141
1349 160
1350 142
1351 159
1352 210
1353 173
1354 100
1355 202
1356 185
1357 107
1358 146
1359 193
1360 141
1361 184
1362 191
1363 171
1364 70
1365 177
1366 177
1367 157
1368 175
1369 129
1370 66
1371 165
1372 153
1373 185
1374 100
1375 173
1376 183
1377 196
1378 121
1379 149
1380 237
1381 154
1382 191
1383 137
1384 179
1385 139
1386 187
1387 190
1388 107
1389 104
1390 212
1391 69
1392 174
1393 153
1394 113
1395 210
1396 126
1397 171
1398 162
1399 169
1400 198
1401 155
1402 92
1403 195
1404 149
1405 138
1406 127
1407 156
1408 175
1409 96
1410 248
1411 180
1412 185
1413 157
1414 120
1415 107
1416 180
1417 138
1418 177
1419 179
1420 123
1421 121
1422 146
1423 142
1424 182
1425 154
1426 157
1427 116
1428 186
1429 124
1430 133
1431 210
1432 104
1433 88
1434 133
1435 214
1436 138
1437 177
1438 202
1439 168
1440 195
1441 138
1442 117
1443 133
1444 252
1445 176
1446 211
1447 157
1448 133
1449 179
1450 224
1451 162
1452 152
1453 159
1454 176
1455 149
1456 136
1457 98
1458 147
1459 174
1460 164
1461 159
1462 156
1463 152
1464 161
1465 136
1466 106
1467 193
1468 161
1469 123
1470 146
1471 141
1472 134
1473 157
1474 245
1475 146
1476 169
1477 207
1478 144
1479 141
1480 192
1481 215
1482 149
1483 161
1484 167
1485 147
1486 172
1487 168
1488 154
1489 148
1490 124
1491 135
1492 138
1493 217
1494 172
1495 152
1496 209
1497 183
1498 177
1499 173
1500 184
1501 121
1502 144
1503 187
1504 119
1505 150
1506 169
1507 155
1508 189
1509 179
1510 80
1511 104
1512 149
1513 128
1514 170
1515 146
1516 208
1517 138
1518 136
1519 166
1520 115
1521 148
1522 133
1523 140
1524 199
1525 184
1526 152
1527 178
1528 160
1529 124
1530 140
1531 145
1532 188
1533 175
1534 98
1535 174
1536 167
1537 135
1538 210
1539 143
1540 179
1541 165
1542 230
1543 176
1544 111
1545 224
1546 162
1547 169
1548 134
1549 147
1550 135
1551 121
1552 248
1553 166
1554 160
1555 205
1556 186
1557 153
1558 165
1559 194
1560 143
1561 105
1562 141
1563 189
1564 129
1565 214
1566 37
1567 135
1568 176
1569 149
1570 116
1571 167
1572 175
1573 169
1574 136
1575 219
1576 185
1577 157
1578 175
1579 151
1580 239
1581 157
1582 153
1583 159
1584 170
1585 216
1586 136
1587 230
1588 168
1589 136
1590 139
1591 136
1592 129
1593 209
1594 123
1595 135
1596 131
1597 133
1598 114
1599 136
1600 154
1601 176
1602 235
1603 134
1604 180
1605 172
1606 200
1607 208
1608 158
1609 158
1610 150
1611 105
1612 136
1613 130
1614 106
1615 183
1616 135
1617 263
1618 141
1619 143
1620 121
1621 171
1622 108
1623 193
1624 141
1625 136
1626 153
1627 159
1628 169
1629 146
1630 176
1631 176
1632 166
1633 32
1634 128
1635 113
1636 172
1637 163
1638 200
1639 187
1640 91
1641 155
1642 156
1643 78
1644 186
1645 163
1646 102
1647 147
1648 106
1649 126
1650 195
1651 41
1652 95
1653 140
1654 143
1655 132
1656 137
1657 217
1658 119
1659 258
1660 162
1661 15
1662 158
1663 162
1664 171
1665 165
1666 178
1667 176
1668 123
1669 235
1670 158
1671 155
1672 141
1673 175
1674 170
1675 162
1676 68
1677 173
1678 163
1679 212
1680 157
1681 157
1682 150
1683 171
1684 133
1685 177
1686 144
1687 152
1688 157
1689 133
1690 164
1691 120
1692 166
1693 158
1694 167
1695 157
1696 168
1697 162
1698 177
1699 150
1700 271
1701 235
1702 117
1703 178
1704 168
1705 169
1706 134
1707 147
1708 167
1709 139
1710 156
1711 161
1712 135
1713 172
1714 158
1715 104
1716 136
1717 203
1718 125
1719 196
1720 147
1721 105
1722 120
1723 159
1724 137
1725 124
1726 197
1727 155
1728 166
1729 130
1730 251
1731 194
1732 208
1733 143
1734 149
1735 133
1736 101
1737 136
1738 112
1739 159
1740 108
1741 183
1742 129
1743 211
1744 121
1745 136
1746 150
1747 98
1748 151
1749 150
1750 148
1751 174
1752 165
1753 117
1754 214
1755 119
1756 132
1757 180
1758 62
1759 144
1760 116
1761 147
1762 168
1763 162
1764 197
1765 88
1766 180
1767 151
1768 127
1769 127
1770 140
1771 155
1772 171
1773 171
1774 160
1775 179
1776 174
1777 0
1778 116
1779 100
1780 96
1781 160
1782 147
1783 142
1784 84
1785 119
1786 123
1787 224
1788 122
1789 105
1790 206
1791 134
1792 177
1793 103
1794 180
1795 87
1796 197
1797 74
1798 46
1799 166
1800 180
1801 111
1802 114
1803 171
1804 146
1805 174
1806 150
1807 141
1808 159
1809 159
1810 176
1811 205
1812 172
1813 158
1814 220
1815 123
1816 206
1817 126
1818 143
1819 152
1820 174
1821 252
1822 134
1823 192
1824 131
1825 134
1826 157
1827 170
1828 170
1829 173
1830 113
1831 138
1832 181
1833 98
1834 174
1835 132
1836 137
1837 99
1838 119
1839 156
1840 148
1841 146
1842 154
1843 160
1844 147
1845 230
1846 155
1847 157
1848 146
1849 219
1850 106
1851 142
1852 116
1853 156
1854 124
1855 143
1856 150
1857 89
1858 156
1859 163
1860 160
1861 153
1862 139
1863 198
1864 166
1865 63
1866 150
1867 160
1868 203
1869 204
1870 159
1871 178
1872 186
1873 173
1874 126
1875 172
1876 184
1877 179
1878 108
1879 115
1880 157
1881 200
1882 148
1883 176
1884 153
1885 73
1886 149
1887 163
1888 187
1889 177
1890 89
1891 151
1892 168
1893 175
1894 213
1895 157
1896 178
1897 120
1898 76
1899 158
1900 149
1901 166
1902 167
1903 158
1904 171
1905 133
1906 199
1907 143
1908 117
1909 168
1910 149
1911 110
1912 177
1913 119
1914 182
1915 160
1916 197
1917 178
1918 173
1919 190
1920 169
1921 232
1922 164
1923 95
1924 139
1925 157
1926 103
1927 140
1928 171
1929 159
1930 171
1931 147
1932 128
1933 187
1934 92
1935 154
1936 137
1937 106
1938 192
1939 152
1940 127
1941 149
1942 179
1943 169
1944 124
1945 170
1946 155
1947 149
1948 177
1949 147
1950 201
1951 170
1952 129
1953 160
1954 118
1955 168
1956 130
1957 179
1958 140
1959 105
1960 141
1961 186
1962 152
1963 167
1964 127
1965 153
1966 124
1967 175
1968 220
1969 177
1970 151
1971 193
1972 160
1973 186
1974 140
1975 196
1976 135
1977 173
1978 123
1979 153
1980 152
1981 84
1982 158
1983 70
1984 170
1985 212
1986 156
1987 212
1988 181
1989 157
1990 134
1991 176
1992 160
1993 164
1994 167
1995 169
1996 151
1997 188
1998 150
1999 157
