Vertices: 7300
Edges: 36500
Time: 2,238 ms
Iterations: 36221
Vertex Distance
0 0
1 150
2 220
3 190
4 234
5 196
6 240
7 169
8 158
9 201
10 296
11 248
12 102
13 162
14 211
15 273
16 165
17 195
18 224
19 159
20 197
21 174
22 148
23 161
24 145
25 217
26 199
27 210
28 191
29 173
30 216
31 175
32 169
33 179
34 214
35 98
36 197
37 224
38 262
39 233
40 192
41 207
42 215
43 188
44 198
45 161
46 184
47 155
48 210
49 230
50 178
51 186
52 175
53 195
54 187
55 173
56 280
57 237
58 242
59 156
60 168
61 187
62 204
63 234
64 200
65 203
66 213
67 208
68 216
69 176
70 134
71 177
72 171
73 218
74 168
75 201
76 184
77 205
78 207
79 108
80 139
81 199
82 192
83 200
84 177
85 216
86 247
87 186
88 162
89 140
90 199
91 200
92 194
93 231
94 200
95 188
96 205
97 165
98 174
99 270
100 206
101 128
102 174
103 181
104 199
105 180
106 239
107 210
108 200
109 168
110 208
111 184
112 145
113 166
114 152
115 177
116 190
117 188
118 166
119 193
120 220
121 196
122 203
123 93
124 211
125 149
126 98
127 249
128 188
129 183
130 193
131 219
132 195
133 224
134 213
135 177
136 192
137 218
138 201
139 216
140 232
141 136
142 184
143 192
144 228
145 148
146 210
147 225
148 251
149 247
150 225
151 221
152 240
153 184
154 237
155 201
156 134
157 158
158 227
159 230
160 179
161 200
162 174
163 226
164 221
165 81
166 183
167 194
168 172
169 259
170 241
171 141
172 204
173 140
174 197
175 186
176 226
177 189
178 246
179 192
180 285
181 162
182 207
183 246
184 209
185 195
186 0
187 166
188 228
189 267
190 167
191 192
192 259
193 165
194 178
195 199
196 250
197 161
198 272
199 219
200 230
201 167
202 211
203 258
204 192
205 200
206 211
207 240
208 202
209 217
210 233
211 186
212 195
213 204
214 220
215 185
216 235
217 225
218 189
219 193
220 181
221 183
222 219
223 146
224 185
225 67
226 198
227 207
228 202
229 174
230 154
231 178
232 235
233 214
234 189
235 270
236 234
237 195
238 171
239 205
240 169
241 208
242 178
243 218
244 196
245 204
246 180
247 187
248 233
249 208
250 184
251 233
252 218
253 192
254 144
255 177
256 122
257 203
258 180
259 203
260 144
261 157
262 193
263 233
264 232
265 218
266 181
267 154
268 209
269 164
270 160
271 223
272 172
273 247
274 129
275 250
276 242
277 164
278 141
279 194
280 189
281 186
282 192
283 214
284 226
285 207
286 223
287 212
288 203
289 180
290 280
291 201
292 196
293 179
294 225
295 242
296 236
297 209
298 173
299 190
300 210
301 224
302 266
303 204
304 182
305 203
306 245
307 179
308 230
309 197
310 175
311 243
312 211
313 150
314 168
315 237
316 174
317 175
318 187
319 215
320 250
321 235
322 183
323 243
324 205
325 145
326 174
327 185
328 233
329 212
330 212
331 205
332 119
333 243
334 228
335 172
336 187
337 217
338 169
339 193
340 159
341 197
342 184
343 174
344 163
345 180
346 196
347 209
348 223
349 239
350 208
351 201
352 211
353 161
354 190
355 186
356 153
357 145
358 234
359 170
360 172
361 204
362 246
363 246
364 164
365 203
366 112
367 188
368 181
369 188
370 166
371 197
372 189
373 180
374 151
375 146
376 185
377 204
378 209
379 213
380 270
381 201
382 206
383 194
384 154
385 226
386 195
387 183
388 270
389 177
390 182
391 141
392 273
393 217
394 207
395 194
396 132
397 231
398 175
399 193
400 171
401 193
402 232
403 75
404 230
405 217
406 207
407 210
408 207
409 207
410 196
411 194
412 176
413 161
414 158
415 153
416 199
417 184
418 263
419 222
420 229
421 215
422 227
423 200
424 185
425 227
426 225
427 209
428 223
429 222
430 165
431 193
432 177
433 199
434 196
435 197
436 135
437 97
438 171
439 119
440 202
441 227
442 227
443 222
444 165
445 165
446 127
447 159
448 159
449 224
450 178
451 0
452 233
453 189
454 119
455 239
456 220
457 201
458 207
459 160
460 179
461 182
462 186
463 235
464 194
465 189
466 180
467 197
468 262
469 242
470 175
471 194
472 233
473 180
474 210
475 168
476 222
477 184
478 199
479 203
480 223
481 179
482 191
483 199
484 168
485 207
486 206
487 163
488 172
489 203
490 208
491 284
492 183
493 179
494 213
495 181
496 213
497 243
498 167
499 118
500 265
501 194
502 253
503 80
504 167
505 183
506 256
507 220
508 224
509 158
510 194
511 156
512 214
513 165
514 206
515 148
516 244
517 186
518 165
519 188
520 173
521 221
522 133
523 174
524 211
525 162
526 207
527 195
528 173
529 216
530 242
531 201
532 200
533 250
534 217
535 265
536 268
537 176
538 170
539 147
540 206
541 208
542 184
543 248
544 191
545 182
546 201
547 218
548 225
549 264
550 113
551 225
552 186
553 210
554 158
555 182
556 216
557 128
558 185
559 173
560 173
561 183
562 182
563 192
564 158
565 159
566 194
567 159
568 183
569 152
570 173
571 133
572 209
573 151
574 220
575 189
576 133
577 240
578 291
579 201
580 151
581 183
582 170
583 138
584 206
585 230
586 189
587 188
588 192
589 237
590 202
591 166
592 203
593 168
594 197
595 184
596 216
597 237
598 185
599 185
600 202
601 267
602 101
603 207
604 189
605 192
606 227
607 177
608 248
609 156
610 196
611 241
612 220
613 157
614 183
615 218
616 187
617 193
618 203
619 161
620 184
621 180
622 154
623 211
624 63
625 175
626 192
627 184
628 266
629 262
630 181
631 193
632 166
633 126
634 203
635 121
636 195
637 161
638 183
639 248
640 265
641 210
642 241
643 179
644 180
645 182
646 280
647 210
648 205
649 151
650 261
651 202
652 201
653 177
654 209
655 146
656 167
657 230
658 141
659 202
660 215
661 186
662 220
663 166
664 179
665 248
666 230
667 180
668 217
669 205
670 210
671 215
672 261
673 140
674 132
675 162
676 94
677 218
678 173
679 92
680 217
681 205
682 114
683 171
684 168
685 174
686 196
687 178
688 215
689 214
690 204
691 175
692 223
693 208
694 204
695 180
696 189
697 197
698 231
699 183
700 239
701 198
702 215
703 216
704 202
705 172
706 201
707 181
708 224
709 177
710 216
711 195
712 206
713 217
714 199
715 256
716 212
717 210
718 244
719 180
720 158
721 146
722 172
723 270
724 165
725 236
726 282
727 119
728 113
729 190
730 222
731 147
732 173
733 218
734 186
735 201
736 188
737 189
738 190
739 218
740 200
741 240
742 190
743 194
744 234
745 164
746 182
747 213
748 115
749 177
750 175
751 150
752 198
753 169
754 279
755 197
756 229
757 140
758 204
759 197
760 161
761 216
762 198
763 125
764 255
765 196
766 274
767 140
768 197
769 211
770 235
771 223
772 219
773 0
774 218
775 206
776 145
777 162
778 193
779 272
780 214
781 209
782 0
783 182
784 199
785 169
786 149
787 214
788 200
789 170
790 175
791 222
792 234
793 173
794 179
795 215
796 150
797 153
798 210
799 230
800 235
801 177
802 129
803 151
804 178
805 222
806 162
807 217
808 185
809 280
810 232
811 193
812 226
813 277
814 240
815 233
816 151
817 190
818 171
819 173
820 280
821 157
822 193
823 263
824 245
825 311
826 195
827 216
828 0
829 243
830 117
831 200
832 235
833 198
834 228
835 180
836 190
837 173
838 208
839 138
840 170
841 212
842 221
843 201
844 169
845 250
846 179
847 244
848 173
849 139
850 201
851 171
852 205
853 218
854 166
855 197
856 147
857 232
858 173
859 189
860 224
861 213
862 225
863 186
864 185
865 186
866 231
867 210
868 138
869 210
870 192
871 0
872 171
873 179
874 183
875 202
876 182
877 150
878 157
879 206
880 196
881 172
882 170
883 200
884 295
885 183
886 209
887 70
888 228
889 236
890 185
891 197
892 209
893 203
894 186
895 122
896 163
897 176
898 303
899 166
900 230
901 172
902 140
903 234
904 192
905 192
906 300
907 177
908 169
909 215
910 216
911 213
912 185
913 123
914 155
915 136
916 195
917 238
918 204
919 188
920 250
921 199
922 198
923 170
924 172
925 206
926 195
927 190
928 257
929 190
930 272
931 265
932 172
933 173
934 192
935 224
936 169
937 171
938 212
939 83
940 224
941 250
942 180
943 160
944 204
945 250
946 185
947 140
948 187
949 164
950 0
951 190
952 159
953 197
954 188
955 240
956 174
957 244
958 190
959 145
960 183
961 208
962 186
963 260
964 204
965 153
966 163
967 224
968 165
969 215
970 173
971 190
972 249
973 191
974 138
975 269
976 202
977 112
978 232
979 203
980 218
981 219
982 239
983 199
984 203
985 203
986 117
987 199
988 175
989 199
990 273
991 204
992 135
993 245
994 291
995 166
996 198
997 196
998 196
999 172
1000 208
1001 177
1002 241
1003 107
1004 167
1005 216
1006 187
1007 170
1008 243
1009 177
1010 180
1011 201
1012 190
1013 160
1014 215
1015 205
1016 186
1017 212
1018 104
1019 0
1020 209
1021 182
1022 151
1023 147
1024 217
1025 209
1026 183
1027 195
1028 157
1029 155
1030 171
1031 234
1032 180
1033 174
1034 222
1035 258
1036 148
1037 216
1038 173
1039 205
1040 189
1041 214
1042 190
1043 167
1044 203
1045 175
1046 198
1047 232
1048 193
1049 217
1050 156
1051 171
1052 143
1053 215
1054 217
1055 125
1056 270
1057 263
1058 125
1059 207
1060 190
1061 233
1062 183
1063 249
1064 202
1065 196
1066 254
1067 176
1068 161
1069 242
1070 219
1071 189
1072 189
1073 240
1074 157
1075 211
1076 232
1077 216
1078 274
1079 170
1080 228
1081 268
1082 214
1083 200
1084 159
1085 251
1086 196
1087 198
1088 227
1089 163
1090 216
1091 232
1092 139
1093 180
1094 236
1095 160
1096 190
1097 149
1098 210
1099 200
1100 194
1101 156
1102 134
1103 215
1104 154
1105 158
1106 128
1107 99
1108 271
1109 196
1110 148
1111 210
1112 169
1113 257
1114 212
1115 182
1116 196
1117 208
1118 168
1119 255
1120 188
1121 196
1122 148
1123 132
1124 159
1125 163
1126 213
1127 201
1128 170
1129 189
1130 157
1131 204
1132 185
1133 185
1134 155
1135 173
1136 195
1137 183
1138 167
1139 144
1140 141
1141 175
1142 234
1143 177
1144 185
1145 211
1146 211
1147 0
1148 210
1149 264
1150 229
1151 186
1152 179
1153 253
1154 229
1155 196
1156 171
1157 218
1158 128
1159 212
1160 206
1161 126
1162 196
1163 162
1164 226
1165 203
1166 199
1167 197
1168 183
1169 175
1170 130
1171 221
1172 219
1173 196
1174 180
1175 164
1176 234
1177 187
1178 188
1179 181
1180 211
1181 235
1182 156
1183 175
1184 183
1185 164
1186 209
1187 241
1188 187
1189 193
1190 236
1191 159
1192 250
1193 185
1194 248
1195 181
1196 189
1197 168
1198 191
1199 151
1200 220
1201 206
1202 195
1203 172
1204 201
1205 205
1206 214
1207 198
1208 171
1209 229
1210 165
1211 188
1212 144
1213 205
1214 185
1215 147
1216 172
1217 173
1218 282
1219 205
1220 157
1221 179
1222 179
1223 202
1224 194
1225 145
1226 252
1227 154
1228 223
1229 175
1230 146
1231 49
1232 171
1233 235
1234 202
1235 195
1236 244
1237 183
1238 223
1239 160
1240 215
1241 88
1242 130
1243 209
1244 200
1245 221
1246 217
1247 113
1248 199
1249 208
1250 263
1251 133
1252 229
1253 0
1254 190
1255 190
1256 242
1257 125
1258 174
1259 142
1260 80
1261 235
1262 209
1263 180
1264 227
1265 163
1266 244
1267 232
1268 192
1269 306
1270 175
1271 151
1272 227
1273 178
1274 142
1275 121
1276 216
1277 237
1278 233
1279 270
1280 256
1281 234
1282 193
1283 163
1284 165
1285 160
1286 185
1287 254
1288 211
1289 226
1290 216
1291 170
1292 197
1293 181
1294 179
1295 78
1296 131
1297 191
1298 293
1299 155
1300 205
1301 217
1302 154
1303 161
1304 190
1305 191
1306 183
1307 259
1308 147
1309 181
1310 235
1311 193
1312 168
1313 205
1314 223
1315 131
1316 163
1317 241
1318 192
1319 140
1320 232
1321 172
1322 209
1323 210
1324 186
1325 226
1326 188
1327 239
1328 253
1329 152
1330 214
1331 212
1332 237
1333 58
1334 198
1335 164
1336 100
1337 219
1338 215
1339 230
1340 183
1341 213
1342 174
1343 34
1344 189
1345 180
1346 164
1347 208
1348 146
1349 246
1350 186
1351 219
1352 167
1353 205
1354 239
1355 206
1356 143
1357 195
1358 188
1359 185
1360 223
1361 172
1362 200
1363 189
1364 176
1365 198
1366 154
1367 203
1368 190
1369 116
1370 168
1371 230
1372 230
1373 225
1374 189
1375 178
1376 134
1377 220
1378 189
1379 198
1380 237
1381 156
1382 218
1383 259
1384 201
1385 194
1386 186
1387 179
1388 230
1389 248
1390 240
1391 196
1392 197
1393 148
1394 135
1395 203
1396 153
1397 204
1398 205
1399 202
1400 108
1401 194
1402 200
1403 172
1404 201
1405 224
1406 219
1407 187
1408 214
1409 205
1410 213
1411 143
1412 182
1413 185
1414 170
1415 213
1416 169
1417 168
1418 243
1419 200
1420 167
1421 153
1422 111
1423 152
1424 199
1425 174
1426 186
1427 189
1428 207
1429 225
1430 182
1431 210
1432 174
1433 223
1434 188
1435 158
1436 185
1437 183
1438 232
1439 211
1440 181
1441 110
1442 178
1443 222
1444 176
1445 209
1446 141
1447 178
1448 199
1449 120
1450 184
1451 183
1452 188
1453 223
1454 132
1455 209
1456 248
1457 144
1458 177
1459 219
1460 132
1461 179
1462 251
1463 192
1464 199
1465 149
1466 114
1467 174
1468 130
1469 233
1470 163
1471 97
1472 260
1473 224
1474 211
1475 215
1476 207
1477 190
1478 146
1479 199
1480 231
1481 159
1482 198
1483 242
1484 216
1485 211
1486 137
1487 229
1488 166
1489 179
1490 185
1491 196
1492 237
1493 209
1494 249
1495 179
1496 142
1497 222
1498 239
1499 204
1500 170
1501 189
1502 160
1503 192
1504 174
1505 269
1506 204
1507 198
1508 170
1509 187
1510 196
1511 213
1512 235
1513 179
1514 167
1515 192
1516 230
1517 281
1518 205
1519 228
1520 247
1521 225
1522 224
1523 194
1524 200
1525 158
1526 229
1527 198
1528 196
1529 225
1530 183
1531 207
1532 247
1533 177
1534 224
1535 199
1536 202
1537 148
1538 252
1539 204
1540 185
1541 164
1542 262
1543 194
1544 194
1545 79
1546 178
1547 209
1548 204
1549 185
1550 175
1551 206
1552 174
1553 177
1554 127
1555 150
1556 199
1557 262
1558 210
1559 215
1560 225
1561 188
1562 178
1563 174
1564 217
1565 229
1566 167
1567 157
1568 183
1569 211
1570 181
1571 186
1572 135
1573 267
1574 162
1575 198
1576 246
1577 184
1578 183
1579 291
1580 196
1581 123
1582 199
1583 176
1584 177
1585 290
1586 160
1587 235
1588 164
1589 121
1590 185
1591 145
1592 164
1593 214
1594 211
1595 185
1596 0
1597 237
1598 219
1599 186
1600 231
1601 218
1602 178
1603 140
1604 162
1605 187
1606 196
1607 194
1608 201
1609 160
1610 181
1611 242
1612 221
1613 161
1614 180
1615 241
1616 204
1617 185
1618 166
1619 221
1620 253
1621 192
1622 246
1623 226
1624 165
1625 251
1626 219
1627 190
1628 155
1629 165
1630 200
1631 211
1632 204
1633 206
1634 212
1635 180
1636 104
1637 267
1638 139
1639 215
1640 192
1641 277
1642 272
1643 191
1644 254
1645 232
1646 202
1647 199
1648 163
1649 251
1650 173
1651 195
1652 247
1653 184
1654 195
1655 205
1656 187
1657 237
1658 175
1659 152
1660 202
1661 188
1662 167
1663 195
1664 192
1665 162
1666 245
1667 0
1668 228
1669 227
1670 189
1671 187
1672 182
1673 250
1674 134
1675 209
1676 226
1677 162
1678 185
1679 170
1680 194
1681 139
1682 268
1683 170
1684 190
1685 169
1686 228
1687 272
1688 139
1689 212
1690 297
1691 131
1692 205
1693 209
1694 207
1695 229
1696 214
1697 212
1698 137
1699 184
1700 205
1701 98
1702 253
1703 200
1704 186
1705 158
1706 238
1707 193
1708 264
1709 157
1710 166
1711 202
1712 210
1713 168
1714 206
1715 165
1716 192
1717 240
1718 151
1719 184
1720 247
1721 264
1722 171
1723 219
1724 190
1725 210
1726 156
1727 257
1728 149
1729 230
1730 158
1731 264
1732 143
1733 145
1734 251
1735 189
1736 322
1737 135
1738 226
1739 189
1740 227
1741 81
1742 206
1743 206
1744 181
1745 167
1746 153
1747 241
1748 215
1749 205
1750 189
1751 171
1752 270
1753 217
1754 178
1755 140
1756 179
1757 220
1758 272
1759 205
1760 215
1761 196
1762 189
1763 241
1764 194
1765 192
1766 172
1767 209
1768 247
1769 201
1770 187
1771 179
1772 177
1773 205
1774 189
1775 192
1776 139
1777 170
1778 193
1779 190
1780 171
1781 175
1782 200
1783 174
1784 230
1785 211
1786 191
1787 192
1788 130
1789 196
1790 246
1791 167
1792 216
1793 212
1794 171
1795 271
1796 228
1797 156
1798 227
1799 131
1800 201
1801 187
1802 248
1803 194
1804 248
1805 173
1806 208
1807 236
1808 177
1809 173
1810 200
1811 169
1812 278
1813 164
1814 239
1815 179
1816 206
1817 176
1818 154
1819 162
1820 113
1821 219
1822 196
1823 207
1824 178
1825 184
1826 254
1827 214
1828 180
1829 145
1830 147
1831 174
1832 219
1833 149
1834 152
1835 191
1836 194
1837 237
1838 215
1839 176
1840 162
1841 145
1842 221
1843 234
1844 170
1845 258
1846 203
1847 224
1848 246
1849 166
1850 157
1851 170
1852 220
1853 152
1854 186
1855 203
1856 167
1857 214
1858 161
1859 184
1860 241
1861 222
1862 266
1863 0
1864 227
1865 157
1866 168
1867 238
1868 205
1869 172
1870 164
1871 192
1872 211
1873 226
1874 204
1875 190
1876 203
1877 155
1878 186
1879 266
1880 232
1881 163
1882 234
1883 198
1884 220
1885 186
1886 194
1887 206
1888 185
1889 154
1890 195
1891 215
1892 185
1893 242
1894 204
1895 180
1896 211
1897 179
1898 263
1899 268
1900 217
1901 219
1902 207
1903 207
1904 255
1905 210
1906 187
1907 268
1908 203
1909 229
1910 166
1911 0
1912 136
1913 223
1914 204
1915 233
1916 289
1917 216
1918 243
1919 128
1920 209
1921 190
1922 174
1923 175
1924 147
1925 89
1926 166
1927 185
1928 144
1929 228
1930 243
1931 260
1932 137
1933 159
1934 216
1935 217
1936 135
1937 178
1938 116
1939 198
1940 169
1941 204
1942 184
1943 212
1944 200
1945 186
1946 230
1947 197
1948 172
1949 222
1950 178
1951 165
1952 103
1953 273
1954 210
1955 158
1956 248
1957 222
1958 150
1959 177
1960 176
1961 213
1962 192
1963 0
1964 191
1965 156
1966 212
1967 212
1968 204
1969 205
1970 206
1971 190
1972 211
1973 178
1974 179
1975 181
1976 152
1977 114
1978 182
1979 159
1980 144
1981 158
1982 258
1983 168
1984 197
1985 224
1986 219
1987 194
1988 153
1989 210
1990 175
1991 123
1992 192
1993 177
1994 184
1995 140
1996 195
1997 196
1998 198
1999 188
2000 173
2001 222
2002 192
2003 168
2004 210
2005 188
2006 80
2007 218
2008 167
2009 245
2010 94
2011 228
2012 215
2013 101
2014 215
2015 183
2016 218
2017 223
2018 228
2019 169
2020 229
2021 177
2022 208
2023 154
2024 231
2025 230
2026 179
2027 182
2028 176
2029 188
2030 219
2031 189
2032 181
2033 205
2034 163
2035 210
2036 186
2037 191
2038 218
2039 171
2040 205
2041 205
2042 269
2043 146
2044 136
2045 190
2046 77
2047 212
2048 200
2049 223
2050 190
2051 132
2052 225
2053 179
2054 187
2055 152
2056 150
2057 203
2058 181
2059 131
2060 231
2061 186
2062 237
2063 184
2064 193
2065 235
2066 235
2067 266
2068 221
2069 207
2070 214
2071 186
2072 170
2073 198
2074 181
2075 255
2076 242
2077 207
2078 209
2079 214
2080 195
2081 0
2082 219
2083 165
2084 235
2085 127
2086 156
2087 194
2088 187
2089 215
2090 208
2091 184
2092 198
2093 241
2094 206
2095 171
2096 173
2097 112
2098 174
2099 141
2100 269
2101 237
2102 214
2103 185
2104 258
2105 196
2106 218
2107 220
2108 137
2109 220
2110 212
2111 254
2112 160
2113 135
2114 191
2115 183
2116 185
2117 194
2118 216
2119 201
2120 278
2121 97
2122 193
2123 219
2124 185
2125 214
2126 236
2127 282
2128 226
2129 213
2130 178
2131 223
2132 180
2133 199
2134 164
2135 157
2136 179
2137 202
2138 253
2139 200
2140 193
2141 170
2142 233
2143 255
2144 210
2145 158
2146 179
2147 179
2148 137
2149 225
2150 171
2151 192
2152 198
2153 157
2154 170
2155 203
2156 143
2157 242
2158 174
2159 179
2160 189
2161 184
2162 247
2163 239
2164 205
2165 177
2166 197
2167 209
2168 242
2169 162
2170 237
2171 148
2172 174
2173 184
2174 105
2175 208
2176 242
2177 235
2178 218
2179 105
2180 111
2181 210
2182 195
2183 226
2184 215
2185 208
2186 179
2187 176
2188 174
2189 217
2190 214
2191 191
2192 207
2193 190
2194 166
2195 191
2196 157
2197 218
2198 213
2199 168
2200 202
2201 255
2202 191
2203 159
2204 203
2205 191
2206 160
2207 219
2208 198
2209 199
2210 211
2211 236
2212 225
2213 264
2214 173
2215 173
2216 169
2217 196
2218 229
2219 217
2220 192
2221 224
2222 251
2223 182
2224 158
2225 187
2226 178
2227 182
2228 192
2229 185
2230 141
2231 152
2232 232
2233 159
2234 218
2235 216
2236 209
2237 156
2238 216
2239 143
2240 243
2241 167
2242 198
2243 159
2244 182
2245 257
2246 117
2247 222
2248 209
2249 226
2250 219
2251 199
2252 186
2253 157
2254 154
2255 186
2256 204
2257 173
2258 211
2259 213
2260 108
2261 164
2262 181
2263 189
2264 187
2265 214
2266 186
2267 257
2268 203
2269 171
2270 175
2271 172
2272 264
2273 128
2274 119
2275 236
2276 206
2277 198
2278 212
2279 190
2280 173
2281 205
2282 191
2283 213
2284 130
2285 208
2286 187
2287 160
2288 212
2289 183
2290 117
2291 175
2292 246
2293 179
2294 274
2295 262
2296 221
2297 236
2298 265
2299 192
2300 211
2301 255
2302 194
2303 236
2304 242
2305 200
2306 100
2307 273
2308 182
2309 205
2310 210
2311 182
2312 236
2313 233
2314 272
2315 0
2316 199
2317 227
2318 0
2319 195
2320 264
2321 210
2322 166
2323 189
2324 195
2325 235
2326 163
2327 184
2328 203
2329 184
2330 330
2331 239
2332 199
2333 87
2334 218
2335 189
2336 157
2337 186
2338 176
2339 243
2340 189
2341 187
2342 115
2343 150
2344 167
2345 172
2346 190
2347 145
2348 200
2349 189
2350 172
2351 163
2352 195
2353 123
2354 185
2355 167
2356 174
2357 206
2358 198
2359 186
2360 153
2361 198
2362 190
2363 244
2364 154
2365 189
2366 165
2367 212
2368 240
2369 174
2370 140
2371 197
2372 247
2373 210
2374 209
2375 236
2376 231
2377 251
2378 218
2379 133
2380 202
2381 211
2382 189
2383 205
2384 213
2385 172
2386 189
2387 212
2388 237
2389 174
2390 188
2391 204
2392 198
2393 235
2394 182
2395 174
2396 241
2397 229
2398 159
2399 170
2400 252
2401 150
2402 194
2403 159
2404 0
2405 286
2406 158
2407 177
2408 171
2409 164
2410 174
2411 173
2412 227
2413 206
2414 146
2415 197
2416 212
2417 225
2418 153
2419 203
2420 182
2421 246
2422 230
2423 212
2424 102
2425 155
2426 207
2427 202
2428 209
2429 244
2430 272
2431 197
2432 180
2433 204
2434 155
2435 196
2436 196
2437 213
2438 236
2439 227
2440 197
2441 156
2442 176
2443 226
2444 199
2445 218
2446 189
2447 198
2448 159
2449 169
2450 251
2451 202
2452 253
2453 204
2454 183
2455 158
2456 217
2457 178
2458 237
2459 122
2460 190
2461 196
2462 66
2463 102
2464 195
2465 201
2466 237
2467 175
2468 181
2469 172
2470 183
2471 261
2472 172
2473 239
2474 234
2475 203
2476 189
2477 198
2478 171
2479 220
2480 212
2481 193
2482 254
2483 179
2484 238
2485 229
2486 149
2487 151
2488 148
2489 248
2490 193
2491 214
2492 155
2493 197
2494 141
2495 147
2496 172
2497 117
2498 205
2499 235
2500 164
2501 145
2502 224
2503 213
2504 219
2505 136
2506 185
2507 165
2508 172
2509 178
2510 173
2511 254
2512 233
2513 71
2514 166
2515 74
2516 133
2517 192
2518 122
2519 220
2520 205
2521 184
2522 237
2523 145
2524 166
2525 250
2526 197
2527 179
2528 219
2529 94
2530 157
2531 185
2532 264
2533 106
2534 170
2535 151
2536 246
2537 122
2538 184
2539 221
2540 210
2541 186
2542 197
2543 197
2544 266
2545 155
2546 151
2547 265
2548 202
2549 208
2550 204
2551 184
2552 177
2553 226
2554 217
2555 190
2556 69
2557 199
2558 148
2559 217
2560 152
2561 202
2562 167
2563 255
2564 185
2565 134
2566 181
2567 141
2568 283
2569 266
2570 189
2571 217
2572 187
2573 198
2574 108
2575 222
2576 259
2577 232
2578 241
2579 228
2580 156
2581 202
2582 193
2583 224
2584 231
2585 234
2586 51
2587 153
2588 203
2589 216
2590 181
2591 188
2592 221
2593 262
2594 209
2595 201
2596 204
2597 187
2598 194
2599 193
2600 135
2601 197
2602 227
2603 161
2604 246
2605 237
2606 183
2607 180
2608 243
2609 258
2610 174
2611 202
2612 187
2613 220
2614 222
2615 196
2616 243
2617 165
2618 212
2619 232
2620 204
2621 195
2622 227
2623 189
2624 160
2625 209
2626 217
2627 205
2628 186
2629 226
2630 181
2631 171
2632 238
2633 137
2634 181
2635 135
2636 169
2637 204
2638 157
2639 190
2640 201
2641 208
2642 201
2643 223
2644 222
2645 183
2646 212
2647 176
2648 211
2649 206
2650 213
2651 233
2652 222
2653 158
2654 141
2655 220
2656 160
2657 201
2658 191
2659 202
2660 214
2661 211
2662 183
2663 207
2664 215
2665 220
2666 228
2667 205
2668 209
2669 181
2670 198
2671 276
2672 77
2673 142
2674 193
2675 239
2676 205
2677 176
2678 203
2679 216
2680 270
2681 225
2682 244
2683 171
2684 175
2685 186
2686 151
2687 205
2688 197
2689 217
2690 211
2691 261
2692 166
2693 234
2694 217
2695 197
2696 157
2697 171
2698 292
2699 210
2700 188
2701 192
2702 258
2703 220
2704 214
2705 137
2706 198
2707 205
2708 153
2709 158
2710 111
2711 198
2712 184
2713 180
2714 185
2715 135
2716 176
2717 224
2718 241
2719 203
2720 184
2721 166
2722 221
2723 116
2724 203
2725 209
2726 144
2727 191
2728 180
2729 206
2730 231
2731 120
2732 194
2733 207
2734 191
2735 270
2736 259
2737 167
2738 202
2739 236
2740 180
2741 247
2742 178
2743 192
2744 234
2745 186
2746 205
2747 173
2748 195
2749 269
2750 206
2751 198
2752 203
2753 266
2754 203
2755 182
2756 216
2757 183
2758 254
2759 222
2760 209
2761 209
2762 199
2763 227
2764 168
2765 182
2766 193
2767 113
2768 310
2769 250
2770 224
2771 177
2772 193
2773 224
2774 178
2775 221
2776 214
2777 204
2778 194
2779 230
2780 190
2781 0
2782 262
2783 230
2784 220
2785 193
2786 244
2787 198
2788 177
2789 219
2790 218
2791 207
2792 177
2793 214
2794 198
2795 131
2796 145
2797 191
2798 225
2799 116
2800 190
2801 133
2802 195
2803 137
2804 181
2805 136
2806 218
2807 229
2808 196
2809 272
2810 150
2811 198
2812 225
2813 230
2814 192
2815 146
2816 158
2817 155
2818 190
2819 214
2820 172
2821 89
2822 154
2823 207
2824 224
2825 221
2826 253
2827 209
2828 212
2829 151
2830 223
2831 229
2832 216
2833 209
2834 178
2835 182
2836 234
2837 197
2838 218
2839 238
2840 175
2841 176
2842 169
2843 329
2844 175
2845 192
2846 178
2847 214
2848 221
2849 209
2850 199
2851 214
2852 174
2853 171
2854 244
2855 176
2856 242
2857 257
2858 198
2859 215
2860 207
2861 125
2862 155
2863 250
2864 192
2865 172
2866 124
2867 155
2868 184
2869 140
2870 214
2871 215
2872 157
2873 259
2874 209
2875 217
2876 180
2877 210
2878 215
2879 202
2880 169
2881 163
2882 214
2883 108
2884 214
2885 105
2886 202
2887 209
2888 233
2889 176
2890 222
2891 184
2892 0
2893 215
2894 222
2895 188
2896 167
2897 179
2898 246
2899 158
2900 290
2901 238
2902 231
2903 163
2904 231
2905 190
2906 146
2907 205
2908 227
2909 219
2910 167
2911 250
2912 188
2913 215
2914 280
2915 209
2916 230
2917 282
2918 203
2919 176
2920 204
2921 177
2922 212
2923 181
2924 166
2925 187
2926 190
2927 198
2928 191
2929 223
2930 192
2931 178
2932 235
2933 179
2934 192
2935 210
2936 162
2937 181
2938 223
2939 197
2940 228
2941 210
2942 149
2943 139
2944 203
2945 187
2946 173
2947 220
2948 105
2949 175
2950 246
2951 158
2952 171
2953 213
2954 208
2955 141
2956 251
2957 196
2958 198
2959 168
2960 225
2961 111
2962 226
2963 229
2964 164
2965 147
2966 180
2967 168
2968 230
2969 165
2970 172
2971 214
2972 147
2973 196
2974 136
2975 179
2976 198
2977 161
2978 227
2979 113
2980 209
2981 206
2982 112
2983 199
2984 242
2985 177
2986 198
2987 215
2988 199
2989 167
2990 228
2991 238
2992 210
2993 107
2994 196
2995 94
2996 248
2997 168
2998 183
2999 202
3000 185
3001 160
3002 220
3003 248
3004 194
3005 191
3006 173
3007 197
3008 210
3009 245
3010 169
3011 154
3012 227
3013 252
3014 224
3015 218
3016 184
3017 226
3018 157
3019 167
3020 186
3021 138
3022 218
3023 126
3024 254
3025 240
3026 249
3027 191
3028 199
3029 220
3030 189
3031 199
3032 201
3033 301
3034 190
3035 118
3036 192
3037 142
3038 212
3039 209
3040 235
3041 199
3042 220
3043 197
3044 210
3045 174
3046 151
3047 186
3048 276
3049 211
3050 180
3051 211
3052 213
3053 175
3054 191
3055 216
3056 210
3057 164
3058 302
3059 160
3060 152
3061 215
3062 156
3063 216
3064 290
3065 195
3066 213
3067 206
3068 230
3069 224
3070 199
3071 195
3072 230
3073 196
3074 243
3075 143
3076 217
3077 190
3078 192
3079 199
3080 252
3081 191
3082 210
3083 175
3084 225
3085 157
3086 249
3087 201
3088 90
3089 175
3090 185
3091 149
3092 207
3093 128
3094 181
3095 226
3096 202
3097 213
3098 193
3099 216
3100 269
3101 197
3102 172
3103 201
3104 166
3105 143
3106 144
3107 207
3108 190
3109 151
3110 181
3111 191
3112 201
3113 247
3114 87
3115 183
3116 132
3117 219
3118 243
3119 227
3120 159
3121 117
3122 256
3123 153
3124 184
3125 220
3126 220
3127 149
3128 127
3129 189
3130 175
3131 219
3132 200
3133 217
3134 178
3135 245
3136 166
3137 181
3138 211
3139 127
3140 216
3141 128
3142 230
3143 186
3144 204
3145 180
3146 248
3147 193
3148 239
3149 184
3150 195
3151 230
3152 203
3153 252
3154 172
3155 187
3156 205
3157 266
3158 199
3159 217
3160 161
3161 239
3162 269
3163 248
3164 252
3165 169
3166 180
3167 226
3168 156
3169 192
3170 193
3171 178
3172 189
3173 177
3174 203
3175 200
3176 200
3177 203
3178 150
3179 282
3180 194
3181 225
3182 245
3183 288
3184 198
3185 204
3186 260
3187 132
3188 215
3189 203
3190 149
3191 252
3192 223
3193 193
3194 211
3195 174
3196 174
3197 196
3198 224
3199 245
3200 198
3201 200
3202 171
3203 231
3204 147
3205 240
3206 203
3207 206
3208 226
3209 185
3210 228
3211 157
3212 191
3213 147
3214 133
3215 106
3216 190
3217 252
3218 212
3219 236
3220 168
3221 218
3222 197
3223 197
3224 155
3225 136
3226 196
3227 188
3228 186
3229 158
3230 243
3231 240
3232 163
3233 194
3234 253
3235 167
3236 169
3237 177
3238 126
3239 206
3240 239
3241 201
3242 236
3243 232
3244 202
3245 251
3246 184
3247 199
3248 224
3249 243
3250 168
3251 211
3252 167
3253 159
3254 209
3255 153
3256 212
3257 213
3258 157
3259 182
3260 175
3261 238
3262 287
3263 163
3264 225
3265 165
3266 195
3267 193
3268 125
3269 204
3270 179
3271 129
3272 161
3273 191
3274 180
3275 196
3276 181
3277 215
3278 155
3279 128
3280 184
3281 189
3282 158
3283 187
3284 165
3285 323
3286 249
3287 122
3288 209
3289 213
3290 197
3291 174
3292 176
3293 70
3294 224
3295 142
3296 208
3297 150
3298 156
3299 179
3300 113
3301 217
3302 233
3303 214
3304 253
3305 200
3306 226
3307 229
3308 167
3309 183
3310 254
3311 204
3312 143
3313 163
3314 109
3315 190
3316 165
3317 161
3318 197
3319 234
3320 209
3321 214
3322 156
3323 166
3324 214
3325 205
3326 215
3327 220
3328 173
3329 202
3330 246
3331 177
3332 219
3333 221
3334 191
3335 190
3336 138
3337 190
3338 144
3339 235
3340 258
3341 234
3342 191
3343 238
3344 154
3345 180
3346 0
3347 207
3348 208
3349 183
3350 217
3351 195
3352 167
3353 227
3354 246
3355 271
3356 235
3357 188
3358 208
3359 257
3360 179
3361 268
3362 216
3363 231
3364 270
3365 190
3366 214
3367 167
3368 235
3369 141
3370 181
3371 196
3372 187
3373 212
3374 138
3375 199
3376 208
3377 150
3378 213
3379 212
3380 188
3381 199
3382 213
3383 174
3384 170
3385 151
3386 148
3387 203
3388 172
3389 212
3390 202
3391 243
3392 125
3393 168
3394 175
3395 170
3396 206
3397 200
3398 185
3399 155
3400 200
3401 147
3402 180
3403 211
3404 229
3405 163
3406 217
3407 199
3408 143
3409 193
3410 190
3411 222
3412 239
3413 153
3414 166
3415 190
3416 228
3417 155
3418 220
3419 155
3420 221
3421 185
3422 155
3423 190
3424 217
3425 249
3426 214
3427 66
3428 206
3429 211
3430 129
3431 150
3432 220
3433 151
3434 274
3435 137
3436 178
3437 164
3438 169
3439 204
3440 160
3441 141
3442 120
3443 206
3444 265
3445 183
3446 185
3447 176
3448 224
3449 207
3450 198
3451 173
3452 239
3453 244
3454 87
3455 164
3456 238
3457 207
3458 223
3459 201
3460 127
3461 189
3462 209
3463 127
3464 162
3465 206
3466 232
3467 233
3468 204
3469 236
3470 155
3471 244
3472 224
3473 247
3474 116
3475 183
3476 138
3477 222
3478 188
3479 192
3480 232
3481 305
3482 191
3483 214
3484 226
3485 183
3486 183
3487 142
3488 199
3489 227
3490 149
3491 177
3492 271
3493 183
3494 166
3495 166
3496 172
3497 195
3498 191
3499 191
3500 185
3501 163
3502 187
3503 162
3504 148
3505 199
3506 243
3507 182
3508 196
3509 222
3510 203
3511 243
3512 128
3513 198
3514 201
3515 160
3516 186
3517 246
3518 236
3519 202
3520 170
3521 211
3522 200
3523 227
3524 175
3525 225
3526 166
3527 210
3528 177
3529 137
3530 173
3531 156
3532 207
3533 183
3534 152
3535 195
3536 232
3537 201
3538 188
3539 165
3540 233
3541 205
3542 221
3543 233
3544 180
3545 162
3546 160
3547 188
3548 227
3549 186
3550 185
3551 195
3552 207
3553 127
3554 234
3555 152
3556 136
3557 166
3558 173
3559 201
3560 137
3561 204
3562 188
3563 201
3564 223
3565 223
3566 165
3567 121
3568 206
3569 189
3570 190
3571 241
3572 198
3573 227
3574 181
3575 182
3576 171
3577 170
3578 229
3579 209
3580 170
3581 214
3582 169
3583 200
3584 218
3585 198
3586 239
3587 203
3588 187
3589 232
3590 212
3591 227
3592 181
3593 231
3594 201
3595 201
3596 199
3597 173
3598 152
3599 177
3600 185
3601 204
3602 239
3603 160
3604 237
3605 218
3606 250
3607 272
3608 140
3609 177
3610 144
3611 136
3612 201
3613 168
3614 217
3615 153
3616 121
3617 245
3618 179
3619 187
3620 0
3621 236
3622 256
3623 243
3624 190
3625 164
3626 179
3627 165
3628 192
3629 195
3630 211
3631 161
3632 199
3633 142
3634 183
3635 177
3636 235
3637 203
3638 267
3639 237
3640 202
3641 251
3642 178
3643 186
3644 166
3645 198
3646 231
3647 158
3648 210
3649 227
3650 216
3651 220
3652 240
3653 233
3654 215
3655 195
3656 199
3657 180
3658 192
3659 219
3660 255
3661 272
3662 131
3663 227
3664 186
3665 261
3666 146
3667 179
3668 222
3669 183
3670 158
3671 214
3672 180
3673 95
3674 181
3675 117
3676 126
3677 159
3678 159
3679 201
3680 271
3681 174
3682 161
3683 189
3684 217
3685 207
3686 214
3687 140
3688 110
3689 181
3690 194
3691 300
3692 210
3693 175
3694 214
3695 248
3696 271
3697 187
3698 181
3699 212
3700 260
3701 234
3702 188
3703 198
3704 185
3705 200
3706 150
3707 177
3708 104
3709 220
3710 159
3711 208
3712 211
3713 217
3714 195
3715 139
3716 223
3717 225
3718 233
3719 190
3720 180
3721 179
3722 176
3723 199
3724 211
3725 199
3726 203
3727 230
3728 238
3729 179
3730 143
3731 147
3732 202
3733 188
3734 159
3735 195
3736 261
3737 197
3738 208
3739 233
3740 160
3741 220
3742 170
3743 114
3744 121
3745 230
3746 182
3747 153
3748 205
3749 237
3750 148
3751 188
3752 244
3753 162
3754 227
3755 216
3756 217
3757 174
3758 164
3759 208
3760 265
3761 184
3762 125
3763 184
3764 136
3765 197
3766 159
3767 164
3768 194
3769 222
3770 206
3771 141
3772 193
3773 135
3774 212
3775 174
3776 216
3777 207
3778 156
3779 195
3780 168
3781 219
3782 156
3783 119
3784 165
3785 158
3786 221
3787 233
3788 169
3789 211
3790 173
3791 201
3792 210
3793 176
3794 186
3795 206
3796 207
3797 198
3798 156
3799 164
3800 146
3801 188
3802 208
3803 221
3804 275
3805 229
3806 195
3807 253
3808 118
3809 186
3810 206
3811 169
3812 119
3813 203
3814 242
3815 215
3816 162
3817 217
3818 158
3819 233
3820 162
3821 206
3822 142
3823 186
3824 209
3825 182
3826 186
3827 226
3828 204
3829 227
3830 160
3831 208
3832 226
3833 212
3834 171
3835 187
3836 234
3837 157
3838 144
3839 152
3840 212
3841 162
3842 235
3843 189
3844 237
3845 193
3846 159
3847 137
3848 206
3849 172
3850 199
3851 219
3852 184
3853 242
3854 178
3855 225
3856 185
3857 157
3858 177
3859 248
3860 198
3861 122
3862 268
3863 184
3864 172
3865 174
3866 151
3867 201
3868 268
3869 240
3870 194
3871 228
3872 151
3873 201
3874 199
3875 202
3876 205
3877 191
3878 221
3879 214
3880 203
3881 176
3882 199
3883 208
3884 227
3885 172
3886 224
3887 217
3888 158
3889 207
3890 188
3891 186
3892 251
3893 224
3894 157
3895 201
3896 238
3897 159
3898 233
3899 222
3900 187
3901 197
3902 191
3903 259
3904 212
3905 143
3906 216
3907 157
3908 188
3909 181
3910 277
3911 231
3912 217
3913 155
3914 243
3915 200
3916 190
3917 162
3918 132
3919 204
3920 208
3921 174
3922 210
3923 195
3924 180
3925 214
3926 234
3927 189
3928 224
3929 160
3930 176
3931 198
3932 177
3933 163
3934 253
3935 214
3936 235
3937 213
3938 198
3939 212
3940 221
3941 151
3942 229
3943 187
3944 220
3945 172
3946 223
3947 178
3948 210
3949 160
3950 245
3951 193
3952 173
3953 175
3954 152
3955 228
3956 164
3957 155
3958 204
3959 225
3960 233
3961 244
3962 187
3963 250
3964 174
3965 259
3966 150
3967 173
3968 165
3969 232
3970 207
3971 245
3972 177
3973 208
3974 174
3975 184
3976 214
3977 208
3978 138
3979 242
3980 210
3981 242
3982 200
3983 182
3984 220
3985 181
3986 190
3987 179
3988 191
3989 193
3990 173
3991 124
3992 165
3993 221
3994 164
3995 177
3996 193
3997 219
3998 175
3999 273
4000 226
4001 188
4002 298
4003 204
4004 232
4005 161
4006 182
4007 177
4008 67
4009 163
4010 243
4011 199
4012 231
4013 211
4014 237
4015 128
4016 199
4017 232
4018 212
4019 245
4020 188
4021 220
4022 210
4023 234
4024 184
4025 208
4026 230
4027 141
4028 201
4029 141
4030 168
4031 357
4032 153
4033 283
4034 149
4035 0
4036 249
4037 262
4038 227
4039 229
4040 231
4041 166
4042 153
4043 227
4044 214
4045 198
4046 257
4047 215
4048 220
4049 193
4050 229
4051 160
4052 155
4053 183
4054 166
4055 144
4056 171
4057 154
4058 224
4059 180
4060 210
4061 248
4062 169
4063 150
4064 169
4065 225
4066 134
4067 146
4068 207
4069 154
4070 197
4071 164
4072 158
4073 264
4074 212
4075 202
4076 236
4077 215
4078 228
4079 274
4080 233
4081 210
4082 126
4083 218
4084 221
4085 200
4086 149
4087 169
4088 215
4089 195
4090 229
4091 204
4092 166
4093 219
4094 192
4095 219
4096 183
4097 157
4098 191
4099 228
4100 148
4101 183
4102 220
4103 222
4104 190
4105 156
4106 192
4107 248
4108 243
4109 175
4110 244
4111 181
4112 222
4113 241
4114 182
4115 174
4116 199
4117 47
4118 222
4119 98
4120 287
4121 223
4122 190
4123 212
4124 212
4125 190
4126 169
4127 204
4128 221
4129 212
4130 163
4131 209
4132 195
4133 223
4134 183
4135 206
4136 176
4137 211
4138 269
4139 217
4140 181
4141 209
4142 179
4143 214
4144 190
4145 167
4146 165
4147 151
4148 236
4149 229
4150 187
4151 208
4152 243
4153 232
4154 203
4155 167
4156 184
4157 207
4158 227
4159 189
4160 168
4161 165
4162 179
4163 176
4164 186
4165 133
4166 203
4167 195
4168 198
4169 225
4170 0
4171 139
4172 164
4173 150
4174 162
4175 226
4176 160
4177 184
4178 260
4179 156
4180 195
4181 199
4182 219
4183 203
4184 231
4185 292
4186 184
4187 188
4188 190
4189 202
4190 171
4191 178
4192 48
4193 153
4194 176
4195 166
4196 207
4197 165
4198 168
4199 268
4200 177
4201 196
4202 205
4203 167
4204 211
4205 273
4206 217
4207 154
4208 164
4209 174
4210 170
4211 194
4212 237
4213 216
4214 130
4215 187
4216 148
4217 232
4218 166
4219 233
4220 167
4221 169
4222 154
4223 150
4224 149
4225 179
4226 37
4227 109
4228 224
4229 233
4230 197
4231 217
4232 151
4233 278
4234 190
4235 224
4236 185
4237 213
4238 231
4239 255
4240 194
4241 190
4242 129
4243 187
4244 152
4245 175
4246 209
4247 216
4248 240
4249 192
4250 156
4251 174
4252 180
4253 258
4254 173
4255 139
4256 165
4257 224
4258 255
4259 163
4260 191
4261 213
4262 210
4263 175
4264 225
4265 196
4266 161
4267 191
4268 230
4269 203
4270 197
4271 142
4272 143
4273 203
4274 149
4275 156
4276 159
4277 180
4278 195
4279 183
4280 191
4281 213
4282 216
4283 249
4284 166
4285 141
4286 211
4287 208
4288 178
4289 157
4290 203
4291 197
4292 94
4293 150
4294 199
4295 210
4296 206
4297 155
4298 160
4299 228
4300 214
4301 146
4302 146
4303 170
4304 170
4305 177
4306 245
4307 178
4308 231
4309 162
4310 181
4311 196
4312 206
4313 244
4314 183
4315 189
4316 211
4317 137
4318 162
4319 171
4320 208
4321 230
4322 187
4323 198
4324 165
4325 220
4326 197
4327 223
4328 205
4329 214
4330 175
4331 193
4332 125
4333 199
4334 130
4335 221
4336 201
4337 172
4338 189
4339 190
4340 226
4341 181
4342 194
4343 305
4344 265
4345 204
4346 197
4347 225
4348 221
4349 213
4350 203
4351 195
4352 210
4353 189
4354 245
4355 190
4356 172
4357 137
4358 176
4359 116
4360 189
4361 262
4362 214
4363 211
4364 178
4365 160
4366 193
4367 214
4368 200
4369 249
4370 223
4371 221
4372 143
4373 268
4374 142
4375 190
4376 192
4377 202
4378 181
4379 165
4380 214
4381 191
4382 171
4383 194
4384 217
4385 156
4386 179
4387 194
4388 195
4389 173
4390 249
4391 215
4392 185
4393 174
4394 242
4395 186
4396 203
4397 175
4398 211
4399 211
4400 137
4401 184
4402 230
4403 139
4404 197
4405 106
4406 178
4407 207
4408 187
4409 207
4410 246
4411 197
4412 173
4413 213
4414 149
4415 214
4416 227
4417 233
4418 215
4419 202
4420 178
4421 194
4422 246
4423 168
4424 110
4425 143
4426 219
4427 165
4428 165
4429 294
4430 188
4431 202
4432 139
4433 199
4434 198
4435 236
4436 194
4437 254
4438 180
4439 214
4440 266
4441 229
4442 179
4443 261
4444 212
4445 196
4446 198
4447 235
4448 224
4449 208
4450 167
4451 235
4452 294
4453 241
4454 199
4455 0
4456 241
4457 93
4458 213
4459 190
4460 232
4461 192
4462 191
4463 193
4464 201
4465 153
4466 153
4467 194
4468 232
4469 197
4470 254
4471 183
4472 174
4473 241
4474 201
4475 194
4476 176
4477 244
4478 165
4479 214
4480 173
4481 200
4482 183
4483 213
4484 146
4485 185
4486 185
4487 225
4488 241
4489 277
4490 200
4491 145
4492 195
4493 118
4494 126
4495 216
4496 205
4497 289
4498 0
4499 184
4500 193
4501 173
4502 193
4503 0
4504 209
4505 191
4506 158
4507 124
4508 187
4509 136
4510 188
4511 234
4512 210
4513 165
4514 193
4515 206
4516 207
4517 213
4518 219
4519 183
4520 199
4521 245
4522 203
4523 143
4524 167
4525 176
4526 162
4527 208
4528 195
4529 227
4530 187
4531 212
4532 194
4533 165
4534 150
4535 151
4536 178
4537 209
4538 219
4539 222
4540 268
4541 174
4542 163
4543 202
4544 128
4545 181
4546 241
4547 216
4548 0
4549 230
4550 113
4551 216
4552 246
4553 211
4554 157
4555 190
4556 219
4557 218
4558 214
4559 189
4560 208
4561 133
4562 178
4563 161
4564 130
4565 272
4566 198
4567 205
4568 161
4569 205
4570 104
4571 157
4572 251
4573 235
4574 188
4575 204
4576 168
4577 198
4578 181
4579 219
4580 196
4581 173
4582 202
4583 161
4584 174
4585 208
4586 145
4587 226
4588 239
4589 181
4590 132
4591 180
4592 178
4593 126
4594 162
4595 252
4596 255
4597 207
4598 158
4599 166
4600 237
4601 205
4602 180
4603 249
4604 194
4605 261
4606 212
4607 194
4608 147
4609 235
4610 227
4611 217
4612 175
4613 151
4614 203
4615 184
4616 252
4617 195
4618 193
4619 293
4620 174
4621 184
4622 227
4623 172
4624 201
4625 251
4626 99
4627 212
4628 215
4629 141
4630 303
4631 193
4632 189
4633 199
4634 194
4635 228
4636 222
4637 169
4638 163
4639 120
4640 174
4641 201
4642 209
4643 148
4644 181
4645 180
4646 221
4647 193
4648 202
4649 171
4650 216
4651 212
4652 210
4653 164
4654 171
4655 134
4656 174
4657 217
4658 191
4659 192
4660 227
4661 151
4662 141
4663 145
4664 217
4665 161
4666 204
4667 201
4668 128
4669 147
4670 247
4671 202
4672 213
4673 184
4674 146
4675 189
4676 193
4677 177
4678 191
4679 241
4680 166
4681 188
4682 203
4683 220
4684 175
4685 273
4686 172
4687 160
4688 149
4689 171
4690 201
4691 82
4692 172
4693 288
4694 236
4695 233
4696 198
4697 247
4698 176
4699 244
4700 187
4701 199
4702 212
4703 221
4704 168
4705 215
4706 211
4707 226
4708 208
4709 210
4710 144
4711 205
4712 197
4713 208
4714 190
4715 197
4716 196
4717 221
4718 189
4719 191
4720 187
4721 182
4722 152
4723 161
4724 203
4725 112
4726 196
4727 224
4728 170
4729 191
4730 231
4731 192
4732 223
4733 220
4734 204
4735 196
4736 242
4737 177
4738 153
4739 226
4740 182
4741 91
4742 162
4743 176
4744 233
4745 180
4746 166
4747 242
4748 243
4749 219
4750 187
4751 189
4752 179
4753 177
4754 126
4755 199
4756 234
4757 210
4758 267
4759 240
4760 186
4761 142
4762 212
4763 130
4764 215
4765 210
4766 222
4767 172
4768 171
4769 161
4770 238
4771 135
4772 179
4773 192
4774 279
4775 238
4776 221
4777 197
4778 130
4779 197
4780 158
4781 0
4782 208
4783 193
4784 187
4785 178
4786 188
4787 166
4788 163
4789 186
4790 158
4791 191
4792 243
4793 287
4794 226
4795 173
4796 270
4797 211
4798 226
4799 160
4800 235
4801 172
4802 228
4803 173
4804 209
4805 168
4806 180
4807 164
4808 145
4809 0
4810 176
4811 159
4812 207
4813 191
4814 127
4815 195
4816 219
4817 229
4818 201
4819 242
4820 176
4821 155
4822 202
4823 201
4824 152
4825 164
4826 226
4827 177
4828 200
4829 262
4830 125
4831 170
4832 218
4833 216
4834 240
4835 222
4836 217
4837 207
4838 173
4839 160
4840 189
4841 184
4842 225
4843 207
4844 248
4845 189
4846 193
4847 210
4848 151
4849 187
4850 172
4851 158
4852 256
4853 197
4854 182
4855 86
4856 213
4857 183
4858 258
4859 213
4860 173
4861 186
4862 186
4863 225
4864 179
4865 189
4866 207
4867 191
4868 114
4869 130
4870 212
4871 172
4872 175
4873 225
4874 234
4875 212
4876 148
4877 297
4878 200
4879 211
4880 195
4881 188
4882 186
4883 220
4884 229
4885 214
4886 179
4887 211
4888 232
4889 246
4890 146
4891 127
4892 147
4893 319
4894 206
4895 180
4896 155
4897 160
4898 264
4899 194
4900 231
4901 210
4902 141
4903 231
4904 167
4905 213
4906 165
4907 201
4908 143
4909 213
4910 227
4911 191
4912 180
4913 223
4914 145
4915 169
4916 201
4917 185
4918 233
4919 233
4920 190
4921 211
4922 172
4923 184
4924 184
4925 99
4926 205
4927 131
4928 211
4929 198
4930 189
4931 181
4932 196
4933 123
4934 210
4935 170
4936 204
4937 217
4938 197
4939 181
4940 198
4941 222
4942 223
4943 153
4944 170
4945 124
4946 184
4947 249
4948 199
4949 204
4950 229
4951 165
4952 190
4953 203
4954 204
4955 224
4956 209
4957 72
4958 101
4959 180
4960 160
4961 247
4962 260
4963 169
4964 188
4965 190
4966 213
4967 198
4968 164
4969 170
4970 198
4971 115
4972 161
4973 193
4974 200
4975 227
4976 119
4977 200
4978 171
4979 201
4980 249
4981 316
4982 236
4983 193
4984 190
4985 229
4986 189
4987 216
4988 83
4989 156
4990 167
4991 132
4992 162
4993 177
4994 148
4995 189
4996 220
4997 267
4998 190
4999 213
5000 200
5001 155
5002 214
5003 162
5004 104
5005 202
5006 204
5007 205
5008 186
5009 120
5010 150
5011 246
5012 133
5013 169
5014 213
5015 174
5016 165
5017 194
5018 83
5019 220
5020 124
5021 134
5022 156
5023 227
5024 142
5025 227
5026 210
5027 174
5028 246
5029 0
5030 189
5031 195
5032 161
5033 197
5034 276
5035 172
5036 247
5037 219
5038 201
5039 161
5040 203
5041 249
5042 147
5043 220
5044 193
5045 187
5046 196
5047 141
5048 168
5049 210
5050 190
5051 191
5052 214
5053 176
5054 178
5055 186
5056 192
5057 193
5058 215
5059 214
5060 164
5061 214
5062 203
5063 197
5064 187
5065 242
5066 194
5067 216
5068 169
5069 194
5070 222
5071 197
5072 245
5073 257
5074 186
5075 145
5076 198
5077 246
5078 203
5079 129
5080 159
5081 178
5082 172
5083 249
5084 169
5085 200
5086 190
5087 220
5088 172
5089 238
5090 233
5091 183
5092 215
5093 203
5094 187
5095 157
5096 207
5097 184
5098 156
5099 299
5100 156
5101 216
5102 164
5103 196
5104 208
5105 224
5106 175
5107 194
5108 198
5109 212
5110 187
5111 254
5112 194
5113 216
5114 241
5115 211
5116 193
5117 201
5118 200
5119 191
5120 194
5121 183
5122 266
5123 185
5124 109
5125 221
5126 152
5127 198
5128 191
5129 179
5130 187
5131 222
5132 259
5133 188
5134 193
5135 228
5136 223
5137 274
5138 245
5139 178
5140 174
5141 183
5142 221
5143 206
5144 144
5145 226
5146 160
5147 170
5148 128
5149 193
5150 244
5151 186
5152 238
5153 202
5154 192
5155 193
5156 193
5157 209
5158 100
5159 173
5160 225
5161 238
5162 206
5163 209
5164 249
5165 225
5166 139
5167 198
5168 176
5169 190
5170 189
5171 217
5172 211
5173 168
5174 194
5175 147
5176 209
5177 200
5178 243
5179 214
5180 232
5181 157
5182 201
5183 191
5184 180
5185 213
5186 202
5187 205
5188 198
5189 155
5190 251
5191 171
5192 174
5193 168
5194 154
5195 191
5196 183
5197 211
5198 248
5199 210
5200 205
5201 142
5202 218
5203 168
5204 197
5205 130
5206 170
5207 189
5208 217
5209 119
5210 237
5211 198
5212 204
5213 219
5214 218
5215 235
5216 256
5217 182
5218 138
5219 212
5220 197
5221 190
5222 262
5223 201
5224 234
5225 221
5226 142
5227 198
5228 158
5229 214
5230 174
5231 99
5232 197
5233 196
5234 181
5235 147
5236 187
5237 190
5238 183
5239 212
5240 238
5241 195
5242 240
5243 232
5244 176
5245 143
5246 212
5247 213
5248 152
5249 133
5250 197
5251 245
5252 155
5253 161
5254 193
5255 178
5256 113
5257 196
5258 210
5259 222
5260 191
5261 181
5262 198
5263 236
5264 175
5265 184
5266 189
5267 213
5268 84
5269 165
5270 259
5271 208
5272 172
5273 201
5274 179
5275 191
5276 135
5277 126
5278 224
5279 228
5280 199
5281 180
5282 269
5283 183
5284 199
5285 195
5286 109
5287 202
5288 233
5289 183
5290 101
5291 150
5292 204
5293 225
5294 189
5295 205
5296 201
5297 187
5298 205
5299 227
5300 175
5301 202
5302 222
5303 135
5304 181
5305 235
5306 239
5307 192
5308 143
5309 177
5310 205
5311 250
5312 156
5313 281
5314 224
5315 184
5316 181
5317 224
5318 211
5319 172
5320 219
5321 179
5322 154
5323 195
5324 174
5325 204
5326 183
5327 0
5328 222
5329 78
5330 239
5331 211
5332 204
5333 207
5334 204
5335 173
5336 162
5337 177
5338 237
5339 96
5340 166
5341 204
5342 211
5343 178
5344 218
5345 221
5346 229
5347 227
5348 234
5349 177
5350 210
5351 176
5352 283
5353 158
5354 233
5355 181
5356 199
5357 206
5358 217
5359 204
5360 186
5361 197
5362 197
5363 174
5364 220
5365 234
5366 195
5367 191
5368 211
5369 271
5370 231
5371 159
5372 277
5373 216
5374 183
5375 256
5376 143
5377 205
5378 232
5379 261
5380 213
5381 222
5382 186
5383 180
5384 166
5385 194
5386 228
5387 145
5388 242
5389 228
5390 145
5391 240
5392 231
5393 138
5394 191
5395 225
5396 224
5397 208
5398 155
5399 241
5400 209
5401 210
5402 193
5403 178
5404 159
5405 182
5406 188
5407 270
5408 135
5409 213
5410 179
5411 168
5412 138
5413 217
5414 251
5415 205
5416 191
5417 178
5418 181
5419 212
5420 201
5421 176
5422 200
5423 198
5424 275
5425 122
5426 250
5427 328
5428 231
5429 207
5430 181
5431 159
5432 76
5433 204
5434 190
5435 218
5436 186
5437 190
5438 219
5439 271
5440 197
5441 182
5442 187
5443 119
5444 213
5445 219
5446 176
5447 188
5448 172
5449 159
5450 226
5451 161
5452 136
5453 113
5454 197
5455 225
5456 167
5457 185
5458 234
5459 197
5460 204
5461 295
5462 194
5463 121
5464 237
5465 226
5466 197
5467 0
5468 222
5469 183
5470 221
5471 196
5472 166
5473 164
5474 201
5475 183
5476 203
5477 201
5478 195
5479 186
5480 238
5481 215
5482 225
5483 180
5484 196
5485 113
5486 234
5487 187
5488 270
5489 259
5490 228
5491 189
5492 159
5493 187
5494 180
5495 253
5496 221
5497 202
5498 203
5499 123
5500 175
5501 142
5502 206
5503 185
5504 216
5505 181
5506 191
5507 162
5508 163
5509 220
5510 144
5511 176
5512 188
5513 281
5514 245
5515 291
5516 187
5517 243
5518 158
5519 269
5520 169
5521 203
5522 217
5523 220
5524 183
5525 206
5526 261
5527 170
5528 195
5529 204
5530 194
5531 234
5532 85
5533 176
5534 175
5535 179
5536 210
5537 220
5538 195
5539 133
5540 209
5541 261
5542 241
5543 165
5544 179
5545 224
5546 149
5547 279
5548 269
5549 140
5550 186
5551 200
5552 193
5553 140
5554 207
5555 0
5556 118
5557 189
5558 154
5559 182
5560 226
5561 208
5562 196
5563 188
5564 200
5565 169
5566 224
5567 202
5568 235
5569 274
5570 138
5571 230
5572 181
5573 274
5574 211
5575 176
5576 199
5577 222
5578 179
5579 249
5580 179
5581 138
5582 178
5583 221
5584 180
5585 216
5586 242
5587 164
5588 179
5589 160
5590 178
5591 183
5592 255
5593 152
5594 261
5595 208
5596 211
5597 208
5598 233
5599 192
5600 144
5601 184
5602 183
5603 158
5604 183
5605 160
5606 189
5607 197
5608 207
5609 215
5610 180
5611 227
5612 171
5613 186
5614 171
5615 227
5616 139
5617 191
5618 179
5619 204
5620 202
5621 179
5622 237
5623 280
5624 172
5625 192
5626 221
5627 187
5628 159
5629 226
5630 187
5631 163
5632 227
5633 210
5634 226
5635 231
5636 209
5637 170
5638 259
5639 174
5640 168
5641 193
5642 229
5643 204
5644 184
5645 145
5646 192
5647 202
5648 215
5649 136
5650 228
5651 204
5652 139
5653 213
5654 154
5655 183
5656 244
5657 95
5658 205
5659 174
5660 217
5661 192
5662 101
5663 243
5664 131
5665 183
5666 220
5667 153
5668 244
5669 96
5670 165
5671 256
5672 207
5673 195
5674 228
5675 192
5676 156
5677 171
5678 147
5679 182
5680 199
5681 190
5682 172
5683 273
5684 204
5685 177
5686 248
5687 215
5688 165
5689 235
5690 205
5691 157
5692 104
5693 230
5694 174
5695 161
5696 232
5697 165
5698 228
5699 175
5700 232
5701 170
5702 0
5703 200
5704 221
5705 243
5706 179
5707 188
5708 201
5709 223
5710 189
5711 206
5712 204
5713 215
5714 219
5715 149
5716 168
5717 247
5718 179
5719 195
5720 177
5721 191
5722 204
5723 163
5724 268
5725 196
5726 186
5727 195
5728 198
5729 246
5730 0
5731 217
5732 168
5733 229
5734 36
5735 250
5736 196
5737 156
5738 249
5739 152
5740 231
5741 238
5742 185
5743 159
5744 231
5745 193
5746 303
5747 159
5748 199
5749 238
5750 276
5751 191
5752 150
5753 226
5754 181
5755 176
5756 289
5757 245
5758 219
5759 203
5760 196
5761 174
5762 181
5763 246
5764 199
5765 262
5766 194
5767 207
5768 0
5769 231
5770 199
5771 219
5772 160
5773 205
5774 233
5775 150
5776 199
5777 214
5778 188
5779 157
5780 219
5781 166
5782 174
5783 99
5784 196
5785 168
5786 202
5787 191
5788 230
5789 191
5790 192
5791 170
5792 126
5793 159
5794 209
5795 181
5796 201
5797 237
5798 130
5799 217
5800 214
5801 141
5802 199
5803 214
5804 214
5805 142
5806 250
5807 102
5808 154
5809 152
5810 177
5811 226
5812 144
5813 199
5814 204
5815 233
5816 194
5817 211
5818 154
5819 202
5820 225
5821 160
5822 264
5823 202
5824 184
5825 197
5826 195
5827 146
5828 244
5829 141
5830 221
5831 205
5832 141
5833 202
5834 199
5835 140
5836 285
5837 218
5838 204
5839 292
5840 0
5841 127
5842 163
5843 217
5844 212
5845 258
5846 254
5847 206
5848 185
5849 198
5850 193
5851 179
5852 193
5853 205
5854 176
5855 210
5856 258
5857 157
5858 202
5859 240
5860 231
5861 157
5862 168
5863 220
5864 221
5865 140
5866 158
5867 191
5868 192
5869 230
5870 197
5871 215
5872 194
5873 211
5874 168
5875 194
5876 179
5877 135
5878 230
5879 135
5880 198
5881 131
5882 203
5883 194
5884 217
5885 159
5886 228
5887 155
5888 246
5889 242
5890 161
5891 155
5892 224
5893 193
5894 233
5895 181
5896 201
5897 210
5898 196
5899 233
5900 222
5901 187
5902 143
5903 229
5904 215
5905 225
5906 161
5907 201
5908 165
5909 203
5910 218
5911 205
5912 271
5913 187
5914 161
5915 186
5916 164
5917 174
5918 224
5919 112
5920 160
5921 144
5922 149
5923 209
5924 149
5925 0
5926 171
5927 233
5928 187
5929 182
5930 188
5931 210
5932 196
5933 131
5934 165
5935 165
5936 236
5937 220
5938 187
5939 228
5940 171
5941 185
5942 242
5943 165
5944 218
5945 157
5946 193
5947 198
5948 204
5949 0
5950 162
5951 204
5952 169
5953 175
5954 228
5955 174
5956 189
5957 214
5958 149
5959 176
5960 169
5961 171
5962 152
5963 189
5964 187
5965 154
5966 204
5967 198
5968 189
5969 189
5970 198
5971 223
5972 162
5973 219
5974 142
5975 184
5976 176
5977 167
5978 203
5979 217
5980 195
5981 155
5982 205
5983 182
5984 198
5985 228
5986 207
5987 200
5988 213
5989 216
5990 198
5991 209
5992 176
5993 146
5994 328
5995 181
5996 236
5997 230
5998 296
5999 0
6000 184
6001 132
6002 189
6003 194
6004 205
6005 211
6006 182
6007 218
6008 265
6009 220
6010 207
6011 245
6012 164
6013 178
6014 211
6015 200
6016 231
6017 222
6018 196
6019 118
6020 199
6021 141
6022 173
6023 199
6024 198
6025 227
6026 186
6027 193
6028 161
6029 149
6030 0
6031 241
6032 235
6033 188
6034 264
6035 151
6036 222
6037 181
6038 261
6039 160
6040 178
6041 190
6042 167
6043 197
6044 207
6045 192
6046 258
6047 233
6048 195
6049 0
6050 202
6051 165
6052 254
6053 216
6054 126
6055 200
6056 129
6057 196
6058 221
6059 241
6060 239
6061 185
6062 197
6063 203
6064 181
6065 245
6066 167
6067 173
6068 209
6069 220
6070 160
6071 214
6072 203
6073 219
6074 206
6075 197
6076 181
6077 223
6078 209
6079 198
6080 214
6081 156
6082 211
6083 211
6084 173
6085 203
6086 191
6087 208
6088 223
6089 207
6090 213
6091 160
6092 167
6093 199
6094 164
6095 162
6096 191
6097 189
6098 216
6099 195
6100 179
6101 224
6102 191
6103 206
6104 199
6105 140
6106 102
6107 189
6108 199
6109 244
6110 154
6111 204
6112 246
6113 185
6114 210
6115 210
6116 155
6117 196
6118 243
6119 237
6120 152
6121 258
6122 224
6123 187
6124 174
6125 180
6126 170
6127 259
6128 219
6129 156
6130 205
6131 183
6132 324
6133 194
6134 196
6135 216
6136 204
6137 132
6138 145
6139 184
6140 181
6141 181
6142 177
6143 191
6144 200
6145 151
6146 207
6147 215
6148 200
6149 201
6150 154
6151 163
6152 223
6153 143
6154 179
6155 173
6156 207
6157 165
6158 171
6159 184
6160 189
6161 201
6162 240
6163 200
6164 194
6165 205
6166 245
6167 220
6168 188
6169 215
6170 204
6171 221
6172 223
6173 166
6174 155
6175 160
6176 207
6177 302
6178 273
6179 188
6180 208
6181 189
6182 228
6183 236
6184 169
6185 211
6186 183
6187 238
6188 170
6189 136
6190 217
6191 159
6192 187
6193 191
6194 223
6195 177
6196 181
6197 232
6198 138
6199 151
6200 142
6201 245
6202 136
6203 151
6204 216
6205 181
6206 255
6207 133
6208 188
6209 201
6210 281
6211 184
6212 188
6213 168
6214 188
6215 149
6216 188
6217 217
6218 262
6219 199
6220 203
6221 191
6222 168
6223 202
6224 199
6225 171
6226 220
6227 198
6228 197
6229 143
6230 233
6231 216
6232 151
6233 147
6234 249
6235 229
6236 178
6237 216
6238 194
6239 158
6240 208
6241 209
6242 128
6243 235
6244 195
6245 194
6246 182
6247 252
6248 203
6249 228
6250 169
6251 214
6252 177
6253 157
6254 167
6255 220
6256 150
6257 77
6258 157
6259 205
6260 204
6261 120
6262 149
6263 213
6264 144
6265 185
6266 157
6267 223
6268 167
6269 154
6270 195
6271 260
6272 202
6273 230
6274 226
6275 164
6276 211
6277 223
6278 192
6279 140
6280 214
6281 183
6282 198
6283 156
6284 207
6285 225
6286 174
6287 172
6288 147
6289 206
6290 204
6291 184
6292 185
6293 175
6294 205
6295 208
6296 199
6297 160
6298 279
6299 212
6300 322
6301 229
6302 189
6303 114
6304 233
6305 215
6306 207
6307 207
6308 231
6309 202
6310 139
6311 181
6312 192
6313 152
6314 201
6315 124
6316 192
6317 96
6318 217
6319 192
6320 198
6321 227
6322 161
6323 0
6324 229
6325 207
6326 128
6327 209
6328 202
6329 190
6330 220
6331 195
6332 202
6333 174
6334 151
6335 195
6336 203
6337 192
6338 125
6339 233
6340 77
6341 219
6342 156
6343 183
6344 159
6345 192
6346 0
6347 170
6348 217
6349 239
6350 191
6351 254
6352 153
6353 161
6354 195
6355 214
6356 193
6357 227
6358 218
6359 189
6360 171
6361 226
6362 204
6363 172
6364 177
6365 212
6366 226
6367 196
6368 260
6369 151
6370 0
6371 212
6372 156
6373 162
6374 179
6375 173
6376 201
6377 172
6378 191
6379 183
6380 228
6381 160
6382 154
6383 146
6384 224
6385 209
6386 195
6387 181
6388 161
6389 133
6390 216
6391 277
6392 160
6393 158
6394 230
6395 231
6396 213
6397 176
6398 215
6399 207
6400 181
6401 192
6402 135
6403 247
6404 174
6405 180
6406 120
6407 181
6408 223
6409 213
6410 143
6411 151
6412 243
6413 215
6414 160
6415 193
6416 193
6417 0
6418 209
6419 202
6420 192
6421 207
6422 214
6423 106
6424 193
6425 256
6426 128
6427 177
6428 181
6429 166
6430 204
6431 232
6432 189
6433 185
6434 210
6435 203
6436 194
6437 173
6438 223
6439 174
6440 176
6441 211
6442 170
6443 166
6444 237
6445 194
6446 248
6447 155
6448 178
6449 180
6450 175
6451 195
6452 159
6453 186
6454 189
6455 207
6456 204
6457 260
6458 182
6459 179
6460 137
6461 155
6462 213
6463 180
6464 272
6465 228
6466 130
6467 176
6468 205
6469 201
6470 98
6471 197
6472 247
6473 177
6474 212
6475 189
6476 228
6477 185
6478 224
6479 180
6480 169
6481 189
6482 196
6483 214
6484 249
6485 202
6486 181
6487 178
6488 116
6489 163
6490 216
6491 156
6492 234
6493 170
6494 211
6495 247
6496 194
6497 193
6498 207
6499 260
6500 189
6501 179
6502 121
6503 193
6504 199
6505 189
6506 177
6507 249
6508 208
6509 160
6510 188
6511 213
6512 191
6513 236
6514 162
6515 180
6516 205
6517 183
6518 142
6519 216
6520 203
6521 197
6522 245
6523 224
6524 247
6525 215
6526 240
6527 154
6528 173
6529 160
6530 0
6531 198
6532 146
6533 222
6534 200
6535 234
6536 198
6537 144
6538 154
6539 154
6540 232
6541 147
6542 247
6543 204
6544 144
6545 220
6546 170
6547 215
6548 207
6549 182
6550 0
6551 118
6552 159
6553 229
6554 192
6555 235
6556 198
6557 178
6558 203
6559 211
6560 163
6561 188
6562 180
6563 193
6564 185
6565 216
6566 167
6567 236
6568 212
6569 211
6570 232
6571 143
6572 190
6573 233
6574 211
6575 212
6576 227
6577 156
6578 215
6579 216
6580 196
6581 222
6582 148
6583 142
6584 229
6585 251
6586 229
6587 229
6588 139
6589 186
6590 224
6591 135
6592 190
6593 63
6594 160
6595 181
6596 244
6597 183
6598 211
6599 191
6600 182
6601 122
6602 201
6603 205
6604 206
6605 180
6606 184
6607 167
6608 195
6609 203
6610 180
6611 226
6612 198
6613 192
6614 204
6615 218
6616 173
6617 227
6618 188
6619 203
6620 232
6621 187
6622 224
6623 185
6624 190
6625 313
6626 118
6627 186
6628 185
6629 0
6630 221
6631 175
6632 173
6633 163
6634 158
6635 174
6636 217
6637 190
6638 236
6639 259
6640 101
6641 188
6642 218
6643 188
6644 198
6645 162
6646 213
6647 101
6648 223
6649 168
6650 192
6651 170
6652 178
6653 188
6654 169
6655 169
6656 185
6657 184
6658 253
6659 187
6660 193
6661 122
6662 193
6663 274
6664 145
6665 270
6666 226
6667 172
6668 174
6669 227
6670 306
6671 230
6672 276
6673 175
6674 185
6675 240
6676 172
6677 172
6678 150
6679 148
6680 206
6681 187
6682 205
6683 197
6684 180
6685 140
6686 184
6687 190
6688 187
6689 187
6690 186
6691 146
6692 300
6693 257
6694 213
6695 179
6696 141
6697 187
6698 209
6699 100
6700 170
6701 148
6702 194
6703 156
6704 165
6705 135
6706 179
6707 165
6708 204
6709 189
6710 165
6711 180
6712 127
6713 199
6714 227
6715 260
6716 192
6717 265
6718 176
6719 224
6720 216
6721 165
6722 207
6723 212
6724 163
6725 185
6726 213
6727 281
6728 193
6729 218
6730 124
6731 174
6732 208
6733 236
6734 176
6735 210
6736 180
6737 191
6738 237
6739 205
6740 238
6741 192
6742 221
6743 203
6744 164
6745 124
6746 232
6747 129
6748 165
6749 179
6750 151
6751 174
6752 206
6753 132
6754 171
6755 160
6756 219
6757 252
6758 203
6759 191
6760 191
6761 186
6762 112
6763 173
6764 224
6765 200
6766 184
6767 221
6768 179
6769 189
6770 174
6771 182
6772 131
6773 139
6774 232
6775 135
6776 190
6777 174
6778 200
6779 189
6780 192
6781 241
6782 207
6783 176
6784 191
6785 199
6786 223
6787 219
6788 213
6789 244
6790 174
6791 202
6792 204
6793 194
6794 100
6795 231
6796 163
6797 279
6798 174
6799 214
6800 201
6801 203
6802 204
6803 190
6804 254
6805 149
6806 240
6807 185
6808 171
6809 222
6810 265
6811 188
6812 160
6813 267
6814 202
6815 229
6816 184
6817 186
6818 168
6819 168
6820 207
6821 167
6822 255
6823 194
6824 184
6825 148
6826 150
6827 191
6828 200
6829 245
6830 203
6831 204
6832 230
6833 198
6834 257
6835 199
6836 164
6837 125
6838 203
6839 223
6840 209
6841 232
6842 157
6843 216
6844 248
6845 159
6846 145
6847 183
6848 209
6849 211
6850 94
6851 213
6852 221
6853 203
6854 172
6855 201
6856 189
6857 194
6858 156
6859 181
6860 188
6861 182
6862 235
6863 165
6864 147
6865 253
6866 173
6867 208
6868 146
6869 154
6870 238
6871 179
6872 183
6873 199
6874 232
6875 234
6876 235
6877 155
6878 197
6879 228
6880 153
6881 186
6882 154
6883 211
6884 223
6885 216
6886 183
6887 134
6888 200
6889 235
6890 196
6891 220
6892 272
6893 196
6894 201
6895 215
6896 216
6897 250
6898 193
6899 219
6900 188
6901 181
6902 210
6903 194
6904 218
6905 185
6906 197
6907 191
6908 122
6909 208
6910 193
6911 207
6912 282
6913 241
6914 216
6915 175
6916 0
6917 193
6918 163
6919 158
6920 208
6921 188
6922 236
6923 200
6924 230
6925 209
6926 209
6927 216
6928 159
6929 236
6930 177
6931 171
6932 107
6933 200
6934 223
6935 179
6936 253
6937 164
6938 180
6939 209
6940 199
6941 161
6942 193
6943 171
6944 204
6945 204
6946 166
6947 172
6948 153
6949 191
6950 203
6951 188
6952 210
6953 156
6954 264
6955 217
6956 205
6957 252
6958 202
6959 269
6960 214
6961 214
6962 228
6963 202
6964 172
6965 203
6966 167
6967 245
6968 155
6969 150
6970 183
6971 210
6972 256
6973 0
6974 192
6975 184
6976 206
6977 249
6978 173
6979 203
6980 227
6981 233
6982 239
6983 200
6984 166
6985 219
6986 166
6987 175
6988 217
6989 221
6990 168
6991 169
6992 224
6993 226
6994 184
6995 334
6996 263
6997 188
6998 196
6999 209
7000 221
7001 136
7002 184
7003 243
7004 237
7005 188
7006 193
7007 241
7008 165
7009 172
7010 203
7011 183
7012 188
7013 206
7014 199
7015 164
7016 177
7017 199
7018 223
7019 174
7020 264
7021 195
7022 192
7023 107
7024 218
7025 191
7026 162
7027 215
7028 181
7029 5
7030 198
7031 202
7032 262
7033 221
7034 110
7035 112
7036 201
7037 203
7038 207
7039 164
7040 197
7041 210
7042 180
7043 144
7044 115
7045 188
7046 219
7047 219
7048 217
7049 166
7050 125
7051 205
7052 189
7053 278
7054 202
7055 181
7056 214
7057 208
7058 189
7059 177
7060 207
7061 199
7062 214
7063 211
7064 194
7065 266
7066 199
7067 154
7068 203
7069 187
7070 197
7071 229
7072 153
7073 183
7074 226
7075 176
7076 173
7077 255
7078 224
7079 172
7080 182
7081 180
7082 254
7083 194
7084 206
7085 225
7086 201
7087 133
7088 169
7089 178
7090 195
7091 232
7092 175
7093 203
7094 216
7095 260
7096 216
7097 180
7098 141
7099 185
7100 181
7101 261
7102 188
7103 172
7104 171
7105 174
7106 218
7107 181
7108 152
7109 178
7110 171
7111 216
7112 200
7113 104
7114 203
7115 162
7116 215
7117 173
7118 157
7119 188
7120 186
7121 208
7122 203
7123 257
7124 224
7125 193
7126 340
7127 195
7128 225
7129 209
7130 175
7131 186
7132 234
7133 189
7134 184
7135 200
7136 202
7137 158
7138 184
7139 217
7140 211
7141 244
7142 191
7143 205
7144 271
7145 199
7146 176
7147 182
7148 243
7149 159
7150 159
7151 225
7152 214
7153 137
7154 216
7155 228
7156 177
7157 206
7158 162
7159 212
7160 226
7161 173
7162 130
7163 160
7164 203
7165 219
7166 188
7167 177
7168 147
7169 178
7170 173
7171 189
7172 152
7173 209
7174 179
7175 235
7176 197
7177 246
7178 138
7179 231
7180 176
7181 270
7182 136
7183 196
7184 178
7185 150
7186 164
7187 170
7188 252
7189 177
7190 178
7191 200
7192 212
7193 173
7194 182
7195 166
7196 266
7197 209
7198 181
7199 245
7200 198
7201 196
7202 193
7203 222
7204 190
7205 153
7206 258
7207 293
7208 188
7209 173
7210 174
7211 190
7212 151
7213 236
7214 210
7215 123
7216 160
7217 177
7218 184
7219 150
7220 228
7221 167
7222 254
7223 179
7224 138
7225 214
7226 190
7227 158
7228 179
7229 144
7230 169
7231 186
7232 287
7233 197
7234 172
7235 139
7236 194
7237 172
7238 269
7239 211
7240 128
7241 192
7242 120
7243 229
7244 224
7245 140
7246 192
7247 201
7248 263
7249 214
7250 263
7251 193
7252 194
7253 227
7254 222
7255 179
7256 206
7257 204
7258 184
7259 207
7260 146
7261 132
7262 124
7263 176
7264 212
7265 173
7266 218
7267 168
7268 185
7269 248
7270 223
7271 215
7272 222
7273 108
7274 223
7275 157
7276 169
7277 212
7278 243
7279 242
7280 182
7281 227
7282 181
7283 195
7284 137
7285 170
7286 155
7287 226
7288 230
7289 240
7290 248
7291 194
7292 217
7293 192
7294 169
7295 190
7296 212
7297 149
7298 184
7299 0
