Vertices: 6300
Edges: 31500
Time: 3,451 ms
Iterations: 31265
Vertex Distance
0 0
1 178
2 164
3 185
4 192
5 210
6 172
7 228
8 66
9 168
10 229
11 165
12 136
13 110
14 131
15 180
16 192
17 177
18 178
19 136
20 142
21 153
22 224
23 118
24 153
25 169
26 176
27 172
28 115
29 208
30 111
31 164
32 155
33 197
34 117
35 234
36 252
37 166
38 109
39 172
40 147
41 148
42 225
43 187
44 180
45 177
46 201
47 207
48 217
49 167
50 169
51 240
52 123
53 176
54 176
55 154
56 0
57 146
58 169
59 142
60 138
61 130
62 192
63 146
64 199
65 144
66 153
67 165
68 171
69 202
70 161
71 144
72 136
73 139
74 223
75 243
76 281
77 187
78 153
79 191
80 139
81 179
82 164
83 211
84 190
85 150
86 152
87 109
88 185
89 187
90 196
91 152
92 214
93 0
94 162
95 183
96 204
97 170
98 178
99 105
100 131
101 171
102 236
103 58
104 106
105 176
106 163
107 177
108 156
109 160
110 176
111 194
112 155
113 129
114 313
115 163
116 181
117 146
118 124
119 202
120 205
121 199
122 184
123 200
124 156
125 156
126 200
127 204
128 204
129 163
130 203
131 215
132 100
133 137
134 186
135 159
136 165
137 294
138 171
139 195
140 168
141 176
142 148
143 240
144 221
145 174
146 130
147 207
148 145
149 175
150 190
151 165
152 101
153 222
154 149
155 104
156 200
157 181
158 146
159 167
160 110
161 179
162 188
163 167
164 163
165 186
166 187
167 158
168 150
169 242
170 167
171 171
172 237
173 173
174 129
175 131
176 168
177 172
178 130
179 200
180 204
181 173
182 149
183 135
184 101
185 165
186 162
187 186
188 147
189 131
190 146
191 138
192 170
193 137
194 199
195 153
196 217
197 105
198 176
199 179
200 144
201 123
202 243
203 118
204 172
205 173
206 168
207 216
208 134
209 129
210 164
211 170
212 123
213 95
214 230
215 216
216 204
217 173
218 191
219 149
220 152
221 162
222 209
223 210
224 169
225 195
226 144
227 176
228 177
229 239
230 187
231 185
232 196
233 204
234 165
235 162
236 244
237 195
238 160
239 163
240 142
241 163
242 140
243 164
244 166
245 131
246 193
247 149
248 150
249 186
250 216
251 215
252 189
253 191
254 182
255 94
256 182
257 100
258 146
259 114
260 168
261 156
262 190
263 167
264 212
265 168
266 146
267 180
268 82
269 207
270 86
271 215
272 194
273 144
274 185
275 168
276 90
277 169
278 217
279 186
280 83
281 191
282 146
283 176
284 210
285 150
286 222
287 194
288 203
289 166
290 198
291 147
292 160
293 227
294 214
295 205
296 185
297 177
298 177
299 161
300 175
301 168
302 172
303 175
304 113
305 174
306 153
307 279
308 122
309 189
310 228
311 197
312 187
313 166
314 173
315 150
316 168
317 167
318 152
319 144
320 112
321 171
322 178
323 219
324 131
325 197
326 164
327 204
328 153
329 156
330 202
331 157
332 200
333 178
334 166
335 142
336 108
337 183
338 152
339 196
340 173
341 170
342 178
343 208
344 150
345 187
346 215
347 166
348 172
349 181
350 163
351 220
352 170
353 124
354 172
355 175
356 211
357 180
358 210
359 90
360 219
361 144
362 195
363 172
364 128
365 188
366 212
367 196
368 113
369 192
370 170
371 201
372 171
373 126
374 153
375 160
376 190
377 134
378 187
379 151
380 138
381 108
382 186
383 177
384 170
385 125
386 210
387 190
388 160
389 168
390 142
391 153
392 134
393 179
394 182
395 188
396 160
397 174
398 106
399 213
400 166
401 190
402 178
403 177
404 178
405 123
406 123
407 165
408 148
409 183
410 155
411 171
412 152
413 170
414 183
415 172
416 83
417 170
418 211
419 205
420 168
421 196
422 148
423 186
424 206
425 130
426 177
427 197
428 202
429 160
430 133
431 142
432 145
433 168
434 159
435 180
436 206
437 218
438 203
439 155
440 158
441 277
442 189
443 118
444 153
445 155
446 248
447 189
448 197
449 179
450 161
451 165
452 247
453 85
454 241
455 162
456 174
457 171
458 241
459 199
460 184
461 161
462 165
463 154
464 88
465 202
466 137
467 205
468 155
469 134
470 157
471 215
472 223
473 202
474 216
475 181
476 156
477 159
478 177
479 201
480 135
481 125
482 119
483 148
484 177
485 164
486 210
487 196
488 205
489 145
490 88
491 150
492 184
493 127
494 192
495 186
496 185
497 185
498 130
499 157
500 0
501 206
502 188
503 163
504 210
505 210
506 162
507 242
508 197
509 208
510 169
511 182
512 156
513 167
514 140
515 159
516 149
517 150
518 195
519 133
520 197
521 160
522 183
523 149
524 154
525 115
526 200
527 174
528 191
529 181
530 165
531 165
532 194
533 161
534 185
535 158
536 170
537 0
538 130
539 291
540 140
541 95
542 184
543 240
544 206
545 145
546 174
547 155
548 167
549 234
550 182
551 162
552 121
553 210
554 129
555 147
556 196
557 162
558 209
559 198
560 183
561 226
562 181
563 164
564 202
565 117
566 189
567 132
568 136
569 219
570 183
571 191
572 182
573 148
574 144
575 171
576 203
577 100
578 120
579 194
580 161
581 202
582 178
583 202
584 177
585 177
586 189
587 224
588 211
589 224
590 153
591 186
592 225
593 169
594 179
595 228
596 198
597 102
598 175
599 165
600 167
601 225
602 173
603 264
604 184
605 253
606 185
607 153
608 198
609 139
610 114
611 193
612 150
613 147
614 196
615 178
616 189
617 155
618 103
619 185
620 170
621 234
622 200
623 207
624 130
625 149
626 113
627 191
628 209
629 155
630 173
631 126
632 158
633 219
634 181
635 212
636 164
637 180
638 179
639 156
640 160
641 179
642 144
643 197
644 174
645 200
646 176
647 167
648 176
649 201
650 153
651 179
652 162
653 279
654 189
655 186
656 175
657 175
658 194
659 151
660 221
661 214
662 221
663 239
664 127
665 153
666 166
667 189
668 154
669 217
670 149
671 242
672 165
673 181
674 170
675 163
676 234
677 116
678 180
679 179
680 161
681 176
682 254
683 372
684 96
685 166
686 177
687 164
688 181
689 229
690 173
691 194
692 190
693 186
694 63
695 196
696 160
697 159
698 210
699 184
700 215
701 91
702 126
703 172
704 188
705 238
706 137
707 235
708 61
709 174
710 190
711 195
712 51
713 188
714 249
715 191
716 175
717 145
718 181
719 295
720 174
721 180
722 155
723 226
724 211
725 223
726 170
727 150
728 146
729 83
730 151
731 179
732 215
733 123
734 170
735 213
736 197
737 182
738 157
739 185
740 157
741 235
742 186
743 200
744 197
745 182
746 150
747 164
748 150
749 219
750 162
751 215
752 66
753 92
754 254
755 0
756 202
757 198
758 195
759 190
760 208
761 145
762 188
763 147
764 146
765 164
766 45
767 172
768 242
769 190
770 210
771 178
772 171
773 269
774 120
775 143
776 163
777 170
778 185
779 121
780 184
781 172
782 263
783 175
784 0
785 184
786 183
787 236
788 165
789 210
790 247
791 128
792 177
793 182
794 179
795 203
796 136
797 128
798 149
799 196
800 151
801 183
802 185
803 173
804 143
805 151
806 139
807 189
808 94
809 157
810 170
811 165
812 147
813 176
814 160
815 212
816 136
817 190
818 111
819 218
820 230
821 161
822 160
823 141
824 163
825 159
826 123
827 179
828 130
829 222
830 202
831 124
832 166
833 173
834 183
835 158
836 199
837 106
838 190
839 116
840 176
841 90
842 169
843 229
844 210
845 188
846 150
847 170
848 134
849 206
850 120
851 212
852 143
853 180
854 186
855 157
856 44
857 201
858 129
859 208
860 159
861 221
862 155
863 171
864 135
865 160
866 117
867 145
868 166
869 188
870 163
871 226
872 230
873 170
874 133
875 15
876 138
877 176
878 179
879 167
880 230
881 162
882 177
883 154
884 225
885 186
886 132
887 171
888 169
889 169
890 197
891 174
892 163
893 177
894 224
895 192
896 179
897 201
898 124
899 180
900 136
901 191
902 146
903 195
904 153
905 217
906 91
907 135
908 116
909 164
910 178
911 205
912 168
913 231
914 143
915 179
916 180
917 187
918 184
919 179
920 127
921 102
922 206
923 214
924 214
925 163
926 181
927 195
928 201
929 264
930 151
931 153
932 184
933 114
934 203
935 149
936 183
937 176
938 198
939 190
940 156
941 204
942 186
943 206
944 200
945 152
946 133
947 128
948 203
949 229
950 171
951 178
952 170
953 149
954 227
955 212
956 199
957 185
958 111
959 176
960 219
961 171
962 146
963 150
964 171
965 178
966 133
967 152
968 187
969 201
970 176
971 205
972 194
973 204
974 194
975 135
976 155
977 162
978 185
979 191
980 191
981 229
982 193
983 170
984 194
985 146
986 154
987 166
988 88
989 168
990 175
991 221
992 194
993 277
994 187
995 170
996 123
997 216
998 144
999 132
1000 146
1001 184
1002 187
1003 186
1004 82
1005 179
1006 152
1007 191
1008 166
1009 139
1010 177
1011 173
1012 178
1013 142
1014 220
1015 111
1016 114
1017 230
1018 161
1019 138
1020 210
1021 96
1022 179
1023 116
1024 180
1025 175
1026 172
1027 204
1028 157
1029 158
1030 174
1031 178
1032 159
1033 132
1034 185
1035 308
1036 197
1037 151
1038 190
1039 203
1040 259
1041 241
1042 175
1043 84
1044 207
1045 162
1046 181
1047 183
1048 194
1049 191
1050 157
1051 146
1052 150
1053 121
1054 114
1055 137
1056 161
1057 158
1058 130
1059 186
1060 160
1061 210
1062 154
1063 174
1064 196
1065 213
1066 200
1067 148
1068 223
1069 193
1070 212
1071 152
1072 181
1073 211
1074 154
1075 169
1076 91
1077 208
1078 253
1079 189
1080 89
1081 164
1082 168
1083 187
1084 164
1085 200
1086 68
1087 226
1088 141
1089 87
1090 294
1091 141
1092 154
1093 130
1094 134
1095 156
1096 219
1097 143
1098 190
1099 189
1100 200
1101 249
1102 186
1103 198
1104 158
1105 185
1106 161
1107 211
1108 171
1109 196
1110 231
1111 130
1112 125
1113 169
1114 177
1115 130
1116 209
1117 167
1118 203
1119 125
1120 92
1121 190
1122 136
1123 220
1124 206
1125 173
1126 185
1127 190
1128 160
1129 138
1130 238
1131 149
1132 180
1133 160
1134 194
1135 151
1136 149
1137 165
1138 170
1139 187
1140 143
1141 177
1142 180
1143 181
1144 158
1145 146
1146 209
1147 253
1148 194
1149 157
1150 146
1151 164
1152 193
1153 167
1154 133
1155 191
1156 161
1157 212
1158 127
1159 155
1160 143
1161 166
1162 190
1163 265
1164 216
1165 153
1166 144
1167 173
1168 227
1169 178
1170 135
1171 226
1172 168
1173 171
1174 160
1175 116
1176 162
1177 137
1178 148
1179 197
1180 179
1181 161
1182 163
1183 203
1184 109
1185 154
1186 166
1187 155
1188 120
1189 170
1190 116
1191 263
1192 196
1193 162
1194 147
1195 188
1196 192
1197 144
1198 208
1199 167
1200 155
1201 156
1202 195
1203 168
1204 250
1205 170
1206 172
1207 150
1208 146
1209 160
1210 132
1211 196
1212 171
1213 165
1214 153
1215 185
1216 189
1217 166
1218 109
1219 157
1220 148
1221 177
1222 245
1223 174
1224 167
1225 159
1226 162
1227 198
1228 169
1229 173
1230 179
1231 203
1232 153
1233 292
1234 151
1235 190
1236 254
1237 162
1238 217
1239 134
1240 133
1241 157
1242 181
1243 212
1244 154
1245 185
1246 111
1247 74
1248 152
1249 173
1250 169
1251 200
1252 157
1253 174
1254 189
1255 197
1256 168
1257 142
1258 231
1259 193
1260 167
1261 101
1262 204
1263 181
1264 155
1265 199
1266 119
1267 158
1268 160
1269 181
1270 156
1271 181
1272 118
1273 182
1274 241
1275 139
1276 95
1277 174
1278 202
1279 192
1280 180
1281 0
1282 156
1283 184
1284 155
1285 160
1286 176
1287 161
1288 155
1289 166
1290 120
1291 213
1292 217
1293 192
1294 141
1295 155
1296 117
1297 161
1298 160
1299 179
1300 275
1301 161
1302 203
1303 243
1304 206
1305 166
1306 173
1307 245
1308 260
1309 174
1310 204
1311 172
1312 157
1313 226
1314 236
1315 135
1316 147
1317 167
1318 98
1319 162
1320 198
1321 185
1322 0
1323 237
1324 159
1325 201
1326 154
1327 252
1328 115
1329 173
1330 176
1331 197
1332 250
1333 209
1334 209
1335 194
1336 159
1337 193
1338 161
1339 157
1340 184
1341 164
1342 170
1343 168
1344 177
1345 193
1346 117
1347 191
1348 148
1349 214
1350 174
1351 283
1352 119
1353 183
1354 160
1355 172
1356 168
1357 150
1358 159
1359 195
1360 161
1361 183
1362 131
1363 162
1364 159
1365 180
1366 180
1367 208
1368 203
1369 255
1370 192
1371 142
1372 149
1373 230
1374 188
1375 138
1376 222
1377 173
1378 138
1379 191
1380 197
1381 197
1382 177
1383 114
1384 214
1385 170
1386 148
1387 211
1388 165
1389 171
1390 191
1391 200
1392 179
1393 189
1394 169
1395 147
1396 158
1397 193
1398 208
1399 137
1400 202
1401 196
1402 221
1403 171
1404 156
1405 179
1406 141
1407 96
1408 229
1409 172
1410 197
1411 143
1412 205
1413 178
1414 226
1415 193
1416 186
1417 156
1418 140
1419 187
1420 209
1421 182
1422 273
1423 169
1424 148
1425 125
1426 235
1427 201
1428 169
1429 100
1430 171
1431 194
1432 209
1433 116
1434 177
1435 193
1436 185
1437 156
1438 180
1439 198
1440 165
1441 170
1442 190
1443 139
1444 130
1445 129
1446 163
1447 177
1448 182
1449 139
1450 200
1451 188
1452 120
1453 238
1454 130
1455 223
1456 143
1457 197
1458 176
1459 135
1460 217
1461 110
1462 190
1463 153
1464 193
1465 232
1466 180
1467 199
1468 116
1469 143
1470 188
1471 173
1472 204
1473 154
1474 198
1475 181
1476 195
1477 184
1478 208
1479 173
1480 141
1481 182
1482 160
1483 152
1484 155
1485 209
1486 106
1487 153
1488 188
1489 177
1490 176
1491 112
1492 145
1493 130
1494 232
1495 204
1496 123
1497 162
1498 202
1499 196
1500 199
1501 198
1502 131
1503 167
1504 133
1505 185
1506 166
1507 190
1508 199
1509 211
1510 219
1511 190
1512 230
1513 159
1514 217
1515 123
1516 124
1517 133
1518 228
1519 249
1520 207
1521 184
1522 154
1523 189
1524 172
1525 186
1526 216
1527 178
1528 226
1529 187
1530 247
1531 164
1532 178
1533 144
1534 191
1535 177
1536 144
1537 165
1538 163
1539 159
1540 199
1541 133
1542 175
1543 171
1544 214
1545 124
1546 140
1547 134
1548 180
1549 200
1550 187
1551 188
1552 218
1553 146
1554 197
1555 83
1556 179
1557 181
1558 92
1559 227
1560 223
1561 224
1562 165
1563 168
1564 174
1565 159
1566 182
1567 144
1568 143
1569 194
1570 227
1571 176
1572 150
1573 185
1574 148
1575 164
1576 162
1577 173
1578 152
1579 160
1580 224
1581 189
1582 170
1583 161
1584 98
1585 165
1586 121
1587 174
1588 124
1589 201
1590 191
1591 180
1592 158
1593 167
1594 214
1595 164
1596 240
1597 279
1598 191
1599 187
1600 78
1601 161
1602 180
1603 208
1604 228
1605 143
1606 186
1607 178
1608 150
1609 157
1610 197
1611 153
1612 158
1613 123
1614 122
1615 191
1616 268
1617 202
1618 233
1619 181
1620 194
1621 207
1622 214
1623 171
1624 184
1625 151
1626 158
1627 175
1628 218
1629 178
1630 131
1631 183
1632 208
1633 173
1634 188
1635 171
1636 114
1637 183
1638 197
1639 189
1640 178
1641 210
1642 196
1643 211
1644 196
1645 137
1646 152
1647 199
1648 205
1649 189
1650 156
1651 146
1652 252
1653 143
1654 208
1655 175
1656 187
1657 177
1658 202
1659 167
1660 173
1661 93
1662 149
1663 151
1664 198
1665 164
1666 145
1667 163
1668 182
1669 188
1670 223
1671 201
1672 242
1673 222
1674 84
1675 210
1676 193
1677 144
1678 122
1679 74
1680 171
1681 175
1682 178
1683 181
1684 128
1685 184
1686 163
1687 224
1688 163
1689 175
1690 149
1691 164
1692 178
1693 112
1694 220
1695 171
1696 212
1697 188
1698 185
1699 178
1700 181
1701 176
1702 142
1703 191
1704 188
1705 190
1706 167
1707 204
1708 176
1709 184
1710 130
1711 156
1712 139
1713 131
1714 142
1715 167
1716 145
1717 176
1718 127
1719 206
1720 203
1721 129
1722 186
1723 180
1724 247
1725 147
1726 193
1727 184
1728 179
1729 211
1730 218
1731 181
1732 232
1733 213
1734 183
1735 174
1736 219
1737 187
1738 180
1739 186
1740 182
1741 231
1742 229
1743 182
1744 153
1745 204
1746 145
1747 121
1748 181
1749 194
1750 147
1751 185
1752 140
1753 151
1754 117
1755 198
1756 152
1757 134
1758 199
1759 182
1760 145
1761 156
1762 116
1763 231
1764 149
1765 118
1766 203
1767 185
1768 239
1769 159
1770 136
1771 204
1772 168
1773 180
1774 201
1775 168
1776 105
1777 227
1778 146
1779 205
1780 155
1781 201
1782 171
1783 164
1784 155
1785 185
1786 154
1787 169
1788 153
1789 231
1790 142
1791 220
1792 169
1793 191
1794 198
1795 137
1796 114
1797 167
1798 271
1799 110
1800 149
1801 153
1802 177
1803 251
1804 208
1805 169
1806 175
1807 180
1808 220
1809 173
1810 190
1811 202
1812 179
1813 112
1814 190
1815 235
1816 199
1817 136
1818 165
1819 170
1820 176
1821 202
1822 162
1823 214
1824 160
1825 218
1826 181
1827 0
1828 227
1829 230
1830 172
1831 178
1832 246
1833 195
1834 168
1835 197
1836 94
1837 187
1838 202
1839 105
1840 276
1841 102
1842 148
1843 159
1844 160
1845 185
1846 142
1847 179
1848 156
1849 151
1850 198
1851 216
1852 145
1853 72
1854 184
1855 180
1856 207
1857 196
1858 175
1859 176
1860 277
1861 164
1862 164
1863 172
1864 205
1865 163
1866 206
1867 209
1868 186
1869 154
1870 188
1871 184
1872 113
1873 189
1874 210
1875 145
1876 245
1877 137
1878 159
1879 182
1880 88
1881 208
1882 146
1883 182
1884 145
1885 182
1886 181
1887 113
1888 216
1889 132
1890 178
1891 115
1892 150
1893 183
1894 204
1895 146
1896 0
1897 123
1898 148
1899 213
1900 99
1901 197
1902 189
1903 125
1904 192
1905 184
1906 176
1907 175
1908 110
1909 196
1910 157
1911 195
1912 145
1913 175
1914 131
1915 160
1916 139
1917 160
1918 139
1919 218
1920 195
1921 146
1922 243
1923 188
1924 165
1925 228
1926 168
1927 218
1928 187
1929 162
1930 199
1931 195
1932 118
1933 116
1934 158
1935 135
1936 178
1937 169
1938 139
1939 182
1940 159
1941 174
1942 193
1943 171
1944 88
1945 210
1946 154
1947 192
1948 144
1949 199
1950 170
1951 141
1952 292
1953 117
1954 179
1955 179
1956 189
1957 159
1958 209
1959 161
1960 202
1961 180
1962 194
1963 224
1964 186
1965 141
1966 170
1967 122
1968 182
1969 156
1970 122
1971 105
1972 173
1973 195
1974 179
1975 206
1976 62
1977 175
1978 176
1979 185
1980 188
1981 133
1982 106
1983 215
1984 167
1985 239
1986 132
1987 153
1988 176
1989 253
1990 204
1991 183
1992 211
1993 180
1994 154
1995 177
1996 120
1997 183
1998 210
1999 145
2000 115
2001 152
2002 162
2003 169
2004 0
2005 188
2006 185
2007 139
2008 146
2009 128
2010 179
2011 174
2012 168
2013 215
2014 141
2015 170
2016 148
2017 195
2018 174
2019 178
2020 203
2021 101
2022 197
2023 176
2024 158
2025 239
2026 188
2027 159
2028 177
2029 171
2030 150
2031 126
2032 139
2033 238
2034 197
2035 193
2036 188
2037 217
2038 184
2039 205
2040 129
2041 202
2042 142
2043 168
2044 152
2045 173
2046 178
2047 161
2048 174
2049 171
2050 162
2051 119
2052 183
2053 122
2054 160
2055 191
2056 129
2057 186
2058 0
2059 154
2060 179
2061 178
2062 168
2063 130
2064 136
2065 236
2066 136
2067 142
2068 120
2069 227
2070 91
2071 199
2072 207
2073 172
2074 193
2075 282
2076 129
2077 169
2078 183
2079 159
2080 150
2081 145
2082 201
2083 132
2084 183
2085 216
2086 160
2087 210
2088 173
2089 168
2090 149
2091 190
2092 124
2093 156
2094 284
2095 170
2096 160
2097 181
2098 170
2099 112
2100 111
2101 161
2102 232
2103 228
2104 161
2105 230
2106 126
2107 163
2108 161
2109 162
2110 233
2111 246
2112 230
2113 165
2114 165
2115 143
2116 165
2117 178
2118 212
2119 126
2120 114
2121 155
2122 188
2123 164
2124 206
2125 173
2126 205
2127 198
2128 154
2129 166
2130 182
2131 178
2132 189
2133 145
2134 119
2135 196
2136 170
2137 133
2138 253
2139 215
2140 133
2141 193
2142 130
2143 125
2144 228
2145 210
2146 183
2147 221
2148 194
2149 82
2150 186
2151 135
2152 170
2153 182
2154 219
2155 187
2156 240
2157 191
2158 211
2159 158
2160 215
2161 181
2162 185
2163 205
2164 179
2165 212
2166 142
2167 178
2168 122
2169 163
2170 151
2171 189
2172 149
2173 121
2174 166
2175 155
2176 163
2177 164
2178 186
2179 188
2180 172
2181 175
2182 172
2183 192
2184 163
2185 231
2186 169
2187 185
2188 156
2189 228
2190 190
2191 223
2192 117
2193 81
2194 179
2195 178
2196 153
2197 224
2198 202
2199 199
2200 199
2201 126
2202 145
2203 216
2204 193
2205 148
2206 187
2207 194
2208 263
2209 204
2210 203
2211 171
2212 195
2213 99
2214 168
2215 58
2216 187
2217 173
2218 184
2219 187
2220 96
2221 119
2222 84
2223 178
2224 219
2225 172
2226 150
2227 228
2228 175
2229 210
2230 126
2231 250
2232 222
2233 172
2234 130
2235 212
2236 243
2237 148
2238 129
2239 124
2240 189
2241 209
2242 169
2243 187
2244 167
2245 140
2246 241
2247 157
2248 191
2249 253
2250 157
2251 180
2252 162
2253 158
2254 145
2255 183
2256 131
2257 186
2258 203
2259 171
2260 180
2261 182
2262 194
2263 170
2264 134
2265 179
2266 129
2267 192
2268 203
2269 239
2270 211
2271 186
2272 145
2273 195
2274 135
2275 166
2276 163
2277 188
2278 155
2279 206
2280 144
2281 179
2282 154
2283 200
2284 244
2285 93
2286 161
2287 135
2288 101
2289 227
2290 148
2291 193
2292 101
2293 215
2294 109
2295 138
2296 257
2297 177
2298 172
2299 228
2300 175
2301 196
2302 138
2303 212
2304 176
2305 218
2306 206
2307 182
2308 181
2309 141
2310 203
2311 204
2312 148
2313 130
2314 181
2315 198
2316 163
2317 170
2318 186
2319 242
2320 192
2321 137
2322 153
2323 143
2324 153
2325 194
2326 161
2327 171
2328 153
2329 171
2330 171
2331 208
2332 141
2333 167
2334 195
2335 189
2336 139
2337 195
2338 165
2339 246
2340 167
2341 171
2342 179
2343 189
2344 172
2345 157
2346 214
2347 141
2348 151
2349 144
2350 222
2351 254
2352 123
2353 153
2354 159
2355 171
2356 234
2357 169
2358 129
2359 194
2360 116
2361 173
2362 210
2363 172
2364 152
2365 174
2366 176
2367 215
2368 222
2369 187
2370 103
2371 155
2372 155
2373 137
2374 169
2375 145
2376 161
2377 108
2378 152
2379 171
2380 195
2381 179
2382 144
2383 157
2384 151
2385 164
2386 162
2387 123
2388 175
2389 105
2390 194
2391 181
2392 164
2393 148
2394 166
2395 213
2396 148
2397 199
2398 169
2399 0
2400 199
2401 160
2402 157
2403 238
2404 198
2405 189
2406 189
2407 190
2408 221
2409 185
2410 166
2411 167
2412 179
2413 96
2414 211
2415 185
2416 190
2417 190
2418 153
2419 158
2420 120
2421 170
2422 131
2423 217
2424 141
2425 162
2426 196
2427 185
2428 179
2429 169
2430 167
2431 128
2432 147
2433 176
2434 199
2435 176
2436 199
2437 175
2438 172
2439 194
2440 160
2441 157
2442 172
2443 148
2444 206
2445 196
2446 166
2447 211
2448 123
2449 237
2450 162
2451 187
2452 127
2453 239
2454 161
2455 203
2456 231
2457 188
2458 202
2459 226
2460 134
2461 246
2462 196
2463 195
2464 195
2465 158
2466 167
2467 127
2468 204
2469 172
2470 161
2471 219
2472 191
2473 143
2474 180
2475 196
2476 242
2477 155
2478 193
2479 200
2480 194
2481 180
2482 160
2483 215
2484 120
2485 150
2486 202
2487 165
2488 206
2489 106
2490 167
2491 163
2492 143
2493 98
2494 190
2495 175
2496 143
2497 139
2498 158
2499 82
2500 147
2501 193
2502 155
2503 157
2504 228
2505 117
2506 187
2507 180
2508 129
2509 176
2510 189
2511 191
2512 197
2513 192
2514 205
2515 65
2516 212
2517 134
2518 160
2519 170
2520 135
2521 172
2522 207
2523 245
2524 229
2525 147
2526 181
2527 167
2528 182
2529 161
2530 168
2531 259
2532 188
2533 167
2534 181
2535 201
2536 184
2537 122
2538 163
2539 158
2540 189
2541 174
2542 137
2543 188
2544 187
2545 213
2546 168
2547 225
2548 205
2549 227
2550 167
2551 167
2552 169
2553 174
2554 136
2555 242
2556 231
2557 203
2558 198
2559 179
2560 172
2561 205
2562 193
2563 173
2564 144
2565 160
2566 232
2567 182
2568 174
2569 192
2570 128
2571 232
2572 148
2573 291
2574 117
2575 138
2576 155
2577 117
2578 175
2579 154
2580 167
2581 161
2582 170
2583 109
2584 130
2585 84
2586 138
2587 168
2588 164
2589 174
2590 121
2591 144
2592 203
2593 183
2594 194
2595 261
2596 228
2597 141
2598 165
2599 181
2600 200
2601 235
2602 219
2603 189
2604 180
2605 154
2606 38
2607 108
2608 193
2609 132
2610 176
2611 129
2612 158
2613 178
2614 179
2615 187
2616 188
2617 182
2618 224
2619 190
2620 185
2621 213
2622 211
2623 168
2624 265
2625 172
2626 123
2627 168
2628 129
2629 198
2630 161
2631 181
2632 126
2633 216
2634 195
2635 178
2636 198
2637 181
2638 213
2639 163
2640 266
2641 231
2642 193
2643 161
2644 216
2645 156
2646 154
2647 186
2648 266
2649 156
2650 168
2651 179
2652 161
2653 159
2654 228
2655 203
2656 181
2657 143
2658 161
2659 175
2660 0
2661 170
2662 175
2663 207
2664 175
2665 165
2666 181
2667 178
2668 201
2669 169
2670 173
2671 201
2672 186
2673 76
2674 159
2675 149
2676 201
2677 160
2678 168
2679 130
2680 199
2681 117
2682 147
2683 197
2684 182
2685 178
2686 116
2687 184
2688 232
2689 162
2690 200
2691 186
2692 213
2693 206
2694 151
2695 181
2696 188
2697 182
2698 164
2699 154
2700 183
2701 260
2702 152
2703 157
2704 199
2705 240
2706 154
2707 163
2708 183
2709 222
2710 180
2711 198
2712 154
2713 224
2714 187
2715 179
2716 142
2717 163
2718 180
2719 171
2720 102
2721 144
2722 274
2723 187
2724 127
2725 218
2726 211
2727 233
2728 152
2729 177
2730 168
2731 192
2732 166
2733 184
2734 186
2735 143
2736 176
2737 214
2738 109
2739 177
2740 145
2741 174
2742 182
2743 146
2744 150
2745 203
2746 201
2747 200
2748 158
2749 169
2750 132
2751 132
2752 128
2753 168
2754 170
2755 152
2756 197
2757 181
2758 217
2759 128
2760 210
2761 190
2762 171
2763 118
2764 95
2765 98
2766 243
2767 175
2768 161
2769 124
2770 82
2771 184
2772 179
2773 139
2774 209
2775 153
2776 164
2777 159
2778 225
2779 175
2780 181
2781 212
2782 236
2783 177
2784 223
2785 116
2786 204
2787 202
2788 179
2789 149
2790 178
2791 208
2792 108
2793 200
2794 167
2795 184
2796 182
2797 140
2798 139
2799 208
2800 195
2801 180
2802 144
2803 154
2804 200
2805 155
2806 153
2807 175
2808 137
2809 142
2810 202
2811 185
2812 149
2813 219
2814 189
2815 216
2816 182
2817 212
2818 209
2819 188
2820 191
2821 231
2822 186
2823 186
2824 164
2825 188
2826 210
2827 195
2828 212
2829 155
2830 186
2831 146
2832 189
2833 200
2834 144
2835 160
2836 187
2837 221
2838 132
2839 307
2840 188
2841 186
2842 103
2843 183
2844 167
2845 122
2846 325
2847 151
2848 75
2849 170
2850 138
2851 192
2852 178
2853 117
2854 157
2855 108
2856 152
2857 152
2858 193
2859 148
2860 207
2861 183
2862 186
2863 113
2864 120
2865 190
2866 151
2867 93
2868 209
2869 171
2870 185
2871 182
2872 190
2873 162
2874 206
2875 175
2876 155
2877 139
2878 183
2879 149
2880 162
2881 120
2882 135
2883 120
2884 249
2885 140
2886 150
2887 155
2888 134
2889 220
2890 186
2891 156
2892 208
2893 151
2894 181
2895 223
2896 143
2897 144
2898 147
2899 124
2900 186
2901 141
2902 135
2903 175
2904 226
2905 184
2906 160
2907 256
2908 174
2909 133
2910 151
2911 172
2912 207
2913 138
2914 162
2915 155
2916 131
2917 136
2918 206
2919 192
2920 163
2921 145
2922 185
2923 199
2924 184
2925 146
2926 191
2927 190
2928 190
2929 193
2930 126
2931 138
2932 192
2933 207
2934 232
2935 201
2936 135
2937 249
2938 156
2939 151
2940 169
2941 177
2942 100
2943 185
2944 284
2945 176
2946 293
2947 178
2948 146
2949 149
2950 170
2951 186
2952 180
2953 173
2954 175
2955 177
2956 119
2957 143
2958 154
2959 186
2960 178
2961 158
2962 181
2963 168
2964 191
2965 166
2966 190
2967 143
2968 200
2969 165
2970 162
2971 174
2972 160
2973 202
2974 220
2975 102
2976 99
2977 221
2978 179
2979 181
2980 156
2981 170
2982 183
2983 192
2984 152
2985 204
2986 186
2987 193
2988 147
2989 182
2990 207
2991 154
2992 140
2993 160
2994 116
2995 189
2996 188
2997 230
2998 205
2999 213
3000 190
3001 155
3002 163
3003 175
3004 173
3005 140
3006 151
3007 145
3008 191
3009 196
3010 127
3011 224
3012 189
3013 166
3014 154
3015 168
3016 184
3017 193
3018 152
3019 170
3020 189
3021 215
3022 209
3023 178
3024 165
3025 141
3026 190
3027 208
3028 136
3029 159
3030 188
3031 188
3032 120
3033 206
3034 184
3035 193
3036 192
3037 138
3038 205
3039 142
3040 167
3041 198
3042 96
3043 0
3044 164
3045 210
3046 146
3047 154
3048 177
3049 149
3050 156
3051 147
3052 237
3053 147
3054 229
3055 130
3056 196
3057 170
3058 169
3059 151
3060 139
3061 139
3062 213
3063 142
3064 230
3065 216
3066 206
3067 180
3068 151
3069 148
3070 138
3071 133
3072 153
3073 166
3074 166
3075 192
3076 187
3077 186
3078 185
3079 211
3080 182
3081 173
3082 157
3083 198
3084 158
3085 230
3086 223
3087 168
3088 141
3089 147
3090 153
3091 162
3092 200
3093 157
3094 198
3095 191
3096 152
3097 135
3098 167
3099 178
3100 179
3101 161
3102 181
3103 133
3104 143
3105 169
3106 152
3107 160
3108 146
3109 176
3110 186
3111 224
3112 217
3113 96
3114 139
3115 126
3116 187
3117 159
3118 190
3119 214
3120 121
3121 186
3122 165
3123 158
3124 152
3125 154
3126 119
3127 182
3128 175
3129 153
3130 91
3131 261
3132 153
3133 158
3134 119
3135 167
3136 172
3137 152
3138 136
3139 236
3140 190
3141 180
3142 161
3143 176
3144 149
3145 121
3146 161
3147 111
3148 128
3149 180
3150 166
3151 171
3152 206
3153 144
3154 127
3155 104
3156 213
3157 193
3158 158
3159 213
3160 158
3161 149
3162 85
3163 173
3164 143
3165 117
3166 176
3167 192
3168 155
3169 199
3170 200
3171 161
3172 226
3173 215
3174 125
3175 139
3176 141
3177 0
3178 163
3179 195
3180 119
3181 165
3182 146
3183 0
3184 165
3185 220
3186 186
3187 159
3188 160
3189 249
3190 150
3191 190
3192 348
3193 179
3194 223
3195 150
3196 140
3197 162
3198 180
3199 180
3200 203
3201 173
3202 261
3203 139
3204 208
3205 175
3206 127
3207 241
3208 149
3209 146
3210 223
3211 167
3212 157
3213 204
3214 172
3215 134
3216 165
3217 153
3218 188
3219 133
3220 220
3221 109
3222 191
3223 129
3224 73
3225 154
3226 169
3227 178
3228 217
3229 133
3230 156
3231 154
3232 231
3233 238
3234 163
3235 181
3236 221
3237 193
3238 139
3239 148
3240 151
3241 183
3242 189
3243 155
3244 224
3245 163
3246 171
3247 134
3248 161
3249 118
3250 192
3251 175
3252 154
3253 225
3254 177
3255 176
3256 200
3257 193
3258 157
3259 155
3260 124
3261 160
3262 163
3263 144
3264 210
3265 193
3266 229
3267 144
3268 177
3269 169
3270 267
3271 143
3272 136
3273 153
3274 159
3275 163
3276 119
3277 124
3278 189
3279 170
3280 166
3281 153
3282 175
3283 213
3284 234
3285 152
3286 178
3287 154
3288 158
3289 186
3290 178
3291 175
3292 188
3293 192
3294 205
3295 166
3296 294
3297 199
3298 169
3299 148
3300 128
3301 189
3302 73
3303 216
3304 178
3305 218
3306 222
3307 146
3308 164
3309 200
3310 102
3311 208
3312 184
3313 153
3314 188
3315 94
3316 182
3317 212
3318 205
3319 241
3320 218
3321 161
3322 164
3323 115
3324 151
3325 190
3326 135
3327 181
3328 202
3329 150
3330 243
3331 159
3332 156
3333 164
3334 181
3335 162
3336 168
3337 209
3338 177
3339 128
3340 295
3341 160
3342 189
3343 185
3344 152
3345 166
3346 146
3347 154
3348 147
3349 161
3350 156
3351 194
3352 236
3353 179
3354 169
3355 178
3356 173
3357 114
3358 129
3359 160
3360 189
3361 195
3362 155
3363 224
3364 152
3365 103
3366 219
3367 139
3368 159
3369 194
3370 186
3371 192
3372 162
3373 216
3374 146
3375 170
3376 162
3377 177
3378 202
3379 205
3380 187
3381 206
3382 199
3383 201
3384 148
3385 180
3386 213
3387 127
3388 217
3389 158
3390 218
3391 173
3392 259
3393 226
3394 219
3395 182
3396 179
3397 217
3398 167
3399 182
3400 239
3401 281
3402 119
3403 162
3404 196
3405 167
3406 170
3407 112
3408 171
3409 204
3410 187
3411 167
3412 207
3413 148
3414 156
3415 150
3416 234
3417 147
3418 167
3419 205
3420 176
3421 169
3422 215
3423 136
3424 211
3425 194
3426 192
3427 152
3428 187
3429 186
3430 147
3431 205
3432 152
3433 139
3434 203
3435 135
3436 164
3437 186
3438 210
3439 182
3440 166
3441 178
3442 226
3443 168
3444 105
3445 149
3446 168
3447 200
3448 190
3449 206
3450 125
3451 156
3452 132
3453 195
3454 101
3455 159
3456 181
3457 196
3458 229
3459 141
3460 133
3461 182
3462 158
3463 139
3464 187
3465 137
3466 185
3467 155
3468 172
3469 226
3470 155
3471 205
3472 146
3473 179
3474 197
3475 187
3476 128
3477 160
3478 136
3479 143
3480 172
3481 169
3482 133
3483 192
3484 169
3485 156
3486 127
3487 205
3488 198
3489 184
3490 170
3491 190
3492 181
3493 230
3494 194
3495 154
3496 192
3497 243
3498 283
3499 159
3500 144
3501 189
3502 196
3503 195
3504 168
3505 211
3506 145
3507 223
3508 238
3509 123
3510 210
3511 155
3512 168
3513 190
3514 244
3515 89
3516 126
3517 158
3518 225
3519 163
3520 294
3521 167
3522 135
3523 156
3524 175
3525 217
3526 139
3527 171
3528 176
3529 180
3530 206
3531 196
3532 180
3533 239
3534 140
3535 157
3536 216
3537 149
3538 129
3539 164
3540 159
3541 186
3542 87
3543 123
3544 234
3545 99
3546 215
3547 170
3548 171
3549 171
3550 188
3551 202
3552 144
3553 189
3554 172
3555 156
3556 158
3557 114
3558 201
3559 234
3560 167
3561 148
3562 189
3563 272
3564 187
3565 129
3566 148
3567 212
3568 135
3569 205
3570 155
3571 157
3572 187
3573 148
3574 143
3575 175
3576 183
3577 163
3578 174
3579 190
3580 151
3581 268
3582 119
3583 171
3584 183
3585 153
3586 169
3587 223
3588 181
3589 0
3590 127
3591 230
3592 138
3593 212
3594 213
3595 178
3596 245
3597 142
3598 139
3599 149
3600 181
3601 173
3602 175
3603 207
3604 193
3605 159
3606 176
3607 170
3608 240
3609 125
3610 211
3611 184
3612 137
3613 155
3614 224
3615 125
3616 198
3617 193
3618 146
3619 232
3620 218
3621 183
3622 196
3623 175
3624 164
3625 186
3626 110
3627 127
3628 139
3629 151
3630 227
3631 205
3632 163
3633 187
3634 172
3635 189
3636 232
3637 229
3638 108
3639 156
3640 67
3641 171
3642 162
3643 141
3644 53
3645 188
3646 163
3647 176
3648 143
3649 190
3650 165
3651 195
3652 204
3653 98
3654 161
3655 173
3656 173
3657 251
3658 197
3659 128
3660 210
3661 195
3662 181
3663 172
3664 184
3665 131
3666 157
3667 226
3668 148
3669 127
3670 131
3671 209
3672 207
3673 171
3674 180
3675 206
3676 170
3677 172
3678 189
3679 213
3680 235
3681 105
3682 154
3683 178
3684 146
3685 188
3686 246
3687 160
3688 70
3689 197
3690 211
3691 241
3692 173
3693 171
3694 160
3695 199
3696 217
3697 166
3698 133
3699 117
3700 182
3701 177
3702 201
3703 165
3704 181
3705 149
3706 117
3707 167
3708 132
3709 194
3710 185
3711 192
3712 232
3713 119
3714 201
3715 176
3716 167
3717 228
3718 188
3719 142
3720 159
3721 212
3722 196
3723 175
3724 182
3725 181
3726 168
3727 140
3728 130
3729 147
3730 138
3731 149
3732 126
3733 200
3734 189
3735 156
3736 162
3737 142
3738 132
3739 166
3740 202
3741 123
3742 200
3743 202
3744 188
3745 195
3746 192
3747 283
3748 183
3749 152
3750 169
3751 125
3752 106
3753 181
3754 104
3755 171
3756 223
3757 195
3758 167
3759 218
3760 161
3761 168
3762 201
3763 242
3764 188
3765 134
3766 214
3767 270
3768 164
3769 226
3770 231
3771 144
3772 185
3773 160
3774 199
3775 191
3776 127
3777 106
3778 98
3779 162
3780 204
3781 150
3782 216
3783 146
3784 180
3785 171
3786 169
3787 224
3788 224
3789 178
3790 157
3791 176
3792 115
3793 154
3794 145
3795 214
3796 162
3797 225
3798 163
3799 243
3800 202
3801 185
3802 123
3803 171
3804 225
3805 133
3806 201
3807 119
3808 185
3809 205
3810 175
3811 210
3812 230
3813 144
3814 127
3815 219
3816 230
3817 118
3818 207
3819 216
3820 190
3821 196
3822 189
3823 146
3824 110
3825 255
3826 219
3827 182
3828 173
3829 117
3830 110
3831 149
3832 179
3833 175
3834 163
3835 105
3836 82
3837 195
3838 215
3839 120
3840 135
3841 96
3842 172
3843 205
3844 175
3845 0
3846 165
3847 190
3848 167
3849 167
3850 175
3851 192
3852 184
3853 208
3854 156
3855 99
3856 179
3857 192
3858 162
3859 158
3860 117
3861 161
3862 91
3863 170
3864 146
3865 185
3866 200
3867 204
3868 214
3869 131
3870 218
3871 124
3872 164
3873 216
3874 160
3875 162
3876 159
3877 148
3878 204
3879 166
3880 196
3881 182
3882 194
3883 189
3884 176
3885 171
3886 200
3887 234
3888 161
3889 217
3890 177
3891 177
3892 108
3893 265
3894 195
3895 174
3896 132
3897 209
3898 161
3899 146
3900 167
3901 143
3902 204
3903 99
3904 158
3905 152
3906 166
3907 179
3908 253
3909 145
3910 73
3911 190
3912 155
3913 112
3914 200
3915 150
3916 151
3917 164
3918 241
3919 205
3920 191
3921 137
3922 178
3923 253
3924 193
3925 169
3926 186
3927 204
3928 115
3929 173
3930 205
3931 221
3932 163
3933 169
3934 190
3935 156
3936 185
3937 190
3938 266
3939 93
3940 166
3941 197
3942 184
3943 155
3944 191
3945 183
3946 150
3947 173
3948 130
3949 162
3950 239
3951 206
3952 165
3953 184
3954 147
3955 140
3956 81
3957 217
3958 204
3959 160
3960 192
3961 148
3962 117
3963 237
3964 201
3965 106
3966 144
3967 143
3968 102
3969 115
3970 182
3971 154
3972 203
3973 187
3974 247
3975 163
3976 219
3977 224
3978 206
3979 133
3980 223
3981 219
3982 179
3983 137
3984 189
3985 132
3986 182
3987 216
3988 159
3989 202
3990 251
3991 254
3992 157
3993 195
3994 194
3995 229
3996 121
3997 136
3998 155
3999 143
4000 213
4001 209
4002 99
4003 218
4004 190
4005 126
4006 231
4007 165
4008 160
4009 73
4010 262
4011 196
4012 224
4013 216
4014 184
4015 195
4016 245
4017 116
4018 119
4019 196
4020 199
4021 183
4022 170
4023 213
4024 151
4025 190
4026 227
4027 162
4028 142
4029 169
4030 170
4031 182
4032 183
4033 198
4034 157
4035 191
4036 178
4037 152
4038 179
4039 182
4040 226
4041 230
4042 93
4043 189
4044 239
4045 204
4046 133
4047 205
4048 140
4049 240
4050 187
4051 169
4052 182
4053 201
4054 170
4055 254
4056 162
4057 188
4058 153
4059 191
4060 212
4061 153
4062 164
4063 165
4064 74
4065 150
4066 179
4067 194
4068 130
4069 152
4070 198
4071 203
4072 122
4073 224
4074 173
4075 229
4076 198
4077 221
4078 153
4079 223
4080 211
4081 235
4082 189
4083 148
4084 153
4085 165
4086 228
4087 194
4088 172
4089 106
4090 191
4091 249
4092 200
4093 183
4094 162
4095 149
4096 241
4097 197
4098 80
4099 209
4100 80
4101 159
4102 202
4103 138
4104 174
4105 150
4106 140
4107 120
4108 169
4109 306
4110 202
4111 170
4112 193
4113 165
4114 142
4115 146
4116 171
4117 211
4118 168
4119 140
4120 147
4121 236
4122 179
4123 228
4124 158
4125 189
4126 150
4127 102
4128 190
4129 173
4130 168
4131 160
4132 185
4133 194
4134 185
4135 193
4136 179
4137 177
4138 192
4139 176
4140 101
4141 227
4142 208
4143 191
4144 155
4145 139
4146 198
4147 139
4148 191
4149 242
4150 240
4151 125
4152 183
4153 198
4154 217
4155 143
4156 122
4157 114
4158 138
4159 105
4160 167
4161 187
4162 192
4163 189
4164 184
4165 131
4166 92
4167 206
4168 236
4169 173
4170 134
4171 119
4172 189
4173 205
4174 151
4175 171
4176 189
4177 170
4178 184
4179 115
4180 180
4181 164
4182 161
4183 187
4184 164
4185 176
4186 152
4187 176
4188 198
4189 201
4190 169
4191 204
4192 158
4193 190
4194 173
4195 177
4196 204
4197 148
4198 175
4199 184
4200 180
4201 159
4202 274
4203 183
4204 191
4205 246
4206 134
4207 184
4208 203
4209 239
4210 156
4211 133
4212 217
4213 155
4214 195
4215 231
4216 137
4217 196
4218 145
4219 185
4220 155
4221 186
4222 123
4223 190
4224 182
4225 183
4226 187
4227 247
4228 156
4229 184
4230 176
4231 216
4232 255
4233 201
4234 172
4235 236
4236 214
4237 0
4238 131
4239 125
4240 160
4241 209
4242 193
4243 212
4244 103
4245 150
4246 192
4247 56
4248 150
4249 165
4250 216
4251 228
4252 161
4253 187
4254 167
4255 109
4256 237
4257 187
4258 166
4259 194
4260 169
4261 159
4262 182
4263 127
4264 174
4265 240
4266 218
4267 184
4268 171
4269 214
4270 207
4271 273
4272 202
4273 151
4274 170
4275 138
4276 128
4277 196
4278 203
4279 186
4280 189
4281 185
4282 167
4283 186
4284 152
4285 163
4286 177
4287 170
4288 152
4289 131
4290 175
4291 172
4292 145
4293 139
4294 159
4295 175
4296 168
4297 184
4298 156
4299 115
4300 205
4301 159
4302 181
4303 235
4304 139
4305 179
4306 247
4307 150
4308 203
4309 141
4310 210
4311 140
4312 91
4313 188
4314 154
4315 242
4316 154
4317 176
4318 207
4319 166
4320 210
4321 204
4322 153
4323 204
4324 93
4325 215
4326 166
4327 126
4328 189
4329 155
4330 166
4331 219
4332 183
4333 218
4334 122
4335 0
4336 161
4337 144
4338 121
4339 157
4340 100
4341 169
4342 143
4343 147
4344 205
4345 155
4346 200
4347 177
4348 159
4349 178
4350 139
4351 161
4352 128
4353 148
4354 157
4355 128
4356 137
4357 149
4358 165
4359 242
4360 167
4361 186
4362 0
4363 157
4364 167
4365 171
4366 96
4367 202
4368 169
4369 128
4370 179
4371 192
4372 147
4373 158
4374 161
4375 236
4376 163
4377 213
4378 195
4379 187
4380 108
4381 105
4382 112
4383 136
4384 145
4385 181
4386 199
4387 206
4388 146
4389 169
4390 167
4391 180
4392 221
4393 191
4394 184
4395 177
4396 184
4397 144
4398 211
4399 212
4400 206
4401 168
4402 176
4403 180
4404 174
4405 0
4406 133
4407 112
4408 170
4409 222
4410 141
4411 154
4412 142
4413 165
4414 174
4415 174
4416 188
4417 76
4418 180
4419 222
4420 168
4421 308
4422 130
4423 243
4424 183
4425 172
4426 210
4427 173
4428 174
4429 171
4430 183
4431 184
4432 179
4433 187
4434 225
4435 207
4436 186
4437 165
4438 190
4439 136
4440 238
4441 278
4442 196
4443 141
4444 140
4445 242
4446 221
4447 11
4448 190
4449 130
4450 149
4451 182
4452 216
4453 122
4454 134
4455 244
4456 58
4457 180
4458 170
4459 191
4460 242
4461 155
4462 190
4463 169
4464 155
4465 225
4466 119
4467 130
4468 142
4469 154
4470 207
4471 151
4472 165
4473 221
4474 183
4475 191
4476 153
4477 200
4478 171
4479 114
4480 256
4481 184
4482 179
4483 141
4484 160
4485 142
4486 163
4487 185
4488 237
4489 195
4490 153
4491 233
4492 218
4493 132
4494 237
4495 125
4496 231
4497 108
4498 200
4499 173
4500 177
4501 171
4502 178
4503 164
4504 140
4505 265
4506 131
4507 167
4508 229
4509 179
4510 230
4511 183
4512 169
4513 210
4514 228
4515 244
4516 190
4517 162
4518 116
4519 171
4520 146
4521 164
4522 87
4523 139
4524 176
4525 0
4526 220
4527 189
4528 187
4529 168
4530 182
4531 228
4532 158
4533 213
4534 155
4535 192
4536 177
4537 168
4538 210
4539 194
4540 156
4541 175
4542 115
4543 200
4544 126
4545 142
4546 107
4547 0
4548 129
4549 125
4550 132
4551 144
4552 107
4553 126
4554 283
4555 93
4556 178
4557 186
4558 128
4559 173
4560 154
4561 179
4562 185
4563 206
4564 164
4565 149
4566 171
4567 203
4568 174
4569 162
4570 106
4571 138
4572 210
4573 169
4574 167
4575 162
4576 213
4577 161
4578 208
4579 194
4580 263
4581 235
4582 176
4583 214
4584 235
4585 177
4586 200
4587 188
4588 153
4589 70
4590 177
4591 158
4592 180
4593 207
4594 178
4595 154
4596 282
4597 181
4598 161
4599 146
4600 202
4601 184
4602 202
4603 246
4604 169
4605 187
4606 181
4607 257
4608 198
4609 156
4610 181
4611 241
4612 199
4613 121
4614 202
4615 160
4616 147
4617 0
4618 209
4619 160
4620 156
4621 198
4622 208
4623 200
4624 182
4625 167
4626 130
4627 175
4628 204
4629 264
4630 178
4631 115
4632 198
4633 303
4634 199
4635 115
4636 208
4637 208
4638 147
4639 170
4640 144
4641 234
4642 208
4643 194
4644 0
4645 214
4646 273
4647 277
4648 208
4649 200
4650 161
4651 204
4652 185
4653 145
4654 172
4655 196
4656 148
4657 136
4658 166
4659 153
4660 147
4661 199
4662 184
4663 189
4664 75
4665 208
4666 132
4667 200
4668 137
4669 184
4670 221
4671 154
4672 183
4673 195
4674 158
4675 56
4676 174
4677 183
4678 236
4679 173
4680 160
4681 141
4682 185
4683 229
4684 210
4685 180
4686 0
4687 191
4688 183
4689 225
4690 122
4691 168
4692 139
4693 168
4694 162
4695 191
4696 175
4697 218
4698 174
4699 242
4700 160
4701 196
4702 197
4703 183
4704 199
4705 175
4706 180
4707 168
4708 140
4709 163
4710 183
4711 25
4712 157
4713 191
4714 133
4715 156
4716 188
4717 179
4718 131
4719 169
4720 190
4721 158
4722 117
4723 178
4724 206
4725 169
4726 153
4727 127
4728 158
4729 147
4730 147
4731 205
4732 175
4733 159
4734 233
4735 180
4736 163
4737 192
4738 174
4739 150
4740 234
4741 165
4742 159
4743 187
4744 158
4745 237
4746 172
4747 151
4748 188
4749 156
4750 155
4751 201
4752 161
4753 169
4754 272
4755 254
4756 144
4757 149
4758 177
4759 149
4760 130
4761 194
4762 165
4763 206
4764 223
4765 279
4766 123
4767 174
4768 158
4769 132
4770 174
4771 202
4772 167
4773 228
4774 180
4775 132
4776 116
4777 138
4778 145
4779 125
4780 177
4781 163
4782 148
4783 169
4784 145
4785 180
4786 204
4787 180
4788 220
4789 174
4790 205
4791 179
4792 202
4793 260
4794 140
4795 181
4796 130
4797 196
4798 232
4799 129
4800 138
4801 155
4802 146
4803 149
4804 208
4805 191
4806 191
4807 172
4808 188
4809 132
4810 163
4811 194
4812 190
4813 163
4814 211
4815 190
4816 103
4817 160
4818 201
4819 151
4820 137
4821 194
4822 231
4823 82
4824 148
4825 192
4826 0
4827 162
4828 269
4829 174
4830 173
4831 140
4832 198
4833 265
4834 152
4835 174
4836 250
4837 154
4838 146
4839 170
4840 100
4841 265
4842 0
4843 116
4844 144
4845 158
4846 101
4847 143
4848 144
4849 144
4850 168
4851 119
4852 165
4853 98
4854 231
4855 119
4856 173
4857 148
4858 139
4859 115
4860 113
4861 222
4862 156
4863 158
4864 85
4865 172
4866 213
4867 172
4868 131
4869 158
4870 231
4871 143
4872 269
4873 173
4874 214
4875 184
4876 200
4877 201
4878 221
4879 151
4880 137
4881 140
4882 180
4883 185
4884 184
4885 179
4886 192
4887 218
4888 179
4889 151
4890 174
4891 158
4892 181
4893 156
4894 112
4895 161
4896 207
4897 138
4898 194
4899 197
4900 199
4901 201
4902 203
4903 142
4904 239
4905 147
4906 158
4907 172
4908 144
4909 214
4910 179
4911 144
4912 201
4913 185
4914 217
4915 204
4916 133
4917 184
4918 169
4919 174
4920 174
4921 186
4922 153
4923 170
4924 170
4925 208
4926 109
4927 155
4928 202
4929 137
4930 202
4931 177
4932 105
4933 174
4934 195
4935 166
4936 193
4937 179
4938 172
4939 231
4940 119
4941 277
4942 197
4943 58
4944 172
4945 163
4946 157
4947 203
4948 128
4949 205
4950 150
4951 221
4952 103
4953 167
4954 154
4955 190
4956 162
4957 222
4958 137
4959 174
4960 191
4961 214
4962 152
4963 144
4964 151
4965 140
4966 203
4967 139
4968 157
4969 124
4970 159
4971 132
4972 216
4973 272
4974 170
4975 157
4976 154
4977 151
4978 169
4979 190
4980 146
4981 181
4982 208
4983 158
4984 168
4985 209
4986 194
4987 157
4988 191
4989 174
4990 0
4991 264
4992 160
4993 124
4994 219
4995 146
4996 175
4997 141
4998 189
4999 244
5000 161
5001 177
5002 138
5003 150
5004 175
5005 134
5006 214
5007 189
5008 258
5009 180
5010 135
5011 185
5012 167
5013 156
5014 169
5015 188
5016 206
5017 150
5018 161
5019 168
5020 207
5021 285
5022 96
5023 169
5024 218
5025 133
5026 110
5027 248
5028 156
5029 136
5030 177
5031 155
5032 176
5033 149
5034 229
5035 191
5036 146
5037 188
5038 134
5039 157
5040 154
5041 183
5042 195
5043 187
5044 219
5045 215
5046 166
5047 182
5048 122
5049 164
5050 121
5051 164
5052 107
5053 167
5054 151
5055 177
5056 180
5057 206
5058 187
5059 197
5060 158
5061 167
5062 173
5063 123
5064 144
5065 214
5066 198
5067 191
5068 0
5069 167
5070 223
5071 205
5072 189
5073 151
5074 144
5075 260
5076 148
5077 247
5078 152
5079 135
5080 154
5081 192
5082 118
5083 163
5084 112
5085 211
5086 152
5087 184
5088 174
5089 202
5090 205
5091 208
5092 215
5093 147
5094 166
5095 176
5096 170
5097 127
5098 187
5099 118
5100 142
5101 169
5102 174
5103 120
5104 211
5105 216
5106 197
5107 196
5108 168
5109 214
5110 185
5111 134
5112 216
5113 202
5114 233
5115 234
5116 165
5117 158
5118 154
5119 206
5120 180
5121 191
5122 144
5123 139
5124 153
5125 186
5126 158
5127 159
5128 186
5129 207
5130 191
5131 172
5132 190
5133 138
5134 177
5135 133
5136 157
5137 256
5138 171
5139 185
5140 212
5141 144
5142 168
5143 192
5144 182
5145 169
5146 190
5147 164
5148 200
5149 146
5150 119
5151 161
5152 178
5153 176
5154 168
5155 177
5156 147
5157 181
5158 194
5159 143
5160 183
5161 133
5162 153
5163 211
5164 124
5165 178
5166 138
5167 142
5168 160
5169 210
5170 193
5171 271
5172 249
5173 198
5174 226
5175 117
5176 157
5177 172
5178 161
5179 193
5180 202
5181 159
5182 162
5183 158
5184 221
5185 172
5186 218
5187 216
5188 172
5189 170
5190 141
5191 198
5192 116
5193 119
5194 157
5195 138
5196 0
5197 141
5198 211
5199 209
5200 111
5201 190
5202 179
5203 168
5204 155
5205 237
5206 125
5207 148
5208 125
5209 187
5210 157
5211 190
5212 149
5213 190
5214 180
5215 180
5216 190
5217 202
5218 112
5219 120
5220 169
5221 100
5222 184
5223 237
5224 142
5225 144
5226 180
5227 275
5228 206
5229 150
5230 206
5231 206
5232 185
5233 216
5234 201
5235 16
5236 145
5237 173
5238 171
5239 197
5240 144
5241 156
5242 105
5243 167
5244 152
5245 140
5246 194
5247 144
5248 175
5249 235
5250 181
5251 212
5252 177
5253 145
5254 192
5255 181
5256 150
5257 133
5258 174
5259 208
5260 178
5261 164
5262 170
5263 186
5264 164
5265 126
5266 141
5267 204
5268 145
5269 87
5270 231
5271 255
5272 125
5273 155
5274 189
5275 235
5276 51
5277 197
5278 191
5279 228
5280 149
5281 160
5282 0
5283 253
5284 185
5285 264
5286 82
5287 137
5288 192
5289 182
5290 124
5291 199
5292 173
5293 182
5294 183
5295 184
5296 128
5297 182
5298 271
5299 193
5300 154
5301 214
5302 151
5303 230
5304 154
5305 200
5306 188
5307 176
5308 174
5309 129
5310 161
5311 169
5312 197
5313 171
5314 182
5315 171
5316 102
5317 155
5318 225
5319 94
5320 187
5321 190
5322 224
5323 157
5324 94
5325 131
5326 0
5327 212
5328 204
5329 212
5330 133
5331 204
5332 204
5333 173
5334 177
5335 185
5336 174
5337 129
5338 202
5339 210
5340 172
5341 127
5342 172
5343 182
5344 176
5345 150
5346 191
5347 83
5348 181
5349 184
5350 104
5351 157
5352 125
5353 177
5354 203
5355 187
5356 174
5357 186
5358 222
5359 154
5360 110
5361 219
5362 192
5363 190
5364 0
5365 125
5366 163
5367 150
5368 199
5369 178
5370 166
5371 208
5372 227
5373 128
5374 149
5375 171
5376 206
5377 207
5378 194
5379 177
5380 171
5381 191
5382 175
5383 186
5384 146
5385 251
5386 197
5387 201
5388 199
5389 208
5390 262
5391 212
5392 182
5393 166
5394 180
5395 154
5396 116
5397 111
5398 186
5399 174
5400 160
5401 172
5402 148
5403 194
5404 226
5405 99
5406 209
5407 175
5408 197
5409 171
5410 144
5411 257
5412 160
5413 229
5414 206
5415 163
5416 154
5417 169
5418 231
5419 168
5420 90
5421 136
5422 129
5423 141
5424 0
5425 136
5426 179
5427 133
5428 168
5429 173
5430 0
5431 179
5432 193
5433 126
5434 117
5435 184
5436 225
5437 239
5438 169
5439 182
5440 135
5441 250
5442 169
5443 163
5444 183
5445 0
5446 187
5447 193
5448 142
5449 212
5450 145
5451 221
5452 179
5453 164
5454 102
5455 196
5456 165
5457 277
5458 165
5459 178
5460 153
5461 211
5462 113
5463 161
5464 188
5465 216
5466 212
5467 211
5468 117
5469 129
5470 182
5471 204
5472 196
5473 178
5474 170
5475 146
5476 214
5477 164
5478 140
5479 174
5480 160
5481 189
5482 145
5483 148
5484 39
5485 159
5486 197
5487 223
5488 146
5489 137
5490 175
5491 244
5492 143
5493 192
5494 194
5495 180
5496 203
5497 169
5498 176
5499 125
5500 244
5501 171
5502 210
5503 162
5504 164
5505 180
5506 159
5507 193
5508 196
5509 161
5510 183
5511 102
5512 155
5513 173
5514 128
5515 149
5516 159
5517 185
5518 157
5519 157
5520 175
5521 138
5522 172
5523 106
5524 203
5525 132
5526 189
5527 217
5528 147
5529 179
5530 209
5531 170
5532 231
5533 103
5534 207
5535 177
5536 223
5537 0
5538 219
5539 127
5540 180
5541 223
5542 207
5543 156
5544 148
5545 243
5546 193
5547 235
5548 183
5549 183
5550 199
5551 184
5552 134
5553 174
5554 188
5555 142
5556 117
5557 284
5558 202
5559 183
5560 175
5561 147
5562 192
5563 0
5564 195
5565 168
5566 208
5567 209
5568 216
5569 206
5570 125
5571 176
5572 204
5573 135
5574 94
5575 173
5576 159
5577 143
5578 176
5579 203
5580 167
5581 186
5582 205
5583 143
5584 260
5585 196
5586 204
5587 154
5588 185
5589 172
5590 179
5591 218
5592 156
5593 131
5594 180
5595 164
5596 83
5597 208
5598 196
5599 109
5600 174
5601 219
5602 198
5603 150
5604 190
5605 176
5606 147
5607 200
5608 180
5609 160
5610 155
5611 194
5612 130
5613 207
5614 176
5615 130
5616 39
5617 169
5618 186
5619 217
5620 230
5621 152
5622 184
5623 199
5624 169
5625 204
5626 248
5627 196
5628 194
5629 96
5630 310
5631 156
5632 203
5633 175
5634 166
5635 210
5636 133
5637 172
5638 152
5639 155
5640 174
5641 141
5642 207
5643 159
5644 125
5645 182
5646 250
5647 155
5648 158
5649 199
5650 187
5651 194
5652 87
5653 189
5654 217
5655 121
5656 161
5657 200
5658 202
5659 186
5660 197
5661 195
5662 171
5663 211
5664 207
5665 189
5666 192
5667 149
5668 169
5669 211
5670 186
5671 184
5672 139
5673 149
5674 197
5675 192
5676 195
5677 153
5678 156
5679 176
5680 206
5681 169
5682 133
5683 190
5684 276
5685 193
5686 152
5687 201
5688 246
5689 154
5690 216
5691 172
5692 107
5693 174
5694 179
5695 152
5696 189
5697 218
5698 167
5699 217
5700 177
5701 195
5702 141
5703 191
5704 202
5705 225
5706 134
5707 185
5708 174
5709 208
5710 188
5711 183
5712 211
5713 179
5714 148
5715 225
5716 0
5717 153
5718 190
5719 173
5720 203
5721 175
5722 148
5723 238
5724 171
5725 256
5726 199
5727 190
5728 189
5729 209
5730 207
5731 195
5732 137
5733 163
5734 204
5735 183
5736 177
5737 194
5738 185
5739 187
5740 108
5741 159
5742 180
5743 228
5744 161
5745 209
5746 138
5747 217
5748 199
5749 214
5750 179
5751 228
5752 177
5753 149
5754 170
5755 160
5756 159
5757 222
5758 120
5759 160
5760 123
5761 123
5762 187
5763 117
5764 122
5765 173
5766 141
5767 112
5768 127
5769 141
5770 172
5771 144
5772 124
5773 100
5774 202
5775 195
5776 210
5777 156
5778 229
5779 151
5780 160
5781 230
5782 205
5783 284
5784 174
5785 153
5786 108
5787 0
5788 182
5789 166
5790 169
5791 162
5792 321
5793 179
5794 133
5795 118
5796 207
5797 145
5798 165
5799 169
5800 176
5801 162
5802 167
5803 205
5804 212
5805 204
5806 131
5807 160
5808 178
5809 172
5810 173
5811 129
5812 194
5813 79
5814 173
5815 185
5816 189
5817 192
5818 224
5819 170
5820 135
5821 167
5822 198
5823 176
5824 213
5825 100
5826 185
5827 151
5828 114
5829 177
5830 206
5831 175
5832 119
5833 143
5834 221
5835 74
5836 171
5837 162
5838 193
5839 174
5840 209
5841 144
5842 171
5843 170
5844 150
5845 189
5846 203
5847 178
5848 236
5849 150
5850 226
5851 133
5852 144
5853 208
5854 121
5855 175
5856 197
5857 141
5858 177
5859 189
5860 161
5861 212
5862 187
5863 171
5864 90
5865 209
5866 181
5867 226
5868 202
5869 134
5870 157
5871 168
5872 183
5873 182
5874 164
5875 136
5876 210
5877 235
5878 172
5879 252
5880 264
5881 191
5882 212
5883 202
5884 153
5885 205
5886 143
5887 117
5888 185
5889 193
5890 182
5891 217
5892 200
5893 188
5894 191
5895 143
5896 158
5897 148
5898 199
5899 94
5900 164
5901 137
5902 134
5903 225
5904 178
5905 200
5906 152
5907 183
5908 183
5909 133
5910 0
5911 194
5912 163
5913 198
5914 163
5915 142
5916 148
5917 176
5918 178
5919 240
5920 174
5921 236
5922 108
5923 199
5924 181
5925 219
5926 169
5927 244
5928 209
5929 159
5930 0
5931 146
5932 121
5933 184
5934 128
5935 179
5936 116
5937 118
5938 139
5939 147
5940 206
5941 182
5942 172
5943 195
5944 167
5945 123
5946 191
5947 162
5948 288
5949 157
5950 213
5951 156
5952 225
5953 154
5954 200
5955 184
5956 189
5957 201
5958 132
5959 169
5960 166
5961 181
5962 122
5963 185
5964 186
5965 144
5966 188
5967 130
5968 141
5969 182
5970 198
5971 187
5972 108
5973 152
5974 190
5975 163
5976 200
5977 232
5978 143
5979 245
5980 143
5981 186
5982 155
5983 192
5984 172
5985 210
5986 195
5987 202
5988 149
5989 162
5990 152
5991 181
5992 186
5993 164
5994 187
5995 197
5996 183
5997 168
5998 155
5999 178
6000 179
6001 185
6002 210
6003 166
6004 171
6005 208
6006 94
6007 181
6008 204
6009 163
6010 194
6011 159
6012 169
6013 219
6014 175
6015 172
6016 145
6017 193
6018 214
6019 189
6020 170
6021 127
6022 169
6023 157
6024 147
6025 173
6026 63
6027 259
6028 192
6029 135
6030 214
6031 144
6032 247
6033 192
6034 175
6035 103
6036 166
6037 177
6038 186
6039 193
6040 235
6041 136
6042 166
6043 70
6044 219
6045 117
6046 143
6047 166
6048 161
6049 142
6050 206
6051 166
6052 203
6053 188
6054 183
6055 222
6056 226
6057 123
6058 166
6059 125
6060 155
6061 156
6062 215
6063 204
6064 145
6065 123
6066 164
6067 123
6068 194
6069 188
6070 190
6071 234
6072 200
6073 181
6074 163
6075 243
6076 183
6077 97
6078 120
6079 178
6080 163
6081 203
6082 172
6083 145
6084 115
6085 181
6086 196
6087 185
6088 182
6089 141
6090 141
6091 185
6092 170
6093 190
6094 158
6095 136
6096 178
6097 157
6098 159
6099 143
6100 164
6101 183
6102 178
6103 194
6104 125
6105 125
6106 60
6107 208
6108 164
6109 114
6110 188
6111 0
6112 184
6113 205
6114 198
6115 181
6116 205
6117 138
6118 179
6119 268
6120 239
6121 172
6122 174
6123 138
6124 177
6125 172
6126 192
6127 150
6128 120
6129 90
6130 132
6131 175
6132 197
6133 229
6134 174
6135 152
6136 83
6137 240
6138 155
6139 161
6140 166
6141 146
6142 159
6143 140
6144 170
6145 164
6146 189
6147 115
6148 151
6149 257
6150 154
6151 205
6152 165
6153 214
6154 206
6155 139
6156 140
6157 169
6158 181
6159 200
6160 184
6161 206
6162 156
6163 169
6164 157
6165 76
6166 158
6167 192
6168 228
6169 136
6170 144
6171 158
6172 154
6173 182
6174 150
6175 199
6176 199
6177 149
6178 184
6179 214
6180 133
6181 219
6182 0
6183 158
6184 169
6185 183
6186 243
6187 161
6188 177
6189 133
6190 201
6191 207
6192 167
6193 169
6194 181
6195 169
6196 146
6197 171
6198 182
6199 152
6200 202
6201 163
6202 105
6203 181
6204 129
6205 155
6206 147
6207 132
6208 154
6209 139
6210 163
6211 190
6212 153
6213 197
6214 163
6215 165
6216 196
6217 135
6218 192
6219 182
6220 122
6221 228
6222 206
6223 204
6224 215
6225 164
6226 156
6227 205
6228 164
6229 187
6230 130
6231 163
6232 203
6233 245
6234 217
6235 221
6236 155
6237 169
6238 185
6239 150
6240 174
6241 182
6242 200
6243 203
6244 118
6245 155
6246 192
6247 172
6248 135
6249 168
6250 133
6251 242
6252 159
6253 167
6254 198
6255 140
6256 216
6257 189
6258 185
6259 157
6260 203
6261 231
6262 158
6263 139
6264 218
6265 175
6266 185
6267 169
6268 142
6269 131
6270 124
6271 176
6272 154
6273 207
6274 215
6275 158
6276 218
6277 184
6278 190
6279 127
6280 190
6281 198
6282 110
6283 77
6284 274
6285 245
6286 190
6287 170
6288 113
6289 150
6290 218
6291 205
6292 201
6293 189
6294 139
6295 49
6296 188
6297 85
6298 217
6299 173
