Vertices: 6600
Edges: 33000
Time: 2,873 ms
Iterations: 32824
Vertex Distance
0 0
1 196
2 153
3 179
4 144
5 223
6 147
7 195
8 200
9 158
10 186
11 96
12 232
13 199
14 190
15 226
16 227
17 241
18 214
19 151
20 194
21 159
22 123
23 178
24 133
25 70
26 205
27 235
28 202
29 222
30 203
31 167
32 177
33 219
34 175
35 273
36 218
37 171
38 207
39 184
40 192
41 159
42 212
43 206
44 184
45 151
46 219
47 149
48 175
49 201
50 185
51 213
52 230
53 198
54 104
55 244
56 213
57 219
58 228
59 219
60 234
61 168
62 204
63 176
64 202
65 157
66 215
67 262
68 190
69 203
70 200
71 237
72 139
73 207
74 227
75 216
76 192
77 260
78 223
79 245
80 197
81 231
82 189
83 150
84 190
85 131
86 134
87 209
88 218
89 132
90 183
91 175
92 193
93 215
94 210
95 186
96 207
97 190
98 184
99 143
100 232
101 168
102 213
103 199
104 221
105 165
106 183
107 201
108 160
109 175
110 255
111 132
112 284
113 205
114 222
115 144
116 198
117 252
118 182
119 205
120 256
121 227
122 243
123 199
124 292
125 210
126 223
127 219
128 185
129 177
130 181
131 239
132 218
133 175
134 216
135 184
136 188
137 165
138 197
139 192
140 169
141 188
142 182
143 152
144 174
145 163
146 237
147 194
148 0
149 181
150 233
151 219
152 156
153 123
154 226
155 170
156 198
157 178
158 184
159 238
160 200
161 69
162 158
163 233
164 183
165 172
166 120
167 142
168 162
169 149
170 175
171 153
172 200
173 190
174 200
175 196
176 214
177 193
178 255
179 189
180 118
181 204
182 190
183 186
184 263
185 190
186 164
187 233
188 257
189 218
190 181
191 231
192 101
193 195
194 183
195 238
196 204
197 223
198 185
199 205
200 171
201 196
202 193
203 198
204 212
205 209
206 105
207 171
208 174
209 193
210 177
211 205
212 182
213 200
214 188
215 163
216 187
217 162
218 139
219 190
220 143
221 216
222 202
223 331
224 147
225 177
226 166
227 170
228 173
229 173
230 201
231 212
232 216
233 214
234 173
235 190
236 175
237 163
238 255
239 197
240 181
241 257
242 174
243 190
244 171
245 177
246 209
247 275
248 188
249 246
250 210
251 183
252 202
253 199
254 219
255 191
256 156
257 172
258 294
259 148
260 157
261 218
262 154
263 236
264 153
265 229
266 138
267 208
268 191
269 202
270 193
271 184
272 156
273 228
274 128
275 214
276 182
277 196
278 201
279 175
280 176
281 223
282 180
283 207
284 128
285 164
286 186
287 180
288 144
289 191
290 145
291 216
292 175
293 261
294 168
295 228
296 227
297 0
298 125
299 219
300 251
301 129
302 190
303 186
304 230
305 220
306 201
307 164
308 189
309 223
310 171
311 257
312 206
313 223
314 90
315 215
316 102
317 92
318 216
319 188
320 175
321 203
322 218
323 164
324 169
325 190
326 213
327 208
328 162
329 161
330 186
331 173
332 176
333 209
334 232
335 240
336 183
337 218
338 196
339 189
340 201
341 234
342 194
343 182
344 205
345 265
346 162
347 183
348 111
349 123
350 161
351 166
352 223
353 202
354 161
355 204
356 144
357 182
358 196
359 221
360 155
361 193
362 205
363 176
364 224
365 174
366 219
367 244
368 109
369 159
370 164
371 224
372 128
373 207
374 243
375 202
376 280
377 199
378 238
379 231
380 169
381 124
382 225
383 187
384 172
385 195
386 239
387 259
388 157
389 180
390 159
391 204
392 151
393 237
394 231
395 152
396 205
397 226
398 213
399 181
400 215
401 222
402 214
403 179
404 226
405 232
406 189
407 183
408 149
409 194
410 180
411 188
412 0
413 231
414 242
415 138
416 208
417 175
418 219
419 195
420 185
421 123
422 164
423 280
424 198
425 158
426 173
427 194
428 255
429 153
430 182
431 214
432 188
433 189
434 213
435 225
436 206
437 172
438 147
439 184
440 158
441 208
442 209
443 218
444 192
445 152
446 166
447 179
448 128
449 206
450 93
451 208
452 123
453 227
454 233
455 201
456 144
457 206
458 223
459 166
460 140
461 187
462 218
463 124
464 178
465 232
466 167
467 201
468 177
469 193
470 179
471 213
472 118
473 226
474 172
475 222
476 225
477 232
478 267
479 155
480 248
481 220
482 213
483 188
484 241
485 236
486 224
487 206
488 242
489 159
490 238
491 179
492 175
493 221
494 238
495 162
496 206
497 195
498 206
499 228
500 253
501 271
502 212
503 211
504 186
505 208
506 170
507 180
508 154
509 148
510 225
511 206
512 148
513 178
514 225
515 220
516 208
517 190
518 201
519 193
520 237
521 174
522 173
523 156
524 210
525 139
526 155
527 157
528 194
529 173
530 198
531 191
532 205
533 182
534 201
535 215
536 159
537 203
538 147
539 210
540 177
541 180
542 227
543 238
544 172
545 244
546 225
547 143
548 198
549 185
550 233
551 201
552 193
553 129
554 155
555 230
556 188
557 203
558 134
559 152
560 233
561 173
562 151
563 243
564 243
565 182
566 213
567 162
568 184
569 242
570 207
571 188
572 186
573 194
574 127
575 243
576 149
577 208
578 184
579 182
580 172
581 58
582 257
583 234
584 141
585 159
586 256
587 168
588 157
589 175
590 169
591 234
592 185
593 204
594 212
595 215
596 173
597 208
598 196
599 153
600 225
601 232
602 151
603 224
604 168
605 240
606 169
607 160
608 216
609 245
610 155
611 160
612 219
613 234
614 239
615 220
616 201
617 153
618 217
619 173
620 221
621 206
622 150
623 162
624 144
625 156
626 217
627 205
628 209
629 164
630 203
631 195
632 174
633 178
634 203
635 126
636 150
637 204
638 225
639 122
640 181
641 190
642 149
643 187
644 178
645 265
646 174
647 196
648 187
649 193
650 202
651 182
652 167
653 176
654 155
655 221
656 130
657 190
658 187
659 185
660 194
661 223
662 174
663 163
664 182
665 209
666 171
667 205
668 174
669 203
670 179
671 240
672 213
673 186
674 200
675 194
676 204
677 163
678 204
679 207
680 228
681 219
682 218
683 202
684 281
685 184
686 195
687 191
688 156
689 188
690 167
691 229
692 136
693 285
694 188
695 179
696 203
697 191
698 126
699 153
700 184
701 154
702 132
703 221
704 217
705 103
706 235
707 120
708 189
709 174
710 166
711 157
712 131
713 216
714 199
715 119
716 205
717 269
718 212
719 199
720 194
721 258
722 198
723 221
724 181
725 158
726 187
727 215
728 168
729 188
730 260
731 173
732 176
733 166
734 122
735 169
736 145
737 214
738 199
739 190
740 192
741 176
742 192
743 171
744 210
745 146
746 166
747 201
748 220
749 213
750 224
751 177
752 186
753 195
754 124
755 202
756 197
757 161
758 173
759 233
760 153
761 128
762 186
763 198
764 199
765 192
766 235
767 231
768 221
769 191
770 0
771 157
772 219
773 197
774 150
775 0
776 202
777 168
778 151
779 226
780 206
781 204
782 166
783 151
784 206
785 187
786 235
787 243
788 260
789 199
790 195
791 228
792 92
793 207
794 140
795 178
796 225
797 122
798 167
799 229
800 170
801 192
802 158
803 166
804 210
805 151
806 174
807 214
808 210
809 223
810 126
811 223
812 164
813 283
814 209
815 367
816 196
817 217
818 187
819 171
820 186
821 177
822 151
823 199
824 208
825 200
826 138
827 190
828 185
829 215
830 216
831 188
832 216
833 179
834 134
835 148
836 206
837 208
838 195
839 138
840 152
841 225
842 164
843 170
844 176
845 221
846 131
847 206
848 217
849 202
850 200
851 223
852 211
853 207
854 194
855 138
856 221
857 257
858 200
859 176
860 172
861 265
862 184
863 235
864 175
865 148
866 182
867 165
868 342
869 234
870 215
871 160
872 145
873 224
874 239
875 256
876 187
877 230
878 226
879 233
880 201
881 239
882 187
883 216
884 239
885 173
886 147
887 179
888 173
889 222
890 227
891 212
892 160
893 232
894 227
895 208
896 187
897 161
898 206
899 226
900 193
901 212
902 207
903 173
904 177
905 197
906 194
907 217
908 254
909 260
910 207
911 238
912 193
913 145
914 197
915 234
916 216
917 239
918 130
919 257
920 175
921 181
922 98
923 239
924 195
925 202
926 0
927 238
928 182
929 140
930 119
931 214
932 163
933 205
934 140
935 146
936 230
937 191
938 212
939 161
940 175
941 214
942 145
943 171
944 188
945 152
946 169
947 184
948 196
949 182
950 119
951 130
952 121
953 216
954 122
955 168
956 218
957 219
958 108
959 195
960 169
961 104
962 190
963 175
964 156
965 146
966 189
967 188
968 240
969 254
970 161
971 184
972 173
973 238
974 178
975 183
976 249
977 209
978 271
979 151
980 148
981 213
982 214
983 157
984 235
985 200
986 236
987 271
988 209
989 178
990 156
991 149
992 223
993 154
994 224
995 206
996 152
997 156
998 142
999 206
1000 221
1001 224
1002 160
1003 198
1004 182
1005 188
1006 213
1007 165
1008 189
1009 172
1010 125
1011 198
1012 110
1013 214
1014 208
1015 212
1016 197
1017 197
1018 216
1019 225
1020 218
1021 220
1022 210
1023 233
1024 267
1025 240
1026 217
1027 186
1028 186
1029 217
1030 87
1031 229
1032 179
1033 212
1034 132
1035 185
1036 213
1037 181
1038 250
1039 148
1040 220
1041 209
1042 196
1043 237
1044 195
1045 180
1046 205
1047 232
1048 199
1049 243
1050 229
1051 157
1052 234
1053 226
1054 198
1055 258
1056 162
1057 175
1058 160
1059 157
1060 223
1061 185
1062 203
1063 135
1064 193
1065 191
1066 225
1067 219
1068 242
1069 154
1070 236
1071 199
1072 235
1073 147
1074 296
1075 152
1076 182
1077 215
1078 191
1079 206
1080 175
1081 176
1082 236
1083 217
1084 260
1085 171
1086 168
1087 201
1088 224
1089 168
1090 245
1091 183
1092 153
1093 160
1094 226
1095 215
1096 165
1097 192
1098 209
1099 244
1100 149
1101 201
1102 148
1103 189
1104 164
1105 219
1106 203
1107 234
1108 169
1109 131
1110 171
1111 189
1112 216
1113 135
1114 229
1115 162
1116 186
1117 214
1118 206
1119 155
1120 248
1121 170
1122 186
1123 201
1124 164
1125 266
1126 203
1127 188
1128 200
1129 158
1130 185
1131 155
1132 244
1133 195
1134 194
1135 185
1136 245
1137 202
1138 229
1139 209
1140 136
1141 204
1142 192
1143 188
1144 152
1145 140
1146 248
1147 195
1148 184
1149 246
1150 182
1151 165
1152 199
1153 189
1154 205
1155 169
1156 168
1157 225
1158 162
1159 240
1160 188
1161 229
1162 187
1163 193
1164 193
1165 150
1166 190
1167 217
1168 174
1169 232
1170 214
1171 216
1172 264
1173 199
1174 174
1175 178
1176 176
1177 230
1178 209
1179 159
1180 201
1181 140
1182 205
1183 193
1184 192
1185 215
1186 209
1187 203
1188 211
1189 172
1190 205
1191 207
1192 193
1193 206
1194 211
1195 248
1196 220
1197 152
1198 208
1199 171
1200 231
1201 227
1202 182
1203 193
1204 164
1205 158
1206 246
1207 212
1208 206
1209 162
1210 217
1211 214
1212 227
1213 147
1214 226
1215 192
1216 209
1217 216
1218 205
1219 102
1220 149
1221 220
1222 255
1223 145
1224 193
1225 170
1226 188
1227 212
1228 168
1229 177
1230 179
1231 168
1232 210
1233 260
1234 216
1235 193
1236 167
1237 154
1238 185
1239 214
1240 128
1241 236
1242 203
1243 227
1244 217
1245 159
1246 181
1247 235
1248 195
1249 189
1250 165
1251 164
1252 224
1253 246
1254 157
1255 242
1256 206
1257 214
1258 190
1259 162
1260 0
1261 227
1262 177
1263 193
1264 171
1265 166
1266 183
1267 192
1268 180
1269 194
1270 241
1271 208
1272 219
1273 175
1274 196
1275 183
1276 188
1277 205
1278 123
1279 205
1280 171
1281 208
1282 234
1283 198
1284 165
1285 117
1286 200
1287 164
1288 195
1289 156
1290 184
1291 115
1292 140
1293 215
1294 230
1295 130
1296 196
1297 161
1298 162
1299 196
1300 144
1301 248
1302 202
1303 172
1304 163
1305 161
1306 127
1307 151
1308 131
1309 253
1310 199
1311 221
1312 239
1313 226
1314 207
1315 224
1316 157
1317 155
1318 181
1319 183
1320 194
1321 166
1322 222
1323 168
1324 182
1325 231
1326 170
1327 249
1328 184
1329 188
1330 122
1331 283
1332 112
1333 200
1334 163
1335 233
1336 146
1337 210
1338 192
1339 205
1340 180
1341 192
1342 230
1343 170
1344 203
1345 277
1346 153
1347 227
1348 176
1349 107
1350 210
1351 144
1352 209
1353 181
1354 227
1355 272
1356 115
1357 171
1358 105
1359 236
1360 132
1361 223
1362 198
1363 249
1364 214
1365 165
1366 197
1367 193
1368 260
1369 161
1370 169
1371 169
1372 151
1373 205
1374 172
1375 161
1376 219
1377 132
1378 226
1379 151
1380 167
1381 206
1382 199
1383 200
1384 153
1385 219
1386 224
1387 236
1388 269
1389 194
1390 220
1391 212
1392 210
1393 235
1394 205
1395 207
1396 188
1397 280
1398 100
1399 150
1400 151
1401 178
1402 204
1403 224
1404 186
1405 108
1406 277
1407 245
1408 226
1409 220
1410 165
1411 147
1412 237
1413 177
1414 124
1415 234
1416 177
1417 208
1418 180
1419 151
1420 196
1421 187
1422 223
1423 160
1424 244
1425 139
1426 185
1427 265
1428 0
1429 202
1430 178
1431 153
1432 218
1433 242
1434 216
1435 191
1436 232
1437 222
1438 186
1439 236
1440 133
1441 228
1442 230
1443 197
1444 157
1445 188
1446 155
1447 191
1448 145
1449 212
1450 232
1451 130
1452 195
1453 130
1454 172
1455 211
1456 210
1457 188
1458 128
1459 162
1460 176
1461 185
1462 168
1463 205
1464 268
1465 224
1466 165
1467 165
1468 183
1469 184
1470 202
1471 205
1472 158
1473 193
1474 170
1475 146
1476 157
1477 173
1478 107
1479 196
1480 283
1481 162
1482 184
1483 196
1484 161
1485 181
1486 133
1487 123
1488 216
1489 241
1490 218
1491 183
1492 127
1493 171
1494 125
1495 228
1496 180
1497 204
1498 247
1499 179
1500 220
1501 195
1502 242
1503 145
1504 205
1505 195
1506 177
1507 209
1508 203
1509 178
1510 168
1511 203
1512 163
1513 211
1514 199
1515 157
1516 195
1517 163
1518 299
1519 204
1520 208
1521 168
1522 182
1523 198
1524 232
1525 143
1526 196
1527 177
1528 193
1529 184
1530 175
1531 197
1532 122
1533 121
1534 209
1535 217
1536 170
1537 206
1538 181
1539 136
1540 201
1541 116
1542 234
1543 168
1544 174
1545 95
1546 206
1547 202
1548 156
1549 166
1550 241
1551 276
1552 246
1553 222
1554 352
1555 163
1556 241
1557 162
1558 195
1559 160
1560 138
1561 213
1562 110
1563 228
1564 168
1565 143
1566 120
1567 243
1568 211
1569 178
1570 103
1571 203
1572 170
1573 164
1574 162
1575 194
1576 150
1577 204
1578 214
1579 195
1580 229
1581 260
1582 227
1583 194
1584 143
1585 215
1586 185
1587 219
1588 161
1589 209
1590 176
1591 225
1592 224
1593 171
1594 206
1595 161
1596 150
1597 170
1598 250
1599 172
1600 163
1601 270
1602 213
1603 260
1604 216
1605 229
1606 214
1607 215
1608 195
1609 227
1610 164
1611 190
1612 212
1613 258
1614 181
1615 293
1616 169
1617 170
1618 156
1619 230
1620 193
1621 225
1622 197
1623 250
1624 156
1625 183
1626 153
1627 212
1628 198
1629 214
1630 225
1631 249
1632 203
1633 206
1634 184
1635 214
1636 192
1637 177
1638 216
1639 123
1640 160
1641 254
1642 197
1643 192
1644 224
1645 191
1646 234
1647 170
1648 211
1649 226
1650 215
1651 181
1652 251
1653 205
1654 245
1655 130
1656 164
1657 174
1658 194
1659 251
1660 139
1661 185
1662 136
1663 230
1664 187
1665 176
1666 207
1667 166
1668 238
1669 253
1670 229
1671 200
1672 176
1673 162
1674 0
1675 191
1676 218
1677 220
1678 142
1679 212
1680 169
1681 234
1682 253
1683 182
1684 158
1685 197
1686 200
1687 165
1688 222
1689 178
1690 205
1691 99
1692 235
1693 200
1694 227
1695 173
1696 215
1697 266
1698 201
1699 251
1700 169
1701 234
1702 226
1703 208
1704 225
1705 239
1706 147
1707 205
1708 242
1709 203
1710 140
1711 186
1712 187
1713 157
1714 167
1715 197
1716 158
1717 167
1718 133
1719 164
1720 138
1721 165
1722 256
1723 197
1724 196
1725 146
1726 215
1727 214
1728 229
1729 216
1730 195
1731 186
1732 242
1733 210
1734 191
1735 173
1736 256
1737 222
1738 164
1739 265
1740 202
1741 166
1742 220
1743 159
1744 235
1745 228
1746 179
1747 177
1748 214
1749 121
1750 152
1751 175
1752 204
1753 188
1754 231
1755 225
1756 154
1757 209
1758 223
1759 185
1760 202
1761 171
1762 169
1763 230
1764 216
1765 137
1766 163
1767 171
1768 239
1769 230
1770 167
1771 226
1772 145
1773 234
1774 230
1775 258
1776 217
1777 235
1778 173
1779 169
1780 183
1781 235
1782 199
1783 154
1784 160
1785 203
1786 156
1787 251
1788 209
1789 241
1790 166
1791 236
1792 186
1793 191
1794 158
1795 248
1796 199
1797 236
1798 175
1799 145
1800 207
1801 202
1802 0
1803 214
1804 207
1805 223
1806 210
1807 136
1808 220
1809 230
1810 202
1811 241
1812 145
1813 193
1814 229
1815 220
1816 188
1817 305
1818 272
1819 198
1820 182
1821 120
1822 179
1823 105
1824 172
1825 238
1826 140
1827 171
1828 176
1829 276
1830 198
1831 156
1832 176
1833 169
1834 210
1835 163
1836 211
1837 198
1838 217
1839 151
1840 244
1841 138
1842 255
1843 198
1844 201
1845 152
1846 158
1847 169
1848 148
1849 224
1850 230
1851 222
1852 195
1853 148
1854 233
1855 168
1856 97
1857 196
1858 227
1859 138
1860 183
1861 312
1862 218
1863 224
1864 150
1865 203
1866 148
1867 188
1868 156
1869 205
1870 236
1871 166
1872 200
1873 185
1874 170
1875 160
1876 220
1877 119
1878 109
1879 164
1880 241
1881 154
1882 210
1883 201
1884 193
1885 207
1886 154
1887 191
1888 140
1889 175
1890 219
1891 193
1892 181
1893 245
1894 148
1895 194
1896 220
1897 234
1898 242
1899 219
1900 188
1901 188
1902 193
1903 219
1904 235
1905 173
1906 209
1907 246
1908 172
1909 204
1910 201
1911 202
1912 0
1913 245
1914 177
1915 164
1916 183
1917 226
1918 170
1919 108
1920 229
1921 111
1922 232
1923 215
1924 186
1925 203
1926 237
1927 181
1928 127
1929 185
1930 241
1931 161
1932 144
1933 147
1934 244
1935 214
1936 150
1937 165
1938 154
1939 229
1940 196
1941 165
1942 242
1943 215
1944 195
1945 186
1946 123
1947 171
1948 240
1949 177
1950 198
1951 66
1952 198
1953 204
1954 150
1955 172
1956 163
1957 207
1958 186
1959 189
1960 192
1961 180
1962 189
1963 205
1964 239
1965 235
1966 190
1967 146
1968 245
1969 237
1970 256
1971 203
1972 158
1973 141
1974 159
1975 184
1976 196
1977 142
1978 199
1979 173
1980 195
1981 163
1982 175
1983 201
1984 309
1985 227
1986 241
1987 145
1988 223
1989 241
1990 197
1991 222
1992 207
1993 143
1994 202
1995 149
1996 194
1997 207
1998 205
1999 253
2000 148
2001 249
2002 189
2003 163
2004 225
2005 210
2006 115
2007 197
2008 221
2009 235
2010 178
2011 173
2012 190
2013 113
2014 175
2015 257
2016 122
2017 190
2018 208
2019 219
2020 195
2021 212
2022 183
2023 231
2024 189
2025 220
2026 206
2027 223
2028 149
2029 271
2030 137
2031 197
2032 152
2033 196
2034 204
2035 211
2036 222
2037 204
2038 156
2039 198
2040 184
2041 246
2042 173
2043 132
2044 218
2045 188
2046 221
2047 189
2048 203
2049 167
2050 135
2051 223
2052 159
2053 244
2054 197
2055 228
2056 282
2057 236
2058 207
2059 147
2060 199
2061 213
2062 190
2063 185
2064 203
2065 225
2066 175
2067 193
2068 179
2069 213
2070 189
2071 279
2072 212
2073 187
2074 136
2075 158
2076 212
2077 199
2078 251
2079 185
2080 185
2081 150
2082 162
2083 153
2084 200
2085 221
2086 226
2087 174
2088 193
2089 209
2090 142
2091 121
2092 169
2093 0
2094 201
2095 199
2096 182
2097 287
2098 179
2099 175
2100 169
2101 214
2102 186
2103 226
2104 226
2105 193
2106 141
2107 199
2108 158
2109 175
2110 157
2111 184
2112 205
2113 260
2114 201
2115 210
2116 193
2117 192
2118 229
2119 147
2120 196
2121 185
2122 115
2123 169
2124 137
2125 169
2126 219
2127 323
2128 167
2129 211
2130 270
2131 196
2132 219
2133 159
2134 176
2135 287
2136 214
2137 231
2138 215
2139 237
2140 205
2141 204
2142 188
2143 227
2144 196
2145 228
2146 189
2147 165
2148 194
2149 201
2150 208
2151 222
2152 179
2153 149
2154 232
2155 0
2156 196
2157 192
2158 199
2159 182
2160 194
2161 236
2162 189
2163 188
2164 173
2165 188
2166 158
2167 178
2168 228
2169 217
2170 185
2171 185
2172 191
2173 212
2174 158
2175 223
2176 168
2177 195
2178 186
2179 171
2180 230
2181 240
2182 230
2183 184
2184 230
2185 166
2186 298
2187 235
2188 207
2189 214
2190 233
2191 166
2192 170
2193 253
2194 165
2195 269
2196 222
2197 224
2198 239
2199 231
2200 226
2201 199
2202 184
2203 182
2204 185
2205 214
2206 131
2207 0
2208 221
2209 187
2210 158
2211 196
2212 165
2213 189
2214 185
2215 195
2216 178
2217 204
2218 153
2219 191
2220 138
2221 193
2222 261
2223 173
2224 153
2225 169
2226 192
2227 269
2228 246
2229 222
2230 217
2231 207
2232 208
2233 216
2234 224
2235 291
2236 174
2237 155
2238 231
2239 214
2240 183
2241 218
2242 171
2243 153
2244 161
2245 221
2246 204
2247 151
2248 146
2249 184
2250 150
2251 185
2252 124
2253 193
2254 212
2255 237
2256 193
2257 205
2258 191
2259 0
2260 209
2261 231
2262 295
2263 188
2264 183
2265 203
2266 182
2267 138
2268 230
2269 164
2270 200
2271 233
2272 185
2273 175
2274 195
2275 215
2276 213
2277 212
2278 146
2279 205
2280 203
2281 138
2282 224
2283 220
2284 133
2285 186
2286 170
2287 169
2288 181
2289 153
2290 167
2291 230
2292 185
2293 137
2294 166
2295 186
2296 121
2297 179
2298 170
2299 183
2300 146
2301 139
2302 283
2303 223
2304 212
2305 235
2306 219
2307 209
2308 125
2309 195
2310 199
2311 228
2312 148
2313 167
2314 144
2315 182
2316 244
2317 155
2318 113
2319 202
2320 137
2321 203
2322 152
2323 189
2324 195
2325 238
2326 217
2327 174
2328 74
2329 197
2330 188
2331 174
2332 207
2333 217
2334 190
2335 192
2336 117
2337 150
2338 207
2339 166
2340 155
2341 164
2342 159
2343 172
2344 241
2345 201
2346 189
2347 285
2348 240
2349 177
2350 179
2351 215
2352 216
2353 220
2354 137
2355 191
2356 197
2357 195
2358 212
2359 182
2360 175
2361 215
2362 177
2363 246
2364 272
2365 164
2366 190
2367 217
2368 197
2369 203
2370 127
2371 140
2372 206
2373 126
2374 214
2375 139
2376 222
2377 201
2378 187
2379 212
2380 132
2381 263
2382 204
2383 179
2384 171
2385 202
2386 158
2387 215
2388 228
2389 222
2390 212
2391 175
2392 324
2393 130
2394 189
2395 223
2396 185
2397 193
2398 148
2399 221
2400 167
2401 141
2402 169
2403 148
2404 208
2405 213
2406 164
2407 167
2408 233
2409 213
2410 199
2411 170
2412 203
2413 235
2414 199
2415 202
2416 237
2417 217
2418 197
2419 206
2420 170
2421 133
2422 190
2423 272
2424 131
2425 213
2426 255
2427 193
2428 213
2429 183
2430 224
2431 127
2432 126
2433 229
2434 0
2435 229
2436 223
2437 166
2438 245
2439 298
2440 195
2441 208
2442 257
2443 198
2444 196
2445 167
2446 156
2447 264
2448 227
2449 163
2450 167
2451 193
2452 180
2453 231
2454 163
2455 197
2456 207
2457 186
2458 208
2459 200
2460 220
2461 177
2462 202
2463 165
2464 101
2465 172
2466 220
2467 229
2468 197
2469 207
2470 245
2471 175
2472 269
2473 75
2474 151
2475 214
2476 200
2477 219
2478 158
2479 174
2480 176
2481 192
2482 171
2483 195
2484 185
2485 200
2486 212
2487 160
2488 118
2489 235
2490 171
2491 169
2492 216
2493 303
2494 154
2495 213
2496 149
2497 184
2498 225
2499 202
2500 199
2501 191
2502 188
2503 197
2504 205
2505 233
2506 207
2507 173
2508 190
2509 249
2510 190
2511 210
2512 184
2513 196
2514 183
2515 184
2516 211
2517 187
2518 158
2519 234
2520 227
2521 130
2522 168
2523 108
2524 192
2525 191
2526 188
2527 234
2528 198
2529 197
2530 136
2531 177
2532 159
2533 205
2534 192
2535 194
2536 213
2537 186
2538 194
2539 193
2540 204
2541 230
2542 198
2543 278
2544 223
2545 205
2546 201
2547 195
2548 201
2549 179
2550 238
2551 192
2552 260
2553 177
2554 114
2555 258
2556 209
2557 157
2558 209
2559 129
2560 190
2561 211
2562 206
2563 232
2564 186
2565 208
2566 155
2567 240
2568 209
2569 201
2570 198
2571 174
2572 208
2573 188
2574 155
2575 150
2576 204
2577 199
2578 147
2579 211
2580 164
2581 250
2582 195
2583 201
2584 244
2585 122
2586 167
2587 221
2588 186
2589 178
2590 192
2591 229
2592 101
2593 248
2594 208
2595 198
2596 195
2597 176
2598 145
2599 130
2600 190
2601 195
2602 142
2603 136
2604 196
2605 196
2606 216
2607 235
2608 195
2609 233
2610 184
2611 186
2612 267
2613 302
2614 184
2615 194
2616 170
2617 233
2618 232
2619 115
2620 153
2621 251
2622 201
2623 136
2624 224
2625 185
2626 217
2627 206
2628 207
2629 161
2630 197
2631 157
2632 189
2633 209
2634 193
2635 164
2636 129
2637 269
2638 159
2639 238
2640 211
2641 159
2642 202
2643 194
2644 194
2645 205
2646 275
2647 111
2648 228
2649 224
2650 173
2651 181
2652 190
2653 151
2654 186
2655 173
2656 204
2657 165
2658 256
2659 180
2660 224
2661 131
2662 301
2663 168
2664 217
2665 125
2666 203
2667 187
2668 193
2669 207
2670 196
2671 166
2672 158
2673 236
2674 196
2675 198
2676 180
2677 230
2678 177
2679 170
2680 204
2681 202
2682 199
2683 206
2684 253
2685 217
2686 150
2687 197
2688 133
2689 164
2690 200
2691 190
2692 230
2693 239
2694 194
2695 216
2696 196
2697 246
2698 197
2699 219
2700 202
2701 184
2702 232
2703 168
2704 114
2705 241
2706 218
2707 295
2708 216
2709 243
2710 212
2711 135
2712 181
2713 144
2714 207
2715 241
2716 186
2717 116
2718 179
2719 211
2720 178
2721 0
2722 170
2723 148
2724 194
2725 198
2726 246
2727 178
2728 209
2729 235
2730 153
2731 237
2732 194
2733 206
2734 197
2735 244
2736 242
2737 200
2738 187
2739 188
2740 208
2741 210
2742 174
2743 117
2744 189
2745 143
2746 169
2747 193
2748 153
2749 150
2750 173
2751 199
2752 148
2753 208
2754 215
2755 196
2756 230
2757 118
2758 254
2759 299
2760 204
2761 146
2762 190
2763 159
2764 235
2765 185
2766 178
2767 217
2768 209
2769 173
2770 184
2771 278
2772 167
2773 142
2774 145
2775 85
2776 234
2777 221
2778 96
2779 212
2780 123
2781 150
2782 250
2783 205
2784 207
2785 145
2786 213
2787 238
2788 199
2789 187
2790 214
2791 185
2792 196
2793 118
2794 155
2795 187
2796 255
2797 219
2798 211
2799 170
2800 180
2801 157
2802 207
2803 198
2804 226
2805 240
2806 163
2807 201
2808 165
2809 183
2810 205
2811 206
2812 83
2813 180
2814 244
2815 172
2816 179
2817 173
2818 191
2819 206
2820 189
2821 163
2822 140
2823 0
2824 229
2825 191
2826 0
2827 177
2828 226
2829 256
2830 209
2831 147
2832 179
2833 158
2834 239
2835 125
2836 175
2837 219
2838 178
2839 189
2840 214
2841 200
2842 204
2843 228
2844 252
2845 201
2846 226
2847 189
2848 105
2849 227
2850 197
2851 134
2852 159
2853 224
2854 167
2855 176
2856 190
2857 159
2858 245
2859 148
2860 194
2861 155
2862 206
2863 213
2864 184
2865 224
2866 161
2867 181
2868 185
2869 192
2870 144
2871 154
2872 208
2873 207
2874 202
2875 188
2876 166
2877 218
2878 139
2879 161
2880 189
2881 196
2882 289
2883 164
2884 178
2885 154
2886 212
2887 193
2888 160
2889 179
2890 201
2891 160
2892 164
2893 190
2894 253
2895 199
2896 241
2897 197
2898 226
2899 198
2900 224
2901 204
2902 175
2903 214
2904 165
2905 217
2906 230
2907 185
2908 227
2909 246
2910 141
2911 222
2912 213
2913 174
2914 204
2915 205
2916 191
2917 175
2918 167
2919 181
2920 206
2921 166
2922 276
2923 183
2924 89
2925 212
2926 170
2927 178
2928 216
2929 187
2930 173
2931 210
2932 164
2933 177
2934 230
2935 197
2936 221
2937 195
2938 143
2939 222
2940 137
2941 185
2942 217
2943 204
2944 146
2945 181
2946 180
2947 167
2948 227
2949 162
2950 197
2951 239
2952 156
2953 206
2954 160
2955 198
2956 146
2957 194
2958 202
2959 224
2960 140
2961 209
2962 213
2963 181
2964 219
2965 227
2966 137
2967 245
2968 220
2969 196
2970 192
2971 227
2972 191
2973 147
2974 128
2975 177
2976 177
2977 200
2978 161
2979 276
2980 187
2981 189
2982 157
2983 197
2984 167
2985 197
2986 220
2987 201
2988 202
2989 177
2990 144
2991 153
2992 192
2993 210
2994 167
2995 218
2996 211
2997 206
2998 192
2999 185
3000 233
3001 149
3002 151
3003 158
3004 122
3005 118
3006 178
3007 286
3008 204
3009 220
3010 135
3011 156
3012 201
3013 193
3014 167
3015 200
3016 246
3017 221
3018 184
3019 166
3020 227
3021 175
3022 180
3023 164
3024 136
3025 188
3026 211
3027 193
3028 238
3029 168
3030 188
3031 220
3032 150
3033 176
3034 137
3035 233
3036 178
3037 215
3038 193
3039 185
3040 161
3041 214
3042 209
3043 190
3044 225
3045 230
3046 198
3047 151
3048 190
3049 160
3050 240
3051 185
3052 231
3053 194
3054 260
3055 194
3056 203
3057 174
3058 192
3059 185
3060 213
3061 230
3062 169
3063 193
3064 207
3065 181
3066 223
3067 223
3068 199
3069 178
3070 188
3071 209
3072 169
3073 177
3074 178
3075 171
3076 230
3077 157
3078 168
3079 187
3080 153
3081 190
3082 194
3083 218
3084 214
3085 174
3086 213
3087 196
3088 231
3089 124
3090 129
3091 239
3092 174
3093 200
3094 234
3095 206
3096 142
3097 184
3098 211
3099 165
3100 191
3101 183
3102 194
3103 257
3104 132
3105 179
3106 143
3107 160
3108 178
3109 163
3110 149
3111 228
3112 188
3113 228
3114 153
3115 114
3116 213
3117 162
3118 186
3119 196
3120 170
3121 160
3122 156
3123 207
3124 191
3125 189
3126 216
3127 180
3128 204
3129 233
3130 159
3131 170
3132 0
3133 174
3134 235
3135 185
3136 177
3137 154
3138 240
3139 164
3140 249
3141 249
3142 143
3143 204
3144 152
3145 211
3146 176
3147 276
3148 155
3149 199
3150 171
3151 210
3152 212
3153 194
3154 206
3155 248
3156 181
3157 206
3158 209
3159 160
3160 238
3161 230
3162 266
3163 158
3164 246
3165 203
3166 142
3167 222
3168 87
3169 196
3170 194
3171 208
3172 229
3173 153
3174 188
3175 177
3176 210
3177 217
3178 169
3179 233
3180 187
3181 173
3182 238
3183 178
3184 152
3185 211
3186 202
3187 182
3188 186
3189 196
3190 159
3191 174
3192 222
3193 184
3194 135
3195 113
3196 218
3197 167
3198 207
3199 183
3200 110
3201 197
3202 189
3203 255
3204 276
3205 205
3206 198
3207 197
3208 192
3209 154
3210 207
3211 259
3212 164
3213 166
3214 162
3215 188
3216 203
3217 209
3218 203
3219 195
3220 217
3221 201
3222 129
3223 173
3224 184
3225 175
3226 168
3227 197
3228 107
3229 279
3230 178
3231 209
3232 232
3233 220
3234 253
3235 172
3236 148
3237 208
3238 240
3239 170
3240 196
3241 209
3242 187
3243 195
3244 249
3245 168
3246 194
3247 201
3248 151
3249 133
3250 128
3251 245
3252 247
3253 179
3254 143
3255 180
3256 166
3257 219
3258 218
3259 209
3260 197
3261 220
3262 119
3263 219
3264 218
3265 188
3266 115
3267 200
3268 185
3269 193
3270 155
3271 210
3272 141
3273 213
3274 119
3275 172
3276 210
3277 179
3278 161
3279 173
3280 108
3281 149
3282 193
3283 237
3284 186
3285 206
3286 212
3287 87
3288 221
3289 201
3290 281
3291 224
3292 177
3293 205
3294 207
3295 134
3296 181
3297 223
3298 235
3299 223
3300 229
3301 240
3302 151
3303 139
3304 146
3305 112
3306 97
3307 237
3308 252
3309 244
3310 199
3311 160
3312 227
3313 219
3314 184
3315 210
3316 178
3317 214
3318 192
3319 199
3320 183
3321 215
3322 242
3323 267
3324 189
3325 164
3326 201
3327 188
3328 203
3329 163
3330 165
3331 223
3332 238
3333 174
3334 199
3335 242
3336 263
3337 199
3338 270
3339 212
3340 222
3341 177
3342 204
3343 224
3344 147
3345 135
3346 153
3347 188
3348 168
3349 207
3350 188
3351 207
3352 225
3353 231
3354 190
3355 238
3356 213
3357 171
3358 128
3359 147
3360 200
3361 188
3362 189
3363 203
3364 224
3365 203
3366 230
3367 202
3368 209
3369 171
3370 204
3371 189
3372 205
3373 227
3374 222
3375 179
3376 189
3377 191
3378 222
3379 172
3380 246
3381 225
3382 117
3383 185
3384 155
3385 199
3386 195
3387 217
3388 190
3389 196
3390 200
3391 247
3392 261
3393 182
3394 195
3395 276
3396 281
3397 204
3398 215
3399 144
3400 216
3401 164
3402 190
3403 167
3404 211
3405 185
3406 190
3407 166
3408 0
3409 191
3410 105
3411 166
3412 191
3413 171
3414 178
3415 181
3416 187
3417 221
3418 179
3419 96
3420 155
3421 236
3422 193
3423 219
3424 181
3425 214
3426 187
3427 216
3428 248
3429 123
3430 185
3431 221
3432 159
3433 159
3434 184
3435 208
3436 182
3437 185
3438 225
3439 187
3440 210
3441 196
3442 140
3443 222
3444 166
3445 187
3446 154
3447 182
3448 192
3449 198
3450 139
3451 221
3452 224
3453 180
3454 182
3455 220
3456 214
3457 245
3458 284
3459 157
3460 205
3461 184
3462 151
3463 221
3464 196
3465 164
3466 239
3467 159
3468 188
3469 144
3470 188
3471 151
3472 283
3473 151
3474 134
3475 180
3476 114
3477 183
3478 222
3479 176
3480 161
3481 182
3482 184
3483 173
3484 204
3485 228
3486 184
3487 266
3488 218
3489 178
3490 165
3491 218
3492 87
3493 223
3494 290
3495 163
3496 145
3497 212
3498 180
3499 164
3500 175
3501 215
3502 206
3503 246
3504 183
3505 217
3506 184
3507 204
3508 166
3509 179
3510 235
3511 264
3512 185
3513 233
3514 178
3515 176
3516 220
3517 157
3518 216
3519 173
3520 209
3521 192
3522 268
3523 216
3524 201
3525 117
3526 215
3527 134
3528 211
3529 135
3530 206
3531 213
3532 240
3533 190
3534 207
3535 156
3536 196
3537 199
3538 170
3539 214
3540 210
3541 199
3542 192
3543 151
3544 223
3545 205
3546 193
3547 161
3548 184
3549 218
3550 232
3551 209
3552 218
3553 200
3554 161
3555 174
3556 212
3557 177
3558 204
3559 184
3560 195
3561 139
3562 202
3563 213
3564 211
3565 329
3566 151
3567 213
3568 198
3569 107
3570 174
3571 223
3572 231
3573 137
3574 166
3575 203
3576 165
3577 243
3578 162
3579 191
3580 234
3581 235
3582 228
3583 271
3584 143
3585 168
3586 112
3587 0
3588 190
3589 208
3590 147
3591 309
3592 118
3593 172
3594 98
3595 189
3596 169
3597 174
3598 140
3599 198
3600 223
3601 234
3602 217
3603 151
3604 192
3605 225
3606 174
3607 186
3608 222
3609 177
3610 242
3611 205
3612 148
3613 209
3614 202
3615 152
3616 214
3617 178
3618 251
3619 216
3620 155
3621 160
3622 138
3623 196
3624 217
3625 248
3626 189
3627 220
3628 208
3629 164
3630 111
3631 164
3632 165
3633 185
3634 209
3635 189
3636 201
3637 153
3638 186
3639 206
3640 178
3641 196
3642 211
3643 157
3644 167
3645 185
3646 225
3647 193
3648 192
3649 245
3650 184
3651 170
3652 222
3653 144
3654 206
3655 198
3656 173
3657 174
3658 165
3659 225
3660 201
3661 235
3662 211
3663 192
3664 158
3665 173
3666 204
3667 190
3668 161
3669 180
3670 209
3671 159
3672 187
3673 190
3674 304
3675 171
3676 166
3677 196
3678 225
3679 201
3680 265
3681 215
3682 203
3683 277
3684 191
3685 217
3686 188
3687 182
3688 224
3689 215
3690 197
3691 148
3692 194
3693 243
3694 215
3695 214
3696 188
3697 194
3698 243
3699 297
3700 191
3701 221
3702 226
3703 155
3704 146
3705 238
3706 197
3707 255
3708 174
3709 194
3710 184
3711 220
3712 192
3713 243
3714 201
3715 120
3716 214
3717 243
3718 140
3719 207
3720 182
3721 185
3722 207
3723 191
3724 166
3725 215
3726 195
3727 238
3728 181
3729 179
3730 216
3731 164
3732 208
3733 203
3734 134
3735 163
3736 204
3737 194
3738 182
3739 145
3740 221
3741 187
3742 78
3743 284
3744 210
3745 209
3746 234
3747 200
3748 127
3749 206
3750 227
3751 225
3752 251
3753 165
3754 127
3755 154
3756 139
3757 183
3758 251
3759 242
3760 223
3761 194
3762 178
3763 179
3764 164
3765 248
3766 168
3767 168
3768 273
3769 206
3770 232
3771 180
3772 194
3773 189
3774 174
3775 248
3776 150
3777 264
3778 160
3779 202
3780 189
3781 180
3782 106
3783 215
3784 184
3785 180
3786 205
3787 175
3788 217
3789 240
3790 175
3791 209
3792 183
3793 186
3794 203
3795 206
3796 157
3797 168
3798 203
3799 176
3800 185
3801 165
3802 190
3803 149
3804 157
3805 255
3806 169
3807 267
3808 241
3809 220
3810 193
3811 145
3812 191
3813 203
3814 193
3815 216
3816 199
3817 213
3818 178
3819 133
3820 177
3821 182
3822 250
3823 179
3824 190
3825 107
3826 153
3827 179
3828 195
3829 165
3830 183
3831 263
3832 213
3833 198
3834 157
3835 197
3836 213
3837 188
3838 244
3839 213
3840 222
3841 175
3842 210
3843 156
3844 216
3845 209
3846 241
3847 158
3848 155
3849 183
3850 204
3851 175
3852 185
3853 191
3854 180
3855 181
3856 127
3857 223
3858 147
3859 133
3860 243
3861 199
3862 201
3863 182
3864 156
3865 215
3866 226
3867 181
3868 226
3869 198
3870 247
3871 173
3872 247
3873 224
3874 151
3875 160
3876 186
3877 247
3878 196
3879 204
3880 199
3881 242
3882 253
3883 220
3884 179
3885 212
3886 196
3887 178
3888 198
3889 266
3890 217
3891 200
3892 178
3893 181
3894 210
3895 203
3896 233
3897 230
3898 219
3899 152
3900 139
3901 178
3902 131
3903 195
3904 144
3905 169
3906 188
3907 222
3908 98
3909 222
3910 166
3911 187
3912 96
3913 235
3914 231
3915 168
3916 165
3917 186
3918 106
3919 144
3920 217
3921 155
3922 188
3923 191
3924 172
3925 154
3926 218
3927 191
3928 143
3929 160
3930 194
3931 214
3932 207
3933 184
3934 204
3935 191
3936 176
3937 190
3938 271
3939 202
3940 215
3941 196
3942 224
3943 245
3944 167
3945 150
3946 216
3947 156
3948 179
3949 212
3950 202
3951 191
3952 174
3953 219
3954 230
3955 203
3956 238
3957 225
3958 210
3959 267
3960 187
3961 85
3962 205
3963 205
3964 242
3965 182
3966 0
3967 180
3968 162
3969 140
3970 212
3971 194
3972 144
3973 233
3974 182
3975 193
3976 167
3977 159
3978 147
3979 184
3980 223
3981 187
3982 214
3983 158
3984 156
3985 178
3986 212
3987 195
3988 207
3989 200
3990 141
3991 196
3992 243
3993 149
3994 165
3995 205
3996 211
3997 207
3998 161
3999 172
4000 200
4001 132
4002 193
4003 189
4004 177
4005 225
4006 131
4007 236
4008 194
4009 237
4010 243
4011 241
4012 189
4013 200
4014 198
4015 197
4016 170
4017 213
4018 220
4019 189
4020 211
4021 162
4022 178
4023 172
4024 143
4025 206
4026 212
4027 155
4028 219
4029 287
4030 183
4031 226
4032 163
4033 229
4034 110
4035 193
4036 202
4037 117
4038 175
4039 180
4040 183
4041 247
4042 288
4043 142
4044 154
4045 189
4046 122
4047 237
4048 230
4049 152
4050 221
4051 225
4052 163
4053 172
4054 224
4055 203
4056 214
4057 214
4058 216
4059 215
4060 186
4061 192
4062 236
4063 167
4064 212
4065 225
4066 280
4067 227
4068 190
4069 214
4070 189
4071 184
4072 195
4073 188
4074 157
4075 193
4076 177
4077 194
4078 188
4079 220
4080 200
4081 220
4082 166
4083 122
4084 208
4085 149
4086 180
4087 216
4088 136
4089 0
4090 124
4091 193
4092 212
4093 192
4094 236
4095 146
4096 168
4097 150
4098 169
4099 247
4100 98
4101 197
4102 199
4103 238
4104 207
4105 177
4106 166
4107 195
4108 202
4109 204
4110 139
4111 144
4112 164
4113 164
4114 133
4115 301
4116 189
4117 217
4118 215
4119 173
4120 152
4121 161
4122 248
4123 204
4124 185
4125 136
4126 211
4127 224
4128 210
4129 202
4130 163
4131 212
4132 209
4133 237
4134 215
4135 181
4136 188
4137 239
4138 289
4139 192
4140 158
4141 156
4142 204
4143 219
4144 206
4145 193
4146 279
4147 130
4148 182
4149 171
4150 239
4151 187
4152 209
4153 177
4154 216
4155 206
4156 156
4157 202
4158 184
4159 226
4160 199
4161 264
4162 250
4163 171
4164 194
4165 224
4166 193
4167 211
4168 187
4169 167
4170 152
4171 150
4172 234
4173 105
4174 283
4175 227
4176 199
4177 118
4178 250
4179 264
4180 222
4181 185
4182 189
4183 203
4184 216
4185 168
4186 178
4187 193
4188 218
4189 185
4190 200
4191 200
4192 193
4193 219
4194 206
4195 224
4196 151
4197 246
4198 212
4199 224
4200 183
4201 225
4202 131
4203 152
4204 99
4205 107
4206 107
4207 151
4208 244
4209 228
4210 167
4211 159
4212 207
4213 227
4214 278
4215 227
4216 163
4217 184
4218 228
4219 155
4220 162
4221 235
4222 173
4223 224
4224 126
4225 282
4226 184
4227 174
4228 209
4229 211
4230 71
4231 224
4232 211
4233 124
4234 186
4235 179
4236 160
4237 177
4238 176
4239 229
4240 162
4241 216
4242 196
4243 205
4244 226
4245 188
4246 193
4247 167
4248 103
4249 192
4250 185
4251 126
4252 157
4253 207
4254 161
4255 217
4256 151
4257 237
4258 225
4259 184
4260 190
4261 174
4262 156
4263 227
4264 217
4265 160
4266 227
4267 203
4268 219
4269 172
4270 180
4271 223
4272 139
4273 219
4274 265
4275 159
4276 194
4277 147
4278 197
4279 193
4280 206
4281 173
4282 0
4283 179
4284 179
4285 220
4286 237
4287 0
4288 186
4289 231
4290 158
4291 144
4292 157
4293 221
4294 186
4295 178
4296 209
4297 196
4298 252
4299 201
4300 188
4301 241
4302 172
4303 181
4304 232
4305 208
4306 117
4307 235
4308 268
4309 200
4310 231
4311 209
4312 179
4313 189
4314 171
4315 224
4316 195
4317 175
4318 225
4319 166
4320 180
4321 274
4322 181
4323 176
4324 217
4325 251
4326 231
4327 221
4328 195
4329 204
4330 193
4331 220
4332 193
4333 179
4334 196
4335 183
4336 272
4337 258
4338 176
4339 195
4340 195
4341 186
4342 218
4343 128
4344 215
4345 137
4346 325
4347 169
4348 173
4349 154
4350 193
4351 252
4352 193
4353 172
4354 199
4355 150
4356 264
4357 159
4358 203
4359 227
4360 201
4361 239
4362 181
4363 174
4364 228
4365 203
4366 173
4367 244
4368 172
4369 89
4370 154
4371 211
4372 156
4373 210
4374 204
4375 195
4376 183
4377 211
4378 163
4379 222
4380 202
4381 178
4382 202
4383 191
4384 188
4385 246
4386 140
4387 225
4388 162
4389 201
4390 180
4391 187
4392 235
4393 205
4394 260
4395 198
4396 225
4397 142
4398 162
4399 193
4400 211
4401 225
4402 193
4403 217
4404 160
4405 232
4406 165
4407 136
4408 190
4409 170
4410 158
4411 175
4412 196
4413 171
4414 194
4415 274
4416 223
4417 178
4418 181
4419 286
4420 147
4421 232
4422 175
4423 164
4424 180
4425 230
4426 0
4427 209
4428 135
4429 227
4430 179
4431 155
4432 140
4433 219
4434 198
4435 126
4436 165
4437 113
4438 185
4439 201
4440 192
4441 168
4442 286
4443 172
4444 208
4445 188
4446 118
4447 210
4448 218
4449 187
4450 175
4451 180
4452 167
4453 239
4454 190
4455 108
4456 162
4457 166
4458 202
4459 196
4460 173
4461 201
4462 223
4463 230
4464 179
4465 167
4466 232
4467 153
4468 89
4469 176
4470 287
4471 125
4472 193
4473 189
4474 231
4475 204
4476 201
4477 190
4478 207
4479 208
4480 245
4481 214
4482 227
4483 188
4484 244
4485 253
4486 178
4487 275
4488 225
4489 233
4490 181
4491 212
4492 205
4493 146
4494 206
4495 205
4496 243
4497 227
4498 158
4499 189
4500 190
4501 214
4502 212
4503 163
4504 158
4505 195
4506 184
4507 180
4508 197
4509 214
4510 215
4511 220
4512 274
4513 199
4514 183
4515 197
4516 219
4517 212
4518 156
4519 207
4520 210
4521 184
4522 200
4523 201
4524 176
4525 153
4526 175
4527 174
4528 239
4529 179
4530 179
4531 204
4532 220
4533 185
4534 260
4535 130
4536 174
4537 157
4538 233
4539 172
4540 171
4541 183
4542 146
4543 133
4544 163
4545 202
4546 157
4547 170
4548 141
4549 147
4550 103
4551 233
4552 125
4553 229
4554 216
4555 186
4556 154
4557 228
4558 211
4559 193
4560 200
4561 205
4562 196
4563 230
4564 162
4565 187
4566 204
4567 165
4568 55
4569 144
4570 189
4571 191
4572 203
4573 139
4574 129
4575 183
4576 203
4577 231
4578 246
4579 139
4580 222
4581 199
4582 211
4583 207
4584 140
4585 146
4586 185
4587 154
4588 161
4589 265
4590 211
4591 172
4592 178
4593 243
4594 286
4595 244
4596 166
4597 181
4598 211
4599 170
4600 205
4601 199
4602 236
4603 169
4604 197
4605 178
4606 210
4607 187
4608 182
4609 198
4610 218
4611 154
4612 247
4613 304
4614 224
4615 194
4616 191
4617 187
4618 167
4619 177
4620 203
4621 185
4622 221
4623 215
4624 227
4625 191
4626 138
4627 216
4628 191
4629 192
4630 219
4631 146
4632 143
4633 187
4634 221
4635 153
4636 173
4637 189
4638 289
4639 146
4640 144
4641 199
4642 244
4643 239
4644 177
4645 168
4646 225
4647 224
4648 142
4649 195
4650 132
4651 182
4652 221
4653 198
4654 204
4655 231
4656 106
4657 216
4658 189
4659 184
4660 197
4661 186
4662 206
4663 150
4664 167
4665 205
4666 185
4667 187
4668 186
4669 184
4670 189
4671 203
4672 196
4673 240
4674 157
4675 183
4676 181
4677 192
4678 132
4679 204
4680 169
4681 214
4682 176
4683 235
4684 222
4685 178
4686 224
4687 201
4688 177
4689 139
4690 148
4691 119
4692 248
4693 220
4694 161
4695 286
4696 194
4697 189
4698 179
4699 199
4700 223
4701 170
4702 213
4703 210
4704 217
4705 184
4706 189
4707 186
4708 159
4709 163
4710 213
4711 178
4712 211
4713 161
4714 180
4715 197
4716 200
4717 163
4718 184
4719 201
4720 190
4721 200
4722 227
4723 182
4724 146
4725 178
4726 181
4727 124
4728 189
4729 222
4730 172
4731 168
4732 210
4733 232
4734 127
4735 191
4736 244
4737 239
4738 57
4739 175
4740 216
4741 193
4742 174
4743 178
4744 199
4745 209
4746 156
4747 241
4748 168
4749 250
4750 162
4751 210
4752 179
4753 221
4754 163
4755 220
4756 195
4757 157
4758 187
4759 237
4760 183
4761 167
4762 183
4763 162
4764 198
4765 212
4766 238
4767 142
4768 167
4769 217
4770 220
4771 198
4772 172
4773 211
4774 227
4775 169
4776 242
4777 210
4778 193
4779 214
4780 216
4781 211
4782 205
4783 206
4784 194
4785 224
4786 179
4787 194
4788 199
4789 120
4790 222
4791 202
4792 190
4793 228
4794 211
4795 232
4796 208
4797 288
4798 178
4799 243
4800 219
4801 224
4802 221
4803 218
4804 188
4805 200
4806 234
4807 228
4808 219
4809 215
4810 209
4811 143
4812 160
4813 225
4814 169
4815 211
4816 202
4817 188
4818 200
4819 144
4820 164
4821 188
4822 216
4823 209
4824 181
4825 253
4826 232
4827 197
4828 267
4829 192
4830 168
4831 208
4832 210
4833 260
4834 217
4835 212
4836 225
4837 254
4838 200
4839 204
4840 210
4841 228
4842 275
4843 241
4844 193
4845 178
4846 170
4847 178
4848 130
4849 186
4850 247
4851 163
4852 215
4853 260
4854 176
4855 239
4856 229
4857 161
4858 217
4859 203
4860 163
4861 232
4862 253
4863 86
4864 258
4865 150
4866 210
4867 133
4868 268
4869 307
4870 236
4871 161
4872 162
4873 242
4874 117
4875 202
4876 163
4877 213
4878 253
4879 230
4880 198
4881 249
4882 178
4883 233
4884 212
4885 143
4886 202
4887 154
4888 193
4889 243
4890 314
4891 241
4892 218
4893 312
4894 175
4895 116
4896 236
4897 177
4898 148
4899 219
4900 154
4901 205
4902 168
4903 265
4904 246
4905 129
4906 128
4907 159
4908 208
4909 151
4910 175
4911 165
4912 169
4913 189
4914 146
4915 234
4916 109
4917 112
4918 255
4919 296
4920 208
4921 224
4922 200
4923 219
4924 223
4925 222
4926 236
4927 230
4928 193
4929 257
4930 205
4931 185
4932 214
4933 173
4934 226
4935 268
4936 225
4937 248
4938 262
4939 207
4940 187
4941 106
4942 199
4943 211
4944 231
4945 257
4946 160
4947 160
4948 179
4949 137
4950 208
4951 182
4952 213
4953 186
4954 148
4955 198
4956 244
4957 266
4958 173
4959 192
4960 203
4961 204
4962 218
4963 158
4964 176
4965 165
4966 267
4967 197
4968 236
4969 194
4970 162
4971 192
4972 256
4973 225
4974 204
4975 215
4976 181
4977 252
4978 226
4979 156
4980 104
4981 153
4982 205
4983 149
4984 221
4985 236
4986 190
4987 134
4988 245
4989 208
4990 221
4991 149
4992 216
4993 199
4994 161
4995 237
4996 121
4997 211
4998 181
4999 154
5000 188
5001 146
5002 216
5003 113
5004 173
5005 249
5006 174
5007 148
5008 159
5009 230
5010 194
5011 233
5012 245
5013 197
5014 177
5015 207
5016 217
5017 208
5018 214
5019 152
5020 180
5021 114
5022 159
5023 175
5024 258
5025 209
5026 151
5027 196
5028 218
5029 227
5030 188
5031 272
5032 199
5033 118
5034 212
5035 174
5036 178
5037 165
5038 300
5039 224
5040 134
5041 206
5042 207
5043 201
5044 181
5045 198
5046 199
5047 187
5048 173
5049 185
5050 198
5051 319
5052 208
5053 182
5054 151
5055 177
5056 176
5057 155
5058 243
5059 190
5060 175
5061 216
5062 193
5063 203
5064 198
5065 169
5066 198
5067 163
5068 202
5069 166
5070 135
5071 183
5072 171
5073 191
5074 185
5075 197
5076 116
5077 213
5078 160
5079 183
5080 236
5081 108
5082 208
5083 215
5084 197
5085 189
5086 223
5087 258
5088 206
5089 222
5090 208
5091 149
5092 205
5093 185
5094 182
5095 223
5096 237
5097 263
5098 130
5099 193
5100 211
5101 235
5102 193
5103 187
5104 203
5105 216
5106 152
5107 157
5108 247
5109 192
5110 163
5111 207
5112 175
5113 243
5114 208
5115 201
5116 170
5117 220
5118 213
5119 266
5120 164
5121 189
5122 234
5123 205
5124 176
5125 220
5126 113
5127 224
5128 195
5129 197
5130 193
5131 209
5132 229
5133 148
5134 179
5135 191
5136 181
5137 187
5138 192
5139 170
5140 257
5141 184
5142 150
5143 239
5144 190
5145 71
5146 149
5147 275
5148 221
5149 134
5150 186
5151 175
5152 179
5153 142
5154 218
5155 223
5156 173
5157 206
5158 217
5159 320
5160 193
5161 163
5162 232
5163 147
5164 210
5165 186
5166 240
5167 228
5168 202
5169 195
5170 181
5171 181
5172 196
5173 171
5174 203
5175 216
5176 193
5177 182
5178 237
5179 180
5180 179
5181 204
5182 232
5183 210
5184 253
5185 0
5186 110
5187 239
5188 188
5189 185
5190 173
5191 229
5192 194
5193 236
5194 165
5195 198
5196 201
5197 207
5198 180
5199 196
5200 201
5201 226
5202 225
5203 163
5204 183
5205 139
5206 194
5207 230
5208 204
5209 127
5210 194
5211 216
5212 202
5213 174
5214 128
5215 195
5216 170
5217 198
5218 256
5219 161
5220 190
5221 245
5222 180
5223 168
5224 239
5225 220
5226 143
5227 171
5228 213
5229 199
5230 190
5231 171
5232 208
5233 189
5234 197
5235 125
5236 228
5237 170
5238 197
5239 158
5240 232
5241 187
5242 219
5243 189
5244 264
5245 204
5246 238
5247 178
5248 167
5249 191
5250 136
5251 203
5252 219
5253 200
5254 198
5255 185
5256 149
5257 269
5258 167
5259 247
5260 217
5261 95
5262 187
5263 192
5264 174
5265 135
5266 151
5267 202
5268 244
5269 185
5270 157
5271 237
5272 228
5273 187
5274 172
5275 213
5276 187
5277 141
5278 228
5279 182
5280 220
5281 187
5282 209
5283 214
5284 145
5285 213
5286 205
5287 129
5288 125
5289 286
5290 192
5291 165
5292 192
5293 243
5294 199
5295 176
5296 267
5297 195
5298 170
5299 175
5300 134
5301 216
5302 162
5303 200
5304 193
5305 159
5306 175
5307 213
5308 127
5309 161
5310 232
5311 240
5312 155
5313 190
5314 205
5315 241
5316 153
5317 222
5318 201
5319 170
5320 237
5321 164
5322 195
5323 166
5324 187
5325 191
5326 181
5327 204
5328 207
5329 148
5330 270
5331 165
5332 206
5333 84
5334 193
5335 161
5336 236
5337 241
5338 211
5339 189
5340 144
5341 199
5342 187
5343 186
5344 181
5345 115
5346 171
5347 117
5348 141
5349 207
5350 199
5351 188
5352 210
5353 148
5354 233
5355 189
5356 155
5357 129
5358 126
5359 193
5360 200
5361 197
5362 160
5363 179
5364 146
5365 169
5366 190
5367 198
5368 157
5369 175
5370 248
5371 192
5372 170
5373 190
5374 191
5375 198
5376 205
5377 204
5378 227
5379 279
5380 105
5381 215
5382 122
5383 155
5384 210
5385 210
5386 199
5387 208
5388 82
5389 167
5390 154
5391 91
5392 177
5393 182
5394 140
5395 185
5396 188
5397 227
5398 174
5399 168
5400 190
5401 216
5402 180
5403 235
5404 231
5405 156
5406 263
5407 84
5408 215
5409 210
5410 221
5411 100
5412 234
5413 201
5414 216
5415 131
5416 250
5417 234
5418 262
5419 222
5420 205
5421 273
5422 197
5423 136
5424 202
5425 234
5426 262
5427 225
5428 161
5429 228
5430 258
5431 155
5432 227
5433 166
5434 207
5435 221
5436 183
5437 255
5438 187
5439 169
5440 220
5441 167
5442 245
5443 183
5444 245
5445 193
5446 176
5447 182
5448 189
5449 181
5450 184
5451 190
5452 217
5453 188
5454 220
5455 150
5456 150
5457 158
5458 201
5459 138
5460 209
5461 277
5462 262
5463 186
5464 155
5465 197
5466 196
5467 259
5468 226
5469 240
5470 204
5471 195
5472 217
5473 226
5474 206
5475 229
5476 326
5477 126
5478 198
5479 176
5480 229
5481 168
5482 281
5483 190
5484 191
5485 164
5486 233
5487 208
5488 219
5489 243
5490 198
5491 215
5492 248
5493 218
5494 288
5495 176
5496 217
5497 211
5498 210
5499 154
5500 169
5501 205
5502 173
5503 92
5504 168
5505 197
5506 164
5507 195
5508 103
5509 0
5510 203
5511 162
5512 233
5513 211
5514 217
5515 182
5516 190
5517 183
5518 196
5519 187
5520 220
5521 228
5522 238
5523 179
5524 208
5525 169
5526 237
5527 182
5528 229
5529 249
5530 161
5531 120
5532 190
5533 204
5534 159
5535 166
5536 256
5537 188
5538 172
5539 147
5540 168
5541 205
5542 238
5543 257
5544 217
5545 214
5546 142
5547 172
5548 196
5549 220
5550 311
5551 141
5552 231
5553 235
5554 167
5555 221
5556 242
5557 149
5558 174
5559 214
5560 267
5561 262
5562 238
5563 174
5564 187
5565 171
5566 250
5567 179
5568 162
5569 216
5570 223
5571 194
5572 181
5573 183
5574 253
5575 161
5576 212
5577 178
5578 267
5579 168
5580 239
5581 220
5582 229
5583 176
5584 203
5585 175
5586 197
5587 179
5588 200
5589 211
5590 178
5591 192
5592 142
5593 232
5594 196
5595 143
5596 197
5597 263
5598 264
5599 233
5600 126
5601 228
5602 187
5603 148
5604 69
5605 236
5606 202
5607 218
5608 198
5609 198
5610 276
5611 167
5612 215
5613 131
5614 172
5615 141
5616 244
5617 220
5618 228
5619 131
5620 202
5621 192
5622 192
5623 162
5624 183
5625 222
5626 211
5627 214
5628 110
5629 166
5630 166
5631 164
5632 234
5633 194
5634 155
5635 159
5636 171
5637 114
5638 204
5639 167
5640 210
5641 202
5642 185
5643 211
5644 209
5645 219
5646 269
5647 221
5648 183
5649 194
5650 217
5651 204
5652 137
5653 251
5654 182
5655 185
5656 183
5657 193
5658 296
5659 143
5660 157
5661 206
5662 196
5663 226
5664 164
5665 256
5666 194
5667 230
5668 184
5669 212
5670 151
5671 162
5672 217
5673 242
5674 181
5675 197
5676 235
5677 182
5678 161
5679 212
5680 170
5681 187
5682 219
5683 182
5684 161
5685 157
5686 163
5687 250
5688 183
5689 219
5690 188
5691 268
5692 207
5693 181
5694 222
5695 207
5696 230
5697 0
5698 193
5699 214
5700 192
5701 274
5702 198
5703 148
5704 207
5705 198
5706 188
5707 176
5708 147
5709 157
5710 169
5711 211
5712 203
5713 172
5714 246
5715 172
5716 201
5717 238
5718 139
5719 195
5720 210
5721 196
5722 235
5723 189
5724 149
5725 224
5726 178
5727 227
5728 221
5729 138
5730 217
5731 214
5732 177
5733 209
5734 131
5735 190
5736 166
5737 184
5738 147
5739 258
5740 159
5741 209
5742 147
5743 204
5744 187
5745 183
5746 245
5747 172
5748 204
5749 164
5750 256
5751 240
5752 186
5753 277
5754 207
5755 153
5756 126
5757 170
5758 240
5759 227
5760 210
5761 212
5762 110
5763 253
5764 158
5765 195
5766 209
5767 236
5768 196
5769 225
5770 145
5771 191
5772 198
5773 159
5774 246
5775 181
5776 182
5777 169
5778 186
5779 187
5780 196
5781 203
5782 200
5783 199
5784 157
5785 254
5786 255
5787 213
5788 253
5789 191
5790 245
5791 216
5792 174
5793 185
5794 188
5795 174
5796 139
5797 181
5798 196
5799 181
5800 217
5801 191
5802 182
5803 163
5804 184
5805 170
5806 232
5807 140
5808 143
5809 169
5810 196
5811 211
5812 120
5813 180
5814 190
5815 196
5816 182
5817 231
5818 170
5819 185
5820 160
5821 237
5822 191
5823 229
5824 199
5825 196
5826 172
5827 131
5828 198
5829 172
5830 168
5831 177
5832 208
5833 240
5834 239
5835 213
5836 292
5837 127
5838 236
5839 186
5840 182
5841 192
5842 154
5843 189
5844 153
5845 186
5846 149
5847 0
5848 213
5849 159
5850 154
5851 274
5852 184
5853 204
5854 228
5855 228
5856 210
5857 159
5858 176
5859 87
5860 198
5861 133
5862 185
5863 193
5864 411
5865 194
5866 180
5867 249
5868 266
5869 187
5870 224
5871 153
5872 114
5873 254
5874 222
5875 204
5876 193
5877 204
5878 168
5879 166
5880 212
5881 174
5882 230
5883 179
5884 145
5885 275
5886 181
5887 149
5888 192
5889 230
5890 196
5891 141
5892 197
5893 109
5894 271
5895 197
5896 203
5897 149
5898 199
5899 182
5900 88
5901 231
5902 151
5903 167
5904 180
5905 188
5906 179
5907 206
5908 238
5909 196
5910 181
5911 221
5912 212
5913 203
5914 171
5915 147
5916 225
5917 187
5918 222
5919 178
5920 126
5921 154
5922 158
5923 179
5924 198
5925 193
5926 229
5927 191
5928 225
5929 206
5930 162
5931 120
5932 167
5933 217
5934 191
5935 236
5936 203
5937 156
5938 192
5939 204
5940 153
5941 191
5942 236
5943 227
5944 221
5945 173
5946 217
5947 170
5948 193
5949 93
5950 163
5951 186
5952 201
5953 213
5954 227
5955 197
5956 137
5957 198
5958 205
5959 224
5960 234
5961 172
5962 138
5963 156
5964 161
5965 183
5966 259
5967 140
5968 128
5969 172
5970 215
5971 237
5972 232
5973 191
5974 228
5975 150
5976 237
5977 208
5978 205
5979 189
5980 231
5981 179
5982 181
5983 280
5984 206
5985 228
5986 190
5987 196
5988 213
5989 211
5990 194
5991 201
5992 203
5993 191
5994 167
5995 209
5996 183
5997 180
5998 200
5999 182
6000 192
6001 204
6002 194
6003 238
6004 217
6005 123
6006 202
6007 54
6008 183
6009 204
6010 240
6011 186
6012 101
6013 191
6014 214
6015 155
6016 187
6017 137
6018 219
6019 146
6020 206
6021 217
6022 198
6023 183
6024 183
6025 211
6026 172
6027 174
6028 140
6029 163
6030 169
6031 227
6032 186
6033 169
6034 188
6035 204
6036 163
6037 205
6038 194
6039 208
6040 195
6041 143
6042 199
6043 109
6044 218
6045 169
6046 190
6047 206
6048 203
6049 195
6050 195
6051 202
6052 213
6053 215
6054 238
6055 211
6056 250
6057 236
6058 244
6059 138
6060 204
6061 215
6062 168
6063 169
6064 175
6065 214
6066 191
6067 197
6068 192
6069 191
6070 225
6071 199
6072 196
6073 189
6074 180
6075 177
6076 228
6077 187
6078 176
6079 172
6080 278
6081 213
6082 149
6083 201
6084 128
6085 204
6086 198
6087 240
6088 172
6089 193
6090 201
6091 172
6092 258
6093 225
6094 180
6095 203
6096 171
6097 0
6098 195
6099 159
6100 166
6101 260
6102 235
6103 195
6104 252
6105 202
6106 247
6107 208
6108 169
6109 176
6110 160
6111 174
6112 178
6113 169
6114 195
6115 202
6116 143
6117 255
6118 171
6119 192
6120 170
6121 219
6122 210
6123 173
6124 198
6125 213
6126 231
6127 160
6128 224
6129 234
6130 219
6131 231
6132 227
6133 164
6134 193
6135 173
6136 233
6137 230
6138 208
6139 221
6140 179
6141 177
6142 154
6143 211
6144 109
6145 217
6146 136
6147 205
6148 223
6149 250
6150 220
6151 106
6152 163
6153 175
6154 149
6155 217
6156 176
6157 98
6158 225
6159 163
6160 208
6161 175
6162 194
6163 258
6164 186
6165 241
6166 150
6167 220
6168 198
6169 229
6170 140
6171 183
6172 199
6173 198
6174 264
6175 159
6176 196
6177 202
6178 230
6179 286
6180 243
6181 207
6182 192
6183 185
6184 168
6185 133
6186 258
6187 0
6188 144
6189 170
6190 231
6191 196
6192 220
6193 198
6194 153
6195 215
6196 210
6197 237
6198 200
6199 179
6200 211
6201 168
6202 210
6203 228
6204 211
6205 250
6206 245
6207 179
6208 224
6209 255
6210 244
6211 173
6212 217
6213 182
6214 208
6215 201
6216 181
6217 176
6218 152
6219 217
6220 199
6221 196
6222 173
6223 206
6224 326
6225 234
6226 181
6227 213
6228 220
6229 169
6230 209
6231 185
6232 164
6233 225
6234 207
6235 217
6236 195
6237 204
6238 212
6239 203
6240 218
6241 210
6242 0
6243 207
6244 136
6245 231
6246 184
6247 191
6248 121
6249 141
6250 197
6251 212
6252 180
6253 182
6254 179
6255 273
6256 194
6257 210
6258 187
6259 297
6260 217
6261 131
6262 181
6263 153
6264 200
6265 228
6266 236
6267 176
6268 208
6269 176
6270 228
6271 130
6272 162
6273 264
6274 174
6275 219
6276 247
6277 204
6278 243
6279 201
6280 193
6281 225
6282 133
6283 243
6284 150
6285 190
6286 223
6287 193
6288 233
6289 142
6290 217
6291 205
6292 197
6293 195
6294 195
6295 157
6296 171
6297 171
6298 154
6299 214
6300 209
6301 198
6302 192
6303 260
6304 216
6305 195
6306 163
6307 225
6308 185
6309 213
6310 176
6311 208
6312 159
6313 233
6314 147
6315 201
6316 179
6317 205
6318 165
6319 212
6320 196
6321 195
6322 167
6323 196
6324 196
6325 255
6326 189
6327 267
6328 251
6329 229
6330 188
6331 129
6332 204
6333 190
6334 162
6335 205
6336 97
6337 215
6338 198
6339 179
6340 221
6341 186
6342 178
6343 138
6344 211
6345 308
6346 160
6347 255
6348 151
6349 268
6350 199
6351 216
6352 193
6353 177
6354 209
6355 168
6356 220
6357 172
6358 153
6359 132
6360 176
6361 183
6362 254
6363 123
6364 214
6365 219
6366 163
6367 190
6368 181
6369 174
6370 204
6371 232
6372 236
6373 234
6374 193
6375 208
6376 136
6377 198
6378 212
6379 159
6380 189
6381 227
6382 216
6383 136
6384 199
6385 176
6386 172
6387 0
6388 205
6389 199
6390 149
6391 139
6392 225
6393 162
6394 194
6395 167
6396 198
6397 203
6398 206
6399 199
6400 237
6401 241
6402 218
6403 196
6404 152
6405 246
6406 218
6407 226
6408 196
6409 59
6410 240
6411 196
6412 157
6413 234
6414 180
6415 209
6416 190
6417 241
6418 195
6419 247
6420 81
6421 232
6422 156
6423 142
6424 251
6425 338
6426 233
6427 210
6428 168
6429 208
6430 302
6431 163
6432 182
6433 201
6434 198
6435 188
6436 141
6437 164
6438 232
6439 208
6440 206
6441 203
6442 250
6443 131
6444 146
6445 218
6446 223
6447 162
6448 121
6449 183
6450 199
6451 168
6452 161
6453 150
6454 249
6455 204
6456 233
6457 212
6458 221
6459 132
6460 176
6461 177
6462 246
6463 184
6464 265
6465 238
6466 213
6467 173
6468 223
6469 198
6470 157
6471 203
6472 213
6473 209
6474 152
6475 181
6476 194
6477 185
6478 232
6479 155
6480 175
6481 174
6482 102
6483 171
6484 144
6485 210
6486 193
6487 146
6488 218
6489 195
6490 219
6491 183
6492 176
6493 270
6494 180
6495 148
6496 188
6497 136
6498 200
6499 193
6500 133
6501 193
6502 159
6503 262
6504 256
6505 189
6506 171
6507 219
6508 207
6509 185
6510 133
6511 169
6512 196
6513 183
6514 188
6515 215
6516 175
6517 235
6518 158
6519 232
6520 136
6521 180
6522 240
6523 148
6524 176
6525 202
6526 187
6527 268
6528 165
6529 208
6530 176
6531 194
6532 177
6533 168
6534 172
6535 118
6536 297
6537 181
6538 207
6539 210
6540 252
6541 99
6542 164
6543 188
6544 203
6545 194
6546 162
6547 229
6548 210
6549 211
6550 272
6551 219
6552 251
6553 230
6554 251
6555 150
6556 182
6557 242
6558 239
6559 159
6560 176
6561 169
6562 146
6563 191
6564 201
6565 202
6566 252
6567 160
6568 72
6569 216
6570 267
6571 203
6572 146
6573 177
6574 220
6575 154
6576 167
6577 210
6578 200
6579 266
6580 192
6581 213
6582 268
6583 171
6584 189
6585 240
6586 161
6587 190
6588 150
6589 168
6590 183
6591 245
6592 134
6593 224
6594 207
6595 210
6596 225
6597 175
6598 213
6599 141
