Vertices: 4100
Edges: 20500
Time: 1,218 ms
Iterations: 20379
Vertex Distance
0 0
1 299
2 215
3 167
4 155
5 210
6 174
7 238
8 211
9 175
10 171
11 185
12 194
13 151
14 246
15 119
16 195
17 196
18 0
19 166
20 211
21 177
22 140
23 171
24 226
25 202
26 183
27 162
28 135
29 71
30 193
31 172
32 156
33 139
34 161
35 200
36 0
37 216
38 197
39 159
40 176
41 116
42 185
43 184
44 142
45 143
46 146
47 126
48 161
49 189
50 205
51 0
52 177
53 195
54 137
55 168
56 189
57 167
58 148
59 196
60 180
61 221
62 235
63 0
64 162
65 153
66 216
67 241
68 168
69 146
70 164
71 215
72 165
73 167
74 118
75 117
76 169
77 241
78 197
79 132
80 184
81 186
82 230
83 248
84 168
85 241
86 173
87 206
88 153
89 145
90 172
91 202
92 90
93 144
94 141
95 147
96 204
97 201
98 220
99 222
100 269
101 181
102 204
103 173
104 180
105 207
106 248
107 149
108 188
109 134
110 216
111 124
112 170
113 214
114 174
115 148
116 186
117 202
118 154
119 218
120 193
121 170
122 156
123 185
124 221
125 155
126 143
127 0
128 180
129 200
130 158
131 156
132 203
133 194
134 168
135 211
136 122
137 165
138 173
139 211
140 139
141 154
142 157
143 171
144 172
145 115
146 159
147 140
148 141
149 124
150 198
151 220
152 122
153 169
154 172
155 156
156 157
157 164
158 161
159 197
160 242
161 215
162 182
163 166
164 224
165 184
166 183
167 221
168 256
169 193
170 176
171 92
172 146
173 199
174 95
175 259
176 170
177 175
178 175
179 167
180 212
181 183
182 177
183 161
184 149
185 195
186 170
187 118
188 194
189 195
190 171
191 170
192 161
193 154
194 115
195 266
196 201
197 173
198 177
199 240
200 283
201 206
202 165
203 121
204 172
205 177
206 170
207 185
208 166
209 241
210 154
211 197
212 207
213 180
214 188
215 177
216 179
217 238
218 163
219 149
220 180
221 205
222 137
223 131
224 228
225 186
226 142
227 195
228 191
229 200
230 134
231 157
232 218
233 192
234 155
235 203
236 163
237 175
238 166
239 235
240 214
241 211
242 169
243 185
244 167
245 108
246 205
247 228
248 188
249 125
250 177
251 166
252 176
253 136
254 230
255 125
256 133
257 178
258 139
259 213
260 203
261 211
262 153
263 163
264 266
265 185
266 165
267 215
268 219
269 176
270 144
271 127
272 112
273 191
274 190
275 180
276 118
277 157
278 114
279 177
280 230
281 232
282 179
283 182
284 185
285 142
286 290
287 173
288 161
289 188
290 212
291 215
292 212
293 169
294 145
295 205
296 188
297 159
298 190
299 179
300 21
301 238
302 192
303 199
304 173
305 227
306 177
307 162
308 164
309 175
310 198
311 191
312 217
313 143
314 191
315 161
316 129
317 173
318 186
319 207
320 158
321 203
322 174
323 163
324 219
325 147
326 136
327 237
328 222
329 152
330 177
331 217
332 259
333 158
334 179
335 171
336 162
337 112
338 201
339 138
340 248
341 166
342 148
343 162
344 191
345 161
346 209
347 178
348 128
349 183
350 172
351 135
352 163
353 165
354 229
355 276
356 209
357 183
358 223
359 256
360 161
361 181
362 229
363 216
364 167
365 204
366 241
367 215
368 163
369 268
370 250
371 104
372 146
373 158
374 169
375 190
376 178
377 222
378 184
379 133
380 170
381 181
382 192
383 215
384 246
385 148
386 195
387 199
388 198
389 156
390 205
391 191
392 171
393 194
394 270
395 212
396 223
397 179
398 217
399 200
400 237
401 173
402 182
403 146
404 133
405 191
406 127
407 171
408 155
409 199
410 215
411 139
412 186
413 191
414 173
415 125
416 158
417 141
418 179
419 0
420 223
421 174
422 139
423 221
424 217
425 161
426 188
427 164
428 163
429 186
430 188
431 197
432 142
433 241
434 179
435 143
436 178
437 188
438 155
439 199
440 151
441 171
442 180
443 161
444 145
445 123
446 153
447 179
448 111
449 182
450 229
451 119
452 212
453 183
454 268
455 194
456 152
457 180
458 221
459 152
460 207
461 251
462 159
463 147
464 198
465 178
466 193
467 213
468 241
469 178
470 173
471 128
472 61
473 219
474 185
475 146
476 224
477 199
478 201
479 135
480 161
481 222
482 148
483 159
484 160
485 130
486 109
487 162
488 205
489 127
490 233
491 169
492 219
493 152
494 152
495 128
496 188
497 0
498 164
499 199
500 191
501 205
502 110
503 159
504 131
505 161
506 154
507 193
508 186
509 181
510 181
511 153
512 322
513 166
514 135
515 87
516 114
517 223
518 265
519 114
520 186
521 158
522 106
523 149
524 207
525 226
526 193
527 151
528 186
529 191
530 220
531 213
532 204
533 148
534 207
535 195
536 210
537 105
538 171
539 195
540 150
541 264
542 192
543 130
544 161
545 222
546 192
547 188
548 164
549 177
550 131
551 171
552 212
553 195
554 150
555 156
556 119
557 159
558 159
559 121
560 165
561 134
562 139
563 156
564 19
565 192
566 158
567 154
568 145
569 191
570 121
571 143
572 170
573 183
574 146
575 170
576 168
577 184
578 156
579 131
580 202
581 141
582 295
583 236
584 85
585 142
586 166
587 227
588 145
589 212
590 199
591 198
592 211
593 210
594 184
595 178
596 184
597 184
598 176
599 150
600 102
601 188
602 104
603 231
604 165
605 151
606 152
607 192
608 134
609 176
610 174
611 238
612 193
613 183
614 165
615 117
616 139
617 161
618 219
619 144
620 249
621 172
622 212
623 217
624 148
625 36
626 171
627 194
628 166
629 165
630 167
631 192
632 207
633 161
634 188
635 182
636 130
637 139
638 211
639 140
640 242
641 235
642 187
643 179
644 218
645 195
646 170
647 202
648 183
649 182
650 220
651 187
652 202
653 172
654 136
655 173
656 191
657 140
658 217
659 238
660 155
661 185
662 222
663 78
664 154
665 197
666 207
667 220
668 168
669 142
670 197
671 187
672 183
673 126
674 186
675 189
676 199
677 194
678 136
679 131
680 215
681 178
682 109
683 201
684 208
685 182
686 142
687 197
688 173
689 178
690 138
691 133
692 173
693 209
694 180
695 173
696 159
697 134
698 194
699 217
700 172
701 214
702 204
703 196
704 146
705 145
706 220
707 184
708 121
709 169
710 0
711 197
712 199
713 193
714 166
715 114
716 191
717 207
718 247
719 188
720 188
721 197
722 191
723 200
724 196
725 177
726 272
727 151
728 213
729 150
730 152
731 167
732 222
733 164
734 191
735 191
736 193
737 244
738 172
739 196
740 160
741 149
742 159
743 157
744 165
745 177
746 179
747 141
748 172
749 199
750 235
751 280
752 172
753 84
754 208
755 181
756 186
757 189
758 191
759 163
760 169
761 156
762 214
763 136
764 167
765 242
766 153
767 169
768 175
769 242
770 166
771 236
772 153
773 137
774 200
775 125
776 98
777 189
778 218
779 127
780 153
781 142
782 182
783 234
784 197
785 168
786 179
787 153
788 134
789 182
790 102
791 296
792 157
793 199
794 143
795 120
796 155
797 179
798 200
799 166
800 171
801 107
802 239
803 192
804 131
805 236
806 234
807 175
808 193
809 185
810 182
811 169
812 188
813 159
814 186
815 193
816 258
817 169
818 277
819 114
820 198
821 106
822 204
823 135
824 188
825 60
826 196
827 146
828 234
829 177
830 244
831 165
832 177
833 193
834 217
835 182
836 189
837 167
838 140
839 164
840 250
841 146
842 189
843 192
844 278
845 121
846 197
847 193
848 222
849 211
850 197
851 192
852 177
853 184
854 137
855 220
856 205
857 201
858 147
859 199
860 135
861 149
862 103
863 211
864 208
865 186
866 131
867 144
868 171
869 174
870 195
871 255
872 218
873 172
874 164
875 182
876 202
877 213
878 223
879 131
880 224
881 134
882 281
883 197
884 187
885 169
886 153
887 196
888 184
889 176
890 188
891 160
892 202
893 222
894 137
895 120
896 225
897 115
898 197
899 192
900 217
901 188
902 183
903 169
904 180
905 183
906 197
907 181
908 121
909 138
910 204
911 131
912 184
913 102
914 188
915 184
916 164
917 229
918 191
919 187
920 283
921 149
922 152
923 162
924 155
925 155
926 131
927 194
928 185
929 174
930 182
931 112
932 118
933 163
934 152
935 165
936 117
937 168
938 188
939 189
940 235
941 215
942 234
943 206
944 169
945 167
946 215
947 217
948 110
949 167
950 180
951 248
952 198
953 235
954 202
955 172
956 193
957 202
958 194
959 223
960 192
961 150
962 214
963 163
964 126
965 199
966 163
967 168
968 167
969 118
970 183
971 0
972 183
973 192
974 154
975 209
976 194
977 185
978 172
979 182
980 226
981 133
982 188
983 187
984 200
985 221
986 184
987 173
988 209
989 191
990 99
991 215
992 178
993 159
994 205
995 190
996 141
997 223
998 220
999 143
1000 225
1001 199
1002 181
1003 182
1004 173
1005 182
1006 214
1007 163
1008 159
1009 209
1010 110
1011 130
1012 163
1013 174
1014 237
1015 204
1016 158
1017 168
1018 211
1019 205
1020 218
1021 56
1022 170
1023 95
1024 143
1025 149
1026 87
1027 181
1028 159
1029 152
1030 166
1031 167
1032 152
1033 203
1034 186
1035 184
1036 216
1037 248
1038 181
1039 161
1040 108
1041 218
1042 203
1043 247
1044 0
1045 202
1046 166
1047 145
1048 220
1049 242
1050 185
1051 183
1052 159
1053 183
1054 245
1055 150
1056 191
1057 201
1058 180
1059 215
1060 169
1061 153
1062 155
1063 225
1064 187
1065 199
1066 168
1067 242
1068 168
1069 106
1070 177
1071 223
1072 184
1073 106
1074 233
1075 214
1076 148
1077 189
1078 171
1079 200
1080 182
1081 176
1082 204
1083 199
1084 169
1085 186
1086 205
1087 249
1088 165
1089 190
1090 189
1091 212
1092 173
1093 176
1094 185
1095 165
1096 197
1097 130
1098 198
1099 0
1100 141
1101 156
1102 207
1103 182
1104 125
1105 183
1106 179
1107 232
1108 175
1109 210
1110 191
1111 195
1112 153
1113 185
1114 97
1115 150
1116 196
1117 138
1118 180
1119 192
1120 186
1121 179
1122 167
1123 145
1124 248
1125 187
1126 192
1127 158
1128 152
1129 144
1130 204
1131 253
1132 182
1133 320
1134 173
1135 227
1136 176
1137 178
1138 239
1139 205
1140 191
1141 137
1142 71
1143 158
1144 151
1145 167
1146 151
1147 200
1148 182
1149 172
1150 167
1151 176
1152 194
1153 156
1154 193
1155 233
1156 172
1157 166
1158 301
1159 55
1160 196
1161 162
1162 100
1163 102
1164 183
1165 129
1166 177
1167 191
1168 229
1169 167
1170 205
1171 175
1172 179
1173 207
1174 142
1175 189
1176 182
1177 190
1178 139
1179 137
1180 186
1181 158
1182 169
1183 162
1184 191
1185 171
1186 153
1187 154
1188 223
1189 189
1190 131
1191 144
1192 197
1193 135
1194 219
1195 258
1196 172
1197 204
1198 163
1199 135
1200 228
1201 170
1202 139
1203 159
1204 189
1205 133
1206 167
1207 164
1208 165
1209 166
1210 146
1211 159
1212 184
1213 186
1214 169
1215 118
1216 227
1217 155
1218 234
1219 151
1220 196
1221 229
1222 148
1223 226
1224 118
1225 185
1226 178
1227 207
1228 138
1229 178
1230 186
1231 200
1232 201
1233 211
1234 184
1235 197
1236 148
1237 173
1238 212
1239 179
1240 136
1241 166
1242 180
1243 192
1244 222
1245 169
1246 195
1247 171
1248 120
1249 185
1250 135
1251 0
1252 204
1253 174
1254 237
1255 203
1256 220
1257 184
1258 177
1259 185
1260 184
1261 264
1262 192
1263 179
1264 206
1265 150
1266 174
1267 179
1268 144
1269 127
1270 223
1271 177
1272 220
1273 189
1274 169
1275 228
1276 177
1277 213
1278 92
1279 171
1280 194
1281 141
1282 197
1283 141
1284 178
1285 144
1286 178
1287 180
1288 158
1289 193
1290 203
1291 208
1292 190
1293 219
1294 105
1295 224
1296 212
1297 214
1298 188
1299 205
1300 75
1301 240
1302 166
1303 176
1304 197
1305 193
1306 179
1307 183
1308 200
1309 158
1310 165
1311 224
1312 88
1313 205
1314 229
1315 197
1316 163
1317 215
1318 180
1319 168
1320 212
1321 174
1322 207
1323 165
1324 206
1325 183
1326 135
1327 172
1328 253
1329 0
1330 170
1331 208
1332 174
1333 232
1334 209
1335 257
1336 214
1337 173
1338 186
1339 133
1340 184
1341 159
1342 217
1343 193
1344 173
1345 202
1346 171
1347 121
1348 172
1349 211
1350 200
1351 191
1352 204
1353 171
1354 167
1355 191
1356 215
1357 144
1358 298
1359 101
1360 126
1361 200
1362 169
1363 169
1364 181
1365 176
1366 182
1367 189
1368 224
1369 192
1370 149
1371 178
1372 171
1373 140
1374 198
1375 130
1376 180
1377 157
1378 177
1379 198
1380 160
1381 151
1382 231
1383 134
1384 219
1385 184
1386 171
1387 200
1388 212
1389 106
1390 211
1391 163
1392 167
1393 161
1394 181
1395 189
1396 150
1397 149
1398 228
1399 209
1400 189
1401 301
1402 207
1403 162
1404 195
1405 174
1406 139
1407 104
1408 153
1409 205
1410 181
1411 186
1412 171
1413 204
1414 203
1415 203
1416 115
1417 256
1418 190
1419 198
1420 187
1421 165
1422 155
1423 183
1424 213
1425 164
1426 147
1427 188
1428 147
1429 173
1430 221
1431 167
1432 158
1433 175
1434 203
1435 189
1436 169
1437 147
1438 212
1439 179
1440 155
1441 169
1442 209
1443 187
1444 180
1445 208
1446 212
1447 135
1448 180
1449 166
1450 222
1451 202
1452 181
1453 124
1454 85
1455 211
1456 259
1457 165
1458 145
1459 150
1460 179
1461 144
1462 152
1463 170
1464 207
1465 158
1466 195
1467 227
1468 227
1469 218
1470 175
1471 210
1472 183
1473 205
1474 131
1475 200
1476 150
1477 203
1478 186
1479 176
1480 103
1481 169
1482 29
1483 154
1484 166
1485 192
1486 163
1487 129
1488 180
1489 134
1490 191
1491 222
1492 192
1493 187
1494 148
1495 145
1496 209
1497 92
1498 197
1499 189
1500 202
1501 126
1502 214
1503 156
1504 228
1505 80
1506 234
1507 131
1508 199
1509 189
1510 209
1511 135
1512 227
1513 193
1514 243
1515 145
1516 190
1517 168
1518 159
1519 197
1520 128
1521 171
1522 254
1523 154
1524 268
1525 152
1526 157
1527 159
1528 165
1529 205
1530 167
1531 160
1532 132
1533 176
1534 201
1535 184
1536 196
1537 167
1538 213
1539 207
1540 172
1541 217
1542 74
1543 124
1544 201
1545 212
1546 147
1547 135
1548 178
1549 172
1550 206
1551 205
1552 197
1553 140
1554 205
1555 202
1556 237
1557 115
1558 95
1559 225
1560 172
1561 271
1562 209
1563 281
1564 191
1565 101
1566 157
1567 193
1568 194
1569 197
1570 185
1571 160
1572 164
1573 158
1574 205
1575 219
1576 131
1577 146
1578 177
1579 200
1580 166
1581 194
1582 105
1583 188
1584 166
1585 211
1586 163
1587 162
1588 147
1589 144
1590 223
1591 120
1592 175
1593 144
1594 174
1595 202
1596 225
1597 170
1598 169
1599 154
1600 152
1601 219
1602 209
1603 208
1604 230
1605 208
1606 152
1607 90
1608 153
1609 161
1610 232
1611 218
1612 175
1613 169
1614 166
1615 244
1616 181
1617 165
1618 121
1619 205
1620 227
1621 202
1622 233
1623 208
1624 163
1625 141
1626 226
1627 153
1628 82
1629 148
1630 110
1631 191
1632 138
1633 147
1634 208
1635 185
1636 212
1637 241
1638 132
1639 186
1640 257
1641 188
1642 144
1643 268
1644 204
1645 199
1646 183
1647 146
1648 175
1649 198
1650 152
1651 180
1652 195
1653 198
1654 170
1655 209
1656 231
1657 172
1658 112
1659 162
1660 202
1661 194
1662 0
1663 229
1664 156
1665 239
1666 165
1667 152
1668 203
1669 208
1670 185
1671 120
1672 177
1673 180
1674 136
1675 189
1676 179
1677 194
1678 204
1679 244
1680 119
1681 177
1682 190
1683 186
1684 166
1685 236
1686 197
1687 214
1688 184
1689 160
1690 139
1691 254
1692 233
1693 145
1694 205
1695 204
1696 157
1697 166
1698 169
1699 221
1700 132
1701 181
1702 162
1703 108
1704 132
1705 235
1706 191
1707 182
1708 209
1709 202
1710 97
1711 142
1712 160
1713 181
1714 133
1715 100
1716 225
1717 198
1718 207
1719 204
1720 203
1721 179
1722 204
1723 146
1724 209
1725 189
1726 141
1727 223
1728 106
1729 186
1730 184
1731 153
1732 223
1733 261
1734 208
1735 213
1736 170
1737 92
1738 157
1739 262
1740 146
1741 144
1742 190
1743 128
1744 210
1745 276
1746 193
1747 190
1748 225
1749 180
1750 201
1751 135
1752 232
1753 162
1754 190
1755 147
1756 195
1757 194
1758 148
1759 122
1760 167
1761 148
1762 182
1763 150
1764 219
1765 223
1766 245
1767 184
1768 192
1769 206
1770 166
1771 178
1772 88
1773 270
1774 157
1775 169
1776 131
1777 199
1778 175
1779 110
1780 190
1781 250
1782 221
1783 171
1784 163
1785 108
1786 163
1787 202
1788 148
1789 182
1790 173
1791 104
1792 144
1793 241
1794 175
1795 170
1796 199
1797 220
1798 175
1799 190
1800 117
1801 153
1802 191
1803 211
1804 235
1805 192
1806 258
1807 113
1808 220
1809 180
1810 173
1811 226
1812 233
1813 189
1814 179
1815 138
1816 180
1817 167
1818 192
1819 155
1820 165
1821 170
1822 141
1823 167
1824 141
1825 143
1826 191
1827 151
1828 181
1829 195
1830 211
1831 176
1832 153
1833 185
1834 153
1835 212
1836 215
1837 212
1838 199
1839 178
1840 153
1841 234
1842 171
1843 176
1844 131
1845 142
1846 170
1847 172
1848 201
1849 209
1850 194
1851 183
1852 158
1853 187
1854 165
1855 231
1856 181
1857 175
1858 204
1859 173
1860 161
1861 146
1862 282
1863 180
1864 205
1865 151
1866 208
1867 170
1868 173
1869 245
1870 152
1871 182
1872 202
1873 124
1874 170
1875 233
1876 200
1877 182
1878 252
1879 169
1880 229
1881 177
1882 151
1883 196
1884 175
1885 147
1886 220
1887 283
1888 212
1889 149
1890 202
1891 187
1892 122
1893 173
1894 205
1895 239
1896 207
1897 238
1898 186
1899 139
1900 174
1901 202
1902 158
1903 151
1904 146
1905 197
1906 171
1907 179
1908 181
1909 216
1910 158
1911 172
1912 211
1913 177
1914 223
1915 109
1916 183
1917 199
1918 211
1919 173
1920 164
1921 195
1922 207
1923 151
1924 141
1925 174
1926 176
1927 155
1928 178
1929 146
1930 182
1931 164
1932 185
1933 191
1934 177
1935 152
1936 235
1937 148
1938 179
1939 220
1940 149
1941 157
1942 237
1943 254
1944 177
1945 183
1946 134
1947 154
1948 165
1949 145
1950 158
1951 235
1952 185
1953 154
1954 187
1955 205
1956 158
1957 150
1958 168
1959 181
1960 146
1961 202
1962 185
1963 172
1964 141
1965 147
1966 162
1967 174
1968 284
1969 188
1970 252
1971 154
1972 222
1973 188
1974 215
1975 161
1976 228
1977 175
1978 145
1979 172
1980 194
1981 266
1982 167
1983 97
1984 173
1985 155
1986 216
1987 182
1988 131
1989 173
1990 175
1991 242
1992 234
1993 183
1994 122
1995 99
1996 158
1997 179
1998 157
1999 165
2000 269
2001 145
2002 204
2003 187
2004 106
2005 233
2006 215
2007 209
2008 168
2009 87
2010 177
2011 150
2012 200
2013 199
2014 169
2015 185
2016 153
2017 147
2018 89
2019 212
2020 215
2021 165
2022 178
2023 172
2024 254
2025 160
2026 130
2027 174
2028 219
2029 173
2030 245
2031 222
2032 104
2033 163
2034 185
2035 251
2036 146
2037 193
2038 170
2039 240
2040 151
2041 163
2042 237
2043 201
2044 176
2045 111
2046 177
2047 188
2048 192
2049 236
2050 177
2051 146
2052 182
2053 166
2054 147
2055 143
2056 219
2057 196
2058 58
2059 183
2060 205
2061 138
2062 172
2063 127
2064 147
2065 167
2066 209
2067 182
2068 186
2069 149
2070 188
2071 207
2072 190
2073 324
2074 204
2075 196
2076 207
2077 150
2078 158
2079 203
2080 122
2081 169
2082 219
2083 183
2084 210
2085 203
2086 245
2087 182
2088 188
2089 220
2090 196
2091 191
2092 208
2093 150
2094 195
2095 165
2096 196
2097 236
2098 149
2099 221
2100 175
2101 171
2102 225
2103 202
2104 175
2105 145
2106 212
2107 123
2108 156
2109 167
2110 189
2111 167
2112 226
2113 182
2114 166
2115 201
2116 213
2117 161
2118 143
2119 166
2120 161
2121 115
2122 137
2123 217
2124 208
2125 140
2126 215
2127 166
2128 140
2129 64
2130 180
2131 144
2132 189
2133 0
2134 188
2135 131
2136 167
2137 207
2138 175
2139 177
2140 169
2141 190
2142 164
2143 191
2144 186
2145 133
2146 79
2147 207
2148 167
2149 98
2150 173
2151 185
2152 199
2153 221
2154 139
2155 140
2156 129
2157 177
2158 142
2159 227
2160 189
2161 162
2162 170
2163 135
2164 153
2165 165
2166 172
2167 112
2168 199
2169 180
2170 135
2171 181
2172 142
2173 235
2174 176
2175 128
2176 250
2177 179
2178 199
2179 158
2180 168
2181 129
2182 92
2183 192
2184 110
2185 155
2186 164
2187 157
2188 190
2189 199
2190 251
2191 192
2192 201
2193 257
2194 170
2195 192
2196 151
2197 169
2198 198
2199 139
2200 256
2201 160
2202 171
2203 179
2204 143
2205 225
2206 237
2207 114
2208 180
2209 164
2210 240
2211 221
2212 137
2213 185
2214 162
2215 198
2216 132
2217 191
2218 147
2219 212
2220 244
2221 140
2222 115
2223 189
2224 226
2225 196
2226 214
2227 101
2228 154
2229 216
2230 220
2231 145
2232 191
2233 185
2234 185
2235 161
2236 110
2237 169
2238 191
2239 167
2240 149
2241 146
2242 186
2243 184
2244 170
2245 182
2246 174
2247 164
2248 209
2249 125
2250 213
2251 198
2252 192
2253 184
2254 92
2255 165
2256 197
2257 227
2258 188
2259 173
2260 161
2261 191
2262 233
2263 188
2264 110
2265 197
2266 248
2267 202
2268 99
2269 170
2270 221
2271 178
2272 212
2273 166
2274 176
2275 187
2276 173
2277 160
2278 176
2279 180
2280 148
2281 186
2282 0
2283 229
2284 168
2285 161
2286 159
2287 281
2288 205
2289 192
2290 173
2291 146
2292 131
2293 186
2294 185
2295 167
2296 231
2297 195
2298 170
2299 147
2300 137
2301 213
2302 164
2303 170
2304 213
2305 174
2306 158
2307 188
2308 166
2309 148
2310 200
2311 201
2312 194
2313 187
2314 202
2315 211
2316 184
2317 152
2318 171
2319 178
2320 272
2321 179
2322 160
2323 192
2324 185
2325 235
2326 199
2327 200
2328 141
2329 152
2330 165
2331 179
2332 176
2333 167
2334 180
2335 198
2336 150
2337 152
2338 183
2339 109
2340 127
2341 169
2342 202
2343 161
2344 158
2345 222
2346 107
2347 149
2348 164
2349 213
2350 165
2351 180
2352 157
2353 188
2354 176
2355 200
2356 183
2357 158
2358 195
2359 168
2360 189
2361 224
2362 225
2363 182
2364 233
2365 176
2366 156
2367 176
2368 139
2369 149
2370 197
2371 116
2372 198
2373 210
2374 214
2375 135
2376 195
2377 154
2378 191
2379 35
2380 151
2381 182
2382 204
2383 200
2384 204
2385 180
2386 105
2387 139
2388 210
2389 206
2390 197
2391 233
2392 197
2393 193
2394 117
2395 233
2396 153
2397 188
2398 222
2399 179
2400 217
2401 205
2402 248
2403 177
2404 183
2405 180
2406 157
2407 177
2408 185
2409 221
2410 221
2411 171
2412 153
2413 192
2414 180
2415 227
2416 152
2417 122
2418 177
2419 212
2420 258
2421 191
2422 194
2423 171
2424 151
2425 178
2426 217
2427 196
2428 244
2429 164
2430 186
2431 198
2432 179
2433 170
2434 149
2435 199
2436 159
2437 206
2438 200
2439 167
2440 159
2441 156
2442 232
2443 208
2444 248
2445 146
2446 176
2447 201
2448 180
2449 209
2450 166
2451 170
2452 168
2453 189
2454 264
2455 229
2456 153
2457 189
2458 198
2459 181
2460 196
2461 206
2462 249
2463 160
2464 170
2465 179
2466 172
2467 238
2468 191
2469 203
2470 94
2471 243
2472 182
2473 200
2474 213
2475 190
2476 134
2477 191
2478 144
2479 193
2480 164
2481 165
2482 204
2483 165
2484 244
2485 207
2486 233
2487 138
2488 182
2489 179
2490 168
2491 199
2492 164
2493 191
2494 154
2495 118
2496 174
2497 191
2498 177
2499 169
2500 166
2501 143
2502 196
2503 174
2504 206
2505 210
2506 203
2507 216
2508 147
2509 157
2510 185
2511 186
2512 170
2513 182
2514 177
2515 260
2516 172
2517 190
2518 235
2519 196
2520 175
2521 155
2522 157
2523 222
2524 224
2525 156
2526 211
2527 173
2528 171
2529 162
2530 146
2531 167
2532 154
2533 153
2534 171
2535 164
2536 192
2537 202
2538 82
2539 84
2540 207
2541 165
2542 207
2543 150
2544 188
2545 83
2546 187
2547 151
2548 0
2549 136
2550 188
2551 200
2552 166
2553 200
2554 180
2555 170
2556 195
2557 177
2558 146
2559 214
2560 0
2561 242
2562 164
2563 143
2564 153
2565 232
2566 124
2567 151
2568 175
2569 168
2570 182
2571 207
2572 112
2573 179
2574 189
2575 196
2576 158
2577 172
2578 104
2579 157
2580 182
2581 215
2582 242
2583 161
2584 165
2585 159
2586 199
2587 250
2588 211
2589 216
2590 176
2591 191
2592 174
2593 169
2594 145
2595 133
2596 181
2597 188
2598 209
2599 244
2600 171
2601 163
2602 201
2603 196
2604 171
2605 270
2606 209
2607 212
2608 0
2609 191
2610 144
2611 192
2612 155
2613 139
2614 206
2615 159
2616 150
2617 180
2618 196
2619 180
2620 66
2621 157
2622 141
2623 226
2624 215
2625 188
2626 211
2627 205
2628 187
2629 196
2630 166
2631 185
2632 195
2633 174
2634 213
2635 176
2636 169
2637 0
2638 160
2639 164
2640 184
2641 193
2642 207
2643 167
2644 190
2645 71
2646 194
2647 177
2648 214
2649 167
2650 300
2651 178
2652 130
2653 165
2654 186
2655 231
2656 101
2657 215
2658 89
2659 117
2660 192
2661 179
2662 192
2663 183
2664 189
2665 196
2666 175
2667 222
2668 221
2669 172
2670 191
2671 149
2672 171
2673 187
2674 278
2675 191
2676 228
2677 194
2678 184
2679 166
2680 142
2681 162
2682 223
2683 194
2684 229
2685 175
2686 146
2687 123
2688 167
2689 184
2690 188
2691 113
2692 219
2693 108
2694 174
2695 198
2696 179
2697 231
2698 196
2699 258
2700 164
2701 184
2702 183
2703 194
2704 196
2705 192
2706 172
2707 159
2708 186
2709 131
2710 82
2711 199
2712 158
2713 158
2714 166
2715 188
2716 184
2717 218
2718 174
2719 247
2720 241
2721 104
2722 138
2723 153
2724 145
2725 200
2726 160
2727 199
2728 163
2729 181
2730 100
2731 181
2732 219
2733 177
2734 98
2735 139
2736 154
2737 241
2738 126
2739 185
2740 185
2741 167
2742 171
2743 248
2744 144
2745 152
2746 138
2747 168
2748 139
2749 141
2750 214
2751 198
2752 128
2753 166
2754 177
2755 170
2756 212
2757 201
2758 172
2759 125
2760 132
2761 169
2762 139
2763 190
2764 194
2765 200
2766 215
2767 164
2768 188
2769 128
2770 194
2771 124
2772 173
2773 228
2774 156
2775 146
2776 198
2777 166
2778 219
2779 217
2780 232
2781 169
2782 142
2783 188
2784 156
2785 201
2786 172
2787 214
2788 96
2789 158
2790 157
2791 181
2792 195
2793 192
2794 205
2795 221
2796 227
2797 169
2798 157
2799 183
2800 125
2801 153
2802 212
2803 213
2804 140
2805 246
2806 120
2807 233
2808 99
2809 133
2810 232
2811 178
2812 160
2813 192
2814 213
2815 175
2816 202
2817 111
2818 111
2819 160
2820 163
2821 179
2822 159
2823 184
2824 214
2825 181
2826 178
2827 193
2828 180
2829 213
2830 226
2831 145
2832 145
2833 209
2834 156
2835 187
2836 179
2837 140
2838 158
2839 198
2840 201
2841 226
2842 187
2843 225
2844 223
2845 223
2846 178
2847 155
2848 200
2849 168
2850 172
2851 129
2852 165
2853 137
2854 173
2855 174
2856 165
2857 138
2858 154
2859 137
2860 137
2861 186
2862 174
2863 157
2864 173
2865 179
2866 167
2867 171
2868 173
2869 203
2870 176
2871 232
2872 184
2873 178
2874 196
2875 160
2876 212
2877 179
2878 184
2879 176
2880 214
2881 225
2882 165
2883 191
2884 142
2885 173
2886 209
2887 113
2888 200
2889 171
2890 99
2891 200
2892 160
2893 191
2894 143
2895 183
2896 185
2897 168
2898 143
2899 194
2900 189
2901 145
2902 223
2903 151
2904 244
2905 187
2906 164
2907 162
2908 120
2909 178
2910 226
2911 223
2912 99
2913 182
2914 168
2915 208
2916 149
2917 162
2918 161
2919 98
2920 220
2921 211
2922 204
2923 193
2924 168
2925 172
2926 230
2927 191
2928 209
2929 169
2930 190
2931 141
2932 122
2933 160
2934 182
2935 132
2936 183
2937 188
2938 194
2939 283
2940 212
2941 157
2942 200
2943 133
2944 172
2945 238
2946 254
2947 193
2948 167
2949 77
2950 207
2951 191
2952 191
2953 156
2954 171
2955 189
2956 198
2957 172
2958 176
2959 148
2960 177
2961 183
2962 138
2963 169
2964 134
2965 144
2966 189
2967 168
2968 174
2969 194
2970 163
2971 159
2972 196
2973 120
2974 160
2975 154
2976 174
2977 153
2978 187
2979 127
2980 157
2981 153
2982 177
2983 169
2984 178
2985 206
2986 138
2987 98
2988 225
2989 128
2990 141
2991 224
2992 180
2993 140
2994 164
2995 230
2996 148
2997 200
2998 216
2999 168
3000 210
3001 182
3002 169
3003 208
3004 143
3005 226
3006 169
3007 158
3008 156
3009 173
3010 242
3011 203
3012 133
3013 160
3014 184
3015 193
3016 259
3017 182
3018 157
3019 118
3020 218
3021 251
3022 106
3023 165
3024 180
3025 154
3026 163
3027 180
3028 178
3029 197
3030 157
3031 177
3032 198
3033 235
3034 152
3035 164
3036 111
3037 180
3038 254
3039 167
3040 150
3041 242
3042 166
3043 125
3044 203
3045 144
3046 158
3047 160
3048 183
3049 150
3050 115
3051 154
3052 171
3053 188
3054 179
3055 164
3056 153
3057 161
3058 218
3059 178
3060 173
3061 162
3062 176
3063 169
3064 138
3065 75
3066 161
3067 193
3068 227
3069 189
3070 165
3071 219
3072 163
3073 136
3074 176
3075 171
3076 274
3077 150
3078 187
3079 166
3080 156
3081 141
3082 129
3083 217
3084 104
3085 0
3086 194
3087 205
3088 256
3089 174
3090 194
3091 114
3092 190
3093 135
3094 136
3095 228
3096 156
3097 215
3098 190
3099 229
3100 194
3101 204
3102 194
3103 198
3104 221
3105 202
3106 165
3107 214
3108 170
3109 191
3110 132
3111 181
3112 172
3113 189
3114 146
3115 199
3116 208
3117 152
3118 150
3119 194
3120 194
3121 191
3122 207
3123 187
3124 154
3125 121
3126 219
3127 62
3128 204
3129 170
3130 200
3131 234
3132 164
3133 168
3134 185
3135 201
3136 168
3137 178
3138 200
3139 77
3140 161
3141 162
3142 137
3143 210
3144 186
3145 168
3146 169
3147 206
3148 169
3149 133
3150 152
3151 184
3152 138
3153 172
3154 168
3155 144
3156 158
3157 172
3158 189
3159 217
3160 168
3161 178
3162 195
3163 132
3164 191
3165 96
3166 172
3167 202
3168 186
3169 190
3170 103
3171 178
3172 162
3173 170
3174 167
3175 196
3176 185
3177 200
3178 295
3179 111
3180 180
3181 194
3182 160
3183 179
3184 148
3185 125
3186 243
3187 253
3188 208
3189 159
3190 0
3191 181
3192 191
3193 106
3194 57
3195 172
3196 136
3197 195
3198 219
3199 190
3200 126
3201 251
3202 178
3203 210
3204 114
3205 175
3206 117
3207 172
3208 164
3209 212
3210 255
3211 145
3212 129
3213 190
3214 207
3215 193
3216 161
3217 173
3218 207
3219 204
3220 105
3221 185
3222 178
3223 190
3224 145
3225 199
3226 249
3227 184
3228 160
3229 150
3230 155
3231 135
3232 188
3233 181
3234 164
3235 205
3236 187
3237 94
3238 62
3239 236
3240 154
3241 171
3242 132
3243 174
3244 155
3245 210
3246 218
3247 169
3248 166
3249 189
3250 160
3251 208
3252 264
3253 138
3254 213
3255 119
3256 184
3257 156
3258 142
3259 206
3260 161
3261 197
3262 183
3263 185
3264 154
3265 170
3266 192
3267 155
3268 197
3269 162
3270 212
3271 194
3272 177
3273 195
3274 124
3275 202
3276 132
3277 160
3278 48
3279 108
3280 139
3281 208
3282 170
3283 235
3284 182
3285 217
3286 206
3287 172
3288 137
3289 139
3290 214
3291 164
3292 213
3293 187
3294 157
3295 144
3296 193
3297 177
3298 260
3299 192
3300 164
3301 115
3302 183
3303 188
3304 228
3305 170
3306 113
3307 194
3308 218
3309 192
3310 208
3311 214
3312 131
3313 175
3314 164
3315 156
3316 120
3317 152
3318 267
3319 180
3320 161
3321 169
3322 110
3323 93
3324 164
3325 152
3326 153
3327 120
3328 164
3329 189
3330 211
3331 188
3332 178
3333 223
3334 221
3335 203
3336 175
3337 177
3338 177
3339 222
3340 155
3341 162
3342 202
3343 152
3344 200
3345 168
3346 219
3347 260
3348 202
3349 169
3350 189
3351 150
3352 188
3353 126
3354 222
3355 179
3356 265
3357 177
3358 93
3359 120
3360 187
3361 215
3362 203
3363 185
3364 151
3365 213
3366 171
3367 163
3368 181
3369 175
3370 148
3371 218
3372 142
3373 191
3374 207
3375 201
3376 165
3377 187
3378 184
3379 210
3380 156
3381 222
3382 185
3383 168
3384 216
3385 164
3386 156
3387 228
3388 109
3389 171
3390 174
3391 158
3392 213
3393 204
3394 158
3395 91
3396 187
3397 226
3398 165
3399 195
3400 177
3401 186
3402 179
3403 132
3404 158
3405 208
3406 185
3407 144
3408 154
3409 193
3410 180
3411 262
3412 148
3413 132
3414 167
3415 174
3416 221
3417 159
3418 177
3419 164
3420 199
3421 226
3422 225
3423 167
3424 173
3425 143
3426 165
3427 238
3428 187
3429 182
3430 124
3431 259
3432 169
3433 158
3434 216
3435 177
3436 154
3437 113
3438 210
3439 224
3440 156
3441 168
3442 83
3443 143
3444 173
3445 111
3446 150
3447 212
3448 180
3449 195
3450 189
3451 235
3452 218
3453 156
3454 162
3455 200
3456 225
3457 266
3458 115
3459 114
3460 165
3461 262
3462 152
3463 187
3464 158
3465 152
3466 205
3467 123
3468 145
3469 191
3470 195
3471 191
3472 227
3473 174
3474 195
3475 169
3476 174
3477 194
3478 188
3479 181
3480 137
3481 202
3482 235
3483 181
3484 170
3485 159
3486 171
3487 170
3488 243
3489 209
3490 138
3491 122
3492 180
3493 225
3494 190
3495 121
3496 145
3497 188
3498 153
3499 121
3500 196
3501 136
3502 156
3503 218
3504 138
3505 177
3506 218
3507 177
3508 193
3509 171
3510 198
3511 158
3512 275
3513 206
3514 168
3515 206
3516 181
3517 241
3518 251
3519 161
3520 147
3521 191
3522 165
3523 182
3524 196
3525 181
3526 175
3527 195
3528 197
3529 140
3530 172
3531 211
3532 168
3533 185
3534 199
3535 145
3536 101
3537 143
3538 118
3539 214
3540 157
3541 189
3542 207
3543 228
3544 190
3545 161
3546 162
3547 206
3548 219
3549 230
3550 247
3551 182
3552 144
3553 178
3554 240
3555 102
3556 214
3557 211
3558 189
3559 192
3560 216
3561 269
3562 207
3563 92
3564 187
3565 182
3566 152
3567 247
3568 145
3569 206
3570 196
3571 119
3572 213
3573 170
3574 211
3575 226
3576 136
3577 151
3578 149
3579 185
3580 196
3581 128
3582 160
3583 190
3584 135
3585 120
3586 213
3587 276
3588 229
3589 227
3590 158
3591 162
3592 196
3593 145
3594 222
3595 220
3596 188
3597 171
3598 172
3599 145
3600 179
3601 176
3602 204
3603 197
3604 195
3605 219
3606 206
3607 214
3608 114
3609 178
3610 167
3611 189
3612 187
3613 0
3614 136
3615 203
3616 204
3617 194
3618 186
3619 207
3620 155
3621 207
3622 163
3623 178
3624 217
3625 226
3626 167
3627 220
3628 188
3629 196
3630 121
3631 101
3632 148
3633 184
3634 188
3635 145
3636 165
3637 264
3638 111
3639 102
3640 190
3641 176
3642 138
3643 211
3644 221
3645 160
3646 235
3647 169
3648 144
3649 183
3650 179
3651 224
3652 181
3653 154
3654 187
3655 148
3656 155
3657 258
3658 181
3659 149
3660 179
3661 182
3662 217
3663 170
3664 174
3665 155
3666 151
3667 189
3668 169
3669 159
3670 197
3671 213
3672 128
3673 180
3674 202
3675 205
3676 195
3677 189
3678 206
3679 151
3680 255
3681 156
3682 209
3683 203
3684 151
3685 209
3686 184
3687 184
3688 177
3689 145
3690 158
3691 187
3692 150
3693 147
3694 164
3695 128
3696 141
3697 176
3698 234
3699 222
3700 162
3701 151
3702 118
3703 214
3704 214
3705 164
3706 152
3707 173
3708 213
3709 186
3710 215
3711 223
3712 118
3713 154
3714 174
3715 153
3716 190
3717 183
3718 178
3719 177
3720 181
3721 242
3722 210
3723 248
3724 235
3725 163
3726 156
3727 144
3728 151
3729 171
3730 147
3731 204
3732 216
3733 195
3734 172
3735 160
3736 140
3737 192
3738 140
3739 188
3740 207
3741 168
3742 135
3743 235
3744 136
3745 151
3746 194
3747 170
3748 237
3749 162
3750 177
3751 222
3752 193
3753 161
3754 149
3755 220
3756 197
3757 278
3758 200
3759 192
3760 171
3761 167
3762 190
3763 184
3764 161
3765 153
3766 202
3767 180
3768 155
3769 148
3770 178
3771 144
3772 156
3773 189
3774 151
3775 124
3776 193
3777 188
3778 256
3779 165
3780 230
3781 145
3782 186
3783 176
3784 230
3785 122
3786 144
3787 192
3788 137
3789 166
3790 191
3791 183
3792 202
3793 188
3794 234
3795 110
3796 206
3797 212
3798 102
3799 124
3800 194
3801 142
3802 189
3803 176
3804 175
3805 159
3806 124
3807 158
3808 178
3809 186
3810 176
3811 161
3812 133
3813 190
3814 137
3815 233
3816 179
3817 195
3818 158
3819 184
3820 171
3821 219
3822 189
3823 192
3824 199
3825 207
3826 159
3827 217
3828 205
3829 225
3830 156
3831 203
3832 92
3833 140
3834 173
3835 145
3836 209
3837 208
3838 206
3839 235
3840 184
3841 176
3842 171
3843 242
3844 190
3845 191
3846 142
3847 172
3848 170
3849 213
3850 219
3851 244
3852 173
3853 206
3854 168
3855 176
3856 214
3857 152
3858 217
3859 95
3860 0
3861 126
3862 157
3863 188
3864 166
3865 169
3866 207
3867 194
3868 158
3869 176
3870 243
3871 225
3872 147
3873 197
3874 145
3875 135
3876 155
3877 261
3878 180
3879 146
3880 196
3881 173
3882 126
3883 247
3884 178
3885 182
3886 198
3887 163
3888 199
3889 183
3890 277
3891 172
3892 173
3893 222
3894 158
3895 179
3896 209
3897 152
3898 176
3899 143
3900 49
3901 206
3902 155
3903 186
3904 203
3905 146
3906 186
3907 103
3908 135
3909 209
3910 217
3911 215
3912 166
3913 163
3914 190
3915 209
3916 187
3917 176
3918 128
3919 206
3920 273
3921 136
3922 144
3923 189
3924 181
3925 205
3926 164
3927 179
3928 223
3929 170
3930 203
3931 152
3932 181
3933 217
3934 214
3935 146
3936 238
3937 170
3938 187
3939 210
3940 196
3941 175
3942 133
3943 217
3944 170
3945 163
3946 147
3947 203
3948 188
3949 213
3950 185
3951 211
3952 125
3953 260
3954 169
3955 204
3956 142
3957 165
3958 152
3959 177
3960 191
3961 176
3962 183
3963 200
3964 226
3965 114
3966 139
3967 137
3968 167
3969 159
3970 159
3971 179
3972 157
3973 217
3974 137
3975 162
3976 139
3977 145
3978 151
3979 130
3980 181
3981 194
3982 179
3983 126
3984 156
3985 218
3986 234
3987 200
3988 139
3989 208
3990 245
3991 244
3992 200
3993 152
3994 162
3995 137
3996 171
3997 163
3998 125
3999 210
4000 199
4001 151
4002 219
4003 146
4004 200
4005 204
4006 210
4007 145
4008 220
4009 114
4010 174
4011 150
4012 183
4013 133
4014 153
4015 167
4016 147
4017 198
4018 106
4019 142
4020 129
4021 195
4022 294
4023 177
4024 157
4025 182
4026 196
4027 176
4028 114
4029 152
4030 188
4031 176
4032 178
4033 185
4034 197
4035 175
4036 163
4037 201
4038 162
4039 218
4040 216
4041 244
4042 172
4043 133
4044 197
4045 158
4046 187
4047 188
4048 223
4049 187
4050 196
4051 184
4052 138
4053 226
4054 151
4055 199
4056 166
4057 167
4058 179
4059 202
4060 196
4061 151
4062 150
4063 247
4064 213
4065 164
4066 221
4067 179
4068 189
4069 87
4070 178
4071 202
4072 180
4073 249
4074 156
4075 223
4076 291
4077 142
4078 177
4079 189
4080 133
4081 210
4082 146
4083 206
4084 126
4085 161
4086 169
4087 199
4088 164
4089 164
4090 209
4091 216
4092 173
4093 155
4094 196
4095 160
4096 173
4097 317
4098 177
4099 172
