Vertices: 9400
Edges: 47000
Time: 2,285 ms
Iterations: 46720
Vertex Distance
0 0
1 221
2 172
3 234
4 284
5 211
6 205
7 178
8 236
9 248
10 165
11 225
12 260
13 217
14 224
15 220
16 190
17 229
18 285
19 219
20 172
21 212
22 232
23 223
24 283
25 143
26 217
27 246
28 218
29 183
30 180
31 291
32 208
33 241
34 209
35 222
36 239
37 250
38 231
39 228
40 178
41 229
42 216
43 225
44 222
45 184
46 211
47 227
48 249
49 207
50 211
51 216
52 210
53 226
54 212
55 161
56 226
57 226
58 196
59 235
60 260
61 176
62 208
63 313
64 261
65 228
66 222
67 227
68 237
69 198
70 201
71 218
72 246
73 170
74 181
75 247
76 151
77 232
78 208
79 235
80 209
81 201
82 188
83 197
84 251
85 190
86 181
87 190
88 235
89 232
90 224
91 166
92 198
93 259
94 169
95 192
96 298
97 240
98 168
99 233
100 200
101 254
102 249
103 228
104 224
105 162
106 260
107 211
108 179
109 194
110 228
111 251
112 274
113 253
114 254
115 258
116 256
117 215
118 282
119 240
120 195
121 149
122 210
123 240
124 284
125 211
126 210
127 192
128 212
129 260
130 282
131 186
132 234
133 237
134 207
135 263
136 235
137 244
138 222
139 250
140 200
141 205
142 232
143 164
144 253
145 283
146 216
147 235
148 222
149 229
150 219
151 232
152 203
153 196
154 194
155 258
156 150
157 195
158 203
159 227
160 195
161 128
162 209
163 169
164 182
165 215
166 225
167 254
168 200
169 200
170 202
171 213
172 257
173 245
174 219
175 249
176 234
177 271
178 221
179 271
180 258
181 194
182 215
183 246
184 223
185 244
186 184
187 228
188 271
189 282
190 226
191 215
192 195
193 217
194 192
195 234
196 209
197 223
198 268
199 219
200 218
201 224
202 198
203 265
204 253
205 206
206 228
207 202
208 222
209 165
210 254
211 234
212 210
213 201
214 242
215 174
216 196
217 248
218 215
219 238
220 282
221 259
222 232
223 228
224 211
225 258
226 216
227 260
228 230
229 228
230 242
231 201
232 226
233 251
234 235
235 214
236 228
237 246
238 212
239 237
240 236
241 220
242 262
243 202
244 188
245 262
246 197
247 220
248 190
249 208
250 237
251 250
252 214
253 240
254 250
255 195
256 188
257 207
258 169
259 248
260 238
261 218
262 206
263 271
264 260
265 312
266 188
267 275
268 227
269 231
270 179
271 331
272 271
273 243
274 167
275 209
276 212
277 317
278 265
279 195
280 170
281 148
282 234
283 185
284 180
285 256
286 252
287 231
288 187
289 256
290 220
291 225
292 243
293 252
294 216
295 239
296 209
297 228
298 200
299 217
300 217
301 239
302 200
303 178
304 241
305 224
306 218
307 230
308 205
309 89
310 160
311 233
312 217
313 187
314 238
315 205
316 242
317 211
318 221
319 210
320 195
321 164
322 276
323 247
324 271
325 272
326 322
327 216
328 275
329 188
330 166
331 292
332 274
333 221
334 239
335 278
336 277
337 224
338 206
339 217
340 244
341 204
342 166
343 187
344 229
345 257
346 209
347 147
348 212
349 220
350 244
351 219
352 232
353 253
354 254
355 270
356 241
357 264
358 252
359 329
360 234
361 231
362 259
363 250
364 194
365 212
366 193
367 276
368 232
369 229
370 156
371 252
372 241
373 120
374 204
375 241
376 240
377 189
378 214
379 179
380 210
381 198
382 235
383 219
384 246
385 210
386 261
387 240
388 206
389 230
390 233
391 189
392 287
393 222
394 236
395 157
396 281
397 113
398 250
399 218
400 239
401 238
402 234
403 231
404 194
405 155
406 281
407 204
408 219
409 238
410 247
411 191
412 194
413 206
414 163
415 220
416 201
417 235
418 217
419 362
420 222
421 205
422 220
423 243
424 180
425 219
426 241
427 246
428 256
429 200
430 291
431 186
432 237
433 235
434 151
435 180
436 258
437 197
438 208
439 224
440 207
441 217
442 223
443 241
444 251
445 235
446 223
447 224
448 187
449 213
450 252
451 181
452 189
453 216
454 222
455 314
456 266
457 272
458 201
459 263
460 219
461 258
462 262
463 233
464 271
465 214
466 233
467 233
468 208
469 173
470 206
471 255
472 179
473 244
474 222
475 143
476 162
477 214
478 262
479 227
480 246
481 148
482 172
483 264
484 228
485 216
486 211
487 250
488 207
489 261
490 218
491 211
492 247
493 197
494 170
495 207
496 228
497 228
498 267
499 175
500 224
501 219
502 310
503 262
504 211
505 261
506 226
507 252
508 218
509 294
510 217
511 234
512 238
513 235
514 222
515 249
516 263
517 250
518 297
519 223
520 196
521 249
522 202
523 157
524 162
525 203
526 260
527 197
528 258
529 280
530 203
531 158
532 264
533 234
534 189
535 230
536 241
537 214
538 255
539 369
540 196
541 216
542 250
543 255
544 237
545 191
546 277
547 164
548 215
549 254
550 165
551 203
552 186
553 235
554 206
555 195
556 241
557 182
558 238
559 223
560 258
561 298
562 228
563 0
564 251
565 211
566 255
567 255
568 271
569 192
570 123
571 207
572 224
573 167
574 221
575 241
576 229
577 211
578 213
579 246
580 250
581 188
582 209
583 232
584 226
585 183
586 170
587 238
588 165
589 187
590 143
591 240
592 253
593 191
594 281
595 243
596 235
597 218
598 212
599 209
600 256
601 122
602 225
603 271
604 186
605 142
606 242
607 229
608 150
609 220
610 255
611 248
612 223
613 207
614 271
615 254
616 237
617 237
618 194
619 161
620 231
621 249
622 177
623 181
624 237
625 236
626 185
627 234
628 218
629 226
630 231
631 164
632 257
633 206
634 205
635 244
636 235
637 211
638 243
639 230
640 234
641 129
642 207
643 244
644 217
645 238
646 146
647 246
648 315
649 252
650 220
651 201
652 197
653 280
654 229
655 208
656 212
657 199
658 250
659 224
660 253
661 114
662 220
663 236
664 189
665 217
666 272
667 209
668 216
669 210
670 207
671 301
672 276
673 210
674 187
675 192
676 240
677 236
678 243
679 210
680 247
681 207
682 258
683 200
684 279
685 238
686 191
687 224
688 232
689 224
690 250
691 183
692 227
693 218
694 278
695 318
696 232
697 232
698 222
699 187
700 217
701 213
702 191
703 229
704 250
705 196
706 276
707 251
708 252
709 250
710 200
711 225
712 299
713 165
714 258
715 215
716 179
717 256
718 211
719 271
720 251
721 214
722 226
723 256
724 251
725 236
726 195
727 231
728 160
729 248
730 192
731 214
732 257
733 243
734 276
735 257
736 213
737 224
738 160
739 205
740 246
741 270
742 213
743 203
744 194
745 197
746 237
747 291
748 186
749 183
750 209
751 226
752 155
753 177
754 219
755 202
756 211
757 233
758 242
759 192
760 309
761 214
762 203
763 208
764 268
765 216
766 202
767 259
768 298
769 257
770 230
771 256
772 221
773 199
774 207
775 226
776 200
777 205
778 201
779 278
780 239
781 212
782 210
783 236
784 136
785 264
786 193
787 250
788 273
789 238
790 252
791 188
792 179
793 176
794 229
795 182
796 260
797 210
798 272
799 226
800 222
801 250
802 253
803 180
804 255
805 238
806 210
807 234
808 183
809 265
810 228
811 286
812 245
813 192
814 228
815 260
816 211
817 270
818 234
819 225
820 204
821 232
822 223
823 161
824 252
825 221
826 265
827 215
828 245
829 196
830 202
831 253
832 254
833 225
834 257
835 341
836 235
837 157
838 233
839 256
840 200
841 246
842 275
843 210
844 267
845 180
846 209
847 169
848 233
849 199
850 233
851 0
852 248
853 206
854 230
855 174
856 311
857 192
858 309
859 290
860 166
861 284
862 155
863 248
864 275
865 215
866 228
867 176
868 244
869 290
870 260
871 252
872 230
873 199
874 176
875 262
876 229
877 151
878 211
879 238
880 276
881 272
882 169
883 286
884 253
885 189
886 237
887 207
888 240
889 197
890 181
891 197
892 310
893 273
894 279
895 240
896 224
897 210
898 220
899 244
900 214
901 225
902 237
903 236
904 208
905 243
906 217
907 195
908 182
909 224
910 236
911 247
912 91
913 212
914 155
915 260
916 243
917 226
918 208
919 245
920 292
921 210
922 252
923 239
924 228
925 233
926 220
927 213
928 203
929 219
930 187
931 250
932 212
933 245
934 220
935 213
936 230
937 200
938 222
939 238
940 297
941 246
942 259
943 158
944 221
945 287
946 235
947 250
948 214
949 192
950 190
951 215
952 235
953 215
954 219
955 227
956 315
957 176
958 249
959 184
960 180
961 195
962 200
963 240
964 162
965 235
966 265
967 193
968 193
969 229
970 238
971 230
972 213
973 243
974 234
975 202
976 217
977 223
978 158
979 246
980 187
981 263
982 238
983 213
984 248
985 214
986 256
987 302
988 228
989 150
990 198
991 187
992 255
993 209
994 190
995 208
996 186
997 213
998 242
999 218
1000 277
1001 263
1002 233
1003 233
1004 304
1005 219
1006 275
1007 256
1008 244
1009 143
1010 240
1011 220
1012 243
1013 160
1014 252
1015 235
1016 207
1017 245
1018 175
1019 199
1020 239
1021 196
1022 245
1023 187
1024 236
1025 271
1026 145
1027 297
1028 186
1029 221
1030 189
1031 144
1032 180
1033 218
1034 229
1035 253
1036 172
1037 293
1038 164
1039 192
1040 232
1041 280
1042 212
1043 221
1044 223
1045 231
1046 222
1047 115
1048 242
1049 221
1050 190
1051 204
1052 228
1053 227
1054 265
1055 254
1056 259
1057 267
1058 299
1059 233
1060 261
1061 187
1062 321
1063 253
1064 312
1065 247
1066 238
1067 232
1068 240
1069 217
1070 265
1071 212
1072 262
1073 233
1074 216
1075 207
1076 229
1077 176
1078 231
1079 228
1080 223
1081 239
1082 237
1083 225
1084 196
1085 241
1086 305
1087 186
1088 223
1089 0
1090 265
1091 209
1092 222
1093 216
1094 209
1095 231
1096 241
1097 244
1098 206
1099 216
1100 226
1101 260
1102 177
1103 318
1104 230
1105 210
1106 300
1107 254
1108 230
1109 222
1110 219
1111 196
1112 244
1113 168
1114 144
1115 236
1116 150
1117 208
1118 294
1119 236
1120 206
1121 229
1122 214
1123 263
1124 236
1125 168
1126 233
1127 0
1128 230
1129 213
1130 249
1131 238
1132 240
1133 217
1134 235
1135 223
1136 64
1137 215
1138 204
1139 181
1140 175
1141 236
1142 110
1143 221
1144 300
1145 196
1146 247
1147 208
1148 255
1149 275
1150 230
1151 246
1152 273
1153 291
1154 212
1155 164
1156 228
1157 0
1158 202
1159 224
1160 244
1161 184
1162 244
1163 240
1164 210
1165 222
1166 207
1167 260
1168 218
1169 204
1170 245
1171 200
1172 187
1173 236
1174 252
1175 234
1176 178
1177 197
1178 231
1179 233
1180 237
1181 238
1182 120
1183 201
1184 262
1185 206
1186 212
1187 0
1188 258
1189 254
1190 264
1191 249
1192 280
1193 265
1194 199
1195 202
1196 211
1197 194
1198 220
1199 235
1200 192
1201 341
1202 235
1203 177
1204 263
1205 227
1206 279
1207 226
1208 218
1209 244
1210 198
1211 207
1212 233
1213 256
1214 252
1215 195
1216 242
1217 183
1218 212
1219 182
1220 255
1221 115
1222 269
1223 372
1224 268
1225 226
1226 228
1227 171
1228 185
1229 246
1230 213
1231 191
1232 204
1233 165
1234 145
1235 193
1236 200
1237 192
1238 224
1239 232
1240 249
1241 191
1242 184
1243 196
1244 228
1245 193
1246 183
1247 235
1248 256
1249 303
1250 225
1251 260
1252 246
1253 330
1254 252
1255 215
1256 170
1257 292
1258 238
1259 236
1260 215
1261 273
1262 230
1263 248
1264 228
1265 251
1266 254
1267 230
1268 231
1269 207
1270 170
1271 242
1272 189
1273 239
1274 219
1275 266
1276 233
1277 165
1278 175
1279 181
1280 226
1281 265
1282 284
1283 223
1284 169
1285 170
1286 206
1287 235
1288 158
1289 176
1290 215
1291 247
1292 278
1293 170
1294 195
1295 172
1296 210
1297 246
1298 251
1299 240
1300 227
1301 313
1302 227
1303 206
1304 258
1305 223
1306 263
1307 193
1308 227
1309 243
1310 267
1311 212
1312 293
1313 208
1314 162
1315 187
1316 218
1317 260
1318 252
1319 193
1320 216
1321 171
1322 74
1323 254
1324 244
1325 219
1326 230
1327 193
1328 214
1329 259
1330 237
1331 214
1332 220
1333 232
1334 195
1335 183
1336 235
1337 232
1338 249
1339 274
1340 197
1341 251
1342 231
1343 259
1344 190
1345 123
1346 210
1347 258
1348 194
1349 242
1350 216
1351 215
1352 253
1353 225
1354 209
1355 236
1356 222
1357 213
1358 184
1359 243
1360 229
1361 219
1362 229
1363 268
1364 180
1365 226
1366 281
1367 310
1368 210
1369 189
1370 315
1371 249
1372 268
1373 272
1374 248
1375 241
1376 154
1377 208
1378 141
1379 281
1380 212
1381 283
1382 211
1383 281
1384 268
1385 196
1386 252
1387 305
1388 166
1389 205
1390 221
1391 220
1392 148
1393 161
1394 180
1395 166
1396 220
1397 189
1398 235
1399 124
1400 256
1401 244
1402 232
1403 205
1404 209
1405 107
1406 218
1407 255
1408 220
1409 211
1410 234
1411 204
1412 223
1413 198
1414 268
1415 269
1416 235
1417 195
1418 280
1419 178
1420 244
1421 230
1422 185
1423 233
1424 266
1425 252
1426 299
1427 215
1428 221
1429 265
1430 180
1431 193
1432 218
1433 243
1434 237
1435 234
1436 268
1437 257
1438 0
1439 248
1440 244
1441 208
1442 256
1443 190
1444 229
1445 244
1446 237
1447 275
1448 243
1449 204
1450 202
1451 214
1452 233
1453 262
1454 338
1455 337
1456 233
1457 251
1458 242
1459 236
1460 248
1461 268
1462 223
1463 233
1464 171
1465 242
1466 201
1467 236
1468 196
1469 167
1470 240
1471 246
1472 262
1473 248
1474 225
1475 231
1476 232
1477 290
1478 238
1479 207
1480 218
1481 242
1482 242
1483 189
1484 249
1485 237
1486 229
1487 336
1488 287
1489 251
1490 240
1491 217
1492 296
1493 174
1494 245
1495 299
1496 225
1497 253
1498 161
1499 273
1500 258
1501 290
1502 176
1503 185
1504 232
1505 178
1506 159
1507 248
1508 190
1509 264
1510 230
1511 170
1512 254
1513 214
1514 197
1515 251
1516 221
1517 227
1518 221
1519 253
1520 227
1521 358
1522 293
1523 225
1524 266
1525 241
1526 207
1527 238
1528 206
1529 236
1530 234
1531 185
1532 238
1533 221
1534 253
1535 253
1536 231
1537 278
1538 127
1539 259
1540 250
1541 242
1542 224
1543 206
1544 202
1545 192
1546 253
1547 229
1548 266
1549 283
1550 253
1551 242
1552 269
1553 232
1554 198
1555 221
1556 211
1557 224
1558 213
1559 211
1560 253
1561 234
1562 263
1563 282
1564 210
1565 223
1566 207
1567 276
1568 252
1569 178
1570 280
1571 179
1572 275
1573 211
1574 266
1575 219
1576 257
1577 259
1578 266
1579 230
1580 236
1581 251
1582 233
1583 226
1584 195
1585 283
1586 201
1587 238
1588 229
1589 267
1590 224
1591 233
1592 251
1593 219
1594 152
1595 217
1596 249
1597 248
1598 247
1599 183
1600 210
1601 198
1602 168
1603 237
1604 280
1605 197
1606 249
1607 218
1608 285
1609 209
1610 285
1611 206
1612 247
1613 244
1614 204
1615 313
1616 225
1617 198
1618 216
1619 243
1620 246
1621 303
1622 244
1623 210
1624 164
1625 257
1626 250
1627 258
1628 245
1629 266
1630 236
1631 196
1632 218
1633 262
1634 164
1635 214
1636 238
1637 249
1638 177
1639 265
1640 252
1641 148
1642 249
1643 251
1644 192
1645 278
1646 239
1647 232
1648 236
1649 211
1650 234
1651 244
1652 225
1653 206
1654 279
1655 222
1656 199
1657 236
1658 291
1659 224
1660 249
1661 225
1662 262
1663 187
1664 214
1665 204
1666 253
1667 202
1668 239
1669 176
1670 181
1671 234
1672 206
1673 240
1674 195
1675 208
1676 222
1677 199
1678 184
1679 201
1680 58
1681 176
1682 215
1683 272
1684 236
1685 234
1686 224
1687 279
1688 284
1689 230
1690 244
1691 216
1692 213
1693 214
1694 198
1695 182
1696 238
1697 238
1698 194
1699 246
1700 288
1701 206
1702 261
1703 210
1704 268
1705 259
1706 210
1707 279
1708 230
1709 243
1710 185
1711 233
1712 234
1713 189
1714 271
1715 236
1716 249
1717 228
1718 264
1719 228
1720 215
1721 246
1722 216
1723 260
1724 251
1725 229
1726 180
1727 183
1728 242
1729 209
1730 257
1731 236
1732 255
1733 232
1734 295
1735 222
1736 274
1737 182
1738 272
1739 230
1740 232
1741 214
1742 180
1743 237
1744 216
1745 152
1746 131
1747 227
1748 329
1749 222
1750 239
1751 186
1752 254
1753 158
1754 234
1755 343
1756 257
1757 181
1758 287
1759 266
1760 223
1761 238
1762 221
1763 235
1764 233
1765 186
1766 227
1767 247
1768 215
1769 230
1770 254
1771 265
1772 183
1773 207
1774 212
1775 255
1776 213
1777 254
1778 246
1779 230
1780 221
1781 194
1782 241
1783 174
1784 220
1785 206
1786 198
1787 225
1788 181
1789 203
1790 225
1791 259
1792 189
1793 283
1794 266
1795 214
1796 249
1797 264
1798 207
1799 271
1800 236
1801 215
1802 250
1803 232
1804 257
1805 205
1806 181
1807 221
1808 222
1809 242
1810 219
1811 198
1812 229
1813 230
1814 189
1815 213
1816 227
1817 191
1818 147
1819 231
1820 178
1821 209
1822 193
1823 247
1824 225
1825 229
1826 215
1827 219
1828 243
1829 282
1830 191
1831 202
1832 249
1833 181
1834 237
1835 231
1836 242
1837 301
1838 258
1839 221
1840 224
1841 176
1842 231
1843 236
1844 217
1845 232
1846 243
1847 223
1848 269
1849 168
1850 228
1851 216
1852 159
1853 229
1854 160
1855 228
1856 268
1857 212
1858 211
1859 304
1860 260
1861 199
1862 231
1863 255
1864 251
1865 158
1866 215
1867 204
1868 137
1869 301
1870 265
1871 253
1872 238
1873 222
1874 146
1875 225
1876 205
1877 282
1878 283
1879 170
1880 256
1881 253
1882 264
1883 197
1884 224
1885 269
1886 235
1887 232
1888 212
1889 246
1890 241
1891 225
1892 174
1893 0
1894 240
1895 244
1896 155
1897 193
1898 218
1899 185
1900 257
1901 169
1902 122
1903 261
1904 258
1905 236
1906 235
1907 216
1908 238
1909 0
1910 260
1911 277
1912 195
1913 167
1914 228
1915 233
1916 300
1917 175
1918 219
1919 147
1920 265
1921 197
1922 214
1923 172
1924 293
1925 234
1926 245
1927 210
1928 234
1929 211
1930 229
1931 223
1932 193
1933 275
1934 176
1935 199
1936 227
1937 213
1938 200
1939 252
1940 220
1941 182
1942 224
1943 225
1944 189
1945 213
1946 256
1947 226
1948 232
1949 197
1950 185
1951 245
1952 221
1953 238
1954 193
1955 210
1956 223
1957 232
1958 252
1959 216
1960 265
1961 229
1962 222
1963 183
1964 195
1965 209
1966 190
1967 234
1968 266
1969 223
1970 269
1971 291
1972 273
1973 224
1974 205
1975 209
1976 211
1977 309
1978 227
1979 240
1980 199
1981 182
1982 234
1983 223
1984 205
1985 179
1986 239
1987 225
1988 245
1989 191
1990 168
1991 217
1992 124
1993 262
1994 265
1995 193
1996 165
1997 167
1998 234
1999 162
2000 202
2001 187
2002 238
2003 203
2004 181
2005 239
2006 186
2007 214
2008 232
2009 189
2010 201
2011 207
2012 254
2013 212
2014 187
2015 250
2016 207
2017 216
2018 231
2019 213
2020 221
2021 189
2022 232
2023 181
2024 238
2025 218
2026 275
2027 229
2028 226
2029 158
2030 187
2031 199
2032 180
2033 190
2034 255
2035 234
2036 248
2037 263
2038 232
2039 245
2040 160
2041 181
2042 230
2043 272
2044 119
2045 203
2046 244
2047 241
2048 219
2049 233
2050 187
2051 197
2052 197
2053 250
2054 189
2055 210
2056 207
2057 201
2058 270
2059 254
2060 208
2061 324
2062 297
2063 209
2064 245
2065 222
2066 169
2067 224
2068 200
2069 223
2070 201
2071 260
2072 83
2073 220
2074 203
2075 214
2076 215
2077 260
2078 250
2079 0
2080 194
2081 264
2082 282
2083 275
2084 190
2085 278
2086 199
2087 230
2088 202
2089 229
2090 187
2091 268
2092 249
2093 263
2094 234
2095 221
2096 250
2097 239
2098 225
2099 234
2100 174
2101 231
2102 245
2103 221
2104 157
2105 215
2106 233
2107 211
2108 203
2109 242
2110 255
2111 208
2112 200
2113 231
2114 283
2115 229
2116 250
2117 185
2118 286
2119 235
2120 217
2121 231
2122 181
2123 213
2124 227
2125 239
2126 218
2127 249
2128 203
2129 181
2130 223
2131 201
2132 212
2133 217
2134 220
2135 0
2136 281
2137 238
2138 243
2139 228
2140 232
2141 237
2142 0
2143 226
2144 304
2145 283
2146 223
2147 186
2148 180
2149 322
2150 239
2151 197
2152 203
2153 160
2154 260
2155 235
2156 123
2157 259
2158 240
2159 215
2160 253
2161 145
2162 201
2163 258
2164 208
2165 295
2166 212
2167 180
2168 229
2169 238
2170 234
2171 238
2172 220
2173 231
2174 174
2175 158
2176 229
2177 222
2178 256
2179 205
2180 234
2181 245
2182 205
2183 215
2184 220
2185 229
2186 255
2187 279
2188 259
2189 167
2190 209
2191 222
2192 234
2193 250
2194 251
2195 247
2196 203
2197 208
2198 202
2199 240
2200 260
2201 237
2202 207
2203 286
2204 199
2205 201
2206 241
2207 212
2208 155
2209 332
2210 234
2211 278
2212 297
2213 168
2214 284
2215 253
2216 272
2217 213
2218 234
2219 240
2220 248
2221 271
2222 242
2223 215
2224 178
2225 221
2226 187
2227 327
2228 268
2229 155
2230 276
2231 211
2232 243
2233 228
2234 237
2235 289
2236 263
2237 248
2238 181
2239 229
2240 189
2241 268
2242 273
2243 188
2244 203
2245 186
2246 206
2247 223
2248 216
2249 215
2250 249
2251 213
2252 235
2253 218
2254 174
2255 268
2256 251
2257 278
2258 212
2259 161
2260 222
2261 243
2262 253
2263 213
2264 231
2265 256
2266 250
2267 253
2268 238
2269 276
2270 197
2271 149
2272 186
2273 184
2274 207
2275 179
2276 206
2277 244
2278 145
2279 204
2280 231
2281 264
2282 199
2283 176
2284 228
2285 255
2286 150
2287 235
2288 164
2289 206
2290 242
2291 235
2292 211
2293 256
2294 215
2295 174
2296 204
2297 262
2298 214
2299 137
2300 254
2301 180
2302 247
2303 246
2304 230
2305 197
2306 263
2307 251
2308 201
2309 228
2310 254
2311 194
2312 203
2313 306
2314 262
2315 218
2316 252
2317 223
2318 219
2319 230
2320 230
2321 152
2322 234
2323 317
2324 174
2325 184
2326 234
2327 222
2328 143
2329 249
2330 211
2331 182
2332 0
2333 140
2334 271
2335 250
2336 274
2337 216
2338 136
2339 228
2340 267
2341 226
2342 196
2343 207
2344 234
2345 240
2346 212
2347 186
2348 205
2349 235
2350 237
2351 244
2352 233
2353 233
2354 246
2355 205
2356 259
2357 335
2358 240
2359 214
2360 332
2361 228
2362 230
2363 231
2364 241
2365 234
2366 228
2367 206
2368 177
2369 243
2370 249
2371 219
2372 149
2373 244
2374 229
2375 234
2376 192
2377 212
2378 227
2379 262
2380 220
2381 154
2382 155
2383 226
2384 204
2385 207
2386 203
2387 191
2388 243
2389 183
2390 231
2391 220
2392 187
2393 278
2394 198
2395 259
2396 197
2397 269
2398 205
2399 214
2400 232
2401 188
2402 203
2403 223
2404 242
2405 205
2406 234
2407 260
2408 184
2409 262
2410 231
2411 228
2412 217
2413 241
2414 238
2415 248
2416 225
2417 154
2418 228
2419 229
2420 236
2421 189
2422 224
2423 191
2424 140
2425 247
2426 180
2427 243
2428 184
2429 226
2430 247
2431 269
2432 267
2433 249
2434 264
2435 239
2436 261
2437 215
2438 223
2439 137
2440 202
2441 184
2442 318
2443 225
2444 225
2445 231
2446 194
2447 244
2448 169
2449 205
2450 181
2451 188
2452 173
2453 224
2454 247
2455 0
2456 216
2457 256
2458 253
2459 255
2460 215
2461 273
2462 212
2463 203
2464 159
2465 183
2466 200
2467 252
2468 209
2469 254
2470 106
2471 224
2472 213
2473 244
2474 236
2475 234
2476 241
2477 235
2478 172
2479 225
2480 254
2481 235
2482 230
2483 305
2484 273
2485 0
2486 233
2487 158
2488 288
2489 228
2490 192
2491 280
2492 173
2493 228
2494 254
2495 277
2496 257
2497 234
2498 216
2499 155
2500 212
2501 206
2502 201
2503 237
2504 213
2505 190
2506 265
2507 196
2508 215
2509 266
2510 201
2511 234
2512 227
2513 278
2514 214
2515 250
2516 226
2517 306
2518 257
2519 255
2520 258
2521 240
2522 210
2523 240
2524 289
2525 237
2526 247
2527 190
2528 217
2529 222
2530 253
2531 275
2532 223
2533 212
2534 241
2535 254
2536 269
2537 193
2538 239
2539 202
2540 126
2541 304
2542 276
2543 225
2544 271
2545 248
2546 148
2547 185
2548 228
2549 211
2550 233
2551 201
2552 278
2553 213
2554 238
2555 166
2556 246
2557 208
2558 224
2559 191
2560 204
2561 231
2562 229
2563 217
2564 180
2565 161
2566 219
2567 217
2568 247
2569 238
2570 237
2571 245
2572 192
2573 328
2574 230
2575 232
2576 259
2577 236
2578 158
2579 244
2580 210
2581 236
2582 184
2583 220
2584 199
2585 181
2586 219
2587 206
2588 227
2589 228
2590 219
2591 251
2592 278
2593 166
2594 239
2595 184
2596 247
2597 215
2598 299
2599 220
2600 242
2601 234
2602 235
2603 188
2604 224
2605 175
2606 127
2607 196
2608 118
2609 272
2610 297
2611 218
2612 181
2613 195
2614 172
2615 179
2616 222
2617 195
2618 206
2619 207
2620 224
2621 229
2622 254
2623 265
2624 231
2625 221
2626 247
2627 244
2628 234
2629 269
2630 252
2631 202
2632 236
2633 206
2634 224
2635 266
2636 207
2637 145
2638 221
2639 178
2640 183
2641 232
2642 258
2643 242
2644 291
2645 256
2646 188
2647 226
2648 234
2649 319
2650 197
2651 217
2652 213
2653 244
2654 203
2655 232
2656 225
2657 217
2658 164
2659 242
2660 249
2661 271
2662 258
2663 237
2664 220
2665 289
2666 247
2667 235
2668 0
2669 224
2670 219
2671 232
2672 292
2673 178
2674 261
2675 151
2676 259
2677 292
2678 290
2679 223
2680 211
2681 199
2682 226
2683 226
2684 180
2685 211
2686 282
2687 294
2688 234
2689 230
2690 195
2691 222
2692 160
2693 249
2694 184
2695 234
2696 227
2697 249
2698 221
2699 246
2700 229
2701 240
2702 179
2703 208
2704 252
2705 256
2706 193
2707 182
2708 206
2709 209
2710 190
2711 195
2712 183
2713 247
2714 261
2715 254
2716 283
2717 183
2718 246
2719 237
2720 275
2721 276
2722 194
2723 171
2724 196
2725 276
2726 214
2727 182
2728 199
2729 255
2730 297
2731 135
2732 253
2733 213
2734 184
2735 251
2736 230
2737 180
2738 273
2739 184
2740 232
2741 149
2742 158
2743 202
2744 182
2745 214
2746 249
2747 217
2748 210
2749 216
2750 249
2751 250
2752 202
2753 209
2754 162
2755 206
2756 240
2757 238
2758 251
2759 235
2760 223
2761 187
2762 231
2763 222
2764 199
2765 248
2766 259
2767 228
2768 178
2769 238
2770 231
2771 271
2772 155
2773 252
2774 217
2775 222
2776 218
2777 252
2778 168
2779 259
2780 216
2781 223
2782 260
2783 263
2784 233
2785 209
2786 230
2787 179
2788 264
2789 245
2790 231
2791 174
2792 239
2793 238
2794 282
2795 232
2796 291
2797 240
2798 205
2799 188
2800 245
2801 254
2802 218
2803 239
2804 254
2805 275
2806 254
2807 266
2808 268
2809 179
2810 230
2811 151
2812 209
2813 236
2814 267
2815 237
2816 234
2817 205
2818 251
2819 175
2820 236
2821 238
2822 270
2823 249
2824 232
2825 348
2826 193
2827 181
2828 256
2829 264
2830 258
2831 210
2832 236
2833 249
2834 156
2835 186
2836 256
2837 236
2838 229
2839 218
2840 190
2841 187
2842 234
2843 254
2844 269
2845 237
2846 261
2847 255
2848 223
2849 182
2850 273
2851 212
2852 239
2853 192
2854 243
2855 230
2856 197
2857 244
2858 265
2859 218
2860 218
2861 218
2862 216
2863 155
2864 205
2865 294
2866 238
2867 158
2868 217
2869 214
2870 188
2871 198
2872 206
2873 214
2874 234
2875 160
2876 198
2877 259
2878 228
2879 227
2880 135
2881 173
2882 222
2883 207
2884 230
2885 223
2886 253
2887 248
2888 183
2889 229
2890 262
2891 206
2892 246
2893 159
2894 242
2895 216
2896 260
2897 175
2898 149
2899 224
2900 291
2901 223
2902 222
2903 202
2904 221
2905 265
2906 311
2907 232
2908 221
2909 193
2910 213
2911 226
2912 276
2913 182
2914 218
2915 262
2916 207
2917 265
2918 225
2919 205
2920 218
2921 283
2922 239
2923 198
2924 252
2925 236
2926 234
2927 244
2928 263
2929 240
2930 213
2931 239
2932 170
2933 196
2934 234
2935 244
2936 256
2937 209
2938 196
2939 185
2940 175
2941 190
2942 158
2943 209
2944 259
2945 215
2946 204
2947 249
2948 151
2949 264
2950 191
2951 233
2952 252
2953 199
2954 197
2955 223
2956 268
2957 219
2958 162
2959 278
2960 214
2961 262
2962 209
2963 185
2964 201
2965 263
2966 219
2967 257
2968 215
2969 194
2970 216
2971 227
2972 245
2973 169
2974 166
2975 184
2976 220
2977 150
2978 222
2979 217
2980 183
2981 232
2982 241
2983 187
2984 254
2985 186
2986 262
2987 257
2988 248
2989 225
2990 220
2991 224
2992 201
2993 227
2994 286
2995 257
2996 124
2997 235
2998 233
2999 258
3000 218
3001 207
3002 230
3003 281
3004 308
3005 311
3006 221
3007 260
3008 173
3009 207
3010 249
3011 228
3012 184
3013 221
3014 224
3015 255
3016 240
3017 218
3018 156
3019 192
3020 238
3021 201
3022 241
3023 202
3024 177
3025 235
3026 193
3027 203
3028 294
3029 162
3030 195
3031 166
3032 212
3033 262
3034 215
3035 225
3036 207
3037 203
3038 184
3039 231
3040 258
3041 234
3042 225
3043 128
3044 173
3045 203
3046 181
3047 217
3048 237
3049 187
3050 199
3051 158
3052 220
3053 217
3054 281
3055 176
3056 302
3057 257
3058 274
3059 218
3060 192
3061 259
3062 207
3063 207
3064 251
3065 224
3066 253
3067 226
3068 183
3069 180
3070 159
3071 245
3072 285
3073 264
3074 170
3075 239
3076 220
3077 240
3078 237
3079 202
3080 204
3081 193
3082 219
3083 253
3084 243
3085 251
3086 243
3087 227
3088 156
3089 295
3090 271
3091 183
3092 221
3093 246
3094 208
3095 234
3096 176
3097 176
3098 204
3099 242
3100 280
3101 301
3102 227
3103 132
3104 258
3105 206
3106 201
3107 127
3108 231
3109 197
3110 231
3111 255
3112 188
3113 190
3114 247
3115 219
3116 229
3117 216
3118 124
3119 274
3120 202
3121 249
3122 190
3123 248
3124 187
3125 223
3126 335
3127 230
3128 230
3129 167
3130 238
3131 245
3132 243
3133 256
3134 233
3135 234
3136 225
3137 182
3138 211
3139 217
3140 204
3141 287
3142 253
3143 213
3144 151
3145 256
3146 291
3147 198
3148 218
3149 143
3150 126
3151 224
3152 239
3153 224
3154 150
3155 249
3156 189
3157 211
3158 243
3159 219
3160 228
3161 204
3162 225
3163 253
3164 215
3165 204
3166 255
3167 250
3168 209
3169 242
3170 0
3171 237
3172 261
3173 249
3174 235
3175 244
3176 254
3177 176
3178 252
3179 215
3180 146
3181 136
3182 186
3183 274
3184 173
3185 218
3186 221
3187 196
3188 213
3189 254
3190 199
3191 207
3192 212
3193 176
3194 206
3195 197
3196 254
3197 233
3198 180
3199 271
3200 253
3201 211
3202 211
3203 232
3204 281
3205 191
3206 164
3207 274
3208 220
3209 244
3210 279
3211 224
3212 155
3213 214
3214 234
3215 280
3216 185
3217 237
3218 258
3219 288
3220 157
3221 241
3222 278
3223 193
3224 202
3225 303
3226 244
3227 188
3228 230
3229 237
3230 230
3231 228
3232 233
3233 197
3234 240
3235 208
3236 244
3237 279
3238 233
3239 244
3240 230
3241 301
3242 341
3243 224
3244 171
3245 262
3246 216
3247 248
3248 256
3249 244
3250 242
3251 221
3252 243
3253 285
3254 269
3255 236
3256 255
3257 225
3258 231
3259 240
3260 137
3261 205
3262 168
3263 191
3264 193
3265 263
3266 229
3267 218
3268 250
3269 248
3270 233
3271 205
3272 311
3273 167
3274 240
3275 215
3276 204
3277 234
3278 161
3279 188
3280 233
3281 191
3282 214
3283 244
3284 178
3285 183
3286 217
3287 189
3288 255
3289 212
3290 221
3291 232
3292 239
3293 238
3294 95
3295 215
3296 167
3297 169
3298 221
3299 280
3300 240
3301 244
3302 214
3303 286
3304 231
3305 285
3306 275
3307 220
3308 204
3309 194
3310 252
3311 191
3312 207
3313 246
3314 211
3315 208
3316 236
3317 276
3318 258
3319 128
3320 183
3321 264
3322 203
3323 311
3324 298
3325 243
3326 274
3327 211
3328 163
3329 228
3330 223
3331 216
3332 221
3333 252
3334 199
3335 221
3336 213
3337 245
3338 253
3339 235
3340 205
3341 248
3342 240
3343 157
3344 235
3345 175
3346 257
3347 215
3348 228
3349 261
3350 286
3351 268
3352 183
3353 285
3354 199
3355 222
3356 220
3357 225
3358 252
3359 233
3360 212
3361 261
3362 201
3363 216
3364 218
3365 213
3366 235
3367 193
3368 214
3369 187
3370 258
3371 216
3372 181
3373 226
3374 238
3375 243
3376 145
3377 207
3378 228
3379 192
3380 285
3381 0
3382 169
3383 205
3384 146
3385 132
3386 212
3387 208
3388 218
3389 222
3390 0
3391 195
3392 264
3393 197
3394 283
3395 234
3396 271
3397 198
3398 219
3399 206
3400 250
3401 210
3402 206
3403 272
3404 189
3405 163
3406 202
3407 151
3408 249
3409 239
3410 201
3411 255
3412 211
3413 210
3414 269
3415 233
3416 255
3417 183
3418 178
3419 262
3420 187
3421 242
3422 220
3423 225
3424 273
3425 228
3426 262
3427 239
3428 266
3429 189
3430 183
3431 209
3432 205
3433 196
3434 145
3435 239
3436 239
3437 274
3438 216
3439 296
3440 257
3441 253
3442 261
3443 217
3444 248
3445 237
3446 246
3447 214
3448 246
3449 231
3450 225
3451 200
3452 245
3453 222
3454 235
3455 217
3456 198
3457 196
3458 322
3459 175
3460 229
3461 219
3462 211
3463 254
3464 263
3465 228
3466 254
3467 225
3468 203
3469 206
3470 241
3471 260
3472 198
3473 266
3474 233
3475 258
3476 270
3477 229
3478 232
3479 191
3480 219
3481 301
3482 218
3483 225
3484 222
3485 194
3486 250
3487 159
3488 181
3489 194
3490 261
3491 231
3492 276
3493 241
3494 243
3495 193
3496 259
3497 244
3498 190
3499 292
3500 220
3501 181
3502 206
3503 269
3504 225
3505 227
3506 331
3507 184
3508 244
3509 212
3510 249
3511 250
3512 186
3513 149
3514 206
3515 197
3516 309
3517 196
3518 254
3519 208
3520 179
3521 242
3522 187
3523 242
3524 243
3525 238
3526 187
3527 213
3528 168
3529 239
3530 235
3531 195
3532 225
3533 154
3534 202
3535 221
3536 213
3537 260
3538 260
3539 241
3540 217
3541 192
3542 261
3543 275
3544 148
3545 242
3546 257
3547 244
3548 217
3549 227
3550 296
3551 266
3552 274
3553 180
3554 202
3555 0
3556 70
3557 176
3558 196
3559 260
3560 210
3561 223
3562 228
3563 230
3564 232
3565 214
3566 186
3567 281
3568 214
3569 216
3570 166
3571 175
3572 263
3573 149
3574 250
3575 238
3576 259
3577 249
3578 196
3579 215
3580 181
3581 195
3582 205
3583 178
3584 183
3585 213
3586 231
3587 174
3588 238
3589 249
3590 224
3591 227
3592 296
3593 221
3594 109
3595 258
3596 280
3597 255
3598 183
3599 228
3600 156
3601 258
3602 228
3603 194
3604 221
3605 278
3606 252
3607 223
3608 253
3609 228
3610 227
3611 184
3612 215
3613 224
3614 228
3615 253
3616 202
3617 181
3618 313
3619 240
3620 216
3621 209
3622 231
3623 243
3624 200
3625 227
3626 217
3627 271
3628 215
3629 223
3630 209
3631 237
3632 217
3633 240
3634 234
3635 236
3636 219
3637 157
3638 242
3639 275
3640 224
3641 161
3642 315
3643 171
3644 311
3645 251
3646 214
3647 253
3648 162
3649 212
3650 215
3651 308
3652 207
3653 234
3654 257
3655 162
3656 210
3657 254
3658 247
3659 202
3660 186
3661 295
3662 254
3663 264
3664 228
3665 238
3666 195
3667 228
3668 141
3669 195
3670 211
3671 279
3672 278
3673 221
3674 196
3675 219
3676 190
3677 237
3678 229
3679 289
3680 257
3681 269
3682 207
3683 197
3684 231
3685 165
3686 294
3687 201
3688 250
3689 300
3690 269
3691 204
3692 241
3693 207
3694 207
3695 192
3696 172
3697 208
3698 154
3699 150
3700 201
3701 219
3702 246
3703 234
3704 283
3705 207
3706 234
3707 173
3708 289
3709 206
3710 229
3711 204
3712 212
3713 229
3714 208
3715 223
3716 233
3717 256
3718 249
3719 181
3720 221
3721 194
3722 188
3723 272
3724 254
3725 288
3726 224
3727 243
3728 194
3729 238
3730 241
3731 212
3732 240
3733 218
3734 210
3735 249
3736 160
3737 159
3738 209
3739 238
3740 215
3741 215
3742 225
3743 216
3744 257
3745 256
3746 187
3747 228
3748 176
3749 224
3750 250
3751 218
3752 175
3753 218
3754 195
3755 245
3756 213
3757 215
3758 232
3759 197
3760 249
3761 206
3762 270
3763 210
3764 234
3765 291
3766 231
3767 209
3768 165
3769 206
3770 241
3771 165
3772 211
3773 248
3774 203
3775 273
3776 208
3777 292
3778 222
3779 240
3780 243
3781 299
3782 235
3783 254
3784 233
3785 275
3786 250
3787 234
3788 233
3789 271
3790 295
3791 237
3792 208
3793 238
3794 218
3795 221
3796 227
3797 197
3798 257
3799 246
3800 239
3801 298
3802 310
3803 223
3804 241
3805 225
3806 260
3807 196
3808 253
3809 196
3810 271
3811 240
3812 264
3813 263
3814 221
3815 224
3816 180
3817 202
3818 256
3819 211
3820 222
3821 217
3822 211
3823 0
3824 207
3825 237
3826 185
3827 180
3828 204
3829 241
3830 228
3831 219
3832 227
3833 177
3834 241
3835 175
3836 180
3837 180
3838 245
3839 247
3840 218
3841 210
3842 125
3843 236
3844 254
3845 215
3846 224
3847 175
3848 222
3849 191
3850 231
3851 311
3852 148
3853 214
3854 183
3855 260
3856 226
3857 227
3858 281
3859 231
3860 293
3861 263
3862 149
3863 261
3864 244
3865 252
3866 270
3867 158
3868 143
3869 174
3870 185
3871 236
3872 305
3873 242
3874 251
3875 257
3876 254
3877 200
3878 239
3879 205
3880 209
3881 263
3882 239
3883 187
3884 113
3885 234
3886 214
3887 261
3888 210
3889 242
3890 199
3891 252
3892 182
3893 224
3894 206
3895 248
3896 230
3897 186
3898 235
3899 193
3900 221
3901 159
3902 191
3903 229
3904 257
3905 269
3906 202
3907 225
3908 218
3909 262
3910 292
3911 237
3912 266
3913 206
3914 157
3915 201
3916 244
3917 236
3918 184
3919 206
3920 291
3921 134
3922 257
3923 278
3924 187
3925 232
3926 209
3927 195
3928 163
3929 219
3930 205
3931 227
3932 198
3933 224
3934 251
3935 233
3936 207
3937 228
3938 244
3939 238
3940 264
3941 211
3942 274
3943 241
3944 149
3945 184
3946 213
3947 214
3948 240
3949 116
3950 211
3951 271
3952 190
3953 222
3954 256
3955 201
3956 215
3957 210
3958 216
3959 249
3960 238
3961 138
3962 0
3963 223
3964 306
3965 208
3966 234
3967 256
3968 159
3969 193
3970 309
3971 245
3972 138
3973 201
3974 235
3975 155
3976 188
3977 253
3978 172
3979 171
3980 229
3981 215
3982 221
3983 227
3984 189
3985 290
3986 264
3987 206
3988 249
3989 307
3990 275
3991 229
3992 195
3993 231
3994 241
3995 228
3996 184
3997 226
3998 342
3999 125
4000 233
4001 177
4002 198
4003 230
4004 243
4005 201
4006 219
4007 159
4008 185
4009 203
4010 266
4011 165
4012 246
4013 217
4014 232
4015 162
4016 186
4017 232
4018 229
4019 231
4020 205
4021 205
4022 170
4023 266
4024 233
4025 201
4026 184
4027 213
4028 228
4029 225
4030 236
4031 288
4032 209
4033 232
4034 244
4035 234
4036 265
4037 249
4038 211
4039 224
4040 242
4041 223
4042 239
4043 220
4044 233
4045 230
4046 156
4047 252
4048 174
4049 266
4050 227
4051 277
4052 261
4053 244
4054 209
4055 250
4056 343
4057 197
4058 257
4059 205
4060 260
4061 240
4062 232
4063 211
4064 205
4065 220
4066 241
4067 211
4068 225
4069 218
4070 165
4071 277
4072 217
4073 234
4074 275
4075 149
4076 195
4077 202
4078 223
4079 278
4080 223
4081 210
4082 251
4083 259
4084 264
4085 196
4086 175
4087 257
4088 257
4089 236
4090 225
4091 208
4092 272
4093 199
4094 218
4095 227
4096 0
4097 186
4098 253
4099 312
4100 276
4101 268
4102 205
4103 234
4104 222
4105 248
4106 282
4107 219
4108 165
4109 206
4110 201
4111 207
4112 205
4113 231
4114 218
4115 197
4116 251
4117 296
4118 219
4119 276
4120 243
4121 226
4122 218
4123 154
4124 198
4125 333
4126 220
4127 252
4128 181
4129 200
4130 251
4131 228
4132 179
4133 236
4134 200
4135 247
4136 229
4137 222
4138 145
4139 238
4140 274
4141 162
4142 226
4143 359
4144 142
4145 267
4146 241
4147 154
4148 253
4149 213
4150 224
4151 238
4152 238
4153 276
4154 240
4155 211
4156 256
4157 241
4158 224
4159 219
4160 202
4161 227
4162 235
4163 196
4164 249
4165 231
4166 246
4167 212
4168 220
4169 232
4170 211
4171 198
4172 208
4173 225
4174 264
4175 246
4176 257
4177 258
4178 222
4179 204
4180 207
4181 228
4182 181
4183 227
4184 160
4185 211
4186 203
4187 200
4188 213
4189 193
4190 249
4191 240
4192 248
4193 218
4194 226
4195 194
4196 263
4197 225
4198 175
4199 147
4200 271
4201 252
4202 222
4203 206
4204 216
4205 193
4206 243
4207 238
4208 221
4209 164
4210 238
4211 255
4212 232
4213 79
4214 226
4215 244
4216 247
4217 187
4218 209
4219 282
4220 250
4221 247
4222 297
4223 220
4224 236
4225 230
4226 218
4227 219
4228 233
4229 261
4230 249
4231 265
4232 200
4233 223
4234 278
4235 240
4236 229
4237 210
4238 264
4239 152
4240 289
4241 287
4242 187
4243 266
4244 256
4245 273
4246 195
4247 203
4248 219
4249 241
4250 223
4251 183
4252 221
4253 231
4254 226
4255 230
4256 252
4257 178
4258 271
4259 97
4260 253
4261 211
4262 240
4263 207
4264 241
4265 193
4266 225
4267 185
4268 190
4269 242
4270 278
4271 193
4272 174
4273 247
4274 222
4275 256
4276 226
4277 228
4278 242
4279 236
4280 165
4281 247
4282 262
4283 249
4284 139
4285 193
4286 215
4287 217
4288 324
4289 200
4290 242
4291 211
4292 232
4293 211
4294 156
4295 207
4296 133
4297 272
4298 260
4299 203
4300 222
4301 211
4302 257
4303 273
4304 215
4305 249
4306 239
4307 217
4308 260
4309 221
4310 224
4311 195
4312 187
4313 201
4314 231
4315 245
4316 239
4317 192
4318 242
4319 266
4320 186
4321 231
4322 186
4323 225
4324 192
4325 304
4326 259
4327 241
4328 220
4329 171
4330 207
4331 196
4332 204
4333 232
4334 197
4335 236
4336 253
4337 207
4338 217
4339 288
4340 151
4341 210
4342 221
4343 225
4344 211
4345 223
4346 217
4347 211
4348 238
4349 266
4350 183
4351 236
4352 186
4353 239
4354 224
4355 226
4356 204
4357 238
4358 204
4359 191
4360 196
4361 243
4362 209
4363 251
4364 179
4365 121
4366 277
4367 262
4368 242
4369 243
4370 225
4371 224
4372 243
4373 239
4374 172
4375 242
4376 152
4377 175
4378 243
4379 248
4380 234
4381 225
4382 255
4383 261
4384 264
4385 186
4386 265
4387 229
4388 208
4389 217
4390 191
4391 260
4392 198
4393 281
4394 216
4395 229
4396 200
4397 256
4398 184
4399 223
4400 199
4401 206
4402 214
4403 248
4404 258
4405 255
4406 235
4407 197
4408 227
4409 228
4410 279
4411 238
4412 243
4413 215
4414 194
4415 227
4416 201
4417 243
4418 204
4419 205
4420 0
4421 158
4422 253
4423 193
4424 221
4425 206
4426 233
4427 179
4428 220
4429 263
4430 175
4431 257
4432 252
4433 267
4434 195
4435 157
4436 201
4437 237
4438 204
4439 233
4440 221
4441 222
4442 121
4443 215
4444 182
4445 209
4446 258
4447 318
4448 299
4449 237
4450 209
4451 231
4452 219
4453 248
4454 234
4455 176
4456 239
4457 248
4458 161
4459 181
4460 208
4461 219
4462 206
4463 230
4464 214
4465 228
4466 255
4467 211
4468 287
4469 216
4470 211
4471 163
4472 243
4473 279
4474 229
4475 214
4476 239
4477 286
4478 0
4479 198
4480 207
4481 230
4482 186
4483 229
4484 167
4485 235
4486 240
4487 261
4488 193
4489 206
4490 236
4491 172
4492 242
4493 287
4494 190
4495 226
4496 223
4497 243
4498 224
4499 149
4500 207
4501 202
4502 223
4503 226
4504 329
4505 202
4506 191
4507 168
4508 235
4509 262
4510 250
4511 206
4512 229
4513 183
4514 196
4515 265
4516 227
4517 189
4518 233
4519 211
4520 196
4521 302
4522 197
4523 246
4524 210
4525 76
4526 237
4527 263
4528 255
4529 270
4530 238
4531 258
4532 155
4533 176
4534 206
4535 215
4536 238
4537 289
4538 192
4539 202
4540 224
4541 255
4542 223
4543 232
4544 276
4545 205
4546 213
4547 247
4548 238
4549 189
4550 208
4551 227
4552 230
4553 258
4554 207
4555 172
4556 206
4557 163
4558 210
4559 247
4560 236
4561 210
4562 190
4563 251
4564 225
4565 235
4566 253
4567 238
4568 253
4569 230
4570 309
4571 207
4572 222
4573 170
4574 256
4575 267
4576 230
4577 253
4578 244
4579 232
4580 202
4581 224
4582 301
4583 231
4584 249
4585 226
4586 219
4587 188
4588 247
4589 211
4590 205
4591 217
4592 267
4593 252
4594 269
4595 245
4596 200
4597 230
4598 237
4599 232
4600 176
4601 245
4602 183
4603 161
4604 249
4605 253
4606 153
4607 218
4608 210
4609 212
4610 212
4611 253
4612 288
4613 222
4614 264
4615 188
4616 243
4617 248
4618 234
4619 170
4620 232
4621 231
4622 237
4623 254
4624 239
4625 235
4626 292
4627 240
4628 196
4629 269
4630 291
4631 231
4632 241
4633 198
4634 136
4635 243
4636 206
4637 205
4638 208
4639 243
4640 274
4641 212
4642 285
4643 230
4644 285
4645 205
4646 157
4647 187
4648 245
4649 328
4650 271
4651 154
4652 204
4653 248
4654 250
4655 180
4656 213
4657 198
4658 190
4659 242
4660 298
4661 213
4662 259
4663 171
4664 230
4665 217
4666 182
4667 316
4668 178
4669 237
4670 255
4671 250
4672 190
4673 168
4674 236
4675 222
4676 255
4677 225
4678 202
4679 211
4680 227
4681 247
4682 275
4683 229
4684 240
4685 180
4686 207
4687 263
4688 224
4689 226
4690 235
4691 230
4692 208
4693 262
4694 266
4695 219
4696 172
4697 263
4698 294
4699 138
4700 239
4701 230
4702 234
4703 278
4704 221
4705 239
4706 295
4707 225
4708 228
4709 223
4710 245
4711 243
4712 195
4713 218
4714 207
4715 299
4716 268
4717 229
4718 237
4719 233
4720 251
4721 209
4722 208
4723 241
4724 206
4725 249
4726 251
4727 207
4728 170
4729 214
4730 214
4731 146
4732 231
4733 226
4734 0
4735 266
4736 247
4737 283
4738 247
4739 185
4740 236
4741 241
4742 211
4743 177
4744 100
4745 225
4746 159
4747 224
4748 245
4749 228
4750 294
4751 195
4752 238
4753 181
4754 227
4755 192
4756 238
4757 235
4758 201
4759 184
4760 209
4761 173
4762 204
4763 257
4764 200
4765 266
4766 171
4767 206
4768 195
4769 209
4770 246
4771 214
4772 278
4773 237
4774 312
4775 194
4776 221
4777 146
4778 164
4779 310
4780 211
4781 205
4782 224
4783 225
4784 322
4785 202
4786 223
4787 219
4788 0
4789 187
4790 196
4791 254
4792 322
4793 255
4794 185
4795 210
4796 171
4797 220
4798 249
4799 214
4800 241
4801 259
4802 296
4803 206
4804 154
4805 217
4806 263
4807 241
4808 192
4809 176
4810 197
4811 229
4812 190
4813 238
4814 296
4815 253
4816 258
4817 198
4818 244
4819 173
4820 241
4821 307
4822 268
4823 163
4824 180
4825 266
4826 181
4827 146
4828 255
4829 178
4830 214
4831 203
4832 214
4833 244
4834 222
4835 181
4836 183
4837 285
4838 249
4839 207
4840 254
4841 207
4842 167
4843 240
4844 193
4845 229
4846 255
4847 212
4848 190
4849 260
4850 256
4851 122
4852 235
4853 239
4854 161
4855 204
4856 250
4857 206
4858 221
4859 230
4860 273
4861 190
4862 227
4863 249
4864 251
4865 222
4866 224
4867 209
4868 230
4869 222
4870 228
4871 234
4872 228
4873 210
4874 217
4875 252
4876 227
4877 235
4878 276
4879 246
4880 173
4881 200
4882 236
4883 205
4884 198
4885 247
4886 219
4887 184
4888 258
4889 186
4890 263
4891 263
4892 136
4893 0
4894 208
4895 189
4896 201
4897 211
4898 254
4899 271
4900 230
4901 227
4902 226
4903 252
4904 253
4905 202
4906 239
4907 202
4908 236
4909 233
4910 232
4911 212
4912 207
4913 207
4914 228
4915 203
4916 245
4917 251
4918 217
4919 219
4920 250
4921 194
4922 236
4923 200
4924 243
4925 251
4926 177
4927 224
4928 196
4929 210
4930 262
4931 222
4932 243
4933 227
4934 162
4935 238
4936 181
4937 151
4938 207
4939 240
4940 260
4941 227
4942 178
4943 210
4944 218
4945 240
4946 211
4947 219
4948 232
4949 278
4950 181
4951 218
4952 220
4953 241
4954 257
4955 202
4956 290
4957 144
4958 222
4959 194
4960 195
4961 227
4962 286
4963 181
4964 286
4965 193
4966 243
4967 262
4968 220
4969 185
4970 274
4971 223
4972 208
4973 226
4974 169
4975 252
4976 225
4977 217
4978 166
4979 289
4980 235
4981 237
4982 174
4983 224
4984 251
4985 180
4986 158
4987 194
4988 150
4989 230
4990 201
4991 151
4992 246
4993 235
4994 134
4995 240
4996 208
4997 254
4998 318
4999 293
5000 245
5001 230
5002 215
5003 236
5004 128
5005 235
5006 217
5007 265
5008 213
5009 157
5010 224
5011 206
5012 224
5013 201
5014 217
5015 238
5016 240
5017 225
5018 215
5019 225
5020 183
5021 0
5022 254
5023 201
5024 216
5025 212
5026 244
5027 337
5028 238
5029 275
5030 178
5031 205
5032 234
5033 232
5034 212
5035 226
5036 176
5037 249
5038 0
5039 187
5040 282
5041 205
5042 257
5043 0
5044 218
5045 282
5046 201
5047 217
5048 245
5049 273
5050 191
5051 192
5052 256
5053 223
5054 225
5055 340
5056 207
5057 180
5058 243
5059 250
5060 197
5061 247
5062 249
5063 210
5064 212
5065 192
5066 240
5067 229
5068 223
5069 238
5070 242
5071 205
5072 199
5073 180
5074 225
5075 222
5076 216
5077 253
5078 201
5079 231
5080 254
5081 221
5082 243
5083 189
5084 249
5085 204
5086 215
5087 171
5088 203
5089 260
5090 202
5091 247
5092 202
5093 190
5094 196
5095 218
5096 178
5097 257
5098 227
5099 221
5100 222
5101 260
5102 275
5103 245
5104 307
5105 172
5106 224
5107 407
5108 224
5109 236
5110 219
5111 174
5112 220
5113 175
5114 271
5115 158
5116 241
5117 218
5118 236
5119 244
5120 309
5121 361
5122 224
5123 196
5124 197
5125 211
5126 215
5127 218
5128 241
5129 205
5130 274
5131 221
5132 238
5133 201
5134 155
5135 264
5136 245
5137 194
5138 241
5139 228
5140 269
5141 189
5142 267
5143 219
5144 231
5145 191
5146 243
5147 283
5148 252
5149 193
5150 218
5151 226
5152 232
5153 186
5154 206
5155 234
5156 216
5157 255
5158 239
5159 204
5160 233
5161 244
5162 191
5163 248
5164 226
5165 173
5166 205
5167 259
5168 273
5169 221
5170 244
5171 209
5172 290
5173 221
5174 215
5175 244
5176 192
5177 171
5178 274
5179 0
5180 270
5181 225
5182 200
5183 305
5184 202
5185 146
5186 242
5187 205
5188 235
5189 249
5190 229
5191 282
5192 217
5193 212
5194 125
5195 213
5196 227
5197 180
5198 246
5199 243
5200 215
5201 222
5202 260
5203 228
5204 288
5205 141
5206 269
5207 283
5208 222
5209 243
5210 149
5211 251
5212 161
5213 210
5214 296
5215 272
5216 241
5217 220
5218 0
5219 258
5220 236
5221 177
5222 253
5223 239
5224 228
5225 232
5226 157
5227 228
5228 234
5229 294
5230 233
5231 222
5232 206
5233 229
5234 164
5235 177
5236 216
5237 177
5238 206
5239 189
5240 264
5241 222
5242 275
5243 0
5244 294
5245 216
5246 246
5247 239
5248 182
5249 236
5250 229
5251 211
5252 242
5253 225
5254 169
5255 274
5256 285
5257 218
5258 320
5259 231
5260 180
5261 278
5262 161
5263 197
5264 249
5265 186
5266 190
5267 184
5268 216
5269 233
5270 233
5271 204
5272 174
5273 256
5274 133
5275 229
5276 186
5277 183
5278 169
5279 167
5280 202
5281 171
5282 194
5283 211
5284 177
5285 238
5286 203
5287 289
5288 293
5289 241
5290 149
5291 264
5292 202
5293 252
5294 227
5295 219
5296 246
5297 161
5298 272
5299 206
5300 251
5301 264
5302 214
5303 204
5304 189
5305 175
5306 250
5307 274
5308 239
5309 230
5310 212
5311 218
5312 208
5313 203
5314 198
5315 179
5316 271
5317 251
5318 209
5319 243
5320 251
5321 239
5322 158
5323 283
5324 262
5325 174
5326 209
5327 218
5328 188
5329 253
5330 249
5331 255
5332 194
5333 210
5334 224
5335 134
5336 273
5337 249
5338 290
5339 248
5340 286
5341 213
5342 199
5343 201
5344 228
5345 200
5346 238
5347 265
5348 204
5349 276
5350 240
5351 279
5352 241
5353 290
5354 240
5355 228
5356 187
5357 157
5358 193
5359 152
5360 305
5361 197
5362 205
5363 241
5364 277
5365 257
5366 233
5367 207
5368 231
5369 227
5370 163
5371 236
5372 211
5373 178
5374 240
5375 235
5376 246
5377 234
5378 273
5379 208
5380 271
5381 198
5382 207
5383 160
5384 228
5385 234
5386 253
5387 190
5388 207
5389 193
5390 268
5391 247
5392 188
5393 228
5394 239
5395 232
5396 225
5397 242
5398 254
5399 302
5400 251
5401 234
5402 326
5403 210
5404 238
5405 208
5406 280
5407 270
5408 215
5409 225
5410 258
5411 225
5412 236
5413 218
5414 276
5415 210
5416 193
5417 251
5418 243
5419 236
5420 225
5421 263
5422 222
5423 207
5424 214
5425 143
5426 139
5427 224
5428 212
5429 133
5430 165
5431 248
5432 145
5433 212
5434 235
5435 210
5436 207
5437 212
5438 297
5439 212
5440 183
5441 227
5442 258
5443 262
5444 202
5445 212
5446 226
5447 284
5448 177
5449 252
5450 201
5451 181
5452 255
5453 185
5454 253
5455 245
5456 256
5457 249
5458 203
5459 150
5460 236
5461 153
5462 176
5463 242
5464 253
5465 248
5466 174
5467 220
5468 271
5469 240
5470 210
5471 190
5472 192
5473 204
5474 187
5475 232
5476 248
5477 175
5478 260
5479 122
5480 254
5481 208
5482 244
5483 205
5484 174
5485 239
5486 204
5487 193
5488 212
5489 284
5490 287
5491 227
5492 206
5493 204
5494 274
5495 171
5496 154
5497 208
5498 299
5499 109
5500 256
5501 168
5502 229
5503 199
5504 236
5505 272
5506 186
5507 172
5508 210
5509 144
5510 177
5511 229
5512 192
5513 183
5514 221
5515 254
5516 222
5517 278
5518 272
5519 229
5520 277
5521 202
5522 236
5523 235
5524 228
5525 245
5526 118
5527 204
5528 240
5529 257
5530 239
5531 213
5532 195
5533 229
5534 224
5535 234
5536 240
5537 271
5538 216
5539 245
5540 195
5541 236
5542 236
5543 227
5544 215
5545 242
5546 242
5547 253
5548 260
5549 199
5550 225
5551 265
5552 236
5553 205
5554 227
5555 189
5556 214
5557 233
5558 222
5559 240
5560 214
5561 193
5562 204
5563 220
5564 201
5565 226
5566 304
5567 215
5568 198
5569 244
5570 0
5571 231
5572 230
5573 244
5574 276
5575 251
5576 123
5577 285
5578 244
5579 244
5580 274
5581 237
5582 253
5583 287
5584 246
5585 218
5586 248
5587 228
5588 238
5589 205
5590 174
5591 192
5592 207
5593 207
5594 200
5595 184
5596 239
5597 233
5598 260
5599 200
5600 296
5601 212
5602 203
5603 264
5604 254
5605 223
5606 236
5607 176
5608 229
5609 270
5610 244
5611 244
5612 210
5613 254
5614 241
5615 286
5616 228
5617 271
5618 233
5619 225
5620 278
5621 239
5622 249
5623 239
5624 218
5625 192
5626 173
5627 221
5628 233
5629 270
5630 220
5631 244
5632 225
5633 213
5634 230
5635 151
5636 151
5637 259
5638 214
5639 271
5640 147
5641 222
5642 237
5643 181
5644 205
5645 203
5646 231
5647 229
5648 267
5649 260
5650 189
5651 189
5652 250
5653 163
5654 239
5655 207
5656 221
5657 268
5658 223
5659 221
5660 252
5661 219
5662 302
5663 220
5664 233
5665 210
5666 274
5667 220
5668 250
5669 242
5670 212
5671 265
5672 239
5673 247
5674 236
5675 190
5676 204
5677 207
5678 185
5679 193
5680 193
5681 248
5682 236
5683 187
5684 241
5685 191
5686 176
5687 183
5688 141
5689 200
5690 203
5691 260
5692 225
5693 236
5694 226
5695 191
5696 191
5697 0
5698 278
5699 216
5700 238
5701 140
5702 259
5703 266
5704 191
5705 201
5706 170
5707 288
5708 312
5709 251
5710 197
5711 258
5712 266
5713 191
5714 0
5715 225
5716 190
5717 129
5718 219
5719 198
5720 174
5721 253
5722 244
5723 284
5724 225
5725 153
5726 287
5727 229
5728 241
5729 251
5730 255
5731 167
5732 147
5733 175
5734 260
5735 239
5736 194
5737 255
5738 197
5739 293
5740 174
5741 258
5742 223
5743 219
5744 202
5745 228
5746 203
5747 208
5748 241
5749 212
5750 229
5751 220
5752 226
5753 220
5754 185
5755 268
5756 241
5757 242
5758 192
5759 212
5760 226
5761 271
5762 227
5763 230
5764 198
5765 210
5766 267
5767 201
5768 275
5769 238
5770 241
5771 201
5772 170
5773 258
5774 212
5775 258
5776 212
5777 279
5778 159
5779 223
5780 180
5781 246
5782 224
5783 223
5784 219
5785 185
5786 176
5787 226
5788 207
5789 229
5790 212
5791 219
5792 234
5793 227
5794 152
5795 227
5796 254
5797 138
5798 237
5799 209
5800 263
5801 191
5802 219
5803 223
5804 219
5805 217
5806 219
5807 212
5808 221
5809 203
5810 200
5811 227
5812 186
5813 154
5814 151
5815 217
5816 299
5817 247
5818 256
5819 259
5820 217
5821 199
5822 252
5823 181
5824 241
5825 234
5826 223
5827 225
5828 175
5829 197
5830 215
5831 263
5832 241
5833 236
5834 254
5835 229
5836 272
5837 241
5838 214
5839 208
5840 165
5841 229
5842 196
5843 293
5844 247
5845 240
5846 228
5847 240
5848 198
5849 234
5850 188
5851 205
5852 254
5853 186
5854 208
5855 220
5856 263
5857 221
5858 235
5859 311
5860 206
5861 255
5862 205
5863 211
5864 220
5865 221
5866 225
5867 307
5868 216
5869 236
5870 268
5871 237
5872 259
5873 245
5874 251
5875 152
5876 252
5877 237
5878 153
5879 184
5880 213
5881 190
5882 228
5883 228
5884 215
5885 193
5886 209
5887 170
5888 288
5889 202
5890 206
5891 245
5892 191
5893 206
5894 220
5895 258
5896 173
5897 221
5898 220
5899 250
5900 216
5901 206
5902 222
5903 248
5904 222
5905 227
5906 235
5907 190
5908 245
5909 244
5910 215
5911 297
5912 256
5913 269
5914 189
5915 254
5916 207
5917 234
5918 257
5919 242
5920 214
5921 0
5922 263
5923 242
5924 185
5925 212
5926 198
5927 138
5928 186
5929 273
5930 206
5931 233
5932 244
5933 169
5934 83
5935 179
5936 196
5937 231
5938 199
5939 205
5940 194
5941 195
5942 250
5943 220
5944 208
5945 242
5946 220
5947 198
5948 219
5949 213
5950 266
5951 250
5952 151
5953 183
5954 138
5955 222
5956 240
5957 231
5958 272
5959 253
5960 170
5961 230
5962 222
5963 187
5964 192
5965 206
5966 256
5967 225
5968 240
5969 175
5970 146
5971 217
5972 206
5973 236
5974 243
5975 209
5976 232
5977 164
5978 294
5979 228
5980 247
5981 252
5982 248
5983 202
5984 208
5985 217
5986 256
5987 218
5988 276
5989 207
5990 179
5991 233
5992 216
5993 220
5994 257
5995 251
5996 295
5997 217
5998 268
5999 216
6000 212
6001 151
6002 225
6003 202
6004 264
6005 180
6006 143
6007 237
6008 224
6009 204
6010 235
6011 179
6012 218
6013 241
6014 134
6015 257
6016 266
6017 215
6018 256
6019 193
6020 250
6021 165
6022 346
6023 217
6024 198
6025 225
6026 242
6027 252
6028 212
6029 230
6030 253
6031 226
6032 260
6033 294
6034 193
6035 235
6036 197
6037 214
6038 203
6039 256
6040 263
6041 267
6042 287
6043 220
6044 221
6045 206
6046 214
6047 262
6048 214
6049 276
6050 232
6051 185
6052 168
6053 219
6054 243
6055 194
6056 193
6057 233
6058 240
6059 230
6060 213
6061 218
6062 159
6063 303
6064 213
6065 224
6066 261
6067 234
6068 185
6069 269
6070 240
6071 233
6072 227
6073 222
6074 242
6075 319
6076 169
6077 273
6078 188
6079 150
6080 196
6081 132
6082 241
6083 230
6084 256
6085 220
6086 244
6087 222
6088 209
6089 171
6090 215
6091 238
6092 302
6093 230
6094 247
6095 241
6096 223
6097 252
6098 242
6099 258
6100 238
6101 199
6102 297
6103 217
6104 240
6105 207
6106 212
6107 220
6108 210
6109 212
6110 216
6111 211
6112 295
6113 241
6114 215
6115 207
6116 143
6117 237
6118 248
6119 240
6120 239
6121 260
6122 198
6123 252
6124 221
6125 234
6126 174
6127 261
6128 223
6129 152
6130 268
6131 187
6132 243
6133 300
6134 289
6135 244
6136 265
6137 212
6138 201
6139 195
6140 306
6141 185
6142 173
6143 242
6144 238
6145 276
6146 232
6147 239
6148 222
6149 230
6150 193
6151 253
6152 167
6153 238
6154 225
6155 252
6156 314
6157 258
6158 158
6159 235
6160 284
6161 314
6162 227
6163 222
6164 182
6165 222
6166 215
6167 198
6168 244
6169 209
6170 195
6171 267
6172 304
6173 243
6174 215
6175 254
6176 163
6177 243
6178 212
6179 222
6180 229
6181 181
6182 189
6183 183
6184 269
6185 190
6186 217
6187 226
6188 181
6189 218
6190 217
6191 195
6192 237
6193 231
6194 154
6195 220
6196 234
6197 190
6198 181
6199 211
6200 208
6201 211
6202 194
6203 261
6204 177
6205 215
6206 237
6207 313
6208 214
6209 276
6210 213
6211 294
6212 207
6213 243
6214 222
6215 213
6216 154
6217 226
6218 208
6219 209
6220 161
6221 252
6222 198
6223 191
6224 189
6225 316
6226 220
6227 283
6228 192
6229 228
6230 265
6231 275
6232 182
6233 146
6234 233
6235 279
6236 205
6237 238
6238 239
6239 200
6240 260
6241 252
6242 220
6243 184
6244 213
6245 220
6246 245
6247 221
6248 242
6249 222
6250 201
6251 189
6252 252
6253 225
6254 195
6255 230
6256 201
6257 216
6258 139
6259 245
6260 194
6261 273
6262 265
6263 225
6264 205
6265 241
6266 265
6267 208
6268 276
6269 200
6270 227
6271 191
6272 200
6273 215
6274 204
6275 271
6276 248
6277 289
6278 236
6279 223
6280 227
6281 259
6282 183
6283 240
6284 250
6285 0
6286 231
6287 207
6288 0
6289 202
6290 219
6291 248
6292 211
6293 162
6294 240
6295 296
6296 251
6297 0
6298 161
6299 207
6300 212
6301 207
6302 252
6303 203
6304 224
6305 169
6306 252
6307 245
6308 189
6309 230
6310 259
6311 221
6312 271
6313 220
6314 272
6315 229
6316 276
6317 232
6318 258
6319 227
6320 244
6321 212
6322 235
6323 194
6324 250
6325 166
6326 179
6327 234
6328 247
6329 275
6330 180
6331 223
6332 246
6333 251
6334 230
6335 233
6336 225
6337 192
6338 242
6339 275
6340 247
6341 235
6342 212
6343 207
6344 237
6345 205
6346 204
6347 190
6348 179
6349 273
6350 228
6351 172
6352 170
6353 221
6354 111
6355 245
6356 227
6357 176
6358 193
6359 254
6360 202
6361 245
6362 242
6363 253
6364 256
6365 203
6366 234
6367 194
6368 213
6369 221
6370 300
6371 198
6372 250
6373 272
6374 170
6375 262
6376 243
6377 142
6378 324
6379 199
6380 261
6381 261
6382 254
6383 229
6384 211
6385 290
6386 193
6387 203
6388 259
6389 194
6390 257
6391 280
6392 285
6393 241
6394 198
6395 154
6396 192
6397 190
6398 211
6399 204
6400 296
6401 179
6402 225
6403 196
6404 259
6405 229
6406 226
6407 179
6408 197
6409 250
6410 235
6411 244
6412 210
6413 287
6414 240
6415 269
6416 147
6417 241
6418 192
6419 218
6420 214
6421 248
6422 164
6423 237
6424 191
6425 211
6426 187
6427 204
6428 217
6429 177
6430 224
6431 204
6432 196
6433 274
6434 228
6435 242
6436 197
6437 262
6438 188
6439 265
6440 180
6441 256
6442 242
6443 198
6444 226
6445 261
6446 221
6447 266
6448 192
6449 189
6450 232
6451 242
6452 229
6453 252
6454 229
6455 212
6456 217
6457 213
6458 206
6459 226
6460 205
6461 227
6462 247
6463 284
6464 223
6465 277
6466 224
6467 217
6468 195
6469 216
6470 271
6471 224
6472 211
6473 176
6474 228
6475 260
6476 241
6477 204
6478 236
6479 177
6480 219
6481 272
6482 241
6483 189
6484 265
6485 292
6486 200
6487 298
6488 291
6489 123
6490 208
6491 166
6492 202
6493 220
6494 237
6495 235
6496 249
6497 187
6498 248
6499 233
6500 247
6501 181
6502 249
6503 202
6504 296
6505 224
6506 256
6507 236
6508 226
6509 298
6510 206
6511 216
6512 250
6513 239
6514 260
6515 285
6516 184
6517 192
6518 239
6519 209
6520 212
6521 159
6522 261
6523 201
6524 271
6525 214
6526 201
6527 243
6528 213
6529 249
6530 256
6531 191
6532 225
6533 214
6534 218
6535 206
6536 206
6537 211
6538 211
6539 249
6540 194
6541 188
6542 256
6543 123
6544 256
6545 229
6546 282
6547 263
6548 242
6549 303
6550 274
6551 221
6552 222
6553 260
6554 247
6555 237
6556 198
6557 208
6558 217
6559 233
6560 253
6561 244
6562 214
6563 248
6564 215
6565 298
6566 253
6567 170
6568 246
6569 191
6570 225
6571 269
6572 143
6573 211
6574 257
6575 222
6576 226
6577 220
6578 249
6579 199
6580 228
6581 161
6582 232
6583 213
6584 237
6585 276
6586 208
6587 131
6588 246
6589 128
6590 177
6591 229
6592 225
6593 227
6594 272
6595 223
6596 291
6597 166
6598 217
6599 223
6600 191
6601 287
6602 175
6603 216
6604 203
6605 194
6606 234
6607 227
6608 202
6609 273
6610 212
6611 244
6612 226
6613 113
6614 248
6615 242
6616 265
6617 195
6618 237
6619 196
6620 176
6621 262
6622 259
6623 166
6624 260
6625 267
6626 182
6627 229
6628 181
6629 165
6630 241
6631 235
6632 228
6633 154
6634 242
6635 183
6636 200
6637 291
6638 220
6639 265
6640 318
6641 259
6642 214
6643 187
6644 196
6645 213
6646 209
6647 267
6648 206
6649 231
6650 240
6651 257
6652 196
6653 207
6654 213
6655 222
6656 236
6657 114
6658 207
6659 325
6660 203
6661 182
6662 184
6663 265
6664 262
6665 168
6666 251
6667 287
6668 225
6669 248
6670 242
6671 175
6672 236
6673 252
6674 337
6675 267
6676 247
6677 195
6678 148
6679 221
6680 248
6681 282
6682 198
6683 189
6684 234
6685 206
6686 239
6687 203
6688 245
6689 250
6690 242
6691 193
6692 231
6693 224
6694 269
6695 209
6696 222
6697 205
6698 248
6699 187
6700 204
6701 220
6702 180
6703 219
6704 277
6705 177
6706 166
6707 349
6708 204
6709 211
6710 241
6711 233
6712 239
6713 216
6714 138
6715 231
6716 253
6717 210
6718 204
6719 271
6720 225
6721 236
6722 175
6723 126
6724 218
6725 238
6726 303
6727 211
6728 187
6729 239
6730 229
6731 228
6732 233
6733 206
6734 267
6735 234
6736 251
6737 233
6738 179
6739 247
6740 225
6741 275
6742 254
6743 249
6744 269
6745 151
6746 214
6747 240
6748 220
6749 266
6750 228
6751 235
6752 201
6753 177
6754 260
6755 252
6756 170
6757 218
6758 222
6759 295
6760 225
6761 238
6762 237
6763 211
6764 228
6765 230
6766 233
6767 218
6768 239
6769 204
6770 244
6771 216
6772 211
6773 215
6774 235
6775 125
6776 231
6777 232
6778 225
6779 227
6780 234
6781 255
6782 219
6783 294
6784 196
6785 230
6786 157
6787 233
6788 231
6789 217
6790 195
6791 204
6792 213
6793 253
6794 252
6795 242
6796 256
6797 174
6798 228
6799 198
6800 0
6801 217
6802 197
6803 312
6804 276
6805 250
6806 256
6807 220
6808 225
6809 210
6810 251
6811 229
6812 238
6813 198
6814 205
6815 248
6816 256
6817 244
6818 222
6819 166
6820 184
6821 229
6822 225
6823 208
6824 260
6825 202
6826 200
6827 257
6828 204
6829 230
6830 261
6831 215
6832 199
6833 199
6834 263
6835 341
6836 188
6837 200
6838 213
6839 225
6840 220
6841 178
6842 231
6843 206
6844 303
6845 277
6846 241
6847 183
6848 226
6849 305
6850 219
6851 250
6852 178
6853 173
6854 312
6855 244
6856 197
6857 230
6858 248
6859 224
6860 216
6861 138
6862 208
6863 208
6864 247
6865 209
6866 299
6867 205
6868 216
6869 214
6870 226
6871 275
6872 224
6873 251
6874 213
6875 243
6876 165
6877 208
6878 286
6879 202
6880 228
6881 215
6882 142
6883 116
6884 266
6885 200
6886 189
6887 144
6888 217
6889 185
6890 181
6891 207
6892 226
6893 247
6894 233
6895 224
6896 183
6897 257
6898 248
6899 231
6900 341
6901 211
6902 185
6903 221
6904 213
6905 194
6906 222
6907 171
6908 222
6909 227
6910 202
6911 208
6912 199
6913 216
6914 179
6915 201
6916 259
6917 201
6918 262
6919 182
6920 201
6921 203
6922 208
6923 225
6924 235
6925 244
6926 283
6927 178
6928 219
6929 217
6930 195
6931 204
6932 238
6933 244
6934 226
6935 264
6936 204
6937 220
6938 215
6939 282
6940 234
6941 235
6942 259
6943 225
6944 232
6945 201
6946 245
6947 194
6948 238
6949 247
6950 211
6951 281
6952 160
6953 222
6954 238
6955 291
6956 230
6957 217
6958 36
6959 267
6960 219
6961 209
6962 0
6963 257
6964 217
6965 178
6966 173
6967 196
6968 243
6969 195
6970 225
6971 223
6972 203
6973 178
6974 229
6975 269
6976 276
6977 236
6978 222
6979 283
6980 231
6981 171
6982 155
6983 213
6984 152
6985 235
6986 220
6987 159
6988 211
6989 202
6990 239
6991 175
6992 272
6993 160
6994 156
6995 201
6996 202
6997 169
6998 237
6999 185
7000 185
7001 214
7002 286
7003 224
7004 194
7005 225
7006 244
7007 184
7008 192
7009 234
7010 246
7011 219
7012 205
7013 248
7014 207
7015 283
7016 241
7017 182
7018 200
7019 195
7020 203
7021 215
7022 0
7023 234
7024 199
7025 219
7026 242
7027 263
7028 203
7029 210
7030 211
7031 273
7032 210
7033 172
7034 228
7035 199
7036 221
7037 212
7038 270
7039 189
7040 172
7041 214
7042 259
7043 0
7044 229
7045 266
7046 198
7047 204
7048 178
7049 205
7050 101
7051 231
7052 211
7053 257
7054 238
7055 171
7056 222
7057 279
7058 177
7059 235
7060 278
7061 216
7062 170
7063 242
7064 190
7065 196
7066 247
7067 228
7068 222
7069 248
7070 220
7071 244
7072 207
7073 201
7074 277
7075 282
7076 279
7077 235
7078 187
7079 161
7080 266
7081 292
7082 228
7083 260
7084 190
7085 221
7086 320
7087 251
7088 213
7089 186
7090 223
7091 239
7092 223
7093 198
7094 195
7095 242
7096 251
7097 223
7098 225
7099 217
7100 172
7101 286
7102 280
7103 258
7104 209
7105 222
7106 197
7107 181
7108 219
7109 239
7110 247
7111 211
7112 183
7113 180
7114 245
7115 229
7116 190
7117 229
7118 165
7119 232
7120 250
7121 259
7122 232
7123 206
7124 229
7125 230
7126 205
7127 229
7128 295
7129 189
7130 183
7131 181
7132 248
7133 291
7134 208
7135 305
7136 204
7137 231
7138 309
7139 247
7140 251
7141 285
7142 282
7143 152
7144 178
7145 247
7146 211
7147 254
7148 209
7149 177
7150 263
7151 250
7152 157
7153 182
7154 215
7155 227
7156 166
7157 283
7158 214
7159 189
7160 253
7161 194
7162 175
7163 189
7164 236
7165 231
7166 216
7167 289
7168 231
7169 257
7170 269
7171 225
7172 245
7173 234
7174 257
7175 270
7176 236
7177 251
7178 275
7179 234
7180 196
7181 234
7182 209
7183 260
7184 182
7185 188
7186 183
7187 230
7188 232
7189 168
7190 206
7191 206
7192 264
7193 170
7194 204
7195 198
7196 215
7197 207
7198 256
7199 154
7200 239
7201 284
7202 243
7203 203
7204 216
7205 258
7206 206
7207 225
7208 210
7209 227
7210 217
7211 181
7212 231
7213 307
7214 192
7215 227
7216 178
7217 194
7218 301
7219 206
7220 178
7221 195
7222 264
7223 203
7224 237
7225 224
7226 265
7227 291
7228 227
7229 236
7230 217
7231 235
7232 197
7233 246
7234 235
7235 218
7236 268
7237 233
7238 248
7239 283
7240 270
7241 210
7242 110
7243 176
7244 197
7245 214
7246 211
7247 215
7248 222
7249 227
7250 285
7251 160
7252 320
7253 233
7254 238
7255 212
7256 217
7257 227
7258 242
7259 155
7260 205
7261 253
7262 228
7263 233
7264 166
7265 241
7266 277
7267 236
7268 183
7269 235
7270 235
7271 230
7272 193
7273 245
7274 185
7275 213
7276 189
7277 261
7278 189
7279 207
7280 234
7281 217
7282 208
7283 269
7284 148
7285 247
7286 292
7287 186
7288 185
7289 222
7290 248
7291 238
7292 211
7293 228
7294 224
7295 234
7296 177
7297 229
7298 211
7299 251
7300 210
7301 218
7302 284
7303 272
7304 217
7305 216
7306 195
7307 227
7308 253
7309 223
7310 231
7311 221
7312 252
7313 190
7314 176
7315 227
7316 246
7317 254
7318 225
7319 206
7320 200
7321 129
7322 241
7323 170
7324 245
7325 220
7326 198
7327 214
7328 0
7329 227
7330 182
7331 327
7332 215
7333 243
7334 186
7335 193
7336 257
7337 256
7338 225
7339 151
7340 229
7341 259
7342 253
7343 222
7344 107
7345 273
7346 256
7347 213
7348 242
7349 206
7350 237
7351 218
7352 222
7353 212
7354 213
7355 261
7356 242
7357 254
7358 252
7359 201
7360 246
7361 238
7362 199
7363 213
7364 165
7365 269
7366 255
7367 242
7368 247
7369 306
7370 253
7371 202
7372 251
7373 213
7374 322
7375 238
7376 216
7377 181
7378 191
7379 211
7380 212
7381 219
7382 237
7383 222
7384 222
7385 162
7386 244
7387 225
7388 264
7389 242
7390 192
7391 255
7392 222
7393 213
7394 143
7395 212
7396 226
7397 259
7398 302
7399 263
7400 235
7401 175
7402 245
7403 249
7404 255
7405 207
7406 247
7407 255
7408 133
7409 333
7410 258
7411 199
7412 233
7413 231
7414 204
7415 260
7416 235
7417 150
7418 267
7419 249
7420 209
7421 212
7422 218
7423 293
7424 210
7425 277
7426 319
7427 253
7428 222
7429 299
7430 250
7431 200
7432 189
7433 209
7434 177
7435 224
7436 219
7437 213
7438 189
7439 123
7440 193
7441 204
7442 191
7443 216
7444 232
7445 189
7446 228
7447 248
7448 148
7449 186
7450 267
7451 217
7452 230
7453 244
7454 269
7455 262
7456 217
7457 225
7458 224
7459 192
7460 212
7461 237
7462 219
7463 182
7464 191
7465 190
7466 226
7467 226
7468 195
7469 249
7470 263
7471 216
7472 258
7473 208
7474 227
7475 225
7476 220
7477 188
7478 272
7479 288
7480 170
7481 217
7482 218
7483 193
7484 181
7485 282
7486 138
7487 215
7488 191
7489 232
7490 227
7491 226
7492 238
7493 192
7494 180
7495 268
7496 322
7497 263
7498 208
7499 254
7500 226
7501 205
7502 265
7503 228
7504 190
7505 289
7506 221
7507 227
7508 258
7509 287
7510 276
7511 220
7512 263
7513 239
7514 270
7515 269
7516 283
7517 243
7518 233
7519 224
7520 241
7521 227
7522 215
7523 226
7524 216
7525 152
7526 257
7527 225
7528 248
7529 218
7530 201
7531 250
7532 160
7533 203
7534 238
7535 174
7536 194
7537 187
7538 220
7539 170
7540 230
7541 131
7542 228
7543 215
7544 217
7545 219
7546 326
7547 224
7548 193
7549 184
7550 184
7551 313
7552 252
7553 272
7554 218
7555 189
7556 276
7557 195
7558 234
7559 173
7560 250
7561 195
7562 230
7563 198
7564 200
7565 229
7566 234
7567 264
7568 202
7569 237
7570 241
7571 218
7572 145
7573 242
7574 248
7575 259
7576 263
7577 206
7578 250
7579 224
7580 204
7581 155
7582 168
7583 227
7584 317
7585 232
7586 184
7587 249
7588 267
7589 256
7590 234
7591 234
7592 0
7593 225
7594 242
7595 229
7596 183
7597 224
7598 192
7599 228
7600 155
7601 244
7602 199
7603 236
7604 205
7605 275
7606 210
7607 211
7608 214
7609 146
7610 247
7611 0
7612 219
7613 212
7614 152
7615 200
7616 229
7617 182
7618 269
7619 223
7620 227
7621 245
7622 234
7623 265
7624 215
7625 263
7626 275
7627 231
7628 167
7629 266
7630 240
7631 272
7632 162
7633 196
7634 228
7635 206
7636 206
7637 216
7638 267
7639 195
7640 222
7641 195
7642 218
7643 166
7644 212
7645 231
7646 220
7647 201
7648 257
7649 249
7650 271
7651 186
7652 196
7653 302
7654 271
7655 209
7656 237
7657 178
7658 297
7659 189
7660 176
7661 234
7662 199
7663 219
7664 130
7665 269
7666 137
7667 192
7668 265
7669 213
7670 277
7671 224
7672 248
7673 198
7674 280
7675 271
7676 190
7677 246
7678 205
7679 161
7680 213
7681 143
7682 174
7683 209
7684 233
7685 208
7686 263
7687 258
7688 228
7689 230
7690 214
7691 253
7692 219
7693 312
7694 194
7695 322
7696 220
7697 246
7698 188
7699 234
7700 240
7701 202
7702 223
7703 216
7704 275
7705 220
7706 202
7707 246
7708 238
7709 261
7710 208
7711 196
7712 211
7713 253
7714 306
7715 190
7716 217
7717 200
7718 238
7719 249
7720 217
7721 202
7722 192
7723 214
7724 233
7725 216
7726 195
7727 264
7728 186
7729 242
7730 202
7731 300
7732 209
7733 258
7734 156
7735 203
7736 230
7737 192
7738 244
7739 206
7740 253
7741 220
7742 271
7743 200
7744 197
7745 200
7746 183
7747 216
7748 219
7749 130
7750 229
7751 202
7752 168
7753 238
7754 233
7755 265
7756 157
7757 197
7758 215
7759 264
7760 276
7761 286
7762 259
7763 243
7764 225
7765 175
7766 252
7767 203
7768 123
7769 261
7770 206
7771 203
7772 233
7773 250
7774 242
7775 243
7776 194
7777 213
7778 208
7779 178
7780 293
7781 209
7782 224
7783 207
7784 226
7785 228
7786 253
7787 251
7788 186
7789 243
7790 188
7791 230
7792 213
7793 232
7794 222
7795 185
7796 252
7797 227
7798 273
7799 211
7800 229
7801 207
7802 202
7803 179
7804 292
7805 242
7806 220
7807 214
7808 220
7809 266
7810 200
7811 220
7812 238
7813 268
7814 199
7815 171
7816 257
7817 234
7818 170
7819 243
7820 210
7821 286
7822 237
7823 169
7824 210
7825 0
7826 210
7827 213
7828 195
7829 211
7830 238
7831 270
7832 224
7833 239
7834 216
7835 173
7836 212
7837 135
7838 200
7839 192
7840 255
7841 201
7842 307
7843 159
7844 174
7845 187
7846 191
7847 196
7848 178
7849 154
7850 260
7851 242
7852 300
7853 223
7854 253
7855 222
7856 237
7857 220
7858 242
7859 289
7860 132
7861 0
7862 200
7863 196
7864 229
7865 225
7866 241
7867 275
7868 204
7869 203
7870 193
7871 294
7872 245
7873 209
7874 214
7875 267
7876 232
7877 238
7878 159
7879 237
7880 221
7881 240
7882 228
7883 220
7884 282
7885 219
7886 166
7887 222
7888 233
7889 213
7890 248
7891 205
7892 207
7893 239
7894 223
7895 212
7896 229
7897 209
7898 180
7899 169
7900 259
7901 119
7902 227
7903 238
7904 133
7905 296
7906 188
7907 260
7908 269
7909 215
7910 258
7911 268
7912 239
7913 248
7914 157
7915 153
7916 196
7917 175
7918 239
7919 180
7920 257
7921 235
7922 202
7923 185
7924 229
7925 201
7926 245
7927 234
7928 201
7929 209
7930 161
7931 222
7932 259
7933 220
7934 234
7935 182
7936 178
7937 214
7938 183
7939 190
7940 234
7941 235
7942 202
7943 240
7944 199
7945 234
7946 202
7947 223
7948 198
7949 214
7950 225
7951 211
7952 210
7953 278
7954 177
7955 225
7956 244
7957 263
7958 212
7959 241
7960 276
7961 272
7962 288
7963 211
7964 236
7965 290
7966 169
7967 217
7968 279
7969 248
7970 247
7971 200
7972 177
7973 170
7974 0
7975 230
7976 374
7977 288
7978 224
7979 180
7980 194
7981 257
7982 230
7983 235
7984 245
7985 261
7986 235
7987 246
7988 144
7989 247
7990 203
7991 212
7992 227
7993 243
7994 202
7995 0
7996 224
7997 242
7998 139
7999 223
8000 227
8001 255
8002 275
8003 230
8004 226
8005 234
8006 223
8007 187
8008 267
8009 266
8010 283
8011 198
8012 300
8013 238
8014 227
8015 233
8016 236
8017 222
8018 238
8019 278
8020 294
8021 194
8022 178
8023 179
8024 241
8025 165
8026 232
8027 208
8028 226
8029 195
8030 285
8031 252
8032 208
8033 247
8034 223
8035 307
8036 249
8037 210
8038 227
8039 217
8040 193
8041 286
8042 224
8043 202
8044 233
8045 254
8046 241
8047 202
8048 223
8049 277
8050 235
8051 226
8052 261
8053 204
8054 252
8055 261
8056 241
8057 193
8058 195
8059 231
8060 225
8061 229
8062 199
8063 269
8064 242
8065 171
8066 264
8067 240
8068 213
8069 243
8070 203
8071 258
8072 214
8073 194
8074 191
8075 238
8076 217
8077 160
8078 242
8079 258
8080 236
8081 233
8082 221
8083 182
8084 272
8085 233
8086 192
8087 160
8088 210
8089 265
8090 216
8091 221
8092 238
8093 253
8094 208
8095 241
8096 288
8097 208
8098 215
8099 227
8100 234
8101 201
8102 284
8103 269
8104 197
8105 244
8106 228
8107 240
8108 199
8109 143
8110 0
8111 209
8112 193
8113 237
8114 239
8115 240
8116 237
8117 174
8118 243
8119 202
8120 206
8121 224
8122 217
8123 170
8124 249
8125 224
8126 209
8127 215
8128 210
8129 190
8130 262
8131 185
8132 308
8133 231
8134 201
8135 256
8136 170
8137 264
8138 258
8139 221
8140 240
8141 209
8142 197
8143 218
8144 242
8145 235
8146 215
8147 231
8148 183
8149 210
8150 129
8151 276
8152 258
8153 269
8154 273
8155 279
8156 207
8157 191
8158 240
8159 203
8160 211
8161 179
8162 261
8163 204
8164 260
8165 199
8166 235
8167 274
8168 182
8169 263
8170 201
8171 132
8172 197
8173 248
8174 251
8175 264
8176 235
8177 269
8178 269
8179 240
8180 144
8181 237
8182 182
8183 184
8184 291
8185 222
8186 119
8187 231
8188 213
8189 243
8190 350
8191 210
8192 0
8193 243
8194 194
8195 308
8196 162
8197 207
8198 208
8199 224
8200 216
8201 238
8202 236
8203 225
8204 236
8205 200
8206 258
8207 212
8208 207
8209 280
8210 195
8211 274
8212 242
8213 203
8214 185
8215 237
8216 270
8217 279
8218 180
8219 237
8220 192
8221 233
8222 195
8223 281
8224 219
8225 244
8226 237
8227 213
8228 254
8229 237
8230 198
8231 318
8232 245
8233 179
8234 227
8235 227
8236 178
8237 237
8238 238
8239 184
8240 246
8241 187
8242 220
8243 237
8244 246
8245 252
8246 245
8247 165
8248 236
8249 218
8250 210
8251 283
8252 205
8253 221
8254 200
8255 234
8256 255
8257 205
8258 251
8259 247
8260 221
8261 285
8262 197
8263 164
8264 173
8265 209
8266 198
8267 241
8268 265
8269 243
8270 188
8271 147
8272 187
8273 235
8274 239
8275 215
8276 256
8277 231
8278 192
8279 230
8280 250
8281 221
8282 227
8283 232
8284 269
8285 241
8286 213
8287 268
8288 226
8289 270
8290 205
8291 223
8292 231
8293 199
8294 243
8295 189
8296 218
8297 229
8298 224
8299 226
8300 220
8301 191
8302 205
8303 225
8304 260
8305 232
8306 198
8307 142
8308 239
8309 215
8310 201
8311 289
8312 196
8313 234
8314 211
8315 203
8316 265
8317 140
8318 218
8319 251
8320 210
8321 227
8322 179
8323 194
8324 245
8325 243
8326 162
8327 227
8328 189
8329 207
8330 226
8331 174
8332 199
8333 210
8334 193
8335 189
8336 181
8337 270
8338 243
8339 222
8340 209
8341 219
8342 200
8343 252
8344 182
8345 248
8346 357
8347 209
8348 264
8349 172
8350 223
8351 207
8352 183
8353 232
8354 210
8355 201
8356 182
8357 220
8358 257
8359 280
8360 253
8361 271
8362 249
8363 169
8364 209
8365 252
8366 281
8367 262
8368 190
8369 163
8370 212
8371 245
8372 219
8373 248
8374 204
8375 246
8376 187
8377 228
8378 208
8379 200
8380 225
8381 188
8382 256
8383 234
8384 200
8385 276
8386 209
8387 183
8388 255
8389 298
8390 246
8391 127
8392 266
8393 208
8394 278
8395 232
8396 262
8397 179
8398 287
8399 265
8400 235
8401 244
8402 341
8403 245
8404 218
8405 192
8406 242
8407 192
8408 217
8409 222
8410 161
8411 283
8412 237
8413 274
8414 227
8415 184
8416 261
8417 256
8418 211
8419 274
8420 230
8421 221
8422 238
8423 244
8424 252
8425 194
8426 217
8427 218
8428 202
8429 214
8430 192
8431 265
8432 113
8433 301
8434 249
8435 232
8436 198
8437 232
8438 202
8439 231
8440 263
8441 176
8442 229
8443 234
8444 215
8445 229
8446 258
8447 206
8448 194
8449 205
8450 249
8451 249
8452 190
8453 259
8454 259
8455 200
8456 228
8457 228
8458 242
8459 235
8460 279
8461 265
8462 252
8463 299
8464 177
8465 266
8466 188
8467 268
8468 235
8469 248
8470 185
8471 220
8472 209
8473 267
8474 209
8475 250
8476 224
8477 242
8478 260
8479 290
8480 227
8481 241
8482 257
8483 298
8484 252
8485 225
8486 210
8487 220
8488 264
8489 139
8490 218
8491 161
8492 195
8493 232
8494 303
8495 215
8496 234
8497 234
8498 241
8499 222
8500 227
8501 266
8502 211
8503 248
8504 230
8505 220
8506 234
8507 248
8508 255
8509 224
8510 216
8511 235
8512 180
8513 270
8514 195
8515 271
8516 231
8517 241
8518 237
8519 245
8520 258
8521 232
8522 200
8523 183
8524 271
8525 212
8526 204
8527 284
8528 255
8529 250
8530 225
8531 251
8532 188
8533 216
8534 237
8535 256
8536 167
8537 287
8538 250
8539 240
8540 264
8541 189
8542 276
8543 217
8544 255
8545 248
8546 240
8547 272
8548 201
8549 246
8550 229
8551 286
8552 249
8553 210
8554 201
8555 168
8556 239
8557 318
8558 262
8559 275
8560 198
8561 247
8562 222
8563 223
8564 258
8565 243
8566 188
8567 200
8568 207
8569 117
8570 265
8571 168
8572 192
8573 212
8574 249
8575 208
8576 252
8577 160
8578 294
8579 205
8580 259
8581 270
8582 237
8583 217
8584 252
8585 162
8586 221
8587 164
8588 178
8589 212
8590 340
8591 208
8592 194
8593 254
8594 240
8595 258
8596 231
8597 207
8598 200
8599 216
8600 248
8601 255
8602 216
8603 211
8604 245
8605 210
8606 202
8607 280
8608 217
8609 243
8610 165
8611 247
8612 247
8613 187
8614 166
8615 235
8616 222
8617 206
8618 256
8619 237
8620 306
8621 216
8622 288
8623 221
8624 235
8625 226
8626 243
8627 267
8628 195
8629 231
8630 236
8631 311
8632 237
8633 239
8634 189
8635 197
8636 248
8637 200
8638 200
8639 203
8640 222
8641 310
8642 218
8643 238
8644 158
8645 295
8646 249
8647 267
8648 283
8649 189
8650 217
8651 204
8652 242
8653 218
8654 238
8655 234
8656 210
8657 163
8658 179
8659 210
8660 235
8661 173
8662 247
8663 289
8664 277
8665 229
8666 204
8667 217
8668 188
8669 200
8670 214
8671 223
8672 260
8673 254
8674 215
8675 266
8676 216
8677 221
8678 268
8679 240
8680 179
8681 230
8682 222
8683 161
8684 234
8685 218
8686 200
8687 224
8688 240
8689 179
8690 232
8691 225
8692 217
8693 259
8694 209
8695 250
8696 225
8697 235
8698 224
8699 222
8700 184
8701 268
8702 270
8703 245
8704 241
8705 318
8706 245
8707 273
8708 214
8709 234
8710 251
8711 148
8712 212
8713 169
8714 211
8715 213
8716 198
8717 234
8718 177
8719 219
8720 232
8721 204
8722 238
8723 188
8724 257
8725 225
8726 294
8727 212
8728 132
8729 268
8730 191
8731 256
8732 283
8733 251
8734 206
8735 150
8736 221
8737 192
8738 248
8739 206
8740 198
8741 248
8742 246
8743 188
8744 236
8745 232
8746 204
8747 268
8748 187
8749 230
8750 220
8751 247
8752 281
8753 303
8754 178
8755 139
8756 242
8757 182
8758 185
8759 196
8760 240
8761 261
8762 264
8763 197
8764 219
8765 239
8766 202
8767 240
8768 236
8769 193
8770 163
8771 201
8772 203
8773 216
8774 237
8775 218
8776 231
8777 196
8778 246
8779 276
8780 241
8781 248
8782 215
8783 286
8784 212
8785 281
8786 161
8787 194
8788 239
8789 178
8790 154
8791 192
8792 236
8793 192
8794 247
8795 245
8796 219
8797 202
8798 197
8799 220
8800 196
8801 199
8802 226
8803 165
8804 245
8805 223
8806 242
8807 268
8808 255
8809 199
8810 215
8811 213
8812 266
8813 204
8814 250
8815 211
8816 212
8817 235
8818 215
8819 213
8820 217
8821 259
8822 270
8823 245
8824 273
8825 296
8826 234
8827 220
8828 190
8829 203
8830 235
8831 326
8832 259
8833 223
8834 233
8835 247
8836 215
8837 217
8838 214
8839 194
8840 242
8841 256
8842 228
8843 221
8844 176
8845 258
8846 220
8847 231
8848 235
8849 197
8850 179
8851 221
8852 229
8853 219
8854 250
8855 216
8856 162
8857 273
8858 244
8859 262
8860 209
8861 223
8862 165
8863 252
8864 244
8865 209
8866 233
8867 225
8868 245
8869 242
8870 268
8871 238
8872 182
8873 280
8874 198
8875 197
8876 207
8877 230
8878 181
8879 158
8880 232
8881 232
8882 232
8883 246
8884 252
8885 203
8886 191
8887 263
8888 189
8889 222
8890 234
8891 206
8892 252
8893 187
8894 212
8895 212
8896 199
8897 199
8898 260
8899 209
8900 272
8901 215
8902 287
8903 235
8904 160
8905 219
8906 199
8907 231
8908 233
8909 241
8910 184
8911 289
8912 219
8913 246
8914 217
8915 257
8916 241
8917 264
8918 230
8919 195
8920 214
8921 211
8922 211
8923 245
8924 267
8925 207
8926 248
8927 178
8928 215
8929 176
8930 200
8931 192
8932 227
8933 185
8934 282
8935 297
8936 240
8937 185
8938 224
8939 0
8940 206
8941 292
8942 202
8943 194
8944 235
8945 221
8946 269
8947 221
8948 258
8949 240
8950 184
8951 196
8952 206
8953 230
8954 285
8955 264
8956 198
8957 205
8958 238
8959 245
8960 214
8961 202
8962 229
8963 228
8964 219
8965 181
8966 213
8967 187
8968 229
8969 221
8970 215
8971 218
8972 163
8973 210
8974 214
8975 253
8976 239
8977 206
8978 244
8979 322
8980 244
8981 152
8982 274
8983 235
8984 240
8985 213
8986 223
8987 203
8988 241
8989 246
8990 258
8991 286
8992 201
8993 242
8994 238
8995 242
8996 270
8997 215
8998 214
8999 166
9000 280
9001 191
9002 177
9003 171
9004 253
9005 221
9006 218
9007 259
9008 200
9009 263
9010 263
9011 230
9012 234
9013 185
9014 180
9015 224
9016 261
9017 210
9018 187
9019 212
9020 202
9021 249
9022 351
9023 229
9024 233
9025 247
9026 227
9027 214
9028 224
9029 249
9030 229
9031 190
9032 201
9033 253
9034 194
9035 0
9036 265
9037 248
9038 173
9039 286
9040 130
9041 293
9042 251
9043 208
9044 232
9045 231
9046 209
9047 245
9048 248
9049 166
9050 261
9051 197
9052 151
9053 253
9054 211
9055 244
9056 188
9057 194
9058 154
9059 212
9060 215
9061 154
9062 169
9063 253
9064 201
9065 234
9066 193
9067 301
9068 202
9069 212
9070 248
9071 195
9072 200
9073 167
9074 189
9075 240
9076 242
9077 198
9078 221
9079 234
9080 254
9081 208
9082 227
9083 208
9084 216
9085 162
9086 229
9087 258
9088 243
9089 189
9090 230
9091 196
9092 251
9093 210
9094 226
9095 214
9096 250
9097 267
9098 234
9099 230
9100 221
9101 184
9102 211
9103 190
9104 237
9105 239
9106 210
9107 233
9108 166
9109 233
9110 205
9111 240
9112 193
9113 238
9114 270
9115 218
9116 236
9117 191
9118 124
9119 158
9120 167
9121 187
9122 199
9123 227
9124 227
9125 273
9126 230
9127 198
9128 229
9129 221
9130 168
9131 255
9132 175
9133 223
9134 223
9135 122
9136 268
9137 189
9138 212
9139 228
9140 216
9141 233
9142 247
9143 122
9144 211
9145 217
9146 202
9147 201
9148 222
9149 231
9150 240
9151 191
9152 195
9153 178
9154 142
9155 235
9156 193
9157 336
9158 212
9159 152
9160 255
9161 248
9162 244
9163 267
9164 230
9165 229
9166 184
9167 221
9168 278
9169 176
9170 216
9171 231
9172 203
9173 131
9174 289
9175 223
9176 262
9177 247
9178 212
9179 223
9180 241
9181 249
9182 223
9183 224
9184 226
9185 253
9186 219
9187 213
9188 167
9189 208
9190 247
9191 226
9192 216
9193 238
9194 231
9195 208
9196 178
9197 215
9198 235
9199 291
9200 222
9201 249
9202 216
9203 242
9204 230
9205 186
9206 298
9207 240
9208 250
9209 251
9210 220
9211 252
9212 201
9213 229
9214 258
9215 298
9216 217
9217 199
9218 275
9219 273
9220 259
9221 297
9222 261
9223 144
9224 236
9225 227
9226 179
9227 151
9228 191
9229 159
9230 283
9231 198
9232 257
9233 234
9234 227
9235 0
9236 192
9237 174
9238 219
9239 165
9240 233
9241 239
9242 245
9243 242
9244 199
9245 224
9246 182
9247 232
9248 246
9249 225
9250 211
9251 184
9252 249
9253 275
9254 251
9255 199
9256 243
9257 284
9258 357
9259 253
9260 303
9261 287
9262 239
9263 216
9264 205
9265 213
9266 214
9267 176
9268 122
9269 222
9270 222
9271 216
9272 215
9273 225
9274 317
9275 213
9276 177
9277 166
9278 230
9279 266
9280 227
9281 208
9282 210
9283 303
9284 209
9285 220
9286 253
9287 166
9288 218
9289 211
9290 261
9291 209
9292 283
9293 199
9294 237
9295 232
9296 204
9297 278
9298 178
9299 194
9300 217
9301 215
9302 302
9303 268
9304 235
9305 197
9306 218
9307 210
9308 211
9309 175
9310 213
9311 215
9312 222
9313 259
9314 235
9315 250
9316 225
9317 231
9318 200
9319 233
9320 238
9321 247
9322 206
9323 280
9324 263
9325 223
9326 139
9327 272
9328 232
9329 231
9330 233
9331 171
9332 240
9333 247
9334 240
9335 184
9336 252
9337 181
9338 235
9339 215
9340 231
9341 227
9342 322
9343 183
9344 208
9345 227
9346 203
9347 203
9348 222
9349 202
9350 183
9351 268
9352 132
9353 238
9354 216
9355 233
9356 233
9357 234
9358 170
9359 180
9360 165
9361 197
9362 236
9363 234
9364 245
9365 268
9366 192
9367 220
9368 264
9369 209
9370 181
9371 227
9372 304
9373 240
9374 209
9375 234
9376 228
9377 229
9378 179
9379 218
9380 229
9381 217
9382 249
9383 202
9384 221
9385 223
9386 252
9387 256
9388 251
9389 257
9390 210
9391 139
9392 191
9393 258
9394 214
9395 192
9396 158
9397 207
9398 180
9399 259
