Vertices: 8700
Edges: 43500
Time: 2,907 ms
Iterations: 43246
Vertex Distance
0 0
1 235
2 98
3 194
4 164
5 210
6 245
7 153
8 178
9 228
10 174
11 170
12 196
13 190
14 100
15 191
16 210
17 249
18 246
19 167
20 217
21 148
22 194
23 192
24 155
25 193
26 171
27 197
28 240
29 176
30 291
31 208
32 121
33 163
34 171
35 188
36 208
37 214
38 65
39 213
40 242
41 222
42 225
43 222
44 229
45 180
46 169
47 222
48 196
49 153
50 206
51 180
52 241
53 109
54 219
55 173
56 168
57 183
58 231
59 170
60 242
61 281
62 215
63 196
64 125
65 162
66 225
67 168
68 162
69 154
70 197
71 166
72 226
73 205
74 298
75 187
76 212
77 229
78 174
79 200
80 221
81 176
82 215
83 103
84 245
85 220
86 199
87 158
88 203
89 173
90 198
91 214
92 223
93 210
94 234
95 229
96 258
97 155
98 221
99 184
100 297
101 160
102 205
103 197
104 211
105 171
106 194
107 213
108 216
109 204
110 241
111 172
112 136
113 188
114 154
115 239
116 229
117 233
118 178
119 185
120 182
121 206
122 160
123 188
124 300
125 192
126 237
127 113
128 192
129 216
130 176
131 205
132 207
133 48
134 171
135 201
136 125
137 172
138 111
139 200
140 140
141 210
142 201
143 190
144 197
145 206
146 232
147 136
148 217
149 178
150 151
151 203
152 152
153 216
154 186
155 189
156 255
157 202
158 176
159 243
160 171
161 221
162 203
163 155
164 236
165 240
166 197
167 250
168 226
169 192
170 163
171 252
172 133
173 233
174 184
175 217
176 191
177 163
178 195
179 170
180 204
181 162
182 171
183 190
184 235
185 238
186 193
187 114
188 221
189 248
190 220
191 132
192 172
193 229
194 223
195 227
196 144
197 177
198 180
199 197
200 195
201 233
202 225
203 192
204 176
205 151
206 153
207 166
208 240
209 177
210 206
211 138
212 148
213 187
214 234
215 210
216 218
217 237
218 140
219 153
220 206
221 237
222 173
223 257
224 163
225 194
226 200
227 144
228 229
229 217
230 206
231 201
232 241
233 172
234 224
235 200
236 202
237 233
238 237
239 202
240 256
241 256
242 173
243 126
244 209
245 162
246 192
247 195
248 181
249 112
250 220
251 191
252 247
253 205
254 208
255 204
256 164
257 204
258 172
259 149
260 229
261 167
262 194
263 210
264 163
265 214
266 239
267 177
268 179
269 217
270 216
271 275
272 206
273 211
274 212
275 120
276 244
277 203
278 179
279 177
280 240
281 187
282 196
283 207
284 203
285 203
286 172
287 144
288 217
289 224
290 196
291 195
292 229
293 201
294 235
295 207
296 282
297 168
298 247
299 186
300 145
301 88
302 197
303 190
304 159
305 204
306 189
307 254
308 219
309 186
310 256
311 0
312 205
313 234
314 219
315 162
316 222
317 165
318 196
319 0
320 202
321 211
322 257
323 174
324 225
325 176
326 195
327 179
328 196
329 137
330 235
331 95
332 255
333 190
334 178
335 217
336 227
337 200
338 182
339 176
340 229
341 231
342 186
343 187
344 219
345 203
346 234
347 197
348 232
349 230
350 186
351 242
352 258
353 275
354 209
355 226
356 219
357 184
358 86
359 101
360 196
361 198
362 218
363 198
364 216
365 176
366 227
367 206
368 218
369 191
370 186
371 201
372 183
373 163
374 196
375 184
376 212
377 164
378 208
379 185
380 183
381 196
382 169
383 154
384 164
385 183
386 182
387 191
388 240
389 288
390 183
391 231
392 191
393 254
394 167
395 185
396 205
397 186
398 190
399 121
400 173
401 250
402 175
403 178
404 138
405 172
406 207
407 248
408 209
409 196
410 222
411 161
412 182
413 233
414 188
415 189
416 200
417 179
418 148
419 168
420 188
421 210
422 183
423 188
424 207
425 182
426 179
427 258
428 157
429 145
430 227
431 130
432 229
433 237
434 177
435 220
436 177
437 149
438 130
439 138
440 199
441 236
442 192
443 184
444 257
445 182
446 172
447 222
448 141
449 215
450 170
451 205
452 139
453 247
454 197
455 258
456 138
457 194
458 272
459 181
460 209
461 261
462 220
463 224
464 198
465 228
466 231
467 231
468 215
469 224
470 180
471 210
472 194
473 193
474 198
475 230
476 216
477 170
478 162
479 210
480 177
481 192
482 198
483 229
484 218
485 147
486 179
487 179
488 151
489 168
490 230
491 189
492 199
493 185
494 130
495 230
496 148
497 207
498 172
499 230
500 227
501 219
502 146
503 218
504 197
505 197
506 193
507 162
508 167
509 247
510 204
511 241
512 269
513 233
514 181
515 197
516 193
517 188
518 230
519 229
520 230
521 208
522 183
523 177
524 238
525 276
526 235
527 302
528 176
529 212
530 157
531 159
532 223
533 0
534 191
535 216
536 298
537 228
538 191
539 213
540 193
541 182
542 196
543 189
544 200
545 194
546 234
547 253
548 207
549 153
550 189
551 191
552 210
553 130
554 101
555 176
556 223
557 179
558 164
559 220
560 188
561 176
562 263
563 213
564 171
565 181
566 217
567 182
568 183
569 220
570 196
571 178
572 186
573 260
574 149
575 259
576 208
577 203
578 201
579 217
580 181
581 252
582 243
583 218
584 192
585 182
586 165
587 217
588 208
589 193
590 153
591 253
592 99
593 214
594 182
595 230
596 190
597 172
598 167
599 249
600 201
601 287
602 137
603 170
604 182
605 196
606 188
607 263
608 281
609 201
610 175
611 210
612 209
613 243
614 170
615 223
616 191
617 102
618 171
619 193
620 200
621 247
622 200
623 201
624 215
625 177
626 215
627 201
628 210
629 199
630 178
631 223
632 141
633 182
634 246
635 224
636 217
637 239
638 162
639 198
640 205
641 70
642 187
643 227
644 223
645 206
646 169
647 213
648 210
649 166
650 202
651 178
652 170
653 167
654 195
655 141
656 196
657 186
658 132
659 229
660 184
661 166
662 166
663 209
664 149
665 203
666 144
667 214
668 224
669 148
670 209
671 160
672 217
673 173
674 202
675 242
676 165
677 225
678 290
679 164
680 240
681 186
682 153
683 251
684 231
685 201
686 240
687 220
688 202
689 219
690 172
691 215
692 214
693 266
694 159
695 186
696 234
697 186
698 220
699 186
700 173
701 184
702 197
703 206
704 241
705 190
706 172
707 220
708 211
709 232
710 156
711 226
712 198
713 252
714 173
715 228
716 183
717 190
718 219
719 165
720 146
721 223
722 163
723 164
724 228
725 217
726 183
727 142
728 190
729 273
730 211
731 121
732 122
733 255
734 201
735 176
736 200
737 229
738 202
739 207
740 198
741 171
742 226
743 175
744 169
745 244
746 195
747 180
748 181
749 139
750 153
751 264
752 225
753 181
754 182
755 196
756 142
757 195
758 179
759 195
760 211
761 165
762 222
763 168
764 234
765 250
766 203
767 233
768 234
769 190
770 164
771 150
772 204
773 278
774 215
775 174
776 243
777 219
778 267
779 187
780 247
781 190
782 150
783 195
784 181
785 248
786 205
787 193
788 196
789 236
790 185
791 145
792 201
793 195
794 230
795 163
796 170
797 217
798 152
799 211
800 299
801 195
802 190
803 214
804 199
805 220
806 230
807 276
808 182
809 244
810 168
811 152
812 227
813 136
814 198
815 224
816 255
817 154
818 205
819 180
820 0
821 208
822 200
823 110
824 224
825 203
826 268
827 209
828 173
829 220
830 219
831 231
832 180
833 247
834 141
835 174
836 207
837 171
838 179
839 142
840 181
841 247
842 197
843 311
844 237
845 200
846 225
847 113
848 151
849 162
850 220
851 230
852 192
853 225
854 258
855 242
856 244
857 188
858 237
859 157
860 188
861 128
862 153
863 305
864 204
865 157
866 227
867 212
868 188
869 182
870 137
871 163
872 208
873 195
874 203
875 192
876 233
877 199
878 201
879 188
880 145
881 188
882 200
883 238
884 195
885 158
886 189
887 161
888 234
889 230
890 210
891 162
892 184
893 199
894 182
895 197
896 175
897 182
898 185
899 240
900 99
901 201
902 248
903 168
904 215
905 209
906 199
907 157
908 148
909 209
910 173
911 189
912 127
913 193
914 195
915 222
916 205
917 207
918 201
919 210
920 132
921 238
922 200
923 252
924 209
925 185
926 193
927 194
928 224
929 174
930 178
931 263
932 184
933 217
934 237
935 217
936 205
937 173
938 224
939 157
940 63
941 158
942 169
943 203
944 179
945 174
946 220
947 278
948 168
949 170
950 212
951 170
952 171
953 226
954 213
955 194
956 183
957 219
958 206
959 195
960 146
961 225
962 223
963 188
964 231
965 171
966 199
967 201
968 193
969 142
970 167
971 228
972 182
973 179
974 143
975 98
976 176
977 200
978 215
979 185
980 157
981 95
982 0
983 183
984 205
985 177
986 225
987 171
988 182
989 210
990 0
991 177
992 238
993 175
994 189
995 204
996 250
997 213
998 266
999 179
1000 186
1001 222
1002 116
1003 256
1004 219
1005 187
1006 186
1007 153
1008 221
1009 220
1010 189
1011 0
1012 216
1013 178
1014 160
1015 188
1016 200
1017 253
1018 162
1019 238
1020 228
1021 247
1022 267
1023 94
1024 273
1025 225
1026 215
1027 189
1028 187
1029 257
1030 182
1031 170
1032 207
1033 190
1034 208
1035 200
1036 235
1037 203
1038 185
1039 226
1040 290
1041 216
1042 147
1043 141
1044 124
1045 174
1046 193
1047 173
1048 223
1049 211
1050 228
1051 177
1052 204
1053 192
1054 208
1055 182
1056 192
1057 171
1058 164
1059 192
1060 191
1061 190
1062 205
1063 179
1064 205
1065 228
1066 208
1067 193
1068 128
1069 205
1070 194
1071 158
1072 201
1073 174
1074 191
1075 204
1076 131
1077 202
1078 181
1079 172
1080 208
1081 261
1082 194
1083 220
1084 216
1085 189
1086 186
1087 160
1088 181
1089 170
1090 185
1091 172
1092 177
1093 232
1094 205
1095 255
1096 189
1097 205
1098 203
1099 195
1100 228
1101 201
1102 218
1103 198
1104 171
1105 188
1106 203
1107 176
1108 187
1109 166
1110 0
1111 232
1112 164
1113 208
1114 171
1115 217
1116 157
1117 222
1118 220
1119 238
1120 198
1121 176
1122 229
1123 213
1124 274
1125 201
1126 220
1127 283
1128 192
1129 146
1130 230
1131 173
1132 194
1133 171
1134 223
1135 160
1136 202
1137 221
1138 205
1139 190
1140 213
1141 192
1142 248
1143 281
1144 153
1145 63
1146 219
1147 307
1148 202
1149 210
1150 200
1151 197
1152 187
1153 208
1154 0
1155 165
1156 164
1157 167
1158 232
1159 208
1160 204
1161 168
1162 194
1163 226
1164 208
1165 160
1166 203
1167 184
1168 252
1169 113
1170 249
1171 207
1172 261
1173 263
1174 254
1175 216
1176 214
1177 201
1178 246
1179 188
1180 213
1181 196
1182 218
1183 204
1184 208
1185 0
1186 210
1187 198
1188 200
1189 236
1190 185
1191 209
1192 139
1193 135
1194 200
1195 119
1196 198
1197 157
1198 48
1199 210
1200 198
1201 194
1202 200
1203 291
1204 230
1205 241
1206 257
1207 191
1208 204
1209 224
1210 183
1211 235
1212 284
1213 249
1214 166
1215 180
1216 222
1217 200
1218 147
1219 200
1220 242
1221 192
1222 236
1223 152
1224 230
1225 223
1226 216
1227 101
1228 155
1229 243
1230 130
1231 234
1232 184
1233 138
1234 200
1235 188
1236 214
1237 228
1238 214
1239 210
1240 171
1241 226
1242 238
1243 168
1244 208
1245 164
1246 219
1247 138
1248 264
1249 190
1250 167
1251 171
1252 199
1253 158
1254 215
1255 201
1256 205
1257 166
1258 184
1259 168
1260 202
1261 187
1262 126
1263 136
1264 214
1265 223
1266 176
1267 225
1268 196
1269 155
1270 186
1271 189
1272 174
1273 181
1274 219
1275 154
1276 270
1277 180
1278 152
1279 200
1280 222
1281 231
1282 217
1283 257
1284 210
1285 173
1286 237
1287 111
1288 176
1289 202
1290 207
1291 168
1292 208
1293 192
1294 181
1295 208
1296 160
1297 184
1298 251
1299 147
1300 215
1301 212
1302 222
1303 170
1304 153
1305 243
1306 244
1307 186
1308 228
1309 186
1310 183
1311 181
1312 240
1313 255
1314 198
1315 133
1316 195
1317 185
1318 226
1319 167
1320 220
1321 87
1322 188
1323 130
1324 128
1325 241
1326 114
1327 177
1328 198
1329 153
1330 196
1331 213
1332 174
1333 227
1334 147
1335 217
1336 203
1337 223
1338 231
1339 165
1340 184
1341 229
1342 212
1343 162
1344 129
1345 151
1346 172
1347 219
1348 191
1349 182
1350 191
1351 170
1352 132
1353 249
1354 207
1355 144
1356 0
1357 168
1358 269
1359 217
1360 177
1361 181
1362 212
1363 154
1364 261
1365 169
1366 203
1367 217
1368 201
1369 235
1370 256
1371 222
1372 86
1373 223
1374 183
1375 172
1376 214
1377 187
1378 169
1379 180
1380 221
1381 182
1382 273
1383 132
1384 175
1385 229
1386 273
1387 198
1388 225
1389 180
1390 252
1391 160
1392 192
1393 216
1394 187
1395 191
1396 244
1397 200
1398 211
1399 222
1400 140
1401 229
1402 184
1403 168
1404 150
1405 212
1406 196
1407 196
1408 229
1409 232
1410 127
1411 170
1412 118
1413 172
1414 287
1415 167
1416 226
1417 194
1418 192
1419 190
1420 214
1421 218
1422 198
1423 186
1424 229
1425 189
1426 160
1427 201
1428 180
1429 261
1430 190
1431 150
1432 197
1433 181
1434 154
1435 214
1436 211
1437 176
1438 184
1439 147
1440 197
1441 208
1442 231
1443 260
1444 208
1445 132
1446 215
1447 182
1448 197
1449 204
1450 200
1451 192
1452 200
1453 196
1454 145
1455 0
1456 227
1457 229
1458 158
1459 216
1460 211
1461 225
1462 170
1463 293
1464 206
1465 192
1466 227
1467 216
1468 219
1469 202
1470 163
1471 185
1472 147
1473 201
1474 171
1475 217
1476 182
1477 213
1478 221
1479 155
1480 235
1481 183
1482 140
1483 219
1484 227
1485 187
1486 213
1487 154
1488 242
1489 191
1490 222
1491 206
1492 234
1493 261
1494 181
1495 261
1496 115
1497 157
1498 172
1499 171
1500 235
1501 189
1502 186
1503 112
1504 194
1505 247
1506 175
1507 262
1508 232
1509 178
1510 204
1511 177
1512 190
1513 144
1514 188
1515 166
1516 229
1517 193
1518 153
1519 220
1520 109
1521 179
1522 231
1523 210
1524 173
1525 208
1526 204
1527 196
1528 166
1529 231
1530 194
1531 187
1532 118
1533 200
1534 240
1535 197
1536 152
1537 166
1538 147
1539 222
1540 93
1541 289
1542 204
1543 217
1544 182
1545 224
1546 254
1547 248
1548 250
1549 242
1550 191
1551 201
1552 232
1553 231
1554 219
1555 235
1556 144
1557 217
1558 203
1559 222
1560 235
1561 229
1562 193
1563 247
1564 171
1565 179
1566 212
1567 135
1568 193
1569 208
1570 180
1571 213
1572 201
1573 216
1574 202
1575 197
1576 210
1577 216
1578 215
1579 214
1580 191
1581 220
1582 221
1583 172
1584 215
1585 281
1586 161
1587 244
1588 222
1589 190
1590 153
1591 196
1592 140
1593 184
1594 218
1595 226
1596 181
1597 170
1598 121
1599 166
1600 250
1601 237
1602 173
1603 160
1604 137
1605 206
1606 144
1607 159
1608 173
1609 193
1610 172
1611 233
1612 221
1613 170
1614 96
1615 166
1616 262
1617 207
1618 197
1619 218
1620 223
1621 238
1622 146
1623 193
1624 208
1625 178
1626 216
1627 223
1628 242
1629 194
1630 243
1631 182
1632 204
1633 148
1634 233
1635 301
1636 268
1637 170
1638 257
1639 224
1640 187
1641 244
1642 145
1643 148
1644 225
1645 178
1646 202
1647 198
1648 110
1649 158
1650 222
1651 207
1652 156
1653 198
1654 170
1655 245
1656 235
1657 193
1658 181
1659 197
1660 218
1661 199
1662 237
1663 204
1664 221
1665 223
1666 224
1667 129
1668 234
1669 186
1670 228
1671 206
1672 209
1673 206
1674 267
1675 237
1676 202
1677 159
1678 206
1679 170
1680 197
1681 201
1682 223
1683 163
1684 229
1685 194
1686 169
1687 171
1688 173
1689 134
1690 223
1691 217
1692 205
1693 224
1694 197
1695 223
1696 204
1697 174
1698 151
1699 185
1700 210
1701 211
1702 154
1703 153
1704 169
1705 217
1706 220
1707 220
1708 122
1709 203
1710 165
1711 244
1712 255
1713 210
1714 131
1715 204
1716 199
1717 163
1718 169
1719 195
1720 144
1721 209
1722 178
1723 164
1724 257
1725 201
1726 215
1727 136
1728 197
1729 228
1730 214
1731 201
1732 171
1733 128
1734 239
1735 191
1736 207
1737 145
1738 218
1739 175
1740 231
1741 139
1742 227
1743 128
1744 210
1745 186
1746 126
1747 190
1748 137
1749 267
1750 187
1751 165
1752 174
1753 213
1754 222
1755 240
1756 225
1757 217
1758 160
1759 194
1760 244
1761 180
1762 183
1763 116
1764 175
1765 184
1766 213
1767 157
1768 175
1769 199
1770 190
1771 280
1772 204
1773 216
1774 255
1775 148
1776 206
1777 188
1778 227
1779 187
1780 190
1781 231
1782 217
1783 145
1784 155
1785 241
1786 173
1787 184
1788 191
1789 187
1790 163
1791 151
1792 231
1793 161
1794 186
1795 217
1796 186
1797 177
1798 192
1799 233
1800 230
1801 213
1802 183
1803 171
1804 199
1805 214
1806 150
1807 197
1808 131
1809 176
1810 177
1811 185
1812 167
1813 160
1814 210
1815 146
1816 192
1817 147
1818 221
1819 218
1820 215
1821 227
1822 184
1823 165
1824 241
1825 193
1826 196
1827 167
1828 211
1829 152
1830 190
1831 229
1832 220
1833 209
1834 190
1835 140
1836 178
1837 196
1838 187
1839 173
1840 226
1841 273
1842 222
1843 155
1844 139
1845 203
1846 202
1847 159
1848 197
1849 174
1850 194
1851 168
1852 170
1853 230
1854 196
1855 170
1856 202
1857 213
1858 176
1859 339
1860 270
1861 192
1862 189
1863 255
1864 236
1865 178
1866 213
1867 200
1868 177
1869 208
1870 189
1871 185
1872 151
1873 235
1874 215
1875 250
1876 174
1877 195
1878 186
1879 181
1880 189
1881 152
1882 122
1883 203
1884 203
1885 225
1886 203
1887 169
1888 207
1889 175
1890 222
1891 195
1892 192
1893 202
1894 187
1895 188
1896 228
1897 173
1898 154
1899 178
1900 177
1901 134
1902 181
1903 215
1904 176
1905 195
1906 197
1907 267
1908 152
1909 250
1910 160
1911 157
1912 191
1913 221
1914 209
1915 188
1916 201
1917 199
1918 174
1919 219
1920 173
1921 285
1922 174
1923 241
1924 167
1925 206
1926 191
1927 225
1928 210
1929 200
1930 218
1931 192
1932 248
1933 224
1934 203
1935 216
1936 208
1937 191
1938 182
1939 157
1940 234
1941 187
1942 195
1943 173
1944 182
1945 186
1946 225
1947 160
1948 234
1949 199
1950 220
1951 163
1952 188
1953 204
1954 164
1955 214
1956 251
1957 153
1958 266
1959 187
1960 262
1961 106
1962 154
1963 216
1964 181
1965 183
1966 192
1967 209
1968 174
1969 185
1970 173
1971 145
1972 219
1973 218
1974 174
1975 179
1976 214
1977 184
1978 221
1979 242
1980 194
1981 180
1982 151
1983 173
1984 245
1985 151
1986 215
1987 230
1988 212
1989 217
1990 0
1991 177
1992 196
1993 214
1994 122
1995 175
1996 152
1997 174
1998 191
1999 209
2000 148
2001 238
2002 171
2003 156
2004 166
2005 189
2006 204
2007 230
2008 189
2009 199
2010 212
2011 172
2012 188
2013 190
2014 176
2015 193
2016 96
2017 198
2018 176
2019 231
2020 175
2021 174
2022 184
2023 181
2024 241
2025 258
2026 275
2027 181
2028 123
2029 113
2030 254
2031 281
2032 186
2033 212
2034 207
2035 159
2036 199
2037 241
2038 237
2039 93
2040 138
2041 129
2042 184
2043 204
2044 209
2045 201
2046 172
2047 207
2048 248
2049 222
2050 207
2051 206
2052 164
2053 225
2054 156
2055 183
2056 218
2057 210
2058 0
2059 280
2060 159
2061 198
2062 191
2063 201
2064 203
2065 211
2066 231
2067 108
2068 175
2069 201
2070 214
2071 157
2072 196
2073 161
2074 202
2075 114
2076 228
2077 180
2078 193
2079 139
2080 208
2081 99
2082 133
2083 259
2084 184
2085 165
2086 219
2087 212
2088 282
2089 207
2090 255
2091 247
2092 226
2093 94
2094 274
2095 219
2096 214
2097 224
2098 208
2099 173
2100 190
2101 210
2102 183
2103 243
2104 106
2105 201
2106 212
2107 170
2108 225
2109 202
2110 167
2111 189
2112 218
2113 217
2114 238
2115 215
2116 183
2117 252
2118 150
2119 158
2120 124
2121 203
2122 189
2123 224
2124 180
2125 179
2126 142
2127 183
2128 213
2129 259
2130 166
2131 202
2132 258
2133 144
2134 218
2135 179
2136 217
2137 160
2138 196
2139 167
2140 198
2141 167
2142 151
2143 185
2144 149
2145 224
2146 228
2147 212
2148 203
2149 213
2150 113
2151 257
2152 165
2153 233
2154 131
2155 243
2156 207
2157 205
2158 116
2159 218
2160 0
2161 143
2162 180
2163 295
2164 211
2165 221
2166 212
2167 162
2168 206
2169 209
2170 187
2171 240
2172 158
2173 251
2174 162
2175 253
2176 220
2177 239
2178 205
2179 219
2180 156
2181 185
2182 196
2183 175
2184 289
2185 245
2186 153
2187 193
2188 219
2189 178
2190 193
2191 219
2192 302
2193 168
2194 162
2195 142
2196 182
2197 175
2198 187
2199 198
2200 210
2201 165
2202 263
2203 196
2204 204
2205 206
2206 219
2207 180
2208 188
2209 202
2210 171
2211 215
2212 206
2213 159
2214 202
2215 196
2216 204
2217 219
2218 250
2219 241
2220 171
2221 204
2222 173
2223 165
2224 238
2225 163
2226 182
2227 145
2228 241
2229 165
2230 227
2231 181
2232 200
2233 244
2234 238
2235 239
2236 214
2237 171
2238 181
2239 156
2240 238
2241 87
2242 165
2243 168
2244 187
2245 208
2246 258
2247 204
2248 227
2249 244
2250 192
2251 188
2252 219
2253 188
2254 221
2255 206
2256 192
2257 213
2258 152
2259 184
2260 121
2261 247
2262 181
2263 246
2264 218
2265 207
2266 123
2267 220
2268 170
2269 128
2270 183
2271 199
2272 271
2273 104
2274 211
2275 159
2276 191
2277 237
2278 195
2279 208
2280 243
2281 231
2282 187
2283 231
2284 227
2285 224
2286 214
2287 233
2288 226
2289 185
2290 169
2291 146
2292 252
2293 246
2294 248
2295 231
2296 192
2297 110
2298 209
2299 241
2300 221
2301 236
2302 149
2303 148
2304 203
2305 226
2306 183
2307 170
2308 94
2309 188
2310 177
2311 173
2312 183
2313 192
2314 196
2315 231
2316 187
2317 187
2318 194
2319 145
2320 196
2321 217
2322 195
2323 145
2324 218
2325 207
2326 209
2327 231
2328 200
2329 238
2330 203
2331 181
2332 197
2333 221
2334 192
2335 173
2336 234
2337 202
2338 214
2339 182
2340 268
2341 226
2342 196
2343 214
2344 271
2345 256
2346 125
2347 171
2348 191
2349 150
2350 178
2351 219
2352 255
2353 224
2354 193
2355 219
2356 153
2357 173
2358 208
2359 202
2360 197
2361 165
2362 210
2363 168
2364 190
2365 211
2366 150
2367 127
2368 168
2369 203
2370 155
2371 181
2372 208
2373 215
2374 172
2375 180
2376 103
2377 183
2378 110
2379 169
2380 189
2381 197
2382 264
2383 201
2384 181
2385 193
2386 191
2387 193
2388 257
2389 169
2390 192
2391 225
2392 217
2393 247
2394 114
2395 248
2396 245
2397 165
2398 230
2399 156
2400 240
2401 202
2402 156
2403 156
2404 208
2405 136
2406 220
2407 192
2408 176
2409 211
2410 219
2411 143
2412 163
2413 234
2414 255
2415 197
2416 174
2417 198
2418 158
2419 231
2420 204
2421 161
2422 181
2423 226
2424 213
2425 211
2426 177
2427 171
2428 240
2429 194
2430 197
2431 186
2432 222
2433 170
2434 147
2435 203
2436 152
2437 198
2438 239
2439 187
2440 181
2441 101
2442 234
2443 207
2444 210
2445 109
2446 236
2447 170
2448 158
2449 171
2450 0
2451 132
2452 207
2453 226
2454 228
2455 247
2456 209
2457 75
2458 260
2459 230
2460 216
2461 181
2462 247
2463 187
2464 186
2465 292
2466 175
2467 203
2468 194
2469 93
2470 173
2471 214
2472 222
2473 224
2474 214
2475 237
2476 193
2477 259
2478 237
2479 228
2480 153
2481 306
2482 149
2483 241
2484 191
2485 177
2486 134
2487 181
2488 269
2489 203
2490 210
2491 184
2492 237
2493 157
2494 191
2495 253
2496 193
2497 172
2498 201
2499 204
2500 192
2501 174
2502 193
2503 220
2504 260
2505 157
2506 254
2507 141
2508 202
2509 215
2510 198
2511 226
2512 205
2513 165
2514 228
2515 154
2516 160
2517 186
2518 181
2519 180
2520 142
2521 219
2522 207
2523 188
2524 178
2525 202
2526 204
2527 196
2528 153
2529 183
2530 241
2531 214
2532 167
2533 194
2534 225
2535 189
2536 255
2537 171
2538 190
2539 179
2540 188
2541 187
2542 190
2543 238
2544 196
2545 178
2546 223
2547 157
2548 219
2549 273
2550 124
2551 226
2552 204
2553 207
2554 276
2555 196
2556 101
2557 205
2558 204
2559 240
2560 163
2561 211
2562 185
2563 167
2564 208
2565 206
2566 198
2567 160
2568 128
2569 184
2570 176
2571 151
2572 220
2573 197
2574 121
2575 203
2576 107
2577 247
2578 198
2579 215
2580 185
2581 200
2582 174
2583 196
2584 147
2585 180
2586 191
2587 0
2588 214
2589 177
2590 241
2591 158
2592 217
2593 191
2594 172
2595 166
2596 198
2597 167
2598 218
2599 176
2600 223
2601 187
2602 238
2603 245
2604 145
2605 172
2606 282
2607 174
2608 206
2609 224
2610 210
2611 179
2612 164
2613 178
2614 269
2615 197
2616 216
2617 204
2618 172
2619 223
2620 205
2621 201
2622 190
2623 196
2624 219
2625 231
2626 189
2627 218
2628 272
2629 146
2630 81
2631 235
2632 251
2633 212
2634 177
2635 193
2636 274
2637 197
2638 161
2639 229
2640 225
2641 241
2642 152
2643 197
2644 229
2645 213
2646 228
2647 175
2648 177
2649 152
2650 215
2651 203
2652 132
2653 128
2654 205
2655 163
2656 190
2657 208
2658 220
2659 189
2660 258
2661 236
2662 231
2663 194
2664 210
2665 154
2666 174
2667 232
2668 188
2669 172
2670 200
2671 171
2672 198
2673 197
2674 168
2675 223
2676 227
2677 106
2678 162
2679 171
2680 211
2681 186
2682 215
2683 91
2684 168
2685 190
2686 285
2687 271
2688 125
2689 150
2690 242
2691 182
2692 193
2693 168
2694 153
2695 235
2696 168
2697 190
2698 209
2699 181
2700 282
2701 188
2702 207
2703 141
2704 167
2705 180
2706 236
2707 186
2708 235
2709 178
2710 245
2711 243
2712 246
2713 220
2714 153
2715 192
2716 197
2717 198
2718 229
2719 136
2720 142
2721 205
2722 176
2723 181
2724 217
2725 179
2726 226
2727 196
2728 264
2729 202
2730 216
2731 198
2732 227
2733 224
2734 131
2735 205
2736 135
2737 175
2738 172
2739 200
2740 145
2741 231
2742 243
2743 177
2744 182
2745 192
2746 186
2747 181
2748 237
2749 222
2750 184
2751 265
2752 137
2753 151
2754 184
2755 199
2756 193
2757 190
2758 173
2759 138
2760 181
2761 182
2762 280
2763 179
2764 162
2765 236
2766 0
2767 181
2768 216
2769 264
2770 211
2771 165
2772 206
2773 178
2774 229
2775 216
2776 182
2777 226
2778 192
2779 175
2780 245
2781 214
2782 206
2783 210
2784 205
2785 176
2786 243
2787 224
2788 195
2789 147
2790 171
2791 187
2792 209
2793 222
2794 135
2795 249
2796 202
2797 233
2798 185
2799 183
2800 205
2801 135
2802 204
2803 255
2804 191
2805 182
2806 189
2807 235
2808 176
2809 206
2810 184
2811 207
2812 218
2813 203
2814 157
2815 219
2816 193
2817 149
2818 157
2819 202
2820 203
2821 229
2822 229
2823 175
2824 222
2825 209
2826 243
2827 153
2828 171
2829 235
2830 224
2831 164
2832 276
2833 189
2834 166
2835 191
2836 0
2837 236
2838 215
2839 205
2840 277
2841 174
2842 211
2843 138
2844 186
2845 202
2846 140
2847 258
2848 165
2849 223
2850 171
2851 155
2852 188
2853 240
2854 193
2855 160
2856 261
2857 133
2858 168
2859 176
2860 181
2861 171
2862 205
2863 203
2864 162
2865 127
2866 193
2867 163
2868 189
2869 212
2870 168
2871 189
2872 112
2873 254
2874 201
2875 192
2876 226
2877 213
2878 241
2879 207
2880 144
2881 148
2882 235
2883 198
2884 194
2885 177
2886 241
2887 246
2888 193
2889 205
2890 177
2891 208
2892 190
2893 128
2894 115
2895 181
2896 227
2897 208
2898 221
2899 211
2900 182
2901 171
2902 232
2903 179
2904 153
2905 192
2906 151
2907 166
2908 177
2909 223
2910 206
2911 212
2912 233
2913 169
2914 174
2915 196
2916 178
2917 214
2918 179
2919 195
2920 168
2921 197
2922 223
2923 176
2924 179
2925 208
2926 178
2927 263
2928 0
2929 135
2930 229
2931 191
2932 124
2933 163
2934 184
2935 248
2936 214
2937 203
2938 161
2939 205
2940 242
2941 205
2942 215
2943 0
2944 72
2945 244
2946 213
2947 238
2948 207
2949 164
2950 185
2951 216
2952 175
2953 177
2954 159
2955 216
2956 145
2957 181
2958 195
2959 218
2960 193
2961 278
2962 327
2963 199
2964 242
2965 164
2966 155
2967 193
2968 207
2969 227
2970 210
2971 220
2972 182
2973 199
2974 173
2975 188
2976 202
2977 224
2978 227
2979 213
2980 122
2981 232
2982 175
2983 191
2984 174
2985 220
2986 121
2987 224
2988 204
2989 130
2990 187
2991 189
2992 239
2993 227
2994 184
2995 188
2996 169
2997 196
2998 161
2999 176
3000 211
3001 186
3002 149
3003 278
3004 263
3005 224
3006 194
3007 187
3008 147
3009 227
3010 168
3011 186
3012 130
3013 221
3014 126
3015 259
3016 202
3017 163
3018 196
3019 231
3020 216
3021 187
3022 245
3023 255
3024 230
3025 276
3026 200
3027 202
3028 206
3029 253
3030 232
3031 182
3032 179
3033 208
3034 206
3035 198
3036 189
3037 251
3038 189
3039 193
3040 172
3041 196
3042 185
3043 196
3044 167
3045 195
3046 194
3047 144
3048 229
3049 207
3050 172
3051 224
3052 210
3053 204
3054 211
3055 147
3056 157
3057 231
3058 178
3059 199
3060 144
3061 176
3062 218
3063 209
3064 159
3065 221
3066 222
3067 188
3068 183
3069 209
3070 199
3071 182
3072 245
3073 256
3074 165
3075 268
3076 190
3077 185
3078 169
3079 244
3080 222
3081 155
3082 134
3083 169
3084 212
3085 201
3086 202
3087 276
3088 194
3089 259
3090 151
3091 192
3092 187
3093 240
3094 240
3095 115
3096 197
3097 159
3098 213
3099 212
3100 184
3101 237
3102 186
3103 194
3104 278
3105 200
3106 186
3107 220
3108 195
3109 171
3110 187
3111 211
3112 270
3113 188
3114 159
3115 197
3116 164
3117 139
3118 216
3119 194
3120 182
3121 206
3122 206
3123 203
3124 219
3125 178
3126 175
3127 221
3128 185
3129 228
3130 197
3131 254
3132 170
3133 212
3134 215
3135 175
3136 188
3137 187
3138 160
3139 219
3140 149
3141 186
3142 183
3143 219
3144 271
3145 244
3146 188
3147 253
3148 151
3149 196
3150 187
3151 205
3152 235
3153 246
3154 178
3155 200
3156 180
3157 252
3158 183
3159 150
3160 129
3161 186
3162 214
3163 207
3164 194
3165 205
3166 240
3167 168
3168 196
3169 212
3170 200
3171 160
3172 197
3173 233
3174 202
3175 197
3176 212
3177 209
3178 189
3179 229
3180 206
3181 167
3182 255
3183 179
3184 160
3185 163
3186 217
3187 171
3188 226
3189 202
3190 195
3191 194
3192 193
3193 201
3194 189
3195 150
3196 193
3197 184
3198 203
3199 139
3200 151
3201 191
3202 163
3203 198
3204 204
3205 206
3206 192
3207 168
3208 197
3209 184
3210 188
3211 217
3212 210
3213 151
3214 184
3215 169
3216 226
3217 219
3218 217
3219 204
3220 287
3221 194
3222 213
3223 217
3224 174
3225 210
3226 170
3227 230
3228 150
3229 206
3230 217
3231 198
3232 190
3233 197
3234 197
3235 227
3236 185
3237 235
3238 230
3239 224
3240 178
3241 246
3242 223
3243 219
3244 161
3245 158
3246 184
3247 173
3248 172
3249 215
3250 174
3251 187
3252 192
3253 182
3254 148
3255 204
3256 241
3257 224
3258 198
3259 186
3260 171
3261 207
3262 203
3263 168
3264 247
3265 139
3266 141
3267 228
3268 229
3269 242
3270 141
3271 232
3272 194
3273 223
3274 55
3275 244
3276 260
3277 218
3278 230
3279 206
3280 202
3281 159
3282 200
3283 198
3284 181
3285 206
3286 175
3287 162
3288 204
3289 160
3290 189
3291 249
3292 235
3293 215
3294 122
3295 223
3296 236
3297 231
3298 248
3299 203
3300 218
3301 245
3302 266
3303 85
3304 117
3305 247
3306 123
3307 132
3308 194
3309 248
3310 205
3311 152
3312 198
3313 134
3314 194
3315 185
3316 173
3317 250
3318 208
3319 218
3320 252
3321 176
3322 176
3323 226
3324 0
3325 199
3326 185
3327 205
3328 164
3329 139
3330 187
3331 176
3332 200
3333 240
3334 231
3335 254
3336 202
3337 250
3338 82
3339 250
3340 192
3341 172
3342 217
3343 186
3344 240
3345 232
3346 228
3347 179
3348 228
3349 251
3350 207
3351 201
3352 189
3353 171
3354 163
3355 216
3356 221
3357 132
3358 216
3359 108
3360 190
3361 127
3362 169
3363 171
3364 180
3365 179
3366 169
3367 187
3368 203
3369 177
3370 238
3371 191
3372 217
3373 236
3374 214
3375 215
3376 125
3377 245
3378 148
3379 178
3380 191
3381 198
3382 133
3383 257
3384 265
3385 171
3386 176
3387 246
3388 208
3389 238
3390 177
3391 276
3392 322
3393 183
3394 192
3395 174
3396 215
3397 208
3398 188
3399 197
3400 132
3401 224
3402 221
3403 208
3404 210
3405 212
3406 253
3407 188
3408 184
3409 200
3410 187
3411 120
3412 142
3413 178
3414 146
3415 195
3416 207
3417 196
3418 213
3419 120
3420 185
3421 148
3422 178
3423 188
3424 217
3425 162
3426 204
3427 184
3428 228
3429 256
3430 219
3431 197
3432 195
3433 278
3434 214
3435 165
3436 122
3437 227
3438 243
3439 188
3440 182
3441 182
3442 211
3443 186
3444 162
3445 197
3446 158
3447 210
3448 196
3449 246
3450 232
3451 182
3452 211
3453 210
3454 177
3455 182
3456 183
3457 183
3458 225
3459 213
3460 193
3461 177
3462 236
3463 203
3464 162
3465 209
3466 225
3467 153
3468 189
3469 190
3470 216
3471 185
3472 166
3473 144
3474 223
3475 184
3476 157
3477 230
3478 163
3479 145
3480 166
3481 212
3482 201
3483 201
3484 191
3485 246
3486 211
3487 190
3488 162
3489 162
3490 203
3491 193
3492 218
3493 150
3494 149
3495 222
3496 234
3497 215
3498 161
3499 199
3500 221
3501 185
3502 182
3503 249
3504 181
3505 184
3506 168
3507 206
3508 214
3509 203
3510 245
3511 228
3512 261
3513 198
3514 234
3515 208
3516 156
3517 193
3518 179
3519 202
3520 221
3521 198
3522 219
3523 231
3524 206
3525 268
3526 169
3527 181
3528 234
3529 188
3530 191
3531 226
3532 188
3533 176
3534 184
3535 193
3536 195
3537 135
3538 154
3539 202
3540 212
3541 217
3542 214
3543 129
3544 168
3545 245
3546 282
3547 193
3548 248
3549 243
3550 182
3551 171
3552 185
3553 186
3554 244
3555 184
3556 200
3557 200
3558 321
3559 316
3560 195
3561 237
3562 0
3563 201
3564 166
3565 140
3566 231
3567 217
3568 243
3569 248
3570 201
3571 159
3572 209
3573 171
3574 223
3575 205
3576 157
3577 158
3578 184
3579 171
3580 305
3581 162
3582 157
3583 174
3584 172
3585 178
3586 151
3587 153
3588 161
3589 184
3590 176
3591 231
3592 174
3593 224
3594 197
3595 228
3596 211
3597 117
3598 212
3599 292
3600 214
3601 192
3602 191
3603 221
3604 241
3605 225
3606 248
3607 116
3608 294
3609 181
3610 199
3611 188
3612 202
3613 233
3614 212
3615 176
3616 194
3617 178
3618 223
3619 223
3620 151
3621 268
3622 229
3623 214
3624 209
3625 204
3626 226
3627 247
3628 190
3629 289
3630 293
3631 161
3632 187
3633 222
3634 192
3635 184
3636 197
3637 165
3638 211
3639 210
3640 159
3641 194
3642 138
3643 194
3644 156
3645 237
3646 128
3647 216
3648 272
3649 229
3650 230
3651 248
3652 218
3653 259
3654 191
3655 195
3656 235
3657 220
3658 168
3659 166
3660 243
3661 228
3662 189
3663 205
3664 191
3665 186
3666 190
3667 180
3668 247
3669 191
3670 0
3671 246
3672 143
3673 185
3674 224
3675 200
3676 215
3677 177
3678 169
3679 192
3680 178
3681 220
3682 240
3683 192
3684 125
3685 186
3686 182
3687 235
3688 188
3689 192
3690 143
3691 264
3692 207
3693 188
3694 180
3695 201
3696 189
3697 170
3698 213
3699 216
3700 226
3701 254
3702 182
3703 193
3704 203
3705 183
3706 149
3707 228
3708 97
3709 172
3710 146
3711 175
3712 221
3713 195
3714 247
3715 179
3716 213
3717 222
3718 132
3719 202
3720 173
3721 173
3722 221
3723 189
3724 196
3725 112
3726 143
3727 163
3728 182
3729 254
3730 197
3731 205
3732 209
3733 168
3734 251
3735 133
3736 236
3737 230
3738 206
3739 149
3740 167
3741 146
3742 177
3743 237
3744 185
3745 207
3746 193
3747 102
3748 182
3749 136
3750 164
3751 130
3752 137
3753 152
3754 164
3755 223
3756 176
3757 172
3758 236
3759 237
3760 158
3761 157
3762 190
3763 209
3764 194
3765 215
3766 151
3767 195
3768 290
3769 270
3770 230
3771 207
3772 204
3773 167
3774 210
3775 176
3776 298
3777 180
3778 202
3779 185
3780 193
3781 192
3782 264
3783 205
3784 163
3785 154
3786 191
3787 174
3788 203
3789 176
3790 239
3791 146
3792 209
3793 218
3794 196
3795 247
3796 232
3797 240
3798 220
3799 192
3800 186
3801 183
3802 135
3803 141
3804 199
3805 198
3806 218
3807 264
3808 227
3809 220
3810 193
3811 191
3812 221
3813 238
3814 201
3815 211
3816 210
3817 218
3818 210
3819 206
3820 175
3821 209
3822 287
3823 0
3824 227
3825 144
3826 261
3827 177
3828 212
3829 213
3830 232
3831 137
3832 106
3833 189
3834 200
3835 178
3836 224
3837 205
3838 206
3839 121
3840 209
3841 188
3842 178
3843 176
3844 184
3845 174
3846 231
3847 203
3848 211
3849 183
3850 184
3851 142
3852 165
3853 263
3854 197
3855 160
3856 217
3857 166
3858 167
3859 266
3860 201
3861 177
3862 194
3863 193
3864 210
3865 281
3866 189
3867 198
3868 263
3869 207
3870 197
3871 205
3872 244
3873 105
3874 195
3875 133
3876 180
3877 222
3878 270
3879 191
3880 178
3881 187
3882 167
3883 223
3884 213
3885 183
3886 205
3887 184
3888 249
3889 224
3890 162
3891 149
3892 183
3893 225
3894 181
3895 231
3896 170
3897 176
3898 103
3899 218
3900 219
3901 206
3902 129
3903 156
3904 206
3905 230
3906 212
3907 243
3908 102
3909 240
3910 165
3911 199
3912 176
3913 195
3914 203
3915 244
3916 136
3917 227
3918 256
3919 190
3920 178
3921 205
3922 197
3923 239
3924 217
3925 183
3926 159
3927 285
3928 193
3929 187
3930 182
3931 154
3932 249
3933 223
3934 129
3935 123
3936 265
3937 215
3938 143
3939 232
3940 221
3941 130
3942 223
3943 200
3944 229
3945 167
3946 258
3947 250
3948 214
3949 175
3950 191
3951 174
3952 177
3953 225
3954 237
3955 189
3956 147
3957 209
3958 273
3959 153
3960 175
3961 211
3962 212
3963 192
3964 269
3965 168
3966 215
3967 224
3968 198
3969 181
3970 238
3971 144
3972 160
3973 188
3974 180
3975 194
3976 181
3977 210
3978 139
3979 136
3980 244
3981 176
3982 160
3983 195
3984 193
3985 205
3986 277
3987 213
3988 266
3989 173
3990 166
3991 188
3992 293
3993 129
3994 246
3995 172
3996 240
3997 246
3998 119
3999 190
4000 187
4001 152
4002 126
4003 256
4004 212
4005 262
4006 274
4007 198
4008 186
4009 214
4010 182
4011 184
4012 188
4013 159
4014 259
4015 187
4016 175
4017 180
4018 211
4019 214
4020 200
4021 111
4022 174
4023 246
4024 193
4025 192
4026 264
4027 198
4028 200
4029 119
4030 198
4031 174
4032 206
4033 186
4034 155
4035 159
4036 202
4037 195
4038 158
4039 199
4040 181
4041 159
4042 237
4043 208
4044 162
4045 244
4046 182
4047 198
4048 251
4049 157
4050 195
4051 175
4052 131
4053 162
4054 195
4055 228
4056 237
4057 190
4058 226
4059 136
4060 144
4061 196
4062 142
4063 231
4064 177
4065 190
4066 176
4067 223
4068 133
4069 209
4070 168
4071 206
4072 185
4073 204
4074 191
4075 234
4076 166
4077 187
4078 200
4079 114
4080 215
4081 156
4082 177
4083 174
4084 262
4085 232
4086 187
4087 165
4088 152
4089 308
4090 201
4091 164
4092 177
4093 185
4094 167
4095 169
4096 199
4097 237
4098 210
4099 251
4100 178
4101 225
4102 172
4103 223
4104 176
4105 160
4106 244
4107 163
4108 209
4109 154
4110 211
4111 196
4112 234
4113 164
4114 195
4115 168
4116 205
4117 185
4118 205
4119 196
4120 211
4121 200
4122 212
4123 111
4124 174
4125 237
4126 183
4127 172
4128 250
4129 153
4130 168
4131 218
4132 135
4133 243
4134 0
4135 223
4136 193
4137 239
4138 152
4139 204
4140 209
4141 268
4142 173
4143 181
4144 242
4145 197
4146 137
4147 155
4148 209
4149 167
4150 171
4151 182
4152 260
4153 163
4154 198
4155 258
4156 190
4157 196
4158 205
4159 208
4160 145
4161 187
4162 180
4163 208
4164 178
4165 216
4166 222
4167 239
4168 166
4169 182
4170 191
4171 177
4172 197
4173 227
4174 216
4175 170
4176 226
4177 129
4178 164
4179 230
4180 222
4181 230
4182 191
4183 203
4184 217
4185 229
4186 205
4187 227
4188 202
4189 193
4190 110
4191 135
4192 203
4193 146
4194 214
4195 204
4196 189
4197 241
4198 216
4199 214
4200 226
4201 214
4202 210
4203 123
4204 229
4205 186
4206 254
4207 159
4208 215
4209 228
4210 165
4211 174
4212 230
4213 185
4214 209
4215 200
4216 157
4217 155
4218 184
4219 228
4220 148
4221 220
4222 227
4223 148
4224 200
4225 239
4226 193
4227 154
4228 178
4229 152
4230 145
4231 200
4232 212
4233 139
4234 199
4235 246
4236 186
4237 215
4238 188
4239 171
4240 168
4241 168
4242 138
4243 227
4244 187
4245 166
4246 243
4247 184
4248 221
4249 203
4250 188
4251 149
4252 110
4253 234
4254 154
4255 163
4256 182
4257 169
4258 148
4259 130
4260 131
4261 252
4262 206
4263 165
4264 187
4265 190
4266 226
4267 201
4268 192
4269 193
4270 223
4271 161
4272 199
4273 215
4274 228
4275 170
4276 235
4277 148
4278 164
4279 212
4280 258
4281 171
4282 222
4283 276
4284 231
4285 195
4286 216
4287 169
4288 171
4289 292
4290 168
4291 0
4292 212
4293 206
4294 190
4295 233
4296 188
4297 177
4298 171
4299 156
4300 237
4301 212
4302 186
4303 200
4304 185
4305 131
4306 199
4307 112
4308 216
4309 175
4310 171
4311 205
4312 205
4313 251
4314 152
4315 213
4316 281
4317 160
4318 196
4319 191
4320 208
4321 183
4322 215
4323 170
4324 183
4325 231
4326 190
4327 120
4328 191
4329 190
4330 165
4331 202
4332 135
4333 220
4334 173
4335 191
4336 202
4337 176
4338 211
4339 290
4340 189
4341 186
4342 246
4343 195
4344 189
4345 169
4346 144
4347 168
4348 283
4349 183
4350 154
4351 214
4352 200
4353 215
4354 227
4355 194
4356 187
4357 170
4358 177
4359 218
4360 181
4361 182
4362 222
4363 229
4364 187
4365 214
4366 200
4367 204
4368 202
4369 212
4370 213
4371 204
4372 230
4373 196
4374 232
4375 170
4376 214
4377 196
4378 220
4379 164
4380 232
4381 133
4382 171
4383 211
4384 242
4385 149
4386 220
4387 198
4388 231
4389 193
4390 187
4391 238
4392 248
4393 215
4394 202
4395 233
4396 237
4397 227
4398 165
4399 241
4400 230
4401 176
4402 194
4403 209
4404 179
4405 157
4406 154
4407 186
4408 213
4409 227
4410 235
4411 206
4412 229
4413 204
4414 152
4415 223
4416 215
4417 186
4418 232
4419 141
4420 132
4421 100
4422 159
4423 175
4424 184
4425 184
4426 204
4427 182
4428 218
4429 221
4430 204
4431 206
4432 261
4433 232
4434 197
4435 211
4436 192
4437 171
4438 178
4439 216
4440 172
4441 211
4442 225
4443 236
4444 187
4445 193
4446 229
4447 192
4448 195
4449 146
4450 195
4451 219
4452 198
4453 199
4454 110
4455 207
4456 186
4457 223
4458 193
4459 179
4460 180
4461 217
4462 166
4463 110
4464 209
4465 205
4466 223
4467 185
4468 215
4469 169
4470 202
4471 199
4472 188
4473 297
4474 187
4475 219
4476 210
4477 201
4478 243
4479 188
4480 241
4481 202
4482 181
4483 138
4484 250
4485 204
4486 170
4487 242
4488 255
4489 192
4490 206
4491 250
4492 193
4493 202
4494 164
4495 190
4496 161
4497 177
4498 188
4499 167
4500 208
4501 160
4502 237
4503 235
4504 218
4505 302
4506 259
4507 171
4508 178
4509 171
4510 209
4511 191
4512 204
4513 197
4514 239
4515 228
4516 166
4517 156
4518 175
4519 207
4520 167
4521 207
4522 187
4523 213
4524 200
4525 218
4526 189
4527 272
4528 266
4529 165
4530 210
4531 224
4532 188
4533 236
4534 165
4535 207
4536 151
4537 224
4538 208
4539 270
4540 253
4541 207
4542 250
4543 189
4544 174
4545 149
4546 99
4547 223
4548 209
4549 187
4550 206
4551 163
4552 164
4553 234
4554 210
4555 222
4556 176
4557 207
4558 220
4559 188
4560 200
4561 196
4562 203
4563 137
4564 179
4565 201
4566 189
4567 200
4568 215
4569 203
4570 243
4571 173
4572 174
4573 253
4574 221
4575 197
4576 206
4577 207
4578 167
4579 178
4580 180
4581 230
4582 169
4583 246
4584 163
4585 170
4586 263
4587 254
4588 140
4589 169
4590 241
4591 205
4592 283
4593 205
4594 219
4595 180
4596 190
4597 219
4598 194
4599 241
4600 146
4601 214
4602 182
4603 218
4604 220
4605 184
4606 139
4607 179
4608 174
4609 169
4610 194
4611 192
4612 223
4613 176
4614 198
4615 271
4616 185
4617 285
4618 234
4619 187
4620 166
4621 0
4622 210
4623 196
4624 207
4625 71
4626 219
4627 134
4628 235
4629 163
4630 208
4631 184
4632 206
4633 215
4634 154
4635 213
4636 210
4637 206
4638 224
4639 191
4640 194
4641 0
4642 247
4643 181
4644 257
4645 190
4646 276
4647 219
4648 161
4649 168
4650 182
4651 214
4652 164
4653 185
4654 0
4655 221
4656 136
4657 179
4658 126
4659 118
4660 223
4661 238
4662 186
4663 208
4664 293
4665 224
4666 180
4667 196
4668 205
4669 197
4670 155
4671 127
4672 201
4673 217
4674 202
4675 120
4676 146
4677 213
4678 173
4679 173
4680 152
4681 183
4682 290
4683 191
4684 206
4685 194
4686 148
4687 223
4688 218
4689 192
4690 271
4691 187
4692 209
4693 184
4694 144
4695 214
4696 202
4697 148
4698 194
4699 199
4700 180
4701 185
4702 171
4703 197
4704 0
4705 240
4706 179
4707 162
4708 172
4709 225
4710 178
4711 202
4712 255
4713 182
4714 168
4715 175
4716 195
4717 234
4718 194
4719 162
4720 203
4721 187
4722 151
4723 155
4724 183
4725 212
4726 195
4727 186
4728 209
4729 195
4730 204
4731 166
4732 193
4733 223
4734 323
4735 202
4736 148
4737 215
4738 180
4739 185
4740 213
4741 165
4742 142
4743 195
4744 234
4745 193
4746 292
4747 191
4748 177
4749 200
4750 184
4751 193
4752 208
4753 169
4754 220
4755 146
4756 236
4757 210
4758 141
4759 301
4760 172
4761 151
4762 179
4763 219
4764 209
4765 210
4766 227
4767 174
4768 293
4769 244
4770 217
4771 161
4772 189
4773 163
4774 212
4775 212
4776 145
4777 236
4778 306
4779 218
4780 215
4781 237
4782 195
4783 195
4784 244
4785 201
4786 166
4787 185
4788 189
4789 161
4790 210
4791 202
4792 174
4793 234
4794 239
4795 177
4796 184
4797 180
4798 200
4799 235
4800 201
4801 210
4802 166
4803 194
4804 203
4805 220
4806 174
4807 190
4808 169
4809 204
4810 175
4811 259
4812 254
4813 230
4814 217
4815 232
4816 302
4817 235
4818 187
4819 184
4820 186
4821 189
4822 246
4823 208
4824 236
4825 201
4826 189
4827 245
4828 144
4829 195
4830 187
4831 167
4832 188
4833 204
4834 197
4835 202
4836 217
4837 228
4838 172
4839 111
4840 169
4841 167
4842 280
4843 252
4844 199
4845 241
4846 167
4847 211
4848 245
4849 176
4850 168
4851 142
4852 200
4853 187
4854 245
4855 329
4856 210
4857 165
4858 217
4859 209
4860 187
4861 243
4862 179
4863 197
4864 202
4865 215
4866 206
4867 185
4868 217
4869 288
4870 231
4871 189
4872 136
4873 251
4874 196
4875 230
4876 275
4877 167
4878 232
4879 137
4880 205
4881 204
4882 204
4883 193
4884 180
4885 230
4886 181
4887 181
4888 211
4889 174
4890 221
4891 183
4892 191
4893 241
4894 168
4895 220
4896 194
4897 187
4898 191
4899 179
4900 226
4901 284
4902 200
4903 186
4904 221
4905 102
4906 193
4907 182
4908 141
4909 227
4910 182
4911 167
4912 206
4913 224
4914 170
4915 187
4916 152
4917 168
4918 199
4919 235
4920 190
4921 82
4922 222
4923 208
4924 118
4925 157
4926 167
4927 213
4928 221
4929 220
4930 164
4931 149
4932 186
4933 221
4934 272
4935 203
4936 184
4937 190
4938 192
4939 195
4940 121
4941 198
4942 207
4943 255
4944 179
4945 214
4946 217
4947 220
4948 208
4949 168
4950 172
4951 176
4952 196
4953 170
4954 212
4955 305
4956 229
4957 218
4958 198
4959 255
4960 198
4961 166
4962 217
4963 152
4964 184
4965 192
4966 223
4967 194
4968 186
4969 209
4970 185
4971 189
4972 102
4973 153
4974 196
4975 184
4976 249
4977 193
4978 211
4979 165
4980 176
4981 192
4982 178
4983 240
4984 129
4985 164
4986 194
4987 213
4988 227
4989 174
4990 214
4991 234
4992 127
4993 278
4994 176
4995 148
4996 179
4997 166
4998 166
4999 196
5000 251
5001 61
5002 231
5003 137
5004 197
5005 206
5006 217
5007 214
5008 221
5009 165
5010 175
5011 181
5012 146
5013 209
5014 143
5015 183
5016 143
5017 138
5018 272
5019 219
5020 199
5021 183
5022 166
5023 196
5024 222
5025 161
5026 185
5027 211
5028 119
5029 169
5030 313
5031 190
5032 172
5033 211
5034 241
5035 214
5036 194
5037 178
5038 128
5039 211
5040 213
5041 230
5042 0
5043 219
5044 196
5045 154
5046 233
5047 188
5048 211
5049 218
5050 193
5051 139
5052 203
5053 227
5054 195
5055 160
5056 144
5057 205
5058 206
5059 179
5060 191
5061 194
5062 201
5063 163
5064 192
5065 173
5066 161
5067 197
5068 167
5069 160
5070 181
5071 172
5072 186
5073 202
5074 157
5075 249
5076 150
5077 190
5078 188
5079 188
5080 171
5081 206
5082 168
5083 259
5084 177
5085 229
5086 167
5087 197
5088 181
5089 179
5090 249
5091 217
5092 226
5093 219
5094 198
5095 185
5096 199
5097 221
5098 200
5099 183
5100 219
5101 183
5102 189
5103 247
5104 190
5105 248
5106 158
5107 184
5108 135
5109 156
5110 157
5111 186
5112 0
5113 218
5114 137
5115 180
5116 172
5117 151
5118 154
5119 215
5120 207
5121 259
5122 157
5123 169
5124 166
5125 225
5126 213
5127 214
5128 280
5129 123
5130 220
5131 196
5132 194
5133 273
5134 237
5135 160
5136 238
5137 168
5138 268
5139 155
5140 222
5141 188
5142 227
5143 272
5144 182
5145 194
5146 240
5147 189
5148 217
5149 209
5150 173
5151 193
5152 241
5153 213
5154 289
5155 152
5156 187
5157 164
5158 219
5159 209
5160 235
5161 243
5162 268
5163 236
5164 160
5165 139
5166 190
5167 169
5168 192
5169 213
5170 181
5171 190
5172 161
5173 210
5174 165
5175 196
5176 152
5177 83
5178 212
5179 204
5180 177
5181 172
5182 200
5183 215
5184 207
5185 154
5186 201
5187 201
5188 265
5189 131
5190 154
5191 160
5192 298
5193 225
5194 169
5195 229
5196 176
5197 203
5198 153
5199 197
5200 256
5201 221
5202 206
5203 243
5204 216
5205 200
5206 272
5207 225
5208 218
5209 188
5210 115
5211 196
5212 187
5213 236
5214 170
5215 237
5216 186
5217 201
5218 179
5219 215
5220 197
5221 261
5222 188
5223 196
5224 148
5225 210
5226 93
5227 190
5228 177
5229 100
5230 189
5231 150
5232 167
5233 240
5234 176
5235 190
5236 176
5237 160
5238 204
5239 187
5240 243
5241 160
5242 172
5243 242
5244 188
5245 176
5246 173
5247 175
5248 144
5249 231
5250 213
5251 204
5252 186
5253 140
5254 180
5255 208
5256 248
5257 236
5258 232
5259 201
5260 226
5261 194
5262 201
5263 151
5264 197
5265 278
5266 204
5267 187
5268 185
5269 148
5270 222
5271 275
5272 216
5273 168
5274 128
5275 213
5276 206
5277 183
5278 205
5279 185
5280 157
5281 230
5282 242
5283 173
5284 141
5285 162
5286 168
5287 209
5288 207
5289 183
5290 199
5291 212
5292 226
5293 180
5294 183
5295 178
5296 243
5297 190
5298 214
5299 199
5300 158
5301 96
5302 154
5303 221
5304 203
5305 261
5306 191
5307 199
5308 238
5309 225
5310 202
5311 215
5312 193
5313 175
5314 226
5315 186
5316 210
5317 194
5318 251
5319 161
5320 161
5321 197
5322 148
5323 211
5324 109
5325 252
5326 218
5327 165
5328 157
5329 204
5330 255
5331 130
5332 129
5333 170
5334 231
5335 250
5336 188
5337 210
5338 210
5339 184
5340 237
5341 305
5342 241
5343 163
5344 187
5345 247
5346 240
5347 184
5348 151
5349 246
5350 225
5351 255
5352 278
5353 234
5354 163
5355 0
5356 205
5357 157
5358 145
5359 263
5360 149
5361 217
5362 194
5363 234
5364 250
5365 212
5366 248
5367 200
5368 183
5369 195
5370 208
5371 224
5372 189
5373 231
5374 110
5375 201
5376 174
5377 258
5378 183
5379 199
5380 214
5381 213
5382 206
5383 34
5384 161
5385 272
5386 157
5387 120
5388 159
5389 171
5390 198
5391 179
5392 200
5393 194
5394 194
5395 147
5396 222
5397 174
5398 213
5399 240
5400 197
5401 195
5402 159
5403 147
5404 250
5405 148
5406 160
5407 219
5408 141
5409 237
5410 179
5411 167
5412 183
5413 183
5414 218
5415 223
5416 212
5417 208
5418 234
5419 183
5420 207
5421 204
5422 149
5423 192
5424 146
5425 200
5426 200
5427 205
5428 152
5429 248
5430 175
5431 194
5432 187
5433 195
5434 222
5435 198
5436 121
5437 243
5438 142
5439 196
5440 249
5441 207
5442 204
5443 149
5444 177
5445 195
5446 228
5447 274
5448 302
5449 217
5450 252
5451 225
5452 208
5453 173
5454 225
5455 238
5456 212
5457 230
5458 107
5459 220
5460 269
5461 193
5462 208
5463 225
5464 203
5465 217
5466 260
5467 197
5468 184
5469 155
5470 120
5471 225
5472 195
5473 244
5474 200
5475 234
5476 225
5477 201
5478 217
5479 210
5480 233
5481 190
5482 180
5483 161
5484 157
5485 215
5486 181
5487 154
5488 172
5489 214
5490 109
5491 156
5492 256
5493 148
5494 170
5495 201
5496 229
5497 216
5498 207
5499 193
5500 183
5501 143
5502 208
5503 214
5504 205
5505 292
5506 256
5507 198
5508 180
5509 202
5510 216
5511 173
5512 172
5513 211
5514 287
5515 206
5516 208
5517 141
5518 198
5519 152
5520 173
5521 219
5522 240
5523 270
5524 186
5525 171
5526 239
5527 180
5528 260
5529 0
5530 170
5531 226
5532 173
5533 224
5534 274
5535 204
5536 243
5537 163
5538 217
5539 187
5540 198
5541 169
5542 190
5543 180
5544 190
5545 270
5546 173
5547 161
5548 206
5549 229
5550 122
5551 226
5552 194
5553 195
5554 141
5555 200
5556 86
5557 182
5558 134
5559 236
5560 170
5561 195
5562 225
5563 195
5564 185
5565 252
5566 209
5567 195
5568 198
5569 144
5570 255
5571 199
5572 184
5573 190
5574 153
5575 238
5576 215
5577 168
5578 145
5579 189
5580 186
5581 164
5582 146
5583 162
5584 237
5585 199
5586 179
5587 174
5588 172
5589 215
5590 183
5591 185
5592 185
5593 185
5594 198
5595 254
5596 190
5597 168
5598 192
5599 241
5600 196
5601 131
5602 224
5603 224
5604 228
5605 200
5606 212
5607 223
5608 195
5609 143
5610 185
5611 197
5612 207
5613 222
5614 236
5615 230
5616 187
5617 84
5618 222
5619 172
5620 186
5621 173
5622 246
5623 190
5624 205
5625 244
5626 227
5627 211
5628 0
5629 178
5630 139
5631 144
5632 208
5633 229
5634 191
5635 200
5636 217
5637 138
5638 259
5639 174
5640 240
5641 173
5642 232
5643 236
5644 180
5645 211
5646 194
5647 188
5648 226
5649 172
5650 241
5651 150
5652 295
5653 187
5654 240
5655 196
5656 225
5657 133
5658 240
5659 178
5660 196
5661 203
5662 175
5663 174
5664 240
5665 180
5666 240
5667 218
5668 191
5669 179
5670 228
5671 194
5672 206
5673 149
5674 206
5675 236
5676 134
5677 198
5678 170
5679 190
5680 146
5681 228
5682 238
5683 141
5684 227
5685 201
5686 223
5687 141
5688 192
5689 176
5690 230
5691 207
5692 251
5693 153
5694 191
5695 169
5696 172
5697 184
5698 192
5699 0
5700 194
5701 187
5702 221
5703 176
5704 120
5705 241
5706 181
5707 239
5708 195
5709 200
5710 236
5711 197
5712 250
5713 152
5714 205
5715 269
5716 208
5717 180
5718 191
5719 170
5720 342
5721 197
5722 162
5723 250
5724 198
5725 228
5726 199
5727 156
5728 155
5729 177
5730 164
5731 100
5732 208
5733 167
5734 240
5735 182
5736 186
5737 188
5738 116
5739 244
5740 219
5741 146
5742 190
5743 169
5744 214
5745 179
5746 212
5747 213
5748 186
5749 181
5750 188
5751 192
5752 171
5753 203
5754 196
5755 196
5756 219
5757 41
5758 176
5759 149
5760 151
5761 177
5762 207
5763 182
5764 179
5765 284
5766 193
5767 98
5768 191
5769 207
5770 141
5771 200
5772 236
5773 171
5774 191
5775 209
5776 199
5777 125
5778 217
5779 171
5780 200
5781 268
5782 181
5783 227
5784 163
5785 219
5786 203
5787 144
5788 213
5789 188
5790 218
5791 230
5792 153
5793 236
5794 168
5795 172
5796 174
5797 193
5798 213
5799 210
5800 182
5801 204
5802 172
5803 246
5804 190
5805 212
5806 127
5807 161
5808 210
5809 189
5810 135
5811 231
5812 220
5813 216
5814 204
5815 236
5816 108
5817 201
5818 163
5819 91
5820 231
5821 184
5822 220
5823 209
5824 179
5825 161
5826 145
5827 213
5828 204
5829 183
5830 211
5831 216
5832 222
5833 177
5834 187
5835 200
5836 210
5837 203
5838 284
5839 229
5840 206
5841 241
5842 244
5843 172
5844 217
5845 187
5846 217
5847 211
5848 190
5849 208
5850 241
5851 174
5852 189
5853 172
5854 156
5855 120
5856 207
5857 181
5858 274
5859 196
5860 207
5861 194
5862 156
5863 175
5864 160
5865 250
5866 252
5867 203
5868 161
5869 232
5870 192
5871 208
5872 180
5873 247
5874 190
5875 207
5876 213
5877 186
5878 144
5879 233
5880 218
5881 251
5882 195
5883 247
5884 156
5885 162
5886 200
5887 194
5888 156
5889 165
5890 220
5891 203
5892 181
5893 173
5894 203
5895 103
5896 173
5897 189
5898 137
5899 132
5900 210
5901 275
5902 223
5903 178
5904 200
5905 199
5906 213
5907 168
5908 136
5909 130
5910 231
5911 197
5912 208
5913 218
5914 207
5915 209
5916 218
5917 206
5918 241
5919 169
5920 201
5921 237
5922 166
5923 186
5924 228
5925 172
5926 129
5927 136
5928 199
5929 224
5930 150
5931 197
5932 211
5933 218
5934 172
5935 127
5936 163
5937 190
5938 214
5939 116
5940 238
5941 139
5942 170
5943 224
5944 214
5945 153
5946 233
5947 182
5948 216
5949 163
5950 220
5951 229
5952 215
5953 205
5954 178
5955 204
5956 185
5957 209
5958 172
5959 221
5960 228
5961 175
5962 213
5963 257
5964 168
5965 174
5966 162
5967 193
5968 187
5969 211
5970 199
5971 182
5972 239
5973 185
5974 243
5975 189
5976 279
5977 238
5978 205
5979 221
5980 203
5981 187
5982 236
5983 146
5984 198
5985 205
5986 141
5987 237
5988 259
5989 183
5990 185
5991 133
5992 209
5993 226
5994 193
5995 186
5996 269
5997 166
5998 225
5999 130
6000 209
6001 184
6002 236
6003 180
6004 222
6005 193
6006 176
6007 197
6008 213
6009 208
6010 204
6011 188
6012 216
6013 174
6014 236
6015 202
6016 192
6017 202
6018 164
6019 195
6020 172
6021 195
6022 218
6023 237
6024 198
6025 328
6026 225
6027 211
6028 137
6029 165
6030 216
6031 181
6032 195
6033 180
6034 208
6035 269
6036 189
6037 96
6038 247
6039 246
6040 190
6041 201
6042 216
6043 190
6044 182
6045 235
6046 208
6047 157
6048 172
6049 148
6050 214
6051 149
6052 182
6053 173
6054 202
6055 266
6056 259
6057 161
6058 221
6059 194
6060 231
6061 180
6062 256
6063 216
6064 224
6065 252
6066 295
6067 176
6068 204
6069 216
6070 206
6071 215
6072 174
6073 149
6074 175
6075 176
6076 231
6077 217
6078 242
6079 166
6080 194
6081 246
6082 185
6083 222
6084 157
6085 234
6086 133
6087 190
6088 224
6089 195
6090 216
6091 201
6092 220
6093 196
6094 161
6095 210
6096 197
6097 172
6098 260
6099 192
6100 176
6101 190
6102 203
6103 221
6104 102
6105 170
6106 189
6107 247
6108 238
6109 173
6110 207
6111 229
6112 245
6113 198
6114 234
6115 168
6116 151
6117 159
6118 209
6119 232
6120 220
6121 216
6122 213
6123 160
6124 200
6125 148
6126 284
6127 183
6128 213
6129 255
6130 179
6131 102
6132 174
6133 184
6134 141
6135 134
6136 200
6137 207
6138 168
6139 233
6140 130
6141 182
6142 198
6143 226
6144 188
6145 148
6146 219
6147 175
6148 213
6149 220
6150 166
6151 209
6152 169
6153 330
6154 183
6155 203
6156 175
6157 213
6158 150
6159 232
6160 293
6161 158
6162 136
6163 199
6164 240
6165 156
6166 180
6167 216
6168 238
6169 241
6170 171
6171 192
6172 181
6173 212
6174 184
6175 170
6176 191
6177 156
6178 164
6179 154
6180 197
6181 262
6182 164
6183 192
6184 165
6185 240
6186 203
6187 240
6188 232
6189 203
6190 260
6191 180
6192 157
6193 219
6194 168
6195 175
6196 264
6197 167
6198 203
6199 154
6200 163
6201 189
6202 169
6203 143
6204 158
6205 226
6206 213
6207 133
6208 226
6209 208
6210 253
6211 187
6212 176
6213 173
6214 224
6215 140
6216 214
6217 189
6218 234
6219 241
6220 235
6221 246
6222 240
6223 185
6224 205
6225 158
6226 139
6227 166
6228 213
6229 217
6230 227
6231 200
6232 205
6233 178
6234 201
6235 310
6236 221
6237 110
6238 203
6239 290
6240 174
6241 226
6242 182
6243 173
6244 233
6245 161
6246 228
6247 127
6248 270
6249 211
6250 238
6251 222
6252 197
6253 218
6254 210
6255 249
6256 134
6257 208
6258 212
6259 245
6260 226
6261 188
6262 139
6263 188
6264 227
6265 176
6266 266
6267 121
6268 277
6269 117
6270 199
6271 177
6272 153
6273 196
6274 203
6275 269
6276 181
6277 208
6278 192
6279 180
6280 260
6281 146
6282 203
6283 165
6284 158
6285 172
6286 225
6287 187
6288 219
6289 139
6290 232
6291 195
6292 214
6293 135
6294 200
6295 170
6296 165
6297 194
6298 199
6299 220
6300 257
6301 162
6302 250
6303 220
6304 195
6305 159
6306 195
6307 183
6308 202
6309 195
6310 139
6311 184
6312 207
6313 227
6314 202
6315 214
6316 178
6317 201
6318 172
6319 220
6320 111
6321 194
6322 173
6323 202
6324 218
6325 184
6326 146
6327 139
6328 200
6329 184
6330 201
6331 210
6332 153
6333 213
6334 208
6335 248
6336 236
6337 208
6338 166
6339 179
6340 178
6341 154
6342 203
6343 228
6344 176
6345 158
6346 260
6347 181
6348 156
6349 184
6350 238
6351 251
6352 235
6353 208
6354 219
6355 192
6356 220
6357 219
6358 227
6359 190
6360 194
6361 181
6362 197
6363 283
6364 178
6365 52
6366 141
6367 209
6368 231
6369 222
6370 189
6371 181
6372 122
6373 185
6374 167
6375 187
6376 207
6377 177
6378 256
6379 204
6380 227
6381 221
6382 205
6383 211
6384 180
6385 199
6386 164
6387 281
6388 234
6389 187
6390 210
6391 183
6392 190
6393 179
6394 253
6395 206
6396 201
6397 143
6398 201
6399 194
6400 175
6401 189
6402 219
6403 194
6404 194
6405 282
6406 178
6407 202
6408 188
6409 230
6410 208
6411 179
6412 224
6413 170
6414 185
6415 246
6416 196
6417 171
6418 204
6419 219
6420 187
6421 117
6422 219
6423 235
6424 195
6425 202
6426 278
6427 176
6428 222
6429 259
6430 172
6431 240
6432 248
6433 99
6434 206
6435 208
6436 140
6437 174
6438 169
6439 199
6440 225
6441 155
6442 235
6443 239
6444 242
6445 212
6446 213
6447 214
6448 159
6449 204
6450 242
6451 168
6452 205
6453 250
6454 226
6455 0
6456 162
6457 255
6458 181
6459 166
6460 216
6461 176
6462 173
6463 210
6464 154
6465 162
6466 165
6467 197
6468 213
6469 142
6470 269
6471 154
6472 215
6473 200
6474 196
6475 208
6476 185
6477 167
6478 284
6479 224
6480 170
6481 201
6482 281
6483 197
6484 236
6485 215
6486 197
6487 195
6488 180
6489 143
6490 244
6491 204
6492 189
6493 155
6494 160
6495 197
6496 249
6497 184
6498 228
6499 259
6500 226
6501 253
6502 169
6503 228
6504 211
6505 184
6506 206
6507 202
6508 213
6509 229
6510 251
6511 202
6512 193
6513 182
6514 178
6515 188
6516 115
6517 217
6518 236
6519 0
6520 294
6521 222
6522 260
6523 164
6524 226
6525 154
6526 217
6527 177
6528 185
6529 140
6530 149
6531 169
6532 191
6533 225
6534 226
6535 220
6536 205
6537 204
6538 0
6539 190
6540 138
6541 233
6542 192
6543 201
6544 209
6545 217
6546 196
6547 172
6548 209
6549 205
6550 161
6551 241
6552 217
6553 190
6554 173
6555 201
6556 210
6557 167
6558 174
6559 184
6560 200
6561 152
6562 196
6563 174
6564 208
6565 141
6566 219
6567 187
6568 196
6569 196
6570 202
6571 0
6572 177
6573 219
6574 210
6575 202
6576 189
6577 219
6578 184
6579 234
6580 253
6581 188
6582 131
6583 221
6584 212
6585 292
6586 256
6587 181
6588 196
6589 203
6590 210
6591 156
6592 171
6593 108
6594 287
6595 208
6596 134
6597 275
6598 204
6599 210
6600 114
6601 206
6602 229
6603 29
6604 181
6605 167
6606 206
6607 205
6608 231
6609 179
6610 206
6611 158
6612 105
6613 197
6614 212
6615 171
6616 193
6617 215
6618 216
6619 215
6620 188
6621 222
6622 153
6623 210
6624 200
6625 212
6626 214
6627 151
6628 203
6629 215
6630 179
6631 200
6632 206
6633 149
6634 170
6635 231
6636 190
6637 271
6638 249
6639 177
6640 167
6641 218
6642 198
6643 130
6644 215
6645 232
6646 218
6647 223
6648 205
6649 182
6650 211
6651 220
6652 204
6653 172
6654 209
6655 151
6656 171
6657 223
6658 195
6659 179
6660 176
6661 233
6662 250
6663 246
6664 174
6665 182
6666 154
6667 180
6668 121
6669 203
6670 191
6671 197
6672 179
6673 232
6674 230
6675 186
6676 208
6677 123
6678 124
6679 220
6680 212
6681 193
6682 196
6683 186
6684 184
6685 180
6686 175
6687 215
6688 165
6689 187
6690 183
6691 185
6692 227
6693 177
6694 196
6695 245
6696 184
6697 178
6698 171
6699 140
6700 211
6701 189
6702 178
6703 196
6704 178
6705 209
6706 216
6707 173
6708 210
6709 186
6710 184
6711 242
6712 189
6713 140
6714 178
6715 227
6716 176
6717 223
6718 255
6719 202
6720 243
6721 166
6722 174
6723 148
6724 169
6725 221
6726 287
6727 198
6728 184
6729 205
6730 186
6731 199
6732 197
6733 215
6734 151
6735 187
6736 231
6737 143
6738 214
6739 204
6740 178
6741 184
6742 219
6743 152
6744 230
6745 217
6746 168
6747 157
6748 193
6749 173
6750 186
6751 203
6752 253
6753 169
6754 171
6755 217
6756 187
6757 194
6758 159
6759 249
6760 196
6761 180
6762 169
6763 142
6764 216
6765 194
6766 182
6767 191
6768 191
6769 204
6770 185
6771 219
6772 196
6773 190
6774 264
6775 156
6776 183
6777 148
6778 211
6779 276
6780 163
6781 178
6782 209
6783 209
6784 163
6785 202
6786 182
6787 207
6788 215
6789 212
6790 187
6791 142
6792 148
6793 200
6794 129
6795 121
6796 205
6797 163
6798 240
6799 141
6800 179
6801 151
6802 202
6803 195
6804 159
6805 181
6806 223
6807 166
6808 203
6809 137
6810 195
6811 183
6812 217
6813 166
6814 194
6815 167
6816 186
6817 89
6818 178
6819 150
6820 172
6821 149
6822 215
6823 188
6824 243
6825 189
6826 272
6827 208
6828 221
6829 153
6830 147
6831 265
6832 146
6833 242
6834 264
6835 231
6836 208
6837 246
6838 191
6839 217
6840 199
6841 198
6842 154
6843 195
6844 189
6845 183
6846 143
6847 229
6848 206
6849 181
6850 151
6851 284
6852 196
6853 237
6854 175
6855 181
6856 209
6857 135
6858 161
6859 218
6860 239
6861 175
6862 183
6863 188
6864 235
6865 190
6866 192
6867 209
6868 236
6869 189
6870 210
6871 138
6872 159
6873 216
6874 185
6875 222
6876 327
6877 222
6878 187
6879 168
6880 200
6881 225
6882 191
6883 218
6884 153
6885 237
6886 199
6887 225
6888 229
6889 257
6890 211
6891 215
6892 254
6893 186
6894 201
6895 174
6896 152
6897 191
6898 228
6899 182
6900 179
6901 123
6902 194
6903 231
6904 171
6905 207
6906 197
6907 294
6908 245
6909 200
6910 157
6911 172
6912 177
6913 226
6914 178
6915 184
6916 223
6917 225
6918 175
6919 210
6920 230
6921 114
6922 220
6923 240
6924 190
6925 180
6926 177
6927 172
6928 201
6929 335
6930 147
6931 240
6932 266
6933 204
6934 178
6935 180
6936 183
6937 165
6938 168
6939 255
6940 206
6941 196
6942 273
6943 191
6944 204
6945 244
6946 194
6947 264
6948 252
6949 147
6950 192
6951 196
6952 198
6953 123
6954 166
6955 178
6956 220
6957 182
6958 212
6959 208
6960 182
6961 212
6962 195
6963 191
6964 293
6965 167
6966 201
6967 206
6968 145
6969 227
6970 194
6971 160
6972 241
6973 192
6974 211
6975 0
6976 183
6977 236
6978 184
6979 226
6980 238
6981 261
6982 197
6983 258
6984 0
6985 206
6986 208
6987 182
6988 219
6989 174
6990 109
6991 210
6992 165
6993 180
6994 213
6995 171
6996 229
6997 161
6998 216
6999 158
7000 220
7001 169
7002 214
7003 261
7004 305
7005 161
7006 231
7007 182
7008 147
7009 339
7010 220
7011 196
7012 171
7013 216
7014 205
7015 216
7016 223
7017 176
7018 173
7019 194
7020 173
7021 194
7022 188
7023 181
7024 160
7025 177
7026 280
7027 183
7028 209
7029 171
7030 236
7031 232
7032 163
7033 172
7034 198
7035 250
7036 221
7037 198
7038 120
7039 200
7040 154
7041 284
7042 210
7043 169
7044 271
7045 164
7046 163
7047 319
7048 223
7049 146
7050 198
7051 216
7052 150
7053 215
7054 197
7055 224
7056 217
7057 193
7058 185
7059 114
7060 161
7061 304
7062 158
7063 201
7064 262
7065 213
7066 223
7067 254
7068 179
7069 185
7070 210
7071 202
7072 188
7073 176
7074 193
7075 172
7076 221
7077 171
7078 185
7079 164
7080 162
7081 154
7082 0
7083 184
7084 224
7085 173
7086 199
7087 161
7088 191
7089 192
7090 188
7091 173
7092 217
7093 252
7094 113
7095 215
7096 164
7097 198
7098 129
7099 225
7100 193
7101 167
7102 175
7103 209
7104 169
7105 234
7106 143
7107 231
7108 216
7109 182
7110 216
7111 176
7112 80
7113 154
7114 198
7115 253
7116 171
7117 215
7118 239
7119 0
7120 175
7121 157
7122 211
7123 172
7124 190
7125 141
7126 249
7127 226
7128 213
7129 220
7130 203
7131 203
7132 179
7133 223
7134 211
7135 182
7136 196
7137 143
7138 204
7139 208
7140 172
7141 212
7142 185
7143 194
7144 175
7145 182
7146 193
7147 241
7148 205
7149 218
7150 229
7151 186
7152 356
7153 213
7154 202
7155 197
7156 208
7157 217
7158 252
7159 171
7160 239
7161 204
7162 188
7163 160
7164 144
7165 163
7166 235
7167 203
7168 165
7169 229
7170 219
7171 140
7172 163
7173 241
7174 209
7175 159
7176 169
7177 152
7178 174
7179 253
7180 166
7181 230
7182 195
7183 228
7184 177
7185 192
7186 201
7187 196
7188 189
7189 82
7190 182
7191 191
7192 209
7193 234
7194 154
7195 243
7196 174
7197 181
7198 197
7199 246
7200 195
7201 184
7202 194
7203 173
7204 159
7205 176
7206 184
7207 168
7208 171
7209 245
7210 204
7211 148
7212 173
7213 252
7214 192
7215 177
7216 256
7217 134
7218 131
7219 189
7220 206
7221 171
7222 143
7223 182
7224 237
7225 211
7226 101
7227 203
7228 203
7229 204
7230 178
7231 231
7232 123
7233 212
7234 208
7235 254
7236 235
7237 212
7238 187
7239 213
7240 215
7241 181
7242 177
7243 103
7244 219
7245 282
7246 178
7247 239
7248 184
7249 211
7250 185
7251 209
7252 165
7253 187
7254 229
7255 179
7256 259
7257 187
7258 180
7259 215
7260 217
7261 169
7262 193
7263 197
7264 212
7265 171
7266 224
7267 122
7268 206
7269 199
7270 184
7271 239
7272 196
7273 204
7274 191
7275 192
7276 179
7277 165
7278 161
7279 199
7280 210
7281 256
7282 195
7283 199
7284 204
7285 247
7286 176
7287 178
7288 168
7289 203
7290 175
7291 208
7292 232
7293 218
7294 220
7295 175
7296 104
7297 174
7298 222
7299 175
7300 262
7301 254
7302 171
7303 205
7304 219
7305 207
7306 216
7307 175
7308 162
7309 163
7310 193
7311 195
7312 233
7313 253
7314 230
7315 206
7316 218
7317 222
7318 177
7319 175
7320 193
7321 199
7322 176
7323 176
7324 262
7325 189
7326 205
7327 240
7328 225
7329 223
7330 226
7331 209
7332 212
7333 211
7334 224
7335 155
7336 191
7337 196
7338 271
7339 167
7340 192
7341 184
7342 227
7343 247
7344 175
7345 150
7346 183
7347 244
7348 148
7349 221
7350 177
7351 132
7352 188
7353 141
7354 192
7355 234
7356 153
7357 171
7358 184
7359 185
7360 202
7361 129
7362 184
7363 164
7364 237
7365 199
7366 186
7367 239
7368 164
7369 235
7370 219
7371 169
7372 170
7373 227
7374 221
7375 189
7376 239
7377 129
7378 217
7379 228
7380 192
7381 276
7382 167
7383 173
7384 0
7385 160
7386 232
7387 186
7388 164
7389 156
7390 187
7391 226
7392 190
7393 217
7394 235
7395 215
7396 204
7397 199
7398 194
7399 181
7400 131
7401 208
7402 257
7403 217
7404 216
7405 203
7406 189
7407 258
7408 188
7409 162
7410 197
7411 170
7412 148
7413 267
7414 190
7415 175
7416 213
7417 189
7418 204
7419 138
7420 221
7421 198
7422 121
7423 173
7424 205
7425 237
7426 214
7427 204
7428 176
7429 188
7430 230
7431 215
7432 157
7433 190
7434 160
7435 194
7436 275
7437 215
7438 159
7439 187
7440 150
7441 179
7442 191
7443 211
7444 157
7445 212
7446 184
7447 187
7448 179
7449 172
7450 251
7451 224
7452 247
7453 77
7454 180
7455 269
7456 228
7457 213
7458 200
7459 203
7460 194
7461 143
7462 203
7463 196
7464 234
7465 180
7466 258
7467 223
7468 160
7469 205
7470 244
7471 217
7472 261
7473 182
7474 230
7475 179
7476 95
7477 94
7478 234
7479 210
7480 184
7481 155
7482 152
7483 204
7484 258
7485 206
7486 245
7487 208
7488 273
7489 168
7490 195
7491 166
7492 179
7493 182
7494 168
7495 179
7496 192
7497 198
7498 218
7499 168
7500 219
7501 274
7502 153
7503 205
7504 245
7505 128
7506 263
7507 210
7508 137
7509 115
7510 226
7511 269
7512 198
7513 164
7514 190
7515 209
7516 217
7517 148
7518 159
7519 218
7520 173
7521 148
7522 208
7523 254
7524 170
7525 78
7526 195
7527 126
7528 177
7529 182
7530 233
7531 219
7532 168
7533 225
7534 206
7535 263
7536 197
7537 170
7538 176
7539 212
7540 237
7541 190
7542 271
7543 240
7544 224
7545 178
7546 189
7547 200
7548 205
7549 205
7550 178
7551 184
7552 239
7553 203
7554 181
7555 234
7556 215
7557 173
7558 245
7559 144
7560 165
7561 191
7562 189
7563 237
7564 214
7565 171
7566 243
7567 190
7568 169
7569 212
7570 248
7571 194
7572 186
7573 202
7574 256
7575 204
7576 102
7577 192
7578 181
7579 147
7580 227
7581 124
7582 214
7583 257
7584 190
7585 269
7586 145
7587 123
7588 169
7589 200
7590 187
7591 159
7592 155
7593 198
7594 205
7595 196
7596 259
7597 104
7598 221
7599 207
7600 218
7601 194
7602 176
7603 210
7604 234
7605 211
7606 197
7607 219
7608 267
7609 197
7610 243
7611 239
7612 154
7613 192
7614 254
7615 123
7616 184
7617 180
7618 163
7619 244
7620 180
7621 157
7622 212
7623 280
7624 223
7625 209
7626 194
7627 212
7628 196
7629 198
7630 187
7631 186
7632 233
7633 242
7634 226
7635 202
7636 182
7637 187
7638 179
7639 171
7640 125
7641 221
7642 233
7643 222
7644 119
7645 265
7646 166
7647 157
7648 240
7649 218
7650 176
7651 198
7652 135
7653 174
7654 205
7655 240
7656 205
7657 210
7658 125
7659 196
7660 259
7661 193
7662 137
7663 212
7664 162
7665 123
7666 187
7667 209
7668 272
7669 193
7670 234
7671 196
7672 191
7673 168
7674 204
7675 166
7676 150
7677 259
7678 117
7679 220
7680 182
7681 186
7682 150
7683 214
7684 183
7685 265
7686 176
7687 174
7688 161
7689 181
7690 182
7691 243
7692 46
7693 201
7694 187
7695 152
7696 186
7697 189
7698 227
7699 187
7700 221
7701 230
7702 241
7703 183
7704 209
7705 265
7706 228
7707 250
7708 187
7709 157
7710 187
7711 145
7712 167
7713 174
7714 134
7715 207
7716 204
7717 178
7718 149
7719 171
7720 203
7721 165
7722 203
7723 194
7724 191
7725 193
7726 206
7727 184
7728 177
7729 243
7730 157
7731 226
7732 241
7733 140
7734 189
7735 165
7736 204
7737 225
7738 193
7739 182
7740 204
7741 195
7742 195
7743 279
7744 145
7745 192
7746 197
7747 123
7748 182
7749 219
7750 237
7751 223
7752 180
7753 178
7754 220
7755 171
7756 192
7757 172
7758 194
7759 215
7760 208
7761 193
7762 224
7763 235
7764 257
7765 232
7766 196
7767 0
7768 227
7769 111
7770 173
7771 206
7772 202
7773 253
7774 169
7775 167
7776 197
7777 194
7778 253
7779 201
7780 121
7781 179
7782 156
7783 136
7784 185
7785 275
7786 196
7787 89
7788 184
7789 224
7790 156
7791 187
7792 172
7793 237
7794 186
7795 166
7796 191
7797 246
7798 222
7799 145
7800 187
7801 175
7802 203
7803 177
7804 205
7805 126
7806 208
7807 155
7808 212
7809 211
7810 208
7811 178
7812 188
7813 228
7814 257
7815 183
7816 227
7817 165
7818 173
7819 156
7820 183
7821 189
7822 175
7823 182
7824 148
7825 179
7826 182
7827 156
7828 216
7829 304
7830 179
7831 180
7832 235
7833 146
7834 234
7835 271
7836 177
7837 211
7838 179
7839 119
7840 232
7841 76
7842 264
7843 213
7844 207
7845 168
7846 234
7847 185
7848 144
7849 216
7850 159
7851 213
7852 226
7853 135
7854 175
7855 213
7856 145
7857 196
7858 247
7859 213
7860 138
7861 235
7862 176
7863 171
7864 223
7865 126
7866 153
7867 245
7868 71
7869 219
7870 179
7871 78
7872 170
7873 236
7874 187
7875 239
7876 186
7877 202
7878 257
7879 148
7880 224
7881 201
7882 138
7883 216
7884 167
7885 140
7886 203
7887 208
7888 146
7889 184
7890 197
7891 222
7892 212
7893 263
7894 165
7895 205
7896 215
7897 253
7898 206
7899 205
7900 133
7901 190
7902 257
7903 162
7904 147
7905 252
7906 178
7907 170
7908 154
7909 211
7910 182
7911 197
7912 179
7913 221
7914 193
7915 162
7916 195
7917 225
7918 233
7919 146
7920 193
7921 160
7922 201
7923 259
7924 198
7925 172
7926 167
7927 126
7928 191
7929 206
7930 207
7931 223
7932 261
7933 172
7934 163
7935 156
7936 187
7937 205
7938 247
7939 226
7940 201
7941 250
7942 115
7943 197
7944 200
7945 232
7946 296
7947 223
7948 167
7949 173
7950 233
7951 191
7952 180
7953 228
7954 185
7955 199
7956 178
7957 175
7958 168
7959 191
7960 176
7961 145
7962 170
7963 222
7964 164
7965 215
7966 138
7967 202
7968 143
7969 195
7970 186
7971 207
7972 187
7973 198
7974 144
7975 168
7976 147
7977 150
7978 138
7979 203
7980 144
7981 215
7982 236
7983 217
7984 177
7985 175
7986 236
7987 221
7988 183
7989 251
7990 205
7991 173
7992 213
7993 254
7994 169
7995 198
7996 189
7997 207
7998 184
7999 152
8000 218
8001 171
8002 144
8003 154
8004 188
8005 194
8006 150
8007 217
8008 193
8009 179
8010 171
8011 178
8012 225
8013 220
8014 114
8015 191
8016 216
8017 150
8018 161
8019 216
8020 244
8021 292
8022 144
8023 216
8024 156
8025 218
8026 162
8027 165
8028 216
8029 211
8030 172
8031 194
8032 271
8033 228
8034 191
8035 199
8036 232
8037 238
8038 235
8039 187
8040 247
8041 174
8042 171
8043 183
8044 183
8045 228
8046 239
8047 243
8048 210
8049 189
8050 201
8051 226
8052 197
8053 208
8054 114
8055 235
8056 196
8057 162
8058 186
8059 134
8060 189
8061 225
8062 188
8063 264
8064 172
8065 224
8066 185
8067 214
8068 170
8069 207
8070 162
8071 171
8072 201
8073 171
8074 168
8075 170
8076 180
8077 181
8078 189
8079 192
8080 195
8081 176
8082 170
8083 172
8084 185
8085 239
8086 188
8087 218
8088 212
8089 162
8090 0
8091 242
8092 229
8093 191
8094 178
8095 167
8096 140
8097 181
8098 211
8099 225
8100 200
8101 207
8102 193
8103 230
8104 167
8105 157
8106 208
8107 203
8108 138
8109 126
8110 208
8111 209
8112 236
8113 138
8114 187
8115 171
8116 197
8117 210
8118 192
8119 206
8120 165
8121 209
8122 146
8123 163
8124 206
8125 229
8126 191
8127 214
8128 195
8129 94
8130 152
8131 249
8132 208
8133 183
8134 178
8135 286
8136 194
8137 202
8138 237
8139 214
8140 217
8141 231
8142 223
8143 175
8144 207
8145 103
8146 121
8147 252
8148 202
8149 143
8150 203
8151 244
8152 184
8153 211
8154 161
8155 193
8156 185
8157 228
8158 179
8159 197
8160 169
8161 178
8162 157
8163 224
8164 206
8165 217
8166 173
8167 249
8168 274
8169 194
8170 183
8171 55
8172 159
8173 250
8174 194
8175 185
8176 154
8177 223
8178 189
8179 254
8180 190
8181 199
8182 199
8183 158
8184 246
8185 269
8186 187
8187 215
8188 217
8189 180
8190 254
8191 209
8192 200
8193 230
8194 216
8195 180
8196 238
8197 0
8198 122
8199 175
8200 195
8201 170
8202 172
8203 228
8204 212
8205 200
8206 178
8207 156
8208 171
8209 152
8210 243
8211 226
8212 210
8213 167
8214 242
8215 208
8216 201
8217 117
8218 189
8219 199
8220 234
8221 226
8222 162
8223 168
8224 210
8225 243
8226 215
8227 192
8228 139
8229 169
8230 211
8231 220
8232 240
8233 216
8234 200
8235 102
8236 200
8237 186
8238 194
8239 222
8240 227
8241 226
8242 273
8243 183
8244 228
8245 130
8246 210
8247 156
8248 200
8249 214
8250 152
8251 250
8252 216
8253 200
8254 205
8255 207
8256 222
8257 218
8258 212
8259 214
8260 191
8261 227
8262 196
8263 214
8264 191
8265 166
8266 220
8267 172
8268 168
8269 218
8270 193
8271 187
8272 204
8273 203
8274 206
8275 263
8276 197
8277 194
8278 241
8279 240
8280 211
8281 214
8282 159
8283 250
8284 150
8285 322
8286 187
8287 195
8288 201
8289 250
8290 278
8291 164
8292 215
8293 168
8294 138
8295 197
8296 192
8297 196
8298 209
8299 168
8300 198
8301 210
8302 219
8303 245
8304 214
8305 230
8306 299
8307 160
8308 206
8309 227
8310 211
8311 190
8312 256
8313 188
8314 224
8315 240
8316 221
8317 211
8318 204
8319 218
8320 182
8321 217
8322 242
8323 205
8324 187
8325 173
8326 196
8327 234
8328 220
8329 154
8330 244
8331 200
8332 179
8333 193
8334 188
8335 215
8336 179
8337 233
8338 285
8339 175
8340 232
8341 215
8342 164
8343 214
8344 235
8345 248
8346 203
8347 222
8348 253
8349 222
8350 219
8351 204
8352 153
8353 142
8354 179
8355 190
8356 195
8357 154
8358 218
8359 171
8360 225
8361 276
8362 221
8363 191
8364 302
8365 223
8366 192
8367 246
8368 219
8369 228
8370 246
8371 222
8372 195
8373 207
8374 219
8375 214
8376 212
8377 215
8378 180
8379 180
8380 165
8381 204
8382 174
8383 252
8384 199
8385 193
8386 207
8387 239
8388 166
8389 143
8390 179
8391 207
8392 160
8393 157
8394 193
8395 224
8396 155
8397 179
8398 198
8399 186
8400 244
8401 208
8402 168
8403 105
8404 221
8405 230
8406 77
8407 181
8408 267
8409 149
8410 345
8411 240
8412 208
8413 232
8414 195
8415 204
8416 230
8417 213
8418 221
8419 187
8420 198
8421 166
8422 100
8423 209
8424 159
8425 197
8426 248
8427 0
8428 254
8429 178
8430 195
8431 166
8432 192
8433 203
8434 198
8435 241
8436 146
8437 175
8438 134
8439 213
8440 233
8441 150
8442 184
8443 217
8444 164
8445 210
8446 193
8447 227
8448 207
8449 193
8450 208
8451 164
8452 202
8453 245
8454 183
8455 219
8456 232
8457 199
8458 196
8459 214
8460 223
8461 0
8462 227
8463 214
8464 227
8465 256
8466 229
8467 242
8468 186
8469 208
8470 0
8471 188
8472 200
8473 196
8474 157
8475 200
8476 164
8477 179
8478 209
8479 228
8480 239
8481 232
8482 228
8483 197
8484 145
8485 225
8486 201
8487 172
8488 237
8489 177
8490 321
8491 155
8492 199
8493 230
8494 194
8495 207
8496 188
8497 216
8498 198
8499 179
8500 214
8501 222
8502 226
8503 162
8504 214
8505 230
8506 200
8507 242
8508 186
8509 135
8510 224
8511 188
8512 165
8513 229
8514 233
8515 203
8516 211
8517 213
8518 224
8519 111
8520 252
8521 248
8522 202
8523 248
8524 260
8525 207
8526 0
8527 167
8528 176
8529 132
8530 73
8531 200
8532 207
8533 219
8534 136
8535 248
8536 263
8537 241
8538 171
8539 134
8540 268
8541 217
8542 207
8543 244
8544 184
8545 225
8546 219
8547 193
8548 204
8549 178
8550 175
8551 168
8552 225
8553 190
8554 249
8555 217
8556 186
8557 241
8558 107
8559 243
8560 156
8561 220
8562 224
8563 204
8564 207
8565 221
8566 197
8567 218
8568 227
8569 208
8570 197
8571 247
8572 198
8573 192
8574 136
8575 217
8576 214
8577 190
8578 197
8579 179
8580 190
8581 195
8582 177
8583 124
8584 214
8585 160
8586 219
8587 259
8588 249
8589 176
8590 205
8591 217
8592 184
8593 182
8594 244
8595 210
8596 151
8597 198
8598 182
8599 172
8600 197
8601 227
8602 144
8603 248
8604 186
8605 247
8606 206
8607 164
8608 190
8609 199
8610 210
8611 199
8612 157
8613 172
8614 173
8615 228
8616 106
8617 191
8618 114
8619 151
8620 183
8621 191
8622 207
8623 130
8624 183
8625 239
8626 185
8627 154
8628 243
8629 190
8630 240
8631 194
8632 195
8633 236
8634 198
8635 162
8636 140
8637 199
8638 196
8639 211
8640 170
8641 171
8642 198
8643 195
8644 210
8645 259
8646 170
8647 228
8648 266
8649 192
8650 218
8651 178
8652 244
8653 163
8654 226
8655 176
8656 305
8657 202
8658 304
8659 190
8660 164
8661 181
8662 232
8663 208
8664 212
8665 190
8666 223
8667 179
8668 183
8669 295
8670 176
8671 157
8672 209
8673 248
8674 158
8675 180
8676 230
8677 190
8678 143
8679 164
8680 197
8681 223
8682 0
8683 218
8684 183
8685 232
8686 188
8687 197
8688 245
8689 157
8690 200
8691 207
8692 227
8693 165
8694 229
8695 241
8696 237
8697 178
8698 197
8699 140
