Vertices: 3900
Edges: 19500
Time: 3,311 ms
Iterations: 19371
Vertex Distance
0 0
1 152
2 145
3 101
4 131
5 224
6 123
7 116
8 155
9 174
10 145
11 173
12 192
13 0
14 199
15 225
16 114
17 131
18 158
19 139
20 130
21 145
22 139
23 91
24 127
25 173
26 110
27 125
28 141
29 208
30 141
31 200
32 158
33 140
34 128
35 170
36 92
37 134
38 155
39 136
40 135
41 199
42 154
43 136
44 128
45 111
46 194
47 211
48 171
49 141
50 218
51 189
52 129
53 197
54 97
55 147
56 118
57 159
58 133
59 158
60 182
61 264
62 178
63 203
64 151
65 147
66 155
67 128
68 137
69 163
70 155
71 203
72 112
73 153
74 98
75 156
76 158
77 173
78 191
79 41
80 122
81 114
82 180
83 182
84 183
85 158
86 148
87 142
88 150
89 152
90 148
91 202
92 171
93 188
94 218
95 142
96 197
97 152
98 160
99 178
100 141
101 179
102 141
103 106
104 241
105 101
106 148
107 30
108 178
109 241
110 185
111 160
112 104
113 181
114 50
115 123
116 115
117 134
118 131
119 194
120 208
121 183
122 144
123 180
124 158
125 177
126 154
127 184
128 126
129 158
130 143
131 149
132 203
133 181
134 0
135 147
136 139
137 146
138 187
139 147
140 144
141 157
142 228
143 141
144 139
145 174
146 190
147 174
148 199
149 210
150 186
151 184
152 156
153 143
154 138
155 176
156 130
157 195
158 235
159 156
160 213
161 130
162 130
163 194
164 127
165 198
166 200
167 175
168 269
169 185
170 222
171 105
172 182
173 263
174 202
175 159
176 173
177 102
178 161
179 117
180 92
181 158
182 182
183 228
184 154
185 88
186 199
187 171
188 157
189 170
190 192
191 199
192 100
193 164
194 152
195 136
196 157
197 173
198 134
199 137
200 128
201 92
202 139
203 190
204 172
205 126
206 235
207 183
208 160
209 192
210 96
211 91
212 207
213 109
214 168
215 154
216 109
217 161
218 143
219 150
220 128
221 219
222 197
223 118
224 194
225 188
226 149
227 158
228 186
229 187
230 130
231 200
232 92
233 189
234 152
235 139
236 155
237 0
238 159
239 142
240 141
241 137
242 179
243 149
244 140
245 200
246 147
247 151
248 168
249 132
250 155
251 144
252 184
253 218
254 126
255 139
256 119
257 151
258 124
259 183
260 102
261 175
262 187
263 164
264 184
265 185
266 161
267 154
268 170
269 136
270 169
271 183
272 168
273 185
274 144
275 140
276 129
277 168
278 162
279 163
280 192
281 166
282 69
283 126
284 213
285 121
286 189
287 189
288 205
289 177
290 134
291 145
292 160
293 150
294 182
295 164
296 155
297 209
298 176
299 96
300 176
301 173
302 186
303 115
304 94
305 136
306 163
307 110
308 123
309 178
310 104
311 214
312 215
313 127
314 173
315 165
316 140
317 115
318 210
319 187
320 159
321 113
322 159
323 84
324 202
325 156
326 179
327 131
328 115
329 120
330 75
331 108
332 193
333 153
334 152
335 99
336 156
337 188
338 204
339 180
340 283
341 186
342 182
343 170
344 135
345 162
346 176
347 140
348 177
349 166
350 193
351 173
352 177
353 179
354 69
355 106
356 171
357 191
358 138
359 160
360 116
361 140
362 154
363 144
364 234
365 121
366 124
367 149
368 152
369 226
370 191
371 130
372 137
373 144
374 125
375 206
376 122
377 161
378 180
379 215
380 164
381 183
382 127
383 198
384 151
385 220
386 209
387 184
388 136
389 144
390 155
391 187
392 188
393 128
394 133
395 112
396 136
397 150
398 155
399 161
400 143
401 160
402 168
403 80
404 136
405 192
406 157
407 196
408 93
409 128
410 210
411 110
412 153
413 152
414 185
415 155
416 201
417 151
418 157
419 131
420 120
421 191
422 162
423 183
424 81
425 207
426 125
427 211
428 134
429 222
430 207
431 225
432 98
433 167
434 135
435 169
436 85
437 148
438 175
439 138
440 66
441 159
442 166
443 171
444 149
445 131
446 191
447 156
448 105
449 224
450 189
451 126
452 138
453 134
454 164
455 239
456 101
457 163
458 35
459 201
460 90
461 134
462 131
463 167
464 149
465 177
466 192
467 154
468 129
469 181
470 133
471 67
472 192
473 130
474 94
475 156
476 209
477 86
478 158
479 158
480 168
481 157
482 112
483 133
484 182
485 129
486 187
487 164
488 196
489 159
490 147
491 180
492 185
493 143
494 156
495 39
496 148
497 123
498 189
499 191
500 107
501 99
502 159
503 146
504 165
505 172
506 70
507 115
508 120
509 142
510 159
511 160
512 189
513 146
514 136
515 146
516 192
517 142
518 130
519 168
520 165
521 118
522 158
523 184
524 147
525 142
526 141
527 144
528 144
529 177
530 150
531 172
532 144
533 116
534 194
535 163
536 193
537 189
538 190
539 142
540 277
541 102
542 142
543 135
544 185
545 161
546 169
547 193
548 143
549 167
550 192
551 81
552 126
553 160
554 118
555 126
556 145
557 105
558 169
559 194
560 153
561 125
562 190
563 128
564 128
565 155
566 13
567 155
568 178
569 144
570 152
571 194
572 111
573 174
574 203
575 194
576 190
577 124
578 183
579 153
580 184
581 149
582 151
583 161
584 198
585 137
586 179
587 127
588 142
589 167
590 110
591 131
592 184
593 201
594 158
595 218
596 146
597 164
598 102
599 158
600 121
601 148
602 143
603 172
604 98
605 0
606 180
607 124
608 137
609 157
610 180
611 128
612 131
613 116
614 137
615 147
616 140
617 207
618 132
619 132
620 171
621 137
622 163
623 155
624 113
625 198
626 152
627 150
628 100
629 148
630 143
631 141
632 166
633 180
634 167
635 155
636 183
637 193
638 0
639 172
640 73
641 101
642 114
643 138
644 149
645 191
646 160
647 197
648 224
649 186
650 114
651 164
652 174
653 188
654 126
655 155
656 166
657 170
658 148
659 201
660 152
661 137
662 143
663 114
664 216
665 185
666 109
667 139
668 119
669 142
670 257
671 140
672 156
673 111
674 129
675 165
676 134
677 141
678 142
679 171
680 123
681 0
682 168
683 171
684 92
685 177
686 78
687 145
688 159
689 167
690 182
691 196
692 189
693 162
694 157
695 181
696 210
697 207
698 242
699 140
700 170
701 195
702 87
703 147
704 190
705 259
706 166
707 104
708 132
709 119
710 173
711 87
712 174
713 163
714 161
715 149
716 182
717 52
718 143
719 116
720 158
721 182
722 219
723 167
724 120
725 134
726 170
727 135
728 128
729 111
730 125
731 180
732 182
733 105
734 130
735 165
736 145
737 171
738 205
739 176
740 92
741 87
742 211
743 119
744 147
745 142
746 162
747 205
748 263
749 174
750 170
751 137
752 127
753 148
754 155
755 197
756 167
757 122
758 109
759 163
760 214
761 192
762 176
763 106
764 159
765 0
766 100
767 182
768 166
769 158
770 157
771 153
772 156
773 145
774 65
775 176
776 185
777 172
778 160
779 159
780 153
781 129
782 146
783 141
784 113
785 167
786 185
787 120
788 147
789 167
790 194
791 139
792 140
793 114
794 168
795 159
796 158
797 199
798 152
799 133
800 134
801 107
802 121
803 177
804 170
805 138
806 246
807 173
808 217
809 113
810 164
811 134
812 127
813 199
814 167
815 180
816 163
817 148
818 171
819 153
820 121
821 135
822 140
823 129
824 185
825 188
826 137
827 189
828 222
829 139
830 220
831 157
832 165
833 159
834 87
835 224
836 210
837 144
838 137
839 145
840 101
841 108
842 188
843 206
844 239
845 178
846 229
847 149
848 165
849 91
850 146
851 122
852 155
853 170
854 157
855 142
856 104
857 106
858 162
859 160
860 146
861 115
862 239
863 160
864 148
865 139
866 141
867 141
868 88
869 149
870 212
871 176
872 166
873 135
874 123
875 59
876 152
877 118
878 161
879 150
880 194
881 121
882 186
883 250
884 141
885 185
886 233
887 279
888 129
889 186
890 87
891 133
892 196
893 161
894 124
895 169
896 69
897 109
898 164
899 166
900 183
901 199
902 167
903 86
904 149
905 183
906 136
907 163
908 126
909 181
910 186
911 112
912 229
913 190
914 173
915 152
916 140
917 232
918 291
919 157
920 162
921 165
922 97
923 172
924 174
925 82
926 160
927 147
928 198
929 146
930 173
931 138
932 198
933 40
934 146
935 209
936 222
937 143
938 158
939 155
940 117
941 97
942 128
943 172
944 160
945 146
946 126
947 205
948 109
949 119
950 148
951 172
952 0
953 154
954 108
955 176
956 133
957 171
958 113
959 126
960 201
961 122
962 107
963 135
964 145
965 177
966 116
967 167
968 79
969 115
970 148
971 139
972 139
973 139
974 186
975 149
976 95
977 266
978 157
979 149
980 172
981 111
982 107
983 150
984 137
985 211
986 126
987 148
988 121
989 162
990 172
991 156
992 204
993 155
994 187
995 122
996 0
997 144
998 153
999 155
1000 178
1001 173
1002 193
1003 168
1004 102
1005 118
1006 155
1007 97
1008 103
1009 105
1010 206
1011 151
1012 156
1013 186
1014 98
1015 257
1016 108
1017 180
1018 146
1019 135
1020 125
1021 144
1022 125
1023 140
1024 185
1025 141
1026 158
1027 185
1028 112
1029 128
1030 154
1031 113
1032 148
1033 186
1034 136
1035 237
1036 122
1037 104
1038 130
1039 133
1040 120
1041 154
1042 226
1043 127
1044 214
1045 186
1046 115
1047 155
1048 189
1049 131
1050 200
1051 127
1052 132
1053 176
1054 168
1055 175
1056 198
1057 162
1058 181
1059 188
1060 130
1061 160
1062 148
1063 172
1064 118
1065 141
1066 147
1067 122
1068 154
1069 195
1070 145
1071 194
1072 174
1073 117
1074 226
1075 113
1076 189
1077 138
1078 135
1079 162
1080 154
1081 146
1082 145
1083 119
1084 121
1085 165
1086 237
1087 193
1088 173
1089 189
1090 215
1091 127
1092 206
1093 127
1094 168
1095 173
1096 177
1097 176
1098 179
1099 154
1100 153
1101 130
1102 146
1103 189
1104 163
1105 125
1106 175
1107 128
1108 124
1109 143
1110 198
1111 154
1112 145
1113 135
1114 189
1115 136
1116 166
1117 147
1118 149
1119 148
1120 111
1121 155
1122 174
1123 103
1124 192
1125 207
1126 156
1127 236
1128 144
1129 131
1130 158
1131 159
1132 149
1133 100
1134 237
1135 103
1136 172
1137 196
1138 139
1139 179
1140 180
1141 143
1142 71
1143 132
1144 127
1145 197
1146 166
1147 175
1148 156
1149 128
1150 108
1151 199
1152 168
1153 122
1154 165
1155 183
1156 138
1157 139
1158 138
1159 236
1160 190
1161 175
1162 183
1163 131
1164 56
1165 219
1166 175
1167 178
1168 136
1169 114
1170 180
1171 170
1172 166
1173 187
1174 147
1175 152
1176 152
1177 167
1178 107
1179 160
1180 176
1181 122
1182 123
1183 0
1184 147
1185 223
1186 100
1187 144
1188 190
1189 226
1190 173
1191 154
1192 151
1193 166
1194 169
1195 111
1196 205
1197 134
1198 90
1199 168
1200 152
1201 115
1202 219
1203 0
1204 110
1205 153
1206 123
1207 165
1208 169
1209 180
1210 154
1211 139
1212 97
1213 190
1214 144
1215 139
1216 153
1217 165
1218 162
1219 187
1220 114
1221 53
1222 96
1223 129
1224 136
1225 153
1226 159
1227 141
1228 165
1229 176
1230 209
1231 177
1232 186
1233 196
1234 220
1235 171
1236 197
1237 209
1238 174
1239 142
1240 122
1241 147
1242 138
1243 170
1244 182
1245 158
1246 150
1247 208
1248 102
1249 173
1250 117
1251 158
1252 187
1253 161
1254 186
1255 175
1256 210
1257 216
1258 171
1259 75
1260 155
1261 177
1262 164
1263 161
1264 167
1265 132
1266 137
1267 142
1268 233
1269 156
1270 138
1271 205
1272 190
1273 201
1274 138
1275 179
1276 204
1277 157
1278 158
1279 167
1280 196
1281 160
1282 119
1283 151
1284 135
1285 170
1286 142
1287 145
1288 151
1289 161
1290 161
1291 108
1292 180
1293 144
1294 146
1295 205
1296 232
1297 219
1298 196
1299 160
1300 186
1301 162
1302 198
1303 108
1304 77
1305 150
1306 150
1307 141
1308 193
1309 141
1310 96
1311 132
1312 164
1313 105
1314 162
1315 145
1316 168
1317 149
1318 161
1319 157
1320 70
1321 212
1322 109
1323 197
1324 121
1325 106
1326 240
1327 154
1328 165
1329 175
1330 186
1331 187
1332 172
1333 157
1334 186
1335 140
1336 196
1337 178
1338 137
1339 135
1340 121
1341 169
1342 137
1343 208
1344 192
1345 183
1346 275
1347 140
1348 167
1349 216
1350 156
1351 174
1352 171
1353 164
1354 125
1355 162
1356 170
1357 160
1358 181
1359 196
1360 207
1361 144
1362 104
1363 130
1364 217
1365 180
1366 60
1367 125
1368 121
1369 142
1370 159
1371 200
1372 0
1373 169
1374 138
1375 178
1376 121
1377 183
1378 162
1379 171
1380 115
1381 182
1382 192
1383 177
1384 178
1385 144
1386 206
1387 116
1388 207
1389 141
1390 158
1391 182
1392 181
1393 154
1394 196
1395 135
1396 163
1397 89
1398 121
1399 209
1400 86
1401 100
1402 212
1403 163
1404 157
1405 134
1406 95
1407 132
1408 117
1409 120
1410 121
1411 194
1412 150
1413 197
1414 157
1415 175
1416 130
1417 144
1418 165
1419 204
1420 0
1421 67
1422 175
1423 151
1424 162
1425 118
1426 180
1427 135
1428 115
1429 251
1430 165
1431 185
1432 173
1433 189
1434 186
1435 184
1436 152
1437 170
1438 68
1439 168
1440 124
1441 209
1442 207
1443 119
1444 157
1445 130
1446 199
1447 151
1448 151
1449 163
1450 223
1451 179
1452 134
1453 167
1454 230
1455 192
1456 144
1457 129
1458 191
1459 120
1460 141
1461 150
1462 190
1463 203
1464 153
1465 162
1466 140
1467 155
1468 146
1469 127
1470 113
1471 153
1472 185
1473 100
1474 151
1475 137
1476 116
1477 138
1478 122
1479 152
1480 178
1481 118
1482 141
1483 184
1484 177
1485 293
1486 134
1487 150
1488 165
1489 185
1490 100
1491 81
1492 154
1493 93
1494 133
1495 91
1496 151
1497 166
1498 154
1499 117
1500 128
1501 149
1502 130
1503 146
1504 124
1505 155
1506 249
1507 73
1508 194
1509 141
1510 166
1511 172
1512 169
1513 179
1514 157
1515 164
1516 143
1517 152
1518 166
1519 157
1520 200
1521 142
1522 152
1523 164
1524 153
1525 156
1526 133
1527 152
1528 207
1529 88
1530 89
1531 133
1532 113
1533 150
1534 142
1535 179
1536 141
1537 299
1538 246
1539 168
1540 126
1541 195
1542 146
1543 136
1544 144
1545 97
1546 122
1547 167
1548 157
1549 182
1550 121
1551 182
1552 126
1553 208
1554 186
1555 155
1556 117
1557 124
1558 120
1559 181
1560 222
1561 142
1562 195
1563 116
1564 195
1565 152
1566 187
1567 138
1568 202
1569 118
1570 145
1571 209
1572 99
1573 92
1574 122
1575 169
1576 188
1577 134
1578 120
1579 135
1580 215
1581 162
1582 198
1583 213
1584 208
1585 161
1586 124
1587 125
1588 156
1589 196
1590 201
1591 126
1592 99
1593 124
1594 135
1595 141
1596 132
1597 150
1598 169
1599 155
1600 82
1601 119
1602 154
1603 163
1604 235
1605 184
1606 160
1607 172
1608 200
1609 66
1610 174
1611 124
1612 140
1613 121
1614 189
1615 197
1616 154
1617 150
1618 161
1619 115
1620 138
1621 133
1622 158
1623 150
1624 123
1625 127
1626 174
1627 169
1628 129
1629 159
1630 161
1631 158
1632 95
1633 127
1634 136
1635 52
1636 153
1637 150
1638 183
1639 140
1640 234
1641 192
1642 124
1643 163
1644 128
1645 183
1646 223
1647 145
1648 224
1649 153
1650 169
1651 156
1652 189
1653 160
1654 138
1655 174
1656 162
1657 120
1658 113
1659 193
1660 160
1661 139
1662 154
1663 85
1664 98
1665 179
1666 128
1667 137
1668 70
1669 141
1670 144
1671 133
1672 119
1673 144
1674 135
1675 106
1676 176
1677 135
1678 0
1679 154
1680 103
1681 151
1682 158
1683 191
1684 101
1685 173
1686 231
1687 207
1688 176
1689 173
1690 119
1691 163
1692 181
1693 211
1694 143
1695 84
1696 162
1697 0
1698 105
1699 152
1700 151
1701 73
1702 138
1703 141
1704 160
1705 153
1706 169
1707 242
1708 99
1709 165
1710 196
1711 172
1712 90
1713 87
1714 147
1715 165
1716 179
1717 169
1718 161
1719 167
1720 141
1721 172
1722 206
1723 180
1724 151
1725 105
1726 148
1727 174
1728 197
1729 136
1730 196
1731 0
1732 179
1733 188
1734 151
1735 157
1736 149
1737 139
1738 203
1739 122
1740 153
1741 152
1742 171
1743 124
1744 172
1745 165
1746 236
1747 191
1748 126
1749 182
1750 197
1751 168
1752 177
1753 180
1754 100
1755 156
1756 128
1757 188
1758 76
1759 175
1760 164
1761 175
1762 102
1763 137
1764 33
1765 199
1766 157
1767 127
1768 153
1769 106
1770 77
1771 147
1772 120
1773 159
1774 174
1775 148
1776 162
1777 205
1778 150
1779 135
1780 111
1781 132
1782 158
1783 149
1784 182
1785 128
1786 89
1787 196
1788 209
1789 180
1790 202
1791 153
1792 163
1793 157
1794 145
1795 177
1796 156
1797 264
1798 129
1799 154
1800 119
1801 248
1802 112
1803 121
1804 134
1805 132
1806 119
1807 185
1808 189
1809 146
1810 116
1811 167
1812 156
1813 127
1814 98
1815 159
1816 154
1817 142
1818 146
1819 113
1820 113
1821 112
1822 176
1823 143
1824 151
1825 162
1826 128
1827 225
1828 159
1829 152
1830 119
1831 166
1832 191
1833 162
1834 144
1835 136
1836 142
1837 127
1838 225
1839 226
1840 115
1841 140
1842 112
1843 93
1844 159
1845 105
1846 146
1847 90
1848 142
1849 159
1850 123
1851 139
1852 182
1853 182
1854 132
1855 161
1856 175
1857 110
1858 151
1859 152
1860 147
1861 112
1862 202
1863 162
1864 181
1865 201
1866 152
1867 223
1868 154
1869 143
1870 137
1871 190
1872 77
1873 184
1874 138
1875 150
1876 130
1877 214
1878 91
1879 167
1880 182
1881 193
1882 116
1883 0
1884 164
1885 179
1886 187
1887 184
1888 169
1889 119
1890 178
1891 151
1892 161
1893 187
1894 134
1895 175
1896 209
1897 206
1898 87
1899 226
1900 124
1901 155
1902 173
1903 161
1904 98
1905 135
1906 180
1907 155
1908 118
1909 194
1910 143
1911 202
1912 203
1913 184
1914 157
1915 139
1916 121
1917 174
1918 184
1919 184
1920 163
1921 47
1922 175
1923 149
1924 159
1925 184
1926 177
1927 234
1928 129
1929 217
1930 165
1931 180
1932 186
1933 156
1934 96
1935 143
1936 114
1937 159
1938 157
1939 179
1940 97
1941 178
1942 162
1943 137
1944 109
1945 151
1946 133
1947 153
1948 127
1949 149
1950 133
1951 116
1952 118
1953 145
1954 176
1955 183
1956 137
1957 168
1958 172
1959 203
1960 149
1961 126
1962 95
1963 138
1964 103
1965 199
1966 0
1967 159
1968 123
1969 144
1970 183
1971 168
1972 179
1973 122
1974 79
1975 181
1976 145
1977 207
1978 150
1979 106
1980 140
1981 178
1982 130
1983 171
1984 86
1985 130
1986 164
1987 166
1988 147
1989 165
1990 185
1991 186
1992 168
1993 110
1994 174
1995 176
1996 146
1997 144
1998 162
1999 173
2000 199
2001 143
2002 122
2003 127
2004 171
2005 147
2006 169
2007 131
2008 141
2009 151
2010 80
2011 132
2012 178
2013 153
2014 193
2015 150
2016 136
2017 143
2018 165
2019 102
2020 151
2021 137
2022 142
2023 209
2024 132
2025 124
2026 138
2027 152
2028 166
2029 183
2030 197
2031 105
2032 250
2033 186
2034 134
2035 165
2036 155
2037 120
2038 116
2039 128
2040 151
2041 151
2042 124
2043 159
2044 153
2045 148
2046 160
2047 197
2048 205
2049 157
2050 164
2051 138
2052 142
2053 171
2054 170
2055 157
2056 57
2057 166
2058 188
2059 180
2060 131
2061 109
2062 144
2063 126
2064 200
2065 241
2066 122
2067 194
2068 115
2069 177
2070 187
2071 137
2072 151
2073 174
2074 169
2075 97
2076 189
2077 157
2078 173
2079 151
2080 80
2081 144
2082 105
2083 182
2084 163
2085 190
2086 162
2087 176
2088 163
2089 177
2090 99
2091 228
2092 192
2093 139
2094 185
2095 196
2096 176
2097 171
2098 227
2099 214
2100 140
2101 163
2102 174
2103 243
2104 85
2105 129
2106 156
2107 75
2108 172
2109 110
2110 240
2111 108
2112 119
2113 116
2114 106
2115 172
2116 144
2117 152
2118 163
2119 213
2120 205
2121 179
2122 185
2123 143
2124 193
2125 131
2126 121
2127 136
2128 144
2129 187
2130 151
2131 191
2132 134
2133 149
2134 199
2135 93
2136 133
2137 108
2138 207
2139 139
2140 147
2141 126
2142 160
2143 146
2144 126
2145 96
2146 172
2147 165
2148 107
2149 78
2150 131
2151 140
2152 232
2153 191
2154 73
2155 205
2156 139
2157 163
2158 169
2159 148
2160 181
2161 140
2162 192
2163 117
2164 129
2165 167
2166 171
2167 154
2168 151
2169 173
2170 53
2171 187
2172 205
2173 146
2174 101
2175 140
2176 153
2177 119
2178 128
2179 128
2180 147
2181 174
2182 161
2183 152
2184 195
2185 158
2186 177
2187 167
2188 196
2189 131
2190 154
2191 156
2192 192
2193 112
2194 181
2195 184
2196 180
2197 179
2198 130
2199 140
2200 134
2201 120
2202 162
2203 135
2204 214
2205 185
2206 168
2207 125
2208 94
2209 156
2210 128
2211 155
2212 98
2213 125
2214 140
2215 105
2216 167
2217 139
2218 106
2219 174
2220 164
2221 151
2222 165
2223 145
2224 185
2225 183
2226 195
2227 157
2228 177
2229 119
2230 147
2231 99
2232 190
2233 164
2234 179
2235 179
2236 152
2237 88
2238 246
2239 139
2240 165
2241 151
2242 158
2243 138
2244 153
2245 164
2246 167
2247 185
2248 191
2249 141
2250 147
2251 169
2252 105
2253 173
2254 190
2255 185
2256 138
2257 253
2258 107
2259 184
2260 160
2261 129
2262 120
2263 164
2264 106
2265 161
2266 174
2267 110
2268 154
2269 158
2270 106
2271 165
2272 157
2273 42
2274 0
2275 192
2276 186
2277 99
2278 130
2279 181
2280 194
2281 170
2282 171
2283 195
2284 123
2285 154
2286 183
2287 188
2288 206
2289 134
2290 162
2291 117
2292 190
2293 196
2294 129
2295 200
2296 117
2297 212
2298 172
2299 115
2300 135
2301 135
2302 185
2303 106
2304 133
2305 152
2306 234
2307 154
2308 183
2309 89
2310 113
2311 162
2312 125
2313 146
2314 165
2315 141
2316 163
2317 225
2318 154
2319 120
2320 103
2321 114
2322 160
2323 152
2324 153
2325 156
2326 141
2327 200
2328 117
2329 115
2330 194
2331 70
2332 166
2333 102
2334 216
2335 166
2336 163
2337 140
2338 149
2339 143
2340 184
2341 166
2342 136
2343 159
2344 124
2345 123
2346 295
2347 187
2348 160
2349 170
2350 161
2351 181
2352 173
2353 219
2354 105
2355 176
2356 208
2357 155
2358 140
2359 148
2360 168
2361 134
2362 169
2363 174
2364 204
2365 150
2366 165
2367 132
2368 153
2369 129
2370 167
2371 111
2372 183
2373 164
2374 120
2375 220
2376 78
2377 164
2378 140
2379 149
2380 65
2381 182
2382 198
2383 64
2384 69
2385 144
2386 161
2387 197
2388 161
2389 198
2390 157
2391 7
2392 182
2393 171
2394 127
2395 203
2396 164
2397 153
2398 26
2399 159
2400 133
2401 178
2402 187
2403 161
2404 161
2405 114
2406 165
2407 100
2408 159
2409 168
2410 172
2411 173
2412 146
2413 159
2414 206
2415 183
2416 222
2417 190
2418 153
2419 144
2420 91
2421 149
2422 189
2423 166
2424 147
2425 124
2426 167
2427 198
2428 97
2429 138
2430 145
2431 149
2432 159
2433 168
2434 140
2435 123
2436 197
2437 107
2438 163
2439 154
2440 183
2441 166
2442 156
2443 130
2444 130
2445 157
2446 151
2447 204
2448 203
2449 158
2450 120
2451 164
2452 124
2453 180
2454 161
2455 167
2456 196
2457 112
2458 149
2459 164
2460 148
2461 157
2462 134
2463 95
2464 208
2465 136
2466 175
2467 187
2468 114
2469 162
2470 142
2471 147
2472 161
2473 183
2474 136
2475 238
2476 188
2477 139
2478 166
2479 122
2480 238
2481 148
2482 160
2483 116
2484 177
2485 177
2486 121
2487 143
2488 139
2489 128
2490 176
2491 125
2492 53
2493 174
2494 81
2495 147
2496 198
2497 148
2498 189
2499 136
2500 94
2501 111
2502 142
2503 111
2504 154
2505 191
2506 138
2507 136
2508 20
2509 203
2510 182
2511 156
2512 160
2513 134
2514 142
2515 153
2516 182
2517 231
2518 200
2519 189
2520 176
2521 150
2522 109
2523 146
2524 131
2525 134
2526 147
2527 126
2528 188
2529 142
2530 200
2531 164
2532 183
2533 79
2534 160
2535 176
2536 132
2537 124
2538 166
2539 185
2540 198
2541 168
2542 136
2543 125
2544 121
2545 126
2546 144
2547 118
2548 187
2549 156
2550 159
2551 147
2552 133
2553 130
2554 185
2555 167
2556 35
2557 153
2558 170
2559 171
2560 87
2561 161
2562 62
2563 170
2564 172
2565 193
2566 122
2567 174
2568 179
2569 238
2570 0
2571 219
2572 190
2573 156
2574 138
2575 195
2576 198
2577 135
2578 95
2579 151
2580 154
2581 105
2582 162
2583 146
2584 139
2585 52
2586 82
2587 161
2588 125
2589 94
2590 136
2591 137
2592 127
2593 133
2594 269
2595 241
2596 123
2597 177
2598 173
2599 150
2600 137
2601 125
2602 157
2603 208
2604 209
2605 165
2606 168
2607 142
2608 131
2609 162
2610 157
2611 188
2612 180
2613 212
2614 148
2615 175
2616 131
2617 196
2618 212
2619 114
2620 100
2621 194
2622 129
2623 199
2624 132
2625 180
2626 163
2627 182
2628 97
2629 132
2630 139
2631 182
2632 142
2633 112
2634 188
2635 128
2636 205
2637 146
2638 204
2639 146
2640 118
2641 137
2642 171
2643 173
2644 60
2645 131
2646 113
2647 209
2648 153
2649 151
2650 126
2651 69
2652 139
2653 146
2654 139
2655 175
2656 195
2657 188
2658 174
2659 159
2660 118
2661 55
2662 170
2663 130
2664 221
2665 122
2666 155
2667 121
2668 147
2669 177
2670 195
2671 163
2672 135
2673 135
2674 199
2675 155
2676 172
2677 181
2678 153
2679 97
2680 149
2681 109
2682 164
2683 177
2684 74
2685 152
2686 181
2687 176
2688 253
2689 144
2690 147
2691 181
2692 131
2693 226
2694 151
2695 156
2696 356
2697 163
2698 56
2699 137
2700 132
2701 170
2702 124
2703 157
2704 179
2705 151
2706 92
2707 133
2708 193
2709 133
2710 159
2711 159
2712 97
2713 160
2714 183
2715 162
2716 155
2717 195
2718 103
2719 161
2720 198
2721 31
2722 115
2723 163
2724 146
2725 188
2726 137
2727 135
2728 195
2729 184
2730 177
2731 0
2732 226
2733 180
2734 200
2735 148
2736 144
2737 150
2738 159
2739 141
2740 159
2741 193
2742 133
2743 131
2744 170
2745 196
2746 203
2747 141
2748 168
2749 152
2750 135
2751 164
2752 200
2753 149
2754 129
2755 146
2756 181
2757 135
2758 140
2759 101
2760 141
2761 167
2762 193
2763 102
2764 176
2765 203
2766 160
2767 147
2768 221
2769 176
2770 123
2771 84
2772 158
2773 144
2774 162
2775 175
2776 158
2777 165
2778 182
2779 143
2780 207
2781 156
2782 150
2783 138
2784 127
2785 123
2786 154
2787 232
2788 131
2789 173
2790 169
2791 156
2792 151
2793 106
2794 182
2795 141
2796 134
2797 193
2798 138
2799 154
2800 143
2801 177
2802 181
2803 149
2804 154
2805 152
2806 158
2807 181
2808 148
2809 186
2810 184
2811 167
2812 160
2813 84
2814 186
2815 167
2816 151
2817 154
2818 203
2819 123
2820 195
2821 154
2822 179
2823 176
2824 116
2825 187
2826 136
2827 150
2828 150
2829 183
2830 157
2831 126
2832 187
2833 161
2834 93
2835 87
2836 92
2837 105
2838 136
2839 235
2840 164
2841 171
2842 119
2843 201
2844 132
2845 127
2846 149
2847 115
2848 103
2849 169
2850 149
2851 140
2852 159
2853 205
2854 155
2855 231
2856 181
2857 147
2858 144
2859 182
2860 129
2861 152
2862 136
2863 154
2864 137
2865 202
2866 189
2867 124
2868 182
2869 164
2870 186
2871 174
2872 191
2873 178
2874 174
2875 155
2876 160
2877 159
2878 0
2879 166
2880 123
2881 189
2882 179
2883 114
2884 126
2885 261
2886 162
2887 139
2888 160
2889 115
2890 139
2891 0
2892 176
2893 115
2894 187
2895 178
2896 179
2897 137
2898 155
2899 174
2900 133
2901 149
2902 128
2903 120
2904 106
2905 206
2906 184
2907 165
2908 176
2909 179
2910 187
2911 242
2912 163
2913 163
2914 146
2915 174
2916 164
2917 137
2918 139
2919 139
2920 143
2921 153
2922 141
2923 149
2924 151
2925 84
2926 166
2927 199
2928 105
2929 138
2930 137
2931 147
2932 116
2933 147
2934 198
2935 177
2936 190
2937 161
2938 149
2939 152
2940 164
2941 188
2942 172
2943 151
2944 165
2945 218
2946 152
2947 117
2948 208
2949 163
2950 162
2951 154
2952 152
2953 179
2954 167
2955 154
2956 200
2957 174
2958 177
2959 193
2960 146
2961 225
2962 176
2963 205
2964 178
2965 171
2966 192
2967 166
2968 174
2969 131
2970 230
2971 164
2972 132
2973 71
2974 134
2975 144
2976 117
2977 150
2978 201
2979 162
2980 190
2981 178
2982 116
2983 108
2984 156
2985 187
2986 145
2987 160
2988 140
2989 162
2990 179
2991 159
2992 181
2993 155
2994 112
2995 110
2996 162
2997 147
2998 179
2999 146
3000 101
3001 136
3002 181
3003 136
3004 134
3005 127
3006 84
3007 125
3008 181
3009 143
3010 192
3011 201
3012 157
3013 109
3014 182
3015 118
3016 197
3017 177
3018 168
3019 167
3020 133
3021 193
3022 170
3023 144
3024 145
3025 205
3026 146
3027 114
3028 193
3029 224
3030 151
3031 146
3032 141
3033 221
3034 118
3035 173
3036 154
3037 104
3038 195
3039 110
3040 195
3041 175
3042 184
3043 186
3044 120
3045 67
3046 117
3047 104
3048 140
3049 139
3050 199
3051 159
3052 206
3053 126
3054 115
3055 91
3056 188
3057 106
3058 177
3059 79
3060 147
3061 221
3062 145
3063 179
3064 144
3065 190
3066 120
3067 181
3068 184
3069 146
3070 235
3071 152
3072 209
3073 129
3074 131
3075 137
3076 119
3077 174
3078 160
3079 202
3080 92
3081 98
3082 155
3083 150
3084 125
3085 137
3086 0
3087 194
3088 141
3089 143
3090 88
3091 121
3092 190
3093 166
3094 156
3095 201
3096 149
3097 165
3098 186
3099 207
3100 212
3101 81
3102 251
3103 183
3104 165
3105 263
3106 180
3107 176
3108 173
3109 187
3110 199
3111 135
3112 158
3113 60
3114 56
3115 164
3116 163
3117 148
3118 59
3119 154
3120 143
3121 162
3122 169
3123 172
3124 174
3125 167
3126 194
3127 94
3128 78
3129 193
3130 152
3131 152
3132 228
3133 164
3134 160
3135 106
3136 179
3137 151
3138 129
3139 136
3140 85
3141 223
3142 132
3143 121
3144 139
3145 284
3146 125
3147 167
3148 146
3149 147
3150 141
3151 142
3152 189
3153 193
3154 174
3155 183
3156 208
3157 110
3158 169
3159 131
3160 174
3161 125
3162 124
3163 150
3164 173
3165 166
3166 156
3167 133
3168 132
3169 163
3170 159
3171 188
3172 164
3173 145
3174 173
3175 236
3176 142
3177 110
3178 130
3179 144
3180 148
3181 177
3182 113
3183 166
3184 171
3185 169
3186 130
3187 164
3188 179
3189 161
3190 205
3191 110
3192 152
3193 98
3194 119
3195 152
3196 134
3197 183
3198 180
3199 112
3200 126
3201 152
3202 142
3203 140
3204 163
3205 172
3206 155
3207 163
3208 137
3209 180
3210 189
3211 128
3212 164
3213 123
3214 171
3215 138
3216 47
3217 224
3218 147
3219 129
3220 181
3221 127
3222 209
3223 160
3224 0
3225 66
3226 236
3227 140
3228 138
3229 250
3230 172
3231 164
3232 215
3233 140
3234 129
3235 176
3236 154
3237 148
3238 157
3239 165
3240 144
3241 0
3242 144
3243 118
3244 160
3245 139
3246 134
3247 168
3248 138
3249 79
3250 108
3251 170
3252 143
3253 138
3254 108
3255 180
3256 200
3257 177
3258 109
3259 185
3260 147
3261 122
3262 185
3263 251
3264 201
3265 199
3266 134
3267 130
3268 132
3269 140
3270 183
3271 158
3272 181
3273 193
3274 109
3275 172
3276 162
3277 129
3278 128
3279 114
3280 122
3281 131
3282 105
3283 194
3284 179
3285 0
3286 136
3287 149
3288 174
3289 140
3290 164
3291 94
3292 176
3293 154
3294 167
3295 149
3296 194
3297 144
3298 130
3299 173
3300 134
3301 156
3302 183
3303 108
3304 88
3305 144
3306 129
3307 157
3308 141
3309 154
3310 154
3311 170
3312 136
3313 168
3314 162
3315 152
3316 148
3317 199
3318 130
3319 166
3320 98
3321 170
3322 180
3323 27
3324 132
3325 141
3326 195
3327 103
3328 106
3329 141
3330 182
3331 163
3332 198
3333 142
3334 163
3335 126
3336 198
3337 143
3338 154
3339 136
3340 141
3341 116
3342 182
3343 174
3344 152
3345 185
3346 160
3347 154
3348 155
3349 142
3350 140
3351 159
3352 121
3353 132
3354 169
3355 179
3356 93
3357 218
3358 146
3359 196
3360 203
3361 184
3362 219
3363 206
3364 252
3365 254
3366 168
3367 241
3368 140
3369 156
3370 131
3371 178
3372 152
3373 146
3374 151
3375 140
3376 178
3377 168
3378 132
3379 125
3380 182
3381 222
3382 142
3383 85
3384 3
3385 186
3386 123
3387 132
3388 159
3389 196
3390 167
3391 82
3392 135
3393 214
3394 156
3395 156
3396 205
3397 110
3398 0
3399 163
3400 138
3401 156
3402 112
3403 194
3404 133
3405 109
3406 187
3407 200
3408 107
3409 118
3410 154
3411 151
3412 165
3413 185
3414 177
3415 140
3416 111
3417 111
3418 149
3419 129
3420 191
3421 104
3422 222
3423 209
3424 203
3425 162
3426 168
3427 86
3428 125
3429 142
3430 174
3431 143
3432 146
3433 248
3434 189
3435 160
3436 148
3437 147
3438 108
3439 109
3440 153
3441 127
3442 129
3443 198
3444 86
3445 112
3446 224
3447 144
3448 106
3449 218
3450 116
3451 127
3452 151
3453 159
3454 180
3455 108
3456 178
3457 144
3458 147
3459 130
3460 179
3461 115
3462 158
3463 125
3464 173
3465 174
3466 199
3467 217
3468 144
3469 88
3470 147
3471 123
3472 143
3473 194
3474 130
3475 197
3476 178
3477 178
3478 145
3479 117
3480 125
3481 116
3482 143
3483 213
3484 166
3485 158
3486 181
3487 148
3488 137
3489 151
3490 182
3491 141
3492 83
3493 138
3494 169
3495 167
3496 146
3497 156
3498 148
3499 152
3500 125
3501 181
3502 140
3503 123
3504 140
3505 164
3506 169
3507 247
3508 230
3509 157
3510 241
3511 83
3512 209
3513 141
3514 163
3515 142
3516 171
3517 183
3518 170
3519 164
3520 122
3521 133
3522 181
3523 138
3524 142
3525 151
3526 198
3527 155
3528 163
3529 139
3530 140
3531 139
3532 140
3533 163
3534 141
3535 180
3536 153
3537 206
3538 0
3539 176
3540 184
3541 158
3542 163
3543 132
3544 158
3545 132
3546 156
3547 159
3548 203
3549 151
3550 210
3551 158
3552 149
3553 172
3554 145
3555 157
3556 147
3557 134
3558 133
3559 166
3560 203
3561 175
3562 165
3563 103
3564 113
3565 134
3566 171
3567 121
3568 160
3569 174
3570 147
3571 174
3572 173
3573 151
3574 172
3575 196
3576 158
3577 144
3578 163
3579 132
3580 126
3581 138
3582 145
3583 143
3584 112
3585 187
3586 154
3587 154
3588 154
3589 172
3590 218
3591 206
3592 176
3593 158
3594 132
3595 110
3596 136
3597 153
3598 158
3599 176
3600 131
3601 127
3602 126
3603 140
3604 198
3605 197
3606 87
3607 93
3608 122
3609 153
3610 184
3611 121
3612 112
3613 146
3614 150
3615 117
3616 131
3617 149
3618 156
3619 188
3620 182
3621 70
3622 172
3623 183
3624 155
3625 185
3626 206
3627 100
3628 185
3629 158
3630 202
3631 157
3632 140
3633 212
3634 209
3635 42
3636 172
3637 191
3638 157
3639 114
3640 153
3641 181
3642 139
3643 149
3644 95
3645 204
3646 134
3647 168
3648 162
3649 183
3650 177
3651 149
3652 159
3653 118
3654 166
3655 214
3656 104
3657 195
3658 159
3659 166
3660 143
3661 188
3662 167
3663 207
3664 186
3665 142
3666 214
3667 207
3668 124
3669 176
3670 195
3671 172
3672 177
3673 144
3674 152
3675 126
3676 118
3677 176
3678 113
3679 157
3680 143
3681 163
3682 211
3683 183
3684 184
3685 169
3686 121
3687 170
3688 213
3689 152
3690 152
3691 195
3692 0
3693 75
3694 124
3695 0
3696 133
3697 161
3698 247
3699 172
3700 161
3701 0
3702 197
3703 168
3704 152
3705 176
3706 164
3707 154
3708 198
3709 139
3710 157
3711 162
3712 152
3713 156
3714 162
3715 175
3716 177
3717 129
3718 117
3719 135
3720 138
3721 170
3722 192
3723 153
3724 233
3725 87
3726 112
3727 125
3728 97
3729 160
3730 256
3731 157
3732 167
3733 149
3734 178
3735 168
3736 151
3737 92
3738 85
3739 140
3740 184
3741 152
3742 155
3743 101
3744 177
3745 123
3746 173
3747 155
3748 125
3749 177
3750 137
3751 160
3752 130
3753 139
3754 117
3755 142
3756 152
3757 147
3758 134
3759 157
3760 148
3761 248
3762 152
3763 136
3764 192
3765 212
3766 182
3767 162
3768 220
3769 168
3770 146
3771 127
3772 120
3773 143
3774 145
3775 135
3776 132
3777 181
3778 99
3779 189
3780 149
3781 160
3782 169
3783 274
3784 139
3785 166
3786 173
3787 154
3788 114
3789 197
3790 216
3791 275
3792 107
3793 157
3794 229
3795 177
3796 158
3797 107
3798 139
3799 166
3800 161
3801 130
3802 217
3803 142
3804 207
3805 184
3806 192
3807 99
3808 119
3809 87
3810 159
3811 147
3812 166
3813 192
3814 275
3815 139
3816 123
3817 138
3818 172
3819 119
3820 163
3821 117
3822 128
3823 141
3824 168
3825 140
3826 166
3827 110
3828 183
3829 157
3830 162
3831 179
3832 208
3833 174
3834 175
3835 170
3836 140
3837 175
3838 139
3839 179
3840 129
3841 135
3842 114
3843 178
3844 100
3845 147
3846 194
3847 158
3848 199
3849 192
3850 76
3851 100
3852 107
3853 133
3854 142
3855 149
3856 186
3857 106
3858 105
3859 173
3860 158
3861 89
3862 127
3863 143
3864 142
3865 113
3866 146
3867 205
3868 162
3869 156
3870 121
3871 175
3872 172
3873 173
3874 124
3875 207
3876 152
3877 174
3878 142
3879 66
3880 186
3881 168
3882 154
3883 125
3884 134
3885 125
3886 141
3887 115
3888 187
3889 103
3890 119
3891 163
3892 120
3893 167
3894 138
3895 134
3896 157
3897 247
3898 159
3899 158
