Vertices: 3700
Edges: 18500
Time: 1,285 ms
Iterations: 18353
Vertex Distance
0 0
1 132
2 198
3 173
4 155
5 115
6 200
7 183
8 208
9 172
10 188
11 129
12 198
13 182
14 232
15 194
16 201
17 126
18 182
19 172
20 200
21 139
22 160
23 194
24 144
25 211
26 77
27 183
28 145
29 219
30 187
31 212
32 0
33 193
34 151
35 148
36 171
37 187
38 221
39 189
40 173
41 274
42 205
43 186
44 207
45 112
46 171
47 162
48 100
49 236
50 230
51 191
52 175
53 114
54 75
55 181
56 86
57 191
58 169
59 130
60 199
61 117
62 185
63 58
64 182
65 178
66 146
67 204
68 188
69 190
70 118
71 177
72 179
73 176
74 196
75 180
76 179
77 141
78 199
79 108
80 196
81 182
82 218
83 178
84 244
85 186
86 183
87 185
88 182
89 158
90 166
91 203
92 156
93 156
94 0
95 171
96 219
97 220
98 244
99 174
100 193
101 197
102 235
103 244
104 163
105 116
106 174
107 173
108 129
109 150
110 185
111 183
112 198
113 144
114 247
115 189
116 182
117 149
118 108
119 133
120 249
121 111
122 182
123 175
124 199
125 181
126 209
127 134
128 204
129 192
130 195
131 183
132 128
133 154
134 241
135 188
136 159
137 173
138 228
139 104
140 145
141 81
142 257
143 204
144 204
145 221
146 206
147 152
148 15
149 146
150 213
151 162
152 171
153 220
154 197
155 207
156 97
157 193
158 191
159 161
160 141
161 168
162 169
163 180
164 230
165 186
166 189
167 182
168 165
169 167
170 138
171 199
172 184
173 99
174 147
175 189
176 224
177 163
178 269
179 45
180 131
181 167
182 187
183 150
184 198
185 172
186 209
187 192
188 155
189 210
190 216
191 198
192 199
193 142
194 177
195 175
196 141
197 205
198 0
199 173
200 162
201 212
202 182
203 102
204 252
205 224
206 247
207 137
208 179
209 188
210 221
211 250
212 178
213 154
214 139
215 182
216 177
217 191
218 70
219 189
220 191
221 174
222 159
223 147
224 204
225 195
226 0
227 173
228 221
229 208
230 152
231 227
232 157
233 197
234 125
235 212
236 192
237 222
238 182
239 200
240 138
241 189
242 156
243 120
244 120
245 224
246 138
247 210
248 214
249 191
250 110
251 176
252 235
253 202
254 146
255 165
256 140
257 206
258 0
259 187
260 120
261 185
262 162
263 172
264 166
265 219
266 159
267 174
268 208
269 120
270 195
271 152
272 181
273 158
274 191
275 167
276 179
277 176
278 164
279 198
280 163
281 184
282 180
283 193
284 184
285 148
286 149
287 202
288 220
289 170
290 154
291 191
292 194
293 127
294 182
295 173
296 156
297 177
298 216
299 157
300 187
301 152
302 192
303 285
304 163
305 167
306 201
307 193
308 188
309 163
310 130
311 177
312 150
313 149
314 171
315 199
316 178
317 189
318 190
319 158
320 209
321 184
322 244
323 178
324 184
325 189
326 135
327 173
328 144
329 188
330 80
331 170
332 92
333 275
334 214
335 161
336 208
337 223
338 150
339 188
340 154
341 168
342 231
343 169
344 163
345 172
346 206
347 187
348 157
349 157
350 173
351 238
352 170
353 121
354 225
355 259
356 173
357 163
358 166
359 179
360 145
361 196
362 146
363 138
364 232
365 166
366 189
367 235
368 169
369 173
370 176
371 113
372 160
373 179
374 171
375 190
376 152
377 142
378 170
379 261
380 191
381 211
382 107
383 195
384 166
385 209
386 199
387 118
388 187
389 202
390 187
391 247
392 199
393 135
394 181
395 137
396 218
397 189
398 146
399 135
400 208
401 158
402 176
403 160
404 167
405 183
406 180
407 184
408 131
409 219
410 192
411 140
412 167
413 135
414 85
415 222
416 201
417 159
418 193
419 213
420 234
421 143
422 304
423 190
424 256
425 207
426 149
427 158
428 151
429 209
430 138
431 164
432 181
433 232
434 189
435 208
436 215
437 133
438 185
439 142
440 154
441 170
442 144
443 130
444 126
445 192
446 189
447 200
448 208
449 181
450 223
451 204
452 144
453 169
454 154
455 183
456 205
457 202
458 235
459 182
460 198
461 162
462 180
463 142
464 188
465 175
466 125
467 85
468 186
469 148
470 202
471 177
472 146
473 157
474 222
475 195
476 155
477 207
478 145
479 227
480 161
481 180
482 202
483 255
484 182
485 169
486 175
487 133
488 155
489 309
490 151
491 185
492 213
493 142
494 159
495 223
496 233
497 185
498 167
499 107
500 133
501 187
502 175
503 41
504 206
505 145
506 196
507 234
508 159
509 218
510 187
511 220
512 196
513 171
514 186
515 141
516 173
517 130
518 241
519 217
520 120
521 276
522 152
523 231
524 139
525 184
526 125
527 187
528 196
529 146
530 166
531 247
532 225
533 166
534 228
535 230
536 201
537 183
538 153
539 133
540 197
541 182
542 183
543 151
544 201
545 258
546 174
547 170
548 196
549 191
550 224
551 189
552 216
553 147
554 179
555 188
556 219
557 182
558 227
559 123
560 191
561 161
562 215
563 171
564 170
565 181
566 166
567 195
568 168
569 202
570 200
571 76
572 181
573 169
574 186
575 167
576 271
577 220
578 238
579 155
580 366
581 180
582 191
583 137
584 228
585 198
586 198
587 184
588 203
589 188
590 177
591 190
592 178
593 159
594 171
595 272
596 175
597 199
598 146
599 190
600 176
601 158
602 201
603 27
604 191
605 212
606 187
607 165
608 125
609 173
610 157
611 172
612 185
613 209
614 176
615 188
616 113
617 220
618 143
619 208
620 209
621 145
622 132
623 149
624 178
625 149
626 226
627 202
628 183
629 215
630 168
631 163
632 165
633 191
634 194
635 167
636 143
637 195
638 201
639 168
640 125
641 135
642 142
643 184
644 144
645 189
646 185
647 146
648 176
649 188
650 169
651 166
652 218
653 176
654 176
655 111
656 70
657 145
658 157
659 192
660 218
661 185
662 221
663 234
664 219
665 187
666 218
667 0
668 169
669 214
670 159
671 262
672 257
673 170
674 164
675 226
676 165
677 170
678 139
679 137
680 217
681 139
682 239
683 187
684 167
685 252
686 0
687 228
688 183
689 227
690 171
691 113
692 133
693 188
694 173
695 154
696 0
697 204
698 222
699 165
700 174
701 169
702 168
703 175
704 222
705 163
706 151
707 181
708 160
709 207
710 149
711 274
712 195
713 154
714 175
715 204
716 151
717 211
718 132
719 169
720 138
721 122
722 174
723 94
724 177
725 120
726 178
727 186
728 174
729 183
730 208
731 222
732 168
733 211
734 156
735 181
736 182
737 168
738 160
739 120
740 243
741 208
742 173
743 214
744 71
745 212
746 150
747 197
748 164
749 217
750 166
751 287
752 159
753 212
754 206
755 174
756 192
757 191
758 201
759 228
760 225
761 157
762 92
763 122
764 205
765 155
766 165
767 169
768 152
769 168
770 219
771 131
772 173
773 199
774 196
775 162
776 150
777 141
778 0
779 171
780 235
781 150
782 132
783 168
784 207
785 169
786 155
787 183
788 152
789 148
790 136
791 156
792 186
793 206
794 203
795 239
796 139
797 285
798 149
799 120
800 183
801 159
802 154
803 111
804 193
805 222
806 251
807 164
808 175
809 99
810 159
811 199
812 128
813 198
814 120
815 188
816 128
817 131
818 249
819 174
820 204
821 176
822 190
823 239
824 186
825 195
826 221
827 197
828 0
829 157
830 239
831 173
832 184
833 124
834 203
835 183
836 136
837 148
838 135
839 197
840 187
841 156
842 159
843 231
844 171
845 200
846 189
847 137
848 201
849 212
850 170
851 186
852 197
853 169
854 176
855 146
856 182
857 168
858 191
859 127
860 212
861 185
862 155
863 144
864 135
865 190
866 159
867 126
868 160
869 142
870 174
871 206
872 180
873 234
874 208
875 191
876 161
877 166
878 193
879 219
880 138
881 114
882 204
883 195
884 171
885 201
886 160
887 179
888 189
889 128
890 218
891 211
892 162
893 116
894 148
895 180
896 182
897 154
898 155
899 194
900 166
901 201
902 200
903 169
904 141
905 169
906 198
907 168
908 196
909 259
910 158
911 215
912 178
913 180
914 210
915 159
916 218
917 179
918 150
919 186
920 155
921 172
922 203
923 136
924 161
925 177
926 195
927 196
928 154
929 47
930 188
931 129
932 208
933 203
934 174
935 98
936 208
937 123
938 140
939 172
940 239
941 107
942 199
943 143
944 146
945 192
946 98
947 199
948 132
949 176
950 127
951 202
952 145
953 189
954 194
955 145
956 176
957 197
958 161
959 150
960 174
961 193
962 188
963 90
964 260
965 98
966 170
967 139
968 179
969 170
970 185
971 159
972 213
973 204
974 113
975 187
976 219
977 160
978 165
979 212
980 146
981 183
982 187
983 175
984 123
985 193
986 145
987 85
988 154
989 199
990 151
991 211
992 216
993 143
994 208
995 160
996 211
997 184
998 193
999 156
1000 113
1001 191
1002 209
1003 165
1004 158
1005 140
1006 242
1007 195
1008 191
1009 198
1010 201
1011 190
1012 203
1013 164
1014 175
1015 137
1016 169
1017 148
1018 130
1019 240
1020 172
1021 181
1022 193
1023 201
1024 162
1025 253
1026 242
1027 194
1028 185
1029 203
1030 179
1031 151
1032 150
1033 166
1034 217
1035 237
1036 197
1037 159
1038 206
1039 160
1040 210
1041 128
1042 255
1043 184
1044 226
1045 132
1046 202
1047 231
1048 243
1049 165
1050 173
1051 237
1052 144
1053 170
1054 163
1055 197
1056 185
1057 154
1058 171
1059 153
1060 166
1061 177
1062 155
1063 212
1064 201
1065 174
1066 185
1067 242
1068 194
1069 138
1070 229
1071 145
1072 108
1073 173
1074 153
1075 168
1076 167
1077 166
1078 219
1079 193
1080 256
1081 181
1082 188
1083 189
1084 230
1085 165
1086 158
1087 169
1088 189
1089 187
1090 197
1091 189
1092 177
1093 185
1094 153
1095 147
1096 244
1097 159
1098 193
1099 232
1100 224
1101 166
1102 199
1103 188
1104 56
1105 165
1106 176
1107 192
1108 194
1109 192
1110 189
1111 202
1112 204
1113 159
1114 177
1115 216
1116 217
1117 133
1118 170
1119 120
1120 224
1121 184
1122 157
1123 151
1124 86
1125 244
1126 68
1127 200
1128 154
1129 132
1130 0
1131 224
1132 162
1133 189
1134 170
1135 155
1136 209
1137 170
1138 178
1139 183
1140 177
1141 217
1142 188
1143 181
1144 193
1145 189
1146 158
1147 197
1148 171
1149 184
1150 169
1151 169
1152 226
1153 167
1154 199
1155 141
1156 160
1157 180
1158 216
1159 200
1160 190
1161 189
1162 236
1163 217
1164 188
1165 206
1166 176
1167 140
1168 182
1169 143
1170 190
1171 160
1172 183
1173 136
1174 204
1175 163
1176 170
1177 198
1178 190
1179 186
1180 246
1181 167
1182 115
1183 121
1184 192
1185 195
1186 173
1187 122
1188 208
1189 215
1190 188
1191 254
1192 169
1193 173
1194 157
1195 222
1196 221
1197 151
1198 187
1199 127
1200 189
1201 181
1202 182
1203 174
1204 214
1205 189
1206 164
1207 153
1208 115
1209 187
1210 169
1211 148
1212 204
1213 217
1214 128
1215 301
1216 185
1217 226
1218 176
1219 200
1220 186
1221 155
1222 195
1223 177
1224 182
1225 152
1226 199
1227 237
1228 198
1229 190
1230 195
1231 131
1232 230
1233 186
1234 250
1235 249
1236 149
1237 170
1238 95
1239 179
1240 109
1241 173
1242 172
1243 206
1244 178
1245 158
1246 190
1247 149
1248 191
1249 202
1250 224
1251 141
1252 163
1253 159
1254 192
1255 189
1256 171
1257 149
1258 157
1259 136
1260 192
1261 199
1262 129
1263 191
1264 158
1265 233
1266 99
1267 120
1268 177
1269 172
1270 221
1271 193
1272 208
1273 198
1274 171
1275 201
1276 196
1277 209
1278 164
1279 213
1280 191
1281 230
1282 137
1283 148
1284 123
1285 177
1286 151
1287 112
1288 185
1289 103
1290 0
1291 187
1292 185
1293 164
1294 211
1295 150
1296 230
1297 123
1298 210
1299 177
1300 155
1301 176
1302 153
1303 150
1304 180
1305 231
1306 171
1307 173
1308 169
1309 150
1310 132
1311 220
1312 191
1313 122
1314 228
1315 185
1316 178
1317 208
1318 144
1319 156
1320 179
1321 127
1322 189
1323 153
1324 268
1325 165
1326 167
1327 163
1328 214
1329 167
1330 144
1331 210
1332 148
1333 227
1334 191
1335 159
1336 93
1337 164
1338 227
1339 167
1340 146
1341 192
1342 189
1343 264
1344 169
1345 177
1346 172
1347 175
1348 197
1349 145
1350 226
1351 158
1352 183
1353 83
1354 286
1355 116
1356 188
1357 191
1358 237
1359 151
1360 184
1361 182
1362 158
1363 213
1364 173
1365 110
1366 129
1367 106
1368 206
1369 167
1370 140
1371 121
1372 163
1373 182
1374 184
1375 219
1376 221
1377 177
1378 162
1379 189
1380 177
1381 205
1382 179
1383 226
1384 221
1385 224
1386 193
1387 188
1388 200
1389 210
1390 180
1391 191
1392 150
1393 200
1394 232
1395 144
1396 177
1397 218
1398 291
1399 219
1400 242
1401 124
1402 177
1403 213
1404 202
1405 164
1406 118
1407 211
1408 170
1409 201
1410 124
1411 138
1412 208
1413 161
1414 81
1415 192
1416 181
1417 159
1418 155
1419 176
1420 205
1421 229
1422 177
1423 189
1424 151
1425 230
1426 171
1427 219
1428 189
1429 190
1430 240
1431 150
1432 209
1433 181
1434 148
1435 142
1436 254
1437 201
1438 140
1439 191
1440 213
1441 268
1442 214
1443 201
1444 185
1445 130
1446 147
1447 149
1448 188
1449 213
1450 207
1451 174
1452 136
1453 199
1454 235
1455 190
1456 202
1457 214
1458 189
1459 254
1460 206
1461 207
1462 169
1463 173
1464 156
1465 201
1466 212
1467 249
1468 214
1469 186
1470 180
1471 167
1472 187
1473 180
1474 166
1475 141
1476 179
1477 200
1478 193
1479 57
1480 180
1481 215
1482 197
1483 105
1484 196
1485 222
1486 208
1487 164
1488 144
1489 308
1490 159
1491 199
1492 208
1493 177
1494 165
1495 185
1496 260
1497 188
1498 163
1499 145
1500 166
1501 292
1502 159
1503 169
1504 163
1505 228
1506 168
1507 174
1508 180
1509 139
1510 171
1511 170
1512 221
1513 193
1514 254
1515 192
1516 174
1517 128
1518 207
1519 166
1520 143
1521 195
1522 191
1523 211
1524 176
1525 172
1526 139
1527 183
1528 150
1529 195
1530 160
1531 190
1532 241
1533 148
1534 178
1535 174
1536 154
1537 153
1538 173
1539 163
1540 158
1541 181
1542 127
1543 180
1544 188
1545 172
1546 185
1547 239
1548 216
1549 170
1550 153
1551 196
1552 170
1553 168
1554 190
1555 181
1556 168
1557 208
1558 175
1559 148
1560 153
1561 131
1562 165
1563 176
1564 256
1565 133
1566 155
1567 249
1568 172
1569 186
1570 191
1571 167
1572 208
1573 184
1574 238
1575 152
1576 173
1577 193
1578 191
1579 194
1580 221
1581 201
1582 0
1583 179
1584 122
1585 217
1586 234
1587 247
1588 182
1589 156
1590 138
1591 148
1592 209
1593 210
1594 194
1595 172
1596 174
1597 203
1598 206
1599 203
1600 192
1601 187
1602 153
1603 129
1604 217
1605 127
1606 182
1607 120
1608 184
1609 181
1610 209
1611 154
1612 189
1613 157
1614 151
1615 189
1616 167
1617 178
1618 186
1619 135
1620 211
1621 114
1622 230
1623 241
1624 184
1625 148
1626 167
1627 179
1628 199
1629 213
1630 194
1631 166
1632 232
1633 109
1634 116
1635 196
1636 218
1637 161
1638 164
1639 178
1640 190
1641 115
1642 217
1643 167
1644 222
1645 187
1646 131
1647 0
1648 134
1649 187
1650 202
1651 174
1652 180
1653 252
1654 158
1655 175
1656 122
1657 182
1658 208
1659 168
1660 136
1661 216
1662 166
1663 268
1664 203
1665 206
1666 150
1667 157
1668 203
1669 131
1670 183
1671 201
1672 233
1673 160
1674 210
1675 171
1676 302
1677 212
1678 196
1679 173
1680 174
1681 226
1682 158
1683 207
1684 148
1685 191
1686 115
1687 193
1688 204
1689 158
1690 172
1691 201
1692 189
1693 243
1694 201
1695 91
1696 243
1697 299
1698 215
1699 197
1700 106
1701 99
1702 206
1703 224
1704 104
1705 179
1706 131
1707 172
1708 173
1709 144
1710 175
1711 159
1712 137
1713 167
1714 190
1715 144
1716 187
1717 119
1718 119
1719 179
1720 186
1721 165
1722 210
1723 159
1724 163
1725 32
1726 153
1727 241
1728 171
1729 184
1730 177
1731 192
1732 156
1733 169
1734 139
1735 132
1736 137
1737 181
1738 154
1739 183
1740 211
1741 202
1742 187
1743 147
1744 184
1745 194
1746 166
1747 171
1748 307
1749 223
1750 151
1751 168
1752 219
1753 164
1754 196
1755 208
1756 165
1757 208
1758 213
1759 235
1760 137
1761 172
1762 214
1763 181
1764 153
1765 184
1766 207
1767 177
1768 183
1769 226
1770 164
1771 0
1772 196
1773 212
1774 192
1775 205
1776 190
1777 207
1778 224
1779 0
1780 220
1781 213
1782 184
1783 173
1784 138
1785 199
1786 123
1787 182
1788 147
1789 126
1790 138
1791 191
1792 138
1793 140
1794 151
1795 182
1796 153
1797 240
1798 181
1799 172
1800 103
1801 188
1802 131
1803 241
1804 0
1805 226
1806 269
1807 151
1808 179
1809 174
1810 171
1811 171
1812 184
1813 205
1814 183
1815 153
1816 228
1817 207
1818 180
1819 245
1820 143
1821 197
1822 193
1823 197
1824 95
1825 205
1826 148
1827 172
1828 168
1829 161
1830 202
1831 183
1832 183
1833 211
1834 166
1835 246
1836 213
1837 189
1838 157
1839 172
1840 200
1841 215
1842 197
1843 190
1844 195
1845 246
1846 156
1847 173
1848 142
1849 113
1850 155
1851 194
1852 212
1853 150
1854 153
1855 263
1856 201
1857 168
1858 184
1859 207
1860 166
1861 112
1862 182
1863 208
1864 186
1865 178
1866 208
1867 211
1868 201
1869 165
1870 220
1871 209
1872 182
1873 157
1874 152
1875 195
1876 190
1877 138
1878 193
1879 204
1880 146
1881 149
1882 189
1883 235
1884 178
1885 162
1886 136
1887 163
1888 192
1889 149
1890 197
1891 189
1892 178
1893 161
1894 191
1895 197
1896 223
1897 352
1898 169
1899 180
1900 180
1901 199
1902 84
1903 194
1904 187
1905 175
1906 154
1907 163
1908 175
1909 200
1910 173
1911 201
1912 136
1913 193
1914 197
1915 164
1916 238
1917 202
1918 186
1919 191
1920 161
1921 83
1922 161
1923 181
1924 138
1925 194
1926 169
1927 204
1928 158
1929 165
1930 241
1931 219
1932 179
1933 243
1934 109
1935 259
1936 167
1937 157
1938 206
1939 234
1940 189
1941 149
1942 165
1943 166
1944 203
1945 131
1946 192
1947 165
1948 205
1949 199
1950 162
1951 155
1952 126
1953 179
1954 161
1955 197
1956 218
1957 197
1958 201
1959 201
1960 121
1961 181
1962 203
1963 146
1964 181
1965 173
1966 160
1967 191
1968 210
1969 245
1970 195
1971 208
1972 150
1973 238
1974 168
1975 169
1976 188
1977 204
1978 136
1979 173
1980 184
1981 246
1982 153
1983 160
1984 169
1985 191
1986 146
1987 218
1988 186
1989 249
1990 171
1991 193
1992 211
1993 164
1994 187
1995 256
1996 242
1997 173
1998 104
1999 187
2000 224
2001 132
2002 187
2003 190
2004 77
2005 209
2006 83
2007 255
2008 189
2009 182
2010 149
2011 173
2012 220
2013 158
2014 227
2015 181
2016 171
2017 162
2018 146
2019 174
2020 205
2021 164
2022 173
2023 260
2024 179
2025 213
2026 179
2027 188
2028 236
2029 222
2030 174
2031 135
2032 202
2033 101
2034 224
2035 154
2036 0
2037 148
2038 183
2039 154
2040 135
2041 133
2042 181
2043 141
2044 209
2045 189
2046 218
2047 188
2048 250
2049 163
2050 148
2051 173
2052 140
2053 165
2054 128
2055 230
2056 174
2057 238
2058 109
2059 124
2060 219
2061 160
2062 200
2063 177
2064 146
2065 134
2066 167
2067 211
2068 156
2069 100
2070 185
2071 207
2072 156
2073 0
2074 205
2075 121
2076 183
2077 147
2078 207
2079 168
2080 224
2081 105
2082 199
2083 174
2084 216
2085 236
2086 161
2087 131
2088 136
2089 170
2090 133
2091 159
2092 226
2093 183
2094 209
2095 80
2096 150
2097 155
2098 217
2099 199
2100 185
2101 134
2102 129
2103 241
2104 186
2105 173
2106 124
2107 161
2108 192
2109 178
2110 176
2111 165
2112 191
2113 213
2114 164
2115 146
2116 195
2117 193
2118 204
2119 162
2120 203
2121 68
2122 174
2123 137
2124 187
2125 155
2126 147
2127 152
2128 219
2129 176
2130 179
2131 163
2132 194
2133 156
2134 199
2135 187
2136 159
2137 190
2138 155
2139 189
2140 223
2141 158
2142 199
2143 179
2144 195
2145 137
2146 187
2147 207
2148 193
2149 251
2150 223
2151 207
2152 180
2153 172
2154 145
2155 176
2156 227
2157 167
2158 79
2159 190
2160 209
2161 178
2162 172
2163 190
2164 201
2165 212
2166 233
2167 150
2168 193
2169 177
2170 141
2171 157
2172 167
2173 187
2174 171
2175 218
2176 207
2177 148
2178 160
2179 177
2180 259
2181 242
2182 202
2183 193
2184 200
2185 170
2186 185
2187 143
2188 200
2189 171
2190 193
2191 208
2192 202
2193 214
2194 179
2195 190
2196 202
2197 107
2198 153
2199 176
2200 153
2201 192
2202 158
2203 206
2204 155
2205 162
2206 76
2207 116
2208 140
2209 188
2210 241
2211 178
2212 193
2213 156
2214 223
2215 204
2216 157
2217 108
2218 213
2219 190
2220 187
2221 202
2222 186
2223 179
2224 149
2225 204
2226 192
2227 269
2228 155
2229 206
2230 169
2231 184
2232 229
2233 192
2234 148
2235 123
2236 123
2237 108
2238 206
2239 107
2240 176
2241 222
2242 189
2243 194
2244 143
2245 164
2246 190
2247 298
2248 203
2249 154
2250 267
2251 224
2252 152
2253 148
2254 171
2255 157
2256 250
2257 154
2258 190
2259 158
2260 196
2261 181
2262 126
2263 223
2264 176
2265 155
2266 192
2267 168
2268 227
2269 186
2270 161
2271 215
2272 181
2273 173
2274 249
2275 190
2276 133
2277 207
2278 180
2279 197
2280 206
2281 205
2282 203
2283 162
2284 166
2285 186
2286 155
2287 232
2288 149
2289 153
2290 162
2291 70
2292 170
2293 222
2294 227
2295 200
2296 219
2297 155
2298 219
2299 231
2300 164
2301 215
2302 217
2303 185
2304 190
2305 216
2306 175
2307 327
2308 191
2309 149
2310 182
2311 223
2312 177
2313 139
2314 170
2315 214
2316 146
2317 189
2318 140
2319 160
2320 137
2321 187
2322 300
2323 153
2324 209
2325 87
2326 225
2327 156
2328 169
2329 175
2330 134
2331 180
2332 206
2333 240
2334 128
2335 183
2336 135
2337 74
2338 165
2339 216
2340 229
2341 176
2342 220
2343 213
2344 163
2345 172
2346 252
2347 204
2348 181
2349 127
2350 184
2351 240
2352 150
2353 205
2354 221
2355 162
2356 254
2357 188
2358 251
2359 158
2360 195
2361 172
2362 183
2363 215
2364 151
2365 154
2366 196
2367 118
2368 167
2369 265
2370 243
2371 155
2372 172
2373 187
2374 160
2375 236
2376 219
2377 213
2378 192
2379 0
2380 184
2381 240
2382 189
2383 182
2384 195
2385 206
2386 174
2387 194
2388 0
2389 206
2390 113
2391 152
2392 194
2393 194
2394 209
2395 247
2396 174
2397 216
2398 219
2399 226
2400 106
2401 154
2402 165
2403 227
2404 198
2405 199
2406 242
2407 138
2408 81
2409 168
2410 169
2411 176
2412 294
2413 222
2414 230
2415 163
2416 166
2417 203
2418 148
2419 201
2420 170
2421 172
2422 166
2423 93
2424 266
2425 170
2426 193
2427 155
2428 155
2429 166
2430 189
2431 89
2432 274
2433 165
2434 210
2435 140
2436 254
2437 156
2438 183
2439 165
2440 168
2441 219
2442 179
2443 190
2444 148
2445 220
2446 177
2447 194
2448 265
2449 184
2450 135
2451 174
2452 118
2453 221
2454 225
2455 165
2456 178
2457 196
2458 205
2459 172
2460 168
2461 285
2462 208
2463 249
2464 186
2465 206
2466 241
2467 115
2468 160
2469 189
2470 189
2471 208
2472 161
2473 265
2474 208
2475 240
2476 160
2477 204
2478 195
2479 165
2480 135
2481 95
2482 170
2483 0
2484 189
2485 79
2486 243
2487 172
2488 164
2489 194
2490 230
2491 154
2492 202
2493 113
2494 140
2495 167
2496 174
2497 228
2498 228
2499 189
2500 185
2501 47
2502 198
2503 146
2504 134
2505 215
2506 183
2507 125
2508 203
2509 174
2510 148
2511 225
2512 132
2513 250
2514 179
2515 195
2516 203
2517 103
2518 203
2519 183
2520 194
2521 225
2522 240
2523 149
2524 160
2525 193
2526 167
2527 169
2528 112
2529 217
2530 204
2531 166
2532 202
2533 211
2534 118
2535 206
2536 190
2537 175
2538 87
2539 111
2540 143
2541 189
2542 133
2543 217
2544 185
2545 186
2546 157
2547 190
2548 229
2549 198
2550 194
2551 173
2552 187
2553 132
2554 170
2555 156
2556 215
2557 206
2558 168
2559 175
2560 275
2561 179
2562 170
2563 216
2564 179
2565 146
2566 192
2567 196
2568 174
2569 188
2570 185
2571 163
2572 203
2573 242
2574 164
2575 238
2576 176
2577 198
2578 199
2579 138
2580 141
2581 163
2582 201
2583 194
2584 202
2585 202
2586 186
2587 167
2588 217
2589 212
2590 161
2591 186
2592 191
2593 208
2594 194
2595 180
2596 222
2597 206
2598 179
2599 264
2600 172
2601 195
2602 210
2603 177
2604 175
2605 241
2606 197
2607 192
2608 279
2609 168
2610 213
2611 155
2612 253
2613 196
2614 154
2615 149
2616 164
2617 229
2618 169
2619 130
2620 112
2621 176
2622 218
2623 173
2624 185
2625 219
2626 129
2627 144
2628 179
2629 194
2630 189
2631 205
2632 128
2633 146
2634 156
2635 152
2636 120
2637 184
2638 214
2639 172
2640 113
2641 170
2642 200
2643 198
2644 158
2645 189
2646 117
2647 199
2648 214
2649 177
2650 264
2651 240
2652 148
2653 229
2654 209
2655 218
2656 182
2657 203
2658 210
2659 212
2660 155
2661 226
2662 175
2663 185
2664 182
2665 164
2666 165
2667 194
2668 201
2669 171
2670 173
2671 210
2672 195
2673 194
2674 158
2675 180
2676 131
2677 180
2678 157
2679 87
2680 226
2681 143
2682 183
2683 179
2684 164
2685 193
2686 141
2687 153
2688 182
2689 207
2690 186
2691 135
2692 125
2693 198
2694 154
2695 174
2696 186
2697 180
2698 213
2699 182
2700 203
2701 180
2702 226
2703 154
2704 197
2705 154
2706 178
2707 173
2708 140
2709 225
2710 215
2711 142
2712 213
2713 230
2714 137
2715 175
2716 221
2717 171
2718 151
2719 208
2720 206
2721 266
2722 161
2723 185
2724 186
2725 208
2726 192
2727 176
2728 138
2729 198
2730 211
2731 250
2732 202
2733 162
2734 188
2735 162
2736 200
2737 160
2738 223
2739 183
2740 166
2741 139
2742 216
2743 183
2744 238
2745 167
2746 218
2747 228
2748 150
2749 176
2750 194
2751 154
2752 144
2753 162
2754 180
2755 144
2756 197
2757 185
2758 133
2759 187
2760 203
2761 185
2762 181
2763 184
2764 243
2765 128
2766 192
2767 162
2768 200
2769 191
2770 155
2771 178
2772 167
2773 353
2774 212
2775 179
2776 95
2777 37
2778 179
2779 179
2780 212
2781 160
2782 240
2783 132
2784 223
2785 184
2786 140
2787 171
2788 76
2789 163
2790 144
2791 163
2792 154
2793 184
2794 247
2795 215
2796 165
2797 175
2798 245
2799 212
2800 137
2801 144
2802 166
2803 137
2804 149
2805 189
2806 171
2807 167
2808 268
2809 213
2810 171
2811 261
2812 127
2813 210
2814 208
2815 170
2816 183
2817 213
2818 212
2819 135
2820 237
2821 185
2822 170
2823 201
2824 138
2825 234
2826 205
2827 156
2828 223
2829 210
2830 172
2831 195
2832 110
2833 210
2834 177
2835 198
2836 227
2837 183
2838 249
2839 222
2840 160
2841 177
2842 160
2843 145
2844 139
2845 339
2846 251
2847 147
2848 176
2849 184
2850 175
2851 217
2852 278
2853 181
2854 176
2855 160
2856 208
2857 0
2858 170
2859 138
2860 216
2861 191
2862 237
2863 209
2864 238
2865 160
2866 194
2867 251
2868 165
2869 144
2870 126
2871 193
2872 206
2873 200
2874 155
2875 161
2876 190
2877 151
2878 172
2879 177
2880 115
2881 169
2882 245
2883 0
2884 200
2885 147
2886 177
2887 161
2888 230
2889 191
2890 237
2891 98
2892 244
2893 159
2894 190
2895 159
2896 202
2897 190
2898 114
2899 195
2900 195
2901 106
2902 198
2903 150
2904 226
2905 197
2906 98
2907 208
2908 154
2909 0
2910 145
2911 178
2912 258
2913 212
2914 174
2915 234
2916 228
2917 148
2918 140
2919 170
2920 211
2921 138
2922 185
2923 168
2924 146
2925 215
2926 235
2927 161
2928 165
2929 229
2930 124
2931 223
2932 247
2933 229
2934 214
2935 246
2936 183
2937 178
2938 224
2939 203
2940 148
2941 185
2942 166
2943 195
2944 290
2945 135
2946 138
2947 57
2948 180
2949 179
2950 198
2951 213
2952 189
2953 187
2954 157
2955 178
2956 216
2957 176
2958 180
2959 176
2960 167
2961 263
2962 266
2963 200
2964 139
2965 178
2966 186
2967 208
2968 177
2969 198
2970 154
2971 140
2972 149
2973 221
2974 206
2975 205
2976 125
2977 196
2978 180
2979 180
2980 217
2981 216
2982 139
2983 138
2984 220
2985 122
2986 118
2987 208
2988 142
2989 205
2990 222
2991 151
2992 133
2993 184
2994 121
2995 123
2996 204
2997 184
2998 196
2999 209
3000 220
3001 152
3002 209
3003 188
3004 219
3005 189
3006 168
3007 158
3008 142
3009 123
3010 183
3011 75
3012 202
3013 204
3014 134
3015 166
3016 140
3017 256
3018 168
3019 163
3020 185
3021 178
3022 128
3023 128
3024 173
3025 176
3026 173
3027 162
3028 135
3029 198
3030 174
3031 228
3032 177
3033 217
3034 167
3035 211
3036 157
3037 237
3038 138
3039 275
3040 176
3041 180
3042 188
3043 190
3044 226
3045 235
3046 196
3047 232
3048 150
3049 170
3050 168
3051 191
3052 139
3053 124
3054 151
3055 224
3056 142
3057 225
3058 187
3059 98
3060 135
3061 158
3062 216
3063 205
3064 131
3065 212
3066 187
3067 205
3068 162
3069 128
3070 206
3071 168
3072 156
3073 150
3074 175
3075 104
3076 224
3077 169
3078 98
3079 179
3080 155
3081 132
3082 176
3083 160
3084 137
3085 194
3086 149
3087 170
3088 154
3089 174
3090 266
3091 93
3092 263
3093 172
3094 179
3095 169
3096 101
3097 225
3098 39
3099 201
3100 81
3101 173
3102 145
3103 7
3104 191
3105 262
3106 169
3107 166
3108 174
3109 216
3110 233
3111 184
3112 207
3113 210
3114 225
3115 166
3116 245
3117 220
3118 142
3119 98
3120 140
3121 191
3122 221
3123 113
3124 211
3125 203
3126 187
3127 167
3128 208
3129 222
3130 175
3131 185
3132 287
3133 173
3134 218
3135 181
3136 149
3137 133
3138 177
3139 187
3140 231
3141 193
3142 205
3143 198
3144 168
3145 255
3146 198
3147 165
3148 134
3149 183
3150 125
3151 112
3152 269
3153 170
3154 162
3155 150
3156 186
3157 195
3158 111
3159 190
3160 249
3161 147
3162 258
3163 201
3164 176
3165 135
3166 243
3167 216
3168 172
3169 197
3170 208
3171 112
3172 147
3173 192
3174 122
3175 0
3176 161
3177 173
3178 190
3179 167
3180 173
3181 190
3182 234
3183 293
3184 255
3185 255
3186 159
3187 191
3188 180
3189 143
3190 161
3191 233
3192 175
3193 167
3194 167
3195 154
3196 191
3197 92
3198 133
3199 229
3200 155
3201 212
3202 193
3203 197
3204 124
3205 144
3206 218
3207 180
3208 162
3209 167
3210 234
3211 153
3212 174
3213 153
3214 206
3215 145
3216 214
3217 232
3218 220
3219 177
3220 179
3221 145
3222 177
3223 229
3224 206
3225 186
3226 162
3227 196
3228 194
3229 184
3230 174
3231 197
3232 137
3233 0
3234 169
3235 168
3236 184
3237 150
3238 163
3239 183
3240 263
3241 232
3242 146
3243 140
3244 185
3245 174
3246 206
3247 159
3248 147
3249 140
3250 175
3251 155
3252 126
3253 196
3254 189
3255 201
3256 171
3257 223
3258 185
3259 191
3260 136
3261 162
3262 132
3263 118
3264 182
3265 164
3266 149
3267 205
3268 124
3269 196
3270 126
3271 180
3272 178
3273 289
3274 52
3275 176
3276 217
3277 165
3278 203
3279 128
3280 216
3281 175
3282 188
3283 181
3284 146
3285 171
3286 260
3287 202
3288 187
3289 172
3290 142
3291 161
3292 197
3293 200
3294 123
3295 145
3296 100
3297 117
3298 225
3299 165
3300 152
3301 232
3302 222
3303 113
3304 165
3305 176
3306 196
3307 117
3308 201
3309 230
3310 214
3311 214
3312 200
3313 215
3314 178
3315 231
3316 213
3317 180
3318 193
3319 134
3320 236
3321 169
3322 194
3323 134
3324 176
3325 127
3326 131
3327 204
3328 192
3329 236
3330 123
3331 164
3332 328
3333 208
3334 192
3335 132
3336 176
3337 241
3338 197
3339 164
3340 157
3341 182
3342 132
3343 161
3344 283
3345 90
3346 161
3347 150
3348 114
3349 121
3350 184
3351 175
3352 131
3353 272
3354 180
3355 156
3356 161
3357 146
3358 278
3359 200
3360 135
3361 154
3362 205
3363 200
3364 184
3365 189
3366 166
3367 128
3368 182
3369 78
3370 169
3371 176
3372 198
3373 179
3374 184
3375 182
3376 169
3377 197
3378 163
3379 213
3380 201
3381 175
3382 148
3383 97
3384 160
3385 179
3386 193
3387 197
3388 163
3389 217
3390 134
3391 126
3392 186
3393 224
3394 155
3395 181
3396 168
3397 176
3398 169
3399 161
3400 180
3401 134
3402 199
3403 178
3404 189
3405 182
3406 232
3407 223
3408 180
3409 193
3410 178
3411 238
3412 173
3413 202
3414 66
3415 171
3416 213
3417 176
3418 182
3419 233
3420 166
3421 187
3422 203
3423 148
3424 176
3425 147
3426 143
3427 183
3428 101
3429 178
3430 185
3431 188
3432 177
3433 232
3434 206
3435 159
3436 238
3437 172
3438 111
3439 208
3440 144
3441 146
3442 99
3443 197
3444 161
3445 167
3446 136
3447 190
3448 141
3449 203
3450 155
3451 153
3452 181
3453 192
3454 314
3455 183
3456 202
3457 176
3458 217
3459 154
3460 163
3461 149
3462 171
3463 228
3464 175
3465 119
3466 204
3467 202
3468 197
3469 179
3470 169
3471 182
3472 157
3473 204
3474 163
3475 196
3476 181
3477 151
3478 187
3479 244
3480 213
3481 186
3482 174
3483 155
3484 169
3485 168
3486 154
3487 154
3488 212
3489 194
3490 248
3491 109
3492 244
3493 147
3494 191
3495 170
3496 202
3497 189
3498 136
3499 179
3500 165
3501 174
3502 200
3503 206
3504 212
3505 152
3506 199
3507 189
3508 180
3509 240
3510 210
3511 247
3512 233
3513 181
3514 145
3515 206
3516 159
3517 152
3518 233
3519 98
3520 175
3521 150
3522 171
3523 143
3524 175
3525 211
3526 185
3527 155
3528 191
3529 172
3530 310
3531 201
3532 148
3533 197
3534 163
3535 161
3536 188
3537 170
3538 179
3539 146
3540 244
3541 242
3542 183
3543 177
3544 204
3545 197
3546 203
3547 180
3548 147
3549 129
3550 137
3551 223
3552 220
3553 177
3554 205
3555 209
3556 168
3557 179
3558 197
3559 172
3560 197
3561 134
3562 139
3563 175
3564 154
3565 163
3566 225
3567 162
3568 159
3569 138
3570 198
3571 173
3572 163
3573 154
3574 174
3575 181
3576 183
3577 210
3578 166
3579 123
3580 131
3581 175
3582 176
3583 213
3584 133
3585 155
3586 104
3587 147
3588 182
3589 157
3590 204
3591 143
3592 197
3593 190
3594 202
3595 198
3596 160
3597 186
3598 200
3599 144
3600 161
3601 168
3602 176
3603 124
3604 209
3605 181
3606 116
3607 157
3608 235
3609 159
3610 174
3611 116
3612 173
3613 174
3614 174
3615 177
3616 170
3617 250
3618 206
3619 124
3620 168
3621 216
3622 186
3623 141
3624 199
3625 120
3626 115
3627 204
3628 154
3629 210
3630 198
3631 258
3632 152
3633 237
3634 245
3635 164
3636 199
3637 193
3638 98
3639 234
3640 203
3641 163
3642 293
3643 155
3644 129
3645 161
3646 107
3647 192
3648 232
3649 189
3650 131
3651 283
3652 179
3653 163
3654 123
3655 184
3656 182
3657 173
3658 177
3659 192
3660 262
3661 172
3662 140
3663 110
3664 176
3665 162
3666 142
3667 169
3668 140
3669 134
3670 171
3671 201
3672 198
3673 198
3674 165
3675 149
3676 204
3677 118
3678 168
3679 182
3680 162
3681 95
3682 194
3683 196
3684 220
3685 149
3686 179
3687 189
3688 201
3689 226
3690 206
3691 163
3692 175
3693 214
3694 207
3695 252
3696 185
3697 303
3698 173
3699 192
