Vertices: 6800
Edges: 34000
Time: 3,736 ms
Iterations: 33763
Vertex Distance
0 0
1 257
2 280
3 286
4 206
5 223
6 141
7 204
8 267
9 228
10 195
11 248
12 249
13 7
14 266
15 186
16 224
17 268
18 193
19 295
20 270
21 278
22 313
23 237
24 263
25 213
26 234
27 268
28 224
29 263
30 265
31 270
32 280
33 251
34 245
35 267
36 271
37 289
38 254
39 215
40 261
41 248
42 267
43 223
44 227
45 296
46 261
47 282
48 233
49 232
50 219
51 256
52 235
53 236
54 260
55 217
56 260
57 285
58 193
59 284
60 252
61 215
62 220
63 233
64 231
65 196
66 260
67 253
68 237
69 230
70 189
71 287
72 276
73 201
74 204
75 246
76 199
77 245
78 217
79 299
80 220
81 264
82 236
83 223
84 253
85 218
86 247
87 288
88 269
89 252
90 227
91 409
92 249
93 236
94 276
95 232
96 257
97 264
98 245
99 208
100 267
101 296
102 206
103 324
104 299
105 257
106 228
107 224
108 285
109 237
110 112
111 230
112 214
113 251
114 273
115 230
116 304
117 250
118 260
119 269
120 251
121 177
122 234
123 276
124 262
125 241
126 268
127 279
128 197
129 269
130 222
131 169
132 241
133 260
134 241
135 236
136 302
137 213
138 202
139 271
140 237
141 190
142 289
143 283
144 237
145 278
146 185
147 194
148 270
149 284
150 245
151 242
152 127
153 242
154 256
155 310
156 273
157 245
158 280
159 257
160 237
161 194
162 418
163 241
164 162
165 234
166 235
167 293
168 176
169 254
170 234
171 271
172 245
173 249
174 225
175 267
176 245
177 265
178 110
179 256
180 268
181 267
182 261
183 225
184 221
185 179
186 203
187 207
188 315
189 293
190 253
191 237
192 278
193 250
194 202
195 235
196 269
197 262
198 130
199 245
200 292
201 233
202 292
203 224
204 346
205 283
206 218
207 261
208 246
209 208
210 290
211 276
212 258
213 231
214 236
215 163
216 191
217 266
218 220
219 205
220 215
221 217
222 267
223 256
224 268
225 261
226 199
227 260
228 296
229 266
230 241
231 258
232 295
233 245
234 206
235 228
236 266
237 262
238 212
239 248
240 257
241 166
242 192
243 246
244 246
245 246
246 283
247 285
248 213
249 184
250 279
251 336
252 220
253 274
254 237
255 218
256 200
257 275
258 241
259 217
260 220
261 278
262 240
263 250
264 266
265 298
266 244
267 207
268 209
269 217
270 297
271 272
272 235
273 244
274 235
275 246
276 236
277 266
278 307
279 252
280 254
281 213
282 206
283 189
284 251
285 163
286 246
287 222
288 228
289 262
290 346
291 255
292 225
293 235
294 246
295 237
296 309
297 277
298 247
299 227
300 245
301 252
302 244
303 240
304 240
305 213
306 250
307 254
308 223
309 237
310 245
311 263
312 218
313 249
314 211
315 324
316 215
317 258
318 206
319 244
320 262
321 258
322 251
323 237
324 265
325 243
326 260
327 258
328 276
329 260
330 160
331 186
332 260
333 317
334 259
335 274
336 310
337 244
338 192
339 261
340 283
341 228
342 254
343 246
344 238
345 204
346 323
347 315
348 296
349 192
350 231
351 269
352 229
353 224
354 271
355 190
356 240
357 253
358 230
359 248
360 242
361 287
362 235
363 237
364 227
365 318
366 279
367 284
368 0
369 256
370 261
371 198
372 228
373 273
374 233
375 270
376 210
377 251
378 95
379 285
380 268
381 234
382 281
383 276
384 259
385 170
386 142
387 224
388 201
389 245
390 223
391 298
392 250
393 239
394 279
395 280
396 268
397 205
398 248
399 245
400 212
401 272
402 271
403 271
404 247
405 331
406 219
407 165
408 249
409 256
410 233
411 270
412 219
413 252
414 277
415 230
416 201
417 286
418 206
419 225
420 252
421 235
422 257
423 330
424 249
425 275
426 244
427 209
428 198
429 178
430 316
431 190
432 260
433 225
434 309
435 229
436 253
437 269
438 281
439 278
440 184
441 276
442 209
443 181
444 290
445 239
446 238
447 250
448 185
449 244
450 208
451 250
452 259
453 169
454 249
455 267
456 173
457 274
458 270
459 209
460 182
461 284
462 246
463 240
464 263
465 305
466 232
467 199
468 218
469 271
470 273
471 306
472 221
473 258
474 273
475 243
476 204
477 238
478 276
479 158
480 201
481 189
482 315
483 240
484 251
485 226
486 276
487 234
488 170
489 236
490 244
491 284
492 176
493 226
494 260
495 250
496 221
497 261
498 244
499 330
500 246
501 220
502 242
503 241
504 227
505 232
506 265
507 247
508 211
509 235
510 295
511 240
512 240
513 292
514 254
515 234
516 224
517 260
518 257
519 245
520 252
521 253
522 229
523 323
524 276
525 262
526 220
527 249
528 234
529 257
530 272
531 242
532 268
533 241
534 233
535 246
536 245
537 177
538 239
539 245
540 244
541 240
542 262
543 218
544 245
545 251
546 240
547 262
548 266
549 256
550 273
551 236
552 207
553 177
554 253
555 295
556 235
557 240
558 228
559 228
560 183
561 188
562 226
563 275
564 250
565 211
566 287
567 285
568 267
569 226
570 225
571 198
572 250
573 293
574 229
575 274
576 326
577 256
578 195
579 187
580 261
581 256
582 0
583 258
584 263
585 412
586 319
587 228
588 219
589 272
590 259
591 270
592 314
593 310
594 256
595 234
596 223
597 182
598 295
599 271
600 236
601 229
602 249
603 215
604 263
605 249
606 309
607 244
608 272
609 271
610 237
611 259
612 265
613 276
614 235
615 207
616 246
617 167
618 215
619 251
620 261
621 189
622 250
623 238
624 235
625 204
626 254
627 255
628 267
629 235
630 254
631 279
632 225
633 203
634 234
635 183
636 212
637 206
638 233
639 308
640 265
641 228
642 228
643 271
644 229
645 240
646 227
647 240
648 255
649 261
650 200
651 261
652 240
653 201
654 286
655 207
656 252
657 249
658 208
659 203
660 239
661 233
662 224
663 144
664 292
665 278
666 190
667 258
668 239
669 208
670 269
671 221
672 310
673 285
674 271
675 256
676 212
677 269
678 212
679 285
680 234
681 301
682 265
683 242
684 260
685 196
686 255
687 171
688 276
689 178
690 272
691 222
692 231
693 316
694 263
695 253
696 203
697 272
698 255
699 212
700 264
701 213
702 238
703 222
704 205
705 225
706 230
707 224
708 273
709 280
710 237
711 264
712 242
713 253
714 295
715 230
716 206
717 253
718 264
719 0
720 250
721 224
722 281
723 333
724 253
725 246
726 242
727 218
728 295
729 290
730 323
731 207
732 219
733 232
734 295
735 239
736 242
737 257
738 259
739 219
740 263
741 259
742 273
743 249
744 329
745 263
746 222
747 270
748 245
749 272
750 250
751 199
752 213
753 242
754 223
755 264
756 240
757 277
758 289
759 272
760 266
761 287
762 246
763 229
764 193
765 242
766 281
767 211
768 240
769 201
770 214
771 252
772 287
773 239
774 165
775 214
776 333
777 257
778 271
779 222
780 233
781 264
782 296
783 245
784 280
785 263
786 248
787 262
788 239
789 288
790 257
791 184
792 270
793 312
794 231
795 230
796 152
797 250
798 231
799 253
800 237
801 251
802 227
803 240
804 236
805 239
806 257
807 249
808 249
809 275
810 221
811 239
812 237
813 272
814 296
815 239
816 267
817 261
818 221
819 285
820 254
821 256
822 327
823 246
824 251
825 230
826 220
827 220
828 229
829 219
830 270
831 331
832 310
833 219
834 246
835 247
836 153
837 213
838 228
839 220
840 238
841 227
842 198
843 248
844 267
845 280
846 245
847 240
848 267
849 248
850 261
851 235
852 252
853 239
854 241
855 225
856 260
857 162
858 223
859 154
860 203
861 250
862 224
863 238
864 296
865 203
866 207
867 213
868 249
869 228
870 268
871 212
872 253
873 219
874 304
875 224
876 258
877 231
878 274
879 261
880 261
881 266
882 221
883 195
884 227
885 330
886 247
887 260
888 270
889 250
890 275
891 265
892 253
893 272
894 222
895 273
896 290
897 172
898 264
899 218
900 250
901 207
902 270
903 236
904 199
905 278
906 0
907 232
908 227
909 240
910 250
911 274
912 257
913 206
914 256
915 114
916 247
917 193
918 90
919 262
920 200
921 263
922 233
923 273
924 280
925 199
926 285
927 351
928 202
929 230
930 266
931 221
932 203
933 239
934 240
935 252
936 209
937 273
938 236
939 260
940 267
941 204
942 214
943 248
944 213
945 245
946 330
947 243
948 236
949 252
950 234
951 274
952 299
953 195
954 352
955 248
956 287
957 239
958 233
959 291
960 233
961 213
962 215
963 272
964 214
965 199
966 258
967 261
968 189
969 185
970 271
971 223
972 289
973 276
974 266
975 229
976 283
977 243
978 245
979 240
980 271
981 247
982 261
983 300
984 288
985 249
986 198
987 247
988 231
989 252
990 267
991 169
992 248
993 243
994 295
995 222
996 271
997 210
998 214
999 202
1000 221
1001 234
1002 260
1003 259
1004 207
1005 231
1006 264
1007 253
1008 335
1009 255
1010 235
1011 222
1012 224
1013 335
1014 230
1015 290
1016 319
1017 274
1018 285
1019 262
1020 232
1021 291
1022 219
1023 238
1024 277
1025 222
1026 170
1027 206
1028 272
1029 282
1030 210
1031 266
1032 228
1033 272
1034 0
1035 270
1036 246
1037 226
1038 222
1039 235
1040 217
1041 249
1042 228
1043 238
1044 245
1045 255
1046 275
1047 236
1048 227
1049 222
1050 177
1051 274
1052 310
1053 240
1054 265
1055 236
1056 225
1057 247
1058 211
1059 239
1060 239
1061 223
1062 275
1063 288
1064 251
1065 380
1066 261
1067 291
1068 0
1069 245
1070 208
1071 0
1072 246
1073 209
1074 280
1075 218
1076 256
1077 254
1078 176
1079 240
1080 216
1081 242
1082 215
1083 234
1084 297
1085 267
1086 232
1087 276
1088 249
1089 296
1090 247
1091 268
1092 264
1093 223
1094 263
1095 260
1096 207
1097 261
1098 248
1099 291
1100 290
1101 226
1102 263
1103 279
1104 255
1105 279
1106 213
1107 262
1108 223
1109 237
1110 287
1111 235
1112 187
1113 229
1114 213
1115 277
1116 291
1117 317
1118 137
1119 190
1120 184
1121 207
1122 234
1123 241
1124 209
1125 276
1126 268
1127 197
1128 227
1129 267
1130 336
1131 245
1132 235
1133 236
1134 247
1135 166
1136 251
1137 235
1138 245
1139 277
1140 284
1141 215
1142 226
1143 198
1144 235
1145 239
1146 260
1147 255
1148 273
1149 267
1150 270
1151 236
1152 168
1153 196
1154 251
1155 143
1156 251
1157 222
1158 254
1159 241
1160 227
1161 264
1162 221
1163 283
1164 238
1165 219
1166 251
1167 287
1168 299
1169 221
1170 266
1171 214
1172 224
1173 291
1174 282
1175 233
1176 260
1177 217
1178 266
1179 223
1180 208
1181 200
1182 242
1183 215
1184 223
1185 222
1186 277
1187 166
1188 225
1189 297
1190 288
1191 255
1192 210
1193 268
1194 240
1195 266
1196 224
1197 274
1198 265
1199 296
1200 244
1201 227
1202 254
1203 270
1204 255
1205 258
1206 250
1207 226
1208 236
1209 269
1210 255
1211 235
1212 251
1213 243
1214 236
1215 184
1216 236
1217 255
1218 197
1219 298
1220 336
1221 190
1222 211
1223 243
1224 170
1225 143
1226 217
1227 305
1228 294
1229 217
1230 224
1231 264
1232 218
1233 284
1234 246
1235 247
1236 213
1237 222
1238 229
1239 315
1240 255
1241 293
1242 257
1243 275
1244 241
1245 288
1246 291
1247 246
1248 228
1249 282
1250 268
1251 241
1252 211
1253 232
1254 262
1255 243
1256 244
1257 227
1258 229
1259 323
1260 251
1261 293
1262 221
1263 263
1264 203
1265 216
1266 302
1267 261
1268 246
1269 233
1270 267
1271 231
1272 188
1273 289
1274 250
1275 201
1276 225
1277 236
1278 228
1279 244
1280 260
1281 255
1282 157
1283 256
1284 277
1285 286
1286 232
1287 247
1288 230
1289 231
1290 266
1291 233
1292 243
1293 249
1294 235
1295 243
1296 230
1297 286
1298 184
1299 296
1300 165
1301 212
1302 209
1303 309
1304 281
1305 257
1306 266
1307 263
1308 137
1309 235
1310 258
1311 234
1312 233
1313 239
1314 245
1315 217
1316 234
1317 247
1318 226
1319 408
1320 245
1321 260
1322 269
1323 234
1324 267
1325 234
1326 190
1327 246
1328 216
1329 219
1330 0
1331 274
1332 265
1333 236
1334 268
1335 270
1336 276
1337 242
1338 268
1339 163
1340 205
1341 288
1342 230
1343 314
1344 214
1345 221
1346 154
1347 269
1348 151
1349 247
1350 243
1351 280
1352 216
1353 276
1354 291
1355 230
1356 145
1357 222
1358 0
1359 242
1360 237
1361 258
1362 293
1363 202
1364 273
1365 226
1366 336
1367 227
1368 233
1369 229
1370 221
1371 282
1372 241
1373 302
1374 279
1375 237
1376 220
1377 212
1378 306
1379 226
1380 245
1381 250
1382 259
1383 261
1384 218
1385 237
1386 241
1387 220
1388 282
1389 311
1390 262
1391 207
1392 251
1393 216
1394 203
1395 271
1396 174
1397 258
1398 234
1399 257
1400 245
1401 265
1402 201
1403 258
1404 211
1405 242
1406 233
1407 232
1408 256
1409 213
1410 168
1411 294
1412 225
1413 257
1414 261
1415 244
1416 220
1417 227
1418 259
1419 258
1420 271
1421 199
1422 224
1423 240
1424 180
1425 289
1426 285
1427 237
1428 219
1429 223
1430 242
1431 226
1432 318
1433 274
1434 195
1435 254
1436 0
1437 227
1438 260
1439 177
1440 256
1441 165
1442 238
1443 231
1444 300
1445 235
1446 276
1447 256
1448 205
1449 288
1450 236
1451 244
1452 314
1453 221
1454 275
1455 208
1456 237
1457 245
1458 198
1459 217
1460 325
1461 300
1462 239
1463 206
1464 127
1465 289
1466 169
1467 221
1468 249
1469 220
1470 259
1471 256
1472 240
1473 216
1474 201
1475 231
1476 274
1477 239
1478 290
1479 202
1480 216
1481 233
1482 240
1483 289
1484 218
1485 235
1486 267
1487 243
1488 247
1489 200
1490 269
1491 321
1492 220
1493 263
1494 221
1495 280
1496 264
1497 306
1498 245
1499 234
1500 244
1501 218
1502 268
1503 272
1504 252
1505 216
1506 223
1507 251
1508 279
1509 217
1510 248
1511 214
1512 240
1513 251
1514 298
1515 272
1516 322
1517 180
1518 224
1519 253
1520 242
1521 279
1522 268
1523 248
1524 244
1525 207
1526 250
1527 233
1528 274
1529 290
1530 237
1531 233
1532 208
1533 254
1534 216
1535 298
1536 239
1537 203
1538 272
1539 248
1540 181
1541 218
1542 212
1543 169
1544 233
1545 281
1546 221
1547 168
1548 172
1549 224
1550 257
1551 269
1552 224
1553 337
1554 155
1555 223
1556 245
1557 243
1558 250
1559 259
1560 341
1561 227
1562 243
1563 205
1564 243
1565 228
1566 194
1567 179
1568 229
1569 268
1570 185
1571 268
1572 242
1573 226
1574 230
1575 290
1576 0
1577 288
1578 234
1579 225
1580 265
1581 294
1582 214
1583 273
1584 243
1585 213
1586 223
1587 260
1588 233
1589 268
1590 317
1591 248
1592 260
1593 242
1594 337
1595 216
1596 288
1597 207
1598 216
1599 201
1600 234
1601 256
1602 304
1603 296
1604 268
1605 238
1606 273
1607 246
1608 301
1609 229
1610 310
1611 217
1612 231
1613 167
1614 273
1615 230
1616 245
1617 234
1618 287
1619 193
1620 254
1621 273
1622 243
1623 190
1624 353
1625 271
1626 227
1627 248
1628 274
1629 243
1630 276
1631 255
1632 287
1633 270
1634 254
1635 233
1636 179
1637 276
1638 280
1639 230
1640 227
1641 282
1642 277
1643 275
1644 234
1645 284
1646 256
1647 210
1648 211
1649 233
1650 234
1651 250
1652 266
1653 249
1654 234
1655 253
1656 316
1657 231
1658 259
1659 346
1660 218
1661 211
1662 218
1663 262
1664 223
1665 198
1666 234
1667 263
1668 251
1669 236
1670 251
1671 253
1672 248
1673 264
1674 258
1675 282
1676 243
1677 220
1678 244
1679 270
1680 295
1681 317
1682 270
1683 241
1684 256
1685 295
1686 282
1687 262
1688 284
1689 267
1690 335
1691 261
1692 264
1693 338
1694 254
1695 245
1696 252
1697 251
1698 329
1699 261
1700 287
1701 290
1702 237
1703 278
1704 300
1705 261
1706 310
1707 256
1708 275
1709 239
1710 239
1711 239
1712 221
1713 245
1714 260
1715 287
1716 280
1717 282
1718 187
1719 239
1720 222
1721 320
1722 211
1723 262
1724 256
1725 308
1726 218
1727 281
1728 243
1729 187
1730 298
1731 248
1732 177
1733 239
1734 199
1735 98
1736 218
1737 263
1738 225
1739 0
1740 297
1741 250
1742 300
1743 306
1744 288
1745 267
1746 0
1747 255
1748 368
1749 186
1750 234
1751 232
1752 238
1753 276
1754 229
1755 220
1756 233
1757 223
1758 214
1759 275
1760 228
1761 227
1762 181
1763 221
1764 314
1765 124
1766 328
1767 258
1768 254
1769 287
1770 299
1771 216
1772 239
1773 178
1774 262
1775 255
1776 309
1777 260
1778 229
1779 287
1780 314
1781 255
1782 256
1783 247
1784 328
1785 240
1786 230
1787 239
1788 245
1789 198
1790 208
1791 245
1792 190
1793 279
1794 209
1795 247
1796 229
1797 0
1798 218
1799 235
1800 211
1801 279
1802 249
1803 200
1804 196
1805 287
1806 189
1807 275
1808 224
1809 247
1810 255
1811 241
1812 283
1813 259
1814 254
1815 225
1816 211
1817 240
1818 229
1819 253
1820 237
1821 241
1822 0
1823 175
1824 272
1825 296
1826 189
1827 256
1828 264
1829 239
1830 201
1831 310
1832 266
1833 223
1834 252
1835 287
1836 291
1837 143
1838 267
1839 252
1840 251
1841 230
1842 240
1843 244
1844 251
1845 156
1846 255
1847 204
1848 276
1849 232
1850 283
1851 288
1852 157
1853 241
1854 186
1855 248
1856 236
1857 234
1858 249
1859 267
1860 269
1861 155
1862 266
1863 225
1864 231
1865 243
1866 193
1867 235
1868 234
1869 251
1870 280
1871 279
1872 246
1873 316
1874 249
1875 257
1876 250
1877 258
1878 242
1879 203
1880 157
1881 317
1882 233
1883 174
1884 203
1885 285
1886 278
1887 193
1888 260
1889 241
1890 228
1891 254
1892 282
1893 180
1894 236
1895 246
1896 188
1897 267
1898 245
1899 211
1900 269
1901 231
1902 215
1903 179
1904 276
1905 245
1906 191
1907 228
1908 231
1909 385
1910 235
1911 264
1912 212
1913 263
1914 234
1915 236
1916 278
1917 310
1918 290
1919 235
1920 241
1921 201
1922 252
1923 290
1924 280
1925 213
1926 217
1927 222
1928 265
1929 281
1930 263
1931 289
1932 271
1933 208
1934 277
1935 269
1936 180
1937 299
1938 214
1939 284
1940 220
1941 241
1942 235
1943 198
1944 261
1945 158
1946 214
1947 244
1948 234
1949 202
1950 187
1951 251
1952 264
1953 269
1954 252
1955 193
1956 242
1957 212
1958 273
1959 229
1960 238
1961 171
1962 200
1963 270
1964 235
1965 211
1966 205
1967 273
1968 285
1969 259
1970 320
1971 330
1972 217
1973 188
1974 244
1975 271
1976 212
1977 233
1978 259
1979 290
1980 229
1981 232
1982 264
1983 251
1984 225
1985 222
1986 286
1987 0
1988 267
1989 183
1990 220
1991 218
1992 262
1993 286
1994 269
1995 239
1996 295
1997 298
1998 211
1999 189
2000 259
2001 259
2002 254
2003 258
2004 283
2005 182
2006 247
2007 256
2008 294
2009 261
2010 230
2011 256
2012 242
2013 247
2014 284
2015 251
2016 255
2017 266
2018 202
2019 288
2020 154
2021 292
2022 242
2023 345
2024 272
2025 236
2026 262
2027 233
2028 259
2029 248
2030 197
2031 233
2032 251
2033 220
2034 180
2035 292
2036 227
2037 245
2038 265
2039 248
2040 279
2041 259
2042 269
2043 271
2044 261
2045 316
2046 265
2047 286
2048 231
2049 348
2050 173
2051 238
2052 198
2053 255
2054 265
2055 158
2056 222
2057 234
2058 243
2059 258
2060 290
2061 263
2062 265
2063 184
2064 207
2065 275
2066 145
2067 225
2068 414
2069 255
2070 311
2071 232
2072 237
2073 187
2074 387
2075 233
2076 209
2077 223
2078 253
2079 264
2080 181
2081 277
2082 229
2083 201
2084 228
2085 263
2086 271
2087 272
2088 198
2089 237
2090 117
2091 166
2092 209
2093 265
2094 244
2095 245
2096 216
2097 208
2098 237
2099 222
2100 250
2101 245
2102 270
2103 246
2104 189
2105 221
2106 256
2107 192
2108 240
2109 296
2110 228
2111 241
2112 256
2113 178
2114 305
2115 0
2116 263
2117 256
2118 237
2119 241
2120 219
2121 221
2122 230
2123 232
2124 272
2125 242
2126 258
2127 240
2128 221
2129 255
2130 261
2131 277
2132 250
2133 261
2134 253
2135 243
2136 268
2137 267
2138 213
2139 280
2140 273
2141 243
2142 243
2143 245
2144 297
2145 243
2146 245
2147 252
2148 195
2149 298
2150 365
2151 271
2152 200
2153 226
2154 244
2155 212
2156 319
2157 217
2158 281
2159 301
2160 335
2161 271
2162 278
2163 249
2164 206
2165 197
2166 173
2167 241
2168 246
2169 184
2170 253
2171 226
2172 220
2173 236
2174 264
2175 251
2176 215
2177 177
2178 313
2179 253
2180 245
2181 262
2182 266
2183 290
2184 299
2185 321
2186 251
2187 176
2188 228
2189 255
2190 257
2191 287
2192 282
2193 253
2194 244
2195 243
2196 135
2197 260
2198 228
2199 234
2200 239
2201 261
2202 186
2203 0
2204 270
2205 198
2206 326
2207 233
2208 231
2209 178
2210 312
2211 221
2212 280
2213 185
2214 260
2215 277
2216 234
2217 207
2218 222
2219 213
2220 271
2221 241
2222 247
2223 337
2224 233
2225 270
2226 249
2227 302
2228 301
2229 277
2230 280
2231 240
2232 312
2233 235
2234 196
2235 267
2236 184
2237 176
2238 285
2239 282
2240 258
2241 171
2242 211
2243 268
2244 204
2245 262
2246 266
2247 268
2248 213
2249 180
2250 263
2251 263
2252 207
2253 221
2254 265
2255 245
2256 251
2257 200
2258 235
2259 233
2260 248
2261 254
2262 268
2263 228
2264 267
2265 261
2266 185
2267 194
2268 174
2269 184
2270 240
2271 329
2272 216
2273 238
2274 126
2275 192
2276 236
2277 247
2278 242
2279 220
2280 279
2281 207
2282 281
2283 249
2284 258
2285 199
2286 198
2287 325
2288 263
2289 237
2290 253
2291 217
2292 228
2293 252
2294 204
2295 315
2296 215
2297 282
2298 258
2299 262
2300 217
2301 220
2302 301
2303 246
2304 211
2305 239
2306 240
2307 272
2308 212
2309 227
2310 255
2311 167
2312 232
2313 313
2314 207
2315 226
2316 247
2317 235
2318 233
2319 272
2320 245
2321 204
2322 220
2323 286
2324 226
2325 254
2326 282
2327 258
2328 257
2329 245
2330 270
2331 231
2332 227
2333 285
2334 220
2335 248
2336 304
2337 282
2338 220
2339 187
2340 203
2341 289
2342 302
2343 122
2344 251
2345 189
2346 243
2347 252
2348 243
2349 205
2350 212
2351 294
2352 266
2353 277
2354 236
2355 314
2356 220
2357 365
2358 234
2359 232
2360 253
2361 201
2362 245
2363 312
2364 249
2365 226
2366 277
2367 282
2368 255
2369 305
2370 347
2371 245
2372 288
2373 261
2374 225
2375 252
2376 290
2377 229
2378 276
2379 181
2380 239
2381 141
2382 288
2383 247
2384 299
2385 233
2386 294
2387 249
2388 228
2389 213
2390 237
2391 201
2392 244
2393 285
2394 265
2395 225
2396 303
2397 178
2398 323
2399 270
2400 340
2401 228
2402 211
2403 237
2404 243
2405 214
2406 254
2407 275
2408 221
2409 250
2410 228
2411 235
2412 289
2413 297
2414 138
2415 285
2416 278
2417 275
2418 326
2419 281
2420 255
2421 266
2422 175
2423 209
2424 119
2425 230
2426 197
2427 216
2428 0
2429 194
2430 253
2431 269
2432 234
2433 220
2434 262
2435 237
2436 230
2437 280
2438 245
2439 179
2440 302
2441 218
2442 264
2443 234
2444 184
2445 224
2446 262
2447 285
2448 231
2449 247
2450 267
2451 253
2452 207
2453 193
2454 260
2455 291
2456 181
2457 225
2458 266
2459 289
2460 269
2461 258
2462 226
2463 0
2464 296
2465 258
2466 243
2467 258
2468 240
2469 240
2470 233
2471 256
2472 305
2473 261
2474 221
2475 235
2476 220
2477 243
2478 232
2479 260
2480 227
2481 240
2482 211
2483 226
2484 267
2485 294
2486 223
2487 262
2488 252
2489 213
2490 245
2491 251
2492 211
2493 204
2494 319
2495 239
2496 199
2497 237
2498 259
2499 270
2500 252
2501 373
2502 251
2503 246
2504 230
2505 186
2506 229
2507 213
2508 209
2509 276
2510 264
2511 294
2512 263
2513 242
2514 262
2515 269
2516 209
2517 282
2518 277
2519 258
2520 185
2521 253
2522 238
2523 287
2524 186
2525 248
2526 184
2527 255
2528 258
2529 202
2530 260
2531 163
2532 226
2533 199
2534 211
2535 255
2536 230
2537 257
2538 213
2539 208
2540 216
2541 291
2542 197
2543 239
2544 271
2545 289
2546 271
2547 247
2548 260
2549 247
2550 138
2551 215
2552 286
2553 286
2554 331
2555 315
2556 216
2557 244
2558 231
2559 214
2560 366
2561 258
2562 211
2563 232
2564 207
2565 212
2566 238
2567 230
2568 210
2569 246
2570 225
2571 230
2572 236
2573 282
2574 228
2575 209
2576 260
2577 263
2578 298
2579 230
2580 247
2581 231
2582 246
2583 195
2584 209
2585 252
2586 308
2587 276
2588 137
2589 272
2590 221
2591 154
2592 268
2593 220
2594 258
2595 317
2596 267
2597 288
2598 276
2599 314
2600 265
2601 244
2602 246
2603 240
2604 297
2605 246
2606 195
2607 189
2608 251
2609 257
2610 250
2611 255
2612 350
2613 231
2614 267
2615 197
2616 281
2617 274
2618 353
2619 216
2620 220
2621 299
2622 170
2623 228
2624 287
2625 312
2626 249
2627 246
2628 249
2629 278
2630 277
2631 289
2632 247
2633 246
2634 231
2635 262
2636 184
2637 181
2638 199
2639 204
2640 268
2641 247
2642 256
2643 261
2644 235
2645 299
2646 221
2647 211
2648 196
2649 204
2650 218
2651 242
2652 238
2653 206
2654 277
2655 220
2656 261
2657 242
2658 259
2659 246
2660 304
2661 293
2662 252
2663 249
2664 241
2665 257
2666 228
2667 197
2668 261
2669 271
2670 259
2671 297
2672 282
2673 228
2674 258
2675 238
2676 239
2677 242
2678 193
2679 217
2680 241
2681 248
2682 220
2683 263
2684 255
2685 206
2686 261
2687 241
2688 232
2689 255
2690 207
2691 287
2692 259
2693 256
2694 227
2695 205
2696 314
2697 260
2698 250
2699 207
2700 266
2701 264
2702 245
2703 231
2704 246
2705 243
2706 246
2707 233
2708 261
2709 240
2710 249
2711 251
2712 258
2713 223
2714 232
2715 206
2716 219
2717 269
2718 281
2719 223
2720 217
2721 233
2722 251
2723 306
2724 172
2725 243
2726 245
2727 178
2728 244
2729 253
2730 247
2731 188
2732 278
2733 170
2734 227
2735 285
2736 263
2737 224
2738 276
2739 253
2740 211
2741 265
2742 284
2743 263
2744 226
2745 241
2746 214
2747 238
2748 250
2749 279
2750 279
2751 208
2752 283
2753 291
2754 258
2755 294
2756 262
2757 262
2758 259
2759 252
2760 278
2761 202
2762 253
2763 238
2764 282
2765 290
2766 244
2767 285
2768 230
2769 263
2770 195
2771 290
2772 312
2773 236
2774 254
2775 254
2776 274
2777 279
2778 199
2779 244
2780 273
2781 224
2782 298
2783 261
2784 276
2785 311
2786 212
2787 262
2788 243
2789 245
2790 193
2791 174
2792 218
2793 224
2794 279
2795 174
2796 218
2797 240
2798 235
2799 258
2800 239
2801 206
2802 212
2803 244
2804 252
2805 306
2806 249
2807 248
2808 303
2809 248
2810 231
2811 351
2812 264
2813 219
2814 245
2815 167
2816 212
2817 223
2818 231
2819 253
2820 293
2821 251
2822 199
2823 260
2824 222
2825 243
2826 231
2827 229
2828 263
2829 321
2830 262
2831 246
2832 302
2833 230
2834 226
2835 228
2836 212
2837 231
2838 235
2839 296
2840 279
2841 283
2842 249
2843 236
2844 265
2845 265
2846 251
2847 261
2848 238
2849 238
2850 166
2851 248
2852 269
2853 205
2854 220
2855 224
2856 248
2857 242
2858 264
2859 339
2860 303
2861 261
2862 244
2863 228
2864 220
2865 271
2866 254
2867 256
2868 253
2869 259
2870 228
2871 243
2872 229
2873 241
2874 295
2875 262
2876 295
2877 220
2878 253
2879 263
2880 231
2881 264
2882 224
2883 266
2884 419
2885 328
2886 239
2887 271
2888 230
2889 311
2890 256
2891 278
2892 259
2893 244
2894 269
2895 246
2896 271
2897 236
2898 268
2899 302
2900 253
2901 228
2902 252
2903 247
2904 273
2905 240
2906 179
2907 266
2908 252
2909 254
2910 304
2911 268
2912 257
2913 247
2914 216
2915 241
2916 234
2917 290
2918 263
2919 240
2920 182
2921 227
2922 228
2923 239
2924 307
2925 297
2926 304
2927 263
2928 215
2929 226
2930 286
2931 231
2932 240
2933 293
2934 243
2935 226
2936 287
2937 255
2938 252
2939 238
2940 246
2941 304
2942 228
2943 251
2944 291
2945 193
2946 213
2947 211
2948 240
2949 242
2950 219
2951 170
2952 216
2953 189
2954 263
2955 277
2956 263
2957 236
2958 226
2959 270
2960 292
2961 303
2962 225
2963 343
2964 222
2965 254
2966 285
2967 375
2968 226
2969 229
2970 243
2971 247
2972 227
2973 140
2974 229
2975 229
2976 321
2977 216
2978 228
2979 243
2980 314
2981 273
2982 214
2983 177
2984 249
2985 298
2986 303
2987 279
2988 276
2989 259
2990 286
2991 262
2992 215
2993 211
2994 230
2995 251
2996 257
2997 238
2998 196
2999 227
3000 204
3001 232
3002 237
3003 231
3004 244
3005 222
3006 234
3007 228
3008 243
3009 287
3010 214
3011 290
3012 253
3013 226
3014 241
3015 200
3016 234
3017 219
3018 253
3019 227
3020 240
3021 286
3022 273
3023 275
3024 259
3025 236
3026 218
3027 232
3028 400
3029 223
3030 303
3031 264
3032 249
3033 292
3034 212
3035 275
3036 210
3037 241
3038 234
3039 306
3040 241
3041 259
3042 235
3043 206
3044 260
3045 191
3046 228
3047 228
3048 221
3049 262
3050 179
3051 0
3052 221
3053 257
3054 265
3055 273
3056 208
3057 237
3058 207
3059 221
3060 170
3061 278
3062 291
3063 246
3064 200
3065 254
3066 211
3067 150
3068 275
3069 231
3070 311
3071 222
3072 215
3073 260
3074 239
3075 268
3076 243
3077 238
3078 297
3079 239
3080 248
3081 305
3082 270
3083 247
3084 185
3085 244
3086 193
3087 226
3088 199
3089 239
3090 219
3091 258
3092 286
3093 251
3094 214
3095 269
3096 250
3097 215
3098 280
3099 250
3100 294
3101 247
3102 230
3103 183
3104 162
3105 305
3106 283
3107 242
3108 240
3109 286
3110 214
3111 213
3112 269
3113 229
3114 252
3115 230
3116 263
3117 216
3118 275
3119 276
3120 225
3121 276
3122 244
3123 225
3124 270
3125 316
3126 209
3127 246
3128 160
3129 281
3130 298
3131 249
3132 308
3133 227
3134 228
3135 271
3136 244
3137 342
3138 316
3139 293
3140 258
3141 239
3142 259
3143 276
3144 252
3145 201
3146 272
3147 246
3148 210
3149 245
3150 249
3151 329
3152 295
3153 277
3154 293
3155 277
3156 183
3157 203
3158 299
3159 285
3160 273
3161 217
3162 260
3163 0
3164 234
3165 199
3166 174
3167 252
3168 289
3169 282
3170 173
3171 192
3172 262
3173 247
3174 256
3175 296
3176 274
3177 248
3178 339
3179 238
3180 210
3181 323
3182 272
3183 215
3184 250
3185 223
3186 286
3187 294
3188 214
3189 232
3190 245
3191 260
3192 193
3193 172
3194 242
3195 221
3196 254
3197 196
3198 203
3199 223
3200 219
3201 180
3202 219
3203 249
3204 240
3205 265
3206 260
3207 318
3208 229
3209 281
3210 225
3211 263
3212 269
3213 227
3214 267
3215 150
3216 262
3217 260
3218 269
3219 292
3220 283
3221 202
3222 245
3223 231
3224 226
3225 231
3226 224
3227 244
3228 283
3229 246
3230 247
3231 238
3232 295
3233 241
3234 217
3235 252
3236 204
3237 232
3238 283
3239 262
3240 232
3241 277
3242 243
3243 253
3244 254
3245 262
3246 266
3247 256
3248 196
3249 223
3250 141
3251 206
3252 241
3253 208
3254 235
3255 219
3256 176
3257 257
3258 290
3259 226
3260 228
3261 230
3262 241
3263 224
3264 226
3265 280
3266 210
3267 254
3268 249
3269 198
3270 305
3271 260
3272 265
3273 215
3274 272
3275 248
3276 192
3277 246
3278 274
3279 220
3280 238
3281 295
3282 282
3283 176
3284 281
3285 300
3286 296
3287 233
3288 252
3289 197
3290 216
3291 299
3292 272
3293 319
3294 271
3295 274
3296 312
3297 312
3298 176
3299 228
3300 275
3301 233
3302 249
3303 352
3304 242
3305 250
3306 253
3307 259
3308 170
3309 241
3310 333
3311 262
3312 223
3313 216
3314 203
3315 193
3316 226
3317 295
3318 218
3319 199
3320 234
3321 201
3322 284
3323 274
3324 247
3325 235
3326 250
3327 207
3328 226
3329 331
3330 294
3331 246
3332 224
3333 305
3334 228
3335 238
3336 217
3337 296
3338 245
3339 215
3340 272
3341 258
3342 275
3343 233
3344 278
3345 240
3346 281
3347 278
3348 277
3349 240
3350 253
3351 269
3352 281
3353 275
3354 144
3355 214
3356 234
3357 250
3358 270
3359 227
3360 286
3361 204
3362 300
3363 246
3364 247
3365 237
3366 214
3367 277
3368 253
3369 203
3370 250
3371 246
3372 217
3373 284
3374 276
3375 256
3376 249
3377 233
3378 255
3379 177
3380 118
3381 253
3382 209
3383 241
3384 223
3385 201
3386 239
3387 381
3388 279
3389 226
3390 231
3391 268
3392 160
3393 268
3394 269
3395 276
3396 250
3397 257
3398 179
3399 279
3400 256
3401 201
3402 276
3403 234
3404 292
3405 230
3406 273
3407 234
3408 251
3409 219
3410 266
3411 211
3412 270
3413 173
3414 275
3415 267
3416 195
3417 266
3418 121
3419 317
3420 395
3421 243
3422 239
3423 296
3424 231
3425 241
3426 141
3427 230
3428 202
3429 253
3430 209
3431 233
3432 0
3433 321
3434 205
3435 301
3436 199
3437 229
3438 261
3439 269
3440 252
3441 247
3442 193
3443 223
3444 199
3445 246
3446 224
3447 255
3448 281
3449 264
3450 302
3451 214
3452 242
3453 215
3454 301
3455 242
3456 175
3457 233
3458 201
3459 267
3460 259
3461 256
3462 232
3463 246
3464 345
3465 199
3466 266
3467 196
3468 343
3469 258
3470 268
3471 221
3472 203
3473 215
3474 251
3475 251
3476 317
3477 242
3478 219
3479 256
3480 200
3481 277
3482 250
3483 233
3484 245
3485 218
3486 249
3487 257
3488 334
3489 264
3490 222
3491 279
3492 220
3493 251
3494 234
3495 254
3496 180
3497 260
3498 219
3499 256
3500 207
3501 317
3502 270
3503 251
3504 239
3505 262
3506 162
3507 210
3508 237
3509 295
3510 253
3511 225
3512 252
3513 300
3514 182
3515 249
3516 173
3517 193
3518 265
3519 212
3520 207
3521 262
3522 265
3523 387
3524 235
3525 266
3526 275
3527 233
3528 248
3529 281
3530 176
3531 241
3532 225
3533 226
3534 237
3535 265
3536 260
3537 327
3538 315
3539 277
3540 238
3541 226
3542 272
3543 172
3544 186
3545 217
3546 190
3547 205
3548 274
3549 162
3550 255
3551 232
3552 294
3553 268
3554 219
3555 253
3556 256
3557 251
3558 183
3559 200
3560 224
3561 244
3562 299
3563 249
3564 301
3565 263
3566 228
3567 237
3568 227
3569 292
3570 219
3571 250
3572 250
3573 266
3574 205
3575 209
3576 264
3577 174
3578 240
3579 248
3580 208
3581 259
3582 227
3583 278
3584 242
3585 395
3586 300
3587 294
3588 236
3589 259
3590 226
3591 276
3592 261
3593 237
3594 264
3595 253
3596 214
3597 182
3598 267
3599 159
3600 286
3601 356
3602 201
3603 251
3604 205
3605 267
3606 256
3607 224
3608 301
3609 249
3610 229
3611 319
3612 276
3613 229
3614 250
3615 249
3616 268
3617 282
3618 248
3619 251
3620 259
3621 247
3622 240
3623 232
3624 408
3625 232
3626 223
3627 269
3628 305
3629 254
3630 207
3631 222
3632 215
3633 258
3634 191
3635 276
3636 217
3637 202
3638 248
3639 246
3640 218
3641 231
3642 237
3643 201
3644 246
3645 227
3646 248
3647 191
3648 265
3649 224
3650 225
3651 232
3652 279
3653 338
3654 253
3655 204
3656 370
3657 209
3658 213
3659 235
3660 230
3661 275
3662 235
3663 259
3664 249
3665 270
3666 263
3667 238
3668 213
3669 138
3670 261
3671 292
3672 223
3673 246
3674 234
3675 256
3676 216
3677 279
3678 250
3679 226
3680 297
3681 259
3682 258
3683 236
3684 205
3685 270
3686 194
3687 261
3688 321
3689 244
3690 313
3691 234
3692 255
3693 186
3694 199
3695 267
3696 254
3697 272
3698 215
3699 171
3700 218
3701 251
3702 218
3703 174
3704 183
3705 255
3706 249
3707 213
3708 312
3709 215
3710 217
3711 237
3712 173
3713 223
3714 225
3715 266
3716 292
3717 252
3718 263
3719 245
3720 190
3721 323
3722 225
3723 221
3724 242
3725 234
3726 270
3727 398
3728 233
3729 253
3730 0
3731 220
3732 222
3733 228
3734 225
3735 240
3736 268
3737 269
3738 279
3739 271
3740 238
3741 229
3742 285
3743 204
3744 315
3745 199
3746 267
3747 202
3748 235
3749 229
3750 55
3751 204
3752 253
3753 200
3754 268
3755 275
3756 230
3757 172
3758 222
3759 204
3760 217
3761 243
3762 176
3763 261
3764 307
3765 263
3766 219
3767 284
3768 214
3769 227
3770 305
3771 224
3772 215
3773 170
3774 215
3775 242
3776 257
3777 264
3778 281
3779 297
3780 286
3781 232
3782 268
3783 217
3784 248
3785 291
3786 260
3787 270
3788 218
3789 258
3790 242
3791 264
3792 217
3793 246
3794 180
3795 246
3796 289
3797 178
3798 244
3799 260
3800 281
3801 255
3802 265
3803 236
3804 282
3805 270
3806 348
3807 259
3808 240
3809 294
3810 233
3811 241
3812 210
3813 262
3814 287
3815 243
3816 276
3817 261
3818 318
3819 274
3820 254
3821 223
3822 206
3823 292
3824 234
3825 190
3826 274
3827 284
3828 227
3829 272
3830 272
3831 268
3832 238
3833 204
3834 276
3835 218
3836 242
3837 266
3838 240
3839 243
3840 245
3841 208
3842 271
3843 280
3844 220
3845 230
3846 249
3847 275
3848 251
3849 250
3850 217
3851 97
3852 263
3853 220
3854 292
3855 209
3856 212
3857 286
3858 288
3859 304
3860 264
3861 255
3862 198
3863 224
3864 212
3865 154
3866 182
3867 174
3868 252
3869 271
3870 271
3871 225
3872 226
3873 247
3874 207
3875 216
3876 236
3877 255
3878 296
3879 276
3880 280
3881 306
3882 308
3883 246
3884 280
3885 274
3886 248
3887 322
3888 230
3889 275
3890 221
3891 306
3892 249
3893 288
3894 281
3895 237
3896 303
3897 331
3898 207
3899 187
3900 305
3901 112
3902 205
3903 265
3904 291
3905 247
3906 202
3907 243
3908 265
3909 260
3910 278
3911 253
3912 262
3913 218
3914 203
3915 284
3916 247
3917 252
3918 242
3919 236
3920 192
3921 205
3922 253
3923 280
3924 283
3925 197
3926 221
3927 199
3928 308
3929 216
3930 254
3931 0
3932 232
3933 370
3934 276
3935 175
3936 201
3937 166
3938 189
3939 302
3940 269
3941 235
3942 278
3943 223
3944 233
3945 222
3946 200
3947 336
3948 283
3949 284
3950 315
3951 295
3952 224
3953 220
3954 182
3955 218
3956 249
3957 260
3958 297
3959 215
3960 251
3961 231
3962 218
3963 285
3964 313
3965 261
3966 176
3967 251
3968 204
3969 160
3970 178
3971 314
3972 179
3973 247
3974 305
3975 281
3976 240
3977 202
3978 289
3979 285
3980 212
3981 233
3982 259
3983 250
3984 259
3985 270
3986 255
3987 248
3988 234
3989 175
3990 303
3991 260
3992 220
3993 257
3994 303
3995 251
3996 274
3997 224
3998 205
3999 290
4000 197
4001 218
4002 214
4003 268
4004 268
4005 236
4006 57
4007 313
4008 231
4009 172
4010 234
4011 185
4012 233
4013 259
4014 171
4015 217
4016 259
4017 218
4018 295
4019 180
4020 232
4021 235
4022 247
4023 324
4024 207
4025 253
4026 296
4027 205
4028 236
4029 248
4030 251
4031 284
4032 248
4033 202
4034 242
4035 219
4036 200
4037 194
4038 302
4039 234
4040 254
4041 329
4042 239
4043 239
4044 242
4045 174
4046 256
4047 236
4048 228
4049 213
4050 211
4051 193
4052 275
4053 190
4054 275
4055 273
4056 231
4057 306
4058 282
4059 242
4060 342
4061 220
4062 213
4063 230
4064 242
4065 202
4066 242
4067 248
4068 210
4069 250
4070 176
4071 234
4072 217
4073 249
4074 281
4075 282
4076 237
4077 262
4078 306
4079 248
4080 238
4081 248
4082 250
4083 216
4084 324
4085 256
4086 239
4087 254
4088 306
4089 220
4090 271
4091 249
4092 234
4093 199
4094 275
4095 245
4096 273
4097 247
4098 247
4099 249
4100 237
4101 287
4102 228
4103 274
4104 247
4105 230
4106 190
4107 226
4108 0
4109 270
4110 263
4111 304
4112 251
4113 249
4114 303
4115 259
4116 236
4117 239
4118 257
4119 255
4120 242
4121 186
4122 256
4123 208
4124 260
4125 238
4126 239
4127 305
4128 222
4129 221
4130 215
4131 228
4132 281
4133 268
4134 281
4135 255
4136 232
4137 262
4138 247
4139 174
4140 203
4141 191
4142 244
4143 215
4144 252
4145 244
4146 273
4147 256
4148 298
4149 250
4150 293
4151 210
4152 267
4153 252
4154 264
4155 250
4156 250
4157 226
4158 228
4159 261
4160 301
4161 228
4162 285
4163 222
4164 219
4165 234
4166 219
4167 208
4168 269
4169 230
4170 274
4171 235
4172 273
4173 221
4174 211
4175 267
4176 222
4177 312
4178 232
4179 196
4180 270
4181 235
4182 295
4183 233
4184 177
4185 276
4186 204
4187 303
4188 0
4189 243
4190 280
4191 251
4192 282
4193 187
4194 159
4195 282
4196 235
4197 251
4198 201
4199 275
4200 281
4201 247
4202 240
4203 245
4204 232
4205 298
4206 267
4207 218
4208 177
4209 271
4210 250
4211 239
4212 289
4213 204
4214 267
4215 201
4216 269
4217 281
4218 182
4219 255
4220 295
4221 236
4222 241
4223 232
4224 219
4225 268
4226 225
4227 176
4228 253
4229 282
4230 201
4231 196
4232 284
4233 321
4234 238
4235 207
4236 253
4237 224
4238 266
4239 194
4240 208
4241 240
4242 245
4243 171
4244 140
4245 268
4246 270
4247 224
4248 296
4249 153
4250 231
4251 237
4252 290
4253 291
4254 308
4255 260
4256 287
4257 241
4258 258
4259 273
4260 314
4261 304
4262 274
4263 303
4264 255
4265 186
4266 271
4267 208
4268 234
4269 254
4270 207
4271 189
4272 340
4273 177
4274 249
4275 293
4276 292
4277 216
4278 198
4279 174
4280 237
4281 255
4282 224
4283 231
4284 258
4285 248
4286 280
4287 253
4288 282
4289 266
4290 283
4291 210
4292 251
4293 187
4294 236
4295 263
4296 231
4297 235
4298 229
4299 248
4300 221
4301 256
4302 276
4303 323
4304 233
4305 263
4306 164
4307 250
4308 260
4309 334
4310 260
4311 234
4312 271
4313 250
4314 233
4315 264
4316 230
4317 216
4318 227
4319 320
4320 288
4321 251
4322 257
4323 204
4324 321
4325 249
4326 224
4327 226
4328 273
4329 182
4330 235
4331 233
4332 256
4333 330
4334 165
4335 247
4336 230
4337 277
4338 257
4339 263
4340 209
4341 244
4342 305
4343 276
4344 232
4345 231
4346 189
4347 220
4348 233
4349 255
4350 231
4351 279
4352 283
4353 228
4354 272
4355 285
4356 159
4357 278
4358 242
4359 238
4360 263
4361 257
4362 272
4363 303
4364 270
4365 235
4366 251
4367 293
4368 250
4369 238
4370 242
4371 250
4372 238
4373 252
4374 241
4375 204
4376 239
4377 216
4378 204
4379 265
4380 234
4381 248
4382 264
4383 238
4384 241
4385 262
4386 219
4387 255
4388 236
4389 180
4390 263
4391 195
4392 223
4393 280
4394 170
4395 247
4396 270
4397 176
4398 246
4399 220
4400 211
4401 289
4402 236
4403 197
4404 229
4405 283
4406 292
4407 250
4408 234
4409 270
4410 222
4411 281
4412 226
4413 291
4414 281
4415 239
4416 284
4417 182
4418 247
4419 196
4420 240
4421 217
4422 0
4423 246
4424 240
4425 247
4426 259
4427 218
4428 202
4429 253
4430 248
4431 224
4432 251
4433 252
4434 238
4435 234
4436 272
4437 215
4438 346
4439 279
4440 276
4441 189
4442 245
4443 218
4444 245
4445 206
4446 274
4447 213
4448 191
4449 279
4450 240
4451 74
4452 210
4453 223
4454 282
4455 240
4456 279
4457 256
4458 230
4459 232
4460 257
4461 281
4462 261
4463 264
4464 243
4465 249
4466 244
4467 268
4468 238
4469 219
4470 253
4471 280
4472 269
4473 231
4474 304
4475 252
4476 352
4477 244
4478 263
4479 244
4480 247
4481 198
4482 230
4483 302
4484 254
4485 257
4486 334
4487 164
4488 206
4489 229
4490 271
4491 282
4492 218
4493 209
4494 255
4495 238
4496 274
4497 288
4498 254
4499 286
4500 266
4501 267
4502 294
4503 240
4504 203
4505 294
4506 233
4507 178
4508 239
4509 233
4510 257
4511 249
4512 236
4513 219
4514 199
4515 183
4516 151
4517 247
4518 260
4519 214
4520 266
4521 304
4522 288
4523 260
4524 200
4525 248
4526 179
4527 254
4528 230
4529 270
4530 235
4531 284
4532 256
4533 271
4534 283
4535 261
4536 236
4537 233
4538 270
4539 220
4540 247
4541 247
4542 172
4543 158
4544 249
4545 230
4546 256
4547 257
4548 259
4549 179
4550 255
4551 258
4552 207
4553 216
4554 197
4555 233
4556 286
4557 254
4558 192
4559 239
4560 232
4561 152
4562 170
4563 250
4564 175
4565 165
4566 216
4567 254
4568 205
4569 234
4570 312
4571 258
4572 204
4573 231
4574 247
4575 192
4576 374
4577 350
4578 221
4579 273
4580 232
4581 269
4582 251
4583 218
4584 152
4585 191
4586 0
4587 219
4588 208
4589 275
4590 291
4591 240
4592 247
4593 207
4594 258
4595 193
4596 162
4597 242
4598 197
4599 259
4600 211
4601 244
4602 204
4603 262
4604 220
4605 296
4606 257
4607 316
4608 243
4609 248
4610 285
4611 258
4612 273
4613 248
4614 260
4615 242
4616 229
4617 278
4618 281
4619 226
4620 343
4621 252
4622 260
4623 237
4624 256
4625 231
4626 236
4627 231
4628 176
4629 318
4630 227
4631 212
4632 179
4633 284
4634 236
4635 204
4636 281
4637 176
4638 271
4639 205
4640 290
4641 256
4642 311
4643 247
4644 249
4645 219
4646 223
4647 220
4648 214
4649 273
4650 247
4651 163
4652 248
4653 236
4654 297
4655 308
4656 342
4657 228
4658 142
4659 208
4660 223
4661 312
4662 241
4663 312
4664 195
4665 209
4666 237
4667 224
4668 283
4669 313
4670 246
4671 173
4672 266
4673 258
4674 239
4675 286
4676 269
4677 249
4678 483
4679 262
4680 242
4681 270
4682 213
4683 203
4684 296
4685 234
4686 248
4687 224
4688 244
4689 224
4690 240
4691 208
4692 217
4693 265
4694 240
4695 116
4696 205
4697 222
4698 181
4699 247
4700 287
4701 248
4702 297
4703 298
4704 273
4705 205
4706 270
4707 292
4708 265
4709 274
4710 281
4711 294
4712 230
4713 264
4714 248
4715 199
4716 252
4717 265
4718 254
4719 303
4720 227
4721 233
4722 206
4723 218
4724 278
4725 269
4726 287
4727 237
4728 228
4729 226
4730 290
4731 229
4732 250
4733 287
4734 180
4735 242
4736 306
4737 263
4738 270
4739 210
4740 236
4741 208
4742 228
4743 261
4744 262
4745 251
4746 233
4747 258
4748 272
4749 153
4750 196
4751 276
4752 235
4753 276
4754 246
4755 220
4756 184
4757 271
4758 205
4759 256
4760 212
4761 185
4762 250
4763 220
4764 351
4765 330
4766 218
4767 242
4768 227
4769 267
4770 240
4771 256
4772 226
4773 247
4774 216
4775 183
4776 243
4777 254
4778 211
4779 200
4780 205
4781 271
4782 275
4783 173
4784 218
4785 301
4786 268
4787 260
4788 322
4789 272
4790 225
4791 227
4792 193
4793 247
4794 240
4795 285
4796 229
4797 251
4798 259
4799 199
4800 259
4801 235
4802 283
4803 250
4804 235
4805 255
4806 250
4807 283
4808 268
4809 305
4810 221
4811 258
4812 311
4813 235
4814 253
4815 248
4816 190
4817 251
4818 249
4819 240
4820 233
4821 253
4822 254
4823 234
4824 239
4825 261
4826 219
4827 219
4828 268
4829 317
4830 232
4831 198
4832 330
4833 189
4834 277
4835 206
4836 214
4837 211
4838 189
4839 152
4840 231
4841 251
4842 251
4843 245
4844 248
4845 259
4846 267
4847 241
4848 281
4849 240
4850 258
4851 229
4852 253
4853 265
4854 265
4855 264
4856 223
4857 213
4858 220
4859 329
4860 274
4861 257
4862 251
4863 204
4864 208
4865 192
4866 230
4867 206
4868 265
4869 214
4870 229
4871 246
4872 265
4873 254
4874 241
4875 190
4876 235
4877 210
4878 0
4879 251
4880 272
4881 254
4882 225
4883 264
4884 231
4885 196
4886 251
4887 228
4888 238
4889 228
4890 252
4891 254
4892 289
4893 233
4894 293
4895 240
4896 258
4897 254
4898 288
4899 257
4900 254
4901 253
4902 275
4903 312
4904 197
4905 255
4906 205
4907 227
4908 221
4909 230
4910 236
4911 206
4912 248
4913 237
4914 210
4915 251
4916 162
4917 214
4918 244
4919 231
4920 234
4921 257
4922 192
4923 236
4924 221
4925 265
4926 248
4927 251
4928 251
4929 253
4930 148
4931 194
4932 281
4933 214
4934 185
4935 243
4936 212
4937 211
4938 269
4939 235
4940 299
4941 225
4942 210
4943 322
4944 239
4945 284
4946 276
4947 211
4948 250
4949 244
4950 283
4951 254
4952 279
4953 232
4954 208
4955 250
4956 215
4957 247
4958 213
4959 231
4960 277
4961 162
4962 230
4963 304
4964 234
4965 236
4966 205
4967 237
4968 244
4969 251
4970 267
4971 240
4972 187
4973 290
4974 237
4975 277
4976 216
4977 219
4978 331
4979 233
4980 212
4981 247
4982 227
4983 234
4984 246
4985 243
4986 227
4987 209
4988 237
4989 215
4990 262
4991 228
4992 212
4993 198
4994 231
4995 288
4996 262
4997 277
4998 217
4999 247
5000 281
5001 239
5002 0
5003 390
5004 237
5005 258
5006 324
5007 299
5008 220
5009 257
5010 249
5011 211
5012 224
5013 240
5014 162
5015 205
5016 233
5017 199
5018 246
5019 270
5020 272
5021 267
5022 265
5023 252
5024 232
5025 232
5026 322
5027 261
5028 220
5029 269
5030 208
5031 220
5032 304
5033 247
5034 290
5035 292
5036 281
5037 256
5038 241
5039 232
5040 197
5041 238
5042 275
5043 228
5044 227
5045 307
5046 249
5047 139
5048 231
5049 245
5050 261
5051 275
5052 258
5053 241
5054 233
5055 227
5056 214
5057 242
5058 247
5059 224
5060 245
5061 225
5062 225
5063 294
5064 207
5065 233
5066 249
5067 333
5068 273
5069 244
5070 262
5071 216
5072 249
5073 269
5074 244
5075 210
5076 182
5077 270
5078 247
5079 252
5080 254
5081 236
5082 292
5083 276
5084 141
5085 241
5086 261
5087 224
5088 218
5089 224
5090 242
5091 250
5092 219
5093 168
5094 268
5095 224
5096 222
5097 242
5098 304
5099 228
5100 299
5101 221
5102 274
5103 221
5104 210
5105 204
5106 142
5107 322
5108 229
5109 189
5110 256
5111 225
5112 206
5113 0
5114 179
5115 250
5116 245
5117 241
5118 295
5119 236
5120 239
5121 240
5122 273
5123 266
5124 237
5125 156
5126 225
5127 270
5128 251
5129 155
5130 236
5131 235
5132 234
5133 260
5134 235
5135 205
5136 283
5137 239
5138 247
5139 244
5140 215
5141 228
5142 196
5143 266
5144 254
5145 236
5146 212
5147 206
5148 239
5149 192
5150 244
5151 239
5152 247
5153 214
5154 222
5155 259
5156 231
5157 250
5158 220
5159 282
5160 212
5161 0
5162 199
5163 254
5164 311
5165 214
5166 244
5167 249
5168 233
5169 312
5170 231
5171 246
5172 207
5173 245
5174 265
5175 229
5176 248
5177 203
5178 231
5179 191
5180 240
5181 273
5182 307
5183 321
5184 190
5185 250
5186 310
5187 249
5188 228
5189 245
5190 243
5191 212
5192 208
5193 237
5194 283
5195 273
5196 257
5197 243
5198 302
5199 273
5200 237
5201 234
5202 269
5203 229
5204 217
5205 232
5206 280
5207 200
5208 288
5209 230
5210 242
5211 210
5212 212
5213 213
5214 227
5215 251
5216 246
5217 308
5218 266
5219 249
5220 217
5221 270
5222 210
5223 294
5224 228
5225 255
5226 289
5227 304
5228 206
5229 209
5230 230
5231 201
5232 232
5233 233
5234 236
5235 270
5236 272
5237 243
5238 230
5239 218
5240 253
5241 258
5242 237
5243 244
5244 272
5245 255
5246 236
5247 265
5248 0
5249 262
5250 253
5251 260
5252 237
5253 255
5254 257
5255 196
5256 242
5257 231
5258 253
5259 236
5260 237
5261 243
5262 233
5263 260
5264 254
5265 262
5266 276
5267 250
5268 229
5269 253
5270 239
5271 224
5272 254
5273 233
5274 253
5275 288
5276 192
5277 261
5278 228
5279 262
5280 201
5281 208
5282 239
5283 242
5284 255
5285 207
5286 274
5287 229
5288 269
5289 139
5290 235
5291 253
5292 236
5293 261
5294 245
5295 244
5296 187
5297 245
5298 304
5299 265
5300 260
5301 226
5302 228
5303 244
5304 295
5305 246
5306 246
5307 244
5308 265
5309 267
5310 298
5311 259
5312 301
5313 198
5314 234
5315 232
5316 235
5317 297
5318 230
5319 274
5320 227
5321 158
5322 222
5323 223
5324 231
5325 249
5326 235
5327 300
5328 312
5329 264
5330 226
5331 246
5332 271
5333 206
5334 285
5335 256
5336 245
5337 243
5338 237
5339 228
5340 251
5341 255
5342 272
5343 357
5344 260
5345 236
5346 264
5347 230
5348 249
5349 288
5350 256
5351 205
5352 203
5353 224
5354 254
5355 210
5356 255
5357 181
5358 243
5359 270
5360 221
5361 229
5362 275
5363 230
5364 246
5365 287
5366 305
5367 247
5368 206
5369 285
5370 248
5371 244
5372 269
5373 303
5374 247
5375 262
5376 207
5377 169
5378 242
5379 242
5380 236
5381 229
5382 216
5383 232
5384 257
5385 245
5386 284
5387 222
5388 285
5389 155
5390 261
5391 283
5392 193
5393 233
5394 193
5395 255
5396 230
5397 154
5398 293
5399 121
5400 235
5401 0
5402 144
5403 279
5404 232
5405 241
5406 262
5407 230
5408 224
5409 272
5410 250
5411 248
5412 294
5413 252
5414 223
5415 378
5416 253
5417 226
5418 255
5419 205
5420 265
5421 300
5422 230
5423 173
5424 303
5425 258
5426 217
5427 243
5428 224
5429 223
5430 297
5431 291
5432 207
5433 292
5434 284
5435 259
5436 199
5437 218
5438 234
5439 204
5440 237
5441 212
5442 203
5443 269
5444 277
5445 236
5446 234
5447 192
5448 234
5449 237
5450 263
5451 243
5452 219
5453 266
5454 337
5455 267
5456 277
5457 239
5458 232
5459 216
5460 184
5461 237
5462 368
5463 258
5464 228
5465 237
5466 264
5467 309
5468 275
5469 234
5470 223
5471 289
5472 171
5473 258
5474 306
5475 251
5476 271
5477 262
5478 157
5479 188
5480 218
5481 189
5482 222
5483 232
5484 267
5485 251
5486 230
5487 196
5488 168
5489 298
5490 233
5491 245
5492 238
5493 212
5494 273
5495 196
5496 287
5497 249
5498 267
5499 203
5500 263
5501 197
5502 272
5503 200
5504 233
5505 215
5506 267
5507 246
5508 258
5509 236
5510 335
5511 245
5512 215
5513 275
5514 241
5515 245
5516 301
5517 294
5518 289
5519 254
5520 255
5521 278
5522 272
5523 332
5524 221
5525 273
5526 209
5527 292
5528 255
5529 285
5530 227
5531 275
5532 204
5533 343
5534 267
5535 188
5536 231
5537 232
5538 187
5539 209
5540 180
5541 260
5542 228
5543 255
5544 316
5545 251
5546 188
5547 179
5548 242
5549 246
5550 272
5551 243
5552 297
5553 208
5554 215
5555 252
5556 297
5557 238
5558 228
5559 268
5560 273
5561 243
5562 257
5563 227
5564 218
5565 190
5566 296
5567 252
5568 184
5569 241
5570 270
5571 192
5572 239
5573 226
5574 286
5575 200
5576 294
5577 269
5578 295
5579 220
5580 291
5581 274
5582 305
5583 219
5584 248
5585 300
5586 195
5587 205
5588 260
5589 288
5590 274
5591 291
5592 272
5593 232
5594 266
5595 238
5596 229
5597 275
5598 231
5599 253
5600 241
5601 268
5602 179
5603 278
5604 225
5605 272
5606 254
5607 213
5608 218
5609 284
5610 294
5611 321
5612 286
5613 268
5614 329
5615 286
5616 238
5617 252
5618 0
5619 302
5620 197
5621 175
5622 191
5623 246
5624 187
5625 177
5626 281
5627 252
5628 334
5629 219
5630 252
5631 213
5632 219
5633 207
5634 242
5635 247
5636 286
5637 234
5638 239
5639 228
5640 189
5641 213
5642 419
5643 150
5644 209
5645 140
5646 296
5647 249
5648 243
5649 274
5650 244
5651 193
5652 298
5653 289
5654 304
5655 167
5656 252
5657 252
5658 300
5659 279
5660 281
5661 191
5662 341
5663 260
5664 280
5665 238
5666 178
5667 274
5668 314
5669 288
5670 212
5671 249
5672 297
5673 177
5674 272
5675 228
5676 230
5677 287
5678 225
5679 236
5680 228
5681 234
5682 154
5683 266
5684 216
5685 246
5686 205
5687 257
5688 305
5689 282
5690 201
5691 242
5692 267
5693 211
5694 256
5695 256
5696 315
5697 256
5698 292
5699 267
5700 245
5701 229
5702 287
5703 318
5704 250
5705 255
5706 222
5707 219
5708 250
5709 231
5710 232
5711 261
5712 273
5713 248
5714 246
5715 259
5716 201
5717 260
5718 246
5719 264
5720 295
5721 246
5722 206
5723 223
5724 253
5725 248
5726 247
5727 250
5728 239
5729 211
5730 260
5731 218
5732 277
5733 315
5734 229
5735 274
5736 261
5737 253
5738 269
5739 265
5740 301
5741 232
5742 234
5743 244
5744 236
5745 193
5746 254
5747 230
5748 245
5749 315
5750 276
5751 364
5752 380
5753 255
5754 259
5755 238
5756 201
5757 262
5758 246
5759 252
5760 224
5761 260
5762 242
5763 215
5764 260
5765 222
5766 236
5767 267
5768 224
5769 216
5770 362
5771 212
5772 286
5773 300
5774 278
5775 247
5776 214
5777 229
5778 262
5779 258
5780 249
5781 238
5782 199
5783 276
5784 226
5785 258
5786 223
5787 199
5788 234
5789 272
5790 220
5791 251
5792 226
5793 270
5794 260
5795 237
5796 248
5797 247
5798 231
5799 217
5800 275
5801 271
5802 236
5803 212
5804 288
5805 216
5806 253
5807 244
5808 256
5809 281
5810 223
5811 270
5812 292
5813 338
5814 333
5815 215
5816 221
5817 211
5818 260
5819 203
5820 272
5821 246
5822 272
5823 235
5824 234
5825 257
5826 195
5827 296
5828 311
5829 220
5830 267
5831 220
5832 188
5833 212
5834 249
5835 217
5836 210
5837 293
5838 267
5839 293
5840 240
5841 200
5842 262
5843 264
5844 233
5845 299
5846 210
5847 258
5848 241
5849 213
5850 273
5851 223
5852 215
5853 163
5854 172
5855 276
5856 262
5857 258
5858 234
5859 303
5860 246
5861 237
5862 324
5863 263
5864 214
5865 237
5866 299
5867 289
5868 244
5869 222
5870 193
5871 214
5872 251
5873 175
5874 250
5875 212
5876 259
5877 233
5878 221
5879 215
5880 222
5881 268
5882 214
5883 245
5884 235
5885 264
5886 230
5887 237
5888 234
5889 227
5890 253
5891 252
5892 280
5893 301
5894 233
5895 278
5896 221
5897 236
5898 284
5899 165
5900 204
5901 280
5902 265
5903 217
5904 242
5905 271
5906 163
5907 251
5908 210
5909 310
5910 229
5911 229
5912 260
5913 184
5914 258
5915 281
5916 209
5917 288
5918 215
5919 178
5920 224
5921 245
5922 150
5923 317
5924 271
5925 235
5926 176
5927 215
5928 290
5929 0
5930 279
5931 249
5932 270
5933 208
5934 251
5935 273
5936 209
5937 210
5938 248
5939 278
5940 193
5941 279
5942 352
5943 280
5944 180
5945 207
5946 276
5947 222
5948 246
5949 264
5950 201
5951 236
5952 220
5953 304
5954 271
5955 243
5956 270
5957 250
5958 283
5959 272
5960 248
5961 254
5962 173
5963 252
5964 243
5965 238
5966 263
5967 244
5968 247
5969 263
5970 253
5971 229
5972 247
5973 270
5974 245
5975 289
5976 229
5977 278
5978 242
5979 224
5980 246
5981 249
5982 255
5983 262
5984 254
5985 278
5986 251
5987 245
5988 301
5989 248
5990 244
5991 265
5992 325
5993 238
5994 231
5995 0
5996 326
5997 235
5998 228
5999 238
6000 280
6001 213
6002 266
6003 296
6004 301
6005 260
6006 263
6007 282
6008 229
6009 267
6010 342
6011 0
6012 227
6013 357
6014 262
6015 240
6016 219
6017 177
6018 238
6019 326
6020 298
6021 254
6022 260
6023 277
6024 253
6025 233
6026 234
6027 197
6028 229
6029 248
6030 208
6031 288
6032 287
6033 179
6034 254
6035 212
6036 284
6037 297
6038 284
6039 241
6040 227
6041 228
6042 230
6043 236
6044 240
6045 277
6046 200
6047 243
6048 272
6049 316
6050 241
6051 206
6052 229
6053 230
6054 274
6055 233
6056 282
6057 279
6058 261
6059 229
6060 231
6061 273
6062 190
6063 238
6064 247
6065 264
6066 247
6067 261
6068 220
6069 245
6070 269
6071 279
6072 308
6073 160
6074 244
6075 196
6076 252
6077 223
6078 220
6079 259
6080 184
6081 254
6082 243
6083 232
6084 241
6085 290
6086 231
6087 216
6088 210
6089 255
6090 252
6091 320
6092 235
6093 209
6094 217
6095 288
6096 208
6097 217
6098 197
6099 259
6100 239
6101 254
6102 273
6103 241
6104 273
6105 216
6106 260
6107 242
6108 277
6109 239
6110 287
6111 234
6112 225
6113 226
6114 244
6115 130
6116 235
6117 204
6118 281
6119 225
6120 240
6121 227
6122 217
6123 255
6124 238
6125 263
6126 247
6127 355
6128 279
6129 203
6130 266
6131 212
6132 288
6133 267
6134 205
6135 198
6136 177
6137 161
6138 239
6139 201
6140 222
6141 237
6142 264
6143 242
6144 258
6145 200
6146 195
6147 241
6148 260
6149 218
6150 237
6151 280
6152 236
6153 231
6154 322
6155 293
6156 228
6157 139
6158 242
6159 235
6160 198
6161 242
6162 250
6163 220
6164 160
6165 205
6166 314
6167 243
6168 244
6169 231
6170 248
6171 220
6172 242
6173 181
6174 234
6175 268
6176 232
6177 240
6178 297
6179 224
6180 144
6181 261
6182 228
6183 269
6184 242
6185 219
6186 265
6187 210
6188 215
6189 256
6190 211
6191 276
6192 139
6193 230
6194 242
6195 323
6196 290
6197 212
6198 228
6199 226
6200 219
6201 286
6202 228
6203 230
6204 343
6205 262
6206 274
6207 268
6208 261
6209 0
6210 260
6211 268
6212 271
6213 244
6214 268
6215 218
6216 287
6217 258
6218 271
6219 253
6220 215
6221 0
6222 208
6223 287
6224 255
6225 273
6226 252
6227 251
6228 213
6229 298
6230 202
6231 281
6232 198
6233 147
6234 220
6235 229
6236 242
6237 201
6238 241
6239 274
6240 200
6241 257
6242 309
6243 212
6244 245
6245 242
6246 231
6247 220
6248 207
6249 209
6250 248
6251 281
6252 216
6253 245
6254 272
6255 289
6256 268
6257 264
6258 255
6259 270
6260 219
6261 172
6262 255
6263 286
6264 265
6265 260
6266 218
6267 219
6268 278
6269 245
6270 252
6271 200
6272 228
6273 235
6274 274
6275 278
6276 235
6277 247
6278 246
6279 228
6280 279
6281 184
6282 265
6283 259
6284 247
6285 251
6286 285
6287 199
6288 308
6289 244
6290 225
6291 305
6292 266
6293 262
6294 245
6295 226
6296 228
6297 294
6298 216
6299 242
6300 260
6301 232
6302 236
6303 180
6304 277
6305 268
6306 242
6307 256
6308 328
6309 247
6310 236
6311 265
6312 280
6313 178
6314 252
6315 241
6316 219
6317 226
6318 266
6319 255
6320 279
6321 264
6322 309
6323 246
6324 269
6325 305
6326 229
6327 174
6328 188
6329 281
6330 225
6331 217
6332 298
6333 271
6334 262
6335 260
6336 245
6337 0
6338 247
6339 242
6340 253
6341 251
6342 227
6343 246
6344 274
6345 200
6346 254
6347 190
6348 243
6349 247
6350 281
6351 243
6352 113
6353 281
6354 238
6355 212
6356 234
6357 292
6358 264
6359 252
6360 224
6361 279
6362 0
6363 231
6364 289
6365 269
6366 247
6367 0
6368 209
6369 218
6370 220
6371 249
6372 237
6373 252
6374 327
6375 216
6376 224
6377 280
6378 0
6379 168
6380 226
6381 189
6382 206
6383 254
6384 194
6385 219
6386 184
6387 178
6388 234
6389 239
6390 244
6391 276
6392 209
6393 223
6394 269
6395 213
6396 220
6397 214
6398 252
6399 160
6400 287
6401 238
6402 299
6403 258
6404 202
6405 282
6406 243
6407 242
6408 265
6409 234
6410 240
6411 235
6412 294
6413 258
6414 233
6415 226
6416 208
6417 199
6418 275
6419 200
6420 285
6421 169
6422 247
6423 252
6424 263
6425 249
6426 255
6427 227
6428 262
6429 236
6430 247
6431 205
6432 224
6433 202
6434 205
6435 305
6436 231
6437 214
6438 262
6439 257
6440 288
6441 266
6442 263
6443 295
6444 221
6445 376
6446 292
6447 299
6448 255
6449 206
6450 226
6451 279
6452 231
6453 187
6454 249
6455 245
6456 195
6457 244
6458 266
6459 232
6460 299
6461 188
6462 281
6463 223
6464 281
6465 190
6466 249
6467 304
6468 239
6469 228
6470 255
6471 217
6472 209
6473 240
6474 300
6475 312
6476 238
6477 241
6478 276
6479 215
6480 272
6481 233
6482 261
6483 232
6484 243
6485 332
6486 219
6487 307
6488 228
6489 286
6490 218
6491 255
6492 202
6493 229
6494 278
6495 255
6496 224
6497 226
6498 240
6499 223
6500 252
6501 245
6502 183
6503 300
6504 239
6505 231
6506 253
6507 240
6508 219
6509 264
6510 242
6511 257
6512 272
6513 167
6514 235
6515 278
6516 209
6517 244
6518 192
6519 257
6520 248
6521 195
6522 225
6523 113
6524 243
6525 198
6526 256
6527 251
6528 242
6529 156
6530 269
6531 144
6532 255
6533 267
6534 165
6535 257
6536 278
6537 225
6538 262
6539 251
6540 204
6541 196
6542 260
6543 249
6544 278
6545 262
6546 231
6547 226
6548 250
6549 276
6550 244
6551 240
6552 212
6553 223
6554 227
6555 265
6556 242
6557 240
6558 194
6559 209
6560 262
6561 141
6562 218
6563 253
6564 213
6565 253
6566 259
6567 334
6568 268
6569 300
6570 212
6571 239
6572 246
6573 241
6574 265
6575 310
6576 215
6577 230
6578 168
6579 285
6580 266
6581 271
6582 236
6583 251
6584 297
6585 291
6586 206
6587 256
6588 229
6589 194
6590 228
6591 273
6592 190
6593 270
6594 242
6595 231
6596 236
6597 258
6598 244
6599 275
6600 233
6601 267
6602 258
6603 248
6604 275
6605 335
6606 261
6607 268
6608 200
6609 287
6610 254
6611 213
6612 232
6613 216
6614 221
6615 250
6616 260
6617 196
6618 264
6619 233
6620 254
6621 270
6622 275
6623 239
6624 250
6625 278
6626 287
6627 227
6628 291
6629 305
6630 249
6631 255
6632 240
6633 268
6634 272
6635 279
6636 210
6637 282
6638 269
6639 273
6640 273
6641 227
6642 231
6643 274
6644 257
6645 114
6646 281
6647 281
6648 304
6649 243
6650 272
6651 221
6652 239
6653 177
6654 187
6655 234
6656 240
6657 225
6658 306
6659 249
6660 259
6661 269
6662 241
6663 261
6664 256
6665 226
6666 287
6667 291
6668 228
6669 232
6670 286
6671 260
6672 263
6673 253
6674 280
6675 235
6676 167
6677 235
6678 238
6679 198
6680 349
6681 244
6682 249
6683 326
6684 224
6685 238
6686 262
6687 252
6688 272
6689 268
6690 225
6691 229
6692 262
6693 230
6694 225
6695 267
6696 243
6697 225
6698 0
6699 242
6700 240
6701 226
6702 210
6703 255
6704 359
6705 259
6706 241
6707 245
6708 212
6709 280
6710 299
6711 268
6712 243
6713 289
6714 305
6715 264
6716 254
6717 357
6718 272
6719 248
6720 234
6721 234
6722 0
6723 240
6724 214
6725 305
6726 223
6727 238
6728 240
6729 259
6730 189
6731 265
6732 184
6733 240
6734 319
6735 253
6736 232
6737 183
6738 238
6739 349
6740 248
6741 235
6742 257
6743 227
6744 232
6745 246
6746 250
6747 267
6748 215
6749 321
6750 239
6751 267
6752 219
6753 292
6754 234
6755 227
6756 194
6757 250
6758 281
6759 231
6760 284
6761 279
6762 218
6763 280
6764 277
6765 260
6766 257
6767 219
6768 169
6769 195
6770 321
6771 250
6772 236
6773 264
6774 224
6775 233
6776 231
6777 212
6778 289
6779 244
6780 266
6781 285
6782 248
6783 244
6784 239
6785 272
6786 214
6787 203
6788 289
6789 245
6790 206
6791 259
6792 174
6793 154
6794 231
6795 258
6796 196
6797 277
6798 230
6799 227
