Vertices: 2700
Edges: 13500
Time: 1,599 ms
Iterations: 13395
Vertex Distance
0 0
1 220
2 188
3 153
4 221
5 179
6 189
7 0
8 243
9 251
10 135
11 161
12 186
13 213
14 283
15 212
16 233
17 263
18 151
19 259
20 224
21 197
22 203
23 194
24 227
25 194
26 218
27 190
28 177
29 228
30 287
31 264
32 162
33 226
34 225
35 216
36 163
37 269
38 0
39 287
40 240
41 159
42 164
43 207
44 224
45 205
46 219
47 194
48 216
49 233
50 246
51 204
52 198
53 242
54 200
55 220
56 239
57 215
58 213
59 230
60 263
61 209
62 229
63 222
64 204
65 226
66 212
67 221
68 186
69 189
70 212
71 232
72 207
73 206
74 220
75 235
76 204
77 203
78 206
79 228
80 188
81 265
82 189
83 201
84 212
85 227
86 255
87 195
88 247
89 244
90 264
91 175
92 199
93 224
94 248
95 212
96 322
97 222
98 93
99 204
100 209
101 139
102 213
103 163
104 248
105 253
106 217
107 193
108 193
109 236
110 177
111 207
112 276
113 242
114 213
115 259
116 198
117 193
118 244
119 127
120 213
121 187
122 206
123 235
124 193
125 245
126 139
127 226
128 222
129 147
130 258
131 212
132 203
133 187
134 164
135 283
136 207
137 196
138 152
139 220
140 238
141 195
142 232
143 171
144 204
145 214
146 200
147 218
148 232
149 251
150 238
151 195
152 167
153 237
154 217
155 257
156 232
157 246
158 104
159 240
160 268
161 230
162 234
163 250
164 241
165 161
166 236
167 219
168 121
169 269
170 202
171 173
172 205
173 237
174 194
175 211
176 159
177 294
178 226
179 197
180 384
181 239
182 151
183 170
184 218
185 220
186 247
187 201
188 252
189 276
190 238
191 207
192 223
193 290
194 241
195 217
196 69
197 240
198 209
199 274
200 149
201 248
202 185
203 288
204 192
205 223
206 86
207 177
208 236
209 177
210 276
211 157
212 201
213 177
214 194
215 213
216 232
217 250
218 188
219 240
220 213
221 238
222 180
223 237
224 197
225 166
226 161
227 168
228 198
229 223
230 256
231 252
232 232
233 243
234 239
235 233
236 248
237 215
238 206
239 203
240 204
241 189
242 207
243 198
244 156
245 235
246 245
247 277
248 220
249 213
250 205
251 285
252 253
253 146
254 205
255 316
256 143
257 205
258 225
259 202
260 215
261 192
262 177
263 174
264 257
265 209
266 212
267 211
268 200
269 240
270 216
271 191
272 204
273 207
274 214
275 186
276 186
277 256
278 227
279 227
280 197
281 192
282 223
283 259
284 196
285 193
286 197
287 200
288 195
289 259
290 236
291 167
292 224
293 210
294 191
295 224
296 212
297 218
298 226
299 241
300 226
301 262
302 358
303 212
304 172
305 254
306 227
307 248
308 201
309 213
310 255
311 194
312 172
313 247
314 216
315 239
316 243
317 179
318 211
319 206
320 183
321 214
322 204
323 190
324 203
325 259
326 291
327 135
328 224
329 251
330 206
331 258
332 159
333 210
334 257
335 193
336 252
337 169
338 196
339 196
340 236
341 180
342 194
343 224
344 210
345 180
346 168
347 267
348 267
349 212
350 171
351 217
352 220
353 175
354 168
355 155
356 229
357 219
358 227
359 208
360 260
361 213
362 242
363 242
364 246
365 286
366 226
367 257
368 245
369 207
370 219
371 233
372 178
373 190
374 182
375 254
376 202
377 162
378 181
379 225
380 225
381 242
382 229
383 166
384 246
385 174
386 191
387 310
388 222
389 285
390 199
391 210
392 192
393 259
394 158
395 260
396 234
397 163
398 223
399 210
400 186
401 205
402 188
403 189
404 223
405 125
406 159
407 188
408 200
409 232
410 183
411 183
412 206
413 241
414 153
415 118
416 181
417 202
418 169
419 227
420 185
421 195
422 210
423 250
424 234
425 210
426 250
427 231
428 213
429 179
430 188
431 226
432 208
433 177
434 159
435 150
436 170
437 198
438 176
439 157
440 248
441 289
442 238
443 200
444 213
445 220
446 233
447 0
448 173
449 218
450 174
451 221
452 186
453 204
454 164
455 163
456 190
457 205
458 208
459 296
460 231
461 227
462 256
463 208
464 217
465 291
466 221
467 199
468 212
469 333
470 212
471 247
472 0
473 218
474 197
475 212
476 218
477 296
478 216
479 225
480 311
481 134
482 223
483 176
484 255
485 207
486 202
487 210
488 229
489 250
490 199
491 194
492 201
493 152
494 146
495 218
496 274
497 205
498 137
499 191
500 168
501 268
502 221
503 247
504 232
505 194
506 311
507 129
508 252
509 177
510 271
511 170
512 157
513 192
514 231
515 237
516 224
517 223
518 234
519 198
520 231
521 250
522 202
523 188
524 261
525 207
526 242
527 226
528 223
529 207
530 224
531 247
532 206
533 238
534 207
535 200
536 233
537 192
538 291
539 238
540 198
541 242
542 239
543 256
544 257
545 250
546 184
547 223
548 201
549 220
550 117
551 264
552 245
553 255
554 226
555 199
556 245
557 205
558 261
559 245
560 232
561 272
562 285
563 257
564 244
565 210
566 261
567 224
568 191
569 211
570 206
571 212
572 201
573 261
574 162
575 266
576 179
577 144
578 213
579 212
580 152
581 302
582 236
583 215
584 197
585 206
586 214
587 234
588 198
589 124
590 200
591 156
592 217
593 168
594 218
595 224
596 200
597 297
598 219
599 219
600 203
601 185
602 167
603 207
604 337
605 168
606 252
607 288
608 188
609 205
610 179
611 219
612 221
613 273
614 173
615 179
616 180
617 221
618 292
619 199
620 195
621 218
622 250
623 228
624 240
625 247
626 215
627 197
628 272
629 245
630 210
631 232
632 159
633 188
634 181
635 241
636 121
637 248
638 237
639 248
640 230
641 240
642 217
643 210
644 196
645 153
646 216
647 222
648 249
649 210
650 194
651 199
652 131
653 208
654 195
655 233
656 185
657 268
658 246
659 265
660 188
661 221
662 206
663 178
664 191
665 271
666 248
667 225
668 243
669 234
670 172
671 222
672 212
673 228
674 161
675 218
676 232
677 138
678 203
679 224
680 190
681 210
682 241
683 80
684 203
685 140
686 204
687 212
688 210
689 252
690 277
691 178
692 229
693 183
694 242
695 230
696 236
697 175
698 170
699 178
700 250
701 188
702 197
703 202
704 198
705 191
706 201
707 190
708 207
709 255
710 234
711 217
712 241
713 193
714 193
715 183
716 228
717 208
718 182
719 214
720 194
721 179
722 170
723 216
724 183
725 207
726 224
727 243
728 267
729 188
730 239
731 195
732 225
733 303
734 229
735 213
736 285
737 170
738 248
739 173
740 213
741 219
742 262
743 92
744 222
745 289
746 247
747 218
748 208
749 274
750 183
751 211
752 238
753 239
754 195
755 199
756 184
757 234
758 214
759 166
760 267
761 218
762 220
763 254
764 215
765 215
766 207
767 211
768 212
769 244
770 245
771 170
772 198
773 283
774 218
775 190
776 258
777 203
778 209
779 181
780 248
781 203
782 177
783 290
784 253
785 178
786 267
787 203
788 177
789 225
790 228
791 273
792 232
793 187
794 125
795 302
796 220
797 246
798 227
799 227
800 218
801 217
802 229
803 169
804 219
805 214
806 213
807 201
808 196
809 178
810 264
811 315
812 162
813 198
814 238
815 183
816 254
817 269
818 265
819 245
820 182
821 230
822 227
823 199
824 90
825 239
826 245
827 240
828 237
829 238
830 188
831 210
832 124
833 207
834 263
835 236
836 248
837 148
838 188
839 239
840 179
841 159
842 291
843 213
844 239
845 231
846 224
847 241
848 227
849 214
850 214
851 270
852 113
853 220
854 185
855 160
856 240
857 202
858 216
859 228
860 260
861 199
862 202
863 207
864 231
865 227
866 211
867 180
868 186
869 230
870 213
871 190
872 212
873 275
874 241
875 152
876 186
877 201
878 209
879 0
880 235
881 220
882 210
883 247
884 219
885 187
886 222
887 199
888 215
889 198
890 273
891 234
892 136
893 235
894 183
895 257
896 156
897 230
898 219
899 218
900 231
901 127
902 200
903 184
904 230
905 179
906 181
907 196
908 140
909 166
910 247
911 216
912 225
913 242
914 167
915 245
916 245
917 222
918 176
919 208
920 254
921 200
922 191
923 235
924 250
925 126
926 157
927 161
928 242
929 188
930 238
931 208
932 260
933 196
934 217
935 158
936 216
937 197
938 233
939 293
940 195
941 229
942 253
943 234
944 244
945 239
946 229
947 215
948 177
949 215
950 203
951 241
952 201
953 232
954 215
955 158
956 183
957 243
958 214
959 227
960 179
961 237
962 254
963 203
964 240
965 264
966 209
967 177
968 208
969 261
970 256
971 221
972 231
973 208
974 244
975 240
976 194
977 290
978 173
979 194
980 213
981 243
982 227
983 216
984 174
985 237
986 224
987 201
988 195
989 180
990 177
991 172
992 220
993 162
994 219
995 179
996 207
997 177
998 179
999 142
1000 212
1001 222
1002 234
1003 214
1004 177
1005 220
1006 192
1007 204
1008 206
1009 178
1010 239
1011 206
1012 127
1013 196
1014 205
1015 210
1016 285
1017 243
1018 243
1019 183
1020 194
1021 175
1022 238
1023 227
1024 231
1025 202
1026 253
1027 203
1028 208
1029 311
1030 213
1031 235
1032 207
1033 0
1034 228
1035 210
1036 245
1037 268
1038 233
1039 251
1040 249
1041 196
1042 218
1043 213
1044 242
1045 212
1046 186
1047 189
1048 204
1049 213
1050 244
1051 267
1052 99
1053 238
1054 172
1055 125
1056 222
1057 210
1058 294
1059 243
1060 197
1061 197
1062 243
1063 197
1064 225
1065 237
1066 253
1067 248
1068 221
1069 188
1070 210
1071 185
1072 264
1073 185
1074 218
1075 245
1076 190
1077 227
1078 233
1079 230
1080 211
1081 178
1082 194
1083 312
1084 175
1085 225
1086 198
1087 216
1088 203
1089 218
1090 189
1091 228
1092 281
1093 240
1094 186
1095 223
1096 157
1097 176
1098 205
1099 177
1100 159
1101 223
1102 192
1103 253
1104 174
1105 193
1106 192
1107 167
1108 215
1109 229
1110 221
1111 214
1112 161
1113 193
1114 0
1115 231
1116 111
1117 189
1118 172
1119 169
1120 212
1121 207
1122 203
1123 216
1124 267
1125 278
1126 233
1127 281
1128 197
1129 183
1130 264
1131 202
1132 189
1133 234
1134 171
1135 219
1136 285
1137 183
1138 247
1139 312
1140 216
1141 188
1142 160
1143 226
1144 266
1145 177
1146 233
1147 187
1148 175
1149 169
1150 239
1151 209
1152 167
1153 206
1154 210
1155 232
1156 196
1157 228
1158 232
1159 170
1160 202
1161 233
1162 166
1163 194
1164 273
1165 302
1166 175
1167 291
1168 180
1169 238
1170 172
1171 260
1172 229
1173 214
1174 171
1175 199
1176 224
1177 210
1178 266
1179 205
1180 172
1181 199
1182 205
1183 171
1184 200
1185 251
1186 211
1187 204
1188 180
1189 201
1190 217
1191 252
1192 262
1193 219
1194 152
1195 210
1196 159
1197 190
1198 306
1199 208
1200 187
1201 204
1202 251
1203 231
1204 189
1205 239
1206 169
1207 240
1208 253
1209 198
1210 194
1211 199
1212 228
1213 232
1214 197
1215 159
1216 205
1217 278
1218 219
1219 168
1220 215
1221 237
1222 0
1223 227
1224 136
1225 221
1226 241
1227 216
1228 291
1229 246
1230 183
1231 248
1232 221
1233 180
1234 228
1235 0
1236 177
1237 231
1238 214
1239 227
1240 201
1241 223
1242 239
1243 245
1244 160
1245 175
1246 211
1247 181
1248 191
1249 211
1250 274
1251 236
1252 231
1253 215
1254 221
1255 180
1256 260
1257 214
1258 230
1259 242
1260 235
1261 218
1262 190
1263 231
1264 180
1265 237
1266 235
1267 170
1268 322
1269 272
1270 196
1271 245
1272 151
1273 205
1274 167
1275 219
1276 201
1277 199
1278 177
1279 126
1280 217
1281 215
1282 263
1283 201
1284 172
1285 232
1286 222
1287 198
1288 208
1289 247
1290 254
1291 222
1292 189
1293 155
1294 164
1295 237
1296 236
1297 180
1298 213
1299 189
1300 232
1301 229
1302 234
1303 213
1304 256
1305 211
1306 224
1307 210
1308 209
1309 162
1310 189
1311 230
1312 208
1313 223
1314 191
1315 191
1316 214
1317 214
1318 224
1319 251
1320 268
1321 219
1322 238
1323 205
1324 179
1325 266
1326 219
1327 214
1328 214
1329 237
1330 214
1331 214
1332 109
1333 182
1334 177
1335 200
1336 221
1337 232
1338 164
1339 197
1340 271
1341 206
1342 178
1343 196
1344 182
1345 321
1346 180
1347 247
1348 227
1349 249
1350 147
1351 231
1352 233
1353 260
1354 162
1355 134
1356 168
1357 200
1358 204
1359 181
1360 239
1361 231
1362 183
1363 207
1364 257
1365 227
1366 259
1367 239
1368 210
1369 216
1370 177
1371 212
1372 205
1373 188
1374 283
1375 202
1376 218
1377 194
1378 193
1379 293
1380 170
1381 272
1382 227
1383 201
1384 226
1385 222
1386 240
1387 159
1388 216
1389 160
1390 156
1391 249
1392 220
1393 226
1394 200
1395 192
1396 261
1397 180
1398 201
1399 180
1400 239
1401 208
1402 195
1403 147
1404 209
1405 169
1406 243
1407 208
1408 222
1409 148
1410 340
1411 168
1412 140
1413 236
1414 210
1415 144
1416 209
1417 234
1418 197
1419 212
1420 181
1421 176
1422 157
1423 227
1424 246
1425 222
1426 221
1427 181
1428 246
1429 219
1430 215
1431 191
1432 437
1433 222
1434 244
1435 220
1436 199
1437 197
1438 225
1439 181
1440 206
1441 158
1442 210
1443 210
1444 61
1445 265
1446 198
1447 214
1448 197
1449 224
1450 304
1451 206
1452 217
1453 186
1454 187
1455 225
1456 171
1457 249
1458 163
1459 179
1460 168
1461 224
1462 183
1463 195
1464 176
1465 222
1466 230
1467 212
1468 205
1469 206
1470 201
1471 202
1472 281
1473 223
1474 158
1475 296
1476 228
1477 210
1478 255
1479 227
1480 201
1481 276
1482 226
1483 202
1484 194
1485 192
1486 213
1487 257
1488 190
1489 137
1490 290
1491 205
1492 263
1493 215
1494 242
1495 217
1496 168
1497 214
1498 236
1499 210
1500 215
1501 204
1502 213
1503 196
1504 210
1505 221
1506 193
1507 193
1508 177
1509 189
1510 223
1511 186
1512 217
1513 195
1514 207
1515 212
1516 190
1517 191
1518 211
1519 265
1520 136
1521 179
1522 177
1523 195
1524 245
1525 212
1526 196
1527 188
1528 205
1529 212
1530 232
1531 185
1532 173
1533 204
1534 120
1535 244
1536 231
1537 221
1538 200
1539 245
1540 291
1541 191
1542 199
1543 251
1544 215
1545 203
1546 214
1547 237
1548 245
1549 213
1550 279
1551 192
1552 216
1553 201
1554 210
1555 237
1556 230
1557 235
1558 194
1559 168
1560 229
1561 175
1562 220
1563 198
1564 287
1565 196
1566 202
1567 177
1568 189
1569 210
1570 208
1571 185
1572 225
1573 235
1574 221
1575 220
1576 206
1577 164
1578 203
1579 209
1580 181
1581 281
1582 228
1583 239
1584 203
1585 227
1586 196
1587 309
1588 229
1589 208
1590 165
1591 156
1592 104
1593 210
1594 214
1595 219
1596 223
1597 274
1598 253
1599 295
1600 241
1601 194
1602 190
1603 194
1604 155
1605 232
1606 172
1607 251
1608 218
1609 231
1610 162
1611 194
1612 219
1613 210
1614 232
1615 155
1616 192
1617 167
1618 279
1619 271
1620 217
1621 192
1622 268
1623 251
1624 190
1625 297
1626 239
1627 217
1628 197
1629 202
1630 239
1631 206
1632 210
1633 174
1634 242
1635 268
1636 238
1637 212
1638 290
1639 226
1640 218
1641 140
1642 181
1643 212
1644 199
1645 205
1646 200
1647 160
1648 240
1649 214
1650 207
1651 209
1652 241
1653 245
1654 232
1655 247
1656 214
1657 164
1658 209
1659 194
1660 205
1661 280
1662 203
1663 195
1664 210
1665 0
1666 266
1667 219
1668 199
1669 252
1670 233
1671 175
1672 218
1673 209
1674 267
1675 234
1676 221
1677 229
1678 200
1679 254
1680 194
1681 237
1682 207
1683 221
1684 216
1685 279
1686 214
1687 247
1688 207
1689 243
1690 251
1691 240
1692 248
1693 277
1694 196
1695 215
1696 158
1697 218
1698 219
1699 203
1700 209
1701 200
1702 174
1703 199
1704 232
1705 214
1706 165
1707 161
1708 203
1709 235
1710 201
1711 208
1712 187
1713 194
1714 165
1715 229
1716 194
1717 176
1718 227
1719 214
1720 239
1721 230
1722 214
1723 229
1724 182
1725 175
1726 238
1727 205
1728 153
1729 185
1730 207
1731 246
1732 182
1733 227
1734 195
1735 223
1736 267
1737 264
1738 251
1739 204
1740 184
1741 235
1742 199
1743 157
1744 209
1745 209
1746 235
1747 202
1748 230
1749 249
1750 287
1751 236
1752 256
1753 191
1754 226
1755 84
1756 214
1757 182
1758 240
1759 212
1760 225
1761 213
1762 222
1763 197
1764 243
1765 226
1766 148
1767 152
1768 301
1769 0
1770 276
1771 242
1772 164
1773 173
1774 218
1775 201
1776 219
1777 237
1778 260
1779 277
1780 254
1781 227
1782 255
1783 210
1784 223
1785 156
1786 292
1787 216
1788 240
1789 147
1790 248
1791 245
1792 143
1793 139
1794 231
1795 269
1796 214
1797 223
1798 247
1799 173
1800 194
1801 214
1802 243
1803 190
1804 181
1805 181
1806 153
1807 272
1808 172
1809 224
1810 222
1811 204
1812 198
1813 217
1814 201
1815 199
1816 205
1817 179
1818 222
1819 201
1820 247
1821 265
1822 197
1823 210
1824 243
1825 225
1826 241
1827 236
1828 223
1829 104
1830 235
1831 293
1832 189
1833 177
1834 212
1835 175
1836 289
1837 171
1838 169
1839 199
1840 192
1841 274
1842 214
1843 176
1844 225
1845 230
1846 247
1847 209
1848 236
1849 289
1850 226
1851 216
1852 197
1853 237
1854 158
1855 218
1856 210
1857 233
1858 254
1859 170
1860 210
1861 162
1862 178
1863 124
1864 225
1865 145
1866 189
1867 210
1868 295
1869 181
1870 182
1871 233
1872 189
1873 224
1874 246
1875 296
1876 188
1877 282
1878 226
1879 251
1880 0
1881 208
1882 234
1883 225
1884 227
1885 157
1886 222
1887 236
1888 229
1889 263
1890 269
1891 265
1892 151
1893 201
1894 251
1895 172
1896 204
1897 201
1898 209
1899 145
1900 139
1901 200
1902 249
1903 299
1904 253
1905 129
1906 168
1907 145
1908 264
1909 214
1910 207
1911 227
1912 232
1913 226
1914 197
1915 227
1916 252
1917 211
1918 202
1919 211
1920 191
1921 251
1922 290
1923 175
1924 215
1925 229
1926 0
1927 233
1928 244
1929 157
1930 238
1931 229
1932 177
1933 262
1934 276
1935 230
1936 244
1937 192
1938 196
1939 203
1940 267
1941 223
1942 161
1943 245
1944 256
1945 237
1946 202
1947 213
1948 159
1949 222
1950 266
1951 197
1952 182
1953 223
1954 212
1955 258
1956 248
1957 264
1958 220
1959 168
1960 225
1961 249
1962 187
1963 212
1964 233
1965 236
1966 212
1967 238
1968 194
1969 215
1970 260
1971 194
1972 232
1973 233
1974 214
1975 195
1976 191
1977 232
1978 160
1979 246
1980 206
1981 173
1982 240
1983 216
1984 222
1985 165
1986 309
1987 161
1988 225
1989 171
1990 263
1991 182
1992 215
1993 190
1994 260
1995 294
1996 220
1997 241
1998 262
1999 198
2000 189
2001 221
2002 179
2003 179
2004 229
2005 284
2006 172
2007 282
2008 248
2009 251
2010 205
2011 219
2012 231
2013 239
2014 194
2015 224
2016 222
2017 178
2018 203
2019 293
2020 212
2021 288
2022 240
2023 275
2024 246
2025 211
2026 207
2027 199
2028 249
2029 295
2030 236
2031 151
2032 213
2033 178
2034 278
2035 218
2036 215
2037 209
2038 285
2039 166
2040 187
2041 251
2042 238
2043 227
2044 253
2045 188
2046 243
2047 212
2048 178
2049 207
2050 244
2051 219
2052 247
2053 253
2054 259
2055 218
2056 192
2057 194
2058 350
2059 191
2060 152
2061 196
2062 201
2063 216
2064 269
2065 250
2066 288
2067 232
2068 203
2069 240
2070 204
2071 231
2072 240
2073 204
2074 159
2075 226
2076 172
2077 186
2078 252
2079 171
2080 266
2081 245
2082 219
2083 252
2084 192
2085 222
2086 193
2087 171
2088 198
2089 246
2090 219
2091 230
2092 247
2093 242
2094 180
2095 186
2096 224
2097 185
2098 177
2099 231
2100 215
2101 221
2102 174
2103 258
2104 66
2105 245
2106 238
2107 233
2108 185
2109 196
2110 175
2111 233
2112 233
2113 224
2114 166
2115 189
2116 180
2117 169
2118 177
2119 250
2120 226
2121 204
2122 224
2123 203
2124 171
2125 192
2126 218
2127 188
2128 191
2129 184
2130 255
2131 202
2132 244
2133 96
2134 217
2135 254
2136 217
2137 122
2138 197
2139 212
2140 238
2141 220
2142 214
2143 225
2144 227
2145 239
2146 160
2147 182
2148 206
2149 155
2150 136
2151 215
2152 189
2153 190
2154 185
2155 172
2156 213
2157 214
2158 202
2159 186
2160 187
2161 266
2162 230
2163 225
2164 170
2165 197
2166 225
2167 195
2168 224
2169 215
2170 194
2171 177
2172 206
2173 211
2174 221
2175 222
2176 321
2177 254
2178 228
2179 175
2180 236
2181 263
2182 175
2183 251
2184 229
2185 277
2186 224
2187 222
2188 197
2189 182
2190 210
2191 206
2192 202
2193 254
2194 158
2195 229
2196 161
2197 223
2198 175
2199 273
2200 239
2201 236
2202 178
2203 192
2204 185
2205 226
2206 178
2207 264
2208 220
2209 222
2210 238
2211 169
2212 234
2213 224
2214 247
2215 223
2216 225
2217 237
2218 198
2219 280
2220 0
2221 207
2222 228
2223 210
2224 203
2225 205
2226 179
2227 237
2228 142
2229 255
2230 182
2231 268
2232 188
2233 217
2234 259
2235 276
2236 211
2237 208
2238 258
2239 226
2240 204
2241 227
2242 284
2243 209
2244 236
2245 196
2246 201
2247 209
2248 200
2249 222
2250 262
2251 231
2252 269
2253 172
2254 272
2255 206
2256 197
2257 198
2258 189
2259 219
2260 218
2261 194
2262 211
2263 220
2264 217
2265 271
2266 209
2267 198
2268 258
2269 317
2270 253
2271 237
2272 221
2273 314
2274 224
2275 194
2276 182
2277 199
2278 196
2279 132
2280 219
2281 220
2282 201
2283 193
2284 186
2285 223
2286 188
2287 233
2288 166
2289 262
2290 245
2291 191
2292 207
2293 185
2294 253
2295 225
2296 190
2297 214
2298 170
2299 180
2300 222
2301 199
2302 220
2303 203
2304 173
2305 199
2306 205
2307 258
2308 238
2309 197
2310 0
2311 175
2312 277
2313 200
2314 202
2315 154
2316 243
2317 149
2318 219
2319 226
2320 241
2321 234
2322 196
2323 197
2324 191
2325 210
2326 239
2327 271
2328 244
2329 252
2330 197
2331 243
2332 174
2333 210
2334 196
2335 160
2336 295
2337 185
2338 193
2339 267
2340 216
2341 185
2342 238
2343 211
2344 182
2345 160
2346 151
2347 230
2348 276
2349 250
2350 170
2351 218
2352 263
2353 161
2354 217
2355 211
2356 230
2357 207
2358 243
2359 230
2360 198
2361 253
2362 240
2363 214
2364 180
2365 266
2366 148
2367 244
2368 207
2369 211
2370 261
2371 199
2372 164
2373 179
2374 221
2375 199
2376 209
2377 204
2378 209
2379 205
2380 215
2381 244
2382 258
2383 160
2384 230
2385 207
2386 134
2387 148
2388 260
2389 219
2390 226
2391 214
2392 189
2393 247
2394 180
2395 127
2396 180
2397 170
2398 270
2399 211
2400 243
2401 235
2402 221
2403 243
2404 240
2405 249
2406 202
2407 201
2408 219
2409 283
2410 241
2411 137
2412 231
2413 184
2414 219
2415 204
2416 222
2417 238
2418 214
2419 233
2420 241
2421 206
2422 231
2423 170
2424 157
2425 216
2426 215
2427 207
2428 201
2429 189
2430 141
2431 262
2432 303
2433 215
2434 203
2435 237
2436 220
2437 181
2438 218
2439 195
2440 194
2441 208
2442 216
2443 258
2444 146
2445 228
2446 206
2447 206
2448 165
2449 275
2450 202
2451 224
2452 208
2453 227
2454 231
2455 271
2456 185
2457 240
2458 293
2459 201
2460 188
2461 173
2462 244
2463 188
2464 233
2465 215
2466 199
2467 194
2468 233
2469 216
2470 186
2471 0
2472 188
2473 252
2474 195
2475 268
2476 189
2477 193
2478 196
2479 190
2480 185
2481 228
2482 272
2483 226
2484 191
2485 222
2486 278
2487 189
2488 236
2489 239
2490 273
2491 188
2492 198
2493 204
2494 236
2495 174
2496 210
2497 216
2498 269
2499 177
2500 224
2501 214
2502 253
2503 206
2504 265
2505 181
2506 184
2507 227
2508 224
2509 248
2510 196
2511 233
2512 174
2513 256
2514 165
2515 252
2516 283
2517 176
2518 189
2519 226
2520 179
2521 185
2522 174
2523 198
2524 218
2525 227
2526 130
2527 208
2528 167
2529 251
2530 204
2531 218
2532 210
2533 189
2534 221
2535 232
2536 237
2537 214
2538 162
2539 208
2540 182
2541 220
2542 147
2543 200
2544 280
2545 259
2546 209
2547 193
2548 242
2549 136
2550 214
2551 172
2552 224
2553 213
2554 206
2555 246
2556 209
2557 233
2558 212
2559 196
2560 249
2561 207
2562 147
2563 154
2564 238
2565 196
2566 242
2567 373
2568 188
2569 198
2570 253
2571 243
2572 215
2573 236
2574 163
2575 0
2576 213
2577 245
2578 213
2579 198
2580 286
2581 168
2582 212
2583 205
2584 214
2585 193
2586 242
2587 181
2588 259
2589 248
2590 243
2591 196
2592 210
2593 202
2594 231
2595 235
2596 214
2597 180
2598 212
2599 217
2600 183
2601 250
2602 283
2603 202
2604 140
2605 142
2606 235
2607 249
2608 189
2609 161
2610 212
2611 173
2612 140
2613 222
2614 189
2615 179
2616 257
2617 219
2618 233
2619 180
2620 171
2621 223
2622 163
2623 240
2624 231
2625 229
2626 224
2627 271
2628 153
2629 199
2630 252
2631 193
2632 221
2633 284
2634 198
2635 254
2636 190
2637 152
2638 222
2639 214
2640 223
2641 233
2642 205
2643 242
2644 0
2645 149
2646 216
2647 184
2648 206
2649 226
2650 241
2651 229
2652 207
2653 220
2654 154
2655 193
2656 188
2657 190
2658 194
2659 220
2660 209
2661 256
2662 280
2663 220
2664 269
2665 245
2666 185
2667 235
2668 223
2669 216
2670 211
2671 165
2672 253
2673 227
2674 132
2675 237
2676 260
2677 201
2678 254
2679 211
2680 276
2681 248
2682 185
2683 219
2684 248
2685 236
2686 212
2687 193
2688 206
2689 195
2690 188
2691 147
2692 199
2693 202
2694 208
2695 207
2696 167
2697 133
2698 282
2699 184
