Vertices: 4600
Edges: 23000
Time: 1,420 ms
Iterations: 22785
Vertex Distance
0 0
1 161
2 151
3 180
4 141
5 152
6 179
7 151
8 180
9 216
10 160
11 201
12 174
13 167
14 194
15 157
16 128
17 155
18 182
19 141
20 71
21 227
22 114
23 150
24 207
25 196
26 237
27 211
28 193
29 234
30 172
31 178
32 180
33 179
34 179
35 155
36 209
37 171
38 200
39 202
40 69
41 144
42 166
43 202
44 129
45 176
46 159
47 182
48 177
49 137
50 156
51 142
52 173
53 159
54 124
55 139
56 181
57 180
58 209
59 168
60 189
61 207
62 208
63 144
64 201
65 192
66 196
67 212
68 0
69 295
70 176
71 127
72 210
73 163
74 150
75 198
76 200
77 128
78 167
79 114
80 157
81 173
82 138
83 157
84 178
85 185
86 164
87 135
88 218
89 107
90 91
91 199
92 223
93 176
94 231
95 178
96 190
97 186
98 160
99 230
100 174
101 163
102 238
103 138
104 132
105 168
106 102
107 226
108 255
109 145
110 158
111 202
112 240
113 164
114 130
115 170
116 192
117 183
118 173
119 199
120 85
121 148
122 191
123 114
124 132
125 191
126 249
127 75
128 195
129 202
130 229
131 174
132 132
133 151
134 129
135 146
136 243
137 154
138 188
139 186
140 209
141 179
142 171
143 163
144 165
145 274
146 176
147 183
148 65
149 219
150 181
151 179
152 130
153 179
154 227
155 183
156 192
157 212
158 177
159 224
160 184
161 116
162 197
163 169
164 130
165 126
166 198
167 147
168 157
169 199
170 164
171 111
172 157
173 131
174 167
175 101
176 194
177 153
178 229
179 102
180 143
181 236
182 246
183 96
184 222
185 121
186 215
187 98
188 168
189 139
190 202
191 193
192 192
193 118
194 184
195 215
196 215
197 88
198 211
199 166
200 164
201 182
202 97
203 183
204 177
205 223
206 95
207 202
208 202
209 100
210 111
211 145
212 222
213 214
214 187
215 186
216 147
217 123
218 94
219 169
220 191
221 169
222 195
223 155
224 224
225 137
226 205
227 180
228 190
229 154
230 110
231 174
232 155
233 218
234 180
235 107
236 171
237 149
238 191
239 138
240 173
241 172
242 153
243 143
244 193
245 146
246 167
247 195
248 138
249 106
250 183
251 148
252 140
253 231
254 107
255 174
256 169
257 141
258 230
259 145
260 176
261 193
262 189
263 85
264 171
265 195
266 168
267 198
268 190
269 135
270 180
271 77
272 154
273 147
274 176
275 187
276 184
277 122
278 175
279 212
280 214
281 213
282 128
283 160
284 82
285 134
286 181
287 205
288 179
289 154
290 246
291 147
292 192
293 159
294 165
295 90
296 149
297 117
298 193
299 173
300 230
301 157
302 177
303 170
304 110
305 137
306 121
307 168
308 172
309 184
310 150
311 243
312 242
313 210
314 106
315 141
316 170
317 141
318 159
319 128
320 185
321 195
322 133
323 137
324 151
325 171
326 207
327 207
328 147
329 177
330 133
331 192
332 217
333 216
334 199
335 195
336 193
337 176
338 178
339 197
340 155
341 79
342 199
343 223
344 185
345 105
346 175
347 218
348 186
349 200
350 227
351 174
352 158
353 177
354 158
355 68
356 204
357 221
358 196
359 174
360 206
361 212
362 198
363 190
364 163
365 162
366 245
367 163
368 178
369 208
370 133
371 303
372 122
373 124
374 151
375 159
376 134
377 105
378 204
379 174
380 153
381 191
382 140
383 159
384 111
385 164
386 137
387 179
388 149
389 200
390 129
391 151
392 111
393 216
394 43
395 221
396 180
397 181
398 165
399 135
400 194
401 219
402 154
403 177
404 133
405 162
406 150
407 145
408 149
409 192
410 178
411 162
412 181
413 168
414 207
415 195
416 232
417 128
418 203
419 179
420 202
421 222
422 166
423 182
424 194
425 113
426 163
427 176
428 132
429 217
430 214
431 199
432 191
433 205
434 168
435 153
436 235
437 248
438 209
439 169
440 183
441 156
442 176
443 143
444 209
445 175
446 165
447 200
448 190
449 133
450 173
451 222
452 170
453 215
454 148
455 145
456 172
457 0
458 216
459 224
460 188
461 204
462 147
463 208
464 151
465 220
466 228
467 204
468 186
469 239
470 205
471 146
472 131
473 175
474 211
475 167
476 174
477 115
478 238
479 170
480 183
481 184
482 0
483 182
484 101
485 137
486 102
487 175
488 169
489 181
490 158
491 160
492 176
493 124
494 176
495 195
496 146
497 141
498 205
499 180
500 172
501 162
502 174
503 174
504 229
505 115
506 206
507 188
508 215
509 191
510 156
511 114
512 216
513 193
514 91
515 207
516 152
517 194
518 181
519 131
520 132
521 164
522 186
523 187
524 105
525 188
526 160
527 179
528 204
529 140
530 155
531 100
532 208
533 243
534 133
535 212
536 251
537 134
538 152
539 203
540 160
541 210
542 0
543 209
544 164
545 221
546 144
547 189
548 194
549 189
550 155
551 183
552 192
553 113
554 201
555 121
556 181
557 170
558 117
559 152
560 150
561 193
562 224
563 222
564 138
565 229
566 221
567 348
568 200
569 212
570 185
571 196
572 194
573 157
574 147
575 216
576 178
577 138
578 174
579 216
580 191
581 160
582 153
583 172
584 183
585 134
586 163
587 137
588 202
589 172
590 185
591 164
592 181
593 114
594 167
595 175
596 141
597 76
598 224
599 164
600 199
601 168
602 189
603 176
604 180
605 189
606 17
607 187
608 59
609 236
610 194
611 133
612 201
613 153
614 187
615 145
616 181
617 203
618 161
619 175
620 193
621 199
622 189
623 152
624 112
625 140
626 137
627 186
628 180
629 215
630 187
631 155
632 173
633 159
634 175
635 178
636 164
637 175
638 176
639 108
640 150
641 146
642 167
643 150
644 160
645 208
646 143
647 117
648 173
649 177
650 321
651 209
652 204
653 152
654 113
655 169
656 126
657 182
658 177
659 247
660 200
661 159
662 140
663 110
664 159
665 152
666 209
667 187
668 201
669 236
670 187
671 244
672 113
673 189
674 134
675 169
676 169
677 163
678 178
679 169
680 213
681 189
682 164
683 205
684 211
685 171
686 153
687 93
688 165
689 181
690 178
691 142
692 192
693 222
694 143
695 157
696 149
697 135
698 164
699 182
700 237
701 156
702 184
703 212
704 189
705 0
706 112
707 171
708 135
709 205
710 234
711 87
712 142
713 152
714 149
715 168
716 213
717 255
718 151
719 159
720 204
721 233
722 185
723 178
724 118
725 174
726 137
727 154
728 128
729 155
730 183
731 170
732 154
733 128
734 164
735 178
736 179
737 159
738 156
739 194
740 217
741 126
742 106
743 201
744 117
745 191
746 130
747 153
748 208
749 172
750 236
751 128
752 180
753 168
754 106
755 178
756 117
757 164
758 199
759 197
760 217
761 183
762 189
763 154
764 212
765 182
766 154
767 188
768 116
769 146
770 181
771 182
772 149
773 167
774 228
775 178
776 147
777 174
778 143
779 131
780 188
781 143
782 153
783 127
784 233
785 194
786 151
787 215
788 134
789 204
790 87
791 127
792 168
793 195
794 149
795 168
796 169
797 174
798 196
799 205
800 105
801 162
802 169
803 127
804 205
805 182
806 244
807 131
808 167
809 161
810 120
811 267
812 161
813 181
814 149
815 151
816 64
817 164
818 187
819 153
820 200
821 164
822 143
823 189
824 145
825 197
826 154
827 198
828 190
829 164
830 172
831 127
832 212
833 169
834 79
835 218
836 100
837 93
838 140
839 194
840 99
841 178
842 104
843 157
844 144
845 259
846 136
847 118
848 177
849 179
850 169
851 181
852 184
853 155
854 242
855 102
856 216
857 157
858 140
859 147
860 167
861 162
862 148
863 191
864 260
865 189
866 156
867 138
868 156
869 333
870 109
871 160
872 195
873 173
874 171
875 169
876 190
877 233
878 144
879 169
880 200
881 184
882 219
883 145
884 185
885 172
886 172
887 224
888 179
889 95
890 213
891 185
892 145
893 169
894 203
895 179
896 157
897 92
898 176
899 134
900 215
901 181
902 229
903 122
904 157
905 190
906 144
907 41
908 196
909 177
910 147
911 202
912 214
913 116
914 182
915 241
916 192
917 171
918 128
919 146
920 159
921 145
922 100
923 298
924 186
925 176
926 173
927 139
928 125
929 125
930 109
931 184
932 122
933 136
934 180
935 205
936 125
937 122
938 214
939 115
940 117
941 149
942 194
943 179
944 160
945 97
946 145
947 244
948 150
949 190
950 180
951 147
952 128
953 127
954 177
955 122
956 84
957 172
958 123
959 75
960 189
961 167
962 98
963 180
964 152
965 150
966 185
967 204
968 134
969 191
970 138
971 143
972 136
973 136
974 175
975 185
976 217
977 173
978 200
979 157
980 107
981 174
982 247
983 137
984 133
985 174
986 154
987 193
988 162
989 152
990 125
991 163
992 245
993 114
994 193
995 190
996 131
997 104
998 109
999 158
1000 104
1001 129
1002 195
1003 176
1004 169
1005 138
1006 142
1007 149
1008 172
1009 157
1010 192
1011 240
1012 218
1013 170
1014 168
1015 192
1016 246
1017 241
1018 208
1019 163
1020 112
1021 187
1022 171
1023 156
1024 166
1025 181
1026 152
1027 173
1028 151
1029 92
1030 0
1031 151
1032 150
1033 166
1034 139
1035 150
1036 126
1037 155
1038 162
1039 177
1040 191
1041 174
1042 172
1043 147
1044 130
1045 187
1046 195
1047 122
1048 209
1049 174
1050 160
1051 167
1052 114
1053 200
1054 219
1055 196
1056 212
1057 187
1058 235
1059 200
1060 197
1061 153
1062 140
1063 170
1064 160
1065 0
1066 226
1067 138
1068 112
1069 213
1070 180
1071 94
1072 130
1073 209
1074 214
1075 254
1076 103
1077 178
1078 176
1079 132
1080 263
1081 78
1082 220
1083 160
1084 152
1085 182
1086 147
1087 158
1088 163
1089 165
1090 247
1091 208
1092 107
1093 221
1094 88
1095 153
1096 195
1097 243
1098 127
1099 131
1100 173
1101 141
1102 174
1103 164
1104 167
1105 158
1106 182
1107 199
1108 148
1109 183
1110 95
1111 206
1112 199
1113 160
1114 167
1115 120
1116 202
1117 168
1118 163
1119 193
1120 173
1121 156
1122 102
1123 159
1124 177
1125 175
1126 246
1127 232
1128 173
1129 150
1130 170
1131 167
1132 188
1133 137
1134 134
1135 165
1136 192
1137 158
1138 127
1139 179
1140 174
1141 144
1142 149
1143 192
1144 0
1145 187
1146 166
1147 237
1148 189
1149 191
1150 188
1151 118
1152 170
1153 186
1154 129
1155 89
1156 200
1157 177
1158 183
1159 215
1160 137
1161 139
1162 129
1163 180
1164 133
1165 175
1166 138
1167 164
1168 213
1169 235
1170 200
1171 180
1172 125
1173 183
1174 181
1175 175
1176 194
1177 159
1178 130
1179 252
1180 198
1181 160
1182 239
1183 96
1184 135
1185 195
1186 182
1187 136
1188 211
1189 136
1190 233
1191 136
1192 208
1193 164
1194 113
1195 169
1196 187
1197 168
1198 154
1199 198
1200 145
1201 186
1202 129
1203 164
1204 241
1205 177
1206 220
1207 161
1208 177
1209 192
1210 180
1211 200
1212 197
1213 184
1214 93
1215 196
1216 197
1217 210
1218 179
1219 150
1220 183
1221 177
1222 161
1223 137
1224 175
1225 170
1226 187
1227 105
1228 166
1229 143
1230 211
1231 163
1232 173
1233 148
1234 83
1235 127
1236 244
1237 154
1238 187
1239 193
1240 141
1241 228
1242 171
1243 133
1244 106
1245 217
1246 224
1247 169
1248 172
1249 119
1250 59
1251 153
1252 101
1253 145
1254 196
1255 207
1256 178
1257 199
1258 128
1259 0
1260 122
1261 156
1262 190
1263 31
1264 159
1265 211
1266 180
1267 184
1268 162
1269 255
1270 94
1271 139
1272 161
1273 132
1274 163
1275 180
1276 156
1277 169
1278 166
1279 127
1280 198
1281 196
1282 182
1283 0
1284 173
1285 192
1286 206
1287 76
1288 154
1289 187
1290 174
1291 209
1292 225
1293 158
1294 166
1295 179
1296 142
1297 233
1298 232
1299 170
1300 163
1301 169
1302 175
1303 181
1304 177
1305 224
1306 187
1307 266
1308 192
1309 160
1310 162
1311 162
1312 192
1313 176
1314 149
1315 181
1316 105
1317 123
1318 182
1319 198
1320 261
1321 184
1322 188
1323 176
1324 128
1325 116
1326 259
1327 178
1328 178
1329 137
1330 193
1331 234
1332 53
1333 159
1334 184
1335 208
1336 161
1337 169
1338 193
1339 171
1340 209
1341 94
1342 161
1343 175
1344 182
1345 250
1346 142
1347 140
1348 12
1349 167
1350 162
1351 157
1352 179
1353 126
1354 217
1355 99
1356 128
1357 253
1358 199
1359 176
1360 89
1361 188
1362 160
1363 109
1364 193
1365 167
1366 176
1367 169
1368 213
1369 213
1370 147
1371 159
1372 162
1373 231
1374 191
1375 111
1376 214
1377 155
1378 121
1379 129
1380 102
1381 149
1382 183
1383 113
1384 160
1385 123
1386 152
1387 160
1388 113
1389 165
1390 194
1391 172
1392 176
1393 184
1394 203
1395 153
1396 193
1397 146
1398 172
1399 162
1400 218
1401 171
1402 202
1403 196
1404 182
1405 154
1406 139
1407 232
1408 187
1409 196
1410 175
1411 132
1412 167
1413 149
1414 159
1415 132
1416 145
1417 150
1418 180
1419 203
1420 178
1421 233
1422 216
1423 159
1424 198
1425 169
1426 141
1427 123
1428 120
1429 194
1430 232
1431 168
1432 146
1433 157
1434 161
1435 201
1436 73
1437 194
1438 219
1439 178
1440 195
1441 192
1442 179
1443 151
1444 141
1445 130
1446 180
1447 157
1448 168
1449 168
1450 99
1451 195
1452 156
1453 202
1454 140
1455 230
1456 145
1457 117
1458 192
1459 204
1460 171
1461 196
1462 141
1463 225
1464 163
1465 165
1466 182
1467 182
1468 185
1469 178
1470 180
1471 176
1472 170
1473 144
1474 165
1475 172
1476 180
1477 217
1478 215
1479 192
1480 200
1481 180
1482 154
1483 72
1484 200
1485 202
1486 229
1487 169
1488 259
1489 236
1490 194
1491 172
1492 169
1493 148
1494 136
1495 200
1496 116
1497 226
1498 188
1499 246
1500 164
1501 183
1502 179
1503 194
1504 155
1505 22
1506 205
1507 185
1508 152
1509 182
1510 155
1511 173
1512 186
1513 194
1514 163
1515 204
1516 251
1517 169
1518 219
1519 181
1520 243
1521 261
1522 134
1523 149
1524 152
1525 158
1526 168
1527 202
1528 164
1529 117
1530 92
1531 150
1532 140
1533 190
1534 181
1535 190
1536 225
1537 166
1538 191
1539 143
1540 162
1541 200
1542 173
1543 165
1544 157
1545 141
1546 199
1547 170
1548 202
1549 196
1550 201
1551 187
1552 164
1553 171
1554 165
1555 175
1556 154
1557 97
1558 177
1559 160
1560 139
1561 173
1562 175
1563 96
1564 212
1565 215
1566 142
1567 205
1568 153
1569 209
1570 165
1571 250
1572 178
1573 165
1574 149
1575 218
1576 195
1577 190
1578 178
1579 169
1580 238
1581 154
1582 145
1583 155
1584 196
1585 154
1586 184
1587 171
1588 174
1589 165
1590 193
1591 151
1592 160
1593 204
1594 179
1595 192
1596 167
1597 131
1598 187
1599 139
1600 161
1601 95
1602 234
1603 212
1604 160
1605 135
1606 177
1607 223
1608 142
1609 163
1610 166
1611 147
1612 203
1613 141
1614 150
1615 226
1616 132
1617 221
1618 173
1619 215
1620 177
1621 161
1622 160
1623 207
1624 142
1625 171
1626 215
1627 157
1628 88
1629 156
1630 201
1631 195
1632 184
1633 213
1634 192
1635 178
1636 160
1637 108
1638 240
1639 128
1640 191
1641 136
1642 309
1643 161
1644 115
1645 142
1646 180
1647 203
1648 166
1649 106
1650 169
1651 207
1652 195
1653 167
1654 165
1655 143
1656 152
1657 135
1658 0
1659 136
1660 162
1661 222
1662 145
1663 88
1664 110
1665 163
1666 191
1667 128
1668 180
1669 154
1670 178
1671 154
1672 158
1673 123
1674 217
1675 191
1676 207
1677 135
1678 213
1679 109
1680 145
1681 184
1682 168
1683 149
1684 183
1685 128
1686 195
1687 205
1688 128
1689 149
1690 186
1691 134
1692 188
1693 241
1694 227
1695 176
1696 98
1697 199
1698 154
1699 192
1700 183
1701 180
1702 148
1703 148
1704 167
1705 172
1706 155
1707 218
1708 232
1709 112
1710 154
1711 171
1712 165
1713 192
1714 172
1715 151
1716 199
1717 83
1718 157
1719 189
1720 206
1721 168
1722 172
1723 170
1724 143
1725 158
1726 157
1727 157
1728 158
1729 203
1730 162
1731 136
1732 187
1733 249
1734 199
1735 198
1736 123
1737 113
1738 141
1739 119
1740 114
1741 150
1742 192
1743 157
1744 161
1745 219
1746 209
1747 191
1748 253
1749 163
1750 142
1751 176
1752 175
1753 244
1754 240
1755 211
1756 198
1757 135
1758 115
1759 152
1760 129
1761 152
1762 152
1763 222
1764 0
1765 152
1766 160
1767 175
1768 140
1769 173
1770 143
1771 169
1772 141
1773 178
1774 111
1775 66
1776 168
1777 184
1778 167
1779 200
1780 185
1781 154
1782 237
1783 162
1784 188
1785 156
1786 182
1787 130
1788 67
1789 135
1790 193
1791 161
1792 203
1793 143
1794 149
1795 176
1796 180
1797 170
1798 133
1799 183
1800 178
1801 184
1802 242
1803 195
1804 163
1805 184
1806 199
1807 182
1808 110
1809 142
1810 168
1811 168
1812 163
1813 178
1814 147
1815 149
1816 180
1817 181
1818 192
1819 151
1820 236
1821 174
1822 172
1823 209
1824 164
1825 210
1826 173
1827 186
1828 142
1829 200
1830 191
1831 212
1832 159
1833 176
1834 179
1835 240
1836 200
1837 182
1838 172
1839 180
1840 178
1841 155
1842 197
1843 214
1844 183
1845 164
1846 129
1847 140
1848 164
1849 104
1850 161
1851 149
1852 172
1853 181
1854 171
1855 190
1856 203
1857 163
1858 193
1859 186
1860 134
1861 283
1862 199
1863 251
1864 178
1865 155
1866 219
1867 154
1868 261
1869 117
1870 184
1871 177
1872 169
1873 162
1874 167
1875 113
1876 190
1877 183
1878 148
1879 148
1880 202
1881 180
1882 119
1883 212
1884 171
1885 222
1886 164
1887 152
1888 175
1889 203
1890 184
1891 142
1892 208
1893 151
1894 188
1895 104
1896 160
1897 187
1898 142
1899 180
1900 127
1901 183
1902 0
1903 114
1904 162
1905 203
1906 121
1907 171
1908 171
1909 172
1910 150
1911 148
1912 95
1913 165
1914 98
1915 222
1916 176
1917 123
1918 222
1919 402
1920 242
1921 158
1922 92
1923 166
1924 182
1925 178
1926 198
1927 159
1928 151
1929 192
1930 179
1931 189
1932 136
1933 198
1934 179
1935 110
1936 163
1937 140
1938 179
1939 202
1940 169
1941 167
1942 165
1943 166
1944 168
1945 201
1946 129
1947 249
1948 144
1949 160
1950 117
1951 178
1952 181
1953 110
1954 176
1955 154
1956 136
1957 123
1958 185
1959 136
1960 151
1961 157
1962 131
1963 135
1964 149
1965 146
1966 98
1967 228
1968 219
1969 218
1970 174
1971 136
1972 189
1973 148
1974 215
1975 163
1976 117
1977 180
1978 180
1979 193
1980 162
1981 125
1982 205
1983 194
1984 167
1985 131
1986 207
1987 206
1988 113
1989 226
1990 190
1991 134
1992 137
1993 149
1994 203
1995 178
1996 161
1997 200
1998 192
1999 178
2000 176
2001 166
2002 165
2003 142
2004 174
2005 69
2006 100
2007 171
2008 177
2009 167
2010 122
2011 137
2012 191
2013 129
2014 155
2015 211
2016 122
2017 177
2018 164
2019 182
2020 123
2021 184
2022 209
2023 241
2024 129
2025 226
2026 173
2027 181
2028 168
2029 133
2030 185
2031 138
2032 205
2033 172
2034 100
2035 146
2036 175
2037 144
2038 124
2039 182
2040 148
2041 179
2042 125
2043 150
2044 127
2045 93
2046 113
2047 162
2048 189
2049 197
2050 183
2051 134
2052 160
2053 191
2054 195
2055 164
2056 223
2057 209
2058 154
2059 218
2060 83
2061 158
2062 138
2063 202
2064 181
2065 174
2066 165
2067 117
2068 190
2069 257
2070 230
2071 115
2072 126
2073 267
2074 130
2075 220
2076 121
2077 187
2078 166
2079 197
2080 150
2081 202
2082 102
2083 156
2084 147
2085 75
2086 185
2087 153
2088 210
2089 219
2090 182
2091 129
2092 185
2093 142
2094 205
2095 110
2096 153
2097 110
2098 97
2099 150
2100 164
2101 148
2102 72
2103 182
2104 207
2105 180
2106 131
2107 160
2108 171
2109 136
2110 160
2111 188
2112 179
2113 157
2114 176
2115 224
2116 192
2117 169
2118 183
2119 197
2120 119
2121 185
2122 143
2123 171
2124 218
2125 183
2126 190
2127 96
2128 167
2129 126
2130 90
2131 58
2132 135
2133 149
2134 167
2135 171
2136 196
2137 171
2138 184
2139 139
2140 113
2141 136
2142 161
2143 189
2144 161
2145 150
2146 180
2147 188
2148 166
2149 199
2150 175
2151 158
2152 109
2153 187
2154 128
2155 180
2156 149
2157 170
2158 205
2159 179
2160 178
2161 203
2162 163
2163 243
2164 172
2165 149
2166 162
2167 243
2168 29
2169 191
2170 160
2171 109
2172 129
2173 97
2174 175
2175 152
2176 202
2177 215
2178 228
2179 169
2180 127
2181 178
2182 136
2183 254
2184 77
2185 237
2186 222
2187 183
2188 0
2189 164
2190 125
2191 152
2192 168
2193 152
2194 224
2195 154
2196 192
2197 160
2198 213
2199 179
2200 189
2201 183
2202 179
2203 161
2204 97
2205 176
2206 0
2207 197
2208 190
2209 148
2210 172
2211 227
2212 189
2213 170
2214 162
2215 221
2216 204
2217 140
2218 184
2219 110
2220 184
2221 71
2222 163
2223 180
2224 225
2225 155
2226 167
2227 195
2228 191
2229 211
2230 124
2231 141
2232 169
2233 162
2234 164
2235 172
2236 200
2237 147
2238 141
2239 211
2240 161
2241 159
2242 175
2243 210
2244 159
2245 222
2246 160
2247 185
2248 186
2249 96
2250 181
2251 193
2252 174
2253 120
2254 243
2255 197
2256 237
2257 186
2258 179
2259 171
2260 109
2261 108
2262 173
2263 186
2264 123
2265 153
2266 211
2267 186
2268 183
2269 126
2270 157
2271 158
2272 100
2273 165
2274 152
2275 223
2276 104
2277 158
2278 117
2279 162
2280 146
2281 161
2282 185
2283 135
2284 128
2285 166
2286 181
2287 119
2288 228
2289 157
2290 218
2291 137
2292 172
2293 158
2294 127
2295 225
2296 175
2297 130
2298 186
2299 244
2300 130
2301 189
2302 129
2303 183
2304 126
2305 133
2306 145
2307 150
2308 194
2309 133
2310 174
2311 152
2312 145
2313 133
2314 152
2315 173
2316 184
2317 156
2318 218
2319 167
2320 190
2321 84
2322 225
2323 186
2324 169
2325 174
2326 156
2327 63
2328 195
2329 143
2330 183
2331 201
2332 127
2333 202
2334 218
2335 181
2336 181
2337 206
2338 130
2339 162
2340 174
2341 119
2342 90
2343 194
2344 165
2345 204
2346 175
2347 158
2348 0
2349 194
2350 241
2351 214
2352 181
2353 174
2354 202
2355 123
2356 184
2357 220
2358 175
2359 167
2360 182
2361 169
2362 196
2363 232
2364 72
2365 178
2366 116
2367 195
2368 181
2369 188
2370 163
2371 179
2372 143
2373 148
2374 230
2375 192
2376 202
2377 209
2378 168
2379 171
2380 161
2381 247
2382 220
2383 126
2384 186
2385 147
2386 165
2387 199
2388 164
2389 206
2390 159
2391 201
2392 162
2393 173
2394 136
2395 148
2396 190
2397 130
2398 170
2399 176
2400 139
2401 145
2402 147
2403 181
2404 223
2405 128
2406 165
2407 212
2408 171
2409 184
2410 206
2411 152
2412 207
2413 199
2414 149
2415 144
2416 160
2417 177
2418 203
2419 184
2420 146
2421 164
2422 127
2423 184
2424 166
2425 153
2426 117
2427 194
2428 210
2429 148
2430 167
2431 253
2432 125
2433 185
2434 178
2435 163
2436 151
2437 191
2438 187
2439 141
2440 182
2441 200
2442 162
2443 192
2444 175
2445 166
2446 176
2447 137
2448 129
2449 237
2450 182
2451 199
2452 173
2453 151
2454 198
2455 187
2456 122
2457 169
2458 193
2459 161
2460 188
2461 142
2462 223
2463 182
2464 161
2465 160
2466 169
2467 199
2468 181
2469 157
2470 123
2471 189
2472 160
2473 200
2474 142
2475 99
2476 188
2477 184
2478 113
2479 192
2480 222
2481 156
2482 122
2483 94
2484 217
2485 176
2486 175
2487 131
2488 126
2489 100
2490 195
2491 151
2492 225
2493 161
2494 147
2495 198
2496 182
2497 141
2498 150
2499 194
2500 217
2501 160
2502 66
2503 179
2504 170
2505 202
2506 180
2507 256
2508 164
2509 192
2510 132
2511 169
2512 113
2513 194
2514 209
2515 139
2516 87
2517 212
2518 179
2519 185
2520 66
2521 224
2522 196
2523 169
2524 223
2525 213
2526 167
2527 191
2528 194
2529 177
2530 201
2531 201
2532 175
2533 113
2534 234
2535 200
2536 102
2537 186
2538 159
2539 182
2540 186
2541 147
2542 143
2543 189
2544 184
2545 138
2546 179
2547 134
2548 178
2549 192
2550 210
2551 184
2552 213
2553 167
2554 159
2555 199
2556 216
2557 172
2558 185
2559 215
2560 113
2561 156
2562 167
2563 216
2564 134
2565 139
2566 123
2567 189
2568 142
2569 159
2570 165
2571 181
2572 178
2573 162
2574 187
2575 142
2576 193
2577 153
2578 206
2579 184
2580 147
2581 158
2582 174
2583 223
2584 190
2585 201
2586 214
2587 198
2588 143
2589 177
2590 208
2591 161
2592 164
2593 149
2594 139
2595 126
2596 187
2597 96
2598 142
2599 217
2600 155
2601 184
2602 115
2603 226
2604 138
2605 171
2606 170
2607 134
2608 167
2609 208
2610 173
2611 150
2612 149
2613 207
2614 163
2615 144
2616 180
2617 120
2618 158
2619 122
2620 149
2621 124
2622 173
2623 133
2624 159
2625 145
2626 161
2627 172
2628 188
2629 165
2630 195
2631 187
2632 158
2633 218
2634 168
2635 159
2636 166
2637 159
2638 112
2639 168
2640 177
2641 231
2642 236
2643 143
2644 151
2645 117
2646 166
2647 189
2648 204
2649 193
2650 167
2651 223
2652 119
2653 193
2654 126
2655 166
2656 170
2657 193
2658 151
2659 170
2660 157
2661 193
2662 77
2663 192
2664 146
2665 158
2666 140
2667 147
2668 152
2669 159
2670 148
2671 161
2672 162
2673 206
2674 225
2675 183
2676 125
2677 170
2678 152
2679 220
2680 169
2681 138
2682 191
2683 149
2684 154
2685 178
2686 188
2687 132
2688 153
2689 184
2690 146
2691 179
2692 129
2693 177
2694 252
2695 163
2696 130
2697 145
2698 149
2699 143
2700 182
2701 167
2702 30
2703 0
2704 154
2705 185
2706 159
2707 156
2708 142
2709 166
2710 239
2711 92
2712 220
2713 173
2714 169
2715 142
2716 185
2717 146
2718 165
2719 168
2720 188
2721 189
2722 124
2723 148
2724 145
2725 196
2726 188
2727 179
2728 147
2729 146
2730 180
2731 156
2732 118
2733 173
2734 131
2735 169
2736 159
2737 149
2738 165
2739 121
2740 185
2741 188
2742 143
2743 147
2744 146
2745 176
2746 203
2747 225
2748 0
2749 190
2750 147
2751 193
2752 160
2753 170
2754 237
2755 184
2756 165
2757 164
2758 153
2759 135
2760 183
2761 6
2762 149
2763 154
2764 143
2765 151
2766 184
2767 105
2768 195
2769 93
2770 202
2771 213
2772 208
2773 212
2774 218
2775 175
2776 150
2777 168
2778 227
2779 121
2780 92
2781 163
2782 217
2783 205
2784 175
2785 173
2786 118
2787 159
2788 151
2789 256
2790 167
2791 225
2792 163
2793 180
2794 167
2795 204
2796 240
2797 136
2798 157
2799 183
2800 142
2801 160
2802 241
2803 228
2804 172
2805 56
2806 166
2807 242
2808 254
2809 181
2810 156
2811 158
2812 191
2813 139
2814 191
2815 207
2816 229
2817 95
2818 239
2819 181
2820 154
2821 174
2822 141
2823 178
2824 233
2825 152
2826 109
2827 178
2828 243
2829 158
2830 194
2831 161
2832 176
2833 97
2834 153
2835 146
2836 162
2837 203
2838 172
2839 221
2840 166
2841 165
2842 201
2843 172
2844 145
2845 161
2846 176
2847 160
2848 144
2849 216
2850 134
2851 243
2852 142
2853 201
2854 168
2855 185
2856 147
2857 200
2858 146
2859 146
2860 214
2861 187
2862 178
2863 152
2864 156
2865 164
2866 229
2867 253
2868 180
2869 157
2870 210
2871 149
2872 173
2873 145
2874 161
2875 160
2876 169
2877 164
2878 172
2879 142
2880 106
2881 142
2882 152
2883 191
2884 190
2885 155
2886 179
2887 199
2888 143
2889 112
2890 217
2891 145
2892 263
2893 204
2894 117
2895 188
2896 181
2897 159
2898 125
2899 223
2900 145
2901 157
2902 84
2903 196
2904 177
2905 161
2906 125
2907 184
2908 181
2909 267
2910 224
2911 272
2912 171
2913 177
2914 139
2915 208
2916 180
2917 159
2918 256
2919 152
2920 201
2921 190
2922 170
2923 209
2924 189
2925 152
2926 150
2927 105
2928 142
2929 218
2930 154
2931 144
2932 199
2933 216
2934 144
2935 165
2936 261
2937 177
2938 36
2939 208
2940 167
2941 146
2942 123
2943 213
2944 190
2945 199
2946 184
2947 78
2948 172
2949 223
2950 185
2951 183
2952 147
2953 239
2954 190
2955 166
2956 176
2957 185
2958 222
2959 290
2960 198
2961 87
2962 265
2963 155
2964 215
2965 160
2966 132
2967 237
2968 169
2969 256
2970 189
2971 144
2972 152
2973 206
2974 119
2975 141
2976 149
2977 160
2978 203
2979 167
2980 172
2981 236
2982 192
2983 139
2984 194
2985 188
2986 186
2987 166
2988 180
2989 186
2990 173
2991 216
2992 163
2993 178
2994 230
2995 207
2996 263
2997 162
2998 130
2999 152
3000 167
3001 140
3002 176
3003 115
3004 243
3005 204
3006 213
3007 143
3008 172
3009 156
3010 194
3011 157
3012 151
3013 154
3014 205
3015 205
3016 150
3017 241
3018 221
3019 160
3020 244
3021 189
3022 186
3023 105
3024 170
3025 177
3026 180
3027 145
3028 247
3029 170
3030 172
3031 81
3032 129
3033 166
3034 204
3035 153
3036 182
3037 173
3038 170
3039 193
3040 176
3041 152
3042 171
3043 143
3044 149
3045 133
3046 0
3047 201
3048 194
3049 175
3050 178
3051 193
3052 224
3053 187
3054 184
3055 181
3056 169
3057 171
3058 187
3059 124
3060 98
3061 161
3062 213
3063 199
3064 233
3065 151
3066 277
3067 98
3068 231
3069 189
3070 76
3071 167
3072 154
3073 243
3074 220
3075 206
3076 208
3077 219
3078 162
3079 195
3080 166
3081 220
3082 0
3083 239
3084 157
3085 126
3086 127
3087 135
3088 201
3089 188
3090 149
3091 181
3092 170
3093 176
3094 208
3095 252
3096 174
3097 180
3098 141
3099 306
3100 99
3101 171
3102 160
3103 159
3104 189
3105 196
3106 179
3107 77
3108 205
3109 176
3110 174
3111 164
3112 182
3113 209
3114 168
3115 128
3116 205
3117 188
3118 222
3119 197
3120 140
3121 173
3122 179
3123 137
3124 172
3125 158
3126 97
3127 148
3128 199
3129 144
3130 217
3131 199
3132 165
3133 169
3134 168
3135 230
3136 163
3137 153
3138 181
3139 126
3140 144
3141 165
3142 199
3143 132
3144 182
3145 139
3146 208
3147 156
3148 212
3149 165
3150 148
3151 263
3152 180
3153 154
3154 94
3155 257
3156 197
3157 175
3158 179
3159 161
3160 190
3161 132
3162 96
3163 154
3164 178
3165 200
3166 130
3167 163
3168 190
3169 136
3170 202
3171 178
3172 144
3173 146
3174 201
3175 202
3176 236
3177 173
3178 150
3179 290
3180 161
3181 210
3182 167
3183 148
3184 81
3185 99
3186 197
3187 169
3188 171
3189 175
3190 81
3191 142
3192 156
3193 146
3194 166
3195 175
3196 113
3197 118
3198 179
3199 151
3200 194
3201 0
3202 239
3203 178
3204 183
3205 199
3206 134
3207 91
3208 149
3209 161
3210 97
3211 133
3212 160
3213 128
3214 230
3215 179
3216 221
3217 117
3218 143
3219 253
3220 186
3221 180
3222 146
3223 99
3224 198
3225 166
3226 192
3227 237
3228 155
3229 163
3230 296
3231 211
3232 207
3233 164
3234 130
3235 146
3236 177
3237 244
3238 155
3239 143
3240 217
3241 139
3242 130
3243 169
3244 101
3245 166
3246 226
3247 140
3248 231
3249 208
3250 138
3251 206
3252 143
3253 211
3254 40
3255 162
3256 149
3257 192
3258 189
3259 148
3260 166
3261 128
3262 217
3263 161
3264 159
3265 195
3266 188
3267 183
3268 0
3269 187
3270 153
3271 190
3272 142
3273 156
3274 179
3275 191
3276 135
3277 116
3278 139
3279 234
3280 222
3281 182
3282 189
3283 144
3284 234
3285 155
3286 134
3287 214
3288 182
3289 135
3290 140
3291 140
3292 180
3293 224
3294 247
3295 163
3296 180
3297 170
3298 117
3299 174
3300 174
3301 164
3302 111
3303 0
3304 150
3305 141
3306 134
3307 153
3308 172
3309 191
3310 132
3311 82
3312 176
3313 200
3314 99
3315 222
3316 117
3317 274
3318 164
3319 175
3320 191
3321 175
3322 186
3323 118
3324 138
3325 185
3326 186
3327 188
3328 177
3329 178
3330 0
3331 159
3332 177
3333 178
3334 202
3335 170
3336 67
3337 190
3338 123
3339 164
3340 167
3341 147
3342 148
3343 248
3344 175
3345 206
3346 181
3347 173
3348 224
3349 227
3350 112
3351 222
3352 183
3353 189
3354 176
3355 155
3356 209
3357 0
3358 146
3359 199
3360 126
3361 151
3362 164
3363 190
3364 184
3365 192
3366 115
3367 167
3368 157
3369 202
3370 174
3371 173
3372 167
3373 162
3374 188
3375 145
3376 144
3377 162
3378 173
3379 175
3380 168
3381 193
3382 211
3383 153
3384 132
3385 185
3386 165
3387 168
3388 159
3389 165
3390 163
3391 154
3392 121
3393 147
3394 179
3395 147
3396 225
3397 165
3398 163
3399 194
3400 178
3401 220
3402 189
3403 160
3404 181
3405 159
3406 0
3407 176
3408 247
3409 177
3410 194
3411 154
3412 126
3413 183
3414 188
3415 215
3416 174
3417 110
3418 226
3419 220
3420 160
3421 153
3422 256
3423 154
3424 176
3425 203
3426 215
3427 173
3428 175
3429 140
3430 207
3431 234
3432 170
3433 172
3434 151
3435 178
3436 145
3437 216
3438 168
3439 164
3440 147
3441 197
3442 153
3443 153
3444 81
3445 164
3446 148
3447 172
3448 158
3449 156
3450 242
3451 140
3452 217
3453 152
3454 150
3455 180
3456 186
3457 175
3458 132
3459 200
3460 85
3461 180
3462 174
3463 173
3464 159
3465 188
3466 153
3467 179
3468 195
3469 147
3470 120
3471 207
3472 142
3473 164
3474 145
3475 143
3476 152
3477 118
3478 198
3479 189
3480 197
3481 164
3482 124
3483 195
3484 222
3485 145
3486 186
3487 143
3488 178
3489 141
3490 172
3491 187
3492 80
3493 151
3494 116
3495 133
3496 118
3497 197
3498 170
3499 181
3500 137
3501 177
3502 151
3503 223
3504 172
3505 181
3506 199
3507 141
3508 155
3509 165
3510 179
3511 181
3512 139
3513 200
3514 153
3515 232
3516 137
3517 179
3518 170
3519 142
3520 206
3521 185
3522 157
3523 198
3524 155
3525 220
3526 151
3527 188
3528 145
3529 201
3530 154
3531 206
3532 171
3533 185
3534 111
3535 202
3536 169
3537 156
3538 149
3539 188
3540 111
3541 167
3542 225
3543 0
3544 163
3545 201
3546 126
3547 163
3548 128
3549 119
3550 184
3551 82
3552 183
3553 175
3554 139
3555 231
3556 212
3557 176
3558 202
3559 241
3560 154
3561 177
3562 197
3563 165
3564 149
3565 200
3566 179
3567 168
3568 187
3569 185
3570 141
3571 201
3572 213
3573 0
3574 156
3575 164
3576 170
3577 154
3578 131
3579 131
3580 152
3581 190
3582 177
3583 46
3584 191
3585 167
3586 181
3587 164
3588 159
3589 133
3590 92
3591 163
3592 168
3593 153
3594 201
3595 148
3596 254
3597 165
3598 204
3599 231
3600 111
3601 164
3602 183
3603 211
3604 95
3605 172
3606 110
3607 209
3608 217
3609 148
3610 165
3611 130
3612 161
3613 204
3614 148
3615 199
3616 139
3617 156
3618 133
3619 204
3620 181
3621 120
3622 168
3623 186
3624 193
3625 143
3626 231
3627 81
3628 150
3629 184
3630 130
3631 181
3632 184
3633 153
3634 99
3635 112
3636 147
3637 212
3638 151
3639 163
3640 235
3641 109
3642 160
3643 214
3644 204
3645 0
3646 132
3647 151
3648 198
3649 166
3650 172
3651 160
3652 163
3653 171
3654 229
3655 179
3656 190
3657 181
3658 123
3659 191
3660 180
3661 156
3662 135
3663 101
3664 195
3665 182
3666 219
3667 196
3668 127
3669 187
3670 147
3671 178
3672 149
3673 235
3674 134
3675 161
3676 174
3677 182
3678 282
3679 0
3680 176
3681 193
3682 204
3683 156
3684 151
3685 177
3686 130
3687 168
3688 204
3689 187
3690 138
3691 192
3692 170
3693 237
3694 0
3695 147
3696 286
3697 173
3698 171
3699 147
3700 122
3701 113
3702 119
3703 175
3704 141
3705 164
3706 151
3707 209
3708 161
3709 164
3710 196
3711 170
3712 144
3713 145
3714 177
3715 177
3716 228
3717 177
3718 169
3719 201
3720 171
3721 228
3722 165
3723 189
3724 182
3725 220
3726 166
3727 146
3728 210
3729 204
3730 219
3731 199
3732 152
3733 167
3734 114
3735 174
3736 143
3737 180
3738 209
3739 155
3740 110
3741 141
3742 157
3743 164
3744 165
3745 0
3746 180
3747 157
3748 197
3749 205
3750 180
3751 184
3752 140
3753 168
3754 132
3755 196
3756 178
3757 176
3758 162
3759 174
3760 218
3761 182
3762 181
3763 238
3764 215
3765 193
3766 143
3767 188
3768 211
3769 193
3770 197
3771 215
3772 151
3773 121
3774 174
3775 133
3776 186
3777 156
3778 229
3779 114
3780 195
3781 141
3782 193
3783 226
3784 177
3785 169
3786 179
3787 172
3788 154
3789 156
3790 226
3791 96
3792 212
3793 232
3794 184
3795 162
3796 243
3797 197
3798 144
3799 230
3800 191
3801 174
3802 0
3803 150
3804 183
3805 148
3806 168
3807 118
3808 172
3809 130
3810 140
3811 177
3812 146
3813 210
3814 182
3815 142
3816 159
3817 165
3818 196
3819 218
3820 196
3821 244
3822 73
3823 181
3824 106
3825 185
3826 199
3827 164
3828 142
3829 118
3830 159
3831 190
3832 119
3833 189
3834 141
3835 164
3836 161
3837 139
3838 166
3839 191
3840 163
3841 195
3842 127
3843 145
3844 155
3845 179
3846 135
3847 153
3848 168
3849 145
3850 224
3851 139
3852 0
3853 162
3854 164
3855 161
3856 184
3857 153
3858 157
3859 161
3860 202
3861 162
3862 125
3863 141
3864 201
3865 177
3866 181
3867 154
3868 183
3869 188
3870 222
3871 162
3872 162
3873 207
3874 185
3875 229
3876 220
3877 189
3878 238
3879 230
3880 170
3881 168
3882 161
3883 186
3884 176
3885 235
3886 226
3887 174
3888 158
3889 223
3890 130
3891 124
3892 166
3893 210
3894 211
3895 149
3896 174
3897 176
3898 144
3899 90
3900 177
3901 191
3902 171
3903 156
3904 143
3905 175
3906 160
3907 157
3908 185
3909 198
3910 86
3911 182
3912 196
3913 190
3914 192
3915 164
3916 185
3917 175
3918 120
3919 133
3920 105
3921 201
3922 216
3923 121
3924 158
3925 134
3926 166
3927 148
3928 177
3929 146
3930 188
3931 220
3932 170
3933 202
3934 165
3935 213
3936 168
3937 182
3938 135
3939 175
3940 289
3941 341
3942 149
3943 158
3944 106
3945 185
3946 155
3947 166
3948 190
3949 161
3950 196
3951 161
3952 198
3953 253
3954 167
3955 162
3956 185
3957 210
3958 176
3959 198
3960 160
3961 145
3962 233
3963 231
3964 164
3965 178
3966 202
3967 174
3968 205
3969 196
3970 203
3971 193
3972 110
3973 149
3974 103
3975 179
3976 155
3977 148
3978 207
3979 155
3980 203
3981 118
3982 232
3983 182
3984 197
3985 167
3986 171
3987 205
3988 241
3989 182
3990 210
3991 183
3992 154
3993 123
3994 177
3995 212
3996 202
3997 226
3998 147
3999 198
4000 98
4001 143
4002 175
4003 185
4004 183
4005 72
4006 113
4007 171
4008 240
4009 153
4010 136
4011 135
4012 136
4013 204
4014 200
4015 200
4016 127
4017 226
4018 192
4019 193
4020 206
4021 125
4022 185
4023 155
4024 122
4025 141
4026 167
4027 163
4028 144
4029 136
4030 139
4031 159
4032 198
4033 93
4034 179
4035 127
4036 177
4037 167
4038 167
4039 126
4040 184
4041 172
4042 144
4043 204
4044 111
4045 168
4046 128
4047 173
4048 171
4049 194
4050 138
4051 199
4052 168
4053 153
4054 198
4055 169
4056 203
4057 160
4058 171
4059 118
4060 143
4061 163
4062 173
4063 144
4064 187
4065 187
4066 0
4067 226
4068 134
4069 168
4070 133
4071 261
4072 151
4073 236
4074 169
4075 221
4076 247
4077 201
4078 121
4079 174
4080 96
4081 226
4082 192
4083 195
4084 171
4085 165
4086 227
4087 215
4088 200
4089 153
4090 181
4091 168
4092 139
4093 177
4094 207
4095 184
4096 176
4097 145
4098 188
4099 139
4100 158
4101 165
4102 213
4103 199
4104 172
4105 231
4106 178
4107 122
4108 166
4109 148
4110 179
4111 157
4112 108
4113 158
4114 174
4115 158
4116 190
4117 179
4118 148
4119 197
4120 199
4121 207
4122 0
4123 166
4124 103
4125 180
4126 231
4127 171
4128 147
4129 199
4130 144
4131 187
4132 198
4133 132
4134 138
4135 182
4136 194
4137 141
4138 176
4139 127
4140 147
4141 144
4142 195
4143 214
4144 201
4145 161
4146 189
4147 150
4148 138
4149 205
4150 133
4151 143
4152 173
4153 149
4154 186
4155 178
4156 159
4157 156
4158 170
4159 177
4160 183
4161 204
4162 209
4163 188
4164 159
4165 202
4166 156
4167 193
4168 217
4169 180
4170 169
4171 221
4172 229
4173 223
4174 115
4175 191
4176 124
4177 215
4178 166
4179 175
4180 161
4181 212
4182 226
4183 192
4184 145
4185 212
4186 253
4187 206
4188 181
4189 192
4190 159
4191 137
4192 233
4193 117
4194 179
4195 151
4196 113
4197 190
4198 163
4199 165
4200 185
4201 165
4202 194
4203 200
4204 155
4205 163
4206 175
4207 204
4208 197
4209 195
4210 174
4211 201
4212 186
4213 134
4214 134
4215 150
4216 215
4217 175
4218 195
4219 141
4220 185
4221 106
4222 107
4223 185
4224 184
4225 193
4226 176
4227 154
4228 185
4229 111
4230 192
4231 211
4232 174
4233 159
4234 191
4235 129
4236 302
4237 180
4238 184
4239 141
4240 176
4241 197
4242 188
4243 254
4244 176
4245 163
4246 184
4247 173
4248 201
4249 181
4250 207
4251 170
4252 139
4253 223
4254 173
4255 187
4256 158
4257 156
4258 159
4259 200
4260 155
4261 170
4262 178
4263 152
4264 118
4265 132
4266 150
4267 197
4268 147
4269 183
4270 211
4271 0
4272 177
4273 159
4274 146
4275 136
4276 162
4277 201
4278 172
4279 205
4280 153
4281 164
4282 156
4283 160
4284 133
4285 199
4286 110
4287 192
4288 174
4289 146
4290 211
4291 140
4292 179
4293 175
4294 239
4295 173
4296 207
4297 169
4298 196
4299 142
4300 189
4301 75
4302 153
4303 139
4304 197
4305 172
4306 176
4307 200
4308 212
4309 142
4310 223
4311 163
4312 195
4313 199
4314 164
4315 160
4316 120
4317 175
4318 220
4319 138
4320 268
4321 124
4322 114
4323 162
4324 212
4325 168
4326 150
4327 187
4328 162
4329 78
4330 221
4331 158
4332 146
4333 193
4334 169
4335 124
4336 159
4337 141
4338 103
4339 122
4340 135
4341 166
4342 153
4343 182
4344 256
4345 0
4346 131
4347 157
4348 157
4349 110
4350 212
4351 202
4352 123
4353 248
4354 188
4355 156
4356 228
4357 191
4358 190
4359 201
4360 157
4361 216
4362 143
4363 83
4364 178
4365 181
4366 153
4367 130
4368 163
4369 113
4370 79
4371 155
4372 207
4373 167
4374 138
4375 209
4376 164
4377 180
4378 157
4379 178
4380 141
4381 197
4382 144
4383 145
4384 108
4385 168
4386 148
4387 223
4388 177
4389 153
4390 205
4391 208
4392 200
4393 92
4394 137
4395 194
4396 207
4397 88
4398 178
4399 203
4400 134
4401 160
4402 149
4403 189
4404 206
4405 253
4406 157
4407 179
4408 216
4409 126
4410 160
4411 188
4412 131
4413 107
4414 176
4415 173
4416 261
4417 195
4418 174
4419 276
4420 171
4421 243
4422 223
4423 105
4424 187
4425 194
4426 181
4427 202
4428 145
4429 197
4430 102
4431 138
4432 144
4433 156
4434 193
4435 157
4436 139
4437 130
4438 246
4439 202
4440 175
4441 194
4442 158
4443 300
4444 192
4445 146
4446 157
4447 118
4448 150
4449 212
4450 155
4451 178
4452 186
4453 161
4454 179
4455 131
4456 236
4457 137
4458 133
4459 173
4460 144
4461 137
4462 142
4463 207
4464 201
4465 286
4466 209
4467 159
4468 199
4469 142
4470 181
4471 177
4472 218
4473 204
4474 181
4475 281
4476 161
4477 152
4478 163
4479 191
4480 156
4481 224
4482 73
4483 175
4484 166
4485 157
4486 171
4487 166
4488 156
4489 206
4490 149
4491 197
4492 201
4493 174
4494 219
4495 195
4496 172
4497 157
4498 153
4499 108
4500 182
4501 181
4502 211
4503 98
4504 155
4505 193
4506 154
4507 133
4508 146
4509 194
4510 159
4511 199
4512 204
4513 180
4514 157
4515 182
4516 241
4517 148
4518 199
4519 175
4520 154
4521 161
4522 178
4523 155
4524 190
4525 167
4526 211
4527 130
4528 174
4529 0
4530 171
4531 134
4532 184
4533 178
4534 0
4535 139
4536 180
4537 127
4538 137
4539 154
4540 135
4541 169
4542 109
4543 197
4544 163
4545 179
4546 157
4547 201
4548 185
4549 169
4550 38
4551 205
4552 200
4553 193
4554 145
4555 149
4556 117
4557 161
4558 165
4559 213
4560 181
4561 160
4562 0
4563 191
4564 203
4565 157
4566 141
4567 103
4568 168
4569 238
4570 197
4571 196
4572 168
4573 146
4574 193
4575 139
4576 153
4577 106
4578 99
4579 164
4580 217
4581 0
4582 194
4583 198
4584 171
4585 95
4586 128
4587 50
4588 217
4589 182
4590 101
4591 272
4592 251
4593 249
4594 146
4595 201
4596 148
4597 177
4598 214
4599 198
