Vertices: 4400
Edges: 22000
Time: 1,786 ms
Iterations: 21900
Vertex Distance
0 0
1 197
2 261
3 218
4 202
5 194
6 265
7 166
8 179
9 193
10 181
11 216
12 203
13 141
14 214
15 113
16 181
17 215
18 201
19 188
20 201
21 202
22 183
23 109
24 221
25 208
26 253
27 215
28 200
29 164
30 175
31 225
32 184
33 211
34 238
35 201
36 189
37 259
38 198
39 175
40 63
41 202
42 222
43 117
44 165
45 206
46 156
47 210
48 195
49 190
50 228
51 160
52 176
53 188
54 176
55 238
56 114
57 236
58 227
59 226
60 180
61 185
62 227
63 226
64 180
65 255
66 175
67 209
68 174
69 123
70 201
71 179
72 175
73 216
74 183
75 142
76 219
77 198
78 208
79 121
80 148
81 190
82 163
83 196
84 175
85 145
86 197
87 241
88 205
89 164
90 179
91 218
92 202
93 241
94 185
95 225
96 197
97 184
98 114
99 202
100 125
101 181
102 234
103 132
104 206
105 228
106 226
107 255
108 164
109 238
110 220
111 207
112 140
113 169
114 127
115 185
116 285
117 171
118 169
119 248
120 237
121 178
122 207
123 262
124 158
125 163
126 205
127 192
128 267
129 229
130 205
131 170
132 216
133 169
134 250
135 150
136 147
137 179
138 206
139 185
140 224
141 191
142 217
143 213
144 188
145 144
146 212
147 182
148 209
149 194
150 238
151 177
152 209
153 153
154 162
155 199
156 235
157 177
158 170
159 217
160 196
161 193
162 226
163 211
164 139
165 189
166 161
167 190
168 190
169 202
170 191
171 148
172 215
173 207
174 228
175 177
176 169
177 195
178 153
179 150
180 140
181 76
182 96
183 108
184 185
185 204
186 187
187 229
188 186
189 237
190 170
191 202
192 156
193 198
194 225
195 190
196 186
197 203
198 180
199 198
200 196
201 253
202 192
203 177
204 233
205 210
206 0
207 211
208 131
209 141
210 156
211 174
212 176
213 183
214 129
215 153
216 189
217 196
218 196
219 197
220 178
221 242
222 184
223 150
224 144
225 162
226 216
227 228
228 260
229 175
230 170
231 254
232 157
233 216
234 205
235 179
236 182
237 204
238 159
239 122
240 0
241 203
242 180
243 0
244 145
245 206
246 177
247 227
248 204
249 224
250 159
251 213
252 177
253 157
254 184
255 175
256 204
257 150
258 217
259 237
260 157
261 174
262 131
263 227
264 174
265 207
266 214
267 147
268 191
269 168
270 107
271 143
272 175
273 214
274 195
275 261
276 163
277 187
278 190
279 171
280 199
281 173
282 225
283 160
284 229
285 213
286 238
287 151
288 195
289 198
290 175
291 139
292 177
293 202
294 133
295 207
296 119
297 166
298 174
299 276
300 215
301 224
302 206
303 161
304 148
305 234
306 173
307 232
308 174
309 185
310 293
311 142
312 173
313 211
314 248
315 214
316 230
317 178
318 268
319 234
320 193
321 169
322 165
323 196
324 187
325 158
326 217
327 246
328 248
329 168
330 314
331 215
332 206
333 177
334 209
335 173
336 139
337 190
338 178
339 170
340 190
341 186
342 193
343 198
344 194
345 73
346 261
347 220
348 178
349 178
350 260
351 138
352 183
353 221
354 169
355 167
356 194
357 195
358 227
359 167
360 242
361 230
362 188
363 212
364 216
365 231
366 291
367 173
368 159
369 138
370 233
371 184
372 224
373 184
374 172
375 226
376 214
377 152
378 143
379 196
380 115
381 232
382 237
383 199
384 176
385 163
386 181
387 182
388 201
389 131
390 197
391 211
392 284
393 163
394 157
395 233
396 198
397 180
398 173
399 184
400 189
401 163
402 214
403 216
404 206
405 165
406 236
407 189
408 261
409 210
410 200
411 200
412 209
413 116
414 237
415 197
416 159
417 201
418 163
419 184
420 182
421 161
422 218
423 183
424 201
425 127
426 204
427 220
428 210
429 172
430 168
431 216
432 168
433 188
434 249
435 112
436 204
437 208
438 165
439 179
440 140
441 173
442 195
443 151
444 176
445 183
446 112
447 178
448 246
449 174
450 210
451 214
452 217
453 156
454 211
455 213
456 164
457 232
458 163
459 155
460 167
461 104
462 255
463 221
464 170
465 199
466 228
467 180
468 208
469 226
470 155
471 154
472 171
473 174
474 194
475 190
476 181
477 223
478 140
479 116
480 179
481 202
482 231
483 165
484 133
485 188
486 222
487 159
488 132
489 200
490 177
491 222
492 221
493 145
494 164
495 204
496 172
497 191
498 178
499 198
500 291
501 176
502 169
503 227
504 235
505 157
506 74
507 192
508 223
509 190
510 133
511 188
512 187
513 145
514 195
515 223
516 172
517 269
518 191
519 259
520 154
521 189
522 180
523 204
524 176
525 254
526 193
527 275
528 166
529 197
530 177
531 159
532 179
533 231
534 185
535 131
536 152
537 125
538 201
539 196
540 0
541 137
542 177
543 163
544 155
545 183
546 225
547 180
548 197
549 184
550 234
551 173
552 186
553 187
554 200
555 191
556 173
557 204
558 211
559 189
560 153
561 225
562 243
563 150
564 155
565 189
566 114
567 148
568 247
569 161
570 191
571 160
572 214
573 179
574 208
575 190
576 216
577 203
578 260
579 135
580 215
581 159
582 238
583 216
584 201
585 269
586 225
587 223
588 237
589 230
590 239
591 189
592 139
593 169
594 209
595 175
596 186
597 161
598 188
599 184
600 181
601 152
602 162
603 139
604 300
605 171
606 234
607 196
608 208
609 179
610 150
611 202
612 195
613 245
614 213
615 224
616 245
617 142
618 274
619 223
620 104
621 186
622 250
623 175
624 30
625 205
626 198
627 161
628 213
629 165
630 212
631 192
632 175
633 136
634 106
635 199
636 197
637 219
638 174
639 207
640 235
641 207
642 171
643 216
644 208
645 181
646 192
647 186
648 183
649 176
650 183
651 277
652 186
653 183
654 153
655 175
656 98
657 176
658 248
659 198
660 155
661 202
662 221
663 195
664 198
665 221
666 184
667 163
668 206
669 134
670 213
671 237
672 231
673 208
674 233
675 147
676 218
677 230
678 260
679 69
680 234
681 238
682 308
683 208
684 154
685 179
686 170
687 188
688 205
689 216
690 241
691 274
692 201
693 220
694 177
695 193
696 175
697 187
698 169
699 191
700 163
701 198
702 178
703 115
704 202
705 219
706 206
707 0
708 183
709 248
710 251
711 174
712 190
713 150
714 179
715 209
716 256
717 174
718 187
719 155
720 179
721 164
722 186
723 269
724 169
725 280
726 208
727 182
728 144
729 195
730 189
731 247
732 240
733 241
734 186
735 153
736 226
737 180
738 198
739 207
740 244
741 252
742 199
743 160
744 240
745 256
746 181
747 195
748 215
749 221
750 254
751 165
752 201
753 205
754 218
755 156
756 169
757 131
758 165
759 177
760 191
761 159
762 172
763 147
764 252
765 162
766 182
767 256
768 198
769 138
770 166
771 234
772 185
773 223
774 204
775 277
776 249
777 241
778 218
779 222
780 238
781 176
782 178
783 216
784 166
785 222
786 155
787 204
788 226
789 217
790 182
791 187
792 215
793 226
794 196
795 254
796 154
797 162
798 230
799 169
800 255
801 193
802 164
803 190
804 99
805 225
806 223
807 152
808 188
809 183
810 219
811 199
812 174
813 214
814 249
815 214
816 263
817 291
818 166
819 165
820 167
821 174
822 237
823 179
824 131
825 202
826 221
827 225
828 192
829 139
830 174
831 169
832 0
833 160
834 227
835 195
836 170
837 172
838 165
839 189
840 0
841 263
842 175
843 184
844 146
845 225
846 196
847 214
848 204
849 80
850 202
851 225
852 182
853 135
854 226
855 217
856 179
857 181
858 152
859 160
860 201
861 178
862 181
863 240
864 252
865 205
866 171
867 142
868 192
869 184
870 114
871 214
872 251
873 162
874 235
875 253
876 167
877 214
878 210
879 164
880 185
881 223
882 115
883 215
884 212
885 164
886 186
887 188
888 140
889 169
890 206
891 181
892 230
893 261
894 239
895 210
896 151
897 240
898 179
899 240
900 193
901 215
902 216
903 242
904 180
905 144
906 149
907 202
908 207
909 191
910 195
911 197
912 170
913 194
914 152
915 253
916 201
917 179
918 147
919 171
920 218
921 146
922 215
923 153
924 181
925 141
926 161
927 121
928 178
929 181
930 159
931 192
932 206
933 188
934 237
935 141
936 151
937 217
938 272
939 218
940 199
941 197
942 165
943 201
944 279
945 218
946 212
947 210
948 193
949 208
950 151
951 192
952 234
953 186
954 220
955 180
956 175
957 183
958 214
959 225
960 200
961 197
962 239
963 229
964 183
965 174
966 203
967 214
968 138
969 196
970 205
971 224
972 235
973 252
974 208
975 137
976 201
977 245
978 214
979 194
980 211
981 217
982 252
983 152
984 218
985 233
986 211
987 155
988 188
989 243
990 233
991 194
992 120
993 192
994 209
995 205
996 128
997 208
998 181
999 177
1000 224
1001 88
1002 230
1003 201
1004 217
1005 165
1006 261
1007 169
1008 222
1009 213
1010 121
1011 195
1012 247
1013 170
1014 144
1015 193
1016 201
1017 216
1018 173
1019 145
1020 134
1021 187
1022 208
1023 205
1024 233
1025 182
1026 210
1027 197
1028 252
1029 239
1030 189
1031 235
1032 239
1033 235
1034 210
1035 196
1036 216
1037 206
1038 179
1039 132
1040 208
1041 132
1042 257
1043 226
1044 213
1045 182
1046 150
1047 183
1048 183
1049 166
1050 203
1051 171
1052 171
1053 219
1054 223
1055 159
1056 256
1057 211
1058 186
1059 191
1060 181
1061 192
1062 149
1063 217
1064 141
1065 180
1066 165
1067 219
1068 230
1069 189
1070 227
1071 189
1072 175
1073 227
1074 185
1075 216
1076 236
1077 179
1078 204
1079 111
1080 116
1081 328
1082 137
1083 186
1084 223
1085 274
1086 174
1087 203
1088 230
1089 175
1090 257
1091 0
1092 165
1093 199
1094 157
1095 189
1096 244
1097 191
1098 173
1099 247
1100 160
1101 291
1102 230
1103 214
1104 200
1105 206
1106 220
1107 258
1108 187
1109 232
1110 221
1111 191
1112 210
1113 178
1114 195
1115 193
1116 260
1117 180
1118 211
1119 188
1120 243
1121 226
1122 180
1123 211
1124 192
1125 193
1126 110
1127 233
1128 184
1129 201
1130 210
1131 213
1132 252
1133 232
1134 259
1135 226
1136 80
1137 250
1138 215
1139 230
1140 195
1141 226
1142 189
1143 219
1144 172
1145 199
1146 183
1147 200
1148 228
1149 212
1150 203
1151 177
1152 175
1153 153
1154 200
1155 137
1156 158
1157 193
1158 207
1159 203
1160 170
1161 167
1162 176
1163 220
1164 208
1165 177
1166 193
1167 198
1168 188
1169 148
1170 167
1171 181
1172 232
1173 168
1174 172
1175 179
1176 207
1177 244
1178 204
1179 177
1180 220
1181 201
1182 183
1183 222
1184 240
1185 210
1186 280
1187 219
1188 161
1189 253
1190 213
1191 209
1192 206
1193 215
1194 184
1195 112
1196 208
1197 155
1198 198
1199 197
1200 0
1201 247
1202 184
1203 161
1204 190
1205 213
1206 188
1207 230
1208 107
1209 221
1210 171
1211 226
1212 179
1213 154
1214 136
1215 162
1216 190
1217 204
1218 164
1219 165
1220 209
1221 156
1222 177
1223 217
1224 160
1225 184
1226 195
1227 253
1228 212
1229 197
1230 157
1231 198
1232 253
1233 231
1234 168
1235 177
1236 132
1237 215
1238 218
1239 143
1240 144
1241 153
1242 229
1243 141
1244 201
1245 225
1246 205
1247 202
1248 181
1249 276
1250 218
1251 175
1252 177
1253 256
1254 165
1255 166
1256 158
1257 186
1258 176
1259 210
1260 120
1261 152
1262 170
1263 232
1264 198
1265 101
1266 197
1267 204
1268 185
1269 164
1270 146
1271 245
1272 166
1273 224
1274 211
1275 202
1276 230
1277 241
1278 221
1279 179
1280 172
1281 217
1282 185
1283 233
1284 192
1285 219
1286 173
1287 168
1288 211
1289 222
1290 172
1291 213
1292 146
1293 216
1294 207
1295 202
1296 274
1297 196
1298 205
1299 208
1300 167
1301 235
1302 351
1303 176
1304 172
1305 200
1306 197
1307 230
1308 231
1309 219
1310 244
1311 262
1312 165
1313 191
1314 203
1315 214
1316 247
1317 183
1318 204
1319 167
1320 141
1321 151
1322 187
1323 248
1324 126
1325 179
1326 186
1327 222
1328 207
1329 173
1330 190
1331 233
1332 175
1333 218
1334 244
1335 159
1336 133
1337 145
1338 192
1339 190
1340 155
1341 211
1342 183
1343 182
1344 218
1345 185
1346 237
1347 206
1348 121
1349 184
1350 189
1351 201
1352 223
1353 92
1354 227
1355 179
1356 190
1357 235
1358 220
1359 176
1360 228
1361 222
1362 183
1363 213
1364 144
1365 202
1366 210
1367 183
1368 176
1369 129
1370 224
1371 229
1372 180
1373 122
1374 201
1375 198
1376 0
1377 192
1378 163
1379 181
1380 180
1381 230
1382 230
1383 163
1384 188
1385 112
1386 159
1387 207
1388 157
1389 97
1390 136
1391 189
1392 219
1393 242
1394 205
1395 292
1396 139
1397 212
1398 164
1399 217
1400 198
1401 179
1402 169
1403 154
1404 153
1405 159
1406 169
1407 86
1408 227
1409 186
1410 273
1411 212
1412 190
1413 197
1414 196
1415 202
1416 223
1417 151
1418 166
1419 146
1420 152
1421 131
1422 203
1423 128
1424 180
1425 131
1426 181
1427 141
1428 170
1429 182
1430 198
1431 201
1432 183
1433 175
1434 189
1435 225
1436 155
1437 180
1438 220
1439 203
1440 198
1441 163
1442 173
1443 182
1444 205
1445 246
1446 211
1447 250
1448 201
1449 227
1450 218
1451 158
1452 124
1453 164
1454 178
1455 176
1456 348
1457 164
1458 196
1459 194
1460 148
1461 177
1462 225
1463 204
1464 228
1465 155
1466 285
1467 186
1468 158
1469 209
1470 192
1471 137
1472 268
1473 216
1474 208
1475 231
1476 162
1477 177
1478 147
1479 181
1480 205
1481 153
1482 197
1483 214
1484 187
1485 105
1486 216
1487 202
1488 199
1489 145
1490 175
1491 179
1492 225
1493 144
1494 201
1495 227
1496 198
1497 194
1498 253
1499 167
1500 184
1501 216
1502 163
1503 231
1504 179
1505 132
1506 233
1507 151
1508 216
1509 182
1510 180
1511 91
1512 277
1513 209
1514 222
1515 218
1516 196
1517 82
1518 203
1519 196
1520 191
1521 257
1522 160
1523 223
1524 210
1525 164
1526 150
1527 138
1528 242
1529 184
1530 222
1531 163
1532 220
1533 227
1534 192
1535 200
1536 179
1537 178
1538 189
1539 187
1540 223
1541 164
1542 168
1543 198
1544 187
1545 191
1546 230
1547 224
1548 173
1549 182
1550 165
1551 0
1552 190
1553 260
1554 227
1555 171
1556 120
1557 239
1558 209
1559 210
1560 205
1561 228
1562 238
1563 217
1564 139
1565 175
1566 206
1567 193
1568 275
1569 216
1570 117
1571 126
1572 262
1573 255
1574 176
1575 205
1576 151
1577 219
1578 217
1579 196
1580 178
1581 186
1582 206
1583 212
1584 204
1585 197
1586 241
1587 225
1588 155
1589 196
1590 226
1591 212
1592 181
1593 221
1594 192
1595 180
1596 229
1597 159
1598 191
1599 250
1600 169
1601 175
1602 99
1603 215
1604 204
1605 163
1606 146
1607 197
1608 274
1609 210
1610 173
1611 198
1612 217
1613 208
1614 204
1615 154
1616 147
1617 188
1618 169
1619 169
1620 241
1621 197
1622 174
1623 167
1624 127
1625 183
1626 187
1627 178
1628 201
1629 184
1630 184
1631 247
1632 170
1633 208
1634 229
1635 171
1636 245
1637 128
1638 153
1639 167
1640 234
1641 217
1642 193
1643 233
1644 178
1645 165
1646 108
1647 238
1648 144
1649 214
1650 158
1651 196
1652 99
1653 216
1654 235
1655 165
1656 162
1657 239
1658 180
1659 196
1660 143
1661 195
1662 186
1663 173
1664 199
1665 196
1666 206
1667 162
1668 201
1669 159
1670 201
1671 186
1672 161
1673 204
1674 190
1675 170
1676 208
1677 93
1678 184
1679 212
1680 167
1681 182
1682 187
1683 254
1684 142
1685 220
1686 179
1687 213
1688 198
1689 220
1690 193
1691 181
1692 205
1693 207
1694 173
1695 214
1696 189
1697 186
1698 191
1699 176
1700 214
1701 210
1702 202
1703 138
1704 249
1705 201
1706 194
1707 135
1708 228
1709 228
1710 220
1711 164
1712 198
1713 214
1714 143
1715 212
1716 175
1717 234
1718 191
1719 177
1720 165
1721 249
1722 206
1723 151
1724 181
1725 163
1726 200
1727 174
1728 231
1729 181
1730 209
1731 139
1732 196
1733 179
1734 245
1735 193
1736 220
1737 217
1738 209
1739 210
1740 206
1741 206
1742 224
1743 241
1744 138
1745 217
1746 230
1747 163
1748 210
1749 192
1750 227
1751 212
1752 194
1753 211
1754 212
1755 178
1756 184
1757 147
1758 78
1759 215
1760 200
1761 185
1762 205
1763 220
1764 132
1765 156
1766 163
1767 183
1768 211
1769 116
1770 151
1771 183
1772 216
1773 232
1774 178
1775 158
1776 176
1777 204
1778 197
1779 242
1780 169
1781 191
1782 252
1783 207
1784 161
1785 154
1786 253
1787 142
1788 226
1789 221
1790 155
1791 232
1792 130
1793 183
1794 114
1795 161
1796 232
1797 179
1798 256
1799 204
1800 186
1801 203
1802 204
1803 129
1804 189
1805 228
1806 211
1807 184
1808 177
1809 193
1810 214
1811 166
1812 221
1813 144
1814 149
1815 151
1816 151
1817 206
1818 210
1819 197
1820 150
1821 217
1822 186
1823 170
1824 175
1825 163
1826 161
1827 169
1828 247
1829 337
1830 167
1831 198
1832 241
1833 181
1834 193
1835 173
1836 182
1837 198
1838 77
1839 201
1840 188
1841 261
1842 238
1843 155
1844 224
1845 185
1846 230
1847 199
1848 199
1849 93
1850 215
1851 147
1852 271
1853 178
1854 181
1855 247
1856 193
1857 202
1858 183
1859 199
1860 225
1861 223
1862 216
1863 125
1864 215
1865 174
1866 179
1867 236
1868 200
1869 227
1870 308
1871 207
1872 227
1873 247
1874 165
1875 214
1876 168
1877 218
1878 160
1879 205
1880 178
1881 234
1882 181
1883 226
1884 200
1885 255
1886 224
1887 193
1888 199
1889 156
1890 206
1891 255
1892 270
1893 192
1894 173
1895 215
1896 162
1897 212
1898 205
1899 178
1900 185
1901 122
1902 187
1903 197
1904 96
1905 193
1906 182
1907 197
1908 201
1909 160
1910 197
1911 226
1912 96
1913 258
1914 197
1915 207
1916 245
1917 166
1918 237
1919 85
1920 182
1921 205
1922 199
1923 243
1924 230
1925 181
1926 170
1927 197
1928 167
1929 193
1930 139
1931 237
1932 253
1933 163
1934 255
1935 210
1936 194
1937 202
1938 148
1939 183
1940 94
1941 193
1942 211
1943 216
1944 161
1945 178
1946 208
1947 207
1948 157
1949 176
1950 181
1951 167
1952 212
1953 178
1954 201
1955 190
1956 184
1957 263
1958 273
1959 209
1960 285
1961 186
1962 204
1963 200
1964 184
1965 198
1966 201
1967 175
1968 201
1969 223
1970 229
1971 203
1972 206
1973 184
1974 202
1975 190
1976 190
1977 177
1978 163
1979 146
1980 209
1981 204
1982 148
1983 168
1984 250
1985 191
1986 160
1987 146
1988 251
1989 240
1990 191
1991 180
1992 194
1993 190
1994 188
1995 159
1996 183
1997 201
1998 182
1999 176
2000 275
2001 204
2002 304
2003 181
2004 172
2005 179
2006 167
2007 192
2008 180
2009 180
2010 237
2011 206
2012 190
2013 205
2014 204
2015 178
2016 238
2017 219
2018 260
2019 215
2020 192
2021 191
2022 179
2023 184
2024 225
2025 223
2026 221
2027 210
2028 216
2029 227
2030 185
2031 208
2032 185
2033 230
2034 177
2035 150
2036 201
2037 204
2038 220
2039 211
2040 223
2041 215
2042 207
2043 262
2044 167
2045 193
2046 211
2047 178
2048 180
2049 185
2050 189
2051 244
2052 228
2053 160
2054 148
2055 176
2056 173
2057 178
2058 237
2059 85
2060 171
2061 195
2062 138
2063 213
2064 66
2065 210
2066 173
2067 162
2068 114
2069 161
2070 257
2071 236
2072 185
2073 197
2074 197
2075 186
2076 137
2077 122
2078 196
2079 215
2080 192
2081 217
2082 188
2083 184
2084 196
2085 195
2086 231
2087 163
2088 132
2089 199
2090 148
2091 127
2092 165
2093 233
2094 213
2095 173
2096 221
2097 163
2098 215
2099 145
2100 190
2101 169
2102 203
2103 145
2104 220
2105 206
2106 179
2107 217
2108 275
2109 175
2110 182
2111 205
2112 198
2113 212
2114 181
2115 192
2116 192
2117 201
2118 174
2119 178
2120 181
2121 240
2122 186
2123 140
2124 187
2125 183
2126 204
2127 200
2128 238
2129 210
2130 220
2131 211
2132 196
2133 216
2134 179
2135 199
2136 211
2137 146
2138 239
2139 142
2140 161
2141 162
2142 156
2143 208
2144 160
2145 216
2146 227
2147 181
2148 167
2149 157
2150 211
2151 225
2152 167
2153 184
2154 159
2155 172
2156 169
2157 210
2158 143
2159 220
2160 212
2161 161
2162 132
2163 174
2164 181
2165 227
2166 218
2167 189
2168 221
2169 236
2170 193
2171 149
2172 166
2173 199
2174 220
2175 217
2176 195
2177 205
2178 180
2179 227
2180 185
2181 215
2182 190
2183 205
2184 191
2185 182
2186 163
2187 144
2188 232
2189 130
2190 214
2191 220
2192 269
2193 258
2194 187
2195 160
2196 215
2197 212
2198 269
2199 161
2200 242
2201 189
2202 188
2203 205
2204 137
2205 211
2206 150
2207 198
2208 215
2209 146
2210 204
2211 156
2212 178
2213 253
2214 197
2215 163
2216 225
2217 181
2218 219
2219 199
2220 211
2221 166
2222 199
2223 229
2224 192
2225 161
2226 263
2227 172
2228 283
2229 234
2230 222
2231 251
2232 199
2233 178
2234 185
2235 228
2236 179
2237 221
2238 146
2239 163
2240 194
2241 229
2242 217
2243 147
2244 241
2245 201
2246 139
2247 129
2248 239
2249 212
2250 158
2251 196
2252 242
2253 176
2254 185
2255 185
2256 168
2257 155
2258 179
2259 265
2260 179
2261 187
2262 156
2263 225
2264 120
2265 201
2266 181
2267 196
2268 165
2269 226
2270 209
2271 214
2272 143
2273 126
2274 85
2275 211
2276 227
2277 229
2278 219
2279 198
2280 200
2281 208
2282 201
2283 220
2284 165
2285 128
2286 200
2287 184
2288 140
2289 123
2290 247
2291 163
2292 228
2293 177
2294 138
2295 230
2296 243
2297 186
2298 235
2299 196
2300 84
2301 230
2302 104
2303 141
2304 201
2305 222
2306 184
2307 163
2308 183
2309 184
2310 154
2311 103
2312 187
2313 212
2314 228
2315 133
2316 193
2317 299
2318 90
2319 178
2320 200
2321 183
2322 185
2323 199
2324 202
2325 181
2326 149
2327 174
2328 228
2329 212
2330 214
2331 197
2332 183
2333 241
2334 178
2335 170
2336 179
2337 272
2338 186
2339 168
2340 155
2341 190
2342 197
2343 209
2344 229
2345 206
2346 159
2347 235
2348 118
2349 204
2350 189
2351 189
2352 219
2353 164
2354 219
2355 158
2356 174
2357 174
2358 254
2359 192
2360 210
2361 183
2362 197
2363 210
2364 185
2365 220
2366 168
2367 187
2368 212
2369 215
2370 177
2371 180
2372 161
2373 216
2374 73
2375 239
2376 236
2377 197
2378 205
2379 183
2380 196
2381 195
2382 210
2383 199
2384 257
2385 206
2386 188
2387 176
2388 193
2389 217
2390 204
2391 180
2392 221
2393 240
2394 173
2395 188
2396 253
2397 168
2398 167
2399 187
2400 225
2401 193
2402 168
2403 187
2404 161
2405 208
2406 197
2407 194
2408 135
2409 219
2410 177
2411 161
2412 174
2413 141
2414 202
2415 202
2416 211
2417 221
2418 246
2419 185
2420 221
2421 113
2422 241
2423 181
2424 169
2425 143
2426 177
2427 263
2428 219
2429 188
2430 139
2431 222
2432 170
2433 188
2434 222
2435 177
2436 180
2437 230
2438 214
2439 172
2440 184
2441 172
2442 266
2443 160
2444 226
2445 220
2446 191
2447 200
2448 152
2449 215
2450 209
2451 182
2452 211
2453 235
2454 149
2455 220
2456 183
2457 191
2458 209
2459 121
2460 199
2461 184
2462 168
2463 258
2464 170
2465 190
2466 156
2467 217
2468 180
2469 184
2470 178
2471 198
2472 214
2473 82
2474 212
2475 120
2476 256
2477 213
2478 249
2479 94
2480 187
2481 240
2482 192
2483 198
2484 183
2485 258
2486 212
2487 233
2488 108
2489 197
2490 175
2491 202
2492 172
2493 193
2494 228
2495 241
2496 217
2497 165
2498 164
2499 218
2500 189
2501 198
2502 150
2503 158
2504 152
2505 183
2506 168
2507 214
2508 166
2509 194
2510 198
2511 175
2512 166
2513 175
2514 154
2515 215
2516 160
2517 199
2518 179
2519 167
2520 154
2521 188
2522 185
2523 198
2524 216
2525 182
2526 222
2527 180
2528 192
2529 196
2530 207
2531 221
2532 172
2533 192
2534 179
2535 81
2536 180
2537 220
2538 193
2539 198
2540 134
2541 196
2542 229
2543 93
2544 182
2545 166
2546 263
2547 237
2548 210
2549 165
2550 230
2551 212
2552 195
2553 231
2554 206
2555 133
2556 190
2557 210
2558 188
2559 206
2560 137
2561 171
2562 230
2563 130
2564 172
2565 202
2566 202
2567 98
2568 175
2569 189
2570 215
2571 160
2572 188
2573 220
2574 200
2575 201
2576 182
2577 145
2578 162
2579 187
2580 173
2581 226
2582 208
2583 214
2584 208
2585 127
2586 215
2587 174
2588 123
2589 204
2590 205
2591 138
2592 177
2593 279
2594 145
2595 191
2596 230
2597 246
2598 197
2599 205
2600 145
2601 164
2602 145
2603 220
2604 220
2605 212
2606 221
2607 135
2608 176
2609 189
2610 171
2611 194
2612 201
2613 166
2614 175
2615 251
2616 196
2617 165
2618 257
2619 69
2620 151
2621 182
2622 174
2623 233
2624 259
2625 190
2626 218
2627 174
2628 167
2629 147
2630 193
2631 201
2632 169
2633 147
2634 159
2635 156
2636 231
2637 198
2638 158
2639 220
2640 0
2641 222
2642 219
2643 208
2644 182
2645 147
2646 207
2647 198
2648 207
2649 150
2650 214
2651 253
2652 273
2653 147
2654 155
2655 225
2656 209
2657 182
2658 262
2659 226
2660 261
2661 199
2662 157
2663 214
2664 159
2665 179
2666 218
2667 223
2668 178
2669 169
2670 180
2671 171
2672 206
2673 187
2674 279
2675 117
2676 186
2677 212
2678 209
2679 213
2680 209
2681 213
2682 221
2683 203
2684 197
2685 162
2686 198
2687 163
2688 228
2689 193
2690 176
2691 249
2692 218
2693 151
2694 228
2695 167
2696 191
2697 231
2698 204
2699 208
2700 201
2701 195
2702 167
2703 203
2704 240
2705 163
2706 201
2707 129
2708 202
2709 187
2710 209
2711 166
2712 176
2713 193
2714 210
2715 223
2716 172
2717 194
2718 162
2719 164
2720 165
2721 163
2722 181
2723 213
2724 243
2725 220
2726 182
2727 217
2728 226
2729 179
2730 253
2731 175
2732 98
2733 157
2734 204
2735 155
2736 156
2737 205
2738 189
2739 207
2740 191
2741 212
2742 200
2743 177
2744 226
2745 159
2746 181
2747 180
2748 131
2749 152
2750 146
2751 200
2752 178
2753 150
2754 218
2755 294
2756 185
2757 191
2758 195
2759 186
2760 177
2761 189
2762 230
2763 220
2764 244
2765 209
2766 216
2767 214
2768 237
2769 234
2770 195
2771 147
2772 200
2773 265
2774 245
2775 166
2776 205
2777 188
2778 235
2779 220
2780 228
2781 233
2782 163
2783 181
2784 196
2785 209
2786 190
2787 178
2788 147
2789 224
2790 166
2791 147
2792 190
2793 219
2794 181
2795 202
2796 105
2797 191
2798 223
2799 174
2800 264
2801 213
2802 138
2803 203
2804 175
2805 288
2806 216
2807 150
2808 171
2809 195
2810 191
2811 164
2812 162
2813 166
2814 142
2815 246
2816 246
2817 143
2818 231
2819 284
2820 205
2821 200
2822 180
2823 187
2824 73
2825 174
2826 235
2827 170
2828 207
2829 225
2830 186
2831 194
2832 210
2833 228
2834 203
2835 169
2836 191
2837 0
2838 135
2839 186
2840 169
2841 203
2842 137
2843 220
2844 179
2845 180
2846 185
2847 170
2848 212
2849 201
2850 184
2851 180
2852 126
2853 180
2854 155
2855 162
2856 202
2857 196
2858 224
2859 180
2860 133
2861 177
2862 169
2863 209
2864 152
2865 205
2866 212
2867 165
2868 148
2869 190
2870 202
2871 217
2872 206
2873 166
2874 203
2875 314
2876 207
2877 169
2878 179
2879 206
2880 223
2881 166
2882 239
2883 188
2884 198
2885 201
2886 205
2887 218
2888 147
2889 174
2890 184
2891 158
2892 233
2893 229
2894 140
2895 223
2896 219
2897 191
2898 143
2899 138
2900 114
2901 196
2902 195
2903 129
2904 194
2905 146
2906 201
2907 172
2908 176
2909 131
2910 190
2911 235
2912 164
2913 192
2914 175
2915 175
2916 179
2917 196
2918 0
2919 221
2920 179
2921 203
2922 233
2923 179
2924 203
2925 226
2926 169
2927 197
2928 202
2929 206
2930 165
2931 228
2932 185
2933 216
2934 197
2935 214
2936 163
2937 211
2938 179
2939 187
2940 277
2941 164
2942 205
2943 303
2944 194
2945 249
2946 240
2947 290
2948 236
2949 191
2950 219
2951 214
2952 235
2953 217
2954 207
2955 231
2956 209
2957 243
2958 196
2959 190
2960 191
2961 207
2962 218
2963 174
2964 81
2965 214
2966 194
2967 216
2968 205
2969 197
2970 191
2971 136
2972 205
2973 257
2974 200
2975 240
2976 196
2977 209
2978 253
2979 224
2980 167
2981 209
2982 211
2983 206
2984 184
2985 210
2986 148
2987 195
2988 151
2989 177
2990 211
2991 146
2992 178
2993 152
2994 79
2995 134
2996 188
2997 198
2998 309
2999 191
3000 194
3001 194
3002 235
3003 171
3004 242
3005 211
3006 261
3007 126
3008 166
3009 175
3010 219
3011 257
3012 222
3013 216
3014 181
3015 186
3016 180
3017 203
3018 156
3019 243
3020 193
3021 172
3022 221
3023 178
3024 208
3025 168
3026 207
3027 262
3028 199
3029 210
3030 149
3031 256
3032 165
3033 159
3034 199
3035 230
3036 175
3037 215
3038 230
3039 234
3040 227
3041 141
3042 194
3043 197
3044 239
3045 229
3046 79
3047 195
3048 203
3049 190
3050 248
3051 201
3052 136
3053 213
3054 208
3055 162
3056 228
3057 153
3058 193
3059 160
3060 170
3061 206
3062 217
3063 180
3064 239
3065 313
3066 167
3067 216
3068 223
3069 228
3070 0
3071 142
3072 161
3073 183
3074 269
3075 169
3076 196
3077 182
3078 157
3079 0
3080 209
3081 212
3082 166
3083 185
3084 271
3085 175
3086 145
3087 190
3088 148
3089 204
3090 189
3091 217
3092 229
3093 160
3094 195
3095 173
3096 148
3097 188
3098 216
3099 128
3100 223
3101 238
3102 276
3103 123
3104 227
3105 176
3106 217
3107 167
3108 114
3109 198
3110 252
3111 152
3112 269
3113 176
3114 225
3115 224
3116 127
3117 199
3118 211
3119 165
3120 198
3121 206
3122 211
3123 199
3124 144
3125 194
3126 149
3127 246
3128 173
3129 249
3130 220
3131 222
3132 178
3133 255
3134 168
3135 217
3136 279
3137 212
3138 198
3139 173
3140 207
3141 173
3142 205
3143 200
3144 155
3145 197
3146 211
3147 227
3148 150
3149 174
3150 236
3151 208
3152 193
3153 124
3154 183
3155 228
3156 206
3157 209
3158 204
3159 181
3160 228
3161 129
3162 171
3163 208
3164 126
3165 161
3166 204
3167 229
3168 150
3169 196
3170 162
3171 172
3172 233
3173 229
3174 207
3175 230
3176 215
3177 250
3178 188
3179 208
3180 144
3181 174
3182 195
3183 224
3184 208
3185 225
3186 137
3187 198
3188 154
3189 171
3190 181
3191 161
3192 275
3193 191
3194 192
3195 137
3196 188
3197 194
3198 151
3199 269
3200 225
3201 223
3202 152
3203 247
3204 255
3205 160
3206 195
3207 154
3208 166
3209 264
3210 231
3211 242
3212 218
3213 176
3214 212
3215 226
3216 210
3217 198
3218 175
3219 237
3220 181
3221 219
3222 215
3223 199
3224 126
3225 198
3226 216
3227 251
3228 223
3229 240
3230 166
3231 128
3232 133
3233 178
3234 316
3235 182
3236 214
3237 166
3238 190
3239 183
3240 155
3241 160
3242 237
3243 143
3244 168
3245 235
3246 177
3247 266
3248 157
3249 236
3250 176
3251 210
3252 141
3253 142
3254 133
3255 202
3256 122
3257 184
3258 196
3259 233
3260 73
3261 225
3262 177
3263 159
3264 228
3265 244
3266 180
3267 179
3268 235
3269 232
3270 196
3271 163
3272 0
3273 196
3274 234
3275 183
3276 228
3277 202
3278 148
3279 221
3280 188
3281 202
3282 184
3283 250
3284 220
3285 178
3286 306
3287 221
3288 198
3289 128
3290 254
3291 211
3292 226
3293 201
3294 172
3295 206
3296 204
3297 138
3298 224
3299 180
3300 191
3301 137
3302 153
3303 190
3304 228
3305 168
3306 201
3307 205
3308 130
3309 229
3310 181
3311 191
3312 220
3313 203
3314 208
3315 225
3316 219
3317 161
3318 213
3319 176
3320 184
3321 207
3322 190
3323 234
3324 192
3325 182
3326 205
3327 165
3328 214
3329 233
3330 180
3331 156
3332 291
3333 237
3334 222
3335 233
3336 197
3337 233
3338 210
3339 192
3340 245
3341 121
3342 204
3343 232
3344 170
3345 172
3346 146
3347 169
3348 156
3349 146
3350 170
3351 167
3352 253
3353 209
3354 172
3355 212
3356 193
3357 181
3358 189
3359 241
3360 236
3361 195
3362 172
3363 206
3364 199
3365 195
3366 207
3367 189
3368 158
3369 231
3370 194
3371 208
3372 271
3373 131
3374 174
3375 165
3376 231
3377 242
3378 211
3379 201
3380 218
3381 239
3382 204
3383 234
3384 152
3385 142
3386 206
3387 173
3388 243
3389 230
3390 172
3391 173
3392 103
3393 183
3394 190
3395 203
3396 245
3397 221
3398 129
3399 159
3400 159
3401 245
3402 208
3403 182
3404 212
3405 173
3406 197
3407 117
3408 276
3409 220
3410 225
3411 283
3412 170
3413 146
3414 256
3415 225
3416 185
3417 214
3418 131
3419 245
3420 171
3421 193
3422 154
3423 200
3424 178
3425 170
3426 249
3427 167
3428 202
3429 196
3430 165
3431 228
3432 219
3433 193
3434 242
3435 163
3436 233
3437 206
3438 194
3439 190
3440 183
3441 224
3442 159
3443 155
3444 172
3445 239
3446 221
3447 208
3448 227
3449 8
3450 205
3451 155
3452 102
3453 178
3454 182
3455 125
3456 220
3457 183
3458 200
3459 204
3460 190
3461 149
3462 211
3463 195
3464 211
3465 208
3466 118
3467 167
3468 206
3469 142
3470 218
3471 196
3472 202
3473 222
3474 129
3475 175
3476 150
3477 177
3478 192
3479 195
3480 144
3481 177
3482 100
3483 199
3484 198
3485 184
3486 192
3487 265
3488 152
3489 191
3490 196
3491 225
3492 196
3493 165
3494 213
3495 195
3496 152
3497 248
3498 143
3499 189
3500 156
3501 221
3502 221
3503 204
3504 182
3505 212
3506 152
3507 184
3508 260
3509 236
3510 245
3511 167
3512 199
3513 155
3514 231
3515 193
3516 201
3517 231
3518 225
3519 132
3520 221
3521 121
3522 201
3523 201
3524 163
3525 210
3526 216
3527 180
3528 187
3529 190
3530 217
3531 225
3532 231
3533 197
3534 254
3535 262
3536 183
3537 171
3538 138
3539 245
3540 183
3541 201
3542 292
3543 183
3544 205
3545 179
3546 171
3547 219
3548 128
3549 254
3550 196
3551 148
3552 220
3553 186
3554 107
3555 169
3556 144
3557 187
3558 194
3559 186
3560 204
3561 166
3562 219
3563 155
3564 187
3565 246
3566 180
3567 208
3568 160
3569 179
3570 206
3571 169
3572 216
3573 256
3574 241
3575 180
3576 211
3577 189
3578 207
3579 172
3580 214
3581 155
3582 183
3583 197
3584 180
3585 287
3586 198
3587 206
3588 187
3589 176
3590 193
3591 214
3592 155
3593 150
3594 188
3595 158
3596 180
3597 235
3598 192
3599 126
3600 203
3601 46
3602 174
3603 147
3604 227
3605 176
3606 160
3607 240
3608 169
3609 169
3610 234
3611 163
3612 230
3613 219
3614 149
3615 147
3616 210
3617 174
3618 223
3619 175
3620 131
3621 250
3622 174
3623 219
3624 186
3625 164
3626 197
3627 219
3628 189
3629 156
3630 210
3631 231
3632 222
3633 184
3634 169
3635 231
3636 212
3637 211
3638 195
3639 183
3640 183
3641 219
3642 204
3643 200
3644 202
3645 178
3646 201
3647 182
3648 207
3649 224
3650 153
3651 197
3652 275
3653 195
3654 254
3655 146
3656 247
3657 200
3658 133
3659 185
3660 209
3661 233
3662 286
3663 106
3664 156
3665 176
3666 168
3667 263
3668 203
3669 161
3670 127
3671 174
3672 103
3673 191
3674 219
3675 181
3676 201
3677 268
3678 214
3679 161
3680 125
3681 197
3682 182
3683 238
3684 207
3685 189
3686 177
3687 166
3688 286
3689 175
3690 233
3691 168
3692 181
3693 234
3694 254
3695 206
3696 141
3697 190
3698 173
3699 186
3700 76
3701 239
3702 227
3703 190
3704 97
3705 51
3706 277
3707 192
3708 226
3709 193
3710 231
3711 221
3712 189
3713 164
3714 195
3715 231
3716 196
3717 156
3718 187
3719 190
3720 169
3721 75
3722 163
3723 217
3724 206
3725 196
3726 187
3727 193
3728 279
3729 208
3730 185
3731 250
3732 201
3733 133
3734 232
3735 194
3736 120
3737 225
3738 130
3739 188
3740 179
3741 168
3742 138
3743 189
3744 174
3745 184
3746 232
3747 163
3748 198
3749 199
3750 209
3751 181
3752 172
3753 202
3754 172
3755 251
3756 211
3757 175
3758 203
3759 207
3760 185
3761 278
3762 165
3763 190
3764 221
3765 212
3766 174
3767 176
3768 226
3769 245
3770 71
3771 178
3772 174
3773 188
3774 176
3775 220
3776 191
3777 255
3778 231
3779 226
3780 227
3781 204
3782 241
3783 187
3784 157
3785 216
3786 170
3787 189
3788 227
3789 210
3790 191
3791 216
3792 162
3793 200
3794 151
3795 226
3796 202
3797 194
3798 190
3799 200
3800 185
3801 193
3802 176
3803 183
3804 181
3805 191
3806 216
3807 146
3808 209
3809 218
3810 180
3811 216
3812 182
3813 203
3814 205
3815 252
3816 171
3817 190
3818 227
3819 214
3820 220
3821 142
3822 174
3823 178
3824 251
3825 177
3826 186
3827 195
3828 210
3829 193
3830 233
3831 215
3832 186
3833 153
3834 240
3835 209
3836 142
3837 183
3838 193
3839 150
3840 199
3841 199
3842 216
3843 171
3844 257
3845 172
3846 192
3847 137
3848 227
3849 171
3850 227
3851 184
3852 107
3853 244
3854 226
3855 213
3856 107
3857 353
3858 241
3859 224
3860 128
3861 200
3862 169
3863 97
3864 234
3865 136
3866 180
3867 202
3868 205
3869 221
3870 220
3871 189
3872 275
3873 215
3874 147
3875 234
3876 282
3877 201
3878 193
3879 206
3880 184
3881 159
3882 0
3883 223
3884 180
3885 141
3886 237
3887 205
3888 166
3889 216
3890 195
3891 222
3892 204
3893 187
3894 199
3895 193
3896 190
3897 239
3898 321
3899 146
3900 174
3901 187
3902 204
3903 194
3904 187
3905 195
3906 218
3907 158
3908 212
3909 154
3910 192
3911 201
3912 208
3913 228
3914 179
3915 154
3916 197
3917 201
3918 169
3919 196
3920 160
3921 202
3922 215
3923 182
3924 211
3925 179
3926 156
3927 190
3928 186
3929 204
3930 173
3931 202
3932 226
3933 197
3934 172
3935 218
3936 193
3937 240
3938 159
3939 234
3940 196
3941 159
3942 259
3943 172
3944 211
3945 163
3946 195
3947 156
3948 100
3949 97
3950 173
3951 209
3952 183
3953 192
3954 109
3955 195
3956 185
3957 190
3958 192
3959 200
3960 188
3961 212
3962 200
3963 180
3964 234
3965 216
3966 227
3967 210
3968 216
3969 201
3970 230
3971 172
3972 162
3973 233
3974 193
3975 190
3976 116
3977 205
3978 61
3979 197
3980 162
3981 232
3982 151
3983 148
3984 246
3985 173
3986 190
3987 212
3988 195
3989 187
3990 234
3991 194
3992 165
3993 231
3994 209
3995 206
3996 140
3997 299
3998 190
3999 149
4000 210
4001 200
4002 180
4003 240
4004 210
4005 221
4006 194
4007 183
4008 140
4009 205
4010 186
4011 154
4012 172
4013 101
4014 170
4015 151
4016 118
4017 159
4018 191
4019 207
4020 233
4021 180
4022 228
4023 175
4024 213
4025 229
4026 226
4027 174
4028 200
4029 238
4030 141
4031 132
4032 245
4033 172
4034 190
4035 183
4036 204
4037 284
4038 172
4039 170
4040 194
4041 208
4042 222
4043 171
4044 171
4045 223
4046 270
4047 207
4048 239
4049 204
4050 175
4051 189
4052 276
4053 199
4054 198
4055 168
4056 167
4057 214
4058 203
4059 206
4060 216
4061 216
4062 170
4063 140
4064 174
4065 211
4066 0
4067 191
4068 182
4069 249
4070 209
4071 248
4072 222
4073 204
4074 102
4075 186
4076 214
4077 199
4078 241
4079 204
4080 193
4081 203
4082 235
4083 250
4084 200
4085 236
4086 184
4087 193
4088 158
4089 230
4090 137
4091 205
4092 228
4093 163
4094 96
4095 168
4096 180
4097 210
4098 195
4099 154
4100 206
4101 226
4102 175
4103 210
4104 229
4105 205
4106 198
4107 164
4108 235
4109 177
4110 213
4111 175
4112 139
4113 256
4114 203
4115 198
4116 190
4117 211
4118 172
4119 236
4120 162
4121 190
4122 239
4123 194
4124 219
4125 219
4126 202
4127 199
4128 179
4129 214
4130 175
4131 165
4132 181
4133 226
4134 191
4135 230
4136 215
4137 220
4138 176
4139 176
4140 194
4141 107
4142 359
4143 233
4144 186
4145 280
4146 177
4147 142
4148 157
4149 118
4150 172
4151 192
4152 216
4153 122
4154 191
4155 187
4156 286
4157 164
4158 158
4159 190
4160 219
4161 213
4162 184
4163 110
4164 182
4165 228
4166 221
4167 213
4168 163
4169 145
4170 163
4171 231
4172 185
4173 193
4174 165
4175 219
4176 193
4177 198
4178 191
4179 264
4180 0
4181 182
4182 206
4183 192
4184 190
4185 13
4186 125
4187 210
4188 237
4189 113
4190 186
4191 204
4192 211
4193 190
4194 152
4195 194
4196 125
4197 220
4198 221
4199 181
4200 236
4201 159
4202 178
4203 154
4204 196
4205 247
4206 0
4207 187
4208 176
4209 199
4210 101
4211 207
4212 228
4213 238
4214 165
4215 178
4216 172
4217 164
4218 207
4219 188
4220 150
4221 160
4222 189
4223 201
4224 171
4225 136
4226 190
4227 123
4228 174
4229 192
4230 199
4231 245
4232 226
4233 165
4234 214
4235 161
4236 178
4237 162
4238 205
4239 238
4240 185
4241 228
4242 209
4243 203
4244 206
4245 210
4246 223
4247 155
4248 243
4249 213
4250 131
4251 227
4252 173
4253 164
4254 143
4255 184
4256 203
4257 231
4258 224
4259 268
4260 266
4261 152
4262 217
4263 237
4264 213
4265 249
4266 145
4267 150
4268 245
4269 248
4270 184
4271 245
4272 244
4273 183
4274 216
4275 207
4276 137
4277 149
4278 195
4279 158
4280 150
4281 215
4282 222
4283 246
4284 200
4285 212
4286 225
4287 124
4288 210
4289 223
4290 219
4291 175
4292 190
4293 170
4294 184
4295 145
4296 192
4297 204
4298 207
4299 215
4300 153
4301 249
4302 156
4303 146
4304 154
4305 162
4306 187
4307 236
4308 205
4309 179
4310 197
4311 192
4312 145
4313 131
4314 190
4315 167
4316 163
4317 164
4318 193
4319 179
4320 190
4321 181
4322 229
4323 279
4324 186
4325 218
4326 186
4327 176
4328 150
4329 165
4330 168
4331 234
4332 154
4333 188
4334 195
4335 183
4336 215
4337 170
4338 194
4339 201
4340 188
4341 175
4342 229
4343 173
4344 196
4345 173
4346 219
4347 168
4348 187
4349 246
4350 208
4351 155
4352 159
4353 141
4354 217
4355 228
4356 204
4357 187
4358 193
4359 197
4360 200
4361 168
4362 208
4363 179
4364 224
4365 200
4366 207
4367 191
4368 133
4369 157
4370 211
4371 218
4372 151
4373 181
4374 240
4375 153
4376 237
4377 249
4378 225
4379 221
4380 173
4381 220
4382 218
4383 192
4384 168
4385 215
4386 172
4387 154
4388 158
4389 162
4390 167
4391 205
4392 262
4393 216
4394 237
4395 207
4396 173
4397 199
4398 200
4399 225
