Vertices: 1800
Edges: 9000
Time: 0,376 ms
Iterations: 8940
Vertex Distance
0 0
1 85
2 161
3 192
4 220
5 191
6 187
7 166
8 151
9 142
10 211
11 194
12 153
13 139
14 145
15 116
16 162
17 160
18 220
19 208
20 172
21 152
22 138
23 173
24 122
25 137
26 190
27 203
28 130
29 156
30 150
31 158
32 161
33 198
34 204
35 118
36 165
37 119
38 184
39 126
40 149
41 153
42 141
43 178
44 206
45 168
46 143
47 166
48 181
49 199
50 169
51 216
52 137
53 159
54 205
55 161
56 186
57 164
58 140
59 89
60 182
61 93
62 168
63 78
64 153
65 214
66 189
67 144
68 210
69 129
70 114
71 0
72 138
73 154
74 169
75 188
76 166
77 209
78 187
79 197
80 171
81 193
82 178
83 88
84 138
85 94
86 147
87 191
88 169
89 136
90 156
91 149
92 139
93 178
94 196
95 184
96 182
97 189
98 162
99 193
100 120
101 185
102 173
103 195
104 163
105 98
106 123
107 193
108 152
109 92
110 181
111 139
112 149
113 128
114 151
115 236
116 160
117 145
118 142
119 193
120 117
121 234
122 132
123 165
124 179
125 139
126 242
127 167
128 225
129 95
130 180
131 181
132 158
133 140
134 187
135 185
136 161
137 156
138 132
139 150
140 162
141 79
142 129
143 136
144 159
145 179
146 54
147 225
148 161
149 120
150 165
151 201
152 97
153 168
154 135
155 194
156 94
157 169
158 170
159 154
160 104
161 160
162 189
163 161
164 255
165 162
166 171
167 149
168 111
169 134
170 163
171 158
172 118
173 152
174 55
175 141
176 167
177 171
178 137
179 197
180 173
181 191
182 175
183 182
184 148
185 147
186 154
187 156
188 217
189 220
190 166
191 130
192 175
193 106
194 189
195 175
196 184
197 181
198 90
199 223
200 154
201 225
202 158
203 141
204 153
205 153
206 176
207 182
208 151
209 145
210 193
211 163
212 111
213 163
214 182
215 179
216 183
217 166
218 210
219 171
220 255
221 168
222 236
223 145
224 154
225 70
226 175
227 212
228 116
229 201
230 216
231 206
232 182
233 132
234 134
235 55
236 151
237 211
238 109
239 155
240 164
241 211
242 242
243 109
244 163
245 161
246 214
247 183
248 204
249 80
250 164
251 112
252 184
253 95
254 234
255 164
256 212
257 167
258 187
259 157
260 156
261 58
262 213
263 197
264 146
265 174
266 169
267 133
268 160
269 155
270 137
271 166
272 184
273 144
274 189
275 210
276 193
277 146
278 148
279 181
280 143
281 136
282 117
283 139
284 150
285 167
286 167
287 206
288 129
289 124
290 182
291 186
292 137
293 238
294 172
295 182
296 190
297 143
298 153
299 168
300 176
301 166
302 188
303 138
304 92
305 157
306 134
307 180
308 152
309 104
310 217
311 123
312 206
313 194
314 125
315 164
316 164
317 150
318 193
319 185
320 157
321 191
322 163
323 130
324 52
325 131
326 141
327 156
328 140
329 159
330 216
331 162
332 99
333 145
334 204
335 183
336 167
337 175
338 150
339 202
340 170
341 173
342 200
343 196
344 186
345 199
346 143
347 178
348 178
349 87
350 164
351 220
352 131
353 163
354 274
355 155
356 163
357 147
358 154
359 214
360 177
361 160
362 142
363 238
364 135
365 178
366 173
367 149
368 118
369 171
370 181
371 177
372 143
373 161
374 129
375 223
376 141
377 226
378 165
379 236
380 153
381 222
382 153
383 171
384 69
385 164
386 227
387 179
388 192
389 197
390 148
391 179
392 181
393 163
394 152
395 93
396 147
397 164
398 122
399 184
400 162
401 111
402 225
403 114
404 169
405 139
406 152
407 199
408 175
409 101
410 126
411 98
412 229
413 241
414 106
415 122
416 213
417 168
418 126
419 143
420 236
421 178
422 201
423 166
424 190
425 119
426 83
427 168
428 163
429 119
430 206
431 130
432 147
433 101
434 28
435 110
436 0
437 149
438 147
439 154
440 193
441 162
442 204
443 110
444 190
445 177
446 176
447 160
448 164
449 107
450 146
451 149
452 167
453 179
454 193
455 199
456 145
457 163
458 193
459 173
460 174
461 112
462 116
463 215
464 197
465 198
466 176
467 109
468 182
469 177
470 173
471 131
472 193
473 204
474 222
475 136
476 190
477 188
478 141
479 135
480 156
481 167
482 143
483 147
484 185
485 211
486 166
487 146
488 195
489 228
490 144
491 242
492 151
493 119
494 110
495 166
496 160
497 183
498 249
499 136
500 183
501 181
502 194
503 211
504 165
505 163
506 177
507 163
508 133
509 195
510 147
511 223
512 163
513 126
514 190
515 185
516 133
517 76
518 141
519 183
520 122
521 197
522 253
523 149
524 167
525 169
526 170
527 200
528 207
529 181
530 141
531 168
532 184
533 122
534 119
535 194
536 174
537 150
538 112
539 197
540 217
541 143
542 200
543 184
544 90
545 116
546 163
547 176
548 204
549 186
550 187
551 186
552 185
553 134
554 167
555 137
556 157
557 244
558 178
559 138
560 228
561 131
562 176
563 234
564 105
565 190
566 65
567 171
568 210
569 151
570 147
571 180
572 193
573 143
574 193
575 86
576 135
577 128
578 216
579 106
580 183
581 199
582 197
583 154
584 116
585 139
586 218
587 130
588 174
589 135
590 80
591 96
592 129
593 150
594 152
595 177
596 200
597 94
598 198
599 111
600 152
601 191
602 188
603 143
604 103
605 0
606 217
607 208
608 179
609 186
610 152
611 166
612 167
613 0
614 207
615 173
616 260
617 164
618 170
619 223
620 193
621 139
622 133
623 170
624 189
625 166
626 108
627 153
628 190
629 117
630 225
631 183
632 154
633 122
634 214
635 179
636 174
637 181
638 169
639 175
640 169
641 187
642 187
643 201
644 201
645 173
646 153
647 90
648 208
649 109
650 161
651 173
652 119
653 133
654 200
655 165
656 151
657 151
658 178
659 109
660 176
661 166
662 160
663 165
664 168
665 157
666 228
667 87
668 131
669 217
670 148
671 141
672 158
673 155
674 274
675 147
676 148
677 136
678 36
679 162
680 157
681 183
682 132
683 156
684 127
685 154
686 156
687 142
688 199
689 138
690 123
691 134
692 75
693 159
694 196
695 197
696 212
697 159
698 178
699 127
700 174
701 206
702 163
703 184
704 150
705 181
706 194
707 229
708 120
709 154
710 149
711 156
712 134
713 153
714 160
715 197
716 183
717 213
718 252
719 223
720 108
721 191
722 76
723 176
724 110
725 118
726 124
727 179
728 164
729 194
730 173
731 172
732 138
733 187
734 117
735 181
736 124
737 131
738 161
739 181
740 154
741 197
742 166
743 165
744 51
745 178
746 138
747 189
748 151
749 167
750 157
751 207
752 150
753 134
754 151
755 170
756 36
757 153
758 216
759 200
760 159
761 171
762 237
763 155
764 125
765 149
766 196
767 145
768 194
769 148
770 185
771 160
772 209
773 215
774 141
775 164
776 165
777 221
778 162
779 0
780 0
781 158
782 152
783 137
784 167
785 178
786 170
787 187
788 183
789 121
790 184
791 114
792 150
793 138
794 197
795 179
796 153
797 197
798 289
799 168
800 169
801 181
802 163
803 141
804 133
805 132
806 176
807 178
808 89
809 237
810 119
811 183
812 133
813 210
814 170
815 121
816 221
817 152
818 159
819 121
820 68
821 247
822 123
823 160
824 166
825 163
826 174
827 212
828 131
829 229
830 185
831 92
832 226
833 178
834 193
835 232
836 126
837 155
838 233
839 102
840 175
841 197
842 228
843 162
844 202
845 0
846 180
847 189
848 172
849 192
850 149
851 141
852 136
853 168
854 197
855 231
856 231
857 149
858 201
859 99
860 156
861 175
862 193
863 131
864 185
865 232
866 147
867 194
868 180
869 149
870 145
871 218
872 241
873 192
874 195
875 189
876 173
877 137
878 139
879 192
880 165
881 142
882 126
883 93
884 68
885 163
886 72
887 162
888 166
889 213
890 138
891 153
892 156
893 154
894 184
895 156
896 109
897 57
898 184
899 116
900 134
901 223
902 200
903 141
904 188
905 215
906 167
907 153
908 175
909 176
910 185
911 132
912 200
913 184
914 163
915 149
916 140
917 160
918 180
919 170
920 158
921 147
922 34
923 166
924 136
925 149
926 162
927 247
928 196
929 149
930 177
931 0
932 107
933 185
934 133
935 184
936 195
937 122
938 216
939 194
940 208
941 167
942 154
943 191
944 175
945 136
946 203
947 164
948 158
949 123
950 195
951 200
952 219
953 162
954 189
955 183
956 200
957 123
958 164
959 179
960 192
961 91
962 216
963 160
964 140
965 157
966 170
967 219
968 63
969 155
970 163
971 142
972 151
973 153
974 200
975 170
976 262
977 181
978 136
979 156
980 161
981 171
982 122
983 165
984 156
985 156
986 144
987 163
988 175
989 196
990 145
991 138
992 211
993 205
994 201
995 144
996 168
997 157
998 207
999 141
1000 96
1001 124
1002 103
1003 126
1004 140
1005 53
1006 144
1007 168
1008 126
1009 172
1010 172
1011 98
1012 204
1013 146
1014 180
1015 129
1016 168
1017 201
1018 159
1019 138
1020 172
1021 169
1022 97
1023 197
1024 171
1025 155
1026 177
1027 168
1028 99
1029 163
1030 181
1031 160
1032 151
1033 150
1034 170
1035 181
1036 89
1037 122
1038 259
1039 156
1040 198
1041 112
1042 172
1043 168
1044 177
1045 152
1046 104
1047 191
1048 186
1049 184
1050 173
1051 169
1052 172
1053 186
1054 161
1055 157
1056 113
1057 147
1058 255
1059 226
1060 53
1061 111
1062 145
1063 89
1064 174
1065 158
1066 153
1067 168
1068 188
1069 205
1070 175
1071 190
1072 100
1073 210
1074 95
1075 200
1076 153
1077 152
1078 76
1079 164
1080 154
1081 100
1082 181
1083 181
1084 124
1085 125
1086 194
1087 156
1088 169
1089 193
1090 189
1091 246
1092 187
1093 171
1094 164
1095 123
1096 235
1097 216
1098 227
1099 138
1100 150
1101 0
1102 183
1103 137
1104 174
1105 136
1106 163
1107 181
1108 195
1109 159
1110 205
1111 188
1112 159
1113 209
1114 172
1115 93
1116 220
1117 151
1118 188
1119 151
1120 123
1121 125
1122 155
1123 184
1124 149
1125 124
1126 117
1127 287
1128 173
1129 128
1130 180
1131 247
1132 117
1133 192
1134 162
1135 184
1136 150
1137 115
1138 245
1139 177
1140 0
1141 156
1142 141
1143 202
1144 113
1145 68
1146 158
1147 146
1148 180
1149 167
1150 144
1151 122
1152 53
1153 213
1154 167
1155 69
1156 144
1157 147
1158 220
1159 114
1160 167
1161 181
1162 168
1163 167
1164 168
1165 175
1166 105
1167 184
1168 131
1169 225
1170 131
1171 167
1172 188
1173 264
1174 167
1175 113
1176 163
1177 209
1178 175
1179 111
1180 153
1181 164
1182 158
1183 64
1184 113
1185 150
1186 124
1187 113
1188 174
1189 108
1190 129
1191 200
1192 196
1193 183
1194 158
1195 183
1196 219
1197 176
1198 171
1199 119
1200 160
1201 101
1202 140
1203 181
1204 133
1205 216
1206 132
1207 176
1208 124
1209 156
1210 145
1211 194
1212 224
1213 186
1214 147
1215 120
1216 234
1217 159
1218 173
1219 195
1220 132
1221 197
1222 202
1223 96
1224 110
1225 185
1226 0
1227 197
1228 154
1229 183
1230 182
1231 122
1232 107
1233 187
1234 121
1235 167
1236 172
1237 221
1238 169
1239 216
1240 154
1241 205
1242 188
1243 160
1244 163
1245 155
1246 171
1247 127
1248 185
1249 165
1250 210
1251 206
1252 178
1253 155
1254 199
1255 148
1256 190
1257 195
1258 200
1259 126
1260 134
1261 210
1262 198
1263 177
1264 206
1265 118
1266 149
1267 169
1268 162
1269 146
1270 161
1271 169
1272 170
1273 210
1274 177
1275 131
1276 153
1277 85
1278 155
1279 193
1280 164
1281 207
1282 158
1283 163
1284 180
1285 104
1286 152
1287 229
1288 125
1289 201
1290 177
1291 154
1292 136
1293 149
1294 155
1295 152
1296 149
1297 93
1298 107
1299 157
1300 218
1301 162
1302 111
1303 155
1304 230
1305 192
1306 175
1307 168
1308 169
1309 149
1310 252
1311 188
1312 192
1313 141
1314 107
1315 150
1316 130
1317 192
1318 185
1319 116
1320 149
1321 299
1322 173
1323 157
1324 143
1325 191
1326 177
1327 148
1328 145
1329 153
1330 171
1331 159
1332 165
1333 150
1334 160
1335 157
1336 179
1337 173
1338 167
1339 142
1340 107
1341 126
1342 141
1343 225
1344 132
1345 168
1346 224
1347 174
1348 177
1349 209
1350 191
1351 150
1352 145
1353 129
1354 223
1355 174
1356 85
1357 175
1358 169
1359 137
1360 163
1361 128
1362 221
1363 104
1364 140
1365 172
1366 143
1367 168
1368 167
1369 133
1370 171
1371 194
1372 207
1373 151
1374 128
1375 160
1376 177
1377 123
1378 160
1379 156
1380 160
1381 162
1382 102
1383 218
1384 168
1385 199
1386 102
1387 129
1388 125
1389 176
1390 172
1391 131
1392 171
1393 151
1394 113
1395 122
1396 180
1397 127
1398 138
1399 146
1400 199
1401 137
1402 180
1403 190
1404 126
1405 94
1406 161
1407 176
1408 143
1409 121
1410 183
1411 142
1412 113
1413 168
1414 122
1415 194
1416 153
1417 236
1418 219
1419 247
1420 134
1421 191
1422 173
1423 60
1424 134
1425 98
1426 156
1427 92
1428 210
1429 151
1430 184
1431 132
1432 207
1433 148
1434 214
1435 118
1436 150
1437 149
1438 111
1439 168
1440 145
1441 145
1442 131
1443 154
1444 176
1445 167
1446 159
1447 126
1448 170
1449 148
1450 163
1451 115
1452 291
1453 170
1454 186
1455 180
1456 169
1457 216
1458 155
1459 241
1460 147
1461 149
1462 179
1463 286
1464 105
1465 160
1466 148
1467 166
1468 104
1469 172
1470 231
1471 162
1472 225
1473 141
1474 224
1475 147
1476 157
1477 217
1478 158
1479 194
1480 150
1481 169
1482 133
1483 171
1484 124
1485 200
1486 327
1487 167
1488 135
1489 184
1490 200
1491 197
1492 143
1493 50
1494 185
1495 195
1496 137
1497 178
1498 179
1499 185
1500 156
1501 189
1502 186
1503 178
1504 167
1505 156
1506 185
1507 172
1508 117
1509 166
1510 147
1511 156
1512 227
1513 174
1514 205
1515 66
1516 152
1517 127
1518 155
1519 132
1520 107
1521 208
1522 118
1523 180
1524 215
1525 156
1526 147
1527 223
1528 248
1529 136
1530 86
1531 111
1532 179
1533 178
1534 119
1535 140
1536 133
1537 169
1538 168
1539 197
1540 181
1541 118
1542 137
1543 165
1544 162
1545 156
1546 203
1547 168
1548 236
1549 140
1550 151
1551 176
1552 212
1553 180
1554 213
1555 216
1556 174
1557 147
1558 157
1559 123
1560 148
1561 191
1562 171
1563 185
1564 179
1565 178
1566 158
1567 181
1568 130
1569 171
1570 195
1571 184
1572 205
1573 226
1574 124
1575 154
1576 187
1577 104
1578 251
1579 183
1580 147
1581 188
1582 157
1583 157
1584 147
1585 282
1586 175
1587 143
1588 154
1589 179
1590 197
1591 225
1592 158
1593 146
1594 136
1595 95
1596 159
1597 157
1598 276
1599 142
1600 176
1601 232
1602 124
1603 168
1604 162
1605 199
1606 154
1607 85
1608 152
1609 120
1610 155
1611 179
1612 173
1613 179
1614 135
1615 177
1616 190
1617 142
1618 167
1619 166
1620 169
1621 112
1622 131
1623 71
1624 96
1625 149
1626 157
1627 213
1628 174
1629 179
1630 146
1631 165
1632 196
1633 218
1634 207
1635 160
1636 174
1637 207
1638 119
1639 194
1640 149
1641 181
1642 180
1643 126
1644 187
1645 172
1646 99
1647 162
1648 143
1649 154
1650 76
1651 145
1652 173
1653 145
1654 199
1655 194
1656 224
1657 149
1658 174
1659 191
1660 167
1661 184
1662 189
1663 218
1664 163
1665 87
1666 166
1667 225
1668 169
1669 176
1670 159
1671 105
1672 177
1673 174
1674 115
1675 225
1676 227
1677 203
1678 146
1679 165
1680 177
1681 200
1682 253
1683 212
1684 158
1685 172
1686 149
1687 176
1688 206
1689 186
1690 181
1691 179
1692 164
1693 199
1694 0
1695 177
1696 186
1697 196
1698 164
1699 157
1700 143
1701 147
1702 176
1703 198
1704 146
1705 133
1706 162
1707 101
1708 147
1709 139
1710 226
1711 147
1712 146
1713 150
1714 169
1715 177
1716 153
1717 204
1718 209
1719 164
1720 161
1721 116
1722 105
1723 259
1724 159
1725 221
1726 146
1727 159
1728 155
1729 124
1730 125
1731 198
1732 170
1733 183
1734 164
1735 180
1736 171
1737 140
1738 144
1739 150
1740 121
1741 188
1742 167
1743 161
1744 139
1745 175
1746 132
1747 156
1748 133
1749 137
1750 163
1751 193
1752 131
1753 157
1754 63
1755 174
1756 165
1757 154
1758 144
1759 156
1760 121
1761 200
1762 178
1763 163
1764 180
1765 137
1766 201
1767 206
1768 193
1769 135
1770 200
1771 189
1772 230
1773 185
1774 165
1775 199
1776 135
1777 133
1778 160
1779 250
1780 192
1781 158
1782 142
1783 173
1784 133
1785 214
1786 163
1787 188
1788 190
1789 132
1790 147
1791 139
1792 156
1793 162
1794 162
1795 159
1796 201
1797 135
1798 136
1799 119
