Vertices: 2400
Edges: 12000
Time: 0,528 ms
Iterations: 11887
Vertex Distance
0 0
1 111
2 157
3 194
4 160
5 166
6 140
7 156
8 161
9 192
10 178
11 166
12 178
13 213
14 160
15 161
16 154
17 206
18 151
19 174
20 219
21 216
22 181
23 176
24 163
25 133
26 161
27 217
28 138
29 134
30 204
31 187
32 187
33 227
34 166
35 193
36 0
37 179
38 161
39 174
40 261
41 177
42 162
43 128
44 177
45 141
46 128
47 137
48 283
49 150
50 168
51 238
52 153
53 178
54 138
55 94
56 124
57 229
58 148
59 0
60 158
61 231
62 210
63 210
64 185
65 200
66 201
67 150
68 166
69 136
70 199
71 178
72 138
73 199
74 165
75 158
76 149
77 132
78 138
79 265
80 161
81 184
82 192
83 165
84 185
85 196
86 230
87 153
88 184
89 192
90 144
91 182
92 147
93 159
94 156
95 193
96 185
97 98
98 214
99 225
100 170
101 161
102 140
103 182
104 205
105 152
106 157
107 201
108 171
109 193
110 210
111 171
112 150
113 194
114 184
115 166
116 177
117 178
118 132
119 169
120 188
121 206
122 174
123 179
124 156
125 80
126 189
127 193
128 158
129 164
130 123
131 187
132 170
133 177
134 162
135 246
136 186
137 140
138 197
139 155
140 90
141 212
142 162
143 149
144 200
145 116
146 185
147 150
148 184
149 166
150 197
151 200
152 199
153 199
154 177
155 170
156 178
157 156
158 147
159 146
160 158
161 83
162 174
163 164
164 154
165 159
166 154
167 205
168 167
169 124
170 158
171 197
172 171
173 189
174 205
175 194
176 214
177 191
178 205
179 146
180 173
181 140
182 76
183 219
184 140
185 163
186 210
187 178
188 82
189 130
190 139
191 161
192 179
193 147
194 212
195 137
196 197
197 164
198 199
199 220
200 150
201 142
202 173
203 118
204 191
205 144
206 75
207 172
208 182
209 113
210 282
211 76
212 118
213 253
214 143
215 164
216 133
217 170
218 168
219 149
220 208
221 157
222 186
223 162
224 69
225 145
226 229
227 182
228 192
229 158
230 214
231 140
232 225
233 150
234 207
235 148
236 174
237 225
238 103
239 110
240 153
241 194
242 146
243 171
244 151
245 124
246 182
247 201
248 0
249 150
250 244
251 140
252 228
253 170
254 136
255 112
256 145
257 131
258 217
259 160
260 182
261 159
262 206
263 206
264 151
265 179
266 155
267 201
268 161
269 127
270 178
271 162
272 132
273 76
274 152
275 204
276 126
277 203
278 119
279 144
280 184
281 195
282 177
283 175
284 161
285 258
286 168
287 168
288 129
289 212
290 97
291 232
292 160
293 174
294 156
295 198
296 152
297 146
298 204
299 216
300 152
301 217
302 178
303 152
304 99
305 311
306 153
307 192
308 124
309 174
310 196
311 166
312 192
313 147
314 144
315 124
316 200
317 156
318 182
319 136
320 166
321 190
322 176
323 150
324 250
325 0
326 163
327 196
328 221
329 141
330 109
331 197
332 125
333 80
334 177
335 228
336 178
337 124
338 112
339 171
340 216
341 112
342 186
343 178
344 113
345 149
346 179
347 142
348 147
349 57
350 255
351 143
352 115
353 194
354 103
355 210
356 142
357 202
358 187
359 157
360 171
361 173
362 173
363 219
364 151
365 162
366 149
367 184
368 170
369 275
370 124
371 167
372 170
373 274
374 181
375 136
376 172
377 140
378 173
379 160
380 199
381 142
382 174
383 163
384 131
385 157
386 185
387 184
388 170
389 110
390 122
391 148
392 199
393 179
394 144
395 184
396 204
397 127
398 163
399 91
400 201
401 147
402 164
403 262
404 154
405 116
406 167
407 167
408 205
409 259
410 160
411 212
412 152
413 240
414 118
415 184
416 144
417 154
418 193
419 248
420 150
421 175
422 186
423 102
424 147
425 151
426 125
427 216
428 237
429 135
430 168
431 85
432 234
433 169
434 118
435 116
436 154
437 106
438 153
439 172
440 186
441 161
442 186
443 231
444 127
445 201
446 179
447 184
448 173
449 226
450 145
451 155
452 147
453 149
454 169
455 172
456 135
457 157
458 198
459 187
460 159
461 124
462 155
463 151
464 164
465 156
466 165
467 72
468 185
469 174
470 225
471 235
472 187
473 115
474 245
475 124
476 192
477 156
478 169
479 169
480 180
481 182
482 172
483 194
484 170
485 186
486 161
487 0
488 193
489 168
490 166
491 190
492 168
493 167
494 187
495 154
496 167
497 151
498 113
499 154
500 177
501 180
502 195
503 175
504 206
505 154
506 204
507 198
508 218
509 125
510 135
511 161
512 134
513 162
514 101
515 174
516 153
517 158
518 156
519 130
520 149
521 178
522 175
523 238
524 187
525 209
526 184
527 146
528 105
529 198
530 122
531 152
532 197
533 157
534 140
535 223
536 103
537 140
538 139
539 154
540 154
541 200
542 181
543 179
544 69
545 139
546 113
547 253
548 131
549 177
550 134
551 147
552 154
553 132
554 102
555 230
556 136
557 170
558 135
559 213
560 149
561 165
562 157
563 138
564 216
565 85
566 151
567 167
568 207
569 199
570 107
571 158
572 187
573 160
574 170
575 159
576 170
577 228
578 167
579 214
580 134
581 190
582 174
583 176
584 114
585 195
586 177
587 172
588 190
589 169
590 117
591 176
592 227
593 132
594 196
595 210
596 125
597 182
598 149
599 231
600 127
601 195
602 242
603 220
604 89
605 107
606 146
607 0
608 116
609 151
610 141
611 147
612 157
613 206
614 183
615 157
616 215
617 191
618 140
619 188
620 180
621 131
622 212
623 171
624 170
625 231
626 140
627 189
628 144
629 269
630 205
631 177
632 178
633 110
634 93
635 140
636 205
637 109
638 247
639 156
640 139
641 165
642 214
643 189
644 220
645 81
646 184
647 189
648 159
649 157
650 179
651 190
652 226
653 104
654 159
655 194
656 178
657 164
658 156
659 252
660 196
661 137
662 159
663 185
664 146
665 191
666 230
667 157
668 182
669 187
670 138
671 161
672 179
673 220
674 149
675 0
676 172
677 175
678 142
679 56
680 200
681 176
682 163
683 191
684 167
685 175
686 151
687 186
688 199
689 178
690 280
691 159
692 104
693 107
694 201
695 227
696 170
697 198
698 190
699 175
700 207
701 181
702 153
703 166
704 187
705 227
706 181
707 152
708 113
709 187
710 147
711 164
712 100
713 166
714 141
715 125
716 228
717 186
718 190
719 159
720 181
721 174
722 178
723 238
724 184
725 194
726 158
727 179
728 141
729 193
730 181
731 200
732 151
733 154
734 169
735 23
736 155
737 192
738 245
739 150
740 191
741 209
742 202
743 181
744 187
745 188
746 138
747 148
748 236
749 244
750 195
751 129
752 136
753 197
754 193
755 155
756 135
757 221
758 143
759 165
760 152
761 160
762 126
763 217
764 235
765 159
766 126
767 142
768 173
769 207
770 139
771 134
772 148
773 212
774 206
775 124
776 176
777 144
778 157
779 180
780 167
781 0
782 183
783 219
784 167
785 183
786 191
787 162
788 149
789 179
790 274
791 154
792 59
793 226
794 166
795 148
796 206
797 210
798 87
799 136
800 178
801 153
802 182
803 0
804 188
805 173
806 278
807 138
808 222
809 136
810 152
811 193
812 190
813 161
814 214
815 135
816 153
817 144
818 132
819 201
820 202
821 153
822 147
823 187
824 181
825 223
826 152
827 213
828 114
829 169
830 182
831 181
832 189
833 148
834 179
835 178
836 181
837 139
838 168
839 133
840 198
841 183
842 62
843 184
844 179
845 172
846 154
847 177
848 206
849 145
850 167
851 186
852 147
853 191
854 212
855 140
856 163
857 141
858 161
859 153
860 116
861 255
862 157
863 175
864 133
865 196
866 140
867 162
868 195
869 180
870 154
871 167
872 161
873 138
874 174
875 128
876 165
877 171
878 232
879 114
880 111
881 180
882 168
883 154
884 215
885 183
886 81
887 178
888 193
889 198
890 183
891 117
892 168
893 118
894 133
895 187
896 151
897 163
898 130
899 167
900 128
901 175
902 252
903 99
904 209
905 174
906 216
907 179
908 148
909 27
910 184
911 210
912 121
913 155
914 58
915 177
916 219
917 145
918 197
919 104
920 195
921 131
922 188
923 157
924 111
925 136
926 166
927 150
928 127
929 0
930 186
931 94
932 167
933 182
934 190
935 196
936 185
937 148
938 152
939 141
940 314
941 168
942 251
943 185
944 190
945 205
946 144
947 204
948 187
949 164
950 200
951 182
952 176
953 218
954 151
955 217
956 190
957 119
958 170
959 210
960 188
961 222
962 131
963 167
964 131
965 210
966 188
967 183
968 145
969 127
970 186
971 86
972 135
973 160
974 97
975 216
976 161
977 163
978 154
979 232
980 136
981 161
982 167
983 150
984 201
985 173
986 120
987 178
988 168
989 177
990 135
991 147
992 182
993 133
994 192
995 54
996 210
997 158
998 90
999 161
1000 204
1001 133
1002 190
1003 133
1004 148
1005 165
1006 157
1007 171
1008 183
1009 132
1010 193
1011 123
1012 134
1013 121
1014 182
1015 138
1016 194
1017 208
1018 171
1019 144
1020 201
1021 174
1022 0
1023 184
1024 112
1025 165
1026 215
1027 134
1028 172
1029 189
1030 143
1031 185
1032 176
1033 205
1034 176
1035 124
1036 111
1037 148
1038 237
1039 204
1040 192
1041 221
1042 186
1043 105
1044 193
1045 168
1046 144
1047 174
1048 170
1049 131
1050 198
1051 146
1052 179
1053 174
1054 171
1055 213
1056 184
1057 165
1058 188
1059 244
1060 220
1061 142
1062 200
1063 193
1064 159
1065 204
1066 152
1067 162
1068 171
1069 75
1070 148
1071 139
1072 186
1073 133
1074 164
1075 133
1076 142
1077 209
1078 181
1079 159
1080 172
1081 166
1082 184
1083 169
1084 152
1085 177
1086 128
1087 191
1088 155
1089 180
1090 182
1091 131
1092 176
1093 195
1094 183
1095 126
1096 156
1097 146
1098 228
1099 158
1100 194
1101 239
1102 126
1103 157
1104 165
1105 177
1106 158
1107 49
1108 224
1109 151
1110 196
1111 99
1112 159
1113 147
1114 152
1115 240
1116 152
1117 148
1118 250
1119 144
1120 153
1121 157
1122 105
1123 132
1124 189
1125 183
1126 199
1127 209
1128 160
1129 177
1130 171
1131 229
1132 178
1133 169
1134 172
1135 200
1136 94
1137 168
1138 154
1139 173
1140 157
1141 191
1142 166
1143 170
1144 181
1145 218
1146 130
1147 105
1148 180
1149 139
1150 174
1151 234
1152 173
1153 193
1154 122
1155 146
1156 216
1157 200
1158 176
1159 141
1160 145
1161 167
1162 206
1163 146
1164 216
1165 209
1166 113
1167 185
1168 184
1169 160
1170 138
1171 188
1172 220
1173 206
1174 316
1175 200
1176 205
1177 196
1178 168
1179 160
1180 177
1181 161
1182 156
1183 197
1184 174
1185 163
1186 182
1187 124
1188 173
1189 160
1190 151
1191 199
1192 155
1193 112
1194 167
1195 115
1196 154
1197 157
1198 185
1199 129
1200 188
1201 169
1202 155
1203 166
1204 141
1205 173
1206 187
1207 89
1208 140
1209 145
1210 139
1211 221
1212 160
1213 98
1214 130
1215 186
1216 114
1217 155
1218 150
1219 142
1220 277
1221 138
1222 133
1223 154
1224 216
1225 73
1226 161
1227 132
1228 181
1229 149
1230 177
1231 79
1232 141
1233 203
1234 161
1235 178
1236 183
1237 182
1238 128
1239 151
1240 133
1241 147
1242 202
1243 167
1244 172
1245 107
1246 154
1247 155
1248 57
1249 138
1250 166
1251 265
1252 145
1253 182
1254 143
1255 175
1256 163
1257 142
1258 171
1259 225
1260 210
1261 47
1262 221
1263 152
1264 149
1265 175
1266 176
1267 131
1268 206
1269 178
1270 157
1271 168
1272 179
1273 142
1274 216
1275 153
1276 163
1277 187
1278 156
1279 208
1280 142
1281 250
1282 202
1283 162
1284 203
1285 174
1286 119
1287 157
1288 152
1289 118
1290 150
1291 186
1292 166
1293 180
1294 174
1295 275
1296 172
1297 175
1298 176
1299 214
1300 142
1301 102
1302 202
1303 181
1304 196
1305 176
1306 144
1307 130
1308 157
1309 241
1310 176
1311 172
1312 175
1313 202
1314 115
1315 116
1316 138
1317 259
1318 170
1319 126
1320 159
1321 190
1322 223
1323 117
1324 175
1325 174
1326 197
1327 143
1328 269
1329 152
1330 195
1331 200
1332 284
1333 110
1334 174
1335 200
1336 161
1337 217
1338 103
1339 198
1340 179
1341 178
1342 139
1343 169
1344 190
1345 197
1346 169
1347 184
1348 154
1349 150
1350 158
1351 81
1352 0
1353 154
1354 250
1355 172
1356 182
1357 0
1358 158
1359 153
1360 79
1361 179
1362 0
1363 98
1364 160
1365 147
1366 112
1367 194
1368 174
1369 235
1370 156
1371 170
1372 134
1373 130
1374 180
1375 143
1376 168
1377 158
1378 159
1379 147
1380 155
1381 220
1382 142
1383 196
1384 163
1385 173
1386 162
1387 160
1388 128
1389 203
1390 177
1391 24
1392 173
1393 140
1394 176
1395 141
1396 143
1397 179
1398 202
1399 194
1400 185
1401 147
1402 113
1403 201
1404 207
1405 164
1406 236
1407 202
1408 201
1409 159
1410 182
1411 189
1412 163
1413 232
1414 152
1415 151
1416 198
1417 166
1418 176
1419 138
1420 215
1421 208
1422 161
1423 148
1424 179
1425 150
1426 195
1427 178
1428 239
1429 115
1430 181
1431 186
1432 168
1433 145
1434 137
1435 178
1436 185
1437 180
1438 151
1439 148
1440 143
1441 183
1442 202
1443 166
1444 202
1445 179
1446 66
1447 205
1448 244
1449 180
1450 176
1451 186
1452 198
1453 159
1454 186
1455 95
1456 186
1457 175
1458 135
1459 99
1460 161
1461 200
1462 171
1463 175
1464 187
1465 161
1466 196
1467 78
1468 195
1469 147
1470 163
1471 186
1472 124
1473 177
1474 200
1475 191
1476 94
1477 158
1478 144
1479 156
1480 158
1481 143
1482 169
1483 151
1484 163
1485 203
1486 175
1487 171
1488 161
1489 161
1490 180
1491 197
1492 129
1493 126
1494 134
1495 152
1496 168
1497 160
1498 158
1499 242
1500 122
1501 199
1502 186
1503 184
1504 204
1505 116
1506 147
1507 159
1508 185
1509 145
1510 126
1511 182
1512 89
1513 163
1514 189
1515 147
1516 125
1517 0
1518 192
1519 194
1520 171
1521 177
1522 157
1523 138
1524 108
1525 135
1526 223
1527 201
1528 142
1529 158
1530 117
1531 148
1532 233
1533 124
1534 184
1535 124
1536 114
1537 154
1538 208
1539 169
1540 174
1541 158
1542 205
1543 184
1544 159
1545 136
1546 130
1547 137
1548 116
1549 139
1550 147
1551 203
1552 145
1553 125
1554 218
1555 154
1556 0
1557 187
1558 197
1559 141
1560 229
1561 85
1562 190
1563 0
1564 144
1565 137
1566 154
1567 266
1568 123
1569 203
1570 147
1571 142
1572 139
1573 197
1574 134
1575 146
1576 161
1577 82
1578 134
1579 152
1580 191
1581 128
1582 149
1583 172
1584 192
1585 210
1586 171
1587 154
1588 183
1589 264
1590 129
1591 173
1592 152
1593 148
1594 209
1595 174
1596 198
1597 125
1598 160
1599 81
1600 198
1601 165
1602 179
1603 169
1604 171
1605 168
1606 130
1607 170
1608 152
1609 124
1610 168
1611 102
1612 164
1613 180
1614 281
1615 168
1616 137
1617 121
1618 274
1619 189
1620 137
1621 198
1622 152
1623 192
1624 140
1625 200
1626 176
1627 125
1628 123
1629 203
1630 230
1631 89
1632 199
1633 215
1634 202
1635 188
1636 143
1637 185
1638 128
1639 188
1640 132
1641 147
1642 187
1643 180
1644 194
1645 183
1646 135
1647 93
1648 143
1649 153
1650 167
1651 152
1652 146
1653 164
1654 172
1655 136
1656 153
1657 135
1658 192
1659 164
1660 227
1661 157
1662 113
1663 174
1664 200
1665 208
1666 109
1667 193
1668 174
1669 194
1670 170
1671 140
1672 213
1673 167
1674 167
1675 160
1676 203
1677 169
1678 197
1679 133
1680 142
1681 178
1682 177
1683 95
1684 201
1685 161
1686 170
1687 214
1688 135
1689 176
1690 58
1691 174
1692 142
1693 230
1694 184
1695 218
1696 150
1697 118
1698 87
1699 142
1700 173
1701 151
1702 191
1703 199
1704 175
1705 212
1706 188
1707 197
1708 128
1709 168
1710 160
1711 210
1712 180
1713 126
1714 190
1715 150
1716 202
1717 207
1718 213
1719 196
1720 202
1721 153
1722 210
1723 151
1724 227
1725 140
1726 179
1727 164
1728 195
1729 146
1730 159
1731 188
1732 246
1733 199
1734 163
1735 153
1736 178
1737 221
1738 185
1739 159
1740 145
1741 110
1742 115
1743 209
1744 225
1745 167
1746 162
1747 209
1748 135
1749 196
1750 180
1751 174
1752 178
1753 225
1754 160
1755 157
1756 146
1757 110
1758 166
1759 170
1760 159
1761 171
1762 151
1763 180
1764 187
1765 167
1766 198
1767 128
1768 196
1769 182
1770 184
1771 223
1772 190
1773 195
1774 174
1775 222
1776 158
1777 198
1778 204
1779 166
1780 169
1781 0
1782 135
1783 169
1784 140
1785 164
1786 171
1787 164
1788 145
1789 197
1790 148
1791 168
1792 187
1793 119
1794 189
1795 189
1796 160
1797 167
1798 199
1799 197
1800 208
1801 161
1802 178
1803 148
1804 181
1805 164
1806 162
1807 96
1808 155
1809 172
1810 119
1811 242
1812 189
1813 119
1814 161
1815 130
1816 239
1817 226
1818 140
1819 155
1820 169
1821 173
1822 199
1823 175
1824 160
1825 122
1826 172
1827 163
1828 168
1829 196
1830 138
1831 215
1832 168
1833 115
1834 148
1835 182
1836 124
1837 139
1838 199
1839 115
1840 154
1841 189
1842 173
1843 219
1844 168
1845 216
1846 157
1847 226
1848 174
1849 189
1850 168
1851 161
1852 147
1853 176
1854 121
1855 132
1856 120
1857 143
1858 280
1859 107
1860 207
1861 140
1862 124
1863 153
1864 163
1865 131
1866 193
1867 184
1868 66
1869 201
1870 121
1871 94
1872 159
1873 216
1874 200
1875 193
1876 247
1877 172
1878 222
1879 183
1880 204
1881 168
1882 78
1883 187
1884 197
1885 112
1886 142
1887 124
1888 177
1889 171
1890 169
1891 137
1892 154
1893 218
1894 160
1895 146
1896 197
1897 215
1898 179
1899 141
1900 177
1901 170
1902 164
1903 110
1904 179
1905 180
1906 167
1907 137
1908 238
1909 122
1910 155
1911 160
1912 143
1913 222
1914 172
1915 111
1916 17
1917 172
1918 149
1919 201
1920 118
1921 146
1922 174
1923 158
1924 251
1925 172
1926 150
1927 184
1928 147
1929 147
1930 163
1931 151
1932 203
1933 153
1934 192
1935 190
1936 76
1937 187
1938 150
1939 152
1940 184
1941 222
1942 156
1943 124
1944 177
1945 255
1946 229
1947 191
1948 162
1949 198
1950 160
1951 208
1952 156
1953 133
1954 216
1955 125
1956 164
1957 134
1958 144
1959 123
1960 145
1961 135
1962 168
1963 247
1964 194
1965 188
1966 188
1967 173
1968 133
1969 221
1970 203
1971 162
1972 131
1973 180
1974 126
1975 120
1976 284
1977 171
1978 170
1979 138
1980 191
1981 242
1982 167
1983 178
1984 165
1985 171
1986 161
1987 218
1988 249
1989 184
1990 178
1991 218
1992 154
1993 171
1994 148
1995 115
1996 105
1997 171
1998 144
1999 180
2000 175
2001 104
2002 210
2003 139
2004 150
2005 138
2006 195
2007 225
2008 208
2009 184
2010 171
2011 134
2012 174
2013 139
2014 231
2015 0
2016 153
2017 199
2018 289
2019 130
2020 207
2021 171
2022 49
2023 162
2024 167
2025 123
2026 106
2027 171
2028 152
2029 226
2030 177
2031 139
2032 161
2033 136
2034 189
2035 162
2036 175
2037 194
2038 180
2039 129
2040 175
2041 135
2042 161
2043 176
2044 189
2045 213
2046 131
2047 187
2048 132
2049 205
2050 153
2051 144
2052 171
2053 138
2054 141
2055 201
2056 96
2057 231
2058 178
2059 168
2060 175
2061 166
2062 172
2063 135
2064 209
2065 125
2066 132
2067 208
2068 204
2069 210
2070 161
2071 201
2072 74
2073 146
2074 256
2075 144
2076 225
2077 182
2078 105
2079 167
2080 180
2081 180
2082 159
2083 151
2084 174
2085 186
2086 202
2087 171
2088 209
2089 185
2090 165
2091 144
2092 224
2093 156
2094 208
2095 188
2096 156
2097 156
2098 140
2099 144
2100 153
2101 176
2102 151
2103 153
2104 116
2105 0
2106 118
2107 163
2108 150
2109 151
2110 123
2111 181
2112 28
2113 195
2114 202
2115 121
2116 137
2117 210
2118 151
2119 0
2120 129
2121 240
2122 137
2123 135
2124 189
2125 165
2126 197
2127 195
2128 150
2129 229
2130 159
2131 150
2132 205
2133 204
2134 180
2135 181
2136 197
2137 202
2138 200
2139 156
2140 175
2141 75
2142 170
2143 179
2144 146
2145 178
2146 151
2147 158
2148 124
2149 156
2150 150
2151 220
2152 212
2153 188
2154 112
2155 258
2156 172
2157 207
2158 156
2159 109
2160 153
2161 216
2162 159
2163 154
2164 141
2165 194
2166 182
2167 119
2168 150
2169 172
2170 133
2171 142
2172 202
2173 170
2174 192
2175 130
2176 210
2177 176
2178 189
2179 195
2180 136
2181 165
2182 151
2183 209
2184 132
2185 163
2186 176
2187 172
2188 182
2189 112
2190 201
2191 127
2192 180
2193 190
2194 173
2195 164
2196 140
2197 164
2198 175
2199 172
2200 266
2201 160
2202 167
2203 243
2204 203
2205 230
2206 164
2207 99
2208 116
2209 155
2210 130
2211 175
2212 164
2213 164
2214 131
2215 147
2216 133
2217 187
2218 141
2219 148
2220 141
2221 170
2222 205
2223 201
2224 110
2225 149
2226 153
2227 173
2228 197
2229 134
2230 160
2231 186
2232 159
2233 162
2234 176
2235 128
2236 146
2237 63
2238 134
2239 178
2240 177
2241 137
2242 181
2243 201
2244 73
2245 157
2246 152
2247 111
2248 180
2249 143
2250 201
2251 193
2252 141
2253 154
2254 0
2255 168
2256 130
2257 185
2258 102
2259 191
2260 63
2261 138
2262 115
2263 253
2264 176
2265 258
2266 184
2267 162
2268 135
2269 144
2270 176
2271 271
2272 138
2273 136
2274 194
2275 138
2276 145
2277 193
2278 221
2279 145
2280 170
2281 223
2282 212
2283 169
2284 175
2285 142
2286 154
2287 165
2288 191
2289 184
2290 110
2291 166
2292 114
2293 114
2294 170
2295 232
2296 179
2297 147
2298 209
2299 119
2300 200
2301 125
2302 138
2303 184
2304 217
2305 190
2306 185
2307 204
2308 164
2309 150
2310 171
2311 194
2312 220
2313 134
2314 166
2315 168
2316 119
2317 131
2318 180
2319 194
2320 165
2321 216
2322 188
2323 0
2324 271
2325 178
2326 177
2327 146
2328 149
2329 136
2330 159
2331 208
2332 154
2333 148
2334 183
2335 246
2336 154
2337 196
2338 207
2339 207
2340 212
2341 0
2342 188
2343 166
2344 179
2345 165
2346 155
2347 178
2348 151
2349 122
2350 168
2351 146
2352 272
2353 124
2354 196
2355 168
2356 156
2357 156
2358 174
2359 128
2360 127
2361 276
2362 114
2363 179
2364 172
2365 189
2366 130
2367 168
2368 80
2369 150
2370 163
2371 157
2372 193
2373 237
2374 145
2375 213
2376 183
2377 217
2378 185
2379 151
2380 233
2381 188
2382 198
2383 245
2384 162
2385 153
2386 323
2387 169
2388 183
2389 157
2390 149
2391 204
2392 216
2393 100
2394 148
2395 167
2396 148
2397 186
2398 123
2399 159
