Vertices: 1400
Edges: 7000
Time: 0,356 ms
Iterations: 6950
Vertex Distance
0 0
1 104
2 161
3 179
4 139
5 151
6 244
7 124
8 158
9 170
10 181
11 191
12 168
13 158
14 157
15 204
16 172
17 172
18 162
19 188
20 164
21 173
22 157
23 150
24 217
25 145
26 171
27 183
28 187
29 245
30 118
31 247
32 152
33 173
34 236
35 181
36 151
37 186
38 205
39 144
40 177
41 187
42 164
43 133
44 164
45 157
46 161
47 167
48 196
49 219
50 203
51 201
52 195
53 121
54 130
55 179
56 177
57 194
58 166
59 159
60 182
61 231
62 160
63 213
64 174
65 177
66 131
67 136
68 180
69 161
70 187
71 187
72 194
73 197
74 125
75 202
76 158
77 142
78 173
79 178
80 207
81 173
82 190
83 206
84 176
85 225
86 169
87 174
88 188
89 186
90 136
91 192
92 185
93 227
94 161
95 152
96 140
97 139
98 198
99 237
100 208
101 220
102 168
103 321
104 80
105 218
106 164
107 154
108 162
109 169
110 183
111 265
112 192
113 180
114 197
115 116
116 137
117 237
118 180
119 145
120 126
121 227
122 188
123 238
124 188
125 156
126 162
127 199
128 177
129 171
130 144
131 228
132 176
133 212
134 241
135 131
136 174
137 177
138 128
139 197
140 146
141 158
142 244
143 168
144 203
145 175
146 156
147 195
148 179
149 269
150 202
151 168
152 276
153 179
154 164
155 151
156 135
157 200
158 184
159 0
160 0
161 146
162 186
163 242
164 90
165 182
166 140
167 232
168 175
169 199
170 155
171 146
172 180
173 212
174 124
175 194
176 114
177 191
178 186
179 83
180 135
181 133
182 143
183 125
184 103
185 181
186 216
187 285
188 110
189 201
190 147
191 228
192 154
193 158
194 118
195 173
196 138
197 148
198 130
199 179
200 198
201 163
202 192
203 215
204 202
205 204
206 217
207 223
208 135
209 151
210 177
211 214
212 152
213 140
214 219
215 188
216 200
217 268
218 188
219 187
220 220
221 154
222 258
223 189
224 156
225 225
226 153
227 108
228 178
229 282
230 145
231 206
232 188
233 176
234 226
235 196
236 225
237 175
238 101
239 160
240 156
241 122
242 228
243 220
244 104
245 205
246 179
247 183
248 252
249 188
250 147
251 140
252 145
253 166
254 167
255 193
256 181
257 153
258 201
259 202
260 193
261 126
262 162
263 166
264 220
265 131
266 156
267 208
268 167
269 192
270 225
271 204
272 184
273 202
274 154
275 166
276 212
277 98
278 177
279 207
280 186
281 123
282 163
283 182
284 197
285 169
286 198
287 162
288 182
289 168
290 157
291 203
292 126
293 171
294 123
295 179
296 220
297 179
298 202
299 173
300 156
301 183
302 193
303 154
304 169
305 21
306 113
307 186
308 179
309 195
310 171
311 141
312 170
313 189
314 161
315 129
316 179
317 206
318 221
319 207
320 174
321 199
322 204
323 181
324 107
325 154
326 125
327 155
328 208
329 163
330 316
331 185
332 109
333 171
334 161
335 142
336 157
337 176
338 195
339 216
340 202
341 154
342 187
343 192
344 169
345 172
346 167
347 0
348 153
349 140
350 184
351 245
352 140
353 218
354 146
355 189
356 203
357 139
358 210
359 174
360 197
361 196
362 140
363 200
364 130
365 0
366 185
367 156
368 192
369 162
370 79
371 175
372 262
373 164
374 235
375 177
376 120
377 165
378 207
379 174
380 182
381 170
382 153
383 232
384 172
385 204
386 154
387 134
388 185
389 127
390 196
391 227
392 161
393 198
394 159
395 144
396 187
397 214
398 182
399 0
400 157
401 146
402 151
403 131
404 184
405 158
406 177
407 125
408 189
409 162
410 205
411 151
412 197
413 163
414 115
415 195
416 137
417 231
418 63
419 248
420 225
421 194
422 223
423 199
424 162
425 158
426 176
427 224
428 188
429 179
430 146
431 144
432 202
433 149
434 186
435 136
436 187
437 196
438 165
439 100
440 189
441 194
442 178
443 148
444 204
445 208
446 180
447 221
448 185
449 184
450 163
451 156
452 175
453 146
454 220
455 191
456 147
457 155
458 197
459 167
460 153
461 220
462 264
463 187
464 176
465 247
466 151
467 169
468 240
469 156
470 182
471 170
472 178
473 139
474 116
475 112
476 230
477 176
478 189
479 266
480 165
481 203
482 239
483 143
484 168
485 172
486 163
487 186
488 148
489 216
490 205
491 259
492 243
493 236
494 230
495 88
496 127
497 183
498 217
499 159
500 201
501 159
502 147
503 162
504 157
505 203
506 163
507 161
508 223
509 192
510 136
511 188
512 209
513 171
514 96
515 155
516 198
517 209
518 162
519 0
520 157
521 169
522 227
523 181
524 136
525 169
526 107
527 153
528 147
529 171
530 126
531 227
532 142
533 199
534 119
535 136
536 261
537 118
538 146
539 186
540 198
541 179
542 147
543 202
544 147
545 188
546 223
547 176
548 179
549 140
550 145
551 187
552 205
553 249
554 158
555 184
556 180
557 196
558 162
559 181
560 173
561 152
562 155
563 189
564 176
565 186
566 222
567 183
568 130
569 116
570 223
571 167
572 189
573 230
574 215
575 136
576 180
577 169
578 162
579 211
580 73
581 241
582 207
583 179
584 194
585 155
586 128
587 167
588 218
589 163
590 186
591 146
592 166
593 195
594 271
595 219
596 127
597 151
598 221
599 196
600 217
601 173
602 0
603 148
604 202
605 186
606 156
607 222
608 132
609 187
610 186
611 270
612 162
613 176
614 106
615 153
616 147
617 195
618 185
619 201
620 229
621 139
622 150
623 95
624 180
625 159
626 236
627 129
628 155
629 149
630 222
631 204
632 184
633 177
634 158
635 167
636 125
637 150
638 149
639 164
640 198
641 120
642 182
643 229
644 158
645 225
646 175
647 121
648 207
649 154
650 130
651 175
652 180
653 196
654 150
655 157
656 141
657 233
658 119
659 202
660 191
661 214
662 184
663 175
664 161
665 150
666 162
667 206
668 184
669 268
670 167
671 171
672 237
673 219
674 230
675 203
676 123
677 178
678 196
679 159
680 177
681 143
682 252
683 177
684 164
685 175
686 180
687 114
688 220
689 130
690 154
691 189
692 259
693 195
694 138
695 222
696 151
697 193
698 207
699 201
700 299
701 202
702 189
703 192
704 147
705 117
706 159
707 195
708 184
709 199
710 213
711 166
712 187
713 183
714 182
715 164
716 167
717 178
718 195
719 164
720 170
721 125
722 275
723 181
724 105
725 141
726 216
727 219
728 174
729 192
730 140
731 198
732 118
733 145
734 168
735 223
736 182
737 173
738 193
739 173
740 233
741 205
742 188
743 158
744 209
745 222
746 201
747 177
748 238
749 253
750 189
751 194
752 131
753 179
754 169
755 223
756 142
757 186
758 88
759 176
760 178
761 276
762 189
763 122
764 215
765 209
766 168
767 189
768 266
769 236
770 145
771 243
772 173
773 164
774 154
775 172
776 204
777 177
778 157
779 157
780 160
781 141
782 203
783 165
784 201
785 177
786 164
787 158
788 171
789 162
790 154
791 149
792 193
793 174
794 112
795 243
796 208
797 158
798 187
799 171
800 199
801 178
802 154
803 133
804 229
805 212
806 137
807 204
808 100
809 232
810 172
811 155
812 149
813 226
814 163
815 161
816 238
817 226
818 216
819 178
820 155
821 161
822 158
823 199
824 218
825 178
826 137
827 168
828 235
829 180
830 158
831 192
832 221
833 229
834 234
835 197
836 185
837 224
838 225
839 148
840 158
841 143
842 196
843 126
844 190
845 155
846 174
847 222
848 152
849 92
850 151
851 157
852 155
853 313
854 189
855 171
856 172
857 237
858 150
859 173
860 143
861 150
862 199
863 167
864 151
865 192
866 182
867 207
868 117
869 140
870 159
871 246
872 205
873 172
874 154
875 237
876 179
877 145
878 200
879 164
880 225
881 122
882 181
883 219
884 144
885 196
886 101
887 114
888 207
889 163
890 224
891 160
892 184
893 157
894 142
895 143
896 249
897 161
898 193
899 157
900 169
901 162
902 166
903 130
904 94
905 186
906 105
907 196
908 140
909 157
910 180
911 204
912 176
913 178
914 146
915 109
916 185
917 186
918 171
919 137
920 184
921 156
922 143
923 146
924 217
925 169
926 113
927 199
928 196
929 171
930 210
931 179
932 147
933 134
934 218
935 192
936 156
937 202
938 158
939 153
940 112
941 187
942 151
943 161
944 149
945 151
946 156
947 110
948 200
949 171
950 148
951 155
952 177
953 187
954 271
955 168
956 150
957 274
958 176
959 164
960 171
961 177
962 159
963 241
964 219
965 158
966 236
967 227
968 183
969 77
970 216
971 116
972 154
973 135
974 123
975 166
976 155
977 72
978 206
979 137
980 224
981 181
982 181
983 193
984 211
985 185
986 154
987 126
988 201
989 138
990 135
991 196
992 158
993 152
994 200
995 205
996 143
997 170
998 255
999 179
1000 199
1001 127
1002 149
1003 179
1004 209
1005 161
1006 159
1007 205
1008 170
1009 239
1010 175
1011 176
1012 172
1013 161
1014 198
1015 194
1016 180
1017 174
1018 187
1019 161
1020 181
1021 150
1022 222
1023 161
1024 178
1025 173
1026 164
1027 198
1028 165
1029 202
1030 167
1031 176
1032 245
1033 204
1034 94
1035 167
1036 195
1037 165
1038 222
1039 172
1040 151
1041 170
1042 154
1043 163
1044 193
1045 223
1046 121
1047 175
1048 223
1049 119
1050 173
1051 212
1052 263
1053 183
1054 151
1055 167
1056 202
1057 170
1058 152
1059 100
1060 145
1061 157
1062 148
1063 138
1064 196
1065 185
1066 94
1067 261
1068 127
1069 162
1070 170
1071 201
1072 172
1073 190
1074 188
1075 194
1076 176
1077 151
1078 187
1079 202
1080 146
1081 188
1082 187
1083 100
1084 189
1085 135
1086 179
1087 146
1088 184
1089 166
1090 191
1091 103
1092 168
1093 174
1094 172
1095 135
1096 192
1097 137
1098 154
1099 173
1100 123
1101 141
1102 179
1103 172
1104 165
1105 167
1106 168
1107 233
1108 136
1109 173
1110 84
1111 199
1112 151
1113 164
1114 197
1115 151
1116 225
1117 169
1118 176
1119 148
1120 163
1121 179
1122 165
1123 236
1124 149
1125 265
1126 160
1127 194
1128 158
1129 147
1130 227
1131 201
1132 182
1133 199
1134 233
1135 149
1136 91
1137 177
1138 151
1139 215
1140 298
1141 158
1142 177
1143 279
1144 112
1145 111
1146 230
1147 194
1148 171
1149 180
1150 170
1151 197
1152 193
1153 141
1154 146
1155 215
1156 238
1157 212
1158 142
1159 161
1160 168
1161 198
1162 174
1163 114
1164 78
1165 82
1166 149
1167 181
1168 136
1169 233
1170 179
1171 177
1172 207
1173 159
1174 219
1175 255
1176 206
1177 157
1178 183
1179 182
1180 146
1181 164
1182 164
1183 208
1184 140
1185 217
1186 114
1187 164
1188 157
1189 154
1190 187
1191 197
1192 144
1193 199
1194 72
1195 159
1196 180
1197 173
1198 185
1199 131
1200 197
1201 162
1202 174
1203 172
1204 224
1205 259
1206 205
1207 214
1208 207
1209 130
1210 210
1211 211
1212 177
1213 234
1214 164
1215 227
1216 269
1217 249
1218 0
1219 137
1220 179
1221 232
1222 177
1223 160
1224 149
1225 158
1226 154
1227 168
1228 205
1229 192
1230 148
1231 229
1232 195
1233 246
1234 178
1235 170
1236 232
1237 186
1238 141
1239 224
1240 152
1241 145
1242 283
1243 192
1244 152
1245 165
1246 231
1247 235
1248 130
1249 158
1250 156
1251 219
1252 137
1253 231
1254 181
1255 180
1256 164
1257 187
1258 151
1259 204
1260 211
1261 240
1262 163
1263 188
1264 161
1265 230
1266 164
1267 217
1268 174
1269 199
1270 143
1271 183
1272 230
1273 194
1274 97
1275 160
1276 158
1277 173
1278 205
1279 223
1280 200
1281 207
1282 183
1283 270
1284 252
1285 177
1286 160
1287 182
1288 123
1289 151
1290 184
1291 209
1292 144
1293 246
1294 207
1295 176
1296 199
1297 220
1298 145
1299 206
1300 218
1301 185
1302 231
1303 185
1304 150
1305 169
1306 212
1307 94
1308 239
1309 177
1310 220
1311 152
1312 184
1313 197
1314 170
1315 181
1316 159
1317 174
1318 191
1319 188
1320 198
1321 216
1322 218
1323 191
1324 174
1325 233
1326 211
1327 207
1328 169
1329 164
1330 97
1331 139
1332 159
1333 109
1334 194
1335 153
1336 185
1337 167
1338 172
1339 184
1340 146
1341 167
1342 158
1343 198
1344 149
1345 168
1346 93
1347 136
1348 227
1349 255
1350 166
1351 152
1352 160
1353 220
1354 171
1355 128
1356 203
1357 176
1358 197
1359 211
1360 215
1361 201
1362 216
1363 152
1364 190
1365 163
1366 135
1367 180
1368 213
1369 185
1370 117
1371 224
1372 173
1373 146
1374 215
1375 157
1376 181
1377 166
1378 141
1379 206
1380 129
1381 207
1382 134
1383 0
1384 228
1385 218
1386 136
1387 197
1388 165
1389 152
1390 201
1391 183
1392 133
1393 176
1394 229
1395 90
1396 158
1397 224
1398 93
1399 141
