Vertices: 1500
Edges: 7500
Time: 0,349 ms
Iterations: 7436
Vertex Distance
0 0
1 138
2 151
3 113
4 171
5 174
6 149
7 154
8 166
9 189
10 119
11 112
12 131
13 150
14 116
15 115
16 192
17 118
18 92
19 110
20 120
21 161
22 122
23 159
24 193
25 146
26 143
27 128
28 132
29 152
30 143
31 161
32 143
33 178
34 166
35 153
36 160
37 81
38 154
39 74
40 189
41 150
42 138
43 176
44 146
45 135
46 126
47 167
48 121
49 136
50 135
51 187
52 117
53 130
54 155
55 146
56 125
57 138
58 68
59 140
60 130
61 122
62 126
63 72
64 132
65 144
66 143
67 151
68 166
69 0
70 240
71 149
72 104
73 213
74 131
75 92
76 121
77 142
78 130
79 44
80 138
81 123
82 151
83 100
84 141
85 89
86 99
87 136
88 122
89 97
90 142
91 125
92 113
93 123
94 195
95 153
96 143
97 128
98 122
99 134
100 137
101 185
102 170
103 156
104 186
105 124
106 126
107 121
108 132
109 180
110 102
111 114
112 124
113 95
114 181
115 60
116 142
117 163
118 158
119 180
120 130
121 172
122 141
123 146
124 88
125 99
126 176
127 139
128 205
129 117
130 184
131 151
132 217
133 212
134 199
135 171
136 115
137 146
138 139
139 140
140 160
141 181
142 127
143 129
144 116
145 131
146 166
147 104
148 152
149 159
150 192
151 164
152 163
153 106
154 144
155 169
156 169
157 178
158 166
159 195
160 91
161 132
162 137
163 159
164 89
165 161
166 121
167 154
168 157
169 113
170 125
171 143
172 137
173 159
174 145
175 166
176 106
177 175
178 143
179 196
180 0
181 101
182 132
183 140
184 180
185 92
186 131
187 179
188 115
189 158
190 162
191 114
192 56
193 137
194 157
195 161
196 207
197 176
198 135
199 136
200 87
201 122
202 107
203 160
204 0
205 172
206 119
207 120
208 182
209 154
210 169
211 114
212 165
213 131
214 113
215 107
216 112
217 81
218 99
219 186
220 139
221 140
222 171
223 137
224 116
225 150
226 186
227 152
228 140
229 131
230 114
231 184
232 97
233 154
234 230
235 109
236 142
237 103
238 143
239 155
240 92
241 126
242 143
243 230
244 163
245 17
246 158
247 230
248 0
249 235
250 75
251 63
252 154
253 230
254 149
255 127
256 178
257 117
258 127
259 166
260 123
261 195
262 130
263 160
264 93
265 143
266 171
267 118
268 56
269 197
270 89
271 115
272 101
273 112
274 164
275 156
276 108
277 116
278 177
279 208
280 126
281 163
282 153
283 226
284 166
285 55
286 163
287 200
288 106
289 153
290 74
291 129
292 177
293 99
294 227
295 141
296 170
297 194
298 115
299 134
300 139
301 164
302 130
303 99
304 169
305 233
306 120
307 138
308 96
309 114
310 145
311 137
312 177
313 104
314 106
315 106
316 129
317 165
318 239
319 53
320 150
321 121
322 178
323 140
324 166
325 149
326 128
327 107
328 128
329 206
330 158
331 105
332 163
333 126
334 82
335 138
336 161
337 98
338 109
339 118
340 150
341 154
342 207
343 120
344 165
345 142
346 121
347 106
348 154
349 117
350 157
351 134
352 131
353 139
354 150
355 223
356 143
357 111
358 182
359 211
360 111
361 135
362 130
363 159
364 143
365 154
366 108
367 168
368 124
369 173
370 154
371 130
372 92
373 128
374 206
375 169
376 166
377 179
378 173
379 156
380 172
381 145
382 104
383 70
384 167
385 134
386 148
387 127
388 82
389 130
390 161
391 83
392 117
393 191
394 112
395 139
396 133
397 169
398 194
399 111
400 130
401 186
402 181
403 134
404 120
405 125
406 198
407 180
408 141
409 161
410 111
411 136
412 110
413 164
414 154
415 144
416 149
417 0
418 157
419 128
420 112
421 135
422 113
423 184
424 118
425 113
426 114
427 146
428 201
429 157
430 142
431 147
432 68
433 201
434 141
435 129
436 163
437 212
438 173
439 132
440 188
441 116
442 118
443 70
444 149
445 165
446 150
447 143
448 168
449 126
450 103
451 143
452 125
453 89
454 207
455 150
456 77
457 157
458 145
459 100
460 126
461 161
462 174
463 175
464 176
465 187
466 86
467 145
468 127
469 63
470 120
471 202
472 203
473 128
474 179
475 175
476 136
477 150
478 150
479 149
480 132
481 129
482 167
483 172
484 163
485 183
486 0
487 200
488 160
489 150
490 113
491 163
492 183
493 94
494 116
495 109
496 146
497 132
498 152
499 159
500 140
501 86
502 61
503 139
504 141
505 148
506 114
507 148
508 180
509 203
510 208
511 139
512 164
513 185
514 164
515 204
516 110
517 176
518 143
519 193
520 147
521 143
522 115
523 141
524 157
525 120
526 127
527 136
528 163
529 138
530 129
531 64
532 134
533 185
534 121
535 219
536 139
537 126
538 136
539 123
540 164
541 125
542 110
543 141
544 165
545 181
546 133
547 142
548 179
549 162
550 146
551 151
552 177
553 172
554 148
555 157
556 130
557 135
558 185
559 166
560 69
561 95
562 100
563 116
564 53
565 185
566 132
567 136
568 166
569 127
570 138
571 134
572 116
573 136
574 163
575 137
576 162
577 124
578 127
579 202
580 146
581 134
582 152
583 134
584 117
585 139
586 159
587 131
588 129
589 169
590 228
591 185
592 194
593 96
594 163
595 183
596 120
597 155
598 180
599 143
600 154
601 129
602 127
603 156
604 129
605 174
606 152
607 134
608 120
609 166
610 91
611 129
612 197
613 125
614 211
615 109
616 33
617 86
618 167
619 132
620 219
621 136
622 90
623 104
624 133
625 119
626 149
627 138
628 145
629 147
630 119
631 170
632 84
633 113
634 136
635 127
636 186
637 133
638 130
639 151
640 130
641 177
642 253
643 152
644 95
645 97
646 133
647 133
648 152
649 152
650 84
651 98
652 107
653 144
654 219
655 217
656 182
657 229
658 175
659 198
660 100
661 143
662 148
663 103
664 159
665 193
666 221
667 127
668 213
669 168
670 153
671 149
672 172
673 158
674 111
675 181
676 188
677 107
678 190
679 134
680 151
681 214
682 175
683 70
684 85
685 136
686 172
687 38
688 89
689 149
690 132
691 144
692 176
693 137
694 138
695 176
696 158
697 83
698 156
699 131
700 173
701 122
702 147
703 107
704 134
705 155
706 170
707 140
708 98
709 199
710 131
711 154
712 149
713 146
714 134
715 124
716 158
717 185
718 145
719 116
720 83
721 125
722 194
723 108
724 140
725 183
726 127
727 117
728 146
729 131
730 187
731 139
732 158
733 112
734 120
735 181
736 113
737 120
738 101
739 109
740 169
741 131
742 107
743 185
744 167
745 54
746 149
747 147
748 197
749 194
750 153
751 210
752 184
753 158
754 110
755 149
756 121
757 147
758 135
759 92
760 108
761 75
762 150
763 164
764 160
765 133
766 151
767 231
768 101
769 126
770 187
771 168
772 139
773 91
774 118
775 101
776 200
777 160
778 174
779 99
780 120
781 146
782 159
783 216
784 166
785 158
786 179
787 124
788 133
789 84
790 70
791 160
792 89
793 297
794 137
795 144
796 71
797 135
798 142
799 198
800 100
801 179
802 140
803 125
804 119
805 129
806 133
807 170
808 137
809 163
810 121
811 154
812 164
813 117
814 126
815 100
816 185
817 205
818 156
819 154
820 143
821 129
822 175
823 131
824 149
825 105
826 119
827 135
828 148
829 171
830 119
831 140
832 157
833 133
834 213
835 100
836 178
837 158
838 169
839 176
840 100
841 204
842 156
843 78
844 94
845 159
846 168
847 170
848 107
849 168
850 190
851 86
852 155
853 162
854 128
855 128
856 183
857 101
858 132
859 98
860 111
861 147
862 191
863 209
864 141
865 200
866 150
867 168
868 152
869 153
870 198
871 158
872 113
873 204
874 89
875 151
876 112
877 124
878 124
879 156
880 153
881 143
882 263
883 80
884 129
885 122
886 91
887 119
888 118
889 136
890 168
891 119
892 106
893 101
894 158
895 133
896 131
897 145
898 146
899 112
900 117
901 185
902 155
903 140
904 108
905 87
906 149
907 152
908 131
909 112
910 136
911 148
912 153
913 187
914 115
915 129
916 193
917 144
918 108
919 165
920 180
921 132
922 131
923 111
924 109
925 158
926 131
927 138
928 177
929 160
930 121
931 110
932 170
933 149
934 119
935 108
936 169
937 172
938 122
939 126
940 113
941 85
942 176
943 86
944 158
945 90
946 151
947 112
948 121
949 155
950 163
951 158
952 163
953 202
954 120
955 121
956 156
957 125
958 77
959 101
960 145
961 106
962 77
963 169
964 155
965 102
966 158
967 81
968 104
969 167
970 165
971 137
972 114
973 190
974 160
975 123
976 0
977 134
978 134
979 152
980 142
981 148
982 78
983 87
984 222
985 102
986 167
987 119
988 119
989 96
990 145
991 126
992 156
993 200
994 104
995 141
996 185
997 128
998 133
999 156
1000 15
1001 173
1002 113
1003 140
1004 142
1005 165
1006 142
1007 146
1008 205
1009 0
1010 129
1011 164
1012 117
1013 178
1014 141
1015 119
1016 169
1017 56
1018 134
1019 148
1020 124
1021 153
1022 113
1023 164
1024 145
1025 157
1026 165
1027 208
1028 72
1029 190
1030 117
1031 165
1032 172
1033 144
1034 180
1035 171
1036 145
1037 251
1038 131
1039 110
1040 217
1041 157
1042 127
1043 131
1044 161
1045 253
1046 111
1047 131
1048 150
1049 73
1050 82
1051 112
1052 147
1053 97
1054 120
1055 180
1056 213
1057 170
1058 145
1059 162
1060 118
1061 147
1062 121
1063 127
1064 149
1065 187
1066 180
1067 145
1068 167
1069 113
1070 121
1071 127
1072 147
1073 96
1074 133
1075 189
1076 139
1077 158
1078 172
1079 189
1080 129
1081 61
1082 146
1083 156
1084 131
1085 203
1086 100
1087 180
1088 142
1089 104
1090 163
1091 142
1092 111
1093 117
1094 129
1095 144
1096 142
1097 163
1098 147
1099 179
1100 193
1101 156
1102 88
1103 119
1104 188
1105 149
1106 138
1107 128
1108 91
1109 123
1110 142
1111 156
1112 156
1113 134
1114 119
1115 132
1116 86
1117 159
1118 182
1119 146
1120 192
1121 176
1122 99
1123 151
1124 112
1125 151
1126 159
1127 165
1128 151
1129 105
1130 139
1131 46
1132 134
1133 153
1134 114
1135 129
1136 147
1137 153
1138 78
1139 110
1140 148
1141 138
1142 121
1143 121
1144 165
1145 121
1146 152
1147 159
1148 189
1149 142
1150 99
1151 120
1152 148
1153 127
1154 108
1155 117
1156 111
1157 134
1158 96
1159 191
1160 203
1161 150
1162 137
1163 139
1164 149
1165 203
1166 164
1167 167
1168 131
1169 157
1170 198
1171 0
1172 149
1173 130
1174 126
1175 110
1176 107
1177 181
1178 178
1179 169
1180 96
1181 188
1182 146
1183 176
1184 130
1185 127
1186 160
1187 135
1188 161
1189 181
1190 138
1191 140
1192 187
1193 133
1194 108
1195 128
1196 147
1197 182
1198 174
1199 155
1200 244
1201 129
1202 138
1203 174
1204 188
1205 152
1206 217
1207 132
1208 122
1209 159
1210 133
1211 137
1212 117
1213 108
1214 121
1215 147
1216 151
1217 92
1218 148
1219 143
1220 177
1221 159
1222 107
1223 118
1224 113
1225 163
1226 157
1227 155
1228 105
1229 165
1230 37
1231 184
1232 199
1233 154
1234 174
1235 127
1236 173
1237 108
1238 87
1239 37
1240 140
1241 174
1242 157
1243 102
1244 140
1245 137
1246 122
1247 168
1248 54
1249 158
1250 96
1251 148
1252 171
1253 144
1254 175
1255 185
1256 153
1257 89
1258 116
1259 145
1260 125
1261 120
1262 102
1263 101
1264 145
1265 207
1266 147
1267 125
1268 198
1269 143
1270 100
1271 0
1272 153
1273 151
1274 142
1275 97
1276 161
1277 97
1278 138
1279 104
1280 43
1281 94
1282 151
1283 113
1284 102
1285 148
1286 153
1287 144
1288 146
1289 170
1290 145
1291 124
1292 115
1293 104
1294 132
1295 126
1296 185
1297 178
1298 171
1299 165
1300 141
1301 104
1302 142
1303 106
1304 180
1305 179
1306 155
1307 165
1308 125
1309 92
1310 120
1311 189
1312 152
1313 165
1314 121
1315 78
1316 126
1317 164
1318 162
1319 180
1320 143
1321 142
1322 170
1323 161
1324 164
1325 137
1326 125
1327 145
1328 157
1329 158
1330 119
1331 122
1332 81
1333 242
1334 149
1335 110
1336 152
1337 125
1338 165
1339 163
1340 92
1341 165
1342 194
1343 144
1344 90
1345 126
1346 139
1347 200
1348 222
1349 135
1350 144
1351 104
1352 103
1353 83
1354 132
1355 58
1356 63
1357 187
1358 164
1359 114
1360 156
1361 172
1362 92
1363 160
1364 134
1365 110
1366 108
1367 247
1368 169
1369 189
1370 222
1371 135
1372 158
1373 175
1374 139
1375 191
1376 201
1377 132
1378 165
1379 128
1380 125
1381 167
1382 185
1383 108
1384 142
1385 71
1386 188
1387 126
1388 140
1389 161
1390 169
1391 177
1392 120
1393 137
1394 113
1395 145
1396 119
1397 121
1398 154
1399 245
1400 192
1401 158
1402 168
1403 174
1404 150
1405 105
1406 154
1407 145
1408 154
1409 200
1410 215
1411 164
1412 91
1413 118
1414 151
1415 91
1416 142
1417 115
1418 167
1419 140
1420 137
1421 153
1422 124
1423 200
1424 149
1425 76
1426 138
1427 141
1428 109
1429 193
1430 115
1431 162
1432 98
1433 117
1434 119
1435 114
1436 134
1437 117
1438 155
1439 162
1440 140
1441 161
1442 103
1443 115
1444 123
1445 116
1446 143
1447 138
1448 96
1449 157
1450 92
1451 135
1452 107
1453 253
1454 152
1455 82
1456 161
1457 176
1458 170
1459 99
1460 170
1461 96
1462 146
1463 153
1464 155
1465 171
1466 95
1467 128
1468 95
1469 167
1470 183
1471 141
1472 163
1473 116
1474 177
1475 161
1476 47
1477 194
1478 196
1479 166
1480 134
1481 162
1482 199
1483 133
1484 171
1485 198
1486 152
1487 229
1488 182
1489 113
1490 158
1491 133
1492 170
1493 182
1494 136
1495 127
1496 123
1497 62
1498 150
1499 145
